0.01571 0.02450 0.00294
0.01395 0.02286 0.00695
0.01399 0.02632 0.01262
0.01372 0.02632 0.00690
0.02466 0.02741 0.01614
0.01320 0.03016 0.00974
0.01723 0.02194 0.00760
0.01324 0.02241 0.00694
0.01337 0.02530 0.00226
0.01489 0.02354 0.00471
0.01202 0.02088 0.00141
0.01442 0.02581 0.00207
0.02451 0.02448 0.00772
0.01326 0.02908 0.00151
0.01647 0.02396 0.00252
0.01236 0.02381 0.00260
0.01427 0.03196 0.00933
0.01376 0.02577 0.02056
0.01234 0.02097 0.00214
0.01661 0.03342 0.00589
0.01231 0.02924 0.00230
0.01389 0.03526 0.00647
0.01943 0.02160 0.01896
0.01517 0.02330 0.00271
0.01383 0.03086 0.01370
0.01354 0.02634 0.00197
0.01447 0.02313 0.00820
0.01432 0.02600 0.01452
0.01381 0.02547 0.00656
0.02418 0.02650 0.00729
0.01554 0.03491 0.01162
0.01425 0.02308 0.02041
0.01293 0.02033 0.01081
0.01405 0.02904 0.01202
0.01397 0.02441 0.01040
0.01344 0.02430 0.01141
0.01429 0.02512 0.00720
0.01484 0.02800 0.00651
0.01313 0.02720 0.00213
0.01566 0.02763 0.00461
0.01308 0.02819 0.00183
0.01753 0.03349 0.00871
0.02037 0.02604 0.01062
0.01372 0.02629 0.00793
0.01000 0.01535 0.00749
0.01554 0.02625 0.00709
0.01395 0.02695 0.01330
0.01680 0.02175 0.01898
0.01333 0.02134 0.00121
0.01508 0.02889 0.01987
0.01374 0.02888 0.01163
0.01268 0.02358 0.00240
0.01383 0.02887 0.01902
0.01338 0.02634 0.00178
0.02139 0.02616 0.00673
0.01339 0.02419 0.00168
0.02159 0.02610 0.00106
0.02176 0.02656 0.01524
0.01319 0.02437 0.00180
0.01774 0.02916 0.00191
0.02066 0.02576 0.00318
0.01529 0.03280 0.01519
0.02054 0.02860 0.01852
0.01415 0.02237 0.00118
0.01530 0.02322 0.00115
0.01492 0.02431 0.00318
0.01399 0.03002 0.00236
0.01333 0.02560 0.00941
0.01331 0.02597 0.00580
0.02019 0.03002 0.00750
0.01539 0.02524 0.00577
0.02612 0.02528 0.01145
0.01360 0.02356 0.01050
0.01340 0.03299 0.00330
0.01611 0.02736 0.01812
0.01318 0.02166 0.00753
0.02127 0.02684 0.00196
0.01274 0.02214 0.01443
0.01341 0.02662 0.00233
0.01212 0.03059 0.01033
0.01247 0.03072 0.00215
0.01641 0.02366 0.01122
0.01775 0.02581 0.00331
0.01333 0.02533 0.00800
0.02029 0.02466 0.01935
0.01299 0.02427 0.00166
0.01416 0.03372 0.00676
0.01402 0.02495 0.00607
0.01795 0.02621 0.01770
0.01184 0.01764 0.00087
0.01418 0.02214 0.00069
0.01605 0.03320 0.00144
0.02407 0.02410 0.01033
0.01363 0.02521 0.01392
0.01546 0.02452 0.00975
0.01245 0.02604 0.00615
0.01368 0.02532 0.00340
0.01193 0.02704 0.00816
0.02177 0.02573 0.00762
0.01420 0.02592 0.01028
0.02063 0.02067 0.00820
0.01339 0.02297 0.00873
0.01290 0.02075 0.00618
0.01395 0.03325 0.00553
0.03088 0.02757 0.02161
0.01375 0.02614 0.00523
0.02217 0.03465 0.00122
0.01365 0.02724 0.00314
0.01383 0.02990 0.00137
0.01761 0.02182 0.00891
0.01366 0.02430 0.01009
0.01246 0.02305 0.00935
0.02161 0.02630 0.00857
0.01533 0.02924 0.00601
0.01342 0.02134 0.00183
0.01312 0.03091 0.01773
0.02369 0.02413 0.00138
0.01601 0.03022 0.00242
0.01259 0.02284 0.00148
0.01404 0.03076 0.01708
0.01351 0.02473 0.00844
0.01486 0.02301 0.00728
0.01514 0.02570 0.00364
0.01489 0.02981 0.01465
0.01404 0.02977 0.00991
0.02112 0.02877 0.01577
0.01227 0.02117 0.00907
0.01382 0.02576 0.01254
0.01206 0.02071 0.00996
0.01316 0.02201 0.00158
0.01187 0.02436 0.01150
0.01330 0.02263 0.00953
0.01543 0.03095 0.01104
0.01479 0.02325 0.00070
0.01369 0.02988 0.00695
0.02214 0.02115 0.01912
0.01310 0.02924 0.00227
0.01428 0.03241 0.00344
0.01369 0.02662 0.00269
0.01212 0.02036 0.01793
0.01360 0.03344 0.00850
0.01345 0.02680 0.01150
0.01413 0.02459 0.01449
0.01354 0.03016 0.00139
0.01495 0.02904 0.00187
0.01470 0.02443 0.00208
0.01533 0.02899 0.00841
0.01386 0.02677 0.01312
0.01621 0.02746 0.00271
0.01419 0.02700 0.01453
0.01412 0.02540 0.01889
0.01328 0.02457 0.01557
0.01653 0.02606 0.00760
0.02090 0.02867 0.00072
0.01318 0.02696 0.00187
0.01281 0.01989 0.01862
0.01310 0.02555 0.00156
0.01429 0.02771 0.01875
0.01406 0.02887 0.00487
0.01325 0.02233 0.00241
0.01527 0.03361 0.01625
0.01353 0.02590 0.00749
0.01391 0.03042 0.01106
0.01280 0.02411 0.01931
0.01352 0.02797 0.01484
0.01276 0.02233 0.01307
0.01425 0.02585 0.00093
0.01394 0.02106 0.00567
0.01575 0.02605 0.00444
0.02175 0.02230 0.00302
0.01509 0.02559 0.00908
0.01417 0.02460 0.00097
0.01340 0.02908 0.00793
0.01369 0.03467 0.00271
0.01336 0.02962 0.00733
0.01415 0.02759 0.00698
0.01314 0.02978 0.01888
0.01444 0.02588 0.00277
0.01375 0.02697 0.01282
0.01609 0.02639 0.01523
0.01428 0.02675 0.02118
0.01302 0.02465 0.00896
0.01225 0.02236 0.01717
0.01379 0.02589 0.01985
0.01446 0.02355 0.02163
0.01284 0.02247 0.00178
0.01399 0.02675 0.00893
0.01717 0.02499 0.00153
0.01664 0.02853 0.00618
0.01329 0.02588 0.00793
0.01291 0.02713 0.00761
0.01338 0.02552 0.00573
0.01316 0.02837 0.00634
0.01326 0.02213 0.01317
0.01370 0.02524 0.01999
0.01456 0.02676 0.00747
0.02110 0.02496 0.01951
0.01152 0.02587 0.00247
0.01589 0.01873 0.01044
0.01399 0.03670 0.01008
