2842 3137 10.28570 0.02001 0.34530 1.14329 156 15 17 141 106
2793 5444 11.06247 2.94905 0.66598 1.69535 111 0 1 91 59
488 3515 10.56562 0.10188 0.39960 0.80064 49 6 4 41 36
4170 6469 10.78194 2.76833 1.15524 2.23353 48 0 0 44 24
2933 3138 10.81961 0.01709 0.21887 1.01336 167 23 17 161 128
4272 4406 10.77024 0.01125 0.68238 0.65252 45 0 0 41 33
551 7156 11.19273 2.95583 7.09964 5.14620 17 0 0 8 8
1601 6029 10.07730 3.06250 0.77879 2.97467 77 0 0 75 45
209 7367 11.82651 2.89787 0.15411 1.72147 117 5 26 108 61
439 7210 11.56698 3.10076 1.43455 0.93920 97 0 0 91 75
4271 4336 11.27196 0.01407 0.62584 0.76208 50 0 2 48 34
4271 4404 11.27196 0.01407 0.61250 0.85821 49 0 1 43 34
7429 7507 11.25316 0.01296 0.34026 0.79377 76 6 14 76 53
3084 5477 11.92975 3.13191 10.34284 179.44680 85 0 2 50 55
3060 5475 10.45492 3.13401 10.25365 179.56524 91 4 0 60 53
1592 6076 10.40920 3.10919 0.81638 1.43749 13 0 0 9 9
1178 4083 11.90730 0.02889 0.52546 0.88116 76 0 1 74 66
4133 6514 11.38160 nan 0.95338 2.16844 16 0 0 14 8
4271 4799 11.27196 0.01407 0.61096 0.80697 41 2 2 39 31
1510 6184 11.88497 3.09254 0.91589 4.05714 33 1 0 16 6
2205 2324 10.08808 0.02070 0.59892 0.72954 134 0 0 121 86
2407 5445 10.50813 2.96571 0.73671 1.84631 115 0 0 101 70
3939 6708 10.79658 3.10509 0.94618 2.22844 55 0 0 55 23
2202 2410 11.49669 0.02420 0.57310 0.38765 82 1 0 68 59
3040 5444 11.06605 2.94908 0.69318 1.71441 121 1 2 112 68
2203 3079 11.05481 0.02316 12.89599 1.32854 85 0 0 63 59
578 7147 11.25232 3.00914 0.94658 1.43368 18 0 0 18 11
2202 2791 11.49669 0.02420 13.20099 1.38706 63 0 0 48 38
2862 5475 10.45492 3.13401 0.49807 1.98564 94 7 2 87 49
358 7263 11.77573 2.96327 0.88477 1.77365 58 0 0 52 30
4273 4387 10.24980 0.00372 0.63595 0.60652 61 0 0 59 48
1004 6771 10.15407 2.98035 0.59529 1.76569 156 1 2 151 113
3167 5431 11.70679 2.71250 0.42892 1.13056 31 2 3 29 20
4336 5015 11.47663 0.01429 0.62438 1.57768 43 3 2 21 20
7428 7543 11.74928 0.01419 13.84101 0.81421 50 0 1 19 24
1536 6135 11.88065 2.34077 0.55434 1.28573 28 1 0 28 15
3727 6968 11.09867 3.00185 1.38452 2.74923 46 0 0 42 23
512 7197 11.98086 3.08385 21.51914 39.71761 12 0 0 1 3
2499 5444 11.06247 2.94905 0.71254 1.81316 115 1 3 111 69
3928 6692 10.25243 3.02006 1.15959 2.13826 67 0 0 63 33
560 3547 10.47178 0.22423 0.42117 0.63858 63 1 3 59 46
2187 5501 10.39527 3.09895 0.86926 1.43313 14 0 0 14 6
2465 5444 11.06247 2.94905 0.73649 1.75814 131 1 1 113 84
523 7191 11.64097 3.05963 8.20678 175.30364 20 0 0 17 14
319 7265 10.69860 3.00779 0.90888 1.85583 108 0 0 102 49
893 6882 11.14054 3.13706 1.20098 2.92637 39 0 0 39 21
1756 5849 11.36020 3.05658 1.18726 1.01876 138 0 0 121 86
1624 6036 10.41035 3.11029 0.84402 2.41638 68 10 1 62 41
4828 5015 11.47663 0.01429 0.39665 1.00249 43 1 2 24 21
989 6753 10.83691 2.29045 0.57311 1.55771 164 0 4 154 111
2497 3139 11.38663 0.01475 0.16251 1.33060 107 7 7 77 72
2202 2625 11.49669 0.02420 0.69771 0.44057 90 0 0 86 61
3052 5476 11.20570 3.13283 10.40181 179.50822 81 2 0 48 46
1910 5725 11.26101 3.04343 0.65525 0.76770 78 0 3 69 40
4371 5015 11.47663 0.01429 0.75852 1.37059 40 0 6 30 21
2048 5614 10.43174 3.08955 0.79667 1.43094 16 0 0 14 5
3774 6916 10.48370 3.11127 2.48404 4.20757 22 0 0 19 8
4796 5014 10.97741 0.01408 0.39855 0.86411 50 0 8 48 32
4272 4947 10.77116 0.01120 0.64422 0.68300 55 0 1 49 44
1672 5936 11.79301 3.09894 0.74563 0.68756 85 0 1 74 42
113 169 10.75039 0.04458 0.21566 0.55813 105 7 9 87 71
3694 7003 11.88168 3.00898 0.66697 1.31581 24 0 1 20 16
2576 5444 11.06247 2.94905 0.75128 1.85076 120 0 1 109 68
3643 7039 10.52697 3.08488 1.31525 0.76923 53 0 0 41 32
2465 3140 11.98752 0.01419 0.32464 0.98118 92 4 10 74 58
2205 2292 10.08808 0.02070 0.54371 0.55249 116 1 1 107 82
7432 7535 10.50319 0.01566 0.53740 0.91043 83 0 0 74 59
1625 6000 10.45692 2.91145 1.13345 0.80746 89 0 0 83 40
2258 3137 10.28178 0.02095 0.27003 1.19877 147 11 13 137 86
2484 5477 11.93388 3.13196 10.21388 179.44751 89 0 0 73 63
351 7245 10.01021 3.08236 1.09627 1.11206 82 0 0 75 59
2411 5476 11.20983 3.13290 10.33192 179.50822 67 0 0 38 38
4663 5013 10.22837 0.01310 0.25082 0.74336 57 2 3 47 44
2802 3140 11.98752 0.01419 0.25972 0.86003 103 6 8 101 65
2924 5477 11.92975 3.13191 10.67261 179.44680 75 1 2 43 49
11 142 11.75631 0.02808 1.24164 0.27124 43 0 0 43 32
3720 6970 10.88772 3.09206 1.33428 2.48112 29 0 0 25 12
5210 5338 10.98272 0.01316 0.65115 0.75017 106 4 7 98 64
1076 6650 10.97739 3.13688 1.29707 2.68977 91 0 0 87 40
3079 5445 10.51161 2.96574 0.57266 1.88138 128 1 2 118 75
508 7199 11.71929 3.09812 1.48557 1.17002 17 0 0 17 11
3681 7003 10.69123 2.95740 0.95880 1.77916 54 0 0 54 34
783 6988 11.37710 3.11473 0.83493 1.91806 50 0 0 46 30
4042 6585 11.03005 3.08358 1.51554 2.27417 27 0 0 22 12
754 7018 11.36990 2.94189 0.65910 2.25533 48 0 0 44 25
7428 7540 11.74909 0.01417 0.44777 0.79770 75 0 4 66 53
724 7047 11.14035 3.02502 1.18577 1.36487 24 0 0 21 14
4788 5015 11.47663 0.01429 0.42845 1.19747 55 2 3 22 30
4702 5015 11.47663 0.01429 0.48028 0.80891 50 3 1 41 33
202 7381 11.42491 2.96388 0.42957 0.72578 103 6 3 101 63
1309 6418 10.46674 3.11723 0.66828 1.91887 31 0 4 20 13
5208 5281 11.98285 0.01307 0.84797 0.75277 81 0 0 79 53
3063 3140 11.99147 0.01379 0.40948 0.88204 97 6 12 90 62
3967 6676 11.19348 3.13718 1.57182 1.85097 31 0 0 27 11
2686 3140 11.98752 0.01419 0.34913 1.36945 78 2 9 48 42
1245 6486 11.55414 3.11703 1.05471 2.71325 9 0 0 7 4
991 6741 11.65740 2.19848 0.74660 1.91397 72 0 0 63 45
2672 5444 11.06247 2.94905 0.73446 1.70663 116 0 1 108 59
2364 3140 11.98752 0.01419 0.35464 0.81853 82 5 8 72 44
3715 6977 11.33154 3.12405 1.17448 2.45607 13 0 0 11 6
541 3544 11.74476 0.15328 0.19283 0.45370 44 10 9 41 35
2309 5476 11.20983 3.13290 10.45647 179.50822 73 0 1 37 40
1558 6076 10.57850 2.90479 0.70753 1.29694 71 0 0 61 38
240 7369 11.45907 2.99942 0.23878 1.94622 87 5 2 81 58
492 7185 10.84931 2.97515 1.37059 1.06753 46 0 0 42 26
4626 5013 10.22837 0.01310 0.33738 1.01645 57 2 6 34 32
5210 5321 10.98272 0.01316 0.59897 0.74756 118 3 6 112 85
4272 4898 10.77126 0.01155 0.56404 0.63304 54 0 0 52 44
3903 6725 11.02109 2.41530 0.80891 1.63183 88 0 0 86 55
646 7099 10.29160 3.05641 1.39413 1.80970 63 0 0 55 17
2550 5477 11.93388 3.13196 10.58807 179.44751 71 0 1 42 51
4110 6516 11.60281 3.13436 1.24429 2.42172 21 0 0 19 10
4337 5014 10.97741 0.01408 0.37810 1.02182 63 7 2 54 49
2924 3139 11.39058 0.01408 0.40465 0.82424 100 4 5 85 57
2417 5445 10.50813 2.96571 0.59584 1.88513 131 0 0 122 71
5297 5390 10.24948 0.12549 0.45993 2.68919 44 3 4 31 20
2887 5445 10.51161 2.96574 0.51532 1.83291 127 1 5 114 71
3127 5434 11.02124 2.75080 0.79365 1.79406 126 1 1 122 80
4139 6509 11.78473 3.13977 1.21135 2.46355 9 0 0 6 5
2608 3138 10.81564 0.01799 0.19304 1.09038 168 28 15 162 140
2893 5444 11.06605 2.94908 0.68601 1.69443 122 2 3 117 68
226 7349 11.76580 2.81838 0.32779 2.26001 89 5 13 77 55
2204 2963 10.55489 0.02191 0.53942 1.02182 93 0 2 86 57
1844 5745 11.13482 3.11698 1.37120 2.41654 120 0 0 115 82
4272 4397 10.77024 0.01125 0.65044 0.66027 38 0 0 36 25
505 3526 11.46548 0.13809 0.53753 1.67538 32 0 3 32 24
2538 5443 11.65748 2.93190 0.66891 1.61882 165 0 3 153 106
81 138 10.75197 0.02425 0.67369 0.28393 75 0 0 68 62
2775 3140 11.98752 0.01419 0.33586 0.84441 98 7 13 94 69
283 7324 11.93102 3.10492 0.58876 0.86683 33 0 1 22 20
2983 3137 10.28570 0.02001 0.30716 1.14671 157 11 10 143 108
2912 5445 10.51161 2.96574 0.77094 1.89630 132 0 0 110 72
2585 5475 10.45907 3.13408 0.41582 1.65847 76 6 6 71 38
4771 5014 10.97741 0.01408 0.39335 0.82424 53 3 3 44 35
2753 3140 11.98752 0.01419 0.36007 0.83743 94 6 11 92 61
3069 3139 11.39058 0.01408 0.12526 0.87223 110 12 6 106 72
3795 6891 10.39161 3.13936 1.48756 2.63032 19 0 0 15 7
2606 3138 10.81564 0.01799 0.22382 1.05053 130 16 9 120 93
2205 2296 10.08808 0.02070 0.57689 0.48939 108 0 1 102 82
2518 5476 11.20983 3.13290 10.25945 179.50822 88 1 2 64 58
2838 3139 11.39058 0.01408 0.21606 1.53417 88 3 3 66 48
469 7197 11.37693 3.01921 1.37734 0.79525 89 0 0 85 63
1549 6089 11.86966 2.65604 0.70351 1.40723 29 0 0 20 8
2413 3139 11.38663 0.01475 0.27959 0.98118 99 5 12 87 54
2995 5443 11.66109 2.93193 0.70568 1.68656 157 0 4 155 85
4314 5016 11.97357 0.01623 0.40789 1.09932 49 2 3 40 32
2320 5475 10.45907 3.13408 10.19227 179.56524 82 0 1 49 46
1764 5841 11.13486 2.96792 0.94228 1.16802 96 0 0 90 51
2679 5476 11.20983 3.13290 10.55477 179.50822 63 2 2 28 37
1796 5848 10.09604 2.89143 0.48137 1.39578 62 3 2 52 22
4273 4945 10.25074 0.00397 0.58755 0.17914 42 1 2 40 33
1301 6427 10.28609 3.13133 1.07299 2.10970 58 0 0 51 31
1574 6132 11.51661 3.10593 0.19187 1.50194 29 1 2 27 14
1227 6504 11.53815 3.13066 1.46240 3.04350 23 0 0 21 7
2581 3140 11.98752 0.01419 0.34652 0.89394 82 3 13 67 38
540 7160 10.24544 2.98576 1.16221 2.48002 35 0 0 35 23
1411 6304 11.56737 3.12720 1.44195 0.77430 93 0 0 89 56
501 3498 11.11976 0.08551 0.41017 0.55178 53 6 10 53 35
620 3581 11.28906 0.07274 8.33016 16.57352 49 0 0 46 43
5209 5283 11.48280 0.01318 0.68419 0.78235 93 0 2 89 65
784 6987 11.25326 3.11819 1.18756 2.06203 44 0 0 40 34
4125 6520 10.30305 3.13556 1.31960 2.73695 20 0 0 13 7
2358 5475 10.45907 3.13408 0.43358 1.65564 87 5 3 81 53
2960 5476 11.20570 3.13283 10.27195 179.50822 79 0 2 54 54
3744 6935 11.81514 3.09863 1.04471 2.51684 15 0 0 15 9
874 3798 11.74607 0.00900 0.24736 0.36904 11 0 1 8 6
1940 5712 11.26322 2.93346 0.30324 0.98437 101 0 2 93 43
2203 2398 11.05882 0.02282 0.50610 0.38359 97 0 0 72 59
3911 6769 10.46197 3.00565 0.56940 2.22211 55 0 3 52 34
4038 6590 10.08498 3.08922 1.23491 2.37751 88 0 0 78 32
276 7299 11.83290 3.02287 1.10674 1.27962 54 0 0 44 29
1815 5772 10.03213 2.50966 0.75097 1.26176 64 0 0 55 29
4270 4413 11.99992 0.00666 0.50254 0.25023 48 5 7 37 34
1862 5730 10.24143 3.10016 1.04188 0.64831 83 0 0 70 38
4867 5014 10.97741 0.01408 0.61763 1.12917 50 3 0 28 26
2296 5477 11.93388 3.13196 0.40042 1.91704 57 4 2 51 31
906 3806 10.50705 0.01391 0.26012 0.62745 99 3 12 87 71
1948 5705 10.09054 2.99415 0.25646 0.96672 86 1 6 84 41
4460 5013 10.22837 0.01310 0.27204 0.83650 62 3 3 50 42
4144 6485 11.09883 3.11521 1.37949 4.43323 10 0 0 4 2
2996 3137 10.28570 0.02001 0.31459 1.15012 139 7 12 129 97
3097 5477 11.92781 3.13194 10.49948 179.44822 80 1 0 44 49
225 7378 11.46465 2.84751 0.65977 2.02835 110 0 1 101 44
203 7373 11.71085 2.95922 0.33580 0.94626 87 0 7 87 55
59 142 11.75631 0.02808 1.22279 0.59413 31 0 0 31 25
2404 3140 11.98752 0.01419 0.16121 1.11943 96 6 13 91 54
731 3650 11.19763 0.10998 0.33782 0.80649 82 2 25 78 59
1525 6197 11.76704 3.04467 1.13635 3.05287 18 0 1 16 9
2897 5476 11.20570 3.13283 10.41289 179.50822 82 2 0 54 62
1255 4142 10.98816 0.03537 0.44271 1.30686 26 1 1 22 16
880 6896 11.54188 3.13452 11.52201 179.59652 7 0 0 3 3
4270 4856 11.99992 0.00666 0.50637 0.31404 43 2 9 41 28
203 7375 11.46351 2.96016 0.40443 0.65968 88 8 15 86 43
3622 7063 10.09100 3.03184 1.23938 1.74697 32 0 0 25 21
2202 2529 11.49669 0.02420 13.54286 1.38706 96 0 0 54 61
3128 5468 11.34349 3.13102 0.53917 2.22493 88 4 2 84 58
4893 5016 11.97652 0.01461 0.61582 1.31641 41 1 1 36 29
4271 4720 11.27196 0.01407 0.69742 0.77025 28 0 0 26 20
863 3787 10.49507 0.01264 0.20428 0.72954 62 4 9 62 51
2888 3137 10.28570 0.02001 0.26327 1.14808 158 16 15 147 112
