0.32650 0.06796
0.15392 0.06072
0.15337 0.05987
0.36467 0.07056
0.01268 0.00664
0.02044 0.01014
0.28676 0.08606
0.15254 0.05597
0.15338 0.06008
0.16302 0.05212
0.15742 0.06154
0.35330 0.06951
0.09892 0.05627
0.13371 0.05420
0.00938 0.00537
0.01784 0.00717
0.15837 0.05548
0.01585 0.00688
0.15858 0.05269
0.01278 0.00632
0.13922 0.06969
0.34622 0.07201
0.38163 0.06733
0.16018 0.05970
0.12454 0.07606
0.01481 0.00619
0.01616 0.00635
0.01680 0.00674
0.01450 0.00926
0.13532 0.06795
0.09794 0.04158
0.01066 0.00657
0.21742 0.11378
0.16070 0.05478
0.01354 0.00599
0.01727 0.00616
0.16366 0.06377
0.00949 0.00561
0.01191 0.00732
0.15457 0.05412
0.16124 0.06403
0.01629 0.00673
0.22837 0.06869
0.15767 0.06252
0.01351 0.00628
0.28157 0.08277
0.01485 0.00675
0.14413 0.07570
0.01752 0.00651
0.01545 0.00870
0.01916 0.00765
0.03840 0.02248
0.14755 0.05834
0.01313 0.00587
0.00985 0.00573
0.23144 0.06719
0.21908 0.08686
0.27586 0.09376
0.06688 0.02908
0.17014 0.05600
0.15959 0.06239
0.01385 0.00692
0.16860 0.06161
0.12746 0.07171
0.02173 0.00934
0.33216 0.07317
0.05420 0.00907
0.24605 0.07424
0.10978 0.06343
0.15766 0.06267
0.15893 0.05999
0.01664 0.00635
0.00927 0.00600
0.01123 0.00642
0.01169 0.00612
0.34643 0.06920
0.01035 0.00591
0.01519 0.00681
0.25110 0.06265
0.22234 0.06769
0.15511 0.06219
0.01292 0.00609
0.01027 0.00638
0.16136 0.06253
0.09088 0.05726
0.23785 0.08357
0.02795 0.01188
0.30119 0.11733
0.13129 0.07446
0.14167 0.05223
0.15742 0.06298
0.13434 0.07625
0.01451 0.00776
0.01348 0.00842
0.01939 0.00659
0.03275 0.00846
0.01113 0.00536
0.33543 0.07288
0.14416 0.05388
0.15393 0.05774
0.22663 0.06767
0.01352 0.00619
0.23611 0.06828
0.01196 0.00826
0.15542 0.05374
0.12558 0.04919
0.02241 0.00762
0.16723 0.05326
0.01355 0.00886
0.01537 0.00706
0.18957 0.06542
0.01602 0.00658
0.01070 0.00820
0.26576 0.06287
0.01181 0.00596
0.15645 0.06002
0.17956 0.04872
0.19104 0.08793
0.01443 0.00772
0.15115 0.05798
0.10382 0.03872
0.15938 0.05341
0.13943 0.07701
0.23101 0.06901
0.27750 0.06108
0.36576 0.06915
0.35223 0.07417
0.15835 0.06026
0.02091 0.00942
0.37114 0.07005
0.22546 0.06943
0.01864 0.00731
0.15389 0.05937
0.03961 0.02058
0.02870 0.01189
0.02098 0.00919
0.36138 0.07128
0.01401 0.00660
0.15701 0.06196
0.02171 0.01580
0.21032 0.08181
0.22655 0.06739
0.01159 0.00847
0.01153 0.00826
0.09215 0.05655
0.09819 0.05488
0.01227 0.00588
0.20248 0.05976
0.12837 0.05545
0.16196 0.06274
0.26098 0.06105
0.01304 0.00949
0.15473 0.05364
0.22709 0.06967
0.01045 0.00592
0.01610 0.00706
0.01583 0.00702
0.04981 0.01713
0.01120 0.00836
0.33274 0.14093
0.01322 0.00782
0.02278 0.00870
0.01667 0.00715
0.03500 0.01243
0.15925 0.06115
0.19648 0.10722
0.21684 0.06506
0.01482 0.00692
0.06808 0.03737
0.25772 0.07498
0.02467 0.01164
0.15148 0.05887
0.01212 0.00708
0.01301 0.00673
0.23343 0.07269
0.01043 0.00572
0.14888 0.07876
0.01218 0.00798
0.12455 0.07292
0.01900 0.00830
0.01061 0.00603
0.15914 0.06087
0.28917 0.08474
0.01552 0.00620
0.24207 0.06951
0.15852 0.05352
0.15856 0.05322
0.02155 0.00739
0.01790 0.00687
0.01807 0.00738
0.01737 0.00621
0.01813 0.00700
0.02054 0.00922
0.16802 0.05902
0.15492 0.06000
0.01976 0.00750
0.35507 0.06994
0.01783 0.01211
0.15812 0.06358
0.01398 0.00562
