578 5020 11.43621 3.12303 1.24443 1.02679 24 1 0 22 12
136 5376 11.92129 3.12279 0.77056 1.95885 14 0 3 8 6
92 159 10.90026 0.22630 5.69907 6.29108 29 0 0 26 23
788 3842 10.74027 3.10179 1.56934 2.65785 29 2 0 24 7
3639 4606 10.30963 0.03521 0.41979 1.05053 84 41 15 78 45
644 4962 10.71149 3.05329 1.05067 1.81121 48 0 2 46 11
243 1953 11.63800 0.24712 0.60139 0.56023 118 49 29 115 91
3712 4655 11.93130 0.31879 0.39833 0.22900 30 17 6 24 16
2004 5259 11.67707 2.98746 1.32022 2.35169 22 5 2 6 10
2145 5124 10.08740 2.92687 1.28764 1.04493 52 0 1 43 27
1550 3198 11.41989 0.02848 0.80663 0.90352 52 10 11 50 26
2533 4712 11.80353 3.12994 1.42253 2.20265 75 0 0 69 45
833 2494 10.30965 0.05381 0.39657 0.20174 95 56 17 88 69
1007 2700 10.46347 0.00817 0.44979 0.38967 85 42 12 82 61
615 4004 10.56244 3.14075 1.70678 1.53366 37 0 0 27 12
1661 3312 11.31256 0.10250 0.30214 1.13194 57 45 5 55 41
403 2100 11.47804 0.09983 0.57377 0.73061 40 16 10 34 20
1534 3208 11.67620 0.03358 0.12334 0.34830 78 56 18 78 41
589 2288 10.95919 0.02587 0.19655 0.67493 87 49 14 81 65
550 5029 10.41016 3.09732 1.00716 2.19160 28 0 1 25 9
842 3783 11.93545 3.09398 1.61029 1.38310 26 0 0 18 5
2390 4890 11.60265 3.13811 1.14225 2.48711 10 0 0 8 4
743 4861 10.88555 3.13681 2.64423 1.74046 21 7 1 17 10
2261 4049 11.76058 3.13964 1.84463 1.12744 30 0 0 26 8
3813 4777 10.23002 0.03804 0.25369 0.18557 79 52 12 77 51
654 4922 10.28362 2.40536 1.91756 2.34735 112 0 0 112 58
582 2262 11.35520 0.02476 0.67909 0.71764 69 12 13 55 37
446 5121 10.31008 2.89163 1.18887 0.70053 29 0 0 27 14
2044 5244 10.66355 3.06308 0.89136 1.83781 64 2 14 43 33
1946 5329 11.74434 2.73203 0.94005 1.29483 43 1 4 41 16
976 2666 10.07307 0.03653 0.49309 0.32264 54 30 14 45 32
2489 4763 11.74640 3.07237 1.49035 1.73596 28 0 0 26 14
2104 5181 10.10429 3.05098 1.06820 1.10394 21 5 2 12 10
895 3724 11.70746 3.12927 1.17474 2.70834 31 0 0 23 18
438 2153 11.04805 0.07786 1.29558 1.25461 36 2 2 30 18
1000 2693 10.87926 0.02734 0.69229 0.84023 55 12 4 49 36
2282 4025 11.86480 3.13588 2.07668 1.57446 110 0 0 86 42
560 2244 10.34940 0.03513 0.52081 0.66558 66 37 14 55 42
675 3936 10.04436 2.55379 1.47053 1.26114 18 0 0 13 9
709 2368 10.67656 0.21330 0.50782 0.52786 38 20 2 38 27
2515 4752 11.43473 3.11735 0.61813 1.52058 18 2 1 13 8
3708 4652 11.12419 0.34071 0.34860 1.27288 31 22 6 31 18
356 2078 11.90709 0.05991 0.59655 0.62055 23 6 4 17 10
569 5026 10.00868 3.08333 1.99206 1.53085 17 0 0 15 5
674 2373 11.86279 0.45703 0.53170 0.76719 32 13 3 26 22
678 3930 11.71887 2.60869 1.12472 1.38225 16 0 0 13 8
2382 3936 10.91116 3.11171 0.96536 2.09163 32 4 6 23 9
925 2581 11.68842 0.04156 0.93398 1.45589 24 7 1 14 4
2572 4686 10.71264 3.08337 0.73175 1.84356 8 1 0 3 4
97 5378 11.99398 3.12519 6.51967 6.75436 36 0 0 34 22
1947 5320 11.05873 2.74457 1.39207 1.71372 45 0 0 41 20
610 4970 11.35571 3.12428 0.98308 1.95525 33 0 0 29 18
2340 3950 11.63911 2.28591 1.14503 2.07264 74 0 0 72 39
4168 5099 11.64545 0.61028 0.42942 1.47830 51 7 2 51 24
4058 5007 10.84930 0.01445 0.23867 0.41496 64 37 12 60 38
2174 5107 10.02640 3.08997 0.87024 1.69073 55 7 4 53 21
544 4094 10.20710 3.12869 1.41095 3.44003 25 0 0 21 9
437 5144 11.77698 3.00304 0.60128 1.76879 32 6 9 26 19
2493 4778 11.12138 3.11368 1.44834 1.78114 46 1 2 32 14
2427 3891 11.61145 3.12966 0.76593 1.97873 60 7 3 51 21
2355 3931 11.53232 2.54781 1.51642 1.14944 22 0 0 17 11
650 3998 11.78803 2.91330 1.10102 2.02565 19 1 0 8 6
1680 3388 11.48121 0.97328 0.77167 1.92620 136 12 22 136 73
841 3785 11.07551 3.09259 1.12694 1.40973 21 0 0 17 9
2172 5113 11.52031 3.11062 0.87581 0.71546 51 4 8 46 25
2250 4062 11.78848 3.13045 1.34239 1.83291 18 0 0 16 9
2526 3783 10.31615 3.13565 1.04220 3.43239 20 5 0 14 14
778 2458 10.79463 0.02716 0.37615 0.20936 43 22 9 35 24
3596 4535 10.11508 0.09803 0.34094 1.25928 91 43 16 83 44
429 5150 10.65522 3.00195 0.98678 1.13952 52 1 1 44 31
2182 5092 11.76291 3.12019 0.95966 2.17835 32 1 0 27 16
2076 5190 11.97962 3.03250 1.44569 1.38677 11 0 0 9 5
4171 5108 11.75264 0.77976 0.59431 1.75145 76 5 5 74 45
2416 3900 10.24818 3.13990 1.26295 1.90701 24 1 0 17 7
3596 4561 10.82686 0.02832 0.72102 1.61374 110 29 18 102 52
663 4948 11.21786 2.65241 1.74868 3.44651 27 3 2 16 7
196 5351 11.16528 3.07223 1.18942 1.55821 44 13 2 42 17
1638 3280 11.84708 0.02932 0.65106 0.26688 63 20 29 63 37
2234 4100 10.59321 3.11914 0.91366 3.92625 21 4 1 16 11
3714 4658 11.05753 0.25151 0.25686 0.62620 53 38 8 49 36
1453 3101 10.51488 0.01896 0.33437 0.24066 33 17 7 27 13
613 4006 10.80174 3.13620 1.57400 1.41000 33 0 1 22 13
459 2172 10.93767 0.20373 0.47318 0.59610 76 40 8 74 55
674 3972 10.94729 2.84530 0.74699 1.89795 48 16 4 36 24
587 2287 11.72779 0.02617 0.46473 0.62870 78 22 19 78 57
206 1926 11.39087 0.56721 1.02483 0.76464 158 31 51 158 91
3876 4847 11.90419 0.00792 0.78410 0.38664 81 8 9 77 56
940 4629 11.60252 2.19801 0.61977 1.19550 108 54 16 104 54
531 2236 10.44393 0.01136 0.22362 0.46478 41 23 7 34 20
2332 4928 10.44883 2.51728 1.68752 2.00701 103 1 0 85 42
617 2316 10.64289 0.00780 0.89172 0.45024 41 4 0 32 21
4128 5070 11.75155 0.05453 0.36538 1.01799 28 10 12 21 17
4115 5059 11.25828 0.00781 0.27935 0.47478 28 16 4 22 15
2490 3826 10.80704 3.12297 0.53598 1.94098 36 11 3 30 13
687 2341 11.94929 0.71080 0.24849 1.15080 72 39 10 62 53
2070 5218 10.22833 3.08474 0.94370 1.31045 40 7 1 34 20
942 4632 11.85576 2.23617 0.39607 0.89569 106 43 14 98 61
461 4174 11.06802 2.00171 0.91728 2.07471 75 0 21 69 31
4071 5039 11.58759 0.05218 0.56249 0.61739 37 22 6 35 29
697 4909 11.46042 3.11627 0.46333 2.58861 10 4 2 7 5
592 4028 10.66870 3.12096 1.92139 1.76724 90 0 0 88 48
1553 3201 11.06317 0.02811 0.52506 0.51358 79 32 23 79 50
4153 5107 11.61201 0.35407 0.28348 0.61929 56 42 10 50 33
566 5013 10.95632 3.09711 1.64496 1.25648 44 0 0 40 25
677 2374 11.17772 0.39846 0.40171 0.69323 51 26 13 49 31
2430 4847 10.06805 3.12970 0.47974 1.80233 106 35 22 94 49
1021 2697 10.74601 0.00637 0.64520 0.75796 76 16 12 64 39
762 4843 10.68134 3.12868 0.99215 1.86109 115 32 6 111 35
697 3948 11.22365 3.10169 0.99395 1.39493 22 0 1 14 8
347 2069 10.25467 0.05346 0.36604 0.37949 40 21 10 35 19
639 2343 11.23128 0.59822 0.64144 1.17437 100 20 17 98 57
2577 3702 11.56777 2.89834 1.01711 1.33119 24 0 0 21 9
757 2420 10.30308 0.00808 0.42425 0.36369 110 56 38 106 60
761 4824 11.60918 3.12781 3.02983 2.93918 100 1 6 80 52
310 2037 11.00547 0.08125 0.28163 0.64285 45 12 8 35 25
1431 3074 11.13807 0.30732 0.42141 1.30925 34 15 3 30 19
905 4667 10.86729 3.05894 1.39473 2.74238 18 1 1 9 6
137 5378 11.90650 3.09767 0.77591 0.85180 40 3 1 37 24
4047 4996 11.62425 0.02259 0.54460 1.26671 119 82 20 113 80
2135 5132 10.26642 3.00705 1.27798 0.66323 80 0 0 72 36
2277 4031 11.83600 3.13328 1.68530 1.89713 53 0 0 44 28
468 4159 11.03084 2.53441 1.17918 1.07847 92 3 3 86 28
1480 3131 11.43637 0.03320 0.42300 0.40154 109 51 38 105 62
2214 4103 10.80985 3.08739 1.84285 3.44594 32 0 0 24 10
4160 5108 10.66491 0.48043 0.45037 1.02029 59 36 2 54 42
3718 4684 10.02011 0.03842 0.30874 0.72253 62 36 13 58 36
634 4945 11.14350 2.87061 1.32842 2.66565 25 1 3 17 11
788 4816 10.05842 3.11728 0.26585 2.63686 53 18 21 43 20
8 159 10.90026 0.22630 5.42396 6.07986 33 0 0 25 21
486 5098 10.34994 3.03570 0.65764 2.01829 69 23 16 53 23
2177 5097 11.62230 3.06622 1.18555 2.09293 39 2 0 33 15
494 4157 11.60848 2.97025 0.67023 1.65469 45 8 4 41 21
2357 4893 10.46996 2.60736 0.72293 2.18803 14 3 1 9 8
1613 3255 11.98887 0.02737 0.28879 0.70554 87 36 24 80 34
734 3888 11.81277 3.12974 0.76064 1.56623 38 3 1 30 12
257 5284 11.46593 2.95364 1.53686 0.49019 35 0 0 26 15
692 2349 10.51250 0.52118 0.46347 1.23701 59 18 12 52 46
2563 3720 11.41264 3.13139 0.91003 2.44392 29 1 2 25 10
824 3804 11.44454 3.07048 1.20879 2.26157 33 0 0 27 13
2182 4176 10.18623 2.29928 0.64924 2.43655 70 24 3 65 22
3705 4674 11.76040 0.23167 0.60071 1.09504 30 17 5 30 20
2195 4152 11.36919 3.03954 0.76014 1.81100 30 8 3 26 11
940 4638 10.44231 2.35295 0.70371 1.48833 78 38 14 76 32
634 3981 11.78940 2.81591 1.33486 2.61209 39 0 0 33 14
1 161 11.92404 0.22584 6.04089 7.34094 25 0 0 13 8
1457 3136 11.46753 0.06903 0.72477 0.96955 65 16 5 59 39
2541 3748 10.85111 3.07535 1.32942 0.94998 43 0 0 38 28
906 4666 10.64531 3.03913 1.60985 3.20699 15 0 0 11 7
1626 3269 10.47484 0.02782 0.73018 0.48859 73 21 21 69 45
2422 4856 10.96830 3.13239 0.76167 1.66554 49 2 11 37 20
153 5375 11.47355 2.95406 0.49954 0.78981 42 15 3 42 24
670 2369 11.19629 0.49906 0.27829 1.05536 69 39 6 69 54
3733 4679 10.39465 0.03934 0.31672 0.50046 57 39 12 57 31
1396 3081 11.00135 0.55455 0.66619 0.54393 60 24 15 51 32
3958 4939 10.66157 0.69696 0.58207 0.46981 120 20 46 118 77
2529 3762 10.92583 3.09764 1.40977 2.24123 88 0 0 86 60
796 4809 11.59035 3.10642 0.56905 2.00662 26 10 2 20 12
461 4184 11.81846 1.68117 0.67818 2.24210 61 4 10 61 26
541 2226 11.49723 0.02005 0.41455 0.40830 33 20 9 28 20
802 4802 10.86504 3.10626 0.14334 1.28329 47 24 9 40 12
700 3945 11.49248 3.11606 0.72301 1.81596 16 2 0 14 9
3652 4597 10.41791 0.03204 0.52864 1.69996 85 70 4 79 46
1295 2970 11.17072 0.01139 0.51265 0.43611 69 40 16 57 41
179 5351 10.79003 3.06699 0.86764 1.69904 40 7 1 26 14
1054 2731 11.99553 0.00913 0.58148 0.67086 53 17 9 46 29
3658 4603 10.67150 0.02717 0.54747 0.96955 84 34 10 78 59
400 2118 10.44191 0.16050 0.54569 0.31528 60 35 15 55 35
2347 4944 11.84810 2.67898 1.48843 2.04392 24 1 2 12 8
2308 4957 11.53459 3.08270 1.56212 2.20158 68 16 5 55 18
1053 2731 10.83645 0.01043 0.32639 0.57130 81 49 14 77 46
887 3752 10.21932 3.08382 0.67928 1.92661 60 15 4 41 37
1477 3128 11.03882 0.01932 0.48229 0.53082 79 16 14 70 40
313 5258 10.32121 3.10810 22.32260 178.08092 14 0 1 0 3
3677 4623 10.12217 0.15192 0.25072 1.06165 132 59 13 128 86
2572 4687 11.84642 3.08366 0.60584 2.00838 11 4 3 7 5
314 2018 10.77043 0.08374 0.35620 0.38461 56 31 7 48 34
817 4786 11.00763 3.09832 0.57317 1.39970 43 14 3 33 16
1949 5317 10.78087 2.75912 0.90835 1.73416 52 0 0 50 26
1389 3031 11.51288 0.55584 0.47150 0.86185 168 41 27 168 122
5426 5536 10.62562 0.00675 0.46808 0.34492 84 39 13 71 56
723 3920 11.65564 3.13268 0.74773 2.17331 40 4 1 36 12
1285 2934 11.92193 0.01450 0.48052 0.53082 89 41 13 87 49
600 2277 11.91047 0.01061 0.43994 0.55249 87 28 24 79 55
618 2292 11.68035 0.01462 0.29636 1.10003 46 19 13 42 27
224 1937 11.76984 0.37191 0.54080 0.25334 119 54 52 113 80
270 5294 10.66483 3.11474 0.63780 1.43040 31 3 6 26 15
944 3672 11.28042 2.26879 0.70031 1.29785 117 52 23 104 43
656 4955 11.70043 2.78651 0.65045 2.46514 29 3 5 23 7
667 4904 11.18733 2.38016 0.62167 1.78180 27 1 0 23 14
2438 3861 11.49946 3.13012 4.14811 3.01012 91 0 0 71 28
2043 5246 11.85717 3.05463 0.74757 1.42848 49 2 0 36 30
409 2105 11.49739 0.10281 0.59049 0.84950 49 11 10 49 31
684 2338 11.82251 0.76163 0.20714 0.85272 57 34 9 38 32
1993 5270 11.50930 2.92640 1.63579 1.91070 27 0 0 24 8
1439 3119 11.31318 0.05056 0.57637 0.69605 19 4 0 9 8
539 4100 11.09622 3.12502 1.85854 5.43314 10 0 0 4 4
2353 4932 10.61107 2.91770 0.65095 1.66366 15 1 1 10 5
677 3969 11.13485 2.89401 0.39069 2.33632 21 2 2 21 15
3651 4621 11.06482 0.03315 0.63179 1.90619 66 21 6 60 23
590 4992 10.14524 3.12284 1.68340 2.76555 77 2 0 59 39
