3313 4624 11.54661 1.93089 14.77028 58.68121 3 0 0 0 1 12 100.00000 0
1834 4412 11.87768 0.00420 9.66042 5.16581 6 0 0 0 2 56 100.00000 0
1917 4492 11.66333 0.08720 2.34660 0.31898 8 0 0 6 5 80 100.00000 0
1953 4527 11.82973 0.05470 2.17421 0.27411 31 0 0 31 12 142 100.00000 0
1775 4398 11.22049 1.59651 2.24589 3.16335 5 0 0 2 1 57 100.00000 0
3320 4631 11.24219 2.03471 26.60199 116.57997 3 0 0 1 0 7 100.00000 0
1847 4441 11.55264 0.03036 11.48132 1.78092 12 0 0 6 6 95 100.00000 0
1855 4432 10.69944 0.01525 11.10675 0.44235 16 0 0 13 9 115 100.00000 0
3313 4625 11.22320 1.91811 7.41690 109.89955 4 0 0 4 2 15 100.00000 0
1962 4536 10.60356 0.03098 2.33049 1.02946 43 0 0 36 22 136 100.00000 0
1932 4508 10.13007 0.06367 10.18651 6.86679 15 0 0 15 10 132 100.00000 0
3320 4620 11.54667 2.16904 2.91673 5.07327 4 0 0 4 4 15 100.00000 0
3331 4631 11.33074 2.44948 22.33153 40.16699 3 0 0 0 1 3 100.00000 0
1960 4551 11.58699 0.02696 2.15115 0.83837 47 0 0 35 25 185 100.00000 0
1821 4418 10.12617 0.03128 11.74033 1.82156 23 0 0 18 14 115 100.00000 0
1864 4457 11.20748 0.01387 7.55693 0.82187 15 0 0 13 8 150 100.00000 0
1955 4530 10.25962 0.03967 2.02324 0.29871 40 0 0 36 14 165 100.00000 0
3318 4631 11.65608 1.98073 24.64109 167.54541 3 0 0 1 2 4 100.00000 0
