578 5020 11.43621 3.12303 0.47960 1.22685 8 3 2 3 3 78 100.00000 0
136 5376 11.92129 3.12279 1.27118 0.72685 13 2 6 9 4 85 100.00000 0
788 3842 10.74027 3.10179 1.36021 2.74794 27 0 3 18 12 303 100.00000 0
3639 4606 10.30963 0.03521 0.33008 1.10110 62 31 9 54 41 481 100.00000 0
644 4962 10.71149 3.05329 0.76084 2.38655 22 0 0 11 7 197 100.00000 0
243 1953 11.63800 0.24712 0.24224 0.75485 43 21 11 43 24 328 100.00000 0
3712 4655 11.93130 0.31879 0.39027 0.88911 15 7 2 10 6 154 100.00000 0
2004 5259 11.67707 2.98746 1.64988 1.19025 19 1 2 3 4 241 100.00000 0
2145 5124 10.08740 2.92687 1.32411 1.13401 14 0 0 12 6 160 100.00000 0
1550 3198 11.41989 0.02848 0.69005 0.62244 67 17 26 67 53 337 100.00000 0
2533 4712 11.80353 3.12994 1.31092 2.22387 25 0 0 22 10 248 100.00000 0
833 2494 10.30965 0.05381 0.49223 0.32506 60 24 20 49 42 317 100.00000 0
1007 2700 10.46347 0.00817 0.51610 0.72578 56 21 5 56 32 277 100.00000 0
403 2100 11.47804 0.09983 0.41934 0.74860 27 13 8 25 17 289 100.00000 0
1534 3208 11.67620 0.03358 0.30591 0.36904 67 39 12 57 38 387 100.00000 0
589 2288 10.95919 0.02587 0.31417 0.52638 38 21 5 31 18 353 100.00000 0
550 5029 10.41016 3.09732 1.29663 3.19145 7 1 0 5 2 109 100.00000 0
842 3783 11.93545 3.09398 0.74079 1.53493 11 2 1 4 5 228 100.00000 0
2390 4890 11.60265 3.13811 1.83602 5.45934 21 3 3 12 9 124 100.00000 0
3813 4777 10.23002 0.03804 0.41433 0.47230 48 26 8 45 31 360 100.00000 0
654 4922 10.28362 2.40536 1.91235 3.00361 53 0 0 47 25 223 100.00000 0
582 2262 11.35520 0.02476 0.49987 0.69830 40 15 9 35 25 298 100.00000 0
446 5121 10.31008 2.89163 1.35820 0.55249 39 0 1 27 16 232 100.00000 0
2044 5244 10.66355 3.06308 1.72546 1.49174 33 3 3 23 11 268 100.00000 0
1946 5329 11.74434 2.73203 0.89212 1.12605 16 1 0 14 7 161 100.00000 0
976 2666 10.07307 0.03653 0.35273 0.28255 23 17 3 21 16 173 100.00000 0
2489 4763 11.74640 3.07237 1.63412 1.75703 29 0 0 29 13 265 100.00000 0
2104 5181 10.10429 3.05098 0.25040 1.07738 8 6 1 6 4 122 100.00000 0
895 3724 11.70746 3.12927 1.47724 3.03138 18 0 0 18 8 196 100.00000 0
438 2153 11.04805 0.07786 0.45650 0.52339 27 11 2 21 15 227 100.00000 0
1000 2693 10.87926 0.02734 0.60916 1.88180 21 7 3 16 13 225 100.00000 0
560 2244 10.34940 0.03513 0.33619 0.77126 36 18 7 27 20 196 100.00000 0
675 3936 10.04436 2.55379 0.92769 1.44130 20 1 1 15 9 185 100.00000 0
709 2368 10.67656 0.21330 0.60527 0.59083 31 12 2 21 13 238 100.00000 0
2515 4752 11.43473 3.11735 0.75003 1.51955 8 0 2 2 3 205 100.00000 0
3708 4652 11.12419 0.34071 0.44445 1.26052 22 18 2 18 14 185 100.00000 0
356 2078 11.90709 0.05991 0.63105 0.17914 41 20 9 39 23 280 100.00000 0
674 2373 11.86279 0.45703 0.66060 0.82992 25 9 2 25 16 216 100.00000 0
678 3930 11.71887 2.60869 1.09449 1.83590 11 0 0 6 5 116 100.00000 0
2382 3936 10.91116 3.11171 0.91500 2.04258 24 0 1 20 9 194 100.00000 0
925 2581 11.68842 0.04156 0.91734 2.67489 14 4 0 7 7 144 100.00000 0
2572 4686 10.71264 3.08337 1.12775 5.22525 7 2 1 3 2 154 100.00000 0
1947 5320 11.05873 2.74457 0.84382 1.78312 27 0 0 22 18 166 100.00000 0
2340 3950 11.63911 2.28591 0.56264 1.81251 35 4 0 35 16 327 100.00000 0
4168 5099 11.64545 0.61028 0.51319 2.12283 25 4 1 25 16 162 100.00000 0
4058 5007 10.84930 0.01445 0.39279 0.45111 41 25 2 33 26 230 100.00000 0
2174 5107 10.02640 3.08997 0.60846 1.61931 19 2 5 17 9 195 100.00000 0
544 4094 10.20710 3.12869 1.81569 3.40559 11 0 0 11 2 113 100.00000 0
437 5144 11.77698 3.00304 1.83243 2.13240 17 0 3 17 6 172 100.00000 0
2493 4778 11.12138 3.11368 1.12824 1.79166 43 0 2 34 13 361 100.00000 0
2427 3891 11.61145 3.12966 0.76095 1.99528 39 10 4 28 16 347 100.00000 0
1680 3388 11.48121 0.97328 0.84827 2.03144 52 8 3 48 26 272 100.00000 0
841 3785 11.07551 3.09259 1.05075 1.33735 23 2 0 13 8 243 100.00000 0
2172 5113 11.52031 3.11062 1.20660 1.20982 20 1 0 17 9 146 100.00000 0
2526 3783 10.31615 3.13565 0.53258 1.78597 12 4 0 10 8 150 100.00000 0
778 2458 10.79463 0.02716 0.53302 0.51586 32 15 7 24 14 351 100.00000 0
3596 4535 10.11508 0.09803 0.15386 1.09754 68 49 16 68 44 312 100.00000 0
429 5150 10.65522 3.00195 0.64487 2.72232 13 3 0 1 4 155 100.00000 0
2182 5092 11.76291 3.12019 1.23326 2.30274 18 0 0 11 10 123 100.00000 0
2076 5190 11.97962 3.03250 0.91946 4.12815 15 1 0 9 9 111 100.00000 0
4171 5108 11.75264 0.77976 0.42856 1.58659 31 7 4 23 14 242 100.00000 0
2416 3900 10.24818 3.13990 0.79429 1.90146 20 0 2 8 7 192 100.00000 0
3596 4561 10.82686 0.02832 0.51644 1.61301 48 18 4 48 22 257 100.00000 0
663 4948 11.21786 2.65241 0.36356 5.20609 17 3 2 4 7 191 100.00000 0
196 5351 11.16528 3.07223 1.19010 1.63853 21 4 1 13 9 109 100.00000 0
1638 3280 11.84708 0.02932 0.69120 0.49575 42 17 5 34 22 213 100.00000 0
2234 4100 10.59321 3.11914 0.51810 7.25934 6 1 0 2 1 108 100.00000 0
3714 4658 11.05753 0.25151 0.22993 0.64468 16 11 2 16 11 167 100.00000 0
613 4006 10.80174 3.13620 1.50966 1.44672 21 0 0 14 6 232 100.00000 0
459 2172 10.93767 0.20373 0.31610 0.60198 40 25 5 32 24 270 100.00000 0
674 3972 10.94729 2.84530 0.80897 3.84522 15 8 0 12 10 102 100.00000 0
587 2287 11.72779 0.02617 0.64610 0.68300 36 7 11 36 18 274 100.00000 0
206 1926 11.39087 0.56721 0.90135 0.82282 64 17 23 53 26 339 100.00000 0
3876 4847 11.90419 0.00792 0.69055 0.55107 78 20 17 72 46 478 100.00000 0
940 4629 11.60252 2.19801 0.75032 1.18300 37 16 5 30 14 259 100.00000 0
531 2236 10.44393 0.01136 0.45125 1.59053 29 13 5 19 19 173 100.00000 0
2332 4928 10.44883 2.51728 0.89367 2.23703 39 4 2 37 15 340 100.00000 0
617 2316 10.64289 0.00780 0.79008 0.62181 26 4 0 23 9 350 100.00000 0
4128 5070 11.75155 0.05453 0.42935 1.12883 10 6 3 8 5 118 100.00000 0
4115 5059 11.25828 0.00781 0.40453 0.47724 14 9 1 14 12 133 100.00000 0
2490 3826 10.80704 3.12297 0.74842 2.00076 23 0 4 15 7 274 100.00000 0
687 2341 11.94929 0.71080 0.49403 1.42051 13 2 3 6 6 142 100.00000 0
2070 5218 10.22833 3.08474 0.72967 1.30866 29 8 3 13 7 344 100.00000 0
942 4632 11.85576 2.23617 0.45797 1.02106 24 9 0 19 13 243 100.00000 0
461 4174 11.06802 2.00171 0.58448 1.36027 34 5 6 32 10 288 100.00000 0
4071 5039 11.58759 0.05218 0.58572 0.60781 15 6 4 13 7 110 100.00000 0
697 4909 11.46042 3.11627 0.57932 1.67491 13 4 1 11 9 159 100.00000 0
592 4028 10.66870 3.12096 1.65829 1.72714 49 0 0 39 17 284 100.00000 0
1553 3201 11.06317 0.02811 0.45337 0.48051 78 34 18 76 51 433 100.00000 0
4153 5107 11.61201 0.35407 0.44802 0.59413 20 9 4 18 11 153 100.00000 0
566 5013 10.95632 3.09711 1.51055 1.15826 17 0 0 14 6 120 100.00000 0
677 2374 11.17772 0.39846 0.58383 0.58684 14 4 3 14 8 165 100.00000 0
2430 4847 10.06805 3.12970 0.57848 1.71189 75 12 15 71 36 513 100.00000 0
1021 2697 10.74601 0.00637 0.47148 0.50202 56 21 12 50 34 264 100.00000 0
762 4843 10.68134 3.12868 0.52452 1.84780 88 14 16 86 41 542 100.00000 0
697 3948 11.22365 3.10169 0.77295 2.45941 11 3 0 9 9 173 100.00000 0
347 2069 10.25467 0.05346 0.38772 0.35827 63 30 5 54 38 414 100.00000 0
639 2343 11.23128 0.59822 0.68253 1.39998 61 16 17 61 44 318 100.00000 0
2577 3702 11.56777 2.89834 0.66044 0.77025 14 2 2 3 6 128 100.00000 0
757 2420 10.30308 0.00808 0.71182 0.52786 68 24 22 62 35 488 100.00000 0
761 4824 11.60918 3.12781 0.87127 2.89800 63 0 6 56 25 434 100.00000 0
310 2037 11.00547 0.08125 0.53335 1.27319 38 12 13 26 18 504 100.00000 0
1431 3074 11.13807 0.30732 0.69711 1.02412 16 3 4 13 6 151 100.00000 0
905 4667 10.86729 3.05894 1.06767 2.79820 12 1 0 7 4 142 100.00000 0
137 5378 11.90650 3.09767 0.82499 1.51749 13 0 1 11 8 126 100.00000 0
4047 4996 11.62425 0.02259 0.34606 1.27718 43 24 10 43 21 298 100.00000 0
2135 5132 10.26642 3.00705 1.12693 0.70443 23 0 0 20 5 201 100.00000 0
2277 4031 11.83600 3.13328 1.76444 2.05138 62 0 0 59 32 325 100.00000 0
468 4159 11.03084 2.53441 1.42026 1.14055 41 0 0 41 16 272 100.00000 0
1480 3131 11.43637 0.03320 0.39862 0.35277 81 46 28 81 53 696 100.00000 0
2214 4103 10.80985 3.08739 1.64167 3.41065 17 0 0 15 5 132 100.00000 0
4160 5108 10.66491 0.48043 0.55945 1.03249 49 23 9 44 28 250 100.00000 0
3718 4684 10.02011 0.03842 0.45241 0.84349 14 6 6 14 11 238 100.00000 0
634 4945 11.14350 2.87061 0.88219 2.62227 23 2 1 21 8 228 100.00000 0
788 4816 10.05842 3.11728 0.94245 2.63656 26 2 0 18 9 304 100.00000 0
486 5098 10.34994 3.03570 1.06792 2.14101 31 4 1 26 12 176 100.00000 0
2177 5097 11.62230 3.06622 1.21643 2.18982 22 0 2 20 8 158 100.00000 0
2357 4893 10.46996 2.60736 1.13474 0.91429 35 0 0 31 23 246 100.00000 0
1613 3255 11.98887 0.02737 0.58476 0.66086 39 9 17 35 26 304 100.00000 0
734 3888 11.81277 3.12974 0.70701 1.49855 27 2 3 23 14 288 100.00000 0
257 5284 11.46593 2.95364 1.57763 0.55036 38 0 0 34 10 286 100.00000 0
692 2349 10.51250 0.52118 0.23571 1.71692 18 6 6 14 11 165 100.00000 0
2563 3720 11.41264 3.13139 1.10567 1.91561 17 1 0 15 7 155 100.00000 0
824 3804 11.44454 3.07048 0.98215 3.32967 24 0 0 6 5 227 100.00000 0
2182 4176 10.18623 2.29928 0.81905 2.37537 31 8 2 27 12 192 100.00000 0
940 4638 10.44231 2.35295 0.84407 1.58140 21 6 5 18 9 195 100.00000 0
634 3981 11.78940 2.81591 1.78532 2.52584 9 0 0 5 3 136 100.00000 0
1457 3136 11.46753 0.06903 0.73396 0.91984 42 12 13 37 15 431 100.00000 0
2541 3748 10.85111 3.07535 1.44697 0.95573 24 0 0 13 12 267 100.00000 0
906 4666 10.64531 3.03913 1.21573 3.14037 15 0 0 10 6 135 100.00000 0
1626 3269 10.47484 0.02782 0.59154 0.49811 54 19 17 46 28 359 100.00000 0
2422 4856 10.96830 3.13239 1.23733 1.68772 21 0 4 13 9 241 100.00000 0
153 5375 11.47355 2.95406 0.44251 1.01182 40 16 3 37 24 152 100.00000 0
670 2369 11.19629 0.49906 0.36245 0.83650 26 11 11 24 20 192 100.00000 0
3733 4679 10.39465 0.03934 0.40958 0.50513 27 16 8 25 14 228 100.00000 0
1396 3081 11.00135 0.55455 0.43197 0.41117 41 12 9 37 17 246 100.00000 0
3958 4939 10.66157 0.69696 0.56453 0.55036 54 12 19 47 18 315 100.00000 0
2529 3762 10.92583 3.09764 1.35430 2.26469 52 0 0 52 34 291 100.00000 0
796 4809 11.59035 3.10642 0.31433 2.24280 24 6 1 13 10 397 100.00000 0
461 4184 11.81846 1.68117 0.74837 1.00483 25 4 0 16 4 207 100.00000 0
541 2226 11.49723 0.02005 0.54501 0.49889 19 9 2 15 16 89 100.00000 0
802 4802 10.86504 3.10626 0.54658 1.92620 20 1 3 6 1 299 100.00000 0
700 3945 11.49248 3.11606 0.60654 2.12872 18 11 0 9 10 198 100.00000 0
3652 4597 10.41791 0.03204 0.61950 1.72692 41 26 9 29 18 379 100.00000 0
1295 2970 11.17072 0.01139 0.40960 0.63551 31 19 8 29 17 322 100.00000 0
179 5351 10.79003 3.06699 0.84965 1.74159 22 1 2 15 6 227 100.00000 0
1054 2731 11.99553 0.00913 0.42700 0.70554 32 12 6 28 19 322 100.00000 0
3658 4603 10.67150 0.02717 0.34709 0.86003 46 31 4 44 32 285 100.00000 0
400 2118 10.44191 0.16050 0.38848 0.42428 31 17 8 23 16 214 100.00000 0
2347 4944 11.84810 2.67898 1.44389 2.25880 13 2 1 13 5 119 100.00000 0
2308 4957 11.53459 3.08270 1.11166 2.12928 58 7 4 58 23 366 100.00000 0
1053 2731 10.83645 0.01043 0.36056 0.63056 60 39 9 54 40 358 100.00000 0
887 3752 10.21932 3.08382 0.46058 1.84483 15 4 1 8 9 184 100.00000 0
1477 3128 11.03882 0.01932 0.54421 0.29475 63 16 10 61 41 635 100.00000 0
313 5258 10.32121 3.10810 0.96902 1.52470 19 1 1 15 13 176 100.00000 0
3677 4623 10.12217 0.15192 0.31972 0.84349 26 14 3 24 16 234 100.00000 0
314 2018 10.77043 0.08374 0.50038 0.93920 46 19 13 41 18 587 100.00000 0
817 4786 11.00763 3.09832 0.44100 1.56373 36 11 6 29 16 343 100.00000 0
1949 5317 10.78087 2.75912 0.88867 1.79820 28 1 0 21 8 171 100.00000 0
1389 3031 11.51288 0.55584 0.35066 0.83463 70 19 15 68 46 359 100.00000 0
5426 5536 10.62562 0.00675 0.54187 0.59347 52 26 3 46 36 537 100.00000 0
723 3920 11.65564 3.13268 1.69117 2.40436 15 4 1 8 5 169 100.00000 0
1285 2934 11.92193 0.01450 0.46787 0.53668 104 50 9 102 67 405 100.00000 0
600 2277 11.91047 0.01061 0.49703 0.73860 43 17 16 39 29 295 100.00000 0
618 2292 11.68035 0.01462 1.22266 3.50722 23 5 3 20 14 342 100.00000 0
224 1937 11.76984 0.37191 0.62968 0.33572 57 24 26 57 36 303 100.00000 0
944 3672 11.28042 2.26879 0.64938 1.38140 24 7 2 17 8 195 100.00000 0
656 4955 11.70043 2.78651 1.87327 2.40566 20 0 10 12 2 176 100.00000 0
667 4904 11.18733 2.38016 0.98771 1.40611 12 1 0 7 8 176 100.00000 0
2438 3861 11.49946 3.13012 1.43532 2.98150 41 1 0 39 18 437 100.00000 0
2043 5246 11.85717 3.05463 0.61293 1.51284 39 4 3 29 20 370 100.00000 0
409 2105 11.49739 0.10281 0.69158 3.06414 24 6 0 17 11 254 100.00000 0
684 2338 11.82251 0.76163 0.18500 1.00405 34 19 10 28 22 202 100.00000 0
2353 4932 10.61107 2.91770 0.21595 2.14503 15 2 3 15 8 151 100.00000 0
677 3969 11.13485 2.89401 0.35981 2.54314 12 1 0 9 6 76 100.00000 0
3651 4621 11.06482 0.03315 0.67774 1.88948 30 6 2 27 16 272 100.00000 0
590 4992 10.14524 3.12284 1.10464 2.23476 75 1 9 69 40 320 100.00000 0
