2000 3419 11.77103 2.29658 0.65529 2.58513 250 20 16 250 120 641 100.00000 0
939 4195 10.75276 0.55559 0.46722 4.51319 256 38 41 254 166 790 100.00000 0
1981 4568 11.29674 0.04255 0.68684 2.38557 166 0 1 163 121 492 100.00000 0
1795 4404 10.92120 0.64557 0.23857 2.17547 220 12 3 220 161 701 100.00000 0
3424 4572 11.36026 1.65936 0.65360 2.14156 245 0 0 243 139 689 100.00000 0
941 4221 11.09795 0.03076 0.30703 1.94017 462 30 37 462 412 1149 100.00000 0
3313 4624 11.54661 1.93089 0.71467 6.28715 102 0 1 100 61 279 100.00000 0
3398 4574 11.66679 2.98580 0.48995 0.33920 391 0 0 388 314 942 100.00000 0
1944 4535 10.67241 0.06258 1.72618 1.59152 241 0 0 232 209 1266 100.00000 0
2013 3414 11.94384 2.91902 0.45673 2.31461 278 15 8 271 147 731 100.00000 0
1004 4265 11.18746 0.01602 0.16406 0.91172 112 22 18 110 85 829 100.00000 0
3411 4586 11.09934 2.30212 0.27580 3.08870 345 9 18 343 205 914 100.00000 0
3360 4601 10.07671 3.12944 0.10329 3.18063 319 94 58 317 248 783 100.00000 0
3316 4625 10.05877 1.99911 0.37234 6.15766 247 0 0 245 116 496 100.00000 0
2015 4579 11.80682 1.34021 0.60739 4.25082 267 2 0 265 170 721 100.00000 0
1036 4277 11.74153 0.79050 0.08174 1.03741 294 44 19 289 242 952 100.00000 0
1025 4274 11.85598 0.18143 0.21361 1.54459 324 40 29 316 251 1090 100.00000 0
3420 4569 11.16863 1.78615 0.68386 0.89438 381 0 0 381 334 984 100.00000 0
3369 4594 10.53298 3.11977 0.43555 3.78341 324 16 11 324 230 957 100.00000 0
1011 4252 10.43428 0.02551 0.12945 1.07847 268 71 42 262 222 1283 100.00000 0
993 4259 11.01126 0.01514 0.22330 0.94502 176 27 15 174 157 1168 100.00000 0
2004 4562 10.60807 0.72206 0.75366 0.65312 208 0 0 206 159 621 100.00000 0
1834 4412 11.87768 0.00420 0.36333 0.29871 281 34 7 281 260 811 100.00000 0
1875 4467 10.31848 0.02322 0.87436 0.72793 210 0 0 206 190 1059 100.00000 0
3313 4629 11.68643 1.86852 0.31928 6.83592 228 0 0 228 132 377 100.00000 0
1034 4260 10.88328 0.64929 0.08099 1.30236 187 35 19 187 154 776 100.00000 0
3335 4630 11.35303 2.62880 0.40009 2.47465 236 28 50 236 158 499 100.00000 0
926 4210 10.75146 0.07148 0.39883 2.11563 505 20 12 499 449 1134 100.00000 0
1910 4502 11.95305 0.07152 1.10511 1.38338 208 0 0 206 183 1070 100.00000 0
1813 4413 10.62826 0.04454 0.28915 1.71349 294 63 11 294 276 832 100.00000 0
980 4250 10.90960 0.01631 0.19981 0.71764 210 28 19 208 169 1403 100.00000 0
909 4184 10.79670 1.93821 0.19278 2.80547 309 12 57 309 162 897 100.00000 0
1976 4547 11.30759 0.01199 1.04622 0.70388 306 0 0 306 290 962 100.00000 0
915 4178 11.78967 1.91361 0.36547 4.41419 494 59 95 492 283 995 100.00000 0
953 4211 10.15524 0.05537 0.44745 2.98347 622 37 33 622 557 1303 100.00000 0
1840 4418 10.72135 0.02521 0.33271 1.44915 355 37 7 355 337 962 100.00000 0
3341 4612 10.69718 3.02119 0.18497 2.57116 191 14 7 189 146 538 100.00000 0
2006 3408 10.52550 2.96467 0.46668 2.42527 323 11 9 319 182 820 100.00000 0
923 4179 11.02409 1.52544 0.45401 4.01317 566 90 79 566 367 1056 100.00000 0
928 4183 10.43089 1.23718 0.32808 3.45785 370 37 25 370 268 799 100.00000 0
3403 4589 10.95719 2.79297 0.13988 3.18801 358 3 16 349 176 937 100.00000 0
2012 3405 11.38195 2.42277 0.35281 2.02681 411 115 45 407 261 1004 100.00000 0
990 4240 11.05713 0.01777 0.12281 1.08570 258 53 18 258 220 1422 100.00000 0
914 4181 10.27047 1.83737 0.54459 3.38761 609 44 122 607 275 1177 100.00000 0
909 4198 11.32270 1.16772 0.21243 2.46815 291 32 72 287 226 751 100.00000 0
1773 4395 10.52059 1.63534 0.55793 3.27525 344 10 5 344 199 842 100.00000 0
909 4185 10.34135 1.88849 0.09867 2.87249 346 18 63 344 203 930 100.00000 0
904 4191 11.88056 1.79913 0.18662 2.59706 205 7 33 205 137 604 100.00000 0
945 4202 10.75995 0.16724 0.71543 3.28062 368 8 12 366 260 1007 100.00000 0
993 4242 11.04556 0.01593 0.06178 0.94956 212 70 18 209 187 1399 100.00000 0
3375 4605 10.08040 3.11669 0.55957 2.47670 279 15 20 279 212 789 100.00000 0
1917 4492 11.66333 0.08720 1.34240 0.51129 166 0 0 166 156 944 100.00000 0
1920 4496 10.29123 0.07388 1.45670 1.09860 222 0 0 222 200 971 100.00000 0
2020 4573 11.91393 1.54531 1.01767 4.84031 149 0 0 147 70 593 100.00000 0
1034 4276 10.97397 0.66361 0.13559 1.46340 317 44 12 315 254 1112 100.00000 0
1999 3415 11.39773 2.44775 0.36161 2.59767 287 29 14 285 153 602 100.00000 0
1775 4398 11.22049 1.59651 0.41649 3.61671 390 17 3 383 238 912 100.00000 0
1995 4576 11.99923 0.21194 0.63249 2.93545 269 0 0 262 214 756 100.00000 0
3326 4631 10.67376 2.23366 0.67093 3.35602 348 92 62 348 265 575 100.00000 0
1003 4265 11.85233 0.01634 0.15774 0.98873 87 11 10 85 55 902 100.00000 0
956 4213 10.99299 0.04848 0.31157 2.44601 377 9 15 375 294 953 100.00000 0
2011 3406 10.85734 2.54035 0.44994 2.07075 457 37 16 454 256 1110 100.00000 0
1787 4387 11.94287 1.16181 0.31021 1.74563 527 30 7 525 495 1078 100.00000 0
1846 4423 11.27993 0.01279 0.52219 0.78335 308 3 2 308 286 1138 100.00000 0
1971 4543 11.59748 0.02409 1.24747 1.08354 134 0 0 134 124 759 100.00000 0
3387 4597 10.54897 3.09658 0.32138 2.59812 330 5 15 326 195 990 100.00000 0
1799 4406 11.22994 0.40873 0.12769 1.54636 138 11 10 138 108 564 100.00000 0
1934 4525 10.74210 0.08102 1.72522 1.16634 237 0 0 235 217 1027 100.00000 0
1879 4455 11.93614 0.01705 1.01200 1.15893 171 0 0 171 155 1086 100.00000 0
1776 4397 10.39107 1.58363 0.31725 3.14921 404 32 6 404 276 948 100.00000 0
1775 4391 10.73241 1.61475 0.36193 2.46069 535 10 2 532 469 1012 100.00000 0
1921 4512 10.95557 0.07440 1.54238 1.18828 156 0 0 154 132 1054 100.00000 0
1016 4254 10.51339 0.01777 0.07527 0.84580 222 35 32 222 183 1351 100.00000 0
3337 4614 10.61003 2.89118 0.11128 2.18642 206 30 27 198 178 525 100.00000 0
948 4226 11.02207 0.02363 0.09930 1.30386 427 74 94 425 395 897 100.00000 0
931 4185 10.91660 1.12040 0.32687 3.45071 298 32 23 298 195 669 100.00000 0
925 4209 10.48984 0.09126 0.30892 1.98781 431 18 6 431 352 970 100.00000 0
1024 4257 10.44843 0.13301 0.12595 1.65847 159 24 22 154 110 1016 100.00000 0
1048 4275 11.27001 1.44258 0.30307 0.94170 324 26 38 322 253 934 100.00000 0
3335 4629 10.09324 2.64073 0.31823 2.59375 316 64 28 316 261 557 100.00000 0
1996 4559 10.09778 0.26574 0.86143 1.37259 200 0 0 196 168 651 100.00000 0
3320 4631 11.24219 2.03471 0.60260 4.78135 339 0 1 337 228 575 100.00000 0
1847 4441 11.55264 0.03036 0.43400 1.75725 145 5 2 145 132 831 100.00000 0
1855 4432 10.69944 0.01525 0.68234 0.55036 149 1 0 149 132 868 100.00000 0
932 4187 10.41657 1.02100 0.22545 3.94397 374 11 21 370 273 849 100.00000 0
935 4217 11.30734 0.02482 0.42630 1.67655 465 39 11 463 417 1199 100.00000 0
1988 4554 11.73670 0.04640 0.90179 2.02100 177 0 0 171 159 554 100.00000 0
1966 4539 11.40828 0.03065 1.61051 1.16298 126 0 0 121 107 984 100.00000 0
3313 4625 11.22320 1.91811 0.55169 6.30577 163 4 5 161 75 394 100.00000 0
3337 4613 11.86500 2.89679 0.12687 2.25221 145 28 4 140 117 402 100.00000 0
1973 4545 11.03296 0.01471 1.11730 0.60652 231 0 0 229 202 746 100.00000 0
927 4211 11.01240 0.05930 0.49797 2.56735 423 12 2 421 372 1037 100.00000 0
918 4205 11.43448 0.41236 0.26698 2.55482 354 40 51 350 276 896 100.00000 0
913 4180 11.16035 1.93124 0.62382 3.36813 435 18 122 435 231 891 100.00000 0
3350 4607 10.75398 3.13012 0.29851 3.06030 145 9 7 143 104 517 100.00000 0
1837 4431 10.31661 0.01613 0.23263 0.89394 335 48 24 331 321 1117 100.00000 0
1007 4249 11.88875 0.02524 0.17259 1.09647 181 48 18 181 154 1319 100.00000 0
1972 4562 11.86741 0.00792 0.96939 0.87938 174 0 0 174 147 684 100.00000 0
2018 4574 10.62174 1.46662 0.70828 4.31647 249 0 1 249 122 760 100.00000 0
2013 4578 10.18013 1.25027 0.62903 3.38842 318 0 0 314 246 805 100.00000 0
2007 3416 10.76830 2.89315 0.52114 2.28328 365 25 51 363 237 814 100.00000 0
3350 4623 11.07258 3.00671 0.18137 2.65387 139 13 24 131 88 470 100.00000 0
1975 4563 10.21330 0.00829 0.79989 0.52414 272 0 0 266 246 918 100.00000 0
2006 3405 11.65777 2.78985 0.51610 1.78882 416 42 33 416 241 898 100.00000 0
3408 4570 10.87426 2.47119 0.51129 0.49968 268 1 1 266 217 819 100.00000 0
1932 4508 10.13007 0.06367 1.92386 0.72685 265 0 0 263 252 1124 100.00000 0
3320 4620 11.54667 2.16904 0.84246 4.68216 153 2 3 151 56 372 100.00000 0
944 4200 11.37483 0.26690 0.83395 3.59423 271 6 30 269 194 868 100.00000 0
1828 4408 10.70368 0.02528 0.21620 1.43640 210 41 10 201 190 785 100.00000 0
1880 4457 10.42538 0.01939 0.94454 1.12744 260 0 0 260 240 975 100.00000 0
3331 4631 11.33074 2.44948 0.39098 2.14886 378 125 72 375 321 626 100.00000 0
2019 4574 11.28046 1.50488 0.67368 4.66388 170 0 0 168 75 610 100.00000 0
2014 4578 10.50472 1.29741 0.66509 3.85651 268 0 0 265 162 781 100.00000 0
3315 4624 10.75753 1.98481 0.74978 6.28247 152 0 1 149 73 385 100.00000 0
1846 4439 10.12485 0.02364 0.42988 1.43967 204 6 9 201 187 914 100.00000 0
1805 4392 11.92984 0.21849 0.11357 0.69154 141 53 9 141 131 451 100.00000 0
1972 4561 10.60044 0.00623 0.89840 0.31898 341 0 0 336 295 956 100.00000 0
967 4240 10.72533 0.01756 0.10204 0.89263 361 111 35 354 307 1155 100.00000 0
3342 4611 11.31307 3.04279 0.16530 2.66638 232 17 7 230 161 659 100.00000 0
913 4202 11.93999 0.76753 0.35433 2.79106 293 39 70 284 203 683 100.00000 0
938 4193 11.22523 0.67019 0.50045 4.05405 238 20 31 233 158 687 100.00000 0
2017 4571 10.04170 1.43489 0.97379 3.90264 277 0 0 277 165 849 100.00000 0
3397 4591 10.03727 3.06997 0.54956 4.57843 406 1 7 406 195 1045 100.00000 0
3418 4569 10.56296 1.87584 0.64683 1.26269 378 1 1 378 310 1062 100.00000 0
1831 4410 11.25117 0.00843 0.34630 0.47478 249 27 6 244 221 821 100.00000 0
994 4259 10.21233 0.01528 0.20700 0.90396 253 25 33 253 203 1332 100.00000 0
995 4243 11.35005 0.01201 0.03391 0.76821 167 42 32 162 135 1517 100.00000 0
3324 4620 10.04451 2.28863 0.35884 3.35952 273 40 37 271 127 564 100.00000 0
1045 4277 11.81589 1.32315 0.20085 1.20008 308 29 26 304 234 942 100.00000 0
3399 4574 11.01889 2.94948 0.48778 0.44411 382 1 1 380 307 972 100.00000 0
1859 4452 10.91428 0.01579 0.40556 1.01220 221 3 2 219 202 1210 100.00000 0
3374 4607 11.67237 3.12439 0.48413 1.98426 176 28 22 171 141 664 100.00000 0
3352 4622 11.27447 3.01766 0.30814 2.68584 158 7 9 148 96 524 100.00000 0
2003 4561 11.35958 0.65753 0.86709 0.71982 163 1 0 159 118 514 100.00000 0
910 4181 11.75361 2.03191 0.07148 2.70892 326 17 77 324 175 806 100.00000 0
1048 4265 11.98599 1.42818 0.27836 1.08137 244 9 24 240 189 971 100.00000 0
972 4226 11.61386 0.03017 0.28888 1.69996 304 22 16 304 243 768 100.00000 0
3330 4631 11.14495 2.40421 0.41792 2.16284 336 110 63 336 279 620 100.00000 0
905 4192 11.45899 1.70048 0.24163 2.63121 185 3 32 181 128 603 100.00000 0
3408 4587 10.94561 2.48365 0.65300 3.30168 325 8 23 320 130 884 100.00000 0
1884 4476 10.86859 0.03449 0.74352 0.66676 275 0 0 275 263 1068 100.00000 0
2002 3408 11.74755 3.06085 0.25337 2.64752 153 17 5 153 86 457 100.00000 0
1038 4262 10.10514 0.90286 0.15125 1.36114 341 120 30 338 288 1026 100.00000 0
2009 3409 10.07049 2.84227 0.47379 2.59073 444 41 9 444 237 934 100.00000 0
971 4244 11.93306 0.02119 0.11896 0.92704 229 66 20 224 192 1055 100.00000 0
1050 4273 11.32841 1.49845 0.22857 0.45970 212 20 35 210 156 811 100.00000 0
1960 4551 11.58699 0.02696 1.89712 0.80988 274 0 0 274 246 1070 100.00000 0
996 4261 11.33696 0.01223 0.16911 0.71217 147 21 24 142 122 1159 100.00000 0
1821 4418 10.12617 0.03128 0.20986 1.76879 393 107 19 387 358 986 100.00000 0
1808 4394 11.40235 0.15463 0.18627 0.82709 188 35 20 188 170 604 100.00000 0
908 4184 11.30926 1.98541 0.19763 2.97137 281 12 44 279 162 844 100.00000 0
1025 4257 10.93063 0.17115 0.13546 1.77255 104 18 10 104 70 874 100.00000 0
1865 4442 10.81550 0.01758 0.97378 0.82614 300 0 0 300 284 1138 100.00000 0
3358 4601 11.83048 3.12923 0.14283 3.11470 286 21 16 284 232 679 100.00000 0
1988 4572 11.24726 0.06362 0.73542 3.39108 263 1 0 261 176 655 100.00000 0
962 4236 10.44283 0.01649 0.12856 1.01799 430 70 38 430 373 1089 100.00000 0
972 4244 10.96688 0.02179 0.07966 0.97959 257 60 27 250 214 1217 100.00000 0
1864 4457 11.20748 0.01387 0.44626 0.80162 186 2 3 184 174 1149 100.00000 0
1876 4468 10.39770 0.02699 0.76147 1.03287 207 0 0 207 193 1003 100.00000 0
910 4199 11.41509 1.06317 0.26552 2.45862 331 27 97 328 257 757 100.00000 0
1798 4406 11.85898 0.46166 0.22238 1.73731 221 11 5 218 189 648 100.00000 0
1787 4388 10.85736 1.16898 0.25007 1.66366 486 70 18 482 435 1083 100.00000 0
1038 4261 11.36001 0.90229 0.10930 1.10145 266 76 38 266 227 863 100.00000 0
1987 4554 11.06692 0.03716 0.89228 1.93917 190 0 0 185 171 622 100.00000 0
2012 4566 10.21233 1.21747 0.75460 1.55066 452 0 0 450 410 1104 100.00000 0
3418 4568 11.61788 1.87514 0.66026 1.42491 326 0 2 324 231 920 100.00000 0
1902 4478 10.28896 0.01911 1.27888 0.83977 516 0 0 514 482 1434 100.00000 0
1871 4463 10.08523 0.01647 0.64492 0.72632 323 0 1 323 311 1153 100.00000 0
988 4239 10.56721 0.01697 0.18326 1.02679 312 46 20 312 256 1603 100.00000 0
2008 3409 10.09309 2.90685 0.25936 2.55864 458 43 15 458 216 944 100.00000 0
991 4241 10.65182 0.01536 0.18130 0.90482 278 64 15 275 253 1333 100.00000 0
1792 4388 11.09643 0.87569 0.28018 1.38621 496 50 16 496 440 1013 100.00000 0
907 4197 11.84313 1.31813 0.25788 2.50811 260 17 69 260 203 677 100.00000 0
2018 4577 11.79739 1.46103 0.68218 4.86470 226 0 0 226 120 843 100.00000 0
1845 4423 10.03944 0.01190 0.49939 0.68070 367 5 0 363 346 1298 100.00000 0
1833 4428 10.89598 0.00736 0.23500 0.40348 225 53 9 220 207 914 100.00000 0
915 4203 11.55690 0.62720 0.25127 2.89692 406 8 85 404 314 904 100.00000 0
1861 4438 10.71111 0.01766 0.77815 0.38563 244 0 0 242 233 1249 100.00000 0
1915 4491 10.29585 0.08084 1.44991 1.34407 284 0 0 282 263 944 100.00000 0
1800 4406 10.64921 0.35751 0.26682 1.29905 173 8 3 171 152 632 100.00000 0
3359 4617 10.55261 3.08446 0.21067 2.38524 262 28 29 257 212 564 100.00000 0
3419 4582 10.61624 1.85010 0.45393 3.86148 260 1 2 256 142 676 100.00000 0
1032 4276 11.68811 0.54189 0.14300 1.49802 248 28 17 242 186 985 100.00000 0
1818 4400 11.67105 0.03280 0.22606 1.69697 147 49 20 147 125 602 100.00000 0
951 4209 10.20779 0.05337 0.48866 2.90636 422 27 39 422 361 1158 100.00000 0
1050 4268 11.40344 1.48604 0.30250 0.99544 213 13 22 209 160 1056 100.00000 0
3336 4614 11.18141 2.85533 0.21471 2.24942 177 27 21 177 132 465 100.00000 0
1964 4555 11.83696 0.02242 1.45919 1.23606 342 0 0 342 305 953 100.00000 0
989 4240 10.18471 0.01666 0.15113 0.98596 240 52 17 240 201 1160 100.00000 0
933 4186 11.61900 1.06941 0.26408 3.81249 291 2 9 287 191 691 100.00000 0
3318 4631 11.65608 1.98073 0.56274 5.84083 301 0 1 301 212 477 100.00000 0
2015 4566 11.82640 1.35950 1.08017 2.85609 425 0 0 420 287 1078 100.00000 0
