446 3199 11.02616 0.00596 0.62602 0.50435 43 0 1 27 19
970 3710 10.50514 0.01346 0.37257 0.50976 93 3 10 85 67
1932 4317 10.24720 0.01068 0.57781 0.51738 31 0 2 28 13
1942 4324 11.27231 0.12341 0.25806 1.08787 50 3 2 33 32
2096 4487 10.74992 0.00701 0.78071 0.43431 105 0 5 99 74
1454 3957 11.80910 0.01935 0.11621 1.08282 67 3 5 62 47
1694 4117 11.30909 0.00928 11.13667 0.75433 102 0 0 99 79
1051 1145 10.51026 0.00644 0.52002 0.35608 52 1 2 48 34
1107 3775 11.26470 0.00539 1.36485 0.36477 41 0 0 41 27
2035 4446 10.53792 0.01252 0.25558 0.67493 109 9 13 95 74
2704 5091 10.10636 0.09356 0.91178 1.71737 67 4 5 60 33
3070 5383 11.59731 0.26178 0.71708 1.21788 136 4 6 120 91
1056 3769 11.75448 0.00359 0.49468 0.65132 47 0 3 45 30
1418 3923 10.01073 0.00138 10.12644 0.12820 150 0 0 145 133
863 3602 11.00605 0.01536 0.36037 0.89482 221 6 5 213 144
1198 1254 10.99298 0.01512 0.67914 0.49099 105 3 5 94 73
969 3708 11.49496 0.01151 0.26230 0.76464 54 2 5 47 35
1058 3770 11.00069 0.00455 0.57563 0.39067 70 0 0 62 42
1803 4199 10.20604 0.00478 10.12802 0.67260 210 0 0 208 179
3002 5329 11.24773 0.15329 0.66860 0.30519 30 2 3 28 15
989 3744 10.75920 0.00297 0.33423 0.14265 185 5 29 165 127
1120 3775 11.26472 0.00530 1.32551 0.31279 35 0 0 28 14
2558 4949 10.39393 0.00345 0.24010 0.48133 35 3 2 31 17
1067 1246 11.49210 0.01362 0.55726 0.69942 88 2 16 78 56
3056 5372 10.55450 0.38601 0.76119 1.96364 162 7 25 149 78
1052 1161 10.01027 0.00747 0.38821 0.43879 67 1 2 54 46
336 3055 10.74307 0.21789 0.58297 0.89087 123 5 21 123 81
1720 4123 11.29892 0.00635 11.51467 0.96510 129 0 0 127 115
2814 5187 11.02520 0.00400 10.51206 3.85072 104 0 0 90 88
1003 3742 10.76483 0.00843 0.52803 0.45111 229 5 10 200 143
1048 1113 11.51041 0.00244 0.77463 0.17246 54 0 0 50 35
1113 3775 11.26470 0.00539 1.26818 0.31652 43 0 0 39 23
1495 3992 10.85976 0.23470 0.36435 0.35054 19 1 4 14 12
1001 3755 10.25983 0.00183 0.37833 nan 117 3 7 97 69
1102 3775 11.26470 0.00539 1.21936 0.35277 44 0 0 42 24
1553 4011 10.80385 0.57161 0.59153 3.39177 15 0 0 15 8
2010 4402 11.86821 0.04910 0.40341 0.14265 199 3 31 185 155
2970 5322 11.53833 0.00662 0.33947 0.47888 10 0 0 10 6
511 3263 11.07284 0.00692 0.33584 0.57130 64 2 2 64 43
47 113 10.99051 0.03942 3.01320 1.11030 128 0 0 107 99
3054 5400 11.55357 0.20042 0.65873 0.85547 160 8 13 154 109
3100 5414 10.79741 0.01700 0.23018 0.31652 123 6 12 106 85
1065 1242 10.48048 0.01185 0.43237 0.64952 92 4 7 79 54
1029 3759 11.25482 0.00535 0.38450 1.49279 48 0 1 30 20
2308 4686 10.49719 0.01559 0.42645 0.36369 154 9 14 133 107
2775 5129 10.23692 0.33622 0.50482 1.33090 11 0 0 11 4
3124 5524 11.50189 0.01605 1.11925 1.16163 111 0 0 69 76
3121 5439 11.56932 0.02335 0.35733 0.12511 143 3 17 124 100
1537 3978 10.38453 0.07665 0.20524 1.37316 13 0 0 10 7
1690 4113 11.30715 0.01186 11.15751 0.74336 125 0 0 125 108
1002 3757 11.75166 0.00129 0.59262 0.63980 123 0 8 103 80
2246 4637 10.01888 0.01909 0.32480 0.46394 128 5 17 116 93
1049 1203 11.26035 0.00239 0.67367 0.12511 67 0 2 59 51
320 5366 10.75665 0.79781 0.97807 1.21079 129 3 16 112 71
329 3042 11.13383 0.48890 0.73516 1.52521 143 1 2 110 88
868 3622 10.74057 0.00640 0.40399 0.31027 100 3 4 93 65
1971 4352 11.57330 0.73683 1.98335 2.65977 226 6 41 209 160
1375 3884 11.01959 0.00937 0.77311 0.96266 68 0 3 54 39
2555 4932 10.74375 0.00857 0.27501 0.34718 46 2 3 42 27
2846 5195 11.52873 0.00229 11.74304 0.22381 27 0 0 25 23
1971 4390 11.22194 0.18731 0.50131 1.73416 121 3 2 108 62
330 3042 11.89167 0.48724 0.84758 1.70410 92 2 3 82 56
906 3645 11.25419 0.01686 0.22928 0.24389 90 7 8 88 72
472 3226 10.54192 0.01195 0.68544 1.03892 63 1 2 59 38
1861 4252 10.12168 0.00840 12.29635 1.81747 20 0 0 20 14
2871 5218 10.03769 0.00338 0.39626 0.25334 48 2 5 48 36
3125 5447 10.41026 0.02566 0.91074 0.54536 307 0 0 286 234
1058 3786 11.25808 0.00569 0.54314 0.34378 77 1 1 71 56
529 3295 11.02476 0.00714 0.64868 0.43160 114 4 10 105 85
423 3190 10.02565 0.01005 0.16874 0.21489 51 2 6 31 22
1960 4340 10.84285 0.70812 0.86959 1.59250 168 0 1 153 129
1356 3852 10.25012 0.00530 0.50283 0.31652 61 0 1 53 31
1328 3842 10.26192 0.00507 0.42592 0.70053 63 0 3 41 32
3105 5447 10.00645 0.00929 0.36497 0.16786 138 2 6 123 89
1975 4357 11.54103 0.60550 1.63246 2.83269 179 0 4 160 95
651 3412 10.50757 0.00586 0.22616 0.11535 126 13 11 116 92
652 3413 10.76508 0.00644 0.39107 0.17246 118 3 8 115 87
3142 5474 11.17581 0.03018 0.73663 1.20528 167 7 2 124 88
1511 4003 10.99090 0.47855 0.46687 1.67421 16 2 0 12 8
1972 4355 10.76133 0.63999 2.13772 2.57663 265 2 2 239 190
2976 5328 11.52206 0.01192 5.98112 1.22621 20 0 0 20 16
351 3106 11.52178 0.00999 0.36924 0.59479 123 7 10 117 85
1225 3776 11.25022 0.00491 0.80098 0.32506 33 0 0 16 19
704 3449 11.29301 0.00249 0.53314 0.23239 115 1 6 109 71
377 5502 10.60948 0.01007 1.12172 0.40734 166 0 0 156 120
2495 4887 10.14791 0.00517 0.50488 0.51586 57 4 5 51 38
2207 4600 11.34770 0.05430 0.71203 0.85775 183 6 22 175 104
2343 4721 10.51235 0.00517 0.41959 0.39762 255 18 16 249 215
888 3642 10.50225 0.01011 0.57101 0.58283 85 6 2 83 65
1568 4018 11.68686 0.66333 0.61828 2.99996 33 0 0 31 14
1896 4285 10.67246 0.00808 14.03930 6.41105 15 0 0 4 5
2824 5195 10.82246 0.00557 10.66649 0.93795 53 0 0 53 48
2949 5301 11.77692 0.00817 32.72257 0.45885 18 0 0 15 14
773 3514 11.32082 0.00129 0.28570 0.10468 46 2 5 35 25
1127 3775 11.26472 0.00530 1.30230 0.34150 33 0 0 23 19
1577 4024 11.70227 0.76675 1.27521 1.78224 23 0 0 18 8
1319 3821 10.50052 0.00563 0.23639 0.10835 79 4 11 66 52
1096 1252 10.00167 0.01499 0.70979 0.46730 85 0 3 81 61
678 3439 11.99753 0.00837 0.43519 0.47230 64 0 8 58 37
1632 4062 11.73529 0.16274 0.56495 0.89526 27 0 0 24 12
2501 4880 10.48971 0.00420 0.68101 0.15323 55 0 2 49 27
693 3453 11.50229 0.01429 0.56368 0.81325 175 23 23 171 135
3125 5497 10.24809 0.01476 1.42958 0.62432 189 0 0 179 141
839 3578 11.56268 0.02128 0.76063 0.54608 91 0 0 85 61
1511 1578 10.45149 0.46218 0.43846 1.47803 23 2 1 15 12
3147 5499 11.71772 0.03787 1.45144 0.94874 117 0 0 105 88
2123 4512 10.27032 0.01380 0.22278 0.59938 264 18 37 254 192
1930 4350 11.51540 0.39810 1.01615 1.75167 57 0 6 43 28
1093 1252 10.00168 0.01625 0.72586 0.58551 92 2 6 84 59
1595 4035 10.34610 0.78671 12.94965 45.07508 23 1 0 23 5
1065 1243 10.74199 0.01196 0.65113 0.65012 96 2 16 79 51
1678 4101 10.60637 0.00473 10.63409 0.36691 66 0 0 61 51
1731 4150 10.74545 0.01004 10.69235 0.54965 69 0 0 69 57
338 5414 10.27427 0.02548 0.56098 0.96631 79 0 0 71 44
388 3128 11.69964 0.01924 0.40669 0.72632 143 4 5 128 96
316 3029 10.56039 0.84519 0.62822 0.90698 74 0 4 57 41
2703 5092 11.59335 0.11077 0.83148 2.02081 69 1 10 60 27
2673 5044 10.73859 0.00372 0.35028 0.56093 187 3 23 159 125
442 3211 11.05614 0.00653 0.40369 0.66382 33 0 2 28 19
326 5396 10.55699 0.09433 0.31791 0.74441 87 4 17 79 59
2010 4404 10.28962 0.03874 0.35214 0.25334 244 6 6 204 171
386 5465 11.19806 0.01207 1.03890 0.82091 107 0 0 93 69
1048 1195 11.51041 0.00207 0.94142 0.41022 57 0 0 49 36
1704 4108 10.20067 0.00592 10.15804 0.25944 68 0 0 65 57
1051 1160 10.51026 0.00644 0.45681 0.58617 64 0 0 56 39
1754 4170 10.40560 0.00843 10.49667 0.69549 157 0 0 157 137
1471 3972 11.25818 0.00450 0.46109 0.26393 30 1 2 26 17
332 3047 11.16904 0.36433 0.85758 1.18068 91 0 6 87 49
1049 1215 11.50055 0.00285 0.52171 0.25793 56 1 2 54 40
3111 5458 11.50593 0.01367 0.49964 0.43611 157 2 6 133 112
3055 5371 10.67709 0.40379 0.37414 1.80450 184 12 36 161 82
1204 1254 10.99298 0.01512 0.72751 0.65730 94 1 4 82 71
521 3273 10.33115 0.01285 0.40129 0.79328 183 3 15 174 136
1050 1129 10.76029 0.00453 0.74742 0.25334 42 0 0 42 30
3043 5359 11.30984 0.54182 0.69269 1.11452 175 6 30 157 122
1839 4247 11.66186 0.01073 6.94803 7.79337 29 0 0 29 24
1789 4186 10.81665 0.00602 10.67940 0.38359 25 0 0 25 23
1938 4359 10.03699 0.73822 0.28969 2.06696 195 0 0 193 163
1777 4175 11.51850 0.01008 11.52152 0.39565 309 0 0 305 292
3016 5371 10.13344 0.51162 0.59045 0.21306 207 3 23 172 124
1578 4024 11.23628 0.75030 4.28478 42.98904 17 1 1 4 5
2963 5314 10.80238 0.00244 9.98810 1.89548 25 0 0 21 15
2752 5106 11.59131 0.41535 1.74370 0.91728 11 0 0 1 3
422 3172 10.60913 0.05959 0.45491 0.28804 109 7 14 97 73
1055 3785 10.78185 0.00437 0.43720 0.34150 62 4 7 56 38
3050 5366 10.69881 0.47771 0.82912 1.29664 128 4 14 114 73
520 3272 10.27988 0.01279 0.33821 0.76719 121 3 11 104 81
467 3220 11.78841 0.00335 0.24337 0.24708 52 2 5 41 29
2382 4774 10.64422 0.00514 0.32582 0.24066 285 12 27 272 231
1048 1213 11.75047 0.00162 0.53048 0.38359 72 0 3 68 48
1543 4011 11.93215 0.62597 1.28151 2.87317 11 0 1 11 3
1419 3925 11.75246 0.00120 11.76517 0.51282 89 0 0 89 72
2050 4459 10.40223 0.02128 0.45866 1.19975 176 5 14 167 111
394 5511 11.79437 0.00900 1.14298 1.27042 53 0 0 25 28
1167 1254 10.99297 0.01526 0.65941 0.45542 110 1 10 97 75
1086 1254 10.98311 0.01724 0.66385 1.14192 74 0 2 66 51
335 5411 11.55337 0.02904 0.31716 0.96347 102 2 9 98 67
662 3423 11.53666 0.00639 0.65037 0.42613 87 0 1 85 67
1153 1254 10.99297 0.01526 0.64750 0.51434 98 0 3 92 62
1071 1247 10.73242 0.01508 0.48486 0.72199 90 2 2 84 52
496 3263 11.27277 0.00598 0.32383 0.30132 69 7 10 57 48
1059 1234 10.25041 0.00633 0.40005 0.42796 57 0 3 53 38
336 3084 10.31649 0.01402 0.26706 0.85775 163 8 20 147 123
1825 4234 11.44950 0.00745 11.19943 0.53302 124 0 0 118 104
1657 4083 11.65928 0.00783 0.31142 0.18131 87 4 6 71 50
3131 5454 11.60886 0.02456 0.59121 0.55461 225 8 9 206 165
964 3704 10.24505 0.00637 0.45108 0.39565 79 2 11 69 48
1567 3982 10.67882 0.25332 0.70717 1.31403 28 0 0 28 21
1888 4294 10.34762 0.00359 0.46446 0.18131 8 0 1 6 5
696 3455 10.52626 0.01177 0.59320 0.66969 210 5 6 206 168
1430 3934 10.00150 0.00530 0.34705 0.22728 177 9 13 165 133
1530 3977 11.13217 0.07572 0.56023 0.81853 19 0 0 15 8
1345 3841 11.49144 0.00659 0.42650 0.51586 57 1 2 52 41
1052 1122 10.01027 0.00747 0.36444 0.42244 50 1 3 48 36
1812 4222 11.66152 0.00557 11.65674 0.94087 47 0 0 44 34
2188 4582 11.16398 0.03299 0.83757 1.09860 176 3 10 155 121
1666 4063 11.50654 0.00437 0.34524 0.36262 69 1 2 56 53
380 3118 11.94649 0.02089 0.25591 0.63489 115 1 12 90 76
2751 5137 10.97802 0.42162 0.27045 1.49724 7 0 0 7 3
1106 3775 11.26470 0.00539 1.15727 0.37846 40 0 0 36 24
2036 4448 11.95592 0.01199 0.25437 0.65252 123 16 10 116 79
2060 4452 11.96203 0.02507 0.65606 1.45131 111 2 1 99 63
1188 1255 11.49280 0.01448 0.50330 0.46814 71 1 3 65 43
2579 4955 10.98833 0.00378 0.31901 0.47478 80 0 3 69 60
2073 4465 11.23283 0.01626 0.71172 0.92662 142 4 7 133 107
2746 5133 11.03307 0.42693 11.15816 24.59408 10 0 0 8 8
3147 5501 11.71978 0.03761 1.08015 0.32626 152 0 0 133 102
350 5434 11.77858 0.00808 0.65168 0.79966 91 2 1 80 60
1532 1590 11.75203 0.63469 0.68199 1.79450 16 1 1 8 6
454 3208 10.26967 0.00934 0.27386 0.48295 100 2 16 87 72
2099 4503 10.40626 0.00801 0.32631 0.48939 218 14 30 208 164
1610 4048 11.70743 0.80451 29.84579 46.09490 16 0 0 11 4
374 3111 11.47244 0.01277 0.27288 0.76002 167 5 27 140 121
1850 4257 10.75598 0.00921 8.36089 4.11142 40 0 0 35 29
1579 4022 10.25019 0.65877 0.50202 2.24821 27 0 0 18 17
1061 1239 10.74874 0.00923 0.54524 0.52115 64 1 4 55 46
512 3278 10.28714 0.00869 0.26561 0.45800 110 2 17 103 75
1531 3978 10.10436 0.06843 0.56680 1.44942 16 0 2 9 8
1506 4001 11.45928 0.43469 0.34830 1.66695 37 3 3 35 29
3005 5363 11.84593 0.46872 0.53184 0.39664 128 1 8 118 79
