959 3846 6.96543 1.21961 0.11954 1.17270 225 199 18 221 165
567 3507 8.25350 0.15983 0.44679 1.99919 163 140 17 159 67
562 3548 6.83327 0.89145 0.28655 1.28573 212 186 19 208 140
703 3655 7.85040 0.03076 0.12241 0.63427 253 227 23 253 180
588 3562 8.18112 0.55580 0.23856 1.56598 166 145 12 164 115
2412 3368 6.47379 0.11559 0.06385 0.17246 251 234 14 249 200
2349 3270 8.31762 1.35401 0.05337 2.32204 177 135 30 175 115
589 1413 9.51005 3.09124 0.17962 0.41307 174 140 20 166 119
2418 3350 8.92285 0.04786 0.12637 0.56786 115 103 5 108 89
116 1580 8.12234 0.47364 0.04768 1.63375 168 130 13 163 106
30 4469 9.71118 0.01778 0.18349 0.87536 150 135 14 142 99
1563 4530 6.24451 2.05942 0.08836 1.46420 376 360 16 372 302
951 3855 8.40759 0.69733 0.01623 0.24708 269 243 20 265 221
598 3540 8.46362 0.99117 0.19525 1.29634 373 338 31 371 280
191 1641 9.47892 0.22518 0.07942 0.50822 147 126 7 139 109
954 3857 9.93316 0.91228 0.09561 0.15826 244 215 19 240 182
396 2461 8.80014 0.02279 0.21838 1.25648 184 163 14 178 145
887 3810 8.13138 0.02609 0.03861 0.36262 333 316 15 331 274
120 1553 8.49045 1.31754 0.31049 1.90495 151 113 15 147 91
428 3444 6.11868 0.48474 0.09540 2.17223 317 281 30 315 222
423 3446 9.13608 0.79014 0.12668 1.93452 188 169 13 184 121
170 1624 9.03274 0.04686 0.05671 0.75899 139 116 15 137 103
774 3703 8.22109 0.10950 0.12747 2.37389 198 182 14 198 133
149 1601 6.30724 0.04264 0.04332 1.47618 361 342 15 357 282
716 3669 7.30626 0.05630 0.18148 0.83603 259 239 17 255 207
2369 3304 7.85657 0.03037 0.09962 1.11241 276 242 24 272 204
838 3755 9.24308 0.04907 0.16011 1.27134 167 151 4 165 125
176 1611 6.73659 0.06761 0.17878 0.20936 263 229 14 255 215
578 1414 8.53709 2.47797 0.11691 0.73807 238 209 19 236 186
0 4429 8.12598 0.92805 0.52266 2.49104 231 194 28 228 98
922 3841 9.62763 0.03064 0.02767 1.34436 102 88 8 92 70
518 3529 7.41896 0.17964 0.15178 1.60206 180 139 29 171 103
568 3551 7.24417 1.03356 0.11404 1.90063 267 251 12 258 164
455 3444 9.66655 0.03499 0.07423 0.65372 159 142 11 157 115
144 1597 6.65214 0.04193 0.03879 0.51813 273 253 12 265 222
133 1568 6.00336 0.24231 0.25157 1.15046 266 209 47 263 172
408 3402 7.01661 0.04020 0.15879 2.27555 243 222 13 239 167
5 4434 9.94738 0.81011 0.21840 2.15395 183 166 9 181 106
937 3835 6.82597 0.02536 0.11405 0.64952 200 175 8 194 146
376 3389 7.69373 0.61026 0.23188 0.89087 206 189 11 200 148
382 3376 6.24684 1.24228 0.10320 0.68984 397 366 22 393 331
1396 3543 9.35008 2.81432 0.16110 1.47830 306 272 23 299 231
183 1634 8.28241 0.04633 0.37832 2.11970 179 141 33 177 93
1 4432 7.91953 0.85214 0.45605 2.78980 202 183 13 202 82
564 3550 7.46161 1.01418 0.11511 1.56122 217 201 10 213 125
539 3545 6.13573 0.70311 0.07901 1.53875 262 242 16 258 207
2384 3322 6.26358 0.01828 0.06934 0.19180 321 287 23 314 249
845 3762 7.02067 0.08347 0.05260 0.69886 348 314 28 348 277
425 2474 7.23552 0.87853 0.37297 6.62886 245 207 22 239 76
3 4465 9.90518 0.03548 0.03907 0.30001 147 122 23 142 107
174 1610 6.10739 0.05989 0.15095 0.17246 329 296 25 320 269
700 3653 8.84161 0.02296 0.12099 0.28393 230 194 31 228 183
407 2467 7.21827 0.06328 0.17709 2.39114 232 188 38 230 156
1554 4530 8.38445 2.58823 0.24274 2.05652 180 162 17 178 124
892 3814 7.81751 0.02539 0.05962 0.72416 302 281 11 297 231
2377 3312 9.16767 0.02932 0.10541 0.88027 230 201 24 226 158
1573 4538 9.39058 1.67478 0.40329 1.72850 127 90 28 127 75
646 3606 8.78409 0.01654 0.12283 0.66086 112 97 9 104 75
88 4518 6.82147 0.03047 0.09227 1.01066 202 180 20 199 115
553 3508 6.43958 0.11326 0.09946 1.44942 281 248 28 277 161
648 3595 7.09185 0.00328 0.04209 0.15826 221 195 17 215 164
1411 3535 8.84495 2.53611 0.12816 1.72101 205 197 5 203 158
2339 3287 6.83116 0.52011 0.09125 0.79475 485 431 28 477 395
99 1571 9.44713 1.53305 0.02947 1.01259 171 148 16 166 117
415 3403 9.80174 0.27184 0.11019 1.42299 130 124 2 128 94
125 1560 6.45594 0.78702 0.12024 1.15284 355 298 12 355 266
423 2474 7.41359 0.76575 0.83689 5.91076 224 192 25 215 87
609 3558 7.46495 0.06865 0.17210 0.98516 193 170 20 191 136
389 3380 6.51793 1.04693 0.07657 1.92091 297 282 12 292 204
106 1554 7.66627 2.03208 0.05383 2.03759 257 240 12 251 178
2362 3292 8.74400 0.28224 0.14621 2.22246 265 227 27 261 155
614 3561 9.37144 0.00703 0.03413 0.37949 229 197 24 227 170
2473 3426 7.36859 0.60680 0.79679 5.20872 217 187 21 212 76
77 4523 6.15890 0.04176 0.17720 1.86530 212 194 12 210 131
618 3568 7.08636 0.01275 0.07033 0.66617 136 108 26 134 85
560 3548 6.98883 0.89486 0.10052 1.15352 286 250 31 282 220
692 3643 6.55283 0.00869 0.03269 0.36262 262 236 24 262 210
655 3601 6.87616 0.02368 0.04330 1.33149 179 157 17 173 116
425 2456 9.23765 0.89341 0.84504 5.26150 192 167 16 180 61
2407 3360 6.37327 0.03577 0.16205 0.83930 217 194 19 212 163
827 3765 6.48595 0.05414 0.16170 0.85592 267 231 25 262 199
630 3592 8.06734 0.01863 0.07124 0.57811 193 172 18 189 148
588 1414 9.49516 3.06996 0.17103 0.67435 178 150 23 178 122
2467 3413 7.85820 0.06622 0.08709 2.51917 186 169 11 184 110
525 580 7.69467 0.50876 0.05184 1.78487 185 151 32 185 133
517 3526 7.24206 0.12948 0.23748 1.36544 158 135 20 158 90
1 4462 8.73261 0.04190 0.06782 0.41871 258 221 30 258 202
402 3428 9.46208 0.75647 0.24091 4.43447 137 123 6 131 79
2466 3409 9.11214 0.05551 0.45930 3.14560 90 75 9 84 33
92 4534 9.58248 0.00500 0.08196 0.20558 208 186 20 206 161
846 3760 9.36140 0.09425 0.08662 0.75485 224 196 19 222 156
621 3568 9.81216 0.00997 0.08339 0.35277 113 97 13 109 75
2473 3434 7.14081 1.12625 0.27690 5.27028 205 195 9 205 70
811 3736 8.97352 0.01978 0.33578 0.95532 52 32 9 40 27
904 3824 7.51493 0.01607 0.09411 0.55178 268 215 38 263 196
413 2451 8.25371 0.18329 0.23290 2.36778 175 168 2 171 140
2421 3354 7.44840 0.12051 0.07723 0.13122 198 168 21 196 142
97 1567 9.08626 1.73542 0.08531 1.07956 188 168 17 186 138
2453 3419 6.39755 0.21120 0.10635 1.38931 261 247 12 259 204
192 1622 7.84340 0.02349 0.08971 0.30132 236 209 25 230 178
399 3391 7.46955 0.48190 0.06949 1.51025 356 336 16 353 292
2456 3394 8.93007 0.34268 0.17294 1.74787 225 199 19 223 164
867 3792 6.30828 0.04085 0.04950 0.67609 342 307 28 333 271
397 3416 6.85055 0.13914 0.14942 1.59839 247 233 9 245 196
152 1586 8.45370 0.07698 0.13211 0.10468 192 149 32 190 134
530 3542 6.34350 0.55307 0.07688 1.45670 221 192 28 217 172
1553 4529 9.95597 2.64231 0.11407 2.42059 115 97 13 115 73
889 3799 6.71800 0.03149 0.12998 0.98755 372 342 19 368 295
146 1601 8.65198 0.05284 0.04092 1.64092 251 236 8 247 197
401 3390 9.18964 0.52752 0.14134 2.04737 227 202 19 227 151
755 3673 9.95429 1.35717 0.52344 2.45798 162 148 8 156 77
2448 3382 8.89256 0.79130 0.31663 1.95705 258 207 30 258 173
1568 4540 8.61915 1.79693 0.20075 0.94460 262 228 24 258 175
428 2458 8.86136 1.06998 0.91785 5.08068 119 102 9 115 44
100 1554 9.71361 2.36468 0.22793 2.32153 154 139 7 150 95
495 3485 6.32364 0.01883 0.07871 0.73382 341 316 22 335 264
828 3752 6.05205 0.03635 0.10518 1.30236 267 243 20 267 210
102 1563 6.53041 1.73991 0.15305 1.84228 369 327 24 362 294
805 3746 7.11547 0.02509 0.06134 0.32626 175 149 19 170 129
392 3376 9.69628 1.23196 0.17130 2.54222 176 156 14 174 101
670 3626 9.45962 0.00621 0.12201 0.34830 147 123 20 147 110
513 3528 9.82284 0.18014 0.35880 1.51801 147 111 28 139 86
390 3412 9.48420 0.05920 0.13251 1.22333 206 167 31 199 164
422 3411 8.28592 0.69729 0.16281 4.49117 167 147 10 152 88
166 1601 7.52958 0.06164 0.06260 0.83556 351 327 12 334 302
732 3655 9.83135 0.26879 0.13727 1.00483 145 123 17 143 101
453 3464 7.12758 0.01673 0.08497 0.96022 387 366 13 381 325
434 2472 7.66802 1.36303 0.87850 5.73484 224 204 17 222 83
849 3763 8.60587 0.09175 0.10244 1.32353 275 242 31 275 178
726 3655 7.27489 0.07582 0.16351 0.92196 335 302 32 335 235
805 3747 8.18810 0.03016 0.13230 0.26541 138 119 11 133 106
807 3733 8.67463 0.01410 0.13019 0.52489 134 117 12 132 97
574 1407 9.23436 2.71085 0.21408 1.06312 251 212 25 244 190
101 1572 9.11985 1.42382 0.08270 1.16365 211 174 22 204 149
1567 4529 7.76761 1.84683 0.08641 0.94956 285 262 19 282 220
42 4497 8.38981 0.01919 0.17237 0.95695 253 230 18 249 206
2391 3327 8.12096 0.01729 0.08045 0.98198 256 232 20 254 210
817 3756 6.67159 0.01201 0.05000 0.69886 314 299 13 311 261
413 2453 6.80452 0.21601 0.07318 1.79188 226 213 8 224 177
491 3497 9.12959 0.04303 0.20182 2.11563 223 200 18 216 143
394 3416 8.84409 0.13839 0.17179 1.14774 156 139 12 154 125
139 1574 6.29918 0.08319 0.18470 1.55469 172 139 14 170 109
1401 3544 8.49066 2.87652 0.15729 0.80939 275 234 30 264 198
429 3420 6.28042 0.84236 0.19389 4.48751 284 249 28 267 108
581 3555 6.00326 0.80602 0.11685 0.99858 441 412 23 441 374
585 1402 8.22537 2.79863 0.20038 0.81948 289 255 19 289 209
509 3511 6.49694 0.01513 0.13278 0.19383 219 199 16 215 161
401 3424 8.25861 0.50581 0.22157 2.95552 192 163 16 190 116
438 2471 9.18182 1.49590 1.41447 5.74583 123 113 4 119 31
721 3677 8.30257 0.47565 0.68338 1.97635 155 132 18 151 86
2459 3404 6.11496 0.05230 0.09500 1.12187 301 280 20 299 255
1570 4531 7.38497 1.74126 0.05261 0.42613 322 295 24 320 254
2465 3438 7.78185 1.36865 0.24161 6.12080 176 166 9 172 60
516 3526 7.75029 0.13412 0.24879 1.40834 182 149 19 172 123
124 1559 6.60156 0.86402 0.14174 1.30656 331 273 32 329 223
876 3786 8.87426 0.05144 0.03957 0.75225 155 132 15 148 100
886 3795 8.42643 0.01615 0.14515 0.93461 248 229 13 246 202
535 3507 6.63624 0.10853 0.10496 1.05313 255 229 19 253 173
562 3507 7.47814 0.12131 0.21511 1.78070 183 145 14 174 83
504 3510 9.25749 0.02268 0.04260 0.42058 138 120 15 134 100
397 2462 8.94411 0.02479 0.12355 1.35826 194 174 12 194 157
414 3404 8.82917 0.23905 0.14158 1.36831 136 113 11 129 94
2346 3267 8.54850 1.46003 1.01780 2.88324 193 149 26 189 76
432 3416 9.23891 1.16130 1.40838 4.97563 136 105 19 132 54
141 1573 8.17299 0.09144 0.41823 1.94602 144 105 17 136 84
20 4478 8.61102 0.02409 0.16502 0.87357 167 146 19 163 108
387 3403 6.71697 0.07781 0.10223 1.52701 283 256 21 283 219
2440 3374 7.38120 0.77432 0.23594 2.23563 309 280 27 305 166
217 1636 8.14393 1.46788 0.04814 0.70109 228 211 13 221 180
724 3680 8.14987 0.66631 0.36505 2.88297 166 149 15 161 75
539 590 8.30009 1.07241 0.20716 1.85899 201 188 11 201 141
533 588 8.16126 0.96125 0.10740 1.58807 244 221 18 240 179
912 3833 9.90856 0.01937 0.36067 0.44587 79 58 11 75 43
395 2461 9.45753 0.01938 0.17549 1.04117 150 125 16 146 114
2341 3295 9.80611 0.14247 0.13824 1.27134 281 225 40 279 198
504 3508 7.97619 0.01848 0.11179 0.45111 222 183 29 220 164
928 3843 7.23116 0.03480 0.03134 1.95925 163 143 10 149 113
396 3419 9.07831 0.24578 0.03866 1.13815 127 108 13 114 79
911 3830 7.55618 0.01689 0.10986 0.30261 152 132 14 150 107
383 3376 6.32253 1.24007 0.06796 0.93920 379 349 28 374 293
2475 3430 8.36451 0.86336 0.66195 6.21136 224 205 16 219 80
866 3776 9.74564 0.04087 0.12370 1.23226 249 228 17 246 195
100 1562 7.41344 1.89660 0.28325 1.99272 299 260 24 296 216
118 4527 8.24795 1.25623 0.11009 0.67377 331 295 23 325 228
146 1580 7.66240 0.06569 0.18079 1.60572 191 156 23 187 131
205 1627 9.57461 0.65768 0.16419 0.47970 171 146 15 169 135
1567 4527 9.65184 1.84866 0.11538 0.87088 193 163 19 189 124
2357 3307 6.17660 0.02395 0.03045 0.85957 390 364 24 386 295
852 3782 6.77644 0.04425 0.06273 1.57172 289 269 17 284 216
427 2476 8.85623 0.99337 0.84930 6.34483 154 142 9 146 58
503 3507 8.01160 0.01717 0.10895 0.48537 228 198 16 220 168
2463 3440 9.41385 1.45437 0.43485 4.78012 88 75 8 82 42
834 3771 7.15572 0.08385 0.10559 1.19616 337 298 27 332 249
482 3474 7.66966 0.01282 0.12356 0.46562 194 169 18 194 140
424 3412 8.48436 0.79900 0.35792 5.58012 178 148 9 166 77
1576 4533 9.88366 1.65080 0.15507 0.55673 231 207 16 229 188
511 3520 9.10472 0.08179 0.14439 0.54321 145 105 29 141 97
744 3701 9.65059 0.76056 0.11743 1.81402 214 177 24 206 161
1399 3548 8.52661 2.56541 0.14981 0.24549 319 282 26 317 252
788 3719 6.57880 0.01754 0.04659 0.32385 252 228 21 250 209
