2842 3137 10.28570 0.02001 0.34457 1.14398 158 14 18 147 105
2793 5444 11.06247 2.94905 0.67929 1.73731 111 0 1 99 59
488 3515 10.56562 0.10188 0.49713 0.72470 62 2 4 58 45
4170 6469 10.78194 2.76833 1.10564 2.25255 60 0 0 53 34
2933 3138 10.81961 0.01709 0.21571 1.02182 165 23 16 160 125
4272 4406 10.77024 0.01125 0.70194 0.76002 45 0 0 42 27
551 7156 11.19273 2.95583 9.42240 8.67186 28 0 0 9 8
1601 6029 10.07730 3.06250 0.81485 2.97717 81 0 0 79 50
209 7367 11.82651 2.89787 0.13529 1.70249 122 5 26 116 63
439 7210 11.56698 3.10076 1.43410 0.94750 97 0 0 94 70
4271 4336 11.27196 0.01407 0.57141 0.81517 48 0 4 40 28
4271 4404 11.27196 0.01407 0.71618 0.86502 49 0 0 49 35
7429 7507 11.25316 0.01296 0.23906 0.82756 76 7 14 76 52
3084 5477 11.92975 3.13191 10.32347 179.44680 86 0 2 45 57
3060 5475 10.45492 3.13401 0.63497 1.69604 95 4 2 93 44
1592 6076 10.40920 3.10919 0.68964 1.09932 12 1 0 12 6
1178 4083 11.90730 0.02889 0.52384 1.12605 82 0 3 82 73
4133 6514 11.38160 nan 0.93453 2.16700 14 0 0 14 7
4271 4799 11.27196 0.01407 0.58752 0.76208 57 0 0 53 41
1510 6184 11.88497 3.09254 1.34198 3.97877 33 0 0 17 11
2205 2324 10.08808 0.02070 0.60732 0.62244 130 0 0 113 91
2407 5445 10.50813 2.96571 0.74507 1.80775 112 0 0 104 66
3939 6708 10.79658 3.10509 0.94922 2.22211 45 0 0 43 22
2202 2410 11.49669 0.02420 0.57600 0.37742 74 2 0 74 57
3040 5444 11.06605 2.94908 0.67397 1.77078 119 1 2 111 67
2203 3079 11.05481 0.02316 12.60710 1.32854 92 0 0 70 64
578 7147 11.25232 3.00914 0.95315 1.47353 26 0 0 24 14
2202 2791 11.49669 0.02420 13.70320 1.38706 69 0 0 51 41
2862 5475 10.45492 3.13401 0.50963 1.86844 91 9 2 87 49
358 7263 11.77573 2.96327 0.91008 1.82606 49 0 0 44 25
4273 4387 10.24980 0.00372 0.61409 0.57198 58 0 0 56 45
1004 6771 10.15407 2.98035 0.61781 1.59790 166 2 1 158 126
3167 5431 11.70679 2.71250 0.37498 0.75329 36 2 5 27 22
4336 5015 11.47663 0.01429 0.72991 1.38593 48 3 2 29 20
7428 7543 11.74928 0.01419 14.13412 0.81421 51 0 1 33 31
1536 6135 11.88065 2.34077 0.55625 1.09182 40 0 2 38 21
3727 6968 11.09867 3.00185 1.44683 2.78221 35 0 0 35 17
512 7197 11.98086 3.08385 20.10802 16.18428 13 0 0 10 4
2499 5444 11.06247 2.94905 0.73293 1.77564 119 0 1 113 70
3928 6692 10.25243 3.02006 1.22086 2.13552 75 0 0 71 38
560 3547 10.47178 0.22423 0.40980 0.65671 51 1 2 45 37
2187 5501 10.39527 3.09895 0.77622 1.61447 13 0 0 9 8
2465 5444 11.06247 2.94905 0.74703 1.68911 135 1 1 102 78
523 7191 11.64097 3.05963 8.67634 175.30364 25 0 0 18 17
319 7265 10.69860 3.00779 0.90859 1.85625 103 0 0 101 55
893 6882 11.14054 3.13706 1.26922 2.89029 38 0 0 35 12
1756 5849 11.36020 3.05658 1.18349 0.91514 134 0 0 123 83
1624 6036 10.41035 3.11029 0.73730 2.30953 75 11 1 69 43
4828 5015 11.47663 0.01429 0.65555 0.82662 36 1 0 30 23
989 6753 10.83691 2.29045 0.59177 1.49095 163 1 4 156 110
2497 3139 11.38663 0.01475 0.20464 1.54662 109 8 6 95 84
2202 2625 11.49669 0.02420 0.58851 0.51889 83 0 0 74 53
3052 5476 11.20570 3.13283 10.19238 179.50822 74 2 0 32 44
1910 5725 11.26101 3.04343 0.78544 0.63180 62 0 1 52 30
4371 5015 11.47663 0.01429 0.49745 0.79966 40 1 10 33 23
2048 5614 10.43174 3.08955 0.47447 0.73542 20 0 3 16 9
3774 6916 10.48370 3.11127 1.20499 4.20142 22 0 0 22 7
4796 5014 10.97741 0.01408 0.39023 0.81469 42 0 4 40 27
4272 4947 10.77116 0.01120 0.62333 0.83228 53 0 1 49 41
1672 5936 11.79301 3.09894 0.73241 0.71928 92 1 1 82 53
113 169 10.75039 0.04458 0.20670 0.71655 107 7 11 95 77
3694 7003 11.88168 3.00898 0.71795 1.54788 23 0 0 17 14
2576 5444 11.06247 2.94905 0.74478 1.78685 120 1 1 110 75
3643 7039 10.52697 3.08488 1.04854 1.81833 64 0 1 62 41
2465 3140 11.98752 0.01419 0.45827 1.07520 87 2 8 79 47
2205 2292 10.08808 0.02070 0.49221 0.61230 108 1 1 97 76
7432 7535 10.50319 0.01566 0.53232 0.90092 81 0 0 75 57
1625 6000 10.45692 2.91145 1.12611 0.89438 91 0 0 89 46
2258 3137 10.28178 0.02095 0.26808 1.20268 148 9 14 140 88
2484 5477 11.93388 3.13196 10.14827 179.44751 76 0 0 48 53
351 7245 10.01021 3.08236 1.10218 1.11136 86 0 0 79 61
2411 5476 11.20983 3.13290 10.45489 179.50822 73 0 2 35 40
4663 5013 10.22837 0.01310 0.26507 0.91386 54 4 2 46 38
2802 3140 11.98752 0.01419 0.25412 0.90049 99 5 11 97 57
2924 5477 11.92975 3.13191 10.20603 179.44680 76 1 0 54 50
11 142 11.75631 0.02808 1.26935 0.23903 52 0 0 50 43
3720 6970 10.88772 3.09206 1.33039 2.47891 33 0 0 29 13
5210 5338 10.98272 0.01316 0.57752 0.74913 106 5 6 99 62
1076 6650 10.97739 3.13688 1.33562 2.67898 95 0 0 90 38
3079 5445 10.51161 2.96574 0.52918 1.83270 123 1 3 114 73
508 7199 11.71929 3.09812 1.24143 0.53959 21 0 0 19 15
3681 7003 10.69123 2.95740 0.81881 1.78465 65 0 0 63 45
783 6988 11.37710 3.11473 0.87083 1.89445 49 0 0 44 29
4042 6585 11.03005 3.08358 1.06474 1.79100 29 0 0 27 17
754 7018 11.36990 2.94189 0.82842 2.28413 49 0 0 47 30
7428 7540 11.74909 0.01417 0.52883 0.83463 68 0 3 68 44
724 7047 11.14035 3.02502 8.83073 173.32092 20 0 0 14 12
4788 5015 11.47663 0.01429 0.45959 0.82139 58 3 6 31 33
4702 5015 11.47663 0.01429 0.35610 0.84302 53 5 3 49 40
202 7381 11.42491 2.96388 0.39088 0.67202 99 7 3 93 59
1309 6418 10.46674 3.11723 0.67988 1.96503 31 1 1 25 17
5208 5281 11.98285 0.01307 0.85404 0.74336 93 0 0 91 61
3063 3140 11.99147 0.01379 0.38238 1.05351 103 6 10 95 66
3967 6676 11.19348 3.13718 1.27666 1.83120 34 0 0 28 12
2686 3140 11.98752 0.01419 0.39675 0.97919 83 1 7 73 48
1245 6486 11.55414 3.11703 0.88493 4.72862 12 0 1 9 6
991 6741 11.65740 2.19848 0.76571 1.89878 70 0 0 66 44
2672 5444 11.06247 2.94905 0.72662 1.73416 120 0 0 107 60
2364 3140 11.98752 0.01419 0.40317 0.84163 82 4 4 67 40
3715 6977 11.33154 3.12405 1.13439 2.59601 10 0 0 6 3
541 3544 11.74476 0.15328 0.21075 0.47970 59 12 18 56 46
2309 5476 11.20983 3.13290 10.46517 179.50822 72 0 1 38 42
1558 6076 10.57850 2.90479 0.67012 1.31254 49 0 0 45 28
240 7369 11.45907 2.99942 0.29208 1.73709 88 4 2 77 61
492 7185 10.84931 2.97515 1.17371 1.12883 49 0 0 47 26
4626 5013 10.22837 0.01310 0.28400 0.73115 54 4 5 46 34
5210 5321 10.98272 0.01316 0.65337 0.74860 118 2 7 116 86
4272 4898 10.77126 0.01155 0.57301 0.64285 64 0 0 62 50
3903 6725 11.02109 2.41530 0.74996 1.62124 84 0 0 80 54
646 7099 10.29160 3.05641 1.49963 1.71463 60 0 0 56 18
2550 5477 11.93388 3.13196 10.55529 179.44751 69 0 1 40 43
4110 6516 11.60281 3.13436 1.17869 2.26710 29 0 0 27 17
4337 5014 10.97741 0.01408 0.31045 0.93628 67 6 3 60 49
2924 3139 11.39058 0.01408 0.40166 0.80649 101 4 5 82 56
2417 5445 10.50813 2.96571 0.64837 1.97278 130 0 0 119 61
5297 5390 10.24948 0.12549 0.19576 0.49968 48 5 6 33 29
2887 5445 10.51161 2.96574 0.60582 2.09947 126 1 4 109 71
3127 5434 11.02124 2.75080 0.76224 1.81704 127 1 1 125 79
4139 6509 11.78473 3.13977 1.21281 2.58710 15 0 0 12 4
2608 3138 10.81564 0.01799 0.14439 1.11136 176 30 14 171 148
2893 5444 11.06605 2.94908 0.67055 1.67538 125 2 2 115 65
226 7349 11.76580 2.81838 0.20555 2.22211 90 4 15 88 55
2204 2963 10.55489 0.02191 0.55430 0.86953 104 1 1 94 72
1844 5745 11.13482 3.11698 1.22284 2.09518 117 0 1 97 76
4272 4397 10.77024 0.01125 0.59922 0.62055 45 0 0 41 31
505 3526 11.46548 0.13809 0.35690 1.40556 26 1 2 26 19
2538 5443 11.65748 2.93190 0.66488 1.67911 165 0 3 145 112
81 138 10.75197 0.02425 0.74215 0.19979 80 0 0 78 64
2775 3140 11.98752 0.01419 0.32385 0.87043 105 7 13 101 78
283 7324 11.93102 3.10492 0.91783 0.93209 38 0 1 34 24
2983 3137 10.28570 0.02001 0.31585 1.18267 153 11 10 145 99
2912 5445 10.51161 2.96574 0.76509 1.89010 132 2 1 120 72
2585 5475 10.45907 3.13408 0.38672 1.65895 75 6 4 71 36
4771 5014 10.97741 0.01408 0.48475 0.78634 62 4 3 58 48
2753 3140 11.98752 0.01419 0.33054 0.98198 94 7 9 86 68
3069 3139 11.39058 0.01408 0.14498 0.84996 104 11 7 100 68
3795 6891 10.39161 3.13936 1.69453 2.63686 16 0 0 9 6
2606 3138 10.81564 0.01799 0.21208 1.07484 133 14 9 123 93
2205 2296 10.08808 0.02070 0.61287 0.47970 107 0 0 104 84
2518 5476 11.20983 3.13290 10.39641 179.50822 85 1 2 48 50
2838 3139 11.39058 0.01408 0.18170 1.28998 96 5 2 82 53
469 7197 11.37693 3.01921 1.29523 1.15521 89 0 0 85 61
1549 6089 11.86966 2.65604 0.77920 1.56298 34 0 0 24 13
2413 3139 11.38663 0.01475 0.21755 1.06422 98 6 12 81 58
2995 5443 11.66109 2.93193 0.70912 1.67608 160 1 3 154 88
4314 5016 11.97357 0.01623 0.33924 0.94295 54 3 3 42 36
2320 5475 10.45907 3.13408 10.22791 179.56524 80 0 0 55 47
1764 5841 11.13486 2.96792 0.88535 1.10500 99 0 0 86 53
2679 5476 11.20983 3.13290 10.51043 179.50822 77 2 2 46 56
1796 5848 10.09604 2.89143 0.45635 1.13952 67 2 4 47 24
4273 4945 10.25074 0.00397 0.67481 0.26393 57 1 3 53 43
1301 6427 10.28609 3.13133 1.05909 2.12025 59 0 0 51 31
1574 6132 11.51661 3.10593 0.15618 1.35682 27 0 4 27 13
1227 6504 11.53815 3.13066 1.65351 2.92222 27 0 0 21 7
2581 3140 11.98752 0.01419 0.34982 1.09718 74 3 12 64 38
540 7160 10.24544 2.98576 1.06411 2.53157 35 0 0 33 24
1411 6304 11.56737 3.12720 1.46568 0.81996 79 0 0 74 47
501 3498 11.11976 0.08551 0.44308 0.62181 55 7 5 55 36
620 3581 11.28906 0.07274 0.29176 0.76668 41 5 6 39 26
5209 5283 11.48280 0.01318 0.70876 0.76259 100 0 2 98 76
784 6987 11.25326 3.11819 1.17573 2.02758 51 0 0 49 39
4125 6520 10.30305 3.13556 0.90216 2.52398 22 0 0 16 9
2358 5475 10.45907 3.13408 0.43383 1.67445 96 4 4 90 57
2960 5476 11.20570 3.13283 10.12476 179.50822 75 0 2 70 51
3744 6935 11.81514 3.09863 0.50206 3.06912 20 0 0 13 14
874 3798 11.74607 0.00900 0.34100 0.32506 19 0 6 15 13
1940 5712 11.26322 2.93346 0.32788 0.82187 99 5 2 90 49
2203 2398 11.05882 0.02282 12.58423 1.30836 88 0 0 53 57
3911 6769 10.46197 3.00565 0.66895 2.18767 58 0 5 53 38
4038 6590 10.08498 3.08922 1.28506 2.31054 94 0 0 87 32
276 7299 11.83290 3.02287 1.06607 1.17236 50 0 0 44 29
1815 5772 10.03213 2.50966 0.77439 1.23701 68 0 0 52 29
4270 4413 11.99992 0.00666 0.59945 0.55953 43 4 3 38 30
1862 5730 10.24143 3.10016 1.05449 0.74913 84 0 1 54 39
4867 5014 10.97741 0.01408 0.45711 0.78634 49 3 2 26 24
2296 5477 11.93388 3.13196 0.38943 1.88222 58 3 4 54 32
906 3806 10.50705 0.01391 0.28196 0.67897 104 2 14 91 73
1948 5705 10.09054 2.99415 0.33516 0.86139 82 1 3 76 35
4460 5013 10.22837 0.01310 0.28687 0.76156 63 5 1 41 39
4144 6485 11.09883 3.11521 1.41316 2.91417 7 0 0 2 3
2996 3137 10.28570 0.02001 0.31684 1.14329 137 9 13 116 92
3097 5477 11.92781 3.13194 10.46741 179.44822 76 1 0 45 50
225 7378 11.46465 2.84751 0.63632 2.05881 112 0 2 107 45
203 7373 11.71085 2.95922 0.31284 0.92026 83 1 7 79 53
59 142 11.75631 0.02808 1.27699 0.47560 34 0 0 32 26
2404 3140 11.98752 0.01419 0.22088 0.88027 93 8 7 85 48
731 3650 11.19763 0.10998 0.36448 0.84441 75 2 20 73 53
1525 6197 11.76704 3.04467 0.86245 3.01116 16 0 0 16 4
2897 5476 11.20570 3.13283 10.42272 179.50822 80 3 0 58 61
1255 4142 10.98816 0.03537 0.42988 1.28998 20 1 2 18 13
880 6896 11.54188 3.13452 1.34748 2.67898 17 0 0 10 7
4270 4856 11.99992 0.00666 0.54650 0.24549 33 1 6 31 21
203 7375 11.46351 2.96016 0.42344 0.72145 82 7 12 82 40
3622 7063 10.09100 3.03184 1.21782 1.72101 34 0 0 31 23
2202 2529 11.49669 0.02420 13.52519 1.38706 93 0 0 61 58
3128 5468 11.34349 3.13102 0.45805 2.25689 93 3 2 83 65
4893 5016 11.97652 0.01461 0.62819 1.53799 49 3 1 38 34
4271 4720 11.27196 0.01407 0.80738 0.76310 26 0 1 26 19
863 3787 10.49507 0.01264 0.18663 0.88603 56 2 8 44 30
2888 3137 10.28570 0.02001 0.26245 1.15012 156 16 15 150 108
