2000 3419 11.77103 2.29658 0.82970 2.60068 80 50 16 70 37
939 4195 10.75276 0.55559 1.54945 4.54010 47 9 18 45 23
1981 4568 11.29674 0.04255 0.86904 2.37339 92 2 5 83 46
1795 4404 10.92120 0.64557 0.32295 2.42495 46 16 0 46 19
3424 4572 11.36026 1.65936 0.74114 2.13772 153 18 7 146 73
941 4221 11.09795 0.03076 0.34051 2.03548 175 40 39 166 126
3313 4624 11.54661 1.93089 0.61274 5.67098 16 1 2 8 6
3398 4574 11.66679 2.98580 0.67851 0.37534 66 13 6 62 43
1944 4535 10.67241 0.06258 1.84093 1.54687 77 0 0 73 41
2013 3414 11.94384 2.91902 0.31091 2.32608 62 46 6 54 31
1004 4265 11.18746 0.01602 0.26957 0.90222 93 71 15 93 58
3411 4586 11.09934 2.30212 0.59165 3.10287 91 36 7 87 50
3360 4601 10.07671 3.12944 0.05510 3.17891 63 32 17 50 28
3316 4625 10.05877 1.99911 0.98306 6.93777 16 2 0 11 10
2015 4579 11.80682 1.34021 0.56671 4.25984 45 13 5 36 19
1003 4248 10.56080 0.02116 0.32910 0.90957 41 27 8 39 20
1036 4277 11.74153 0.79050 0.11599 1.16668 201 109 9 199 125
1025 4274 11.85598 0.18143 0.15032 1.34319 78 51 7 76 55
3420 4569 11.16863 1.78615 0.58327 0.87492 124 28 17 111 85
3369 4594 10.53298 3.11977 0.52797 3.72015 92 42 11 88 46
1011 4252 10.43428 0.02551 0.16469 1.10287 55 35 16 53 33
993 4259 11.01126 0.01514 0.42322 0.88382 50 29 12 42 22
2004 4562 10.60807 0.72206 0.74098 0.52489 93 17 4 88 58
1834 4412 11.87768 0.00420 0.09153 0.29871 15 9 4 13 8
1875 4467 10.31848 0.02322 0.71534 0.88867 49 8 1 40 25
3313 4629 11.68643 1.86852 1.51213 4.91773 5 0 0 5 2
1034 4260 10.88328 0.64929 0.18265 1.25367 97 81 11 94 66
3335 4630 11.35303 2.62880 0.36009 2.49356 93 63 20 83 54
926 4210 10.75146 0.07148 0.53508 2.24298 150 21 3 146 102
1910 4502 11.95305 0.07152 1.15020 1.48438 67 0 1 62 37
1813 4413 10.62826 0.04454 0.22958 1.71304 85 48 14 69 55
980 4250 10.90960 0.01631 0.37944 0.71764 76 34 14 66 43
909 4184 10.79670 1.93821 0.59818 3.01142 79 33 10 71 37
1976 4547 11.30759 0.01199 1.05950 0.63674 143 2 1 136 116
915 4178 11.78967 1.91361 0.32410 4.43447 73 56 6 69 32
953 4211 10.15524 0.05537 0.42242 2.99029 141 43 82 139 87
1840 4418 10.72135 0.02521 0.18153 1.45023 61 48 5 56 36
3341 4612 10.69718 3.02119 0.14744 2.51061 101 62 13 101 65
2006 3408 10.52550 2.96467 0.69993 2.42979 107 79 7 96 42
923 4179 11.02409 1.52544 0.24033 4.02497 80 34 18 68 46
928 4183 10.43089 1.23718 0.43681 3.46769 101 16 16 87 51
1924 4499 11.64191 0.07469 1.50996 1.01799 67 0 1 58 34
3403 4589 10.95719 2.79297 0.35883 3.26878 99 18 2 80 60
2012 3405 11.38195 2.42277 0.55246 2.01752 112 77 22 99 34
990 4240 11.05713 0.01777 0.31879 1.08065 42 15 10 40 17
914 4181 10.27047 1.83737 0.40380 3.37684 129 82 21 127 67
909 4198 11.32270 1.16772 0.38097 2.46577 68 35 25 64 49
1773 4395 10.52059 1.63534 0.47927 3.89692 67 40 5 59 42
909 4185 10.34135 1.88849 0.47340 2.87317 62 26 24 60 29
904 4191 11.88056 1.79913 0.41230 2.59344 53 35 12 51 30
1003 4247 11.85033 0.01925 0.39183 0.85318 20 5 6 11 7
945 4202 10.75995 0.16724 0.64033 3.27978 122 23 54 120 64
993 4242 11.04556 0.01593 0.28564 0.97398 49 28 8 47 26
3375 4605 10.08040 3.11669 0.59365 2.42866 33 5 2 26 12
1917 4492 11.66333 0.08720 4.21144 4.99850 25 0 0 5 12
1920 4496 10.29123 0.07388 1.37921 1.15623 45 2 0 39 22
1953 4527 11.82973 0.05470 2.22006 0.49732 56 0 0 56 27
2020 4573 11.91393 1.54531 0.67277 4.81735 44 15 4 38 23
1034 4276 10.97397 0.66361 0.39086 1.24710 171 96 22 167 107
1999 3415 11.39773 2.44775 0.42044 2.59827 91 59 16 89 40
1775 4398 11.22049 1.59651 0.42362 3.59761 36 17 1 34 26
1995 4576 11.99923 0.21194 0.65635 2.94131 78 24 4 69 62
3326 4631 10.67376 2.23366 0.80756 3.34387 26 15 5 22 13
1003 4265 11.85233 0.01634 0.26708 0.92450 104 92 6 102 89
956 4213 10.99299 0.04848 0.22383 2.47291 59 16 17 55 23
2011 3406 10.85734 2.54035 0.37053 2.09686 140 88 12 132 54
1787 4387 11.94287 1.16181 0.49663 1.64282 88 43 7 88 57
1846 4423 11.27993 0.01279 0.84756 0.77733 59 5 0 54 40
1971 4543 11.59748 0.02409 1.24520 1.04717 102 0 0 88 66
3387 4597 10.54897 3.09658 0.25952 2.57997 52 8 2 48 24
1799 4406 11.22994 0.40873 0.07803 1.52213 76 39 4 67 42
1934 4525 10.74210 0.08102 1.68983 1.17236 85 0 0 85 68
1879 4455 11.93614 0.01705 0.88810 0.99780 61 8 1 56 45
1776 4397 10.39107 1.58363 0.52055 3.52737 67 27 11 67 34
1775 4391 10.73241 1.61475 0.40008 2.46783 59 28 5 56 37
1921 4512 10.95557 0.07440 1.73781 1.07556 24 0 0 19 15
1016 4254 10.51339 0.01777 0.03035 0.90914 73 61 7 67 52
3337 4614 10.61003 2.89118 0.21993 2.15159 131 104 10 123 83
948 4226 11.02207 0.02363 0.08377 1.27534 93 53 33 87 61
931 4185 10.91660 1.12040 0.65628 3.37649 86 16 16 80 29
925 4209 10.48984 0.09126 0.54851 1.82134 75 14 15 73 31
1024 4257 10.44843 0.13301 0.24500 1.70892 62 43 13 58 42
1048 4275 11.27001 1.44258 0.27975 0.91600 110 78 15 104 68
3335 4629 10.09324 2.64073 0.19956 2.59163 120 89 12 120 83
1996 4559 10.09778 0.26574 0.78149 1.33119 116 4 1 112 72
3320 4631 11.24219 2.03471 1.81843 9.18295 9 0 0 2 5
1847 4441 11.55264 0.03036 0.60943 1.81100 69 31 2 58 36
1855 4432 10.69944 0.01525 0.57630 0.49889 77 23 6 66 41
932 4187 10.41657 1.02100 0.20648 3.97276 118 7 11 112 68
935 4217 11.30734 0.02482 0.53726 1.75368 125 31 19 120 87
1988 4554 11.73670 0.04640 0.82568 2.00291 101 1 1 96 71
1966 4539 11.40828 0.03065 1.59822 1.16163 42 0 0 38 19
3313 4625 11.22320 1.91811 0.45059 7.41233 16 1 0 16 8
3337 4613 11.86500 2.89679 0.14981 2.22264 114 93 10 109 80
1973 4545 11.03296 0.01471 1.35989 0.96347 70 2 0 45 42
1930 4505 11.57754 0.07154 2.10614 0.83134 22 0 0 20 11
927 4211 11.01240 0.05930 0.55181 2.62957 160 13 7 154 105
918 4205 11.43448 0.41236 0.21387 2.54545 135 51 73 135 92
913 4180 11.16035 1.93124 0.33564 3.40398 69 27 15 51 20
3350 4607 10.75398 3.13012 0.22204 3.01844 74 32 16 66 33
1837 4431 10.31661 0.01613 0.31369 0.87581 85 53 8 68 57
1962 4536 10.60356 0.03098 2.28190 1.01799 95 0 0 90 76
1007 4249 11.88875 0.02524 9.39671 1.51025 40 0 0 40 26
1972 4562 11.86741 0.00792 1.09576 0.42058 70 1 0 65 43
2018 4574 10.62174 1.46662 0.75363 4.45298 36 12 0 19 13
2013 4578 10.18013 1.25027 0.52590 3.38853 96 42 14 87 75
2007 3416 10.76830 2.89315 0.38323 2.38162 87 41 13 79 36
3350 4623 11.07258 3.00671 0.42903 2.67298 61 37 8 47 29
1975 4563 10.21330 0.00829 0.80702 0.47313 71 6 4 66 23
2006 3405 11.65777 2.78985 0.33534 1.79450 107 77 9 105 56
3408 4570 10.87426 2.47119 0.48873 0.61038 56 23 7 56 31
1932 4508 10.13007 0.06367 1.89724 0.58283 38 0 0 34 23
3320 4620 11.54667 2.16904 1.90269 5.39005 20 1 0 17 12
944 4200 11.37483 0.26690 0.83991 3.59052 76 5 46 72 36
1828 4408 10.70368 0.02528 0.22250 1.42903 89 63 14 77 58
1880 4457 10.42538 0.01939 0.92863 1.11908 92 1 0 67 61
3331 4631 11.33074 2.44948 0.44682 2.14722 69 55 7 62 45
2019 4574 11.28046 1.50488 0.76054 4.74310 24 5 2 22 14
2014 4578 10.50472 1.29741 0.72604 3.86554 88 15 10 77 59
3315 4624 10.75753 1.98481 0.43999 5.96095 18 2 1 16 10
1846 4439 10.12485 0.02364 0.20776 1.41996 75 58 6 68 48
1805 4392 11.92984 0.21849 0.14371 0.68643 96 75 11 81 74
1972 4561 10.60044 0.00623 0.91827 0.31898 124 1 1 111 80
967 4240 10.72533 0.01756 0.15646 0.89613 109 48 47 101 58
3342 4611 11.31307 3.04279 0.21474 2.77516 89 43 4 86 56
913 4202 11.93999 0.76753 0.37734 2.79652 53 29 17 47 29
938 4193 11.22523 0.67019 1.52757 4.07602 67 16 20 61 21
2017 4571 10.04170 1.43489 0.82204 3.90766 75 8 5 75 51
3397 4591 10.03727 3.06997 1.17961 4.61490 79 5 0 73 32
3418 4569 10.56296 1.87584 0.60580 1.20820 141 32 16 133 86
1831 4410 11.25117 0.00843 0.40614 0.82567 24 13 1 16 12
994 4259 10.21233 0.01528 0.37637 0.88735 52 21 13 45 21
995 4243 11.35005 0.01201 5.17066 22.07758 53 3 0 39 34
3324 4620 10.04451 2.28863 0.57384 3.55479 40 31 0 34 28
1045 4277 11.81589 1.32315 0.15183 1.17170 95 66 19 86 60
3399 4574 11.01889 2.94948 0.63343 0.42613 73 19 6 68 38
1859 4452 10.91428 0.01579 0.40712 0.93712 65 35 7 62 38
3374 4607 11.67237 3.12439 0.50038 2.15577 27 9 5 23 9
3352 4622 11.27447 3.01766 0.42395 2.73509 49 30 9 47 26
2003 4561 11.35958 0.65753 1.02152 0.49889 77 1 0 73 48
910 4181 11.75361 2.03191 0.27246 2.70559 85 57 15 83 40
1048 4265 11.98599 1.42818 0.29408 1.05869 94 68 9 88 61
972 4226 11.61386 0.03017 0.14013 1.87263 69 28 14 61 42
3330 4631 11.14495 2.40421 0.45777 2.27331 39 23 6 36 22
905 4192 11.45899 1.70048 0.51702 2.77530 34 14 6 34 12
3408 4587 10.94561 2.48365 0.43299 3.32837 79 51 7 69 42
1884 4476 10.86859 0.03449 0.85415 0.68984 120 9 1 109 92
2002 3408 11.74755 3.06085 0.70557 2.64427 68 45 3 64 30
1038 4262 10.10514 0.90286 0.19495 1.33823 49 30 12 47 24
2009 3409 10.07049 2.84227 0.40656 2.68846 96 68 4 90 52
971 4244 11.93306 0.02119 0.20294 0.87849 132 75 41 130 89
1050 4273 11.32841 1.49845 0.18265 0.41965 75 58 9 73 52
1960 4551 11.58699 0.02696 1.90926 0.80891 60 0 0 45 25
996 4261 11.33696 0.01223 0.35326 0.72578 44 18 19 38 30
1821 4418 10.12617 0.03128 0.25858 1.76481 53 30 8 40 28
1808 4394 11.40235 0.15463 0.27819 0.90914 60 42 3 46 40
908 4184 11.30926 1.98541 0.53634 3.05044 73 32 16 67 26
1025 4257 10.93063 0.17115 0.25770 1.89093 58 40 4 46 37
1865 4442 10.81550 0.01758 0.93758 0.69942 71 9 2 63 48
1856 4433 10.68525 0.01605 0.82280 0.49732 110 23 3 108 69
3358 4601 11.83048 3.12923 0.17692 3.14199 80 19 5 78 48
1988 4572 11.24726 0.06362 0.61235 3.37057 117 23 9 104 58
962 4236 10.44283 0.01649 0.10295 1.10074 118 71 26 112 73
972 4244 10.96688 0.02179 0.22504 0.97999 154 83 59 152 116
1864 4457 11.20748 0.01387 0.87595 0.97076 38 8 0 24 20
1876 4468 10.39770 0.02699 0.69176 1.26671 64 9 3 56 44
910 4199 11.41509 1.06317 0.27407 2.45575 70 30 27 64 36
1798 4406 11.85898 0.46166 0.48706 1.97239 71 24 2 69 44
1787 4388 10.85736 1.16898 0.91437 2.25984 70 14 3 67 39
1955 4530 10.25962 0.03967 2.22157 0.40734 78 0 0 76 47
1038 4261 11.36001 0.90229 0.20218 1.09217 33 25 3 31 21
1987 4554 11.06692 0.03716 0.92948 1.93674 84 1 3 79 60
2012 4566 10.21233 1.21747 0.73532 1.52572 174 21 10 171 136
3418 4568 11.61788 1.87514 0.52584 1.46554 100 13 19 98 57
1902 4478 10.28896 0.01911 1.23945 0.77783 132 1 0 125 108
1871 4463 10.08523 0.01647 0.51485 0.85684 111 25 5 94 62
988 4239 10.56721 0.01697 0.78682 1.00755 56 13 13 49 25
2008 3409 10.09309 2.90685 0.35441 2.60444 82 50 17 78 37
991 4241 10.65182 0.01536 0.26236 0.93712 48 25 15 44 29
1792 4388 11.09643 0.87569 0.33297 1.40862 62 42 9 58 36
907 4197 11.84313 1.31813 0.19462 2.51559 64 36 19 62 42
2018 4577 11.79739 1.46103 0.56452 4.90832 32 10 5 30 13
1845 4423 10.03944 0.01190 0.66603 0.69210 73 23 3 67 51
1833 4428 10.89598 0.00736 0.34522 0.19782 103 70 10 101 73
915 4203 11.55690 0.62720 0.14215 2.89895 88 50 25 80 56
1861 4438 10.71111 0.01766 0.67026 0.46225 99 38 1 95 66
1915 4491 10.29585 0.08084 1.56965 0.66146 36 0 0 32 23
1800 4406 10.64921 0.35751 0.28745 1.41886 75 37 1 71 44
3359 4617 10.55261 3.08446 0.54269 2.47037 61 8 3 58 32
3419 4582 10.61624 1.85010 0.56635 3.87343 73 15 8 73 29
1032 4276 11.68811 0.54189 0.07581 1.40528 167 92 10 167 112
1818 4400 11.67105 0.03280 0.13709 1.69003 140 121 12 133 79
951 4209 10.20779 0.05337 0.44260 2.90906 141 31 74 134 94
1050 4268 11.40344 1.48604 0.17246 1.00988 190 134 15 180 120
3336 4614 11.18141 2.85533 0.23110 2.20975 74 56 11 69 46
1964 4555 11.83696 0.02242 1.45937 1.24175 134 0 0 130 106
989 4240 10.18471 0.01666 0.15467 1.00015 43 25 10 38 20
933 4186 11.61900 1.06941 0.18558 3.80509 136 2 10 133 69
3318 4631 11.65608 1.98073 0.77102 5.27243 4 0 0 4 3
2015 4566 11.82640 1.35950 0.94957 2.86157 98 2 2 92 54
