472 9812 11.33911 0.01522 0.80216 0.95039 36 0 0 31 24
9417 9580 11.73887 0.01360 0.45132 0.93461 90 1 2 83 71
471 853 11.73438 0.01541 0.65262 0.95491 31 0 1 29 22
173 4386 10.75450 0.01352 0.27424 1.18960 169 4 5 166 148
2608 2879 10.34603 0.00507 6.94852 4.05154 141 0 0 97 112
7398 7886 10.66289 0.01038 0.34332 0.57878 43 2 9 26 24
128 8932 11.75814 0.01427 0.76477 1.10074 55 0 0 49 45
861 5653 11.51009 0.00689 0.54422 0.64102 35 0 0 31 26
467 5526 10.98902 0.00864 0.47220 0.50590 32 0 1 30 24
5276 5640 10.24678 0.00458 0.31467 0.73913 57 6 14 57 47
9036 9578 10.73478 0.01693 0.38013 1.04380 129 4 4 124 106
4395 4781 10.26359 0.00659 0.45788 0.40542 188 3 8 186 168
10335 10462 10.03247 0.02840 10.36660 5.08723 60 0 0 45 39
467 5176 10.98905 0.00820 0.56760 0.49337 15 0 0 15 8
2621 3421 10.49943 0.00616 10.01388 5.41327 26 0 0 5 8
2622 3287 10.50040 0.00555 8.01290 2.19571 22 0 0 15 12
5210 5643 11.75281 0.00514 0.48758 0.35166 37 0 1 33 26
2903 7301 11.21096 0.01277 12.64971 0.44587 29 0 0 6 15
871 5394 11.75400 0.01364 0.24692 0.87492 41 5 3 39 33
2593 2678 11.01334 0.00400 13.60274 0.26393 43 0 0 32 24
1597 6457 11.11532 0.01370 0.49081 0.83087 67 0 8 67 49
4391 4684 11.01433 0.00882 0.56319 0.60328 80 3 0 80 64
165 4571 10.25909 0.01222 0.62985 0.36691 180 0 2 177 161
5119 5536 11.25046 0.00640 0.43587 0.38765 17 0 0 15 11
6430 6480 11.62721 0.00437 0.33746 0.32746 68 3 6 66 52
2623 3175 10.14935 0.00507 2.59038 3.24751 50 0 2 25 31
2616 3023 11.40075 0.00559 4.86137 2.17421 44 0 0 29 31
2611 2943 11.75371 0.00569 6.64323 2.87957 54 0 0 42 45
3600 7657 10.66031 0.00542 0.20520 0.35166 50 2 6 48 35
2169 6917 11.55061 0.03021 0.75680 0.21850 55 0 0 44 34
894 5685 10.37607 0.46267 0.40777 1.16365 17 0 0 17 10
3452 7324 10.46743 0.00854 12.52520 1.34144 16 0 0 5 5
1903 6683 11.91269 0.02960 0.71229 0.83322 31 0 1 28 18
868 5237 10.00870 0.01253 0.25043 0.91386 73 10 2 71 62
2622 3111 10.50040 0.00555 25.51083 0.31898 37 0 1 6 10
2963 7302 10.35164 0.01278 11.80812 2.30240 14 0 0 3 5
457 631 10.50817 0.00403 0.38363 0.37949 46 0 3 46 35
2624 3429 10.14860 0.00533 9.65325 2.53018 32 0 0 11 16
3339 3534 11.89772 0.00899 0.33540 0.50899 17 2 2 10 12
877 5629 10.28897 0.01583 0.53375 0.62994 54 0 0 46 41
456 795 11.00853 0.00572 0.43602 0.47970 34 0 3 30 25
3133 3530 10.10154 0.00994 16.57116 4.96183 14 0 0 4 6
4824 9539 10.24559 0.00723 0.46252 0.58350 159 12 27 155 133
455 689 11.76960 0.00598 0.51078 0.57878 28 0 1 28 20
2790 3512 10.84755 0.00766 7.01983 0.44235 18 0 0 16 12
118 4332 10.74991 0.01447 0.57517 0.82898 139 1 0 139 125
2609 2902 11.90940 0.00507 7.01148 0.57946 113 0 0 88 94
1701 6448 11.84707 0.00772 0.22827 0.64891 55 4 6 51 37
2592 2797 11.55707 0.00483 14.13989 0.26688 22 0 0 14 9
3629 7591 10.13326 0.47270 0.89190 1.69165 25 0 0 23 10
2789 3515 11.35806 0.00770 10.17359 1.10995 37 0 0 20 15
3702 8310 10.08429 0.11314 0.26984 0.97478 14 3 0 14 9
456 522 11.00952 0.00481 0.56237 0.88337 48 0 3 43 35
3007 7303 10.00207 0.01284 8.82959 1.05869 10 0 0 5 3
2622 3435 10.50040 0.00555 7.97298 3.46690 29 0 0 27 12
9001 9184 10.99228 0.01013 0.46314 0.74178 171 13 18 167 134
5050 9762 11.54718 0.04783 0.82605 0.90914 39 0 0 39 25
4276 8892 11.50177 0.00639 11.30409 0.37220 144 0 0 140 119
2299 7020 10.98244 0.07089 0.28636 0.79328 67 8 5 63 55
851 5644 11.00640 0.00616 0.15961 0.26095 32 1 6 30 22
9054 9579 10.99214 0.01385 0.37079 1.07119 167 3 4 159 116
3527 7334 10.33072 0.01258 2.57454 0.71982 12 0 0 10 7
4853 9359 11.76266 0.01426 0.21619 0.97679 112 3 4 105 87
1611 6472 11.35945 0.01497 0.32620 0.87893 94 8 16 90 74
3630 8094 10.84035 0.50281 0.94710 1.75122 19 0 0 16 4
186 4721 10.99973 0.01010 0.39277 1.91377 136 0 0 134 111
3631 8111 11.39162 0.53306 1.46160 1.76458 9 0 0 4 1
4820 9028 11.26952 0.00703 0.65403 0.39762 88 0 0 79 61
2188 6959 11.35103 0.16039 1.05373 3.23010 64 0 0 62 19
692 5111 11.28863 0.00535 0.59012 0.32385 19 0 0 17 9
5119 5383 11.25048 0.00606 0.50648 0.87402 18 0 2 15 11
1124 5901 11.51007 0.01466 9.39874 9.06636 19 0 0 5 6
3268 3530 10.10154 0.00994 15.26172 1.72782 22 0 0 22 19
3328 3533 11.35089 0.00962 10.64475 1.49855 18 0 0 18 11
2594 2728 10.85770 0.00365 25.89821 0.18767 23 0 0 14 15
165 4760 10.25909 0.01222 0.64503 0.40056 102 0 1 100 84
2617 3356 11.39920 0.00640 7.33596 1.19091 23 0 0 7 3
3363 3531 10.64505 0.01036 11.07980 0.58551 14 0 0 12 8
590 9826 10.52250 0.01159 0.63629 1.10677 41 0 0 39 24
4824 9365 10.00452 0.00552 0.49519 0.37325 188 9 29 186 152
9425 9580 11.73887 0.01360 0.42024 0.87893 109 2 4 104 90
2773 7297 10.00458 0.00907 12.16051 0.97036 27 0 0 20 15
2616 7313 11.35910 0.00582 14.06182 4.38606 26 0 0 4 8
450 5122 11.51102 0.00760 0.39820 0.43521 56 4 2 56 41
10334 10431 10.53211 0.02975 10.69696 3.68025 69 0 0 54 62
4260 8863 10.76318 0.00526 0.30948 0.45628 124 5 16 122 99
7398 7786 10.66289 0.01038 0.30247 0.49889 26 0 7 22 15
4997 9716 10.29714 0.01291 0.49998 0.65730 60 2 1 58 54
2006 6780 11.09054 0.01489 0.29543 0.28255 69 2 15 67 48
870 5660 10.75634 0.02053 0.37572 0.31027 32 0 1 30 26
9484 9579 10.99214 0.01385 0.38938 1.11171 142 12 6 135 117
1633 6375 10.56375 0.00699 0.47201 0.39958 54 1 1 50 41
3631 7995 11.39162 0.53306 0.23714 1.72737 7 0 1 5 4
3629 7480 10.13326 0.47270 0.84608 1.63805 17 0 0 13 3
2619 3027 11.04744 0.00711 4.08478 1.51904 60 0 0 54 48
976 5735 11.25070 0.00908 12.88866 8.06314 14 0 0 14 11
2713 7296 11.05562 0.00871 12.80886 1.06422 30 0 0 27 23
187 4436 11.98668 0.01263 0.30976 2.00389 89 3 3 73 66
5138 5638 11.48454 0.01111 0.49002 0.86592 24 4 2 24 19
5118 5568 11.74907 0.00718 0.48533 0.41871 20 0 1 20 16
190 9353 10.75013 0.00781 0.74304 0.98834 127 1 9 123 97
2623 3132 10.14935 0.00507 26.68699 0.28667 32 0 2 12 12
189 9344 11.74867 0.00898 0.94432 1.37913 80 1 1 71 52
3629 7460 10.13326 0.47270 0.75540 1.70318 21 0 0 16 7
5302 5641 10.74659 0.00486 0.28574 1.22077 54 8 7 52 45
883 5674 11.05002 0.21303 0.43403 1.28694 18 0 1 18 9
2661 3510 10.29797 0.00829 12.46206 9.16594 65 0 0 56 52
869 5393 10.50818 0.01323 0.19391 0.80162 66 7 4 64 42
3631 7855 11.39162 0.53306 1.19617 1.79668 11 0 1 11 2
2645 3509 11.35484 0.00789 12.40915 1.15012 25 0 0 16 14
9015 9571 10.95918 0.02728 0.55073 1.58313 180 4 0 178 134
2625 3058 10.14779 0.00580 27.46583 0.32746 58 0 0 11 22
8132 8247 11.40301 0.43728 0.91185 1.46286 21 1 0 21 13
766 9827 11.67985 0.01142 0.80793 1.05795 42 1 0 36 30
2614 3436 11.94936 0.00614 8.84141 0.43969 19 0 0 17 12
4853 9421 11.76266 0.01426 0.35952 0.85592 105 2 0 100 84
5685 9843 11.94565 0.55264 1.26181 1.71692 9 0 0 9 6
1421 6210 10.21098 0.01242 0.38497 0.49258 86 3 0 84 63
2616 3340 11.40075 0.00559 13.73952 0.30390 22 0 0 20 16
602 859 10.74014 0.00919 0.47243 0.41871 40 0 4 38 25
2262 7020 11.32004 0.13175 0.25062 0.42151 134 13 20 132 116
869 5500 10.50820 0.01351 0.24624 0.76002 59 1 4 57 47
1629 6375 10.56713 0.00526 0.40159 0.48618 70 2 0 70 58
9000 9169 11.74228 0.01094 0.49103 0.71601 153 8 38 151 117
5274 9830 10.42122 0.01208 0.64025 1.60401 77 7 7 73 62
4547 8969 10.01552 0.01110 0.85533 0.81517 283 0 0 283 261
186 4524 10.99973 0.01010 0.39020 1.96064 134 0 0 122 108
467 5339 10.98905 0.00820 0.42734 0.48295 32 1 0 30 25
3573 7345 10.85946 0.01122 0.29174 0.63551 22 2 1 18 11
4393 4617 10.26022 0.00778 0.63335 0.70942 209 0 1 204 173
4824 9471 10.00452 0.00552 0.52000 0.55813 200 5 24 196 168
2653 3516 11.90222 0.00796 9.33952 1.64663 48 0 0 29 31
465 5478 11.73588 0.00933 0.46282 0.51129 30 1 3 28 18
3687 8318 11.67846 0.12774 0.38646 0.38461 19 1 0 16 11
7398 8191 10.66289 0.01038 0.38416 0.42428 36 2 5 36 19
8006 8248 11.85529 0.46580 0.46559 1.45050 15 0 0 13 5
4599 8969 10.01552 0.01110 0.84118 0.84534 221 0 0 219 196
2596 2788 10.30982 0.00316 12.89008 3.78061 60 0 0 24 38
9519 9578 10.74205 0.01270 0.46385 0.74703 109 0 1 109 95
2309 7058 11.36218 0.18745 0.27033 1.52829 26 1 0 26 21
4255 8858 11.76245 0.00384 0.36578 0.24389 106 8 17 100 82
9002 9225 10.25126 0.01010 0.53991 0.71162 190 1 0 190 153
3630 7833 10.84035 0.50281 0.56534 1.67585 13 0 0 11 4
3629 7518 10.13326 0.47270 0.83949 1.66742 23 2 0 15 3
10335 10402 10.03035 0.02833 11.11483 12.92572 54 0 0 43 44
10332 10423 11.54721 0.03155 12.94112 16.10221 81 0 0 79 67
2614 3299 11.94936 0.00614 11.72329 1.62871 26 0 0 14 19
5659 9844 10.21681 0.01177 0.47526 1.09289 29 2 2 27 21
1310 6113 10.55476 0.00778 0.34960 0.34035 12 0 0 10 10
4852 9526 11.24935 0.01377 0.44274 0.90135 71 10 3 64 56
5645 9827 10.76793 0.01590 0.48882 2.72448 40 0 0 36 27
3600 8025 10.66031 0.00542 0.58428 0.52638 72 1 6 39 33
5296 5642 11.50407 0.00450 0.40960 0.97156 36 4 1 32 28
9002 9530 10.25126 0.01010 0.57022 0.99229 188 2 0 180 154
2615 3235 11.75153 0.00590 13.86143 0.84534 23 0 0 11 16
2724 3511 10.65191 0.00813 6.67699 0.47147 23 0 0 11 15
2944 3530 10.99819 0.01010 8.82956 0.57471 12 0 0 4 3
1098 5871 10.25913 0.02268 7.72047 0.95859 36 0 0 26 24
3629 7508 10.13326 0.47270 0.99225 1.62462 18 0 1 18 7
269 4914 10.50215 0.00218 0.33629 0.46225 87 3 10 75 66
7864 8246 10.95663 0.41146 0.75585 1.78904 25 1 3 25 9
2594 2837 10.85512 0.00362 25.87387 0.19383 23 0 0 11 14
2614 3337 11.94936 0.00614 11.45551 0.35608 33 0 0 33 27
7397 7643 10.85805 0.01038 0.40070 0.55320 35 0 3 35 18
9407 9580 11.73887 0.01360 0.45936 0.97076 96 1 3 89 72
1528 6331 11.32901 0.01105 14.97123 1.01760 31 0 0 20 18
5260 9818 11.53701 0.01207 0.97823 1.26021 28 0 0 26 19
3136 7324 10.46316 0.00917 15.03396 1.23480 15 0 0 8 6
3720 8345 10.30047 0.00770 0.24643 0.36584 22 2 2 22 17
3966 8565 10.79995 0.00959 11.83023 3.99626 19 0 0 15 11
7395 7789 11.91205 0.01091 0.24165 0.44235 21 0 2 21 7
467 5341 10.98905 0.00820 0.52552 0.51813 50 0 2 48 36
2624 3473 10.84936 0.00578 12.21021 3.41913 19 0 0 9 9
2743 7318 11.52442 0.01092 14.04055 0.62932 12 0 0 4 4
4821 9058 11.75490 0.00687 0.65903 0.39167 146 1 1 142 121
2624 3368 10.14860 0.00533 7.01761 0.36154 18 0 0 14 9
1800 6574 10.36030 nan 0.37375 0.18975 74 3 4 71 60
8002 8245 10.40541 0.38381 1.03890 1.88305 19 0 0 10 5
1696 6421 11.16946 0.00871 0.43983 0.75277 73 3 0 70 52
3558 7329 11.75382 0.00345 10.83998 0.72632 12 0 0 9 8
3242 7302 11.25182 0.01280 13.63433 1.23353 12 0 0 2 4
9214 9578 10.74205 0.01270 0.48388 0.96914 139 1 1 135 125
7 126 11.52326 0.02952 0.96962 1.09253 104 0 0 100 82
2601 2870 11.36221 0.00478 10.24948 0.25179 91 0 0 83 76
9000 9197 11.74228 0.01094 0.49703 0.65372 131 6 41 129 111
869 5427 10.50820 0.01351 0.22902 0.85088 91 9 5 85 69
5486 5641 10.74660 0.00471 0.36377 0.53376 68 10 9 68 55
2659 3509 10.10594 0.00837 11.11157 0.69436 34 0 0 6 15
2703 3516 11.55116 0.00778 9.43424 0.42613 46 0 0 28 30
2623 3333 10.14935 0.00507 26.91849 0.28667 20 0 1 3 7
2614 3409 11.94936 0.00614 8.77797 0.56302 20 0 0 20 13
2618 3012 11.04822 0.00697 3.72193 2.69181 45 0 0 40 36
3631 8011 11.39162 0.53306 0.61365 1.87304 11 0 0 8 5
4850 9029 10.49222 0.01688 0.43330 1.11100 170 31 4 163 137
465 5499 11.73588 0.00933 0.58665 0.52786 26 0 1 26 15
2625 3160 10.14779 0.00580 27.05022 0.32746 37 0 0 10 13
171 4805 10.49759 0.01268 0.93263 0.68300 139 0 0 137 128
7938 8248 11.85529 0.46580 0.64998 1.42958 21 0 0 21 7
9168 9579 10.99214 0.01385 0.45769 0.87402 115 3 1 113 91
2900 7302 10.00040 0.01261 0.94641 0.72524 26 0 0 6 4
