46 2458 10.93899 0.00085 0.17585 0.15066 38 20 11 35 17 190 100.00000 0
595 1365 11.63918 0.00886 0.13528 0.15066 29 19 9 29 18 172 100.00000 0
2 2410 10.83188 1.08332 0.33854 1.49095 58 40 15 56 29 282 100.00000 0
4 2341 10.62587 1.34239 0.20102 1.60572 74 58 14 72 39 284 100.00000 0
2375 2429 11.63953 1.09843 0.22724 1.83035 41 30 7 36 20 209 100.00000 0
2293 2351 11.73693 0.14199 0.17937 1.04080 33 24 6 33 17 191 100.00000 0
583 1353 11.11828 0.00704 0.12075 0.43701 30 18 9 24 14 154 100.00000 0
830 2600 11.72119 0.03361 0.07928 0.58484 26 17 6 23 12 144 100.00000 0
26 2320 11.85411 1.40166 0.10984 2.12707 44 26 12 40 19 234 100.00000 0
740 1474 11.04118 0.01730 0.09247 0.97237 30 23 4 26 19 175 100.00000 0
768 1540 11.46680 0.04711 0.13249 2.40094 9 6 1 7 7 114 100.00000 0
151 2525 10.88839 1.50885 0.11418 0.87133 16 14 2 16 14 145 100.00000 0
567 1306 11.93804 0.21390 0.16350 0.33455 32 20 5 29 15 172 100.00000 0
25 2341 10.58463 1.36991 0.12918 2.26053 35 21 7 29 19 198 100.00000 0
28 2409 10.76865 1.14760 0.47673 1.70019 58 36 15 56 30 190 100.00000 0
27 2409 10.05551 1.15001 0.14331 1.94038 56 33 18 54 35 251 100.00000 0
1 2373 11.80218 1.33674 0.73779 1.75301 60 45 11 60 28 257 100.00000 0
5 2398 10.22260 1.33467 0.09060 1.82521 52 33 14 50 28 258 100.00000 0
596 1342 10.87567 0.00974 0.16192 0.46981 21 18 1 21 17 139 100.00000 0
797 1571 10.72722 0.45146 0.12072 1.22876 18 8 5 18 8 177 100.00000 0
32 2416 11.69083 0.84080 0.14022 1.23606 50 32 10 46 29 234 100.00000 0
0 2404 11.97429 1.26074 0.19209 2.03298 35 30 4 31 15 185 100.00000 0
584 1329 11.44588 0.01643 0.17642 0.49811 11 9 0 9 9 86 100.00000 0
740 1496 10.92571 0.01624 0.21077 0.72739 34 21 5 34 21 162 100.00000 0
4 2383 10.65034 1.34265 0.19209 1.59888 57 42 10 53 31 232 100.00000 0
24 2361 10.04750 1.36643 0.40613 2.48569 60 45 13 60 27 254 100.00000 0
726 1481 10.03635 0.02048 0.12425 0.71436 19 12 4 19 12 163 100.00000 0
1564 2566 10.70175 1.50673 0.13859 2.34819 24 17 5 22 11 124 100.00000 0
1 2375 11.79752 1.33567 0.37982 1.74988 46 35 5 44 27 245 100.00000 0
2360 2428 10.98106 1.06656 0.22871 1.64211 63 37 16 61 30 265 100.00000 0
712 1470 11.73819 0.02236 0.07577 0.67435 33 25 3 31 21 125 100.00000 0
681 1423 10.40942 0.01884 0.19377 0.28531 36 17 13 31 17 148 100.00000 0
583 1329 10.58680 0.01714 0.10008 1.04343 12 10 1 12 8 85 100.00000 0
919 2637 11.19761 1.57544 0.09939 1.14398 24 18 2 19 16 114 100.00000 0
1535 2585 11.70529 1.43565 0.16569 1.95425 20 15 3 20 10 110 100.00000 0
817 1528 10.77377 1.18721 0.47038 1.38931 22 11 2 17 13 99 100.00000 0
825 1568 11.70404 1.50176 0.36066 1.27840 20 8 5 18 10 170 100.00000 0
139 2526 10.04170 0.99317 0.19009 1.25336 15 11 1 15 11 114 100.00000 0
824 1549 11.47331 1.45764 0.19011 0.85180 29 18 2 27 19 177 100.00000 0
2300 2416 11.82551 0.67374 0.19023 2.16392 41 33 4 41 22 246 100.00000 0
24 2358 10.03758 1.36668 0.18846 2.49183 35 23 9 35 17 174 100.00000 0
515 1293 11.25712 2.67819 0.38203 2.62763 30 25 3 30 17 154 100.00000 0
708 1466 11.15262 0.02371 0.11659 0.22381 41 28 10 41 26 168 100.00000 0
745 1503 11.94916 0.06552 0.06896 0.46140 28 22 3 28 19 160 100.00000 0
866 2628 10.76031 0.04720 0.09017 1.58091 24 16 3 19 15 129 100.00000 0
2 2341 11.38150 1.33852 0.40212 1.69073 56 36 16 56 26 253 100.00000 0
2 2387 11.40851 1.33970 0.23009 1.70410 54 35 9 45 26 247 100.00000 0
884 2637 10.26543 0.12983 0.16310 1.08282 10 6 2 8 5 89 100.00000 0
543 1280 11.67295 1.66358 0.28331 1.93148 25 20 3 22 16 126 100.00000 0
643 1388 10.37749 0.02097 0.16025 0.29342 27 20 5 25 19 135 100.00000 0
824 1552 11.17464 1.47307 0.13290 0.60909 34 25 3 30 26 155 100.00000 0
773 1549 10.26261 0.04022 0.19840 2.11267 31 21 4 29 16 159 100.00000 0
841 2587 11.54700 0.01892 0.55290 0.65252 10 3 4 10 4 102 100.00000 0
26 2339 11.16932 1.36647 0.14046 2.14904 59 39 9 55 27 270 100.00000 0
25 2382 10.59903 1.36948 0.11668 2.25984 44 21 13 40 12 221 100.00000 0
1521 2575 10.17923 1.40703 0.15022 2.39359 17 13 1 17 8 123 100.00000 0
775 1557 11.67465 0.07071 0.24424 2.38950 25 22 3 23 8 128 100.00000 0
0 2406 11.87292 1.21274 0.20525 2.01713 42 25 14 40 23 220 100.00000 0
822 1540 11.25692 1.38793 0.22077 0.54680 26 17 3 18 12 137 100.00000 0
1576 2577 10.81003 1.51538 0.15048 0.61166 18 13 1 16 11 165 100.00000 0
2362 2427 10.32198 1.02867 0.21375 1.42272 45 30 10 41 18 203 100.00000 0
104 2514 10.79346 0.06914 0.33467 1.82134 31 25 4 29 18 163 100.00000 0
565 1303 11.90033 0.35548 0.17202 1.14569 15 7 3 9 7 95 100.00000 0
573 1317 10.50901 0.02034 0.06590 0.58417 14 6 4 14 7 108 100.00000 0
546 1326 11.65109 0.17241 0.09219 1.72010 22 15 5 20 13 133 100.00000 0
737 1493 11.13119 0.02668 0.14835 0.50822 33 25 4 28 22 187 100.00000 0
563 1336 11.37131 0.13468 0.13770 2.16862 23 16 3 13 8 144 100.00000 0
24 2336 10.03906 1.36620 0.35362 2.51793 73 53 13 73 28 278 100.00000 0
23 2315 11.47313 1.48938 0.18190 3.11759 47 30 12 47 19 240 100.00000 0
25 2365 10.58384 1.36866 0.45158 2.22704 37 21 11 37 16 202 100.00000 0
529 1282 11.26956 2.44269 0.80043 2.95035 22 18 1 20 10 147 100.00000 0
737 1471 11.66466 0.01107 0.14927 0.61548 35 28 5 33 22 175 100.00000 0
865 2604 11.63693 0.01499 0.14913 0.51358 13 10 1 13 7 114 100.00000 0
2293 2376 11.71953 0.14188 0.42826 0.99897 38 26 11 38 22 183 100.00000 0
17 2309 11.65034 1.51767 0.25364 2.55834 48 28 14 43 21 200 100.00000 0
752 1510 11.02960 0.13390 0.18911 1.49148 32 25 4 30 25 166 100.00000 0
27 2389 11.81937 1.36719 0.70854 1.89734 58 36 17 56 24 221 100.00000 0
586 1331 11.58355 0.01549 0.18476 0.61676 14 10 1 14 8 100 100.00000 0
789 1566 10.03461 0.22545 0.67974 1.73122 16 5 0 10 6 143 100.00000 0
769 1543 11.40710 0.04528 0.10373 2.51746 7 6 0 7 5 88 100.00000 0
27 2375 11.80736 1.36562 0.29604 1.95465 51 27 14 51 28 246 100.00000 0
799 1513 11.78918 0.37536 0.41392 1.03628 23 13 5 20 12 141 100.00000 0
27 2331 11.81117 1.36477 0.21340 1.97556 66 45 17 66 35 239 100.00000 0
2341 2429 11.63297 1.10052 0.15024 1.89589 46 28 12 42 22 216 100.00000 0
792 2565 11.47370 1.20942 0.16602 1.73235 20 17 1 18 13 125 100.00000 0
5 2387 10.29263 1.34510 0.11866 1.58856 92 76 15 90 54 314 100.00000 0
624 1368 11.41175 0.01324 0.25567 0.51889 21 9 6 16 7 239 100.00000 0
793 2566 10.57228 1.18263 0.22378 1.95204 24 9 9 24 12 112 100.00000 0
916 2627 11.62152 1.45207 0.09306 1.81186 10 10 0 10 8 72 100.00000 0
535 1280 11.32455 2.11320 0.53469 2.86170 17 12 3 14 7 87 100.00000 0
788 1566 10.38221 0.20558 0.27082 1.10889 13 6 2 5 7 126 100.00000 0
542 1323 10.85830 0.35420 0.34211 2.50202 10 4 3 10 5 112 100.00000 0
4 2393 10.63482 1.34212 0.17180 1.68261 59 44 12 56 39 292 100.00000 0
520 1313 10.65331 1.63807 0.22220 3.47142 14 9 3 12 6 117 100.00000 0
856 2620 10.82168 0.01847 0.30670 0.30901 7 5 2 5 5 121 100.00000 0
2293 2375 11.71962 0.14290 0.40721 1.02144 38 30 8 36 23 205 100.00000 0
849 2614 10.90120 0.00592 0.59340 0.61739 28 13 3 26 16 142 100.00000 0
27 2343 11.79208 1.36450 0.35821 1.86614 54 37 13 54 30 219 100.00000 0
3 2354 11.00165 1.34195 0.46285 1.64425 62 46 11 62 27 294 100.00000 0
28 2442 10.81052 0.02036 0.09836 0.86275 33 28 4 33 25 141 100.00000 0
1519 2578 11.66793 1.39084 1.35924 2.72491 12 7 3 8 4 101 100.00000 0
774 1500 11.20667 0.02587 0.23539 1.51103 26 19 2 16 17 119 100.00000 0
0 2405 11.92305 1.23969 0.06836 2.05823 33 27 4 28 18 209 100.00000 0
2 2347 11.37986 1.33622 0.10243 1.69581 49 37 9 45 30 204 100.00000 0
1 2372 11.80754 1.34093 0.31269 1.82048 62 48 6 62 37 272 100.00000 0
1523 2579 10.16952 1.40160 1.09981 2.81466 18 15 1 18 7 101 100.00000 0
55 2466 10.34770 0.01323 0.06495 0.92620 10 5 1 8 4 131 100.00000 0
822 2574 11.39987 0.06396 0.11350 0.68870 11 9 1 11 10 117 100.00000 0
854 2597 11.06671 0.01489 0.47611 0.69942 17 7 7 14 7 133 100.00000 0
1518 2576 11.77089 1.39266 0.53701 2.81814 9 4 1 4 2 116 100.00000 0
31 2415 11.20437 0.88999 0.33056 1.33501 35 19 6 33 17 139 100.00000 0
509 1304 11.72909 2.16563 0.21420 2.88011 32 23 3 26 11 142 100.00000 0
618 1386 11.13316 0.00832 0.27644 0.42058 20 10 6 16 9 165 100.00000 0
763 1491 11.86349 0.03237 0.12566 0.36477 27 14 9 25 14 136 100.00000 0
2359 2427 10.31873 1.02897 0.64593 1.39746 45 26 13 45 18 245 100.00000 0
747 1479 11.67712 0.01548 0.09407 0.65492 14 7 6 11 6 145 100.00000 0
513 1306 10.36536 2.04343 0.42357 3.09022 23 14 6 23 8 160 100.00000 0
787 2566 10.96029 1.32212 0.92581 2.56491 10 5 0 6 2 112 100.00000 0
802 2567 10.37612 0.88837 0.12854 1.56473 22 19 2 22 12 154 100.00000 0
2365 2427 10.31003 1.02748 0.24098 1.41167 64 45 13 64 33 261 100.00000 0
751 1483 10.77079 0.01507 0.03735 0.75950 45 35 5 40 32 186 100.00000 0
4 2417 10.55067 0.76945 0.27364 1.17136 49 31 14 47 23 285 100.00000 0
4 2403 10.36711 1.28480 0.29426 2.09275 37 22 9 35 15 214 100.00000 0
2295 2384 10.42894 0.14259 0.21802 0.78833 51 40 9 45 34 234 100.00000 0
12 2311 11.15060 1.50528 0.12190 1.75814 61 38 20 61 33 272 100.00000 0
66 2458 10.53798 0.00285 0.33056 0.23407 12 7 0 10 8 169 100.00000 0
2342 2427 10.31183 1.02909 0.44161 1.41748 48 31 13 46 24 238 100.00000 0
612 1357 10.91410 0.00355 0.22736 0.97558 16 10 1 11 9 160 100.00000 0
581 1351 11.02611 0.01117 0.06746 0.55532 27 21 2 27 20 142 100.00000 0
607 1353 10.27421 0.00539 0.15848 0.85821 26 12 5 22 12 200 100.00000 0
823 1539 11.92658 1.41236 0.12543 1.22429 28 15 3 22 14 145 100.00000 0
612 1381 11.54455 0.01643 0.24519 0.69998 18 10 4 18 11 183 100.00000 0
825 1551 11.87165 1.48175 0.26729 0.60587 17 15 1 17 12 123 100.00000 0
766 1532 11.10990 0.05289 0.20894 2.32927 14 9 2 10 9 131 100.00000 0
2349 2429 11.62844 1.10009 0.27404 1.86467 55 36 15 51 25 216 100.00000 0
640 1384 11.35806 0.03641 0.44218 0.28255 7 4 0 3 3 136 100.00000 0
786 1566 11.14171 0.17185 0.37712 1.40193 9 5 0 9 7 144 100.00000 0
909 2625 10.08337 1.20961 0.24265 1.75435 25 22 2 23 16 124 100.00000 0
2351 2429 11.62733 1.09946 0.25653 1.86760 30 13 7 23 14 213 100.00000 0
5 2388 10.28821 1.34143 0.10972 1.60328 82 61 17 82 39 313 100.00000 0
570 1311 11.60665 0.06447 0.20386 0.78435 10 7 1 10 7 105 100.00000 0
599 1344 11.70250 0.01072 0.31041 0.49732 16 9 3 14 6 161 100.00000 0
806 1573 10.08900 0.80071 0.23701 0.82803 48 31 6 43 29 219 100.00000 0
561 1300 10.59863 0.52653 0.13886 0.74388 28 11 12 22 14 154 100.00000 0
2 2396 11.37464 1.33109 0.20531 1.71189 36 25 5 32 22 201 100.00000 0
2 2327 11.37770 1.33784 0.14928 1.37316 42 32 4 40 25 224 100.00000 0
513 1303 10.13627 2.19268 0.28289 3.17583 15 7 2 9 5 167 100.00000 0
814 2571 10.15425 0.38129 0.52974 0.78733 15 7 1 12 8 114 100.00000 0
121 2500 11.93792 0.15387 0.94858 2.03682 9 2 2 1 3 100 100.00000 0
26 2373 11.16690 1.36603 0.21676 2.05309 37 19 13 33 16 195 100.00000 0
3 2402 10.81171 1.29859 0.23662 2.09013 36 18 12 36 15 207 100.00000 0
780 2567 11.83630 1.41893 0.71277 3.49099 6 3 0 6 4 101 100.00000 0
545 1284 10.09625 1.52196 0.16807 1.42437 45 33 8 43 29 179 100.00000 0
581 1326 11.13531 0.01596 0.24253 1.14774 19 10 4 14 12 105 100.00000 0
1554 2565 11.13388 1.49976 0.13814 0.94750 34 30 2 30 25 142 100.00000 0
528 1283 10.98001 2.48471 0.53005 2.87099 31 24 5 29 13 143 100.00000 0
2 2353 11.39246 1.33481 0.20869 1.73596 42 26 11 42 18 257 100.00000 0
600 1346 10.68940 0.00999 0.12101 0.87088 22 15 2 19 17 177 100.00000 0
7 2312 11.79154 1.49298 0.18410 2.37636 41 35 4 41 24 230 100.00000 0
2294 2391 11.04337 0.13987 0.14547 1.02067 50 33 14 47 21 245 100.00000 0
1523 2580 10.64905 1.40371 1.27796 3.05467 15 13 1 15 6 125 100.00000 0
27 2324 11.90775 1.37116 0.09796 1.44483 41 25 11 41 27 161 100.00000 0
2299 2409 10.01077 0.36506 0.15157 1.05832 94 70 19 94 48 329 100.00000 0
588 1333 11.71107 0.01540 0.24358 0.58950 23 16 1 20 18 107 100.00000 0
616 1385 11.89989 0.00704 0.09188 0.41022 18 14 0 9 11 139 100.00000 0
577 1320 11.93913 0.01633 0.18437 1.74069 22 15 0 11 11 113 100.00000 0
527 1317 11.20113 1.25423 0.95283 3.20235 10 6 2 7 4 150 100.00000 0
746 1503 11.07246 0.06654 0.17015 0.40251 27 15 6 22 12 138 100.00000 0
563 1301 11.42933 0.46310 0.11562 0.81277 25 21 1 22 20 106 100.00000 0
610 1378 10.44543 0.01670 0.23661 0.67144 16 9 1 12 11 146 100.00000 0
2373 2427 10.31331 1.02771 0.18775 1.42793 67 51 13 67 36 272 100.00000 0
24 2392 10.04264 1.36657 0.11466 2.53621 62 42 16 62 31 224 100.00000 0
569 1340 10.72652 0.12411 0.18294 0.92281 13 5 3 11 6 89 100.00000 0
558 1333 11.84365 0.09345 0.34949 2.86239 21 18 0 19 10 105 100.00000 0
25 2381 10.59779 1.37083 0.20931 2.28876 47 25 15 45 19 217 100.00000 0
820 1575 11.90368 1.39391 0.33591 1.16365 30 20 4 30 18 168 100.00000 0
2 2401 11.26625 1.30930 0.37873 2.13387 52 40 11 52 26 217 100.00000 0
24 2345 10.04960 1.36710 0.39611 2.47005 44 37 3 44 21 217 100.00000 0
1 2388 11.81227 1.33527 0.36130 1.72941 73 49 21 73 35 272 100.00000 0
27 2381 11.81097 1.36864 0.46782 1.95244 51 26 17 49 23 241 100.00000 0
769 1542 11.20931 0.04515 0.13793 2.46180 41 34 2 37 26 168 100.00000 0
2293 2379 11.72207 0.14122 0.40780 1.01952 28 14 10 28 13 182 100.00000 0
695 1435 11.15665 0.01586 0.17528 0.37220 24 18 2 22 16 171 100.00000 0
59 2451 11.02260 0.01357 0.16278 0.76053 26 21 2 18 15 173 100.00000 0
2297 2407 10.64833 0.29433 0.13981 1.23353 93 74 14 90 45 312 100.00000 0
81 2472 11.09812 0.01802 0.16268 1.15487 28 15 5 28 18 163 100.00000 0
518 1289 11.62870 2.77427 0.13085 2.85211 38 30 1 34 13 182 100.00000 0
2322 2426 10.00644 1.01176 0.17589 1.50818 63 43 7 54 34 282 100.00000 0
597 1343 10.85277 0.01101 0.18745 0.61548 29 18 3 24 19 195 100.00000 0
27 2369 11.80023 1.36692 0.45096 1.84101 49 30 17 49 23 239 100.00000 0
26 2403 10.62914 1.30953 0.34770 2.56354 30 17 4 30 13 186 100.00000 0
551 1287 10.59431 1.27589 0.07426 1.37231 27 18 7 27 12 164 100.00000 0
2294 2347 11.07012 0.14239 0.18802 0.94212 50 30 13 50 24 207 100.00000 0
7 2313 11.54238 1.48556 0.15011 2.24908 55 35 17 55 28 280 100.00000 0
119 2500 11.18993 0.09686 0.64636 1.35364 18 8 3 10 8 125 100.00000 0
30 2443 10.03865 0.02430 0.20427 0.83837 34 21 8 34 21 143 100.00000 0
883 2614 10.87805 0.06420 0.35609 0.21122 20 16 4 18 14 174 100.00000 0
2 2342 11.38481 1.33888 0.13533 1.69604 50 30 18 50 22 233 100.00000 0
