17 1086 6.41425 0.13132 0.32074 1.97991 147 122 23 147 83
12 1030 9.76249 0.06959 0.06332 0.51434 94 76 14 94 54
46 1099 8.91041 1.46399 0.30073 1.19419 92 73 18 92 53
633 727 6.16251 0.14304 0.16625 0.91514 155 129 19 151 111
23 1049 7.55257 0.51309 0.10457 0.45456 113 82 18 109 71
41 1064 7.99156 1.53283 0.10994 0.84395 56 45 11 56 36
629 696 8.21769 0.06096 0.12289 0.40348 181 149 29 178 126
5 1099 8.98394 0.14614 0.11130 1.29845 102 81 11 98 59
663 758 8.39272 1.16863 0.45164 1.70479 67 44 15 56 27
31 1048 9.57995 0.95763 0.10296 0.21122 102 87 14 98 72
47 1093 9.42766 1.47414 0.07435 1.48042 94 71 18 90 51
20 1088 6.07992 0.25825 0.31672 2.02739 85 63 15 85 39
1 1087 9.07873 0.19755 0.18842 1.81833 60 44 9 58 29
18 1040 8.66800 0.26939 0.12560 0.63551 132 112 15 123 97
22 1048 7.63152 0.46307 0.08740 0.60652 147 125 16 143 105
6 1033 8.10406 0.06613 0.23323 0.94378 138 105 23 132 85
629 699 8.21337 0.06152 0.09216 0.41307 180 148 25 180 125
4 1040 6.30234 0.07761 0.21262 0.91129 181 159 19 179 138
33 1060 6.47069 1.12076 0.21182 0.60003 159 126 26 153 104
38 1058 8.49629 1.39378 0.23116 0.96225 36 26 8 32 20
10 1034 8.48446 0.02260 0.18681 1.10038 157 135 16 155 117
47 1096 9.43482 1.47297 0.15168 1.10287 108 78 21 102 65
40 1093 6.23136 1.32032 0.08879 1.06312 96 69 25 96 64
12 1044 6.62117 0.09510 0.11679 0.68643 166 138 16 166 116
628 711 8.85099 0.05560 0.12370 0.42428 240 205 33 240 172
6 1087 8.56005 0.15150 0.23018 1.94662 63 42 16 63 37
4 1099 9.08671 0.15689 0.09497 1.29301 75 57 16 75 44
3 1081 7.36874 0.24247 0.22263 2.11248 97 74 14 87 58
16 1045 7.16848 0.22020 0.11765 0.42058 156 117 32 154 104
693 759 8.96924 1.21829 0.30881 2.15849 123 102 14 118 63
690 759 8.97583 1.21884 0.11572 2.13460 78 63 8 76 47
691 755 6.80594 1.00111 0.15792 0.93628 150 118 28 148 104
10 1085 7.58542 0.09942 0.08958 2.16681 69 57 11 67 39
677 759 8.97431 1.22113 0.36192 2.05976 109 85 15 103 60
5 1092 8.99527 0.14815 0.24738 1.53672 62 44 12 60 30
682 758 8.38841 1.16760 0.39771 1.83547 54 41 10 54 26
30 1057 6.65033 0.92885 0.12550 0.75796 163 136 17 163 122
633 728 6.20742 0.15488 0.10014 0.93209 177 151 20 177 129
37 1056 8.75259 1.33705 0.13608 0.68414 56 39 12 54 30
15 1035 9.18768 0.15292 0.02673 0.57878 122 102 16 120 81
45 1065 9.56647 1.63256 0.18808 0.87133 76 56 13 76 60
709 760 9.53431 1.26741 0.04037 2.32642 93 74 15 91 42
701 754 6.33372 0.94653 0.07892 0.65611 181 147 29 181 130
47 1073 9.69395 1.51754 0.05498 0.17694 105 82 18 103 67
631 727 7.25681 0.13377 0.08514 0.70332 177 158 9 177 134
632 685 6.48387 0.07452 0.08630 0.65968 184 156 25 184 136
5 1081 7.15957 0.22314 0.30224 2.10524 85 60 20 79 43
22 1047 7.90141 0.45836 0.04389 0.61038 156 136 15 154 120
12 1083 6.71048 0.07120 0.24058 1.89362 94 75 15 91 59
42 1069 7.56075 1.51994 0.07071 0.74756 122 86 22 122 84
11 1045 6.20903 0.07324 0.20393 0.83509 165 139 21 163 120
29 1054 7.33975 0.86285 0.16737 0.58081 159 136 17 157 112
41 1096 6.61741 1.35341 0.14200 0.70831 97 69 17 93 62
629 715 8.21125 0.06160 0.08889 0.40542 152 123 23 147 104
48 1097 9.98687 1.47944 0.20582 1.12848 67 50 14 61 37
4 1097 9.08707 0.15793 0.13097 1.27962 81 65 8 75 56
8 1029 9.31776 0.02284 0.09544 0.76208 98 77 15 98 65
4 1082 7.59745 0.22522 0.28724 1.98386 107 71 25 98 68
8 1081 6.74610 0.17678 0.12401 2.22387 128 93 30 128 71
649 756 8.36898 1.12794 0.11631 1.51207 90 72 10 86 57
1 1100 9.37430 0.17943 0.08242 1.31611 61 46 11 55 35
5 1080 6.81097 0.22751 0.14022 2.02062 106 80 20 102 62
637 752 9.08771 0.93124 0.15225 1.22077 108 94 9 106 89
12 1040 7.48945 0.07571 0.15154 0.67782 166 143 17 164 118
33 1056 7.70732 1.11075 0.13266 0.57335 125 94 23 117 84
17 1046 7.12253 0.26029 0.12954 0.41496 156 119 21 151 108
45 1088 8.35471 1.44234 0.40441 1.81100 78 60 13 75 46
641 749 6.81297 0.77305 0.12744 1.30356 206 175 26 204 136
37 1054 9.29608 1.32945 0.05519 0.62370 61 43 17 59 39
696 760 9.53143 1.26826 0.32233 2.32355 114 93 17 114 61
40 1059 8.85121 1.47553 0.19802 0.92026 77 50 26 77 44
29 1050 8.56553 0.84567 0.17995 0.30901 135 111 19 133 90
27 1048 8.70098 0.72257 0.03161 0.45111 140 128 8 136 101
38 1054 9.57141 1.37776 0.22990 0.64589 37 22 7 33 16
693 758 8.38512 1.16504 0.51125 1.90454 73 63 8 73 53
4 1088 8.92048 0.16646 0.12687 1.69350 82 56 21 80 43
47 1091 9.43628 1.47860 0.29396 1.64639 66 46 14 66 33
40 1097 6.24503 1.31883 0.09552 0.68643 113 84 23 108 70
649 753 6.93749 0.96496 0.21542 0.76105 158 131 21 154 108
637 743 6.43886 0.49602 0.11938 1.46847 136 106 23 132 82
24 1051 7.17337 0.57206 0.09992 0.77430 168 129 28 168 113
35 1063 6.11271 1.25359 0.06710 0.42887 163 136 20 161 121
9 1084 7.51226 0.12955 0.30132 2.03874 57 37 6 57 26
648 756 8.50887 1.13098 0.42938 1.57470 77 63 9 69 44
2 1097 9.28403 0.17369 0.16840 1.31224 67 44 15 65 39
8 1100 8.57039 0.09993 0.49555 1.43477 70 47 14 67 32
19 1043 8.21030 0.31608 0.09623 0.77582 125 104 12 118 95
12 1046 6.13735 0.10217 0.04943 0.58081 186 161 18 179 138
13 1087 7.39410 0.03508 0.08722 1.98505 84 60 22 84 36
40 1089 6.20822 1.31792 0.14533 1.35912 106 81 22 106 64
1 1028 8.74796 0.09575 0.19716 1.00717 128 94 20 126 79
15 1094 7.28139 0.08710 0.08902 1.29724 115 83 26 113 59
688 755 6.80734 1.00127 0.17239 0.95203 128 97 23 120 74
12 1100 7.88202 0.02351 0.17733 1.34465 80 54 11 77 43
660 759 9.03918 1.22940 0.01347 1.95505 89 71 12 89 45
23 1045 8.60310 0.49727 0.08947 0.55461 159 132 21 157 112
673 755 6.80874 1.00415 0.16612 0.87402 169 147 20 167 118
32 1057 7.11939 1.04951 0.13001 0.69380 132 106 13 124 89
46 1080 8.63842 1.38370 0.47149 1.85266 67 48 17 67 37
21 1097 6.05375 0.30504 0.15787 1.32559 156 133 18 154 74
34 1051 9.39014 1.14960 0.16642 0.29871 92 75 11 88 66
632 698 6.47419 0.07640 0.01431 0.60328 179 159 16 174 129
8 1098 8.56983 0.09983 0.23345 1.38112 62 46 8 62 35
4 1095 9.07541 0.15748 0.19469 1.28755 78 50 21 73 42
628 732 9.37311 0.18982 0.11807 0.89219 152 116 27 149 82
650 759 9.81513 1.28719 0.63962 2.20336 68 54 12 68 29
686 760 9.52798 1.26958 0.31863 2.25394 80 71 5 80 43
660 757 7.93494 1.12277 0.10012 1.45185 140 99 29 136 80
627 721 9.54774 0.06188 0.11254 0.48939 209 181 21 209 156
631 692 7.02432 0.07091 0.07650 0.50822 202 174 26 202 155
17 1088 6.70284 0.14871 0.26396 1.82521 136 113 23 134 78
9 1030 9.24202 0.01422 0.20227 0.80308 127 106 15 127 79
682 757 7.86480 1.11419 0.23254 1.58659 104 86 15 104 54
632 729 6.79904 0.16315 0.12260 0.85180 162 139 15 162 115
19 1036 9.77688 0.29607 0.00845 0.72253 110 89 16 110 71
14 1090 7.47660 0.06324 0.26163 1.77938 94 63 26 92 48
22 1052 6.44509 0.48000 0.08838 0.79130 167 143 17 165 115
45 1084 8.18552 1.40236 0.46460 1.87304 86 66 15 86 42
5 1084 8.08363 0.19549 0.14220 1.82306 62 45 7 58 23
636 750 8.71756 0.82359 0.13194 1.13160 121 100 16 115 87
11 1090 8.04937 0.04121 0.25536 1.72986 69 49 15 69 43
1 1023 9.93456 0.06268 0.17871 0.76923 140 114 16 136 102
701 755 6.81077 1.00003 0.12669 0.97237 160 133 19 158 116
3 1036 7.08864 0.09585 0.18838 1.00483 193 166 22 191 128
640 746 6.18183 0.62005 0.23000 1.70915 201 172 24 199 156
17 1041 8.24715 0.23597 0.06020 0.55178 150 122 21 144 101
660 754 6.40458 0.95864 0.04288 0.47064 191 165 24 185 134
633 729 6.24762 0.16769 0.19589 0.94295 154 129 14 152 116
1 1081 7.55023 0.25628 0.14521 2.12836 94 78 7 82 52
2 1082 7.79443 0.24091 0.28050 2.01674 103 80 15 103 66
9 1037 7.64263 0.01899 0.23314 1.05943 159 130 17 156 96
8 1034 8.16304 0.03526 0.15556 1.01876 149 119 26 149 97
627 700 9.50696 0.04896 0.18056 0.37325 163 120 36 163 118
35 1061 6.71396 1.24060 0.12810 0.58817 125 105 14 125 89
628 726 9.04895 0.10667 0.01763 0.58081 168 137 25 168 112
13 1096 7.68176 0.03033 0.10677 1.16634 132 110 19 132 75
629 726 8.41141 0.11302 0.06647 0.60198 181 153 23 176 131
47 1089 9.41800 1.47177 0.25589 1.72329 94 73 17 94 45
42 1071 7.30199 1.47914 0.17689 0.86638 81 59 14 76 49
15 1041 7.83481 0.16697 0.15965 0.59807 133 122 4 133 101
630 692 7.61555 0.06598 0.09310 0.40445 205 183 17 205 158
636 745 7.27313 0.57325 0.11117 1.42134 155 127 19 151 97
650 755 7.74324 1.06995 0.19401 1.08570 124 98 22 122 84
627 695 9.51008 0.04836 0.11410 0.37115 171 137 31 171 124
43 1085 7.24456 1.37518 0.22648 1.80016 74 59 10 71 50
651 757 8.65707 1.17737 0.49491 1.74496 66 48 13 66 28
653 758 8.95604 1.22061 0.36532 2.10227 106 94 10 106 47
4 1091 9.10005 0.15283 0.10107 1.54104 84 55 26 80 43
682 755 6.80711 1.00350 0.18831 0.88382 138 108 27 136 80
1 1040 6.01372 0.10020 0.20065 1.03552 203 171 27 197 142
630 734 8.33469 0.23854 0.05505 1.03022 175 157 18 173 112
26 1052 7.28639 0.68308 0.15115 1.08354 143 128 9 141 88
32 1048 9.78210 1.01789 0.14536 0.22381 107 80 24 107 66
8 1035 7.93713 0.03422 0.15091 1.02946 123 93 27 123 74
46 1071 9.32414 1.55712 0.06042 0.63056 90 75 9 88 60
631 699 7.01893 0.07198 0.05579 0.50046 204 188 15 204 150
0 1036 6.83060 0.11528 0.20851 1.09217 224 169 44 224 139
19 1089 6.38234 0.22624 0.22941 1.92478 101 82 15 95 51
631 741 8.90494 0.41099 0.13385 1.00327 140 111 18 136 102
662 754 6.34776 0.95320 0.10146 0.47064 164 140 20 162 128
657 758 8.59819 1.19129 0.34233 1.79624 83 61 13 81 46
2 1030 8.37308 0.09855 0.16070 0.82329 160 134 23 156 108
17 1092 6.88040 0.15496 0.19535 1.57768 137 99 29 135 61
669 757 7.86459 1.11463 0.45114 1.55520 96 70 22 96 48
16 1093 7.06844 0.12155 0.19929 1.55922 139 106 30 139 77
40 1069 6.67867 1.45414 0.22683 0.90612 95 80 11 91 61
9 1097 8.41291 0.08139 0.19282 1.46954 64 46 5 57 40
0 1035 7.05885 0.11740 0.22718 1.09647 238 192 44 236 162
7 1034 8.01668 0.05133 0.17154 0.96914 154 127 22 150 109
684 760 9.52872 1.27044 0.28006 2.24681 84 72 9 82 42
651 755 7.63799 1.06674 0.05510 1.11698 131 102 25 127 79
7 1088 8.55149 0.12736 0.33561 1.79384 75 53 16 73 41
699 756 7.34152 1.05539 0.21221 1.33940 160 122 25 158 101
694 758 8.38963 1.16483 0.46141 1.90495 62 39 16 60 37
5 1040 6.40494 0.06686 0.08787 0.87178 183 157 18 183 135
41 1084 6.30617 1.30569 0.09580 1.53136 95 80 10 93 71
18 1094 6.66178 0.19035 0.07826 1.25461 123 90 26 119 62
6 1079 6.34625 0.21119 0.27337 1.78619 160 119 29 149 95
8 1094 8.55958 0.10071 0.22275 1.44618 72 55 10 68 46
3 1094 9.18211 0.16631 0.06350 1.34785 67 49 13 64 40
43 1096 7.45208 1.41212 0.21152 0.95039 96 74 18 94 66
17 1035 9.60076 0.22187 0.10875 0.49258 134 104 24 134 88
628 686 8.85875 0.05338 0.02936 0.41496 242 222 14 240 188
11 1092 8.07564 0.04258 0.15451 1.66718 87 68 12 87 47
631 695 7.02409 0.07145 0.04431 0.51129 174 152 17 168 133
19 1041 8.65221 0.30815 0.13213 0.77884 138 113 16 136 106
8 1090 8.55559 0.09936 0.24916 1.69027 82 57 20 82 40
11 1030 9.58458 0.04494 0.19935 0.62994 118 84 28 116 73
11 1042 6.87495 0.05756 0.07912 0.86321 176 143 25 174 117
42 1079 6.60290 1.30758 0.18764 1.32589 109 92 14 109 60
40 1060 8.59294 1.47678 0.06827 0.84765 68 47 16 64 34
659 756 7.44563 1.07142 0.20089 1.07593 117 98 10 117 79
648 754 7.55656 1.02231 0.13237 1.07556 130 106 18 127 89
20 1091 6.25897 0.27109 0.48528 1.83803 117 93 22 117 54
1 1033 7.58502 0.11300 0.18696 1.10924 155 124 22 155 94
657 755 7.03201 1.02725 0.10920 0.83181 127 107 18 127 89
25 1046 8.78615 0.60404 0.03083 0.70499 141 113 19 137 87
3 1095 9.18173 0.16615 0.14123 1.29059 70 48 16 68 36
700 760 9.53226 1.26762 0.49538 2.31731 87 72 11 87 50
39 1059 8.52479 1.43733 0.31064 0.98596 58 37 14 54 30
631 701 7.02157 0.07207 0.15062 0.48618 201 171 27 201 139
676 757 7.86371 1.11463 0.36174 1.57022 138 114 19 134 75
2 1027 9.06902 0.08402 0.12698 0.83650 161 139 17 161 121
642 748 6.24986 0.71778 0.21864 1.36602 194 158 28 194 136
40 1057 9.35078 1.46567 0.13165 0.88647 60 42 14 60 37
6 1034 7.87925 0.06624 0.21133 0.94667 169 138 27 164 117
9 1041 6.74355 0.01805 0.15048 0.98755 202 166 33 200 137
632 726 6.67424 0.12821 0.10655 0.80503 172 146 20 168 120
656 759 9.25206 1.25157 0.04906 2.09667 120 97 20 118 57
628 691 8.85957 0.05424 0.06267 0.41684 242 218 18 242 176
32 1054 8.03851 1.04298 0.14148 0.35827 137 111 20 135 99
16 1086 6.62181 0.09777 0.32420 2.05557 132 101 22 132 65
627 680 9.51298 0.04540 0.07355 0.41117 235 206 24 233 187
705 760 9.53384 1.26747 0.40541 2.33330 76 58 12 74 33
8 1032 8.61700 0.03375 0.14983 0.90396 103 83 13 98 67
41 1087 6.49577 1.33709 0.12485 1.56122 83 63 13 83 53
657 756 7.55541 1.08248 0.25901 1.17603 104 86 12 101 66
28 1053 7.43496 0.80139 0.14250 0.64285 131 100 25 129 84
11 1095 8.05300 0.03826 0.07760 1.33031 77 54 16 73 42
17 1098 6.86820 0.15515 0.17524 1.18399 144 109 29 144 70
627 731 9.95334 0.16618 0.06732 0.70665 121 95 22 119 93
2 1098 9.28296 0.17267 0.23740 1.30716 62 41 11 60 32
630 682 7.61653 0.06382 0.04778 0.45111 198 167 26 196 149
37 1059 7.90720 1.34583 0.08814 1.03325 78 54 14 76 43
629 733 8.83917 0.21431 0.24728 1.02793 126 104 15 124 86
6 1099 8.85571 0.13265 0.09081 1.35624 100 82 17 100 67
10 1032 8.93864 0.02131 0.24580 0.98913 134 106 19 129 84
23 1043 9.03561 0.48521 0.12983 0.65968 120 94 18 110 74
13 1038 8.11619 0.09823 0.17246 0.62620 146 121 21 141 101
46 1088 8.86621 1.45552 0.09531 1.74876 84 68 11 82 48
670 755 6.81407 1.00421 0.17910 0.86592 160 135 21 160 103
633 724 6.04844 0.11391 0.12467 0.87760 155 121 25 153 111
16 1047 6.66342 0.22767 0.05532 0.37430 152 132 15 150 110
2 1028 8.83908 0.08903 0.17471 0.92493 163 135 15 161 112
41 1097 6.62421 1.35304 0.16080 0.76719 74 50 15 69 47
47 1071 9.86650 1.56691 0.00723 0.57743 93 79 13 93 65
18 1038 9.10847 0.26437 0.12830 0.62181 100 70 22 92 56
688 754 6.33026 0.94777 0.09259 0.60587 200 174 25 200 141
627 722 9.57569 0.06733 0.10717 0.52860 141 113 14 137 103
631 693 7.02900 0.07117 0.07179 0.50202 180 150 26 178 132
12 1041 7.26132 0.07812 0.06538 0.65671 184 154 26 179 135
628 699 8.85088 0.05520 0.06060 0.39664 266 236 29 266 202
631 689 7.02170 0.07064 0.10484 0.52265 191 171 18 189 151
634 751 9.94979 0.87090 0.22515 1.04005 72 45 15 72 45
691 758 8.38747 1.16521 0.47038 1.88616 71 46 21 69 39
8 1042 6.37822 0.01992 0.09506 0.94212 180 157 17 172 128
630 722 7.68093 0.08553 0.07019 0.53229 148 121 20 145 117
629 702 8.21510 0.06198 0.13221 0.39958 167 146 19 167 124
8 1028 9.55159 0.01992 0.22006 0.88559 95 66 16 92 56
7 1086 8.26313 0.14623 0.13570 2.00643 67 52 6 57 33
631 712 7.01692 0.07216 0.05430 0.48051 201 172 24 201 141
648 755 8.00830 1.07577 0.19013 1.30746 109 83 13 107 69
695 754 6.33100 0.94714 0.09057 0.67086 203 171 26 203 144
633 742 8.01021 0.45096 0.15149 1.18300 144 113 18 142 98
22 1040 9.50794 0.42841 0.03441 0.81084 124 98 19 120 82
8 1089 8.49543 0.10336 0.25022 1.72556 73 58 10 73 40
5 1093 8.97590 0.14633 0.07938 1.48200 125 101 20 123 82
637 742 6.22325 0.46208 0.16074 1.42793 138 108 22 138 87
637 753 9.46487 0.98381 0.26246 1.25803 68 57 6 68 41
629 720 8.24281 0.06996 0.20085 0.53376 158 138 15 156 119
44 1086 7.76610 1.40692 0.04113 1.93330 109 92 14 105 66
20 1099 6.24574 0.26564 0.20543 1.40889 123 97 22 123 54
6 1095 8.84442 0.13314 0.21565 1.30716 99 72 18 99 53
31 1049 9.31088 0.96125 0.15116 0.30647 77 57 15 75 46
671 756 7.33167 1.05925 0.16975 1.23353 117 88 25 113 70
647 755 8.15227 1.07806 0.21299 1.35191 115 101 13 115 85
22 1051 6.74911 0.47559 0.09863 0.69210 181 150 30 177 123
674 760 9.52827 1.27158 0.29582 2.21894 112 95 13 112 56
44 1076 7.78894 1.39861 0.08942 0.77783 139 112 21 135 85
45 1073 8.60453 1.49455 0.09158 0.29342 124 110 9 120 94
44 1081 7.56302 1.35829 0.47588 1.92234 105 73 24 98 65
628 692 8.85626 0.05411 0.08518 0.39466 250 225 21 248 198
631 737 8.18600 0.30697 0.12397 0.97156 169 148 15 160 119
700 758 8.39231 1.16415 0.47621 1.91622 111 93 11 111 62
655 756 7.72536 1.09726 0.19433 1.40388 123 102 11 116 83
630 721 7.65298 0.08007 0.16953 0.52265 222 194 28 222 159
628 704 8.85381 0.05566 0.10488 0.38866 236 215 20 236 180
707 758 8.39154 1.16399 0.45793 1.92803 77 56 16 75 46
12 1093 7.87410 0.02764 0.13010 1.58016 98 74 19 94 53
631 742 9.09772 0.44196 0.18649 1.08209 132 96 24 125 103
13 1100 7.68969 0.03241 0.12836 1.31105 117 89 19 110 66
10 1082 6.75643 0.12759 0.21702 2.19535 121 105 10 121 78
47 1095 9.42682 1.47310 0.16412 1.11698 108 85 19 106 66
695 756 7.33629 1.05589 0.45035 1.33881 139 103 27 134 83
633 739 7.42798 0.36546 0.13646 1.23543 156 133 15 156 106
43 1079 7.09329 1.33461 0.18783 1.44672 132 111 15 125 91
1 1037 6.68420 0.10819 0.20583 1.04418 171 139 26 169 109
647 750 6.01602 0.81162 0.09105 0.91514 220 195 19 218 166
1 1039 6.22728 0.10339 0.25875 1.02450 209 173 27 204 134
21 1037 9.96027 0.37686 0.10899 0.76566 146 118 27 142 101
21 1042 8.84937 0.39125 0.08197 0.78634 162 135 24 160 114
629 714 8.21366 0.06175 0.03000 0.40056 165 148 16 163 135
46 1068 9.65885 1.61505 0.04072 0.55743 85 64 18 83 55
634 739 6.93767 0.36945 0.09600 1.31105 176 146 24 172 122
45 1091 8.40544 1.45563 0.27259 1.63757 88 64 17 88 49
42 1095 7.00599 1.38523 0.09102 0.82472 127 109 15 127 93
631 725 7.17898 0.11388 0.14149 0.67551 149 134 12 149 105
41 1082 6.17316 1.28694 0.15633 1.42711 116 94 17 116 82
6 1036 7.42504 0.06288 0.02687 0.92620 150 124 21 150 96
34 1055 8.20823 1.16854 0.21091 0.49258 88 64 12 83 58
662 759 8.98887 1.22397 0.07455 1.99645 75 50 17 73 39
42 1072 7.18484 1.45568 0.15473 0.62932 88 51 29 80 43
630 707 7.61130 0.06729 0.10330 0.37846 178 150 20 178 118
690 760 9.53184 1.26906 0.21459 2.28190 51 42 4 47 23
3 1092 9.20436 0.16734 0.16729 1.49515 64 48 11 64 38
9 1035 8.09350 0.02099 0.18873 1.09754 156 127 20 152 99
13 1091 7.70316 0.04055 0.09385 1.68702 119 89 23 115 59
18 1089 6.59769 0.19030 0.36673 1.84991 105 83 17 103 45
21 1098 6.05181 0.30614 0.21773 1.40667 125 90 25 123 62
16 1095 7.06517 0.11909 0.05615 1.10889 112 93 15 112 64
2 1091 9.29700 0.16839 0.17709 1.55192 92 68 17 84 49
40 1055 9.85963 1.46543 0.07431 0.73807 29 20 8 25 18
35 1054 8.78349 1.22112 0.20274 0.49258 110 84 7 110 76
46 1083 8.67527 1.40560 0.35720 1.76791 87 74 11 85 54
42 1080 6.57747 1.30557 0.15582 1.59299 113 96 12 111 73
629 689 8.21614 0.06016 0.12614 0.42244 166 136 27 161 118
698 759 8.98097 1.21783 0.08192 2.15885 80 63 15 78 46
13 1098 7.68911 0.03193 0.13481 1.27840 123 92 26 121 74
29 1053 7.65349 0.85885 0.14823 0.50745 149 108 22 146 100
30 1056 6.98286 0.92994 0.07304 0.58684 127 111 16 125 98
660 756 7.40706 1.06735 0.15846 1.10500 116 85 28 116 75
688 760 9.52868 1.26883 0.06293 2.26779 78 57 18 78 38
644 756 9.09766 1.14004 0.14996 1.56047 55 43 7 47 31
37 1055 9.00935 1.33574 0.15873 0.63489 54 36 9 51 34
15 1096 7.28423 0.08635 0.28638 1.15961 129 101 18 123 74
16 1040 8.27328 0.19778 0.09614 0.56510 175 159 12 175 128
688 759 8.97265 1.21861 0.12401 2.10561 85 67 12 81 43
4 1080 6.91380 0.23825 0.30571 2.04488 111 78 15 107 64
8 1038 7.25445 0.02833 0.14157 0.98357 139 109 24 137 95
38 1062 7.37144 1.40197 0.10718 0.61866 120 99 13 116 87
8 1036 7.70867 0.03215 0.19785 0.99071 128 105 18 126 81
5 1082 7.49467 0.21449 0.12807 2.01130 79 51 16 69 36
12 1095 7.87084 0.02169 0.17101 1.25741 83 60 17 83 43
629 730 8.59701 0.16262 0.08044 0.67955 138 122 13 136 101
48 1096 9.98132 1.47980 0.07344 1.09432 68 47 11 66 33
675 755 6.80475 1.00391 0.19211 0.86773 167 143 20 167 118
702 755 6.81084 0.99967 0.19227 0.98397 151 120 28 149 107
4 1098 9.08602 0.15693 0.08983 1.26145 65 44 16 62 38
48 1082 9.75166 1.41337 0.24532 1.82113 96 70 23 96 56
38 1053 9.84809 1.37377 0.25096 0.64224 35 18 10 29 17
45 1097 8.40903 1.44964 0.11632 1.17570 84 61 16 82 43
706 757 7.87187 1.11052 0.35897 1.67491 144 113 20 140 85
704 754 6.33292 0.94615 0.08184 0.66910 180 148 26 180 131
37 1062 7.02979 1.35368 0.11230 0.52265 103 91 5 101 81
629 708 8.21289 0.06173 0.06379 0.39366 169 140 27 169 122
26 1046 8.98136 0.65828 0.08041 0.64041 125 109 13 123 94
36 1052 9.62180 1.26886 0.20423 0.62432 52 35 7 50 31
634 743 7.73447 0.48887 0.10565 1.25741 106 81 16 106 73
43 1061 9.43844 1.57146 0.24745 0.32264 29 16 5 22 15
27 1055 6.56840 0.75410 0.15353 0.98992 149 106 34 147 85
631 743 9.30797 0.47595 0.05513 1.12047 115 81 30 115 77
20 1046 7.73990 0.37104 0.03191 0.70997 132 106 14 130 93
643 748 6.03660 0.71509 0.16250 1.25554 229 185 41 223 160
27 1056 6.26884 0.75545 0.09000 1.08137 156 127 21 154 93
710 760 9.53168 1.26754 0.05340 2.33364 98 83 13 95 50
633 735 6.79173 0.27175 0.18078 1.23954 143 118 10 141 89
39 1067 6.61351 1.44936 0.21996 1.55545 105 83 18 105 60
45 1068 9.14589 1.60185 0.05961 0.52860 118 98 17 115 88
627 712 9.50291 0.04909 0.14193 0.36904 138 114 21 136 105
48 1098 9.97708 1.48047 0.04701 1.19190 66 51 13 64 34
2 1083 8.11198 0.23169 0.35265 1.83248 89 65 12 83 49
11 1097 8.06466 0.03879 0.14136 1.32766 89 70 10 83 48
631 690 7.02219 0.07066 0.11746 0.52115 191 171 17 189 140
44 1070 8.37566 1.54938 0.02918 0.59479 101 87 12 95 67
4 1026 9.51409 0.06136 0.05199 0.66441 127 117 8 124 103
0 1092 9.46108 0.18676 0.37451 1.53875 57 40 15 57 31
4 1100 9.08658 0.15697 0.13669 1.29513 54 37 13 50 31
44 1094 7.90838 1.43318 0.14057 1.21305 100 77 17 95 54
46 1097 8.91695 1.46284 0.08014 1.11978 91 77 12 84 52
4 1085 8.42641 0.19586 0.11861 1.90207 58 42 7 52 31
679 760 9.52873 1.27133 0.07009 2.22422 67 53 8 60 32
30 1047 9.62859 0.89251 0.15224 0.29208 102 82 19 102 69
6 1026 9.74454 0.03715 0.06011 0.67027 134 112 15 134 91
17 1039 8.69020 0.23023 0.11875 0.62558 122 94 15 115 74
2 1088 9.11743 0.18197 0.59230 1.68237 76 59 12 69 32
45 1071 8.79315 1.54391 0.05549 0.57198 150 134 12 146 116
40 1088 6.16602 1.31144 0.10123 1.41803 107 91 12 105 65
696 754 6.33290 0.94719 0.25662 0.66441 170 142 25 170 118
678 757 7.86376 1.11439 0.27842 1.58363 116 91 19 116 70
9 1088 8.24634 0.09108 0.21348 1.89940 71 59 9 67 43
7 1081 6.89332 0.19431 0.21452 2.15086 100 74 23 100 69
44 1066 8.94764 1.61280 0.19221 1.13574 71 44 21 71 41
16 1034 9.62451 0.18485 0.22886 0.56924 107 91 14 107 71
28 1055 6.79499 0.81170 0.19495 0.76617 136 86 24 130 78
14 1098 7.49082 0.05757 0.16570 1.27809 88 66 12 84 53
16 1100 7.07643 0.12017 0.43721 1.28937 114 75 28 108 54
26 1054 6.64511 0.69140 0.10471 1.18828 143 121 14 141 89
17 1047 6.86586 0.26340 0.09638 0.28667 151 135 13 151 112
12 1037 8.16141 0.06785 0.06840 0.71217 131 99 20 125 75
46 1072 9.22658 1.53368 0.06016 0.35388 115 102 10 115 86
28 1044 9.91070 0.76525 0.22088 0.50280 143 102 23 143 95
632 746 9.45082 0.60401 0.06375 1.33530 149 130 13 147 126
3 1099 9.19303 0.16551 0.14304 1.31254 94 68 15 92 53
41 1075 6.40760 1.34365 0.04616 0.32143 120 97 16 115 85
634 740 7.12917 0.39574 0.14866 1.24490 148 113 27 148 108
704 755 6.80996 0.99965 0.18681 0.99268 158 125 30 158 101
632 713 6.47770 0.07695 0.06518 0.60523 161 145 14 161 125
628 727 9.08864 0.11696 0.13619 0.61485 148 124 12 146 118
19 1038 9.32136 0.30061 0.15907 0.74125 111 84 15 109 77
6 1088 8.68948 0.14259 0.14785 1.80103 74 46 20 70 36
633 738 7.25846 0.34028 0.16528 1.24112 146 114 23 142 91
627 694 9.51170 0.04828 0.10839 0.37115 163 137 23 163 112
47 1081 9.18028 1.39817 0.49896 1.94098 123 100 19 123 75
40 1092 6.24556 1.31861 0.03949 1.18498 110 81 24 110 65
44 1071 8.27332 1.52702 0.06012 0.62620 98 78 17 98 68
1 1077 6.16886 0.23452 0.20254 1.04829 161 133 16 150 108
628 716 8.85198 0.05553 0.06458 0.43251 233 199 30 231 161
13 1088 7.52359 0.03586 0.27407 1.87722 81 57 20 77 42
20 1050 6.63744 0.38693 0.05603 0.82472 177 153 20 168 124
647 756 8.64935 1.13327 0.27788 1.65398 92 71 14 86 54
696 756 7.33825 1.05595 0.38924 1.33911 143 109 27 140 101
18 1086 6.21789 0.16634 0.26328 2.02796 126 93 23 120 58
629 725 8.37333 0.10342 0.12270 0.58684 138 120 17 138 103
18 1043 7.99740 0.27983 0.22687 0.61548 101 66 13 95 64
15 1092 7.30364 0.08819 0.22063 1.65185 109 79 24 105 50
1 1091 9.38776 0.17509 0.26789 1.52572 45 33 8 41 28
39 1060 8.25707 1.43859 0.09670 0.92662 76 57 16 76 48
43 1081 7.06669 1.33731 0.37458 1.77586 103 92 8 98 75
627 723 9.60069 0.07365 0.13556 0.49653 175 152 17 173 120
41 1074 6.51075 1.37034 0.07119 0.22381 76 62 4 70 51
20 1043 8.42162 0.35465 0.08630 0.82709 118 100 15 118 84
5 1090 8.96901 0.14510 0.13159 1.58881 65 43 18 63 32
12 1089 7.80709 0.03171 0.06630 1.80103 92 73 15 85 50
654 753 6.35739 0.94200 0.19431 0.69210 194 159 29 190 131
15 1045 6.95860 0.18688 0.12529 0.43969 169 147 16 165 131
645 750 6.33430 0.81577 0.19256 0.82044 227 179 27 225 169
689 757 7.86928 1.11222 0.18270 1.62943 96 77 15 94 49
630 702 7.61191 0.06753 0.07457 0.38967 180 149 30 180 126
21 1040 9.28748 0.38491 0.05741 0.86275 152 123 20 152 100
695 757 7.86573 1.11133 0.23651 1.67981 121 106 12 117 72
630 741 9.49376 0.40616 0.06873 0.85455 157 130 26 155 110
43 1073 7.57409 1.45670 0.13900 0.28531 100 83 7 98 71
14 1084 6.59131 0.03449 0.30753 1.98446 114 94 16 112 64
17 1042 8.03745 0.23981 0.13742 0.54823 159 132 18 159 104
21 1093 6.04437 0.30705 0.16427 1.71828 129 100 25 125 56
47 1083 9.21858 1.41537 0.11610 1.80450 101 81 15 99 59
629 736 9.21732 0.27312 0.15636 0.82803 147 130 14 147 116
648 751 6.26091 0.86216 0.05560 0.85318 163 136 24 161 118
657 757 8.07974 1.13790 0.22138 1.52624 121 101 11 115 66
19 1049 6.72153 0.34395 0.05179 0.64528 171 146 20 169 125
6 1025 9.97641 0.03016 0.23247 0.60523 121 86 17 113 75
6 1083 7.68400 0.19188 0.33874 1.89217 95 75 16 91 58
22 1045 8.40494 0.45088 0.07171 0.62558 165 137 17 154 113
697 755 6.81187 1.00047 0.21121 0.97317 156 122 29 156 95
651 758 9.16064 1.23076 0.38858 2.03970 88 63 13 86 41
15 1048 6.18254 0.19904 0.05334 0.42521 205 184 18 205 168
47 1074 9.59859 1.48985 0.26324 0.48133 68 59 4 66 49
18 1037 9.34099 0.26135 0.12898 0.60909 93 63 20 91 50
19 1088 6.29114 0.21994 0.47130 1.96981 90 69 17 88 44
643 750 6.69874 0.82063 0.13621 1.05202 212 165 36 210 141
634 734 6.15861 0.25667 0.13216 1.40750 153 119 25 153 89
8 1033 8.38794 0.03516 0.22373 1.04530 103 80 19 103 67
2 1025 9.54794 0.07016 0.13261 0.71655 153 126 22 151 101
691 759 8.97161 1.21845 0.21160 2.12744 108 83 21 106 60
32 1049 9.51506 1.02150 0.08768 0.23573 84 67 9 74 59
39 1066 6.81438 1.46095 0.14060 1.69558 120 91 26 115 77
631 696 7.02326 0.07141 0.10354 0.48939 188 159 24 186 130
26 1049 8.18377 0.66975 0.03736 0.73913 124 97 20 122 82
7 1085 8.05744 0.15660 0.15735 2.04526 55 44 4 51 26
630 709 7.60789 0.06735 0.10578 0.38052 183 143 29 181 126
17 1097 6.86959 0.15399 0.09867 1.10216 163 133 24 155 95
635 748 8.51966 0.71505 0.11335 1.27993 122 102 15 120 93
23 1041 9.47666 0.47728 0.09773 0.72416 141 118 12 139 90
628 715 8.84877 0.05528 0.11692 0.39167 215 181 30 215 146
0 1030 8.20621 0.11089 0.20290 0.88647 145 107 24 141 90
37 1057 8.45681 1.33595 0.11895 1.07629 65 41 9 61 43
627 715 9.50282 0.04897 0.09556 0.37220 143 115 24 141 100
692 758 8.39118 1.16534 0.45278 1.90146 82 54 18 82 48
3 1090 9.17810 0.16421 0.11081 1.52803 61 45 10 56 37
681 759 8.97388 1.22092 0.20542 2.08037 83 67 10 81 46
42 1060 9.30192 1.54262 0.16160 0.55602 53 36 11 53 35
14 1086 7.03683 0.04457 0.26433 2.07754 111 89 16 111 60
658 754 6.49537 0.96778 0.10051 0.48618 171 133 28 163 122
642 754 8.53848 1.03622 0.14360 1.24490 112 84 26 112 71
2 1038 6.54346 0.09851 0.14557 1.04380 204 174 23 200 145
0 1096 9.44168 0.18571 0.15689 1.31164 78 52 16 76 45
23 1042 9.26751 0.48111 0.27516 0.67027 148 119 23 144 96
42 1068 7.71473 1.53706 0.15823 0.99347 112 63 28 112 63
672 757 7.86563 1.11476 0.24204 1.56273 140 115 21 136 78
649 752 6.52201 0.91237 0.22892 0.68528 208 172 32 208 159
645 752 7.13467 0.92184 0.17437 0.78833 165 144 14 161 128
630 687 7.61505 0.06534 0.06730 0.42428 212 178 31 210 143
24 1042 9.48611 0.53114 0.14281 0.72308 164 137 19 164 107
665 755 6.80031 1.00428 0.10214 0.76105 163 139 21 161 108
7 1080 6.54469 0.19861 0.16922 2.07660 97 79 7 95 62
13 1099 7.68982 0.03249 0.06292 1.29965 143 112 28 141 87
696 758 8.39133 1.16479 0.42793 1.92152 78 59 15 72 50
658 755 6.96937 1.02125 0.12988 0.76002 135 107 18 127 95
629 716 8.21448 0.06185 0.10171 0.45970 154 132 21 154 108
643 753 7.88801 0.97926 0.08360 1.00327 158 130 23 153 108
39 1065 7.00829 1.46376 0.05750 1.50818 95 68 16 87 56
25 1052 7.08609 0.62885 0.16573 1.06606 158 127 18 158 90
9 1091 8.42591 0.07764 0.16559 1.73190 88 70 14 85 62
650 752 6.39265 0.90959 0.13172 0.61038 202 179 16 197 156
5 1037 7.07565 0.07482 0.13846 0.90957 169 133 33 169 109
8 1043 6.14670 0.01787 0.18561 0.94833 143 120 12 141 103
705 755 6.81330 0.99990 0.14724 0.97558 142 113 28 140 91
6 1091 8.86905 0.12892 0.22692 1.64616 82 55 20 80 48
31 1050 9.02640 0.96557 0.05460 0.19782 123 94 19 123 75
11 1034 8.66140 0.03963 0.23141 0.91429 137 109 24 135 86
46 1073 9.14381 1.50775 0.08930 0.10468 107 92 11 103 81
34 1061 6.39538 1.18172 0.06052 0.54751 140 108 27 140 96
3 1078 6.34400 0.23546 0.26258 1.38480 158 126 17 158 108
3 1025 9.63928 0.06299 0.24265 0.66441 138 107 24 138 87
24 1045 8.82274 0.54731 0.09813 0.51510 136 113 12 130 94
666 754 6.33046 0.95076 0.02251 0.47888 175 157 14 170 139
639 749 7.34131 0.77443 0.20854 1.44130 137 103 21 128 94
634 736 6.44015 0.29672 0.11585 1.21820 173 148 15 173 117
29 1058 6.07775 0.87889 0.13467 0.74019 172 152 10 170 113
19 1040 8.88089 0.30564 0.09177 0.82234 111 92 13 107 84
9 1028 9.70828 0.01755 0.24896 0.92026 99 73 17 95 61
695 759 8.97335 1.21798 0.08419 2.15831 110 94 10 105 50
639 753 8.81902 0.98544 0.19828 1.36945 104 95 6 104 85
7 1031 8.70415 0.04738 0.14787 0.70276 118 89 27 118 71
695 758 8.38931 1.16474 0.44325 1.93977 73 54 7 73 45
628 702 8.85261 0.05566 0.08821 0.39366 226 198 25 226 165
13 1084 6.78954 0.04231 0.29945 1.94118 92 68 21 86 40
39 1069 6.24880 1.41598 0.05883 1.06017 159 138 20 157 118
628 710 8.85270 0.05534 0.09745 0.37534 222 198 23 222 158
46 1096 8.91112 1.46320 0.13403 1.10606 107 89 13 103 60
46 1093 8.90400 1.46436 0.16251 1.44184 102 82 17 102 61
645 757 9.42104 1.19278 0.96008 1.84228 36 24 7 32 15
10 1041 6.90814 0.03249 0.04733 1.00405 194 156 33 190 134
699 757 7.87089 1.11083 0.25751 1.67398 141 115 16 136 86
683 757 7.86390 1.11388 0.18941 1.59495 120 102 15 120 64
33 1059 6.78472 1.11951 0.09472 0.67724 126 101 18 124 91
25 1051 7.38733 0.62444 0.03164 0.94833 165 140 20 163 113
8 1093 8.56248 0.10036 0.17094 1.60620 76 44 20 74 38
676 759 8.97172 1.22128 0.34914 2.05671 106 90 8 103 58
630 712 7.60816 0.06726 0.08756 0.37742 196 175 14 196 148
19 1099 6.45712 0.22716 0.08494 1.33998 120 98 21 120 63
42 1077 6.72240 1.32995 0.08782 0.71436 126 107 13 124 86
5 1036 7.29783 0.07634 0.25414 0.92196 170 123 42 170 109
675 754 6.32759 0.95042 0.08314 0.55391 193 161 25 189 145
17 1091 6.88231 0.16114 0.25133 1.62823 140 105 32 138 71
32 1055 7.72689 1.04927 0.07309 0.46646 124 94 22 124 87
662 758 8.40514 1.17074 0.07144 1.71006 51 36 7 48 23
1 1030 8.28198 0.10531 0.22637 0.88293 151 119 22 145 93
632 715 6.47388 0.07681 0.02989 0.61485 157 133 17 157 117
630 723 7.70594 0.09188 0.05388 0.57061 189 164 17 187 129
35 1051 9.64928 1.20848 0.13919 0.39565 90 74 13 90 59
659 754 6.44476 0.96272 0.08595 0.47395 185 163 19 185 142
11 1032 9.11578 0.03950 0.23875 0.81181 122 100 12 120 82
11 1036 8.20664 0.04263 0.15213 0.87849 108 92 11 104 73
38 1064 6.86328 1.41726 0.08263 1.12117 110 87 16 110 73
636 752 9.45849 0.92964 0.12393 1.09718 106 83 20 106 82
10 1083 7.07399 0.11837 0.15318 2.04162 107 80 16 99 63
630 686 7.61804 0.06524 0.05502 0.42613 187 165 20 183 148
701 760 9.53190 1.26760 0.47571 2.31359 83 61 13 79 54
11 1091 8.07764 0.03874 0.26054 1.74226 70 54 12 66 42
663 760 9.53258 1.27209 0.24847 2.13038 62 47 7 62 28
48 1086 9.87337 1.45363 0.17073 1.97952 67 54 11 65 35
666 755 6.80754 1.00424 0.07723 0.78733 150 137 11 148 118
36 1056 8.48794 1.28473 0.10799 0.65012 46 35 7 44 27
671 757 7.86123 1.11468 0.44252 1.57122 124 91 24 122 66
45 1093 8.39597 1.45118 0.07092 1.49829 84 67 16 84 53
1 1024 9.70117 0.06878 0.17795 0.78584 128 96 18 124 87
0 1079 6.94102 0.26368 0.29363 1.76281 140 107 16 134 83
631 715 7.01683 0.07204 0.05447 0.48779 190 165 21 188 137
632 690 6.47925 0.07544 0.01540 0.63612 185 165 14 182 151
46 1098 8.90722 1.46386 0.10442 1.16264 108 87 18 106 58
1 1085 8.71410 0.21810 0.20203 1.86299 38 23 9 36 15
630 719 7.62230 0.07249 0.07589 0.48295 172 142 25 172 123
670 760 9.53544 1.27178 0.15383 2.21010 75 67 6 75 43
666 756 7.33576 1.05948 0.13713 1.14739 107 88 17 105 64
24 1052 6.87102 0.57646 0.12264 0.88735 152 128 18 152 97
8 1086 8.11592 0.12890 0.15498 2.05747 92 78 6 76 48
46 1084 8.71124 1.41554 0.26516 1.81962 88 72 11 85 46
678 758 8.38749 1.16780 0.20550 1.82370 75 62 10 69 32
48 1079 9.80429 1.40229 0.24323 1.58708 89 64 18 87 55
632 693 6.48606 0.07594 0.06979 0.61676 147 126 16 140 115
5 1041 6.17736 0.06428 0.08294 0.84580 193 165 25 191 137
652 752 6.15269 0.90126 0.12104 0.66382 208 176 31 208 140
3 1024 9.88366 0.05491 0.25434 0.70332 128 102 18 128 92
6 1030 8.80130 0.05812 0.27261 0.69886 119 81 27 119 64
3 1038 6.63474 0.09135 0.09163 0.98794 213 190 17 213 160
8 1080 6.39745 0.18102 0.28938 2.14886 97 70 15 93 62
45 1087 8.31314 1.43377 0.08575 1.91806 102 83 13 96 50
689 758 8.39287 1.16563 0.20378 1.87638 66 43 17 64 26
630 680 7.61823 0.06363 0.05947 0.44587 211 184 18 211 161
20 1045 7.98787 0.36668 0.05086 0.71217 145 118 23 145 104
44 1090 7.90203 1.43587 0.24729 1.63853 90 75 14 88 44
14 1033 9.44525 0.12032 0.20575 0.61421 115 92 9 113 76
670 759 8.97941 1.22155 0.29584 2.04641 112 90 14 108 60
697 760 9.53301 1.26805 0.41448 2.35252 101 87 9 101 55
7 1098 8.71704 0.11731 0.18299 1.35509 55 28 15 53 29
3 1040 6.19593 0.08633 0.17247 0.95900 225 200 20 223 171
17 1037 9.14865 0.22542 0.15639 0.56371 114 95 9 112 80
692 754 6.33259 0.94774 0.09735 0.62683 198 158 34 198 130
12 1082 6.39294 0.07960 0.20657 1.97278 141 104 26 135 79
689 760 9.53293 1.26910 0.29701 2.27503 83 59 17 80 44
631 717 7.02121 0.07295 0.07082 0.53814 193 169 21 190 155
681 755 6.80850 1.00358 0.17545 0.87402 161 134 27 159 110
660 760 9.59348 1.27962 0.05560 2.10227 91 70 15 85 45
699 760 9.53432 1.26771 0.30986 2.31934 77 68 5 77 42
9 1029 9.47442 0.01463 0.20586 0.84163 126 105 13 126 84
42 1098 7.01116 1.38576 0.12314 0.92873 109 88 17 109 74
672 755 6.80775 1.00407 0.14302 0.85318 158 134 20 158 108
0 1087 9.15405 0.20320 0.23954 1.82628 63 47 6 63 47
8 1039 7.02906 0.02664 0.20678 0.95736 145 125 14 143 93
19 1042 8.44258 0.31198 0.19504 0.75381 149 121 16 145 114
1 1096 9.36635 0.18008 0.20916 1.30536 64 43 16 62 28
631 708 7.01846 0.07218 0.09077 0.47724 178 154 23 176 129
684 755 6.80701 1.00287 0.17327 0.93503 144 123 17 144 97
632 748 9.99453 0.70418 0.13728 1.17303 111 87 14 104 78
675 757 7.86257 1.11460 0.48446 1.56323 136 112 14 128 65
24 1048 8.05188 0.55951 0.09674 0.49653 146 130 12 146 113
676 760 9.52795 1.27150 0.27686 2.23283 94 81 11 94 57
642 752 7.69237 0.92936 0.17966 1.09182 164 133 22 162 120
18 1036 9.56397 0.25983 0.21334 0.56510 96 58 27 94 45
707 760 9.53137 1.26746 0.37913 2.32726 66 51 10 64 36
680 755 6.80713 1.00366 0.14360 0.89744 155 127 23 155 111
630 706 7.60789 0.06736 0.10836 0.38664 169 151 12 165 132
48 1089 9.96567 1.47860 0.08238 1.74966 69 49 9 67 36
703 755 6.81750 1.00002 0.14119 0.97558 139 115 21 137 97
633 725 6.08459 0.12319 0.14202 0.88911 149 120 18 147 102
659 757 7.97261 1.12684 0.08731 1.41361 137 109 16 128 81
41 1069 7.11918 1.48830 0.15144 0.78285 79 61 8 79 52
642 749 6.57375 0.77087 0.29391 1.18729 175 150 22 173 119
42 1086 6.84669 1.35890 0.07487 1.73370 79 61 16 77 44
686 754 6.32919 0.94852 0.05374 0.59347 189 159 25 187 141
41 1092 6.62424 1.35284 0.06289 1.22173 114 81 26 114 76
27 1050 8.13485 0.73055 0.17222 0.58751 132 88 22 130 69
42 1078 6.65759 1.31552 0.26933 0.96672 128 105 16 125 81
687 755 6.80926 1.00193 0.14195 0.91257 127 106 20 125 89
632 706 6.47371 0.07703 0.14651 0.60652 161 132 13 159 123
29 1045 9.88534 0.82553 0.06835 0.34492 126 106 17 124 93
21 1096 6.04500 0.30533 0.20339 1.27103 146 114 22 144 75
16 1088 6.91039 0.11438 0.23798 1.89300 109 79 28 109 44
702 759 8.97583 1.21701 0.31363 2.14795 87 72 9 87 45
630 736 8.61474 0.27871 0.09514 0.81613 171 152 18 169 111
10 1038 7.57544 0.02723 0.19530 1.07009 153 131 16 153 100
639 745 6.18780 0.57655 0.14876 1.62895 146 108 27 136 91
10 1042 6.69874 0.03603 0.03015 1.02946 180 143 34 180 122
18 1099 6.67255 0.19105 0.37875 1.25117 141 107 27 139 60
42 1063 8.59097 1.55748 0.19483 0.71052 48 24 16 40 25
633 740 7.61893 0.39176 0.18892 1.17736 141 114 20 139 109
664 759 8.96456 1.22128 0.37724 1.92844 67 46 16 63 23
16 1049 6.11263 0.23600 0.11011 0.41212 169 142 17 165 128
16 1096 7.06858 0.11903 0.10439 1.13849 122 97 22 122 58
671 754 6.32614 0.95050 0.08228 0.56924 186 159 24 186 126
12 1088 7.71592 0.03509 0.27732 1.86928 75 53 18 73 36
3 1079 6.68382 0.24418 0.21100 1.73393 158 131 25 153 108
628 731 9.29932 0.17254 0.15394 0.75381 176 146 23 176 109
684 759 8.97260 1.22021 0.38512 2.07453 118 95 18 111 60
680 759 8.97284 1.22100 0.06548 2.06336 96 75 14 90 54
43 1083 7.14187 1.35450 0.33313 1.62967 91 70 16 91 55
630 716 7.61129 0.06739 0.12687 0.44411 169 140 24 167 121
12 1034 8.83893 0.06310 0.22122 0.72036 104 78 19 97 66
40 1066 7.21702 1.49913 0.11710 1.61422 105 77 27 103 62
11 1039 7.52644 0.04840 0.24054 0.85455 146 115 23 144 97
656 753 6.15572 0.92650 0.14969 0.46055 160 122 28 156 109
17 1089 6.79407 0.15484 0.22883 1.76081 123 102 18 121 61
2 1036 6.99734 0.10301 0.22045 1.06386 199 166 20 190 127
630 717 7.61245 0.06802 0.06405 0.42978 190 161 25 188 137
13 1097 7.69023 0.03059 0.09664 1.23670 139 123 10 133 89
632 710 6.47782 0.07686 0.05413 0.58751 163 137 21 163 116
694 757 7.86596 1.11142 0.26002 1.65659 141 121 18 141 81
632 717 6.47827 0.07773 0.05773 0.65849 179 149 26 179 136
41 1089 6.59018 1.35216 0.09672 1.40388 104 83 18 100 66
14 1091 7.50489 0.06513 0.25098 1.69628 88 71 9 86 46
30 1058 6.34467 0.93834 0.05240 0.61739 149 121 20 147 107
676 755 6.80569 1.00394 0.16524 0.88691 148 122 20 146 111
30 1053 7.90325 0.91831 0.06789 0.47313 145 126 17 141 105
629 729 8.53601 0.14800 0.14361 0.62745 141 107 31 139 94
0 1037 6.60849 0.11375 0.21171 1.03325 219 179 31 217 143
15 1033 9.63961 0.15173 0.16362 0.58013 103 73 26 101 61
17 1043 7.80520 0.24390 0.16491 0.53376 135 103 28 133 93
46 1078 8.73799 1.39362 0.16907 1.25554 79 65 8 77 55
41 1086 6.43574 1.32718 0.09482 1.63351 79 63 13 79 44
41 1091 6.62244 1.35899 0.10697 1.28146 87 66 21 85 50
45 1077 8.26036 1.39484 0.06681 0.97879 98 78 12 96 53
21 1052 6.22115 0.43657 0.09043 0.92450 132 110 18 130 76
632 711 6.47610 0.07714 0.09436 0.60068 158 131 16 156 111
682 759 8.97247 1.22084 0.12669 2.06905 106 82 12 102 50
11 1094 8.05338 0.03944 0.08061 1.43695 81 60 15 73 47
14 1032 9.67476 0.12070 0.12530 0.56924 96 84 7 94 70
628 712 8.84887 0.05540 0.05387 0.39267 229 200 28 229 168
15 1086 6.83751 0.06788 0.24675 2.05633 106 81 21 106 52
17 1048 6.59493 0.26812 0.13135 0.30132 160 135 20 160 112
666 759 8.97281 1.22155 0.26834 1.96961 91 69 20 91 48
33 1050 9.47386 1.08599 0.16900 0.25793 118 83 24 112 68
14 1095 7.48020 0.05632 0.23100 1.17002 114 87 24 114 62
0 1029 8.43846 0.10629 0.20819 0.86547 153 122 25 153 103
665 756 7.32872 1.05952 0.18942 1.09647 106 76 23 104 55
668 755 6.81201 1.00427 0.16229 0.88823 124 102 17 122 84
31 1055 7.50507 0.98903 0.18527 0.44057 112 88 16 112 75
638 754 9.56632 1.03904 0.10873 1.45723 30 22 5 30 15
30 1049 9.09492 0.90082 0.08445 0.27124 77 63 12 72 56
11 1088 7.89807 0.05043 0.11237 1.87805 84 64 13 82 44
629 731 8.66180 0.17888 0.11790 0.77025 136 117 17 136 99
632 736 7.48229 0.28821 0.15657 1.08715 111 97 10 107 84
627 729 9.82759 0.13528 0.13810 0.55532 154 135 13 154 101
12 1032 9.29349 0.06341 0.23588 0.62807 87 59 10 83 48
691 756 7.33425 1.05636 0.14502 1.29604 130 110 16 130 86
630 710 7.61200 0.06720 0.15148 0.36691 194 163 17 191 136
627 677 9.51067 0.04529 0.07508 0.39664 194 176 16 194 148
671 759 8.96914 1.22133 0.28473 2.06678 106 84 18 106 66
12 1081 6.05796 0.08800 0.21746 2.07113 111 83 19 105 64
646 754 7.85924 1.02668 0.14436 1.05684 179 147 20 177 123
700 754 6.33416 0.94655 0.09332 0.66323 196 160 31 192 135
631 684 7.02649 0.06938 0.03184 0.56371 196 174 15 191 154
0 1084 8.54947 0.23413 0.21444 1.76547 67 48 15 63 43
9 1031 9.00723 0.01611 0.25983 0.84023 113 92 11 109 82
42 1061 9.05139 1.54447 0.23607 0.36797 47 27 10 43 23
30 1051 8.50997 0.90965 0.13502 0.25944 127 107 12 127 88
628 683 8.85864 0.05223 0.05304 0.43790 219 193 23 219 173
630 738 8.93979 0.32632 0.10925 0.92873 204 184 15 204 150
45 1100 8.40152 1.45071 0.05214 1.26857 74 57 11 74 43
664 760 9.52088 1.27150 0.14401 2.09031 68 56 9 66 26
18 1088 6.50647 0.18406 0.26054 1.88097 101 72 20 99 40
653 755 7.41638 1.05656 0.16566 1.21434 129 110 16 126 79
6 1031 8.56661 0.06257 0.15222 0.69041 157 129 24 153 99
43 1072 7.66867 1.48266 0.06623 0.51434 101 73 23 94 56
11 1089 7.98923 0.04448 0.17048 1.76879 58 45 10 56 31
10 1087 7.95006 0.08023 0.48954 2.08150 56 44 7 54 24
673 760 9.53050 1.27172 0.07948 2.22352 127 108 13 127 69
40 1056 9.62372 1.46676 0.18617 0.74283 44 32 8 44 25
48 1099 9.98028 1.48059 0.04083 1.21692 74 64 8 74 47
17 1085 6.20884 0.12095 0.24755 1.97378 129 109 16 129 73
7 1042 6.23222 0.03309 0.12657 0.87938 160 137 16 158 112
28 1047 9.18161 0.77553 0.07273 0.32021 107 83 18 100 68
7 1100 8.71760 0.11739 0.12841 1.36430 72 37 21 68 41
665 757 7.85838 1.11494 0.22607 1.45050 102 78 10 100 52
632 728 6.75888 0.15034 0.10093 0.83087 161 142 15 161 122
631 700 7.02096 0.07205 0.05910 0.49099 192 159 26 189 136
648 758 9.50314 1.23977 0.55196 2.14046 79 60 12 79 44
7 1038 7.10826 0.04370 0.21281 0.92111 152 124 25 150 100
43 1100 7.45105 1.41282 0.05544 1.06054 99 82 11 93 71
630 708 7.60970 0.06728 0.10978 0.37325 163 140 20 161 114
627 696 9.50925 0.04833 0.11359 0.37220 163 139 18 160 120
12 1084 6.98185 0.06299 0.11772 1.94320 66 49 13 66 32
648 752 6.67357 0.91541 0.24296 0.85409 184 149 23 178 132
628 736 9.85460 0.26677 0.16402 0.84349 140 124 12 140 94
40 1087 6.10572 1.30285 0.03302 1.48332 113 84 21 109 62
684 757 7.86482 1.11356 0.29802 1.59274 125 103 19 123 68
20 1036 9.98802 0.33464 0.05816 0.79721 103 83 11 99 71
632 687 6.48087 0.07507 0.01284 0.65192 207 186 18 205 154
14 1097 7.49199 0.05627 0.14284 1.26610 115 90 22 113 67
1 1093 9.36637 0.17934 0.10981 1.46206 72 62 6 70 51
632 704 6.47893 0.07719 0.02375 0.60328 148 128 16 148 109
42 1083 6.67316 1.32747 0.22776 1.54307 70 49 17 70 42
45 1089 8.38342 1.44881 0.19387 1.72918 77 53 22 75 34
9 1100 8.41244 0.08061 0.13160 1.49279 83 66 11 79 51
627 692 9.51030 0.04778 0.08347 0.37220 196 166 28 196 139
644 755 8.61140 1.08486 0.18842 1.27687 96 75 18 94 60
649 755 7.86516 1.07273 0.24436 1.18762 116 89 16 109 80
21 1100 6.05256 0.30622 0.21714 1.43395 145 119 21 139 74
676 754 6.32843 0.95045 0.03429 0.56093 203 177 20 201 145
629 679 8.22293 0.05801 0.05806 0.45714 182 158 18 180 130
40 1096 6.23797 1.31919 0.09595 0.61485 131 98 23 126 87
628 725 9.01087 0.09708 0.03132 0.56093 148 125 19 148 94
46 1067 9.79062 1.63131 0.06552 0.82234 113 90 20 111 81
44 1087 7.81272 1.41683 0.21736 1.85562 109 76 29 107 60
630 728 7.89279 0.14074 0.03592 0.61802 213 186 24 211 165
645 754 7.99986 1.02872 0.06637 0.99780 102 85 10 100 68
630 711 7.61028 0.06747 0.10446 0.38359 178 140 34 176 110
34 1057 7.62021 1.16877 0.11561 0.81181 106 89 8 104 78
45 1078 8.19248 1.38043 0.11216 1.28176 84 65 19 82 59
674 757 7.86439 1.11470 0.42197 1.57097 163 133 20 157 76
38 1068 6.03552 1.38992 0.21653 1.38169 125 95 24 121 82
698 754 6.33894 0.94698 0.18400 0.66441 186 154 28 186 129
20 1048 7.21301 0.37888 0.05332 0.64346 153 131 19 151 113
43 1097 7.45845 1.41176 0.04932 0.97237 100 71 20 88 58
670 757 7.87176 1.11490 0.43628 1.57072 110 85 8 107 61
700 756 7.33938 1.05530 0.18921 1.33207 148 110 23 139 79
35 1056 8.21757 1.22873 0.14556 0.68586 72 55 8 68 46
48 1081 9.74998 1.40498 0.51152 1.91029 92 70 20 88 57
628 735 9.71535 0.24577 0.13343 0.90828 174 140 27 174 106
635 743 7.27047 0.49136 0.14290 1.26021 127 104 17 125 86
40 1099 6.23888 1.31997 0.09619 0.77733 107 79 26 105 67
41 1065 7.80575 1.53611 0.26316 1.31164 76 54 12 74 45
44 1088 7.85726 1.42540 0.30056 1.75390 89 60 24 89 48
45 1070 8.88981 1.56627 0.03375 0.60781 150 126 20 145 108
40 1086 6.03990 1.29294 0.10999 1.55494 128 95 29 128 69
636 749 8.40000 0.77116 0.10833 1.21112 144 122 20 144 104
11 1085 7.40400 0.07666 0.08389 2.06147 73 54 16 73 33
668 754 6.33488 0.95077 0.06020 0.56023 193 170 17 191 147
6 1041 6.30432 0.05092 0.13779 0.84765 186 162 21 186 137
30 1054 7.59219 0.92231 0.11500 0.54965 150 129 15 150 116
4 1093 9.07867 0.15700 0.09278 1.47618 109 86 15 107 71
658 756 7.49422 1.07648 0.22102 1.10641 108 83 21 104 75
13 1033 9.25157 0.09053 0.15379 0.67609 110 89 10 110 75
629 734 8.93752 0.23296 0.17661 1.01491 129 108 18 129 93
42 1093 7.00723 1.38625 0.13148 1.23385 83 56 17 81 53
18 1035 9.79320 0.25779 0.19439 0.55461 115 86 23 115 73
46 1070 9.41562 1.57948 0.07459 0.62181 116 93 17 116 78
632 720 6.50547 0.08521 0.06729 0.73382 159 144 11 157 122
0 1083 8.27812 0.24407 0.53292 1.81596 78 47 23 76 40
19 1050 6.42486 0.34835 0.10774 0.75173 181 166 11 181 155
35 1058 7.63104 1.23715 0.13497 0.83603 102 85 12 102 69
643 754 8.34139 1.03355 0.09793 1.13987 119 92 21 115 69
9 1096 8.40447 0.08098 0.09766 1.43176 109 82 16 105 61
27 1049 8.42608 0.72620 0.05696 0.47806 104 89 12 102 69
627 705 9.50336 0.04909 0.07043 0.40830 134 112 17 132 102
48 1084 9.81084 1.43214 0.14316 1.86970 54 44 7 52 34
2 1077 6.07783 0.22773 0.16473 1.06128 190 163 17 190 145
669 755 6.80663 1.00395 0.07394 0.86275 122 96 23 120 77
635 752 9.87310 0.92664 0.18839 0.98278 90 63 18 88 65
20 1041 8.86342 0.34673 0.08541 0.83416 124 95 21 120 81
29 1048 9.12643 0.83772 0.07082 0.27268 134 115 17 130 102
662 760 9.54461 1.27419 0.30572 2.12541 60 50 8 58 30
24 1043 9.25446 0.53524 0.13942 0.70165 130 106 15 128 85
10 1091 8.25905 0.05849 0.24896 1.77432 79 60 6 79 43
12 1091 7.89549 0.02921 0.26927 1.67468 65 46 10 61 28
646 758 9.77674 1.24416 0.40620 2.13936 59 46 9 59 32
0 1025 9.38101 0.08245 0.24631 0.70721 155 119 20 152 104
6 1038 6.97097 0.05846 0.20326 0.92662 157 125 24 155 101
6 1028 9.26740 0.04894 0.24977 0.77884 120 90 19 120 71
45 1095 8.39499 1.45013 0.21338 1.13367 96 83 12 93 55
8 1082 7.08124 0.16810 0.29062 2.11877 91 69 12 89 58
631 732 7.54170 0.20659 0.08640 0.98397 146 123 16 144 105
656 756 7.63753 1.08952 0.26427 1.29392 115 85 24 109 81
44 1065 9.09200 1.61566 0.12689 0.89875 78 64 11 76 56
35 1059 7.33165 1.23750 0.08648 0.84627 102 82 15 97 58
29 1056 6.72388 0.87049 0.10399 0.68813 149 126 19 149 103
9 1095 8.40128 0.08095 0.07370 1.47724 87 62 19 82 48
640 751 7.78902 0.87851 0.23447 1.34581 194 161 27 192 143
2 1100 9.28353 0.17270 0.30486 1.33647 55 31 16 55 21
26 1045 9.22691 0.65391 0.10490 0.71601 118 91 15 116 74
42 1099 7.01432 1.38589 0.07622 0.96469 101 77 15 99 62
47 1094 9.43402 1.47308 0.08468 1.25117 104 86 14 98 69
45 1099 8.40253 1.45080 0.05480 1.24992 80 61 16 78 42
646 752 6.98844 0.91978 0.09364 0.78733 191 164 20 189 142
692 760 9.53137 1.26881 0.08477 2.28790 95 79 12 93 50
33 1049 9.75324 1.08167 0.03425 0.15826 95 66 27 95 59
48 1080 9.76382 1.40028 0.23790 1.83781 78 60 14 78 48
11 1096 8.05622 0.03828 0.12430 1.30686 71 54 10 62 33
25 1049 7.98650 0.61551 0.05217 0.70332 159 139 18 155 121
41 1062 8.43346 1.51754 0.06949 0.31404 61 51 6 61 42
47 1077 9.36305 1.41781 0.17502 0.95450 107 76 15 101 65
14 1039 8.08367 0.12981 0.17184 0.60909 118 99 11 114 82
1 1032 7.81392 0.11223 0.09551 1.02259 121 82 25 119 69
630 729 7.93292 0.15358 0.12456 0.61802 178 153 19 176 131
639 751 8.04657 0.87966 0.29158 1.38169 167 146 18 167 126
663 759 8.97664 1.22187 0.54292 1.94441 77 59 14 75 33
12 1098 7.88145 0.02288 0.14860 1.29210 71 50 19 64 38
631 704 7.02188 0.07243 0.10355 0.47806 150 118 25 148 104
627 718 9.50622 0.05230 0.16495 0.43069 158 129 22 158 116
28 1050 8.35242 0.78819 0.04780 0.48133 130 109 16 128 88
9 1040 6.97137 0.01806 0.04667 1.01722 207 179 24 205 144
9 1086 7.95798 0.10974 0.23963 2.13570 80 59 8 70 39
10 1044 6.26838 0.04775 0.24685 0.99740 198 164 23 195 129
12 1085 7.22183 0.05539 0.22143 2.05785 83 64 13 80 40
5 1097 8.98429 0.14716 0.08583 1.29604 104 83 14 99 62
42 1076 6.78706 1.35065 0.11064 0.57878 140 121 14 135 104
678 754 6.32861 0.95021 0.04293 0.55743 211 186 21 208 160
26 1044 9.46078 0.65115 0.12633 0.83275 132 107 21 129 82
18 1041 8.43936 0.27190 0.14000 0.61612 129 110 13 129 90
671 760 9.52530 1.27156 0.27161 2.22141 95 74 19 91 39
20 1098 6.24482 0.26547 0.09545 1.37800 111 79 24 109 48
41 1094 6.61617 1.35350 0.14176 0.87536 93 62 21 93 59
630 725 7.77018 0.10898 0.16606 0.63056 190 165 17 190 130
3 1031 8.22979 0.09583 0.24609 0.78634 130 105 20 126 85
640 755 9.43212 1.09201 0.20180 1.62221 88 66 17 84 56
628 679 8.86044 0.05168 0.06768 0.43069 219 200 17 219 169
660 755 6.88031 1.01212 0.13595 0.75017 199 154 38 199 126
43 1066 8.49063 1.59188 0.09805 1.15386 79 54 22 79 44
10 1037 7.80747 0.02508 0.28535 1.06936 145 113 31 141 89
46 1100 8.90940 1.46390 0.27082 1.19877 105 88 13 103 55
46 1076 8.87029 1.42872 0.11114 0.81132 100 80 9 92 66
630 701 7.61282 0.06716 0.03077 0.37846 180 165 14 180 134
632 683 6.48376 0.07385 0.05613 0.66086 165 144 12 155 120
43 1074 7.46696 1.42901 0.12512 0.33102 83 66 12 76 57
649 754 7.41045 1.01926 0.16750 0.93293 159 127 21 154 102
680 760 9.52897 1.27123 0.05510 2.24367 79 59 11 75 42
8 1092 8.58184 0.10221 0.44089 1.66413 80 51 17 78 34
8 1088 8.40428 0.11008 0.24520 1.85393 83 63 8 81 44
631 687 7.02381 0.07028 0.07352 0.53668 191 174 14 191 139
40 1074 6.04663 1.33614 0.05069 0.32626 120 97 16 116 81
2 1081 7.45941 0.24956 0.41507 2.14375 118 94 18 112 71
35 1052 9.37182 1.21284 0.15447 0.47147 77 55 15 77 52
45 1083 8.14512 1.39242 0.30365 1.82628 60 46 11 60 26
28 1045 9.67812 0.76804 0.08521 0.38664 131 111 14 127 94
20 1038 9.53253 0.33918 0.11703 0.79328 93 68 13 82 42
3 1098 9.19234 0.16556 0.21133 1.26887 67 50 14 65 44
0 1032 7.73817 0.11779 0.14602 0.99308 151 109 32 151 91
636 739 6.02943 0.37502 0.14660 1.41941 187 167 18 185 139
629 680 8.22142 0.05810 0.08720 0.45456 169 144 21 167 126
632 712 6.47398 0.07692 0.01971 0.59479 171 153 15 171 134
678 759 8.97168 1.22104 0.21963 2.05900 118 93 21 116 61
13 1039 7.89045 0.09997 0.06301 0.61038 135 113 18 133 89
9 1027 9.93837 0.01880 0.21603 0.84116 96 78 10 89 65
665 758 8.38218 1.16834 0.26020 1.70318 63 45 10 61 28
7 1087 8.42207 0.13628 0.16005 2.04373 57 35 11 53 29
705 759 8.97796 1.21725 0.09493 2.16121 63 48 10 63 28
13 1047 6.06724 0.13290 0.08491 0.44675 148 129 17 148 111
7 1096 8.70963 0.11787 0.23935 1.30386 66 42 18 62 37
680 757 7.86499 1.11435 0.21399 1.58190 108 84 21 104 59
40 1063 7.82040 1.49161 0.11152 0.58950 77 52 9 67 42
41 1068 7.28038 1.50542 0.05535 1.06349 89 64 17 89 58
5 1087 8.68828 0.16476 0.33282 1.86130 49 30 11 39 24
21 1094 6.04217 0.30561 0.22374 1.43368 122 97 20 120 68
7 1091 8.73106 0.11370 0.09909 1.62558 63 44 14 63 39
629 721 8.25617 0.07454 0.11169 0.55883 194 170 21 194 145
4 1086 8.63209 0.18535 0.15005 1.90783 78 61 11 68 43
38 1057 8.75300 1.38427 0.03012 0.94336 51 35 8 45 30
32 1059 6.50453 1.05935 0.10699 0.59742 144 126 13 142 107
39 1063 7.45206 1.45342 0.14825 0.56371 84 65 13 84 55
47 1080 9.19192 1.39347 0.43931 1.86530 107 76 20 105 67
47 1085 9.28375 1.43606 0.36146 1.96144 95 76 14 93 56
44 1082 7.57955 1.36667 0.20767 1.80819 115 93 19 115 60
30 1046 9.87894 0.88939 0.12191 0.28531 106 75 22 106 67
22 1053 6.11874 0.48433 0.15362 0.86502 196 168 17 189 126
16 1094 7.06574 0.11959 0.21363 1.29301 115 85 25 115 64
640 754 9.00914 1.03859 0.18312 1.45050 86 66 13 80 54
46 1095 8.90310 1.46332 0.08290 1.08354 115 98 14 113 67
679 757 7.86460 1.11445 0.24977 1.57818 110 86 17 106 57
5 1035 7.52616 0.07847 0.19625 0.95654 198 159 38 196 126
655 759 9.33325 1.25931 0.60160 2.19482 109 91 14 106 55
16 1035 9.39804 0.18620 0.13712 0.61992 127 97 25 123 83
46 1081 8.62955 1.38841 0.47050 1.93249 96 74 19 88 57
20 1049 6.93382 0.38252 0.16182 0.69323 128 108 16 128 83
6 1035 7.65341 0.06500 0.07063 0.96591 193 150 38 189 118
47 1090 9.42783 1.47576 0.07549 1.69281 125 104 18 121 70
46 1079 8.67565 1.38570 0.34756 1.58610 82 69 10 80 49
639 748 7.02389 0.72136 0.21984 1.62124 167 130 27 165 101
631 740 8.70869 0.38271 0.11304 1.01799 139 121 15 137 115
31 1047 9.84115 0.95293 0.06235 0.27976 93 72 14 91 54
24 1041 9.69497 0.52731 0.24515 0.69942 112 81 25 105 65
694 759 8.97375 1.21807 0.01889 2.13991 92 74 14 88 47
21 1095 6.04113 0.30541 0.16467 1.22972 160 131 23 158 74
9 1085 7.75229 0.11978 0.04741 2.09854 54 40 12 52 23
664 754 6.32080 0.95050 0.12215 0.45800 172 150 19 170 125
628 721 8.89369 0.06822 0.09010 0.52339 212 184 25 212 139
674 755 6.80660 1.00401 0.15008 0.86230 160 135 22 158 105
3 1093 9.18499 0.16556 0.13592 1.44861 89 65 17 89 56
8 1099 8.57051 0.09985 0.20684 1.41665 62 36 16 56 32
677 756 7.33710 1.05904 0.15853 1.25741 135 115 16 131 87
36 1063 6.43670 1.30961 0.04206 0.51282 95 77 13 91 66
629 718 8.21466 0.06493 0.11443 0.46225 155 121 26 153 102
0 1095 9.43844 0.18564 0.19847 1.32766 69 42 18 60 30
6 1078 6.00632 0.20232 0.22199 1.38197 158 126 23 156 100
42 1094 7.01294 1.38520 0.10868 0.98952 102 81 15 102 73
630 689 7.61294 0.06570 0.05242 0.42887 204 174 24 204 148
635 741 6.86147 0.42646 0.10667 1.20236 183 159 15 181 134
47 1086 9.31954 1.44682 0.08147 1.97516 93 73 17 93 52
2 1078 6.43486 0.24257 0.25531 1.36286 170 146 16 170 132
5 1029 8.90613 0.06721 0.18138 0.74546 141 108 26 141 90
685 754 6.32907 0.94901 0.05038 0.58283 180 143 34 178 118
636 746 7.53013 0.61791 0.17350 1.55570 139 105 25 139 85
681 756 7.33675 1.05883 0.17194 1.24270 124 101 17 122 75
5 1083 7.81223 0.20534 0.28321 1.82242 71 44 14 69 38
32 1060 6.18414 1.06059 0.04076 0.52489 176 153 20 176 136
11 1082 6.57504 0.10370 0.24581 2.06203 103 81 9 93 64
638 746 6.78818 0.62051 0.17408 1.71212 141 120 17 141 111
15 1032 9.86919 0.15215 0.19436 0.52934 79 55 17 77 54
15 1088 7.12605 0.08299 0.10544 1.88782 116 85 25 112 47
683 754 6.32900 0.94970 0.11511 0.58684 196 174 19 194 140
12 1038 7.92922 0.07084 0.17906 0.75847 115 85 20 113 76
9 1090 8.39764 0.08046 0.07826 1.76769 70 52 10 66 40
23 1044 8.83819 0.49450 0.11383 0.75173 162 117 25 162 107
45 1072 8.69106 1.52048 0.07160 0.29342 148 122 21 146 102
7 1090 8.70280 0.11661 0.12087 1.65564 75 53 20 75 50
629 709 8.21107 0.06181 0.03174 0.39267 171 143 27 171 128
17 1090 6.85400 0.15862 0.05207 1.72147 126 95 29 121 61
42 1073 7.08599 1.42972 0.10319 0.26393 121 94 21 117 85
654 760 9.97130 1.31729 0.64988 2.45160 67 53 10 62 40
630 699 7.61018 0.06706 0.10440 0.40445 161 141 19 161 112
627 709 9.50264 0.04918 0.09275 0.37949 159 128 24 155 109
10 1030 9.40725 0.02386 0.15945 0.81084 123 105 8 119 82
41 1056 9.94128 1.50095 0.25917 0.69380 24 12 2 20 17
663 756 7.33987 1.05981 0.20596 1.12501 94 71 16 90 63
4 1028 9.03704 0.07313 0.21137 0.88160 148 118 22 146 99
3 1034 7.54268 0.09926 0.17632 1.03476 185 151 32 181 124
42 1082 6.61320 1.31866 0.36434 1.56298 107 81 18 104 64
632 743 8.76917 0.48052 0.05040 1.19550 134 112 20 134 95
41 1058 9.44445 1.50936 0.16487 0.81469 36 24 8 34 18
631 706 7.01665 0.07226 0.08476 0.49811 184 157 21 179 133
631 705 7.01736 0.07217 0.06958 0.52638 194 159 29 192 141
8 1096 8.56242 0.10038 0.29660 1.36257 89 64 14 85 43
629 685 8.22124 0.05923 0.12829 0.44146 159 138 16 157 110
5 1025 9.84882 0.04347 0.16774 0.57539 116 84 23 112 67
5 1031 8.43918 0.07620 0.22985 0.68643 150 123 20 148 106
24 1046 8.57605 0.55168 0.14960 0.70276 156 122 17 146 115
28 1048 8.91609 0.78023 0.05537 0.36904 125 101 18 121 88
19 1039 9.09539 0.30240 0.06238 0.73382 118 84 29 116 80
628 728 9.13345 0.12882 0.13124 0.59215 208 169 34 206 143
645 758 9.90385 1.24616 0.75592 2.06734 40 26 7 32 21
42 1070 7.41595 1.50150 0.04734 0.79525 109 86 15 105 76
631 694 7.02571 0.07139 0.09924 0.49099 216 187 28 213 159
1 1089 9.29936 0.18198 0.08940 1.55947 52 43 8 50 33
25 1041 9.90294 0.57967 0.11546 0.83697 145 130 13 143 110
20 1090 6.23067 0.26847 0.10081 1.93917 109 78 19 107 43
41 1070 6.96751 1.46986 0.04694 0.86547 95 80 11 95 66
16 1039 8.48769 0.19455 0.08360 0.68013 152 120 25 150 97
633 746 8.90727 0.60843 0.07791 1.38706 150 118 19 146 110
15 1037 8.73585 0.15646 0.15021 0.59872 129 106 15 127 96
19 1096 6.44923 0.22611 0.17824 1.15555 113 93 19 111 64
635 747 8.22157 0.66313 0.16744 1.45643 135 117 13 135 103
647 751 6.41653 0.86444 0.08721 0.91386 202 170 24 202 153
23 1040 9.70514 0.47477 0.15927 0.65968 122 106 10 120 95
16 1046 6.92009 0.22455 0.17391 0.39267 177 144 24 175 127
0 1023 9.85877 0.06821 0.15159 0.69380 126 106 15 117 92
635 750 9.14071 0.82058 0.17713 1.02259 146 129 14 146 112
629 692 8.21875 0.06044 0.06043 0.41401 188 161 25 188 138
658 753 6.00275 0.91348 0.13897 0.29074 196 153 32 188 140
702 757 7.86835 1.11036 0.34713 1.65611 144 120 22 144 82
661 755 6.85415 1.00889 0.18681 0.76259 162 131 27 160 114
627 728 9.78750 0.12245 0.14136 0.55036 172 130 23 172 114
