0.08618 0.04300
0.09575 0.04312
0.07330 0.02892
0.04498 0.02480
0.09441 0.03723
0.08564 0.05832
0.06386 0.02825
0.07465 0.02361
0.08789 0.05521
0.08023 0.06782
0.09792 0.04635
0.09722 0.05065
0.08230 0.04206
0.09138 0.07105
0.08924 0.04612
0.10679 0.06909
0.10105 0.06386
0.10093 0.04403
0.08691 0.05957
0.08431 0.04810
0.09898 0.05481
0.11180 0.03357
0.09326 0.07453
0.09298 0.07049
0.10518 0.06555
0.09924 0.04904
0.06352 0.03704
0.11420 0.08184
0.09269 0.05965
0.09606 0.03402
0.11446 0.06782
0.10704 0.04301
0.08066 0.03542
0.07710 0.03230
0.09618 0.06216
0.09213 0.04452
0.09702 0.06839
0.09298 0.05105
0.08580 0.04161
0.11714 0.06350
0.07934 0.02746
0.10490 0.05889
0.08182 0.07321
0.11333 0.04254
0.08778 0.05651
0.08471 0.04449
0.11141 0.06247
0.09963 0.08100
0.08038 0.02623
0.10233 0.05281
0.08094 0.05004
0.09347 0.05023
0.08166 0.06418
0.06784 0.02846
0.10239 0.05362
0.10348 0.04252
0.10551 0.07379
0.09558 0.06079
0.08463 0.03956
0.05614 0.02454
0.09758 0.05006
0.10238 0.06801
0.09829 0.04342
0.07489 0.08708
0.05388 0.02301
0.10561 0.04982
0.09574 0.04585
0.12034 0.07181
0.07799 0.04061
0.08076 0.04977
0.10402 0.05175
0.09683 0.06653
0.11649 0.07445
0.09157 0.07133
0.07019 0.02773
0.07635 0.04877
0.08138 0.03268
0.07130 0.05998
0.10137 0.04521
0.10314 0.04175
0.11682 0.06393
0.07838 0.02994
0.08896 0.08463
0.09675 0.04937
0.07209 0.03495
0.08643 0.03036
0.06923 0.02868
0.09733 0.04965
0.09006 0.04646
0.09878 0.03268
0.05416 0.02849
0.10718 0.05439
0.07581 0.03415
0.10181 0.03805
0.09211 0.04612
0.09621 0.03330
0.08670 0.04806
0.08783 0.04741
0.10615 0.05432
0.11344 0.07371
0.09061 0.04722
0.09896 0.06749
0.07417 0.02768
0.12009 0.06661
0.09219 0.03382
0.10221 0.07486
0.07557 0.02845
0.09047 0.05127
0.10261 0.06915
0.08792 0.03956
0.09915 0.04416
0.09773 0.06539
0.08175 0.04054
0.10054 0.06792
0.10125 0.04669
0.13072 0.07526
0.08721 0.06311
0.08769 0.04378
0.10366 0.07229
0.10906 0.06573
0.09973 0.06316
0.08935 0.04362
0.10444 0.06264
0.09611 0.02830
0.07667 0.04527
0.08898 0.02769
0.11058 0.08342
0.07170 0.02753
0.09625 0.06699
0.09945 0.06508
0.08314 0.03945
0.06348 0.03023
0.09956 0.07350
0.11665 0.06303
0.09793 0.04664
0.09747 0.06685
0.09427 0.05437
0.11135 0.04864
0.07087 0.04345
0.09766 0.05052
0.10735 0.06821
0.08463 0.04769
0.09694 0.04801
0.07764 0.04105
0.07137 0.02275
0.08451 0.05058
0.09635 0.04850
0.09801 0.04618
0.09517 0.04829
0.10016 0.04225
0.07653 0.03183
0.09757 0.04293
0.07565 0.03994
0.08997 0.06029
0.08917 0.04889
0.11239 0.05215
0.08513 0.05790
0.11744 0.04583
0.08174 0.03149
0.07786 0.02486
0.07051 0.05390
0.06278 0.03033
0.09817 0.07052
0.08865 0.04650
0.09944 0.07239
0.08477 0.07391
0.08024 0.02792
0.09900 0.07663
0.05875 0.02457
0.11214 0.05717
0.08369 0.03742
0.06932 0.02395
0.07097 0.03155
0.09870 0.06375
0.08295 0.03579
0.09847 0.04888
0.09416 0.05950
0.07817 0.07309
0.09725 0.06310
0.08094 0.05096
0.08994 0.04665
0.09146 0.06416
0.09608 0.04266
0.10711 0.05776
0.10560 0.04558
0.09679 0.05614
0.11926 0.05076
0.06990 0.02709
0.06695 0.02186
0.09381 0.04217
0.09790 0.07448
0.09999 0.07011
0.06983 0.02834
0.07358 0.04679
0.08879 0.06246
0.09477 0.03126
0.10377 0.04667
0.09602 0.08569
0.09183 0.03534
0.10072 0.04349
