4788 7095 10.81350 3.14082 2.09525 0.97317 75 0 0 67 40 631 100.00000 0
38 3387 11.50802 0.00420 2.27352 0.70053 105 1 0 93 72 427 100.00000 0
4737 7202 11.02315 2.65492 2.07390 0.24866 88 0 0 79 55 371 100.00000 0
17 3387 11.50802 0.00420 2.29371 0.49575 87 0 0 77 48 451 100.00000 0
1326 7027 10.51857 2.99876 2.18993 2.31866 145 0 0 111 49 780 100.00000 0
1482 6872 10.04486 3.12266 2.34198 2.74010 47 4 4 33 27 272 100.00000 0
42 3414 11.75156 0.02822 2.16397 1.15961 41 0 0 34 21 140 100.00000 0
6142 7877 11.44315 3.13854 2.38769 1.19518 85 4 0 82 31 533 100.00000 0
4796 7122 11.95018 3.03352 2.60574 1.53672 67 0 0 51 14 494 100.00000 0
1537 6800 10.97155 3.13928 3.86770 2.07150 8 0 0 8 2 66 100.00000 0
5097 6852 11.69156 3.12546 2.73075 8.19736 24 1 0 6 8 230 100.00000 0
45 100 11.49053 0.02079 2.44747 1.19812 13 0 0 9 6 66 100.00000 0
49 3414 11.75156 0.02822 2.25648 0.48133 32 0 0 16 15 167 100.00000 0
5010 6968 11.29138 2.95108 2.79600 11.05288 41 23 7 32 27 136 100.00000 0
6037 7988 11.05039 3.13779 2.18567 3.62158 11 1 2 8 3 106 100.00000 0
5217 6790 11.76252 3.13150 8.26288 179.42054 5 0 0 2 1 56 100.00000 0
6134 7909 11.09334 3.13980 2.05336 0.60587 100 1 8 70 37 593 100.00000 0
5416 6678 11.92093 2.03890 2.50311 1.59495 61 38 11 40 20 410 100.00000 0
4968 6996 11.42188 3.09670 5.13852 177.42960 11 0 0 11 9 82 100.00000 0
1216 7187 11.86606 2.85067 2.31592 2.84111 142 0 1 112 64 563 100.00000 0
1366 6980 11.22658 3.09564 2.59680 3.71847 31 0 0 8 13 264 100.00000 0
56 8547 11.75274 0.00574 2.14990 0.65611 105 0 0 96 69 439 100.00000 0
4782 7130 10.77576 3.06593 2.14136 1.43477 95 0 0 71 37 591 100.00000 0
