98 3788 11.81900 0.03819 0.39068 0.48133 21 18 2 12 10 181 100.00000 0
2678 5405 10.70459 0.01157 0.57459 0.67260 55 46 7 43 27 429 100.00000 0
352 4110 10.52336 0.01361 0.69130 0.28531 72 69 3 66 49 372 100.00000 0
459 3982 10.49489 0.01009 1.06774 0.49575 49 41 5 43 25 322 100.00000 0
346 709 11.50833 0.00719 0.76213 0.43701 44 36 7 44 27 311 100.00000 0
7046 7203 11.24229 0.02743 0.92481 0.34605 25 17 6 23 11 125 100.00000 0
3265 6154 10.01053 0.00986 0.81775 0.75277 77 64 1 60 44 265 100.00000 0
3679 7107 10.26745 0.11951 0.91813 1.32323 15 12 1 13 8 149 100.00000 0
555 976 11.26895 0.00154 0.78539 0.32984 64 54 6 62 32 348 100.00000 0
531 976 11.26895 0.00154 0.78990 0.22029 65 51 7 61 31 349 100.00000 0
420 975 10.76826 0.00183 0.54293 0.10468 71 64 4 67 50 394 100.00000 0
7754 7810 11.31788 0.72617 1.19680 2.23581 51 28 6 40 16 281 100.00000 0
3018 5736 10.49427 0.04344 0.39420 0.38052 53 49 4 48 38 337 100.00000 0
2471 5270 11.33786 0.30847 0.83726 1.97219 34 23 10 32 21 154 100.00000 0
1358 4519 11.79033 0.00498 0.48325 0.28531 18 11 4 12 2 151 100.00000 0
614 975 10.76826 0.00183 0.49193 0.05595 74 61 3 63 46 388 100.00000 0
734 4172 10.02836 0.01118 0.60860 0.46562 65 56 5 63 40 407 100.00000 0
3660 6675 11.15628 0.00375 0.58945 0.25944 10 8 2 10 8 74 100.00000 0
758 4172 10.03026 0.01108 0.63865 0.41307 73 62 7 67 47 426 100.00000 0
6806 7202 10.99288 0.02735 0.96479 0.33338 27 16 9 27 10 145 100.00000 0
2424 5270 11.33786 0.30847 0.70777 2.02816 32 19 8 23 17 143 100.00000 0
497 976 11.26895 0.00154 0.63886 0.29739 74 62 3 70 44 394 100.00000 0
6603 6850 11.74586 0.00594 1.55169 0.43341 14 7 7 8 6 79 100.00000 0
2843 5563 11.77477 0.05659 0.74457 0.73382 48 35 11 32 16 394 100.00000 0
6614 7182 10.97805 0.01904 0.78358 1.00678 9 5 2 7 1 97 100.00000 0
458 4171 10.79933 0.01107 0.39908 0.35827 44 37 5 38 26 329 100.00000 0
3389 6303 10.30408 0.05438 0.83071 1.50402 17 13 3 11 6 103 100.00000 0
345 476 11.74965 0.00708 0.80519 0.44411 38 28 7 32 20 317 100.00000 0
1211 4394 11.01681 0.01370 0.23127 0.27124 28 24 4 23 16 192 100.00000 0
1591 4756 11.77052 0.01505 0.61965 0.79525 22 17 5 12 10 149 100.00000 0
1033 4214 11.50809 0.00802 0.54480 0.75173 30 21 7 30 14 195 100.00000 0
2751 5491 11.95889 0.01155 0.41479 0.59742 37 26 10 28 13 350 100.00000 0
898 980 11.77208 0.00498 0.47176 0.30261 74 59 14 67 45 441 100.00000 0
1497 4649 10.80174 0.00434 0.41814 0.90309 15 12 3 12 7 149 100.00000 0
2172 2321 11.33265 0.27787 1.89300 1.94561 38 29 0 22 15 151 100.00000 0
3246 6020 10.39814 0.01340 0.61748 0.92281 21 11 0 19 10 235 100.00000 0
3053 5787 10.69800 0.01198 0.43410 0.67955 48 47 1 42 35 319 100.00000 0
1659 4807 10.85102 0.00775 0.40678 0.53376 19 14 4 13 8 177 100.00000 0
2171 2470 11.86999 0.30255 0.89564 2.08732 33 25 8 33 23 126 100.00000 0
392 974 10.01406 0.00381 0.58894 0.21306 66 64 1 62 41 400 100.00000 0
3153 5872 11.09845 0.04461 0.40962 0.71217 21 15 2 7 9 169 100.00000 0
345 660 11.74965 0.00708 1.04596 0.67840 48 25 9 41 22 319 100.00000 0
7104 7204 11.73924 0.02765 0.67536 0.72632 19 11 2 11 6 135 100.00000 0
3681 7171 10.72075 0.15561 0.52464 1.03287 30 27 3 30 18 139 100.00000 0
2171 2366 11.86999 0.30255 0.77524 2.05823 31 22 3 26 21 83 100.00000 0
2268 2564 11.48797 0.58047 0.66264 1.72782 56 49 5 56 41 281 100.00000 0
1697 4865 10.52734 0.00414 0.75942 0.17246 27 16 7 20 16 171 100.00000 0
2218 5305 10.48793 0.48154 0.39464 0.35608 60 56 3 46 36 272 100.00000 0
2184 5300 10.80906 0.35654 1.41942 1.47989 54 51 1 49 38 154 100.00000 0
3231 6009 10.25562 0.04391 0.66426 1.33031 23 8 1 18 8 208 100.00000 0
733 979 11.51780 0.00406 0.82711 0.36477 47 31 1 41 30 379 100.00000 0
2281 5312 11.91985 0.68669 1.37079 1.54990 80 78 0 70 55 277 100.00000 0
165 3828 10.68290 0.01326 0.91105 0.78335 33 24 7 29 15 232 100.00000 0
337 3957 10.51725 0.00644 0.34868 0.72900 32 25 3 22 13 246 100.00000 0
6603 7152 11.74402 0.00648 0.85122 0.31528 8 5 3 8 5 106 100.00000 0
1490 4643 10.03190 0.00777 0.27498 0.89569 32 24 1 13 13 163 100.00000 0
1007 4188 10.27012 0.01706 0.29893 0.33455 92 87 3 82 51 453 100.00000 0
6606 6919 10.49518 0.00708 1.29107 0.60909 10 6 2 10 4 91 100.00000 0
6927 7202 10.99288 0.02735 0.81757 0.40830 27 13 4 22 14 151 100.00000 0
791 979 11.51970 0.00400 0.68965 0.28116 57 31 12 53 33 383 100.00000 0
2317 5270 10.63578 0.26030 0.57542 1.72918 26 11 13 24 11 140 100.00000 0
632 3982 10.49489 0.01009 1.00823 0.49099 49 44 5 44 26 341 100.00000 0
6603 6748 11.74586 0.00594 0.65795 0.25334 12 6 5 7 4 89 100.00000 0
2228 2559 10.88836 0.49447 0.63028 0.58283 92 91 1 89 69 273 100.00000 0
346 608 11.50244 0.00580 0.52976 0.36904 34 26 7 30 18 311 100.00000 0
6606 6982 10.49518 0.00708 0.97755 0.36584 7 3 3 5 3 92 100.00000 0
2862 5582 11.64744 0.02020 0.28915 0.25641 31 23 4 18 15 286 100.00000 0
147 3815 11.45022 0.03145 0.44589 0.76464 38 26 9 36 20 240 100.00000 0
1397 4571 11.51180 0.00561 0.34338 0.25641 47 45 0 41 30 262 100.00000 0
1835 4974 10.05173 0.03954 0.34958 0.69549 59 46 10 52 36 182 100.00000 0
404 977 11.52020 0.00049 0.61099 0.03956 60 53 5 52 30 359 100.00000 0
481 3982 10.49489 0.01009 0.93247 0.60716 54 42 7 45 28 298 100.00000 0
6668 7203 11.24229 0.02743 0.57873 0.74072 21 12 0 19 16 148 100.00000 0
2622 5348 10.90531 0.02185 0.70911 1.24741 54 42 12 46 23 249 100.00000 0
2719 5443 11.29588 0.01172 0.28298 0.57130 65 62 2 55 36 403 100.00000 0
6604 6918 11.24828 0.00629 1.34915 0.62994 16 7 5 11 5 106 100.00000 0
1658 4806 10.82079 0.00786 0.65885 0.37220 20 15 3 20 6 192 100.00000 0
3985 4106 11.26913 0.01135 0.72311 0.53155 39 32 3 34 23 286 100.00000 0
2565 5331 10.40103 0.58587 1.32368 1.80515 84 12 30 76 48 302 100.00000 0
5975 6038 11.10028 0.00458 0.56094 0.61038 34 9 3 32 20 201 100.00000 0
6606 6956 10.49518 0.00708 0.42212 0.49732 6 4 0 3 4 92 100.00000 0
667 4173 11.79777 0.00987 0.65080 0.63180 71 58 4 64 44 373 100.00000 0
346 654 11.50244 0.00580 0.82911 0.60845 41 32 9 39 21 310 100.00000 0
148 3816 10.81143 0.02904 0.45258 0.67377 34 27 6 32 19 202 100.00000 0
3694 7205 10.66241 0.46041 0.53793 0.50976 30 22 3 16 13 175 100.00000 0
3660 6714 11.15628 0.00375 0.80615 0.75796 8 6 1 5 5 49 100.00000 0
773 979 11.51970 0.00400 0.70436 0.30261 67 45 15 61 39 412 100.00000 0
540 974 10.01791 0.00258 0.45120 0.07913 87 81 6 82 57 425 100.00000 0
2455 5269 11.68981 0.30783 1.14038 2.08582 30 15 9 19 21 109 100.00000 0
6786 7201 10.24214 0.02731 1.04741 0.34943 21 15 5 15 7 153 100.00000 0
1864 4978 11.72648 0.00625 0.57395 0.58884 23 20 2 19 14 87 100.00000 0
2178 2503 10.26950 0.29786 0.98944 1.81833 38 29 3 30 24 146 100.00000 0
3679 6849 10.26745 0.11951 0.65226 1.21756 18 13 5 16 5 134 100.00000 0
111 3795 10.50595 0.01434 0.69709 0.99308 24 9 0 16 14 155 100.00000 0
1251 4418 10.26327 0.01129 0.44393 0.42521 21 12 5 11 7 150 100.00000 0
460 4173 11.79777 0.00987 0.65238 0.42244 61 48 5 51 43 360 100.00000 0
457 3980 11.49638 0.01155 0.99482 0.71217 37 29 4 35 22 287 100.00000 0
2177 2412 10.26875 0.29874 1.34648 1.72941 56 50 1 43 35 189 100.00000 0
777 3985 10.24876 0.00981 0.54465 0.52712 56 48 6 51 30 358 100.00000 0
3680 6856 10.97298 0.13900 0.91992 1.43149 13 8 4 10 7 150 100.00000 0
981 4142 11.02953 0.01426 0.18592 0.64891 58 50 7 51 33 357 100.00000 0
239 3901 11.94909 0.07899 0.66970 1.52007 12 8 2 5 6 114 100.00000 0
4116 4174 10.00670 0.00664 0.32470 0.22381 89 86 3 89 68 453 100.00000 0
3094 5828 11.10592 0.02019 0.80177 0.25179 37 18 0 28 18 310 100.00000 0
5977 6036 10.10704 0.00608 0.72598 0.51205 31 14 3 26 15 233 100.00000 0
812 978 10.77040 0.00229 0.51561 0.14804 75 62 8 65 48 405 100.00000 0
5990 6111 10.58967 0.01334 0.48845 0.85592 29 25 2 24 10 234 100.00000 0
1067 4264 11.51297 0.00305 0.70730 0.34605 37 32 2 27 18 237 100.00000 0
711 4170 10.03241 0.01130 0.65215 1.74764 38 7 4 32 18 317 100.00000 0
6050 6125 10.89225 0.00919 0.84019 0.37534 24 8 5 18 6 245 100.00000 0
1359 4520 11.54538 0.00724 0.24031 0.70997 18 12 6 11 3 188 100.00000 0
6603 6675 11.74586 0.00594 1.52368 0.52786 16 6 5 12 9 118 100.00000 0
4011 4171 11.77155 0.00644 0.74431 0.36045 62 58 1 58 43 342 100.00000 0
350 917 10.50898 0.00703 0.86630 0.45197 66 59 5 61 42 368 100.00000 0
848 3984 10.74879 0.01016 0.61908 0.52786 47 42 4 38 32 278 100.00000 0
8045 8108 11.99700 1.25167 1.56557 2.05557 35 1 0 24 9 223 100.00000 0
6604 6789 11.24828 0.00629 0.59825 0.36477 10 5 3 3 2 79 100.00000 0
642 3979 11.99371 0.01255 0.90445 0.74494 35 32 3 28 21 280 100.00000 0
2328 5272 10.63939 0.30767 1.15662 2.01635 36 29 6 31 17 133 100.00000 0
1590 4754 10.06641 0.01400 0.52470 0.61676 25 18 2 13 9 169 100.00000 0
464 4170 10.30159 0.01147 0.54821 0.39466 57 45 8 49 29 373 100.00000 0
7149 7203 11.24229 0.02743 0.39338 0.44850 23 17 4 23 10 148 100.00000 0
2176 2437 10.80393 0.29947 0.74753 2.04794 44 24 10 37 26 130 100.00000 0
368 967 10.00277 0.01055 0.45992 0.59676 96 93 3 93 56 493 100.00000 0
3246 6014 10.43816 0.01363 0.66198 0.36154 26 12 2 20 13 217 100.00000 0
7112 7202 10.99288 0.02735 0.85990 0.30647 23 14 1 23 14 131 100.00000 0
1553 4703 11.01707 0.02319 0.74588 0.34035 37 23 0 26 22 164 100.00000 0
2770 5509 11.06598 0.01245 0.74804 0.98873 54 45 3 42 28 438 100.00000 0
889 979 11.51970 0.00400 0.84080 0.26541 57 27 5 51 32 408 100.00000 0
2815 5536 11.68125 0.04535 0.67706 0.42244 54 41 9 46 21 389 100.00000 0
417 4172 11.29839 0.01034 0.53832 0.46981 62 52 5 62 46 391 100.00000 0
925 976 10.00929 0.00120 0.66835 0.07913 84 72 3 79 51 462 100.00000 0
1942 5057 10.01155 0.01166 1.75175 4.20933 4 2 0 2 1 18 100.00000 0
6607 6923 10.24121 0.00750 1.01044 0.53302 11 8 2 7 5 84 100.00000 0
6605 7012 10.99721 0.00661 0.81145 0.85318 10 5 3 6 2 112 100.00000 0
2535 5271 11.68632 0.33918 0.79831 2.10338 32 21 8 17 14 144 100.00000 0
6731 7202 10.99288 0.02735 0.76169 0.33920 20 9 2 14 6 149 100.00000 0
1927 5040 11.80408 0.00990 0.38582 0.74965 6 6 0 6 6 13 100.00000 0
2175 2384 10.80392 0.29987 0.94928 1.91356 38 29 4 36 23 152 100.00000 0
3660 6661 11.15628 0.00375 1.22544 1.89383 6 1 1 6 3 68 100.00000 0
2178 2468 10.26950 0.29786 0.97881 1.77784 30 22 4 22 16 131 100.00000 0
6609 7175 11.22994 0.01664 1.37929 0.82377 15 14 0 11 7 124 100.00000 0
3540 6440 11.85126 0.04017 0.52824 0.50435 9 5 2 4 5 43 100.00000 0
2267 2565 11.79055 0.60432 1.18917 2.05252 61 54 3 52 43 241 100.00000 0
364 4161 10.26025 0.01913 0.75774 0.77733 75 69 4 62 39 423 100.00000 0
348 618 10.25119 0.00537 0.34308 0.32746 46 40 6 42 21 364 100.00000 0
829 976 10.00929 0.00120 0.72614 0.20174 88 73 5 86 61 443 100.00000 0
2156 2283 11.71973 0.09620 0.58045 0.63858 17 15 2 15 9 99 100.00000 0
2521 5270 11.33786 0.30847 0.61517 1.98997 31 23 7 27 17 152 100.00000 0
6613 7181 10.97893 0.01845 0.40608 0.84765 13 7 4 13 4 148 100.00000 0
3477 6402 11.29745 0.04273 0.80730 0.69154 5 2 1 2 2 17 100.00000 0
983 4146 11.78416 0.01610 0.27945 0.71436 97 91 4 88 72 398 100.00000 0
6605 6975 10.99721 0.00661 0.86982 1.58264 9 3 3 5 4 94 100.00000 0
825 4173 10.53017 0.01052 0.52223 0.41590 74 66 5 69 59 393 100.00000 0
458 4173 11.79777 0.00987 0.49209 0.34492 77 73 2 67 55 362 100.00000 0
1266 4445 10.02312 0.01663 0.40674 0.36045 23 19 2 17 13 109 100.00000 0
4002 4166 11.51660 0.01168 0.81514 0.60587 77 71 6 70 37 395 100.00000 0
3703 7225 11.08056 0.76917 0.89957 1.34086 21 2 1 10 7 126 100.00000 0
2644 5371 11.79552 0.02474 0.32204 0.28531 62 57 4 58 41 372 100.00000 0
1793 4951 11.30203 0.21655 0.72690 0.38967 11 6 4 9 2 55 100.00000 0
350 897 10.50898 0.00703 0.77411 0.44146 56 50 5 48 38 340 100.00000 0
654 4170 10.30159 0.01147 0.77971 0.48779 52 37 7 44 25 370 100.00000 0
3680 6994 10.97298 0.13900 0.09298 1.17603 15 9 0 8 4 96 100.00000 0
558 974 10.01791 0.00258 0.63758 0.20936 74 60 9 68 39 417 100.00000 0
350 743 10.50898 0.00703 0.53573 0.40830 62 57 5 58 39 320 100.00000 0
351 4093 11.02224 0.01386 0.50829 0.39167 46 43 2 42 30 317 100.00000 0
2927 5646 10.06681 0.00285 0.40570 2.03452 24 21 0 18 10 152 100.00000 0
761 4175 11.52745 0.00992 0.46081 0.48939 66 56 6 62 45 384 100.00000 0
6075 6128 11.38936 0.00959 0.43094 0.09691 35 30 4 25 21 241 100.00000 0
508 3982 10.49489 0.01009 0.79798 0.71491 46 39 5 38 27 310 100.00000 0
484 4170 10.30159 0.01147 0.91099 0.55743 42 22 8 40 22 332 100.00000 0
3660 7030 11.15628 0.00375 0.86966 0.23070 7 3 1 7 3 85 100.00000 0
