1949 5079 10.80691 0.00882 8.65511 0.50668 3 0 0 3 2 16 100.00000 0
3645 6593 11.70663 0.00345 4.32312 8.43992 4 0 0 4 1 53 100.00000 0
3559 6480 11.23116 0.01288 4.06624 0.36154 17 0 0 17 15 155 100.00000 0
2429 5323 11.68318 0.82280 2.69848 3.02673 56 43 11 47 29 245 100.00000 0
2287 5313 11.57005 0.70560 2.85913 1.90701 43 17 14 29 19 161 100.00000 0
2472 2581 11.22698 0.77641 2.26066 2.69384 72 60 2 65 52 258 100.00000 0
3535 6455 10.86530 0.03133 11.28544 2.70660 5 0 0 2 2 22 100.00000 0
3526 6446 10.51057 0.03046 7.57463 5.77971 4 0 0 4 2 27 100.00000 0
2476 5321 10.45620 0.77092 2.36303 2.85060 64 56 6 45 35 273 100.00000 0
2411 5323 11.68318 0.82280 2.36953 2.68890 61 44 12 53 41 232 100.00000 0
2420 5269 11.68981 0.30783 2.19603 2.76753 27 12 9 25 16 129 100.00000 0
1759 4933 10.45872 0.70154 3.20219 3.11998 9 0 0 9 5 75 100.00000 0
3651 6604 10.22634 0.00689 17.35138 69.15809 5 0 0 1 2 45 100.00000 0
2495 5320 10.24209 0.74014 2.72121 3.04504 70 49 9 63 50 271 100.00000 0
2320 5321 10.76751 0.80012 2.54309 2.67078 37 27 8 28 22 167 100.00000 0
2488 5323 11.68318 0.82280 2.36363 2.72620 48 45 2 39 30 245 100.00000 0
1915 5045 11.31781 0.00580 16.64473 0.34035 4 0 0 4 3 12 100.00000 0
8038 8089 11.01070 0.43522 2.22051 3.08895 57 14 4 55 29 308 100.00000 0
2171 2500 11.86999 0.30255 2.99729 3.90184 22 14 5 16 12 101 100.00000 0
2052 5187 10.74936 0.02658 10.77040 0.84673 14 0 0 12 5 36 100.00000 0
2172 2464 11.68279 0.30204 2.26538 2.35451 18 11 2 13 11 103 100.00000 0
2511 2583 11.93117 0.82358 2.45918 2.63418 73 65 6 67 49 277 100.00000 0
2312 5320 11.43827 0.82385 2.68204 2.32440 82 29 47 73 45 273 100.00000 0
2335 2582 11.44621 0.80088 2.36080 2.67766 73 64 6 57 45 286 100.00000 0
2359 5321 10.45620 0.77092 2.57630 2.84069 77 45 27 64 49 294 100.00000 0
2337 5323 11.68318 0.82280 2.50689 2.91228 69 48 19 56 38 262 100.00000 0
2173 2440 11.32990 0.30114 2.62950 2.52739 36 24 3 30 21 134 100.00000 0
2422 5320 10.24209 0.74014 2.56636 3.12299 77 63 9 70 43 264 100.00000 0
