0.03840 0.02568
0.02311 0.01850
0.01901 0.01679
0.01886 0.01850
0.02249 0.01984
0.00466 0.00408
0.01559 0.01650
0.00600 0.00364
0.02427 0.01924
0.02031 0.01999
0.02057 0.01612
0.01065 0.01094
0.03086 0.02951
0.00546 0.00345
0.02283 0.02449
0.01950 0.01634
0.01940 0.01636
0.00463 0.00408
0.02404 0.01605
0.00419 0.00352
0.00376 0.00315
0.00805 0.00478
0.00394 0.00392
0.02869 0.02052
0.00451 0.00431
0.02298 0.02782
0.00679 0.00886
0.00459 0.00438
0.01998 0.01700
0.00527 0.00482
0.01978 0.01875
0.04335 0.03162
0.02487 0.02410
0.02497 0.02289
0.01746 0.01691
0.01241 0.00695
0.02179 0.01615
0.03138 0.02636
0.00985 0.00714
0.00823 0.00559
0.02264 0.02044
0.03097 0.02987
0.01200 0.00645
0.01009 0.00598
0.00864 0.00526
0.02894 0.01652
0.00535 0.00441
0.02858 0.02840
0.01866 0.01742
0.00493 0.00415
0.00527 0.00484
0.00672 0.00456
0.00333 0.00327
0.00729 0.00487
0.01143 0.00694
0.01210 0.00703
0.02765 0.01489
0.00671 0.00457
0.00631 0.00396
0.02132 0.01883
0.02029 0.01639
0.00846 0.00520
0.02686 0.02936
0.00523 0.00359
0.02814 0.02531
0.00503 0.00360
0.02780 0.02534
0.01641 0.01582
0.00484 0.00359
0.00331 0.00316
0.00451 0.00372
0.01937 0.01722
0.00358 0.00350
0.00702 0.00458
0.00870 0.00607
0.01939 0.01718
0.00465 0.00378
0.00965 0.00546
0.02066 0.02311
0.00458 0.00357
0.02689 0.02965
0.02397 0.02706
0.02347 0.02231
0.00578 0.00432
0.00851 0.00584
0.01865 0.01653
0.01912 0.01782
0.00627 0.00603
0.02039 0.01365
0.02548 0.01969
0.00966 0.00607
0.00322 0.00283
0.00692 0.00542
0.01890 0.01760
0.01180 0.00763
0.00264 0.00260
0.02055 0.01895
0.01434 0.01132
0.00343 0.00282
0.02757 0.01627
0.02589 0.01809
0.02493 0.02764
0.00632 0.00463
0.01139 0.00911
0.00524 0.00389
0.03437 0.01731
0.02572 0.02011
0.00575 0.00398
0.00474 0.00384
0.00405 0.00359
0.00625 0.00414
0.00407 0.00298
0.00242 0.00214
0.02397 0.02431
0.03318 0.03029
0.02298 0.01646
0.01948 0.01783
0.00482 0.00336
0.01850 0.01739
0.00645 0.00430
0.02821 0.01711
0.04073 0.03134
0.02276 0.01578
0.02360 0.02470
0.02094 0.02020
0.00598 0.00399
0.02038 0.01399
0.02605 0.02269
0.01120 0.00683
0.02742 0.02869
0.02510 0.01661
0.02805 0.02092
0.02419 0.03349
0.00446 0.00372
0.01949 0.01636
0.02010 0.01767
0.02072 0.01730
0.01475 0.01160
0.00420 0.00359
0.01940 0.01969
0.00525 0.00362
0.02782 0.02372
0.01974 0.01656
0.00479 0.00403
0.00777 0.00554
0.00607 0.00411
0.02043 0.01688
0.02453 0.01759
0.00580 0.00490
0.02623 0.02391
0.02026 0.01870
0.02762 0.01495
0.01199 0.00731
0.02669 0.02276
0.01963 0.01650
0.01265 0.00763
0.02137 0.01808
0.01259 0.00633
0.00258 0.00287
0.00477 0.00379
0.00356 0.00259
0.00538 0.00363
0.00519 0.00450
0.00235 0.00242
0.00586 0.00406
0.00411 0.00326
0.00685 0.00459
0.00501 0.00434
0.00445 0.00439
0.00685 0.00522
0.02451 0.01682
0.00479 0.00372
0.02108 0.02179
0.02318 0.01648
0.00760 0.00437
0.00810 0.00526
0.00465 0.00436
0.00275 0.00254
0.01950 0.01836
0.00374 0.00311
0.01919 0.01574
0.03829 0.02069
0.03463 0.02963
0.02569 0.01580
0.00922 0.00991
0.02029 0.01701
0.00541 0.00397
0.01911 0.01801
0.02209 0.01688
0.00652 0.00533
0.02463 0.01623
0.02605 0.01801
0.01166 0.00701
0.01950 0.01800
0.02234 0.02968
0.01901 0.01635
0.02154 0.02023
0.01923 0.01828
0.02080 0.01548
0.00394 0.00345
