472 9812 11.33911 0.01522 0.88426 0.78833 28 10 5 26 14
9417 9580 11.73887 0.01360 0.62148 0.85409 38 35 1 30 17
471 853 11.73438 0.01541 0.47402 1.02336 11 7 2 9 6
173 4386 10.75450 0.01352 0.86548 1.91438 29 16 3 26 15
2608 2879 10.34603 0.00507 7.65643 0.36584 6 0 0 6 4
7398 7886 10.66289 0.01038 0.34567 0.37742 66 56 10 60 43
128 8932 11.75814 0.01427 0.42574 0.87088 19 15 4 14 9
861 5653 11.51009 0.00689 11.84024 2.38080 8 0 0 1 2
467 5526 10.98902 0.00864 0.41127 0.52190 10 9 1 8 5
5276 5640 10.24678 0.00458 0.23021 0.57198 22 11 11 19 8
9036 9578 10.73478 0.01693 0.64546 1.13608 48 39 3 44 22
4395 4781 10.26359 0.00659 0.37865 0.43790 45 41 2 37 31
10335 10462 10.03247 0.02840 0.73353 0.54536 45 26 0 41 35
467 5176 10.98905 0.00820 0.44586 0.54321 12 10 2 12 8
2621 3421 10.49943 0.00616 0.55598 0.73542 7 3 2 7 2
2622 3287 10.50040 0.00555 2.26390 0.89043 6 0 0 4 2
5210 5643 11.75281 0.00514 1.27376 1.33823 16 8 0 7 3
2903 7301 11.21096 0.01277 9.14024 0.72739 5 3 0 5 3
871 5394 11.75400 0.01364 0.14915 1.13021 20 14 2 18 9
2593 2678 11.01334 0.00400 15.98876 0.61548 7 0 0 5 3
1597 6457 11.11532 0.01370 0.69511 0.98873 45 38 4 37 22
4391 4684 11.01433 0.00882 0.61520 0.83743 33 25 7 21 17
165 4571 10.25909 0.01222 0.41519 0.52489 44 39 2 32 24
5119 5536 11.25046 0.00640 0.46385 0.78634 18 14 3 18 9
6430 6480 11.62721 0.00437 0.39828 0.53814 55 51 4 51 31
2623 3175 10.14935 0.00507 1.78991 4.31248 14 8 0 4 3
2616 3023 11.40075 0.00559 0.35186 0.36797 8 7 1 8 5
2611 2943 11.75371 0.00569 0.47161 0.63118 14 10 4 14 8
3600 7657 10.66031 0.00542 0.40001 0.33338 47 42 3 44 27
2169 6917 11.55061 0.03021 0.89128 0.32506 49 32 3 49 26
894 5685 10.37607 0.46267 0.79632 1.23480 10 5 3 8 3
3452 7324 10.46743 0.00854 10.87448 20.15462 4 0 0 0 1
1903 6683 11.91269 0.02960 5.78101 1.69489 11 0 0 2 4
868 5237 10.00870 0.01253 0.29644 0.25334 25 23 2 18 16
2622 3111 10.50040 0.00555 0.40786 0.48618 8 6 0 6 4
2963 7302 10.35164 0.01278 0.37945 0.34718 6 4 2 6 3
457 631 10.50817 0.00403 0.56926 0.62558 20 16 2 17 9
2624 3429 10.14860 0.00533 0.46642 0.90266 9 7 1 6 2
3339 3534 11.89772 0.00899 30.59818 0.51282 5 0 0 2 2
877 5629 10.28897 0.01583 0.70726 0.76413 24 20 1 22 17
456 795 11.00853 0.00572 1.98844 0.80211 12 4 7 3 2
3133 3530 10.10154 0.00994 59.42251 0.56371 2 0 0 0 0
4824 9539 10.24559 0.00723 0.34869 0.83743 39 37 2 33 23
455 689 11.76960 0.00598 0.95354 1.06422 13 6 0 8 9
2790 3512 10.84755 0.00766 22.73604 0.44235 5 0 0 3 1
118 4332 10.74991 0.01447 0.45402 1.35364 17 9 5 15 6
2609 2902 11.90940 0.00507 3.24068 9.88004 8 2 0 4 3
1701 6448 11.84707 0.00772 0.43798 0.25641 62 50 11 53 23
2592 2797 11.55707 0.00483 32.79562 0.26688 4 0 0 0 2
3629 7591 10.13326 0.47270 0.71685 1.62991 34 19 9 34 12
2789 3515 11.35806 0.00770 26.97698 177.64524 3 0 0 3 3
3702 8310 10.08429 0.11314 0.46235 0.97799 43 34 8 38 21
456 522 11.00952 0.00481 0.68648 1.58066 10 4 0 10 5
3007 7303 10.00207 0.01284 4.75697 0.73701 6 2 1 3 2
2622 3435 10.50040 0.00555 7.69781 1.64711 8 0 0 5 4
9001 9184 10.99228 0.01013 0.65694 0.58215 23 21 1 18 13
5050 9762 11.54718 0.04783 0.72439 0.33920 34 22 3 29 20
4276 8892 11.50177 0.00639 0.83472 1.74226 14 3 3 4 3
2299 7020 10.98244 0.07089 0.25571 0.75641 57 49 6 49 25
851 5644 11.00640 0.00616 0.43296 0.29475 25 14 8 21 10
9054 9579 10.99214 0.01385 0.20043 0.85318 38 34 4 36 19
3527 7334 10.33072 0.01258 2.41510 6.10637 6 4 0 4 3
4853 9359 11.76266 0.01426 0.40598 1.01568 32 27 3 23 19
1611 6472 11.35945 0.01497 0.45591 0.86275 63 55 8 61 29
3630 8094 10.84035 0.50281 0.69929 1.75792 35 5 18 33 19
186 4721 10.99973 0.01010 0.76860 0.56579 34 20 1 31 19
3631 8111 11.39162 0.53306 1.18625 1.96443 19 11 7 17 8
4820 9028 11.26952 0.00703 0.38264 1.56873 20 10 2 11 7
2188 6959 11.35103 0.16039 0.68281 3.22331 31 18 4 19 10
692 5111 11.28863 0.00535 1.16353 2.31630 20 5 3 14 7
5119 5383 11.25048 0.00606 0.24314 0.37534 16 13 3 14 10
1124 5901 11.51007 0.01466 4.84170 11.56471 3 1 0 3 2
3268 3530 10.10154 0.00994 15.61151 15.72574 6 0 0 6 3
3328 3533 11.35089 0.00962 0.71273 1.20496 5 3 1 5 4
2594 2728 10.85770 0.00365 16.93465 173.69808 6 0 0 3 3
165 4760 10.25909 0.01222 0.67734 0.56163 35 21 3 27 19
2617 3356 11.39920 0.00640 0.69380 0.36691 14 8 4 12 7
3363 3531 10.64505 0.01036 32.54948 0.59149 7 0 0 5 2
590 9826 10.52250 0.01159 1.01134 0.70554 16 4 0 12 7
4824 9365 10.00452 0.00552 0.44162 0.58283 51 49 0 49 35
9425 9580 11.73887 0.01360 0.80096 0.83275 34 26 6 32 18
2773 7297 10.00458 0.00907 4.40952 8.68254 4 3 0 1 3
2616 7313 11.35910 0.00582 29.62595 0.33804 3 0 0 0 1
450 5122 11.51102 0.00760 1.25647 2.91806 19 3 2 11 9
10334 10431 10.53211 0.02975 0.61509 0.11191 44 32 1 26 25
4260 8863 10.76318 0.00526 0.56185 1.08390 27 19 3 20 15
7398 7786 10.66289 0.01038 0.80625 0.38359 47 24 23 47 31
4997 9716 10.29714 0.01291 0.52920 0.61676 40 27 10 24 15
2006 6780 11.09054 0.01489 0.22809 0.39267 43 37 6 35 23
870 5660 10.75634 0.02053 0.59122 0.42521 17 13 2 15 9
9484 9579 10.99214 0.01385 1.10009 0.79081 37 27 10 33 16
1633 6375 10.56375 0.00699 0.58890 0.44850 60 49 2 54 38
3631 7995 11.39162 0.53306 0.65666 1.74451 21 16 3 17 2
3629 7480 10.13326 0.47270 0.66643 1.63614 43 31 6 41 19
2619 3027 11.04744 0.00711 0.37158 0.51586 8 7 1 8 7
976 5735 11.25070 0.00908 0.28528 0.72900 7 5 0 4 3
2713 7296 11.05562 0.00871 0.43931 0.61421 10 8 2 10 6
187 4436 11.98668 0.01263 0.68828 0.54176 30 21 1 23 14
5138 5638 11.48454 0.01111 0.52803 0.64407 19 19 0 19 13
5118 5568 11.74907 0.00718 0.70458 1.57047 15 9 0 11 6
190 9353 10.75013 0.00781 1.26273 0.39958 25 5 1 20 12
2623 3132 10.14935 0.00507 0.21791 0.44235 14 14 0 14 9
189 9344 11.74867 0.00898 0.83779 0.97317 20 13 4 15 13
3629 7460 10.13326 0.47270 0.55836 1.62317 34 19 9 30 9
5302 5641 10.74659 0.00486 0.42043 0.99780 15 10 2 9 6
883 5674 11.05002 0.21303 0.70839 1.44564 9 6 1 4 2
2661 3510 10.29797 0.00829 21.36127 0.47806 8 0 0 6 2
869 5393 10.50818 0.01323 0.35822 0.25334 16 11 3 9 9
3631 7855 11.39162 0.53306 0.60546 1.76081 31 16 12 29 15
2645 3509 11.35484 0.00789 3.37720 10.49786 4 0 0 1 3
9015 9571 10.95918 0.02728 0.56779 1.57222 43 34 5 41 17
2625 3058 10.14779 0.00580 0.34761 0.51586 10 9 0 8 8
8132 8247 11.40301 0.43728 0.38984 1.58239 51 25 19 49 28
766 9827 11.67985 0.01142 0.97730 0.70665 17 3 0 17 9
2614 3436 11.94936 0.00614 19.44722 51.82596 7 2 2 3 1
4853 9421 11.76266 0.01426 0.30611 0.78135 33 25 6 26 10
5685 9843 11.94565 0.55264 1.35833 1.47326 6 0 0 3 3
1421 6210 10.21098 0.01242 0.39247 0.54965 60 50 3 52 37
2616 3340 11.40075 0.00559 0.73257 1.03929 12 6 2 7 5
602 859 10.74014 0.00919 0.27952 0.39762 19 18 1 13 10
2262 7020 11.32004 0.13175 0.20536 0.36904 40 35 5 40 24
869 5500 10.50820 0.01351 0.30693 0.49889 23 21 2 23 17
1629 6375 10.56713 0.00526 0.66026 0.26244 68 54 13 60 37
9000 9169 11.74228 0.01094 0.53611 0.72578 27 23 3 24 14
5274 9830 10.42122 0.01208 0.61545 1.65706 27 18 0 23 22
4547 8969 10.01552 0.01110 0.74250 0.50668 38 24 4 31 23
186 4524 10.99973 0.01010 0.97794 4.69928 31 4 4 27 14
467 5339 10.98905 0.00820 0.92717 1.26083 10 5 2 8 3
3573 7345 10.85946 0.01122 0.97457 1.19681 17 10 4 8 7
4393 4617 10.26022 0.00778 0.46429 0.55743 44 38 6 40 28
4824 9471 10.00452 0.00552 0.44375 0.36691 48 44 3 44 30
2653 3516 11.90222 0.00796 31.05875 0.44762 4 0 0 0 0
465 5478 11.73588 0.00933 0.62803 0.51282 10 4 6 8 3
3687 8318 11.67846 0.12774 0.72669 0.37115 29 22 3 23 13
7398 8191 10.66289 0.01038 0.42679 0.38155 62 46 16 59 38
8006 8248 11.85529 0.46580 1.15445 1.41969 40 13 18 38 14
4599 8969 10.01552 0.01110 0.77738 0.52115 42 30 8 42 27
2596 2788 10.30982 0.00316 7.34446 0.16551 8 0 0 4 4
9519 9578 10.74205 0.01270 0.63426 0.72524 45 41 3 45 28
2309 7058 11.36218 0.18745 0.06839 0.97317 43 42 1 41 24
4255 8858 11.76245 0.00384 0.65098 0.33688 32 23 8 27 17
9002 9225 10.25126 0.01010 0.91902 0.74125 37 16 3 30 22
3630 7833 10.84035 0.50281 0.72189 1.67678 45 8 25 45 24
3629 7518 10.13326 0.47270 0.65159 1.72147 42 24 3 36 18
10335 10402 10.03035 0.02833 0.64130 0.16786 43 33 1 38 28
10332 10423 11.54721 0.03155 0.48169 0.15577 44 38 4 35 26
2614 3299 11.94936 0.00614 0.48804 0.48133 6 4 1 4 3
5659 9844 10.21681 0.01177 0.38863 0.93377 18 15 2 16 13
1310 6113 10.55476 0.00778 0.80547 1.47565 27 22 1 17 14
4852 9526 11.24935 0.01377 0.25856 0.81757 38 36 1 36 24
5645 9827 10.76793 0.01590 1.14721 0.91600 10 3 0 10 5
3600 8025 10.66031 0.00542 0.44568 0.32021 53 47 5 51 36
5296 5642 11.50407 0.00450 0.66209 2.92168 24 21 0 14 15
9002 9530 10.25126 0.01010 0.71293 0.61166 37 28 5 33 23
2615 3235 11.75153 0.00590 0.21071 0.62620 5 5 0 5 4
2724 3511 10.65191 0.00813 7.21272 26.63827 13 0 1 1 2
2944 3530 10.99819 0.01010 1.61235 1.00600 4 1 2 1 3
1098 5871 10.25913 0.02268 0.63459 0.93083 30 30 0 28 23
3629 7508 10.13326 0.47270 0.73763 1.67631 40 18 14 38 14
269 4914 10.50215 0.00218 0.42568 1.02565 30 24 3 24 14
7864 8246 10.95663 0.41146 0.35013 1.74271 77 26 32 73 33
2594 2837 10.85512 0.00362 10.85694 0.19383 6 0 0 4 3
2614 3337 11.94936 0.00614 31.40483 0.35936 8 3 0 3 2
7397 7643 10.85805 0.01038 0.37366 0.36797 48 43 5 40 31
9407 9580 11.73887 0.01360 0.79744 0.92408 38 36 2 36 18
1528 6331 11.32901 0.01105 0.36407 0.66441 24 16 5 14 10
5260 9818 11.53701 0.01207 0.85089 0.50513 11 4 2 6 6
3136 7324 10.46316 0.00917 13.01800 164.86309 5 0 0 3 3
3720 8345 10.30047 0.00770 0.38971 0.56924 39 33 5 30 25
3966 8565 10.79995 0.00959 0.40819 0.56371 22 19 3 15 14
7395 7789 11.91205 0.01091 1.77304 1.22812 24 13 4 11 11
467 5341 10.98905 0.00820 0.86919 0.64163 11 7 3 9 3
2624 3473 10.84936 0.00578 1.34195 3.11093 8 1 0 4 2
2743 7318 11.52442 0.01092 18.18961 0.62932 6 0 0 3 2
4821 9058 11.75490 0.00687 0.70036 0.33572 23 12 5 18 7
2624 3368 10.14860 0.00533 27.62999 0.31404 8 1 3 5 1
1800 6574 10.36030 nan 0.33124 0.37639 53 48 4 47 39
8002 8245 10.40541 0.38381 0.64414 1.80190 34 19 9 34 12
1696 6421 11.16946 0.00871 0.43118 0.58148 46 35 7 36 22
3558 7329 11.75382 0.00345 0.42892 0.32746 15 9 5 10 4
3242 7302 11.25182 0.01280 10.63244 0.72900 3 0 0 3 1
9214 9578 10.74205 0.01270 0.62025 0.72524 53 49 4 53 35
7 126 11.52326 0.02952 1.03915 1.13125 17 3 0 13 9
2601 2870 11.36221 0.00478 10.80501 3.60435 15 0 0 15 11
9000 9197 11.74228 0.01094 1.88771 0.62932 18 3 0 13 7
869 5427 10.50820 0.01351 0.42517 0.27695 25 17 6 20 11
5486 5641 10.74660 0.00471 0.31197 2.95698 23 16 0 10 11
2659 3509 10.10594 0.00837 18.58971 0.48295 8 0 2 6 2
2703 3516 11.55116 0.00778 16.78510 1.21305 6 0 0 1 2
2623 3333 10.14935 0.00507 1.03446 0.47478 12 10 1 8 5
2614 3409 11.94936 0.00614 7.96845 0.69210 10 0 0 4 6
2618 3012 11.04822 0.00697 4.69316 12.94671 11 5 0 5 5
3631 8011 11.39162 0.53306 0.53702 1.80927 19 5 9 16 7
4850 9029 10.49222 0.01688 0.48584 1.00015 36 33 2 33 19
465 5499 11.73588 0.00933 0.33446 0.87402 8 4 3 4 4
2625 3160 10.14779 0.00580 4.07612 0.63489 9 0 0 5 3
171 4805 10.49759 0.01268 0.90498 0.45111 28 15 0 22 14
7938 8248 11.85529 0.46580 0.76262 1.46527 30 15 9 21 10
9168 9579 10.99214 0.01385 0.83709 1.04792 34 28 4 30 9
2900 7302 10.00040 0.01261 13.63134 6.24692 5 0 0 1 2
