0.02288 0.02125
0.01904 0.02222
0.02907 0.02486
0.01867 0.02516
0.01761 0.02265
0.01789 0.02461
0.01796 0.01889
0.01811 0.02165
0.01754 0.02332
0.02273 0.02231
0.01658 0.02375
0.01998 0.02409
0.02268 0.02722
0.01833 0.02434
0.02819 0.02211
0.01681 0.02155
0.02947 0.02248
0.01930 0.02537
0.01791 0.02252
0.01944 0.02508
0.01691 0.02106
0.01876 0.02458
0.01787 0.02068
0.02212 0.02198
0.01863 0.02491
0.01809 0.02395
0.03363 0.02757
0.01849 0.02319
0.01859 0.02512
0.01782 0.02319
0.01969 0.02217
0.01931 0.02039
0.01970 0.01849
0.01841 0.02382
0.01777 0.02439
0.02270 0.02301
0.03794 0.02459
0.03691 0.02711
0.01790 0.02289
0.01938 0.02796
0.01837 0.02667
0.02193 0.02817
0.01954 0.02346
0.02287 0.02091
0.01306 0.01822
0.01873 0.03161
0.03231 0.02595
0.01495 0.02031
0.01952 0.02149
0.02154 0.02401
0.01971 0.02783
0.02783 0.02269
0.02891 0.02265
0.02413 0.02762
0.01814 0.02479
0.01836 0.02297
0.02447 0.02288
0.01877 0.03264
0.01734 0.02239
0.02315 0.02635
0.01788 0.02704
0.01974 0.02319
0.02157 0.02232
0.02040 0.02054
0.02070 0.02109
0.02199 0.02283
0.01968 0.02054
0.02078 0.02353
0.01807 0.02549
0.01822 0.02431
0.02116 0.02916
0.02188 0.02709
0.01581 0.02124
0.01936 0.02771
0.02204 0.02537
0.01899 0.02083
0.01716 0.02363
0.01882 0.01968
0.01854 0.02388
0.01652 0.02015
0.01725 0.02461
0.01828 0.02084
0.02535 0.03021
0.01827 0.02323
0.01755 0.02214
0.02747 0.02214
0.01897 0.02547
0.02035 0.02321
0.02267 0.02247
0.01776 0.02357
0.02036 0.02817
0.01922 0.02881
0.03409 0.02436
0.02874 0.02508
0.02237 0.02283
0.02456 0.01798
0.01869 0.02617
0.01560 0.01841
0.01907 0.01894
0.01839 0.02469
0.01537 0.01798
0.02826 0.02320
0.02501 0.01969
0.02293 0.02427
0.02658 0.02518
0.02952 0.02475
0.03097 0.02356
0.02173 0.02000
0.02087 0.02634
0.02342 0.02108
0.01812 0.02314
0.01698 0.02540
0.02310 0.02511
0.02169 0.02598
0.01930 0.02025
0.01817 0.02473
0.02246 0.02294
0.02389 0.02513
0.02311 0.02147
0.02313 0.02672
0.01815 0.02355
0.02186 0.02219
0.01816 0.02503
0.01835 0.02633
0.01820 0.03009
0.01919 0.02610
0.01686 0.01926
0.01876 0.02414
0.01657 0.01915
0.01852 0.02152
0.01741 0.01882
0.01838 0.02691
0.01785 0.02471
0.01939 0.02189
0.01830 0.02299
0.01850 0.01990
0.01861 0.02773
0.02049 0.02631
0.03766 0.02541
0.01689 0.01963
0.01803 0.02879
0.01869 0.02521
0.02082 0.02046
0.01775 0.02196
0.02098 0.02886
0.03445 0.02296
0.01856 0.02549
0.02130 0.02599
0.02346 0.02368
0.01888 0.03154
0.01909 0.02451
0.01753 0.02677
0.01849 0.02480
0.01709 0.02140
0.03008 0.02301
0.01862 0.01914
0.01781 0.02640
0.02012 0.02175
0.01861 0.02630
0.01746 0.02444
0.01882 0.02476
0.01821 0.02364
0.01876 0.02398
0.01731 0.02201
0.02692 0.02560
0.01869 0.02040
0.02034 0.02424
0.01962 0.02046
0.02365 0.02239
0.01985 0.02404
0.02190 0.02297
0.01951 0.02825
0.01805 0.02573
0.01782 0.02385
0.01869 0.02286
0.02031 0.02492
0.02709 0.02453
0.01996 0.02928
0.04000 0.02652
0.01796 0.02487
0.01867 0.02466
0.01745 0.02255
0.01670 0.02039
0.01783 0.02473
0.03633 0.02220
0.01724 0.02233
0.02745 0.02424
0.03339 0.02288
0.02242 0.02736
0.01799 0.02438
0.03450 0.02087
0.01698 0.02236
0.01765 0.02944
0.01821 0.02358
0.01765 0.03018
0.01945 0.02507
0.02167 0.02221
0.01460 0.01863
0.01447 0.01732
0.01931 0.02592
