4828 7095 5.71123 3.11368 2.19885 0.74019 109 0 0 105 40 794 100.00000 0
15 3394 5.24892 0.01469 2.18418 1.22653 222 0 0 214 171 591 100.00000 0
12 8556 5.98012 0.01608 2.42345 1.03703 169 0 0 158 118 502 100.00000 0
4863 7070 5.31065 3.06035 2.15957 0.91771 52 0 0 50 17 448 100.00000 0
33 8561 3.06020 0.01128 2.35475 1.01298 323 0 0 323 275 693 100.00000 0
4884 7050 2.87368 3.13899 2.02096 1.73280 252 0 0 243 143 1152 100.00000 0
2 8576 5.56042 0.03369 2.48492 1.95665 107 0 0 103 82 321 100.00000 0
5 80 2.20980 0.02801 2.53279 1.84928 131 0 0 117 92 372 100.00000 0
6147 7880 4.94035 3.14040 2.03467 1.66648 125 0 1 106 29 807 100.00000 0
3395 8938 4.30087 3.13091 20.70669 80.44408 4 0 0 1 2 68 100.00000 0
23 85 4.26945 0.01720 2.30826 0.91771 123 0 0 113 106 346 100.00000 0
18 3397 2.80880 0.01082 2.33502 1.16668 421 0 0 413 361 841 100.00000 0
10 8938 4.02813 3.13458 20.89888 179.70658 3 0 0 3 2 46 100.00000 0
51 3395 4.25883 0.01198 2.06006 1.10853 308 0 0 306 231 687 100.00000 0
4872 7062 4.60703 3.08363 2.24931 2.25897 153 0 0 144 101 774 100.00000 0
4782 7107 3.95462 3.13001 2.11686 0.95491 129 0 0 119 75 792 100.00000 0
