970 3710 10.50514 0.01346 0.96671 1.48253 25 6 2 19 16 169 100.00000 0
1932 4317 10.24720 0.01068 0.37985 2.80951 12 3 2 1 4 77 100.00000 0
1942 4324 11.27231 0.12341 1.35883 4.28231 12 1 0 5 4 72 100.00000 0
2096 4487 10.74992 0.00701 0.83894 0.40542 20 0 0 6 7 438 100.00000 0
1454 3957 11.80910 0.01935 0.21586 1.14500 18 10 3 14 8 152 100.00000 0
2704 5091 10.10636 0.09356 0.56903 2.14649 13 5 2 5 3 103 100.00000 0
3070 5383 11.59731 0.26178 0.86264 1.19616 14 1 5 10 5 150 100.00000 0
863 3602 11.00605 0.01536 0.31320 0.88116 75 48 20 73 46 348 100.00000 0
1198 1254 10.99298 0.01512 0.47757 1.96084 21 1 1 14 10 277 100.00000 0
969 3708 11.49496 0.01151 0.41672 0.55036 13 9 0 9 6 173 100.00000 0
989 3744 10.75920 0.00297 0.49009 0.13122 21 8 5 18 11 293 100.00000 0
1067 1246 11.49210 0.01362 0.90423 2.31697 17 3 3 11 6 272 100.00000 0
1052 1161 10.01027 0.00747 0.36963 0.71272 23 10 3 18 15 313 100.00000 0
336 3055 10.74307 0.21789 0.32543 0.78435 18 5 5 9 6 136 100.00000 0
1003 3742 10.76483 0.00843 0.48030 0.37534 18 4 5 10 9 273 100.00000 0
1001 3755 10.25983 0.00183 0.43835 0.72524 17 9 2 5 9 360 100.00000 0
1553 4011 10.80385 0.57161 0.79152 2.64575 19 8 4 17 6 86 100.00000 0
2010 4402 11.86821 0.04910 0.72985 0.33920 24 10 6 20 15 252 100.00000 0
1537 3978 10.38453 0.07665 0.59928 0.91129 14 3 2 7 5 106 100.00000 0
1002 3757 11.75166 0.00129 0.67789 0.56717 19 4 3 13 8 226 100.00000 0
320 5366 10.75665 0.79781 1.10671 1.46527 7 0 2 2 3 54 100.00000 0
329 3042 11.13383 0.48890 0.87471 1.47565 10 4 0 10 7 79 100.00000 0
868 3622 10.74057 0.00640 0.43528 1.34348 36 18 6 31 22 267 100.00000 0
1971 4352 11.57330 0.73683 0.57914 2.70545 5 2 0 3 1 51 100.00000 0
2555 4932 10.74375 0.00857 0.52361 0.87804 16 8 2 12 8 220 100.00000 0
1971 4390 11.22194 0.18731 0.18975 2.08055 25 3 4 22 10 182 100.00000 0
906 3645 11.25419 0.01686 1.15015 5.32016 11 1 1 7 6 166 100.00000 0
1058 3786 11.25808 0.00569 0.80395 1.10748 20 6 1 13 6 331 100.00000 0
423 3190 10.02565 0.01005 0.22521 0.48457 27 17 4 20 14 352 100.00000 0
1960 4340 10.84285 0.70812 0.35404 2.21364 7 3 1 5 4 53 100.00000 0
1328 3842 10.26192 0.00507 0.47035 0.43341 24 12 2 19 15 229 100.00000 0
1975 4357 11.54103 0.60550 0.59609 2.62316 12 3 1 3 5 112 100.00000 0
652 3413 10.76508 0.00644 0.49041 0.87447 15 8 4 15 7 236 100.00000 0
3142 5474 11.17581 0.03018 0.81168 1.33237 17 3 1 15 9 310 100.00000 0
1511 4003 10.99090 0.47855 0.52483 1.80081 10 2 3 8 3 72 100.00000 0
351 3106 11.52178 0.00999 0.61327 0.63489 14 8 3 7 7 162 100.00000 0
704 3449 11.29301 0.00249 0.39284 0.28255 41 28 11 37 30 198 100.00000 0
2495 4887 10.14791 0.00517 0.82749 0.58484 13 4 5 8 5 149 100.00000 0
2343 4721 10.51235 0.00517 1.12919 7.73518 16 0 0 2 4 430 100.00000 0
1568 4018 11.68686 0.66333 0.85723 2.92449 14 3 1 12 6 81 100.00000 0
1127 3775 11.26472 0.00530 1.15129 5.43581 14 0 0 9 8 219 100.00000 0
1577 4024 11.70227 0.76675 0.91524 1.97833 14 2 6 7 6 57 100.00000 0
1096 1252 10.00167 0.01499 0.69703 0.50280 20 5 1 15 13 326 100.00000 0
1632 4062 11.73529 0.16274 0.95005 1.89341 17 5 1 12 11 104 100.00000 0
693 3453 11.50229 0.01429 0.70776 0.82756 70 42 23 64 50 272 100.00000 0
2123 4512 10.27032 0.01380 1.46718 7.57313 21 4 1 5 5 374 100.00000 0
1930 4350 11.51540 0.39810 0.53014 1.60254 7 3 0 5 4 64 100.00000 0
1595 4035 10.34610 0.78671 0.35960 1.01606 15 3 0 3 6 43 100.00000 0
338 5414 10.27427 0.02548 0.50281 2.94982 12 3 0 5 4 137 100.00000 0
316 3029 10.56039 0.84519 0.62913 2.02700 11 3 3 8 7 67 100.00000 0
2703 5092 11.59335 0.11077 0.96083 2.07924 7 1 3 3 2 74 100.00000 0
2673 5044 10.73859 0.00372 0.43662 0.26244 9 3 2 9 6 127 100.00000 0
2010 4404 10.28962 0.03874 0.34922 0.29475 24 15 0 22 15 242 100.00000 0
386 5465 11.19806 0.01207 0.73252 0.92620 21 4 0 13 13 254 100.00000 0
1471 3972 11.25818 0.00450 0.80946 0.17914 9 3 1 5 3 146 100.00000 0
332 3047 11.16904 0.36433 0.46327 0.89875 14 6 1 11 6 127 100.00000 0
1938 4359 10.03699 0.73822 1.09993 3.02466 4 0 2 1 1 25 100.00000 0
422 3172 10.60913 0.05959 1.16628 1.45050 23 5 7 20 10 254 100.00000 0
1055 3785 10.78185 0.00437 0.79699 1.17570 20 6 2 13 11 318 100.00000 0
3050 5366 10.69881 0.47771 1.12736 1.30296 12 7 2 8 3 110 100.00000 0
394 5511 11.79437 0.00900 0.82256 1.28786 19 3 0 12 12 271 100.00000 0
335 5411 11.55337 0.02904 0.59850 1.02679 14 5 4 14 8 92 100.00000 0
662 3423 11.53666 0.00639 0.75371 0.32865 14 4 0 12 9 260 100.00000 0
1153 1254 10.99297 0.01526 0.36345 1.08787 21 11 1 15 15 303 100.00000 0
1071 1247 10.73242 0.01508 0.62342 1.77696 18 11 2 11 10 265 100.00000 0
3131 5454 11.60886 0.02456 1.46161 0.37742 20 3 0 8 2 326 100.00000 0
1567 3982 10.67882 0.25332 0.37739 1.78290 15 2 4 10 5 64 100.00000 0
696 3455 10.52626 0.01177 1.04355 1.05832 24 2 3 20 13 206 100.00000 0
1530 3977 11.13217 0.07572 1.38399 1.36831 11 1 2 7 4 98 100.00000 0
1052 1122 10.01027 0.00747 0.49335 0.43341 28 12 2 28 20 352 100.00000 0
2188 4582 11.16398 0.03299 0.43959 1.10038 17 9 4 10 10 406 100.00000 0
380 3118 11.94649 0.02089 0.67695 1.02870 26 7 1 11 7 276 100.00000 0
2036 4448 11.95592 0.01199 0.23234 0.76208 19 9 4 14 9 388 100.00000 0
1188 1255 11.49280 0.01448 0.54005 0.70499 17 6 5 14 10 241 100.00000 0
1532 1590 11.75203 0.63469 0.52570 2.61554 5 0 0 1 2 22 100.00000 0
454 3208 10.26967 0.00934 0.34682 0.45370 25 10 12 25 16 263 100.00000 0
1610 4048 11.70743 0.80451 1.03480 2.44825 13 5 1 8 9 46 100.00000 0
1531 3978 10.10436 0.06843 0.60150 2.66697 12 3 0 6 7 98 100.00000 0
1506 4001 11.45928 0.43469 0.51047 1.77012 15 1 1 13 7 110 100.00000 0
