784 1431 2.42766 2.98624 0.06999 1.11030 890 847 30 882 693 2092 100.00000 0
234 1642 2.30103 3.09921 0.20025 2.23913 436 354 33 430 154 1915 100.00000 0
72 1820 5.76720 2.75776 0.34933 3.63626 286 257 22 284 152 1332 100.00000 0
175 1724 4.93073 3.11796 0.15549 1.59667 371 344 24 367 265 1401 100.00000 0
163 1729 2.90336 3.13958 0.13318 1.92356 517 418 9 515 396 1912 100.00000 0
79 1824 2.81963 3.01271 0.30116 3.73644 458 398 17 456 216 1783 100.00000 0
214 1682 5.98381 3.04550 0.04277 3.17151 233 203 19 233 116 1463 100.00000 0
204 1690 2.57176 3.12308 0.34365 3.41042 527 483 30 523 257 2371 100.00000 0
238 1646 3.82470 3.12377 0.05541 1.72329 290 241 41 288 160 1694 100.00000 0
138 1750 5.64087 3.13633 0.10569 1.97714 307 281 12 307 207 1669 100.00000 0
249 1619 3.71408 2.44663 0.38452 2.83973 329 286 24 327 138 1804 100.00000 0
2527 3871 4.66460 1.18856 0.25142 2.61419 470 437 24 467 303 1343 100.00000 0
790 1417 4.00531 2.85365 0.07700 1.62365 772 742 19 767 617 1991 100.00000 0
743 1462 3.01077 3.13190 0.09878 2.75747 490 426 33 486 280 1434 100.00000 0
801 1421 4.60211 2.34910 0.09491 1.87409 531 512 8 529 335 1475 100.00000 0
708 1500 4.31932 2.01916 0.03833 1.85499 729 686 39 727 552 1993 100.00000 0
207 1683 2.03221 3.05152 0.11917 2.69559 477 367 13 477 192 2154 100.00000 0
708 1497 4.89685 2.03787 0.05424 1.69927 639 594 31 637 500 1745 100.00000 0
798 1413 3.38298 2.48776 0.12589 1.84186 842 802 25 839 603 2040 100.00000 0
710 1510 5.30053 2.06172 0.07887 1.13367 528 489 34 524 431 1622 100.00000 0
716 1489 4.15656 2.44443 0.01378 0.78534 615 592 20 613 526 1777 100.00000 0
186 1705 4.36200 3.12698 0.12240 2.57283 443 284 8 437 270 1748 100.00000 0
80 1816 3.44523 3.12690 0.28241 3.90274 341 312 25 331 149 1716 100.00000 0
2497 3865 4.39039 2.30214 0.01412 2.11230 424 394 22 416 296 1288 100.00000 0
786 1433 5.01851 2.89399 0.10412 1.16028 420 396 17 414 293 1250 100.00000 0
738 1466 3.76903 3.12307 0.14876 2.80575 490 409 20 486 240 1460 100.00000 0
236 1650 4.34088 3.12036 0.08445 1.84610 239 198 25 237 116 1631 100.00000 0
787 1430 3.11968 2.90289 0.04734 1.45535 702 667 26 697 530 1814 100.00000 0
719 1506 4.79131 2.50859 0.12153 1.33295 587 558 23 584 474 1690 100.00000 0
115 1773 4.08853 3.06507 0.15608 1.47140 437 401 27 433 269 1892 100.00000 0
241 1642 4.24179 3.07465 0.11972 1.81790 329 293 14 322 168 1843 100.00000 0
2499 3869 4.09344 2.23917 0.38311 3.28754 300 279 14 298 140 904 100.00000 0
747 1459 2.33783 3.12477 0.08469 2.30902 652 621 22 646 437 1720 100.00000 0
66 1830 5.00266 2.11785 0.22560 2.14539 369 307 56 369 227 1573 100.00000 0
750 1456 2.40654 3.13053 0.32047 4.10761 586 544 24 580 286 1636 100.00000 0
248 1620 3.66426 2.50834 0.05867 3.14647 324 196 4 324 147 1823 100.00000 0
83 1812 3.14694 3.05587 0.24422 4.34659 294 201 5 290 135 1498 100.00000 0
84 1805 5.25815 3.07570 0.44492 4.68868 177 143 14 175 64 1121 100.00000 0
201 1690 2.39434 3.12313 0.40088 3.75557 513 480 26 509 226 2033 100.00000 0
719 1504 3.81522 2.51920 0.12587 1.17303 685 641 26 679 581 1906 100.00000 0
2502 3866 2.88321 2.14905 0.06873 2.12099 575 543 26 569 377 1533 100.00000 0
73 1819 5.66905 2.82355 0.36972 3.72005 300 258 40 296 154 1423 100.00000 0
756 1450 2.46339 3.13356 0.08414 2.36331 654 628 21 646 457 1638 100.00000 0
78 1817 4.02632 3.08227 0.44782 4.39668 263 237 24 263 101 1484 100.00000 0
213 1682 4.84741 3.04553 0.09888 3.19316 372 328 28 370 176 1934 100.00000 0
773 1441 4.58918 3.06587 0.13317 2.22879 373 358 14 371 172 1195 100.00000 0
245 1624 3.58272 2.62544 0.20041 2.38113 412 328 15 407 233 2032 100.00000 0
230 1658 3.80388 3.08690 0.34060 2.19196 304 240 50 298 172 1678 100.00000 0
724 1496 2.91809 2.77901 0.34342 2.61150 645 624 18 639 326 1746 100.00000 0
706 1500 5.08513 1.93308 0.05144 1.74764 651 613 31 649 498 1943 100.00000 0
74 1825 3.59326 2.74487 0.34337 3.70845 429 392 23 429 224 1686 100.00000 0
237 1634 4.30051 2.89258 0.09553 2.05042 353 248 10 351 198 1719 100.00000 0
732 1483 3.36756 3.05592 0.13075 2.37323 562 508 40 560 263 1590 100.00000 0
2532 3869 4.17098 1.26661 0.09022 1.38367 475 448 24 467 355 1349 100.00000 0
148 1748 3.67654 3.13361 0.13340 1.80689 432 394 16 419 250 2007 100.00000 0
796 1409 5.62302 2.56165 0.10711 1.45643 553 513 29 544 433 1608 100.00000 0
2508 3863 3.91747 1.86567 0.06298 1.42409 474 451 19 474 380 1303 100.00000 0
81 1827 3.53863 2.95350 0.11346 2.92757 401 348 40 399 238 1638 100.00000 0
2518 3862 4.87476 1.38725 0.04965 2.07660 474 443 20 468 307 1274 100.00000 0
91 1808 4.10518 3.12239 0.52415 5.11519 228 111 1 226 80 1251 100.00000 0
718 1487 4.03040 2.54620 0.02159 0.56232 601 565 30 601 524 1798 100.00000 0
799 1410 4.45464 2.41776 0.09622 1.80667 745 716 24 741 560 1805 100.00000 0
2497 3871 5.59384 2.27289 0.41667 3.54177 208 188 17 208 83 811 100.00000 0
81 1828 3.66297 2.91827 0.19314 2.68088 431 390 27 427 266 1791 100.00000 0
73 1823 4.49650 2.74194 0.32569 3.83053 356 276 10 356 180 1559 100.00000 0
2494 3865 5.11862 2.34573 0.11702 2.20087 336 298 31 332 189 1043 100.00000 0
125 1770 3.76781 3.09434 0.15543 1.78838 509 462 33 509 311 2106 100.00000 0
735 1468 4.52713 3.09132 0.16141 3.10665 505 456 19 503 262 1385 100.00000 0
142 1753 2.83785 3.13456 0.21642 1.95124 561 487 32 561 347 2288 100.00000 0
188 1702 5.21065 3.10007 0.05977 2.49387 335 274 37 327 152 1559 100.00000 0
75 1841 2.25458 2.12539 0.22206 1.64402 392 365 23 390 247 1864 100.00000 0
733 1470 4.49592 3.06487 0.13897 3.60065 467 440 23 465 228 1353 100.00000 0
222 1660 3.85083 3.08845 0.13876 1.90598 400 366 24 394 299 2057 100.00000 0
787 1421 3.12661 2.97606 0.15279 1.49855 864 839 20 860 709 2050 100.00000 0
775 1438 3.29809 3.07857 0.14112 2.03836 441 363 14 435 252 1439 100.00000 0
75 1821 4.25733 2.91144 0.33133 3.77833 261 237 22 257 114 1465 100.00000 0
767 1439 2.58885 3.09442 0.08020 1.80667 606 587 16 603 418 1604 100.00000 0
774 1438 2.68749 3.08285 0.12535 2.02951 488 398 19 479 304 1530 100.00000 0
95 1800 2.89014 3.10274 0.21778 3.34094 419 387 24 417 128 1875 100.00000 0
780 1425 4.20866 3.13506 0.29597 2.21876 641 622 13 641 412 1672 100.00000 0
798 1423 3.87366 2.49099 0.20672 2.49607 741 728 10 739 381 1791 100.00000 0
732 1470 5.26152 3.04439 0.32048 3.63335 447 414 25 439 181 1297 100.00000 0
155 1743 5.64069 3.13268 0.10439 2.11100 198 130 5 190 81 1356 100.00000 0
230 1649 2.12157 3.12283 0.13368 2.42495 375 330 41 369 174 1819 100.00000 0
171 1727 3.89320 3.12303 0.15407 1.52213 500 447 40 496 370 1685 100.00000 0
114 1781 4.30004 3.07401 0.10761 1.79559 457 395 25 452 256 1942 100.00000 0
711 1494 4.55330 2.18773 0.04803 1.03136 793 739 40 789 676 2105 100.00000 0
141 1749 3.37360 3.13079 0.02812 1.64830 467 386 22 457 290 2179 100.00000 0
221 1660 5.03477 3.09154 0.13161 1.92397 365 321 27 363 233 2045 100.00000 0
732 1474 2.48072 3.03865 0.09158 3.10085 703 641 16 691 371 1710 100.00000 0
720 1504 4.25151 2.56670 0.13117 1.44456 657 623 14 655 501 1604 100.00000 0
785 1423 2.90966 3.03688 0.09966 1.39718 883 853 20 874 717 2051 100.00000 0
781 1422 5.62959 3.13862 0.19681 1.81790 651 614 32 646 503 1584 100.00000 0
88 1802 4.17379 3.08991 0.80204 5.06879 133 95 11 133 30 1033 100.00000 0
745 1457 5.74745 3.13508 0.16632 3.25822 308 257 31 304 151 1119 100.00000 0
253 1611 5.61369 2.12532 0.13603 2.26399 351 322 22 345 158 1901 100.00000 0
799 1413 3.34424 2.43820 0.12542 1.88014 790 749 32 784 557 1915 100.00000 0
238 1631 5.31002 2.81763 0.07237 1.72283 305 165 3 303 256 1616 100.00000 0
198 1691 4.68816 3.13241 0.25876 4.17420 359 314 27 359 182 1690 100.00000 0
2512 3871 5.14117 1.64628 0.06393 2.92851 336 306 25 333 200 1057 100.00000 0
88 1801 4.73739 3.09454 0.75292 4.98043 156 131 11 152 41 1124 100.00000 0
142 1755 5.29373 3.13569 0.08503 1.65564 380 349 17 374 200 1926 100.00000 0
108 1781 2.98650 3.08343 0.07478 2.19374 461 380 30 459 271 2202 100.00000 0
221 1662 3.51206 3.08548 0.19594 1.73416 443 399 33 441 324 2088 100.00000 0
718 1485 4.84573 2.54754 0.04071 0.91557 550 511 31 550 463 1559 100.00000 0
775 1432 2.21339 3.11565 0.06225 1.61301 661 624 23 654 417 1830 100.00000 0
731 1485 3.44594 3.03073 0.59475 2.16048 522 477 34 516 244 1510 100.00000 0
210 1684 3.32963 3.05268 0.09649 3.49995 460 392 19 456 174 2051 100.00000 0
230 1660 5.22793 3.07895 0.34962 2.14849 246 206 36 244 125 1518 100.00000 0
237 1647 3.49253 3.13941 0.06105 1.95825 218 150 17 218 118 1498 100.00000 0
755 1457 4.63880 3.11575 0.29820 2.92489 403 378 13 401 243 1360 100.00000 0
717 1501 2.04334 2.43861 0.09300 1.32441 842 792 26 842 672 2259 100.00000 0
223 1660 2.60825 3.08808 0.13557 1.90331 575 530 41 575 413 2423 100.00000 0
71 1822 5.54235 2.66097 0.33905 3.54663 321 305 6 315 171 1509 100.00000 0
74 1847 4.27041 1.83114 0.15855 1.78180 307 263 14 303 177 1675 100.00000 0
115 1774 3.00115 3.06736 0.15295 1.52033 481 449 21 477 279 1969 100.00000 0
152 1744 3.37173 3.13420 0.26801 2.21134 388 302 18 386 202 1893 100.00000 0
82 1817 2.91374 3.09609 0.27493 3.88413 362 331 14 358 170 1614 100.00000 0
63 1834 5.02878 1.79154 0.09905 1.41305 445 403 35 443 338 1907 100.00000 0
101 1790 2.20790 3.12209 0.22651 2.66785 513 487 15 513 292 2247 100.00000 0
783 1421 5.21697 3.09985 0.17109 1.42161 662 640 16 658 566 1577 100.00000 0
724 1498 3.73274 2.76530 0.10011 2.39702 641 602 37 639 317 1708 100.00000 0
67 1837 2.80120 1.87389 0.17040 1.81100 416 375 34 408 265 1945 100.00000 0
77 1836 2.50023 2.47278 0.24326 2.56903 508 465 29 506 339 2028 100.00000 0
140 1757 5.35087 3.13536 0.07756 1.78925 311 268 27 309 208 1690 100.00000 0
104 1790 3.12768 3.10571 0.12642 2.46942 537 494 17 533 276 2397 100.00000 0
79 1817 3.62044 3.11799 0.29802 3.98595 322 283 25 313 136 1503 100.00000 0
720 1489 2.18015 2.63774 0.05321 0.75069 858 825 29 855 728 2265 100.00000 0
91 1798 4.42622 3.13091 0.31989 4.10208 311 255 10 305 139 1494 100.00000 0
242 1628 3.67000 2.74103 0.11661 2.01013 468 407 26 456 343 2167 100.00000 0
68 1828 4.89148 2.29537 0.34297 2.84909 319 291 10 313 177 1623 100.00000 0
790 1420 2.27005 2.85406 0.07890 1.67328 894 854 27 892 729 2132 100.00000 0
776 1426 5.89517 3.09524 0.35869 2.14430 421 394 24 419 255 1239 100.00000 0
759 1452 3.61200 3.13252 0.15116 2.19749 505 477 23 503 360 1467 100.00000 0
124 1766 2.25380 3.08641 0.08868 2.00545 613 561 21 609 381 2264 100.00000 0
805 1410 5.56343 2.10470 0.04846 0.50513 635 619 13 631 545 1639 100.00000 0
252 1613 5.05318 2.19523 0.09974 2.30529 286 260 7 281 143 1804 100.00000 0
212 1675 3.40942 3.04998 0.16846 2.16952 425 340 48 419 247 1972 100.00000 0
146 1744 3.70746 3.13575 0.09766 2.06507 457 367 17 457 246 2016 100.00000 0
235 1638 3.71414 3.00565 0.35992 2.74595 324 275 19 322 135 1756 100.00000 0
2491 3870 5.34027 2.31577 0.06820 3.23580 330 311 17 328 175 990 100.00000 0
247 1632 3.53428 2.83896 0.18294 1.90578 452 196 4 450 355 2088 100.00000 0
77 1828 2.49666 2.79389 0.23445 3.36965 423 401 18 421 219 1857 100.00000 0
169 1729 4.03168 3.13117 0.19507 2.12872 439 387 28 430 276 1610 100.00000 0
710 1502 3.42539 2.09342 0.08157 1.71326 800 740 42 798 601 2117 100.00000 0
87 1813 3.56677 3.06517 0.39513 5.13691 213 171 8 203 87 1220 100.00000 0
712 1503 2.93264 2.18049 0.08676 1.12326 861 797 54 859 696 2124 100.00000 0
184 1713 2.67875 3.11461 0.21767 2.40631 570 538 21 570 370 2015 100.00000 0
145 1746 2.35426 3.13445 0.10409 2.25290 621 560 27 621 310 2302 100.00000 0
74 1817 5.82494 2.88724 0.39363 4.17232 221 180 14 212 109 1303 100.00000 0
69 1849 4.89500 1.46865 0.12555 1.78400 288 256 20 282 162 1590 100.00000 0
711 1499 3.36133 2.16056 0.04369 1.31552 768 717 47 766 626 2189 100.00000 0
94 1802 3.20890 3.10148 0.18210 3.36232 290 264 19 284 88 1626 100.00000 0
704 1506 5.55922 1.80946 0.06026 1.60010 631 585 19 625 451 1804 100.00000 0
84 1815 2.91334 3.07850 0.18136 4.04322 307 277 22 301 165 1523 100.00000 0
239 1631 4.37075 2.81729 0.03951 1.75368 355 188 10 353 276 1801 100.00000 0
772 1442 4.81742 3.09019 0.13481 2.35867 445 364 6 443 236 1182 100.00000 0
120 1769 3.17502 3.07651 0.08131 1.70134 483 442 24 481 321 2092 100.00000 0
80 1831 3.53654 2.78542 0.13491 2.08732 422 383 23 420 283 1989 100.00000 0
223 1656 5.45188 3.10394 0.08523 1.90372 434 367 58 434 304 2110 100.00000 0
105 1785 2.40448 3.09162 0.06771 2.28499 467 442 17 456 256 2297 100.00000 0
86 1820 5.01996 3.11009 0.55067 4.27608 200 166 6 194 72 1144 100.00000 0
128 1766 2.39932 3.11449 0.37816 1.90926 524 498 23 524 300 1992 100.00000 0
65 1844 3.66234 1.42718 0.10698 0.91429 383 350 18 381 321 1789 100.00000 0
199 1697 3.55360 3.09444 0.11995 3.07523 545 496 36 545 264 2041 100.00000 0
251 1613 5.13012 2.19743 0.13023 2.62107 294 274 16 281 130 1739 100.00000 0
198 1692 3.71634 3.13449 0.25238 4.13526 395 348 22 393 184 1955 100.00000 0
2507 3868 2.60453 1.90384 0.09768 2.30104 607 568 33 600 404 1636 100.00000 0
217 1669 2.69088 3.07647 0.17887 1.19321 565 508 17 559 460 2406 100.00000 0
85 1826 5.78508 3.01702 0.25997 3.52359 206 163 25 202 63 1230 100.00000 0
208 1680 3.61602 3.05956 0.11620 1.92010 457 416 30 455 278 2225 100.00000 0
160 1731 3.78056 3.14040 0.17353 2.25949 377 274 13 375 272 1735 100.00000 0
731 1475 2.50529 3.02525 0.06786 2.70747 681 642 28 678 343 1761 100.00000 0
2527 3866 2.80926 1.21688 0.07838 2.28311 644 620 20 642 376 1658 100.00000 0
81 1840 5.88397 2.39950 0.09138 1.31075 290 236 14 288 203 1525 100.00000 0
116 1780 5.31936 3.06407 0.06481 1.46554 442 393 21 434 273 2047 100.00000 0
82 1808 5.13086 3.09057 0.49290 4.62203 170 128 15 166 37 1193 100.00000 0
93 1801 2.46696 3.11416 0.31342 3.36953 399 336 18 397 134 1784 100.00000 0
76 1827 2.67882 2.78021 0.34089 3.61433 368 319 26 362 189 1671 100.00000 0
2497 3870 4.88325 2.27559 0.37412 3.60967 249 215 20 246 115 884 100.00000 0
125 1763 4.65798 3.09415 0.06160 1.78246 353 317 33 353 212 1731 100.00000 0
82 1812 3.57660 3.06388 0.31584 4.21529 307 215 10 300 158 1571 100.00000 0
2524 3863 4.57361 1.24152 0.11330 2.33649 410 371 30 405 241 1230 100.00000 0
232 1644 3.04489 3.12049 0.09093 2.25499 345 273 44 345 142 1840 100.00000 0
735 1471 2.40300 3.09594 0.10369 3.38807 666 635 26 664 297 1698 100.00000 0
79 1836 3.67573 2.54751 0.15346 2.03452 382 338 21 378 218 1819 100.00000 0
2519 3862 4.96609 1.35065 0.05782 2.20673 468 435 30 468 295 1290 100.00000 0
2514 3871 5.04798 1.54910 0.10924 3.22938 364 338 25 364 154 1135 100.00000 0
191 1701 2.55734 3.12277 0.19307 3.42897 447 149 18 445 250 1968 100.00000 0
253 1622 4.67621 2.54189 0.25309 2.26088 335 208 9 333 201 1852 100.00000 0
199 1691 3.54920 3.13872 0.08142 4.01581 363 343 16 363 167 1709 100.00000 0
74 1845 3.26507 1.90457 0.13500 1.40723 378 340 16 370 259 1963 100.00000 0
90 1808 3.47069 3.11670 1.00918 5.49255 154 78 2 148 45 1037 100.00000 0
727 1478 3.25765 2.90951 0.30954 2.56155 668 637 26 662 377 1664 100.00000 0
77 1814 5.48340 3.07128 0.43249 4.72074 158 124 11 154 67 1100 100.00000 0
729 1492 4.72015 2.96354 0.33597 2.18122 495 463 29 493 292 1403 100.00000 0
238 1636 2.18181 2.93979 0.08357 2.24559 525 447 18 525 296 2175 100.00000 0
77 1843 4.09117 2.12734 0.28388 1.68888 313 272 18 311 193 1767 100.00000 0
723 1482 3.52300 2.76756 0.13744 2.07169 514 465 41 514 303 1662 100.00000 0
796 1423 2.79689 2.58351 0.20650 2.30817 790 762 20 786 443 1933 100.00000 0
