46 2458 10.93899 0.00085 0.13996 0.20174 86 52 21 82 48
595 1365 11.63918 0.00886 0.13645 0.10468 63 54 4 55 46
2 2410 10.83188 1.08332 0.14126 1.49410 166 130 22 166 107
4 2341 10.62587 1.34239 0.12292 1.60523 162 128 28 152 101
2375 2429 11.63953 1.09843 0.08785 1.82906 80 55 20 75 37
2293 2351 11.73693 0.14199 0.27642 1.04493 131 116 9 125 75
583 1353 11.11828 0.00704 0.06505 0.39762 98 87 8 93 70
830 2600 11.72119 0.03361 0.16730 0.58148 110 84 20 108 70
26 2320 11.85411 1.40166 0.49816 2.18552 72 54 12 70 41
740 1474 11.04118 0.01730 0.12253 0.98357 122 102 11 110 87
768 1540 11.46680 0.04711 0.20967 2.39980 89 66 8 85 57
151 2525 10.88839 1.50885 0.26119 0.89263 91 70 8 84 49
567 1306 11.93804 0.21390 0.10722 0.54249 65 47 5 60 45
25 2341 10.58463 1.36991 0.37461 2.26399 79 49 20 79 35
28 2409 10.76865 1.14760 0.30581 1.64044 130 84 37 130 73
27 2409 10.05551 1.15001 0.52715 1.90125 124 89 31 122 70
1 2373 11.80218 1.33674 0.36200 1.74899 149 108 31 147 95
5 2398 10.22260 1.33467 0.45616 1.82005 109 81 20 107 60
596 1342 10.87567 0.00974 0.02604 0.36691 58 50 2 46 42
797 1571 10.72722 0.45146 0.13668 0.86683 99 71 13 95 69
32 2416 11.69083 0.84080 0.09795 1.00755 118 90 23 118 79
0 2404 11.97429 1.26074 0.30280 2.03894 149 122 22 147 95
584 1329 11.44588 0.01643 0.12316 0.53595 53 42 6 53 38
740 1496 10.92571 0.01624 0.14182 0.66558 129 90 28 123 74
4 2383 10.65034 1.34265 0.18775 1.59888 109 89 18 109 75
24 2361 10.04750 1.36643 0.30202 2.47702 101 61 35 101 44
726 1481 10.03635 0.02048 0.24205 0.68870 98 84 11 98 62
1564 2566 10.70175 1.50673 0.49802 2.33548 77 57 16 71 36
1 2375 11.79752 1.33567 0.39529 1.73709 164 137 22 162 108
2360 2428 10.98106 1.06656 0.15780 1.54965 118 75 34 118 56
712 1470 11.73819 0.02236 0.06912 0.55953 118 91 19 115 73
681 1423 10.40942 0.01884 0.17444 0.36369 144 97 36 137 88
583 1329 10.58680 0.01714 0.18570 0.58751 66 40 14 54 33
919 2637 11.19761 1.57544 0.08103 1.14329 84 69 12 82 55
1535 2585 11.70529 1.43565 0.10749 1.92193 123 92 17 121 65
817 1528 10.77377 1.18721 0.06882 1.12813 109 82 10 109 71
825 1568 11.70404 1.50176 0.11592 1.22972 124 107 10 118 78
139 2526 10.04170 0.99317 0.27521 1.13712 72 56 8 68 36
824 1549 11.47331 1.45764 0.16851 0.86863 103 62 13 99 68
2300 2416 11.82551 0.67374 0.15649 2.16193 188 155 29 188 91
24 2358 10.03758 1.36668 0.11709 2.48774 74 48 18 74 31
515 1293 11.25712 2.67819 0.08334 2.62793 104 81 20 97 62
708 1466 11.15262 0.02371 0.10807 0.21489 108 90 16 104 77
745 1503 11.94916 0.06552 0.20040 0.46562 86 65 19 84 63
866 2628 10.76031 0.04720 0.31390 1.46072 81 59 15 77 45
2 2341 11.38150 1.33852 0.24640 1.69003 147 96 45 138 74
2 2387 11.40851 1.33970 0.38563 1.68423 161 121 32 155 80
884 2637 10.26543 0.12983 0.32702 1.04493 51 38 12 51 32
543 1280 11.67295 1.66358 0.23181 1.93087 77 67 6 77 42
643 1388 10.37749 0.02097 0.12722 0.32385 116 100 11 114 84
824 1552 11.17464 1.47307 0.03442 0.58884 92 64 15 86 54
773 1549 10.26261 0.04022 0.05921 2.09705 60 40 13 56 38
841 2587 11.54700 0.01892 0.20290 0.53082 80 58 13 74 47
26 2339 11.16932 1.36647 0.25925 2.07867 101 67 24 101 53
25 2382 10.59903 1.36948 0.08724 2.25290 77 44 22 75 33
1521 2575 10.17923 1.40703 0.08977 2.37998 60 45 15 60 24
775 1557 11.67465 0.07071 0.15760 2.39032 62 47 11 60 29
0 2406 11.87292 1.21274 0.28130 2.01383 157 123 27 155 93
822 1540 11.25692 1.38793 0.11740 1.17703 102 60 5 102 67
1576 2577 10.81003 1.51538 0.04851 0.60523 126 104 19 126 93
2362 2427 10.32198 1.02867 0.04003 1.42546 105 72 26 101 53
104 2514 10.79346 0.06914 0.62492 1.81251 96 75 12 96 34
565 1303 11.90033 0.35548 0.13945 0.77632 65 52 5 58 41
573 1317 10.50901 0.02034 0.15478 0.47970 62 46 8 62 39
546 1326 11.65109 0.17241 0.39183 1.67351 46 29 8 40 23
737 1493 11.13119 0.02668 0.19719 0.46478 143 109 29 137 102
563 1336 11.37131 0.13468 0.17341 2.30987 61 45 2 55 37
24 2336 10.03906 1.36620 0.15584 2.50171 86 50 33 86 35
23 2315 11.47313 1.48938 0.07856 3.13762 70 46 17 70 23
25 2365 10.58384 1.36866 0.17009 2.28568 89 60 18 85 49
529 1282 11.26956 2.44269 0.82247 2.94570 70 57 5 63 28
737 1471 11.66466 0.01107 0.10993 0.68300 121 96 14 118 82
865 2604 11.63693 0.01499 0.20603 0.11869 63 42 12 63 41
2293 2376 11.71953 0.14188 0.37260 0.99465 117 98 15 117 62
17 2309 11.65034 1.51767 0.16324 2.51637 151 134 15 151 102
752 1510 11.02960 0.13390 0.17293 1.42491 94 70 13 86 61
27 2389 11.81937 1.36719 0.18943 1.92437 65 31 23 63 29
586 1331 11.58355 0.01549 0.31476 0.44762 43 28 2 38 29
789 1566 10.03461 0.22545 0.21429 1.02870 124 102 5 118 92
769 1543 11.40710 0.04528 0.49126 2.54176 61 45 5 58 27
27 2375 11.80736 1.36562 0.27304 1.83952 69 37 24 67 32
799 1513 11.78918 0.37536 0.15090 0.92366 76 69 4 76 50
27 2331 11.81117 1.36477 0.48759 1.97140 83 56 18 77 41
2341 2429 11.63297 1.10052 0.25879 1.86130 75 51 18 75 43
1532 2584 11.23132 1.43172 0.19501 2.32254 91 78 10 89 46
792 2565 11.47370 1.20942 0.10642 1.74675 84 59 12 82 50
5 2387 10.29263 1.34510 0.11244 1.58905 118 85 25 118 63
624 1368 11.41175 0.01324 0.17796 0.46478 25 18 3 18 12
793 2566 10.57228 1.18263 0.09621 2.00428 110 67 9 104 53
916 2627 11.62152 1.45207 0.16183 1.81531 77 70 4 73 48
535 1280 11.32455 2.11320 0.55688 2.84565 38 27 7 27 12
788 1566 10.38221 0.20558 0.22328 1.26424 113 90 12 111 85
542 1323 10.85830 0.35420 0.10700 2.42737 81 46 28 75 46
4 2393 10.63482 1.34212 0.18959 1.67631 137 104 29 129 77
520 1313 10.65331 1.63807 0.27383 3.47773 99 72 22 99 49
856 2620 10.82168 0.01847 0.25805 0.13122 96 72 13 90 64
2293 2375 11.71962 0.14290 0.18800 1.03363 129 104 17 127 72
849 2614 10.90120 0.00592 0.20914 0.28255 118 93 14 110 81
27 2343 11.79208 1.36450 0.25306 1.85161 109 67 31 109 57
3 2354 11.00165 1.34195 0.41641 1.64139 151 107 43 145 88
28 2442 10.81052 0.02036 0.04872 0.84996 102 79 18 102 67
1519 2578 11.66793 1.39084 0.66890 2.75364 29 18 7 29 8
774 1500 11.20667 0.02587 0.18309 1.06533 89 73 3 79 59
0 2405 11.92305 1.23969 0.24160 2.05214 155 115 35 149 93
2 2347 11.37986 1.33622 0.41324 1.69027 117 77 28 115 68
1 2372 11.80754 1.34093 0.37603 1.76192 153 120 27 151 85
1523 2579 10.16952 1.40160 0.34337 2.82605 47 36 6 45 27
55 2466 10.34770 0.01323 0.06787 0.76413 125 100 15 121 82
822 2574 11.39987 0.06396 0.19316 0.47313 46 24 10 41 24
854 2597 11.06671 0.01489 0.23008 0.73008 80 51 19 80 52
1518 2576 11.77089 1.39266 0.40563 2.47148 30 22 7 30 16
31 2415 11.20437 0.88999 0.20566 1.15318 175 136 28 175 114
509 1304 11.72909 2.16563 0.28589 2.90218 67 39 18 65 30
618 1386 11.13316 0.00832 0.14889 0.41871 69 54 7 61 43
763 1491 11.86349 0.03237 0.09044 0.36691 81 57 14 77 54
2359 2427 10.31873 1.02897 0.14508 1.40361 92 71 18 90 55
747 1479 11.67712 0.01548 0.20264 0.66852 88 61 17 80 54
513 1306 10.36536 2.04343 0.14287 3.10261 70 47 17 68 32
787 2566 10.96029 1.32212 0.80660 2.57329 87 67 13 82 51
802 2567 10.37612 0.88837 0.36714 1.56473 83 64 14 80 45
2365 2427 10.31003 1.02748 0.35031 1.41000 95 63 21 95 42
751 1483 10.77079 0.01507 0.18862 0.71107 128 91 21 118 81
4 2417 10.55067 0.76945 0.13784 1.14295 122 87 28 117 59
4 2403 10.36711 1.28480 0.22642 2.04756 169 130 35 169 110
2295 2384 10.42894 0.14259 0.34401 0.81373 161 122 24 154 90
12 2311 11.15060 1.50528 0.10863 1.75970 152 128 18 150 90
66 2458 10.53798 0.00285 0.13179 0.16071 101 81 12 90 69
2342 2427 10.31183 1.02909 0.18316 1.42629 93 55 33 93 40
766 1536 11.96242 0.05261 0.47054 2.45224 54 35 4 49 31
612 1357 10.91410 0.00355 0.12370 0.15826 89 75 8 80 64
581 1351 11.02611 0.01117 0.08317 0.37009 89 70 14 84 63
607 1353 10.27421 0.00539 0.23077 0.21122 56 44 8 54 37
823 1539 11.92658 1.41236 0.04438 1.20236 93 47 11 91 59
612 1381 11.54455 0.01643 0.20875 0.47970 51 39 6 46 32
825 1551 11.87165 1.48175 0.07423 0.74125 71 54 8 69 46
766 1532 11.10990 0.05289 0.15745 2.32507 58 47 5 52 40
2349 2429 11.62844 1.10009 0.31375 1.86004 78 54 17 76 40
640 1384 11.35806 0.03641 0.22919 0.32143 68 50 9 59 37
786 1566 11.14171 0.17185 0.16616 1.31938 89 68 10 83 68
909 2625 10.08337 1.20961 0.07677 1.75413 116 99 15 116 72
2351 2429 11.62733 1.09946 0.06370 1.86907 68 47 14 66 35
5 2388 10.28821 1.34143 0.15705 1.58905 124 93 28 124 68
570 1311 11.60665 0.06447 0.23916 0.72900 91 77 13 91 60
599 1344 11.70250 0.01072 0.13621 0.54894 84 66 4 80 60
806 1573 10.08900 0.80071 0.10094 0.80988 101 74 23 101 60
561 1300 10.59863 0.52653 0.05164 0.71873 103 83 16 103 73
2 2396 11.37464 1.33109 0.13962 1.71942 136 98 29 136 77
2 2327 11.37770 1.33784 0.39839 1.33031 138 115 19 134 73
513 1303 10.13627 2.19268 0.18114 3.08159 80 63 10 74 39
814 2571 10.15425 0.38129 0.23558 0.84858 42 20 6 33 16
121 2500 11.93792 0.15387 0.07937 1.18960 97 78 7 91 65
26 2373 11.16690 1.36603 0.19318 2.03894 78 51 17 73 46
3 2402 10.81171 1.29859 0.32390 2.08018 155 113 33 149 74
780 2567 11.83630 1.41893 0.33784 3.33730 50 33 13 50 21
545 1284 10.09625 1.52196 0.12414 1.41028 85 72 8 80 53
581 1326 11.13531 0.01596 0.11749 0.86728 75 57 9 64 57
1554 2565 11.13388 1.49976 0.14284 0.93125 59 44 12 59 36
528 1283 10.98001 2.48471 0.92929 2.84565 107 93 10 105 37
2 2353 11.39246 1.33481 0.47177 1.72397 140 102 34 133 66
600 1346 10.68940 0.00999 0.16672 0.49732 87 64 17 87 60
7 2312 11.79154 1.49298 0.20249 2.37372 122 88 27 120 65
2294 2391 11.04337 0.13987 0.19770 1.00444 139 122 13 139 69
1523 2580 10.64905 1.40371 0.98996 2.99068 34 24 3 31 12
27 2324 11.90775 1.37116 0.34131 1.44618 97 64 24 97 54
2299 2409 10.01077 0.36506 0.16340 1.05869 225 198 24 220 153
588 1333 11.71107 0.01540 0.16146 0.37534 46 35 6 41 33
616 1385 11.89989 0.00704 0.12166 0.36262 56 40 7 52 38
577 1320 11.93913 0.01633 0.11982 1.02603 54 39 6 51 43
527 1317 11.20113 1.25423 0.39875 3.18924 48 26 17 45 23
746 1503 11.07246 0.06654 0.06837 0.40348 121 108 10 118 95
563 1301 11.42933 0.46310 0.10556 0.74178 92 71 16 90 61
610 1378 10.44543 0.01670 0.10325 0.32506 43 33 6 37 30
2373 2427 10.31331 1.02771 0.37778 1.42711 90 61 24 90 47
24 2392 10.04264 1.36657 0.17588 2.57679 67 51 7 67 31
569 1340 10.72652 0.12411 0.08530 0.73701 74 49 15 58 39
558 1333 11.84365 0.09345 0.43443 2.78783 43 20 17 43 20
25 2381 10.59779 1.37083 0.18474 2.30257 77 33 26 77 42
820 1575 11.90368 1.39391 0.23774 1.00015 142 124 9 142 93
2 2401 11.26625 1.30930 0.30009 2.13368 154 123 25 152 81
24 2345 10.04960 1.36710 0.50884 2.48680 75 46 23 73 25
1 2388 11.81227 1.33527 0.21087 1.73054 136 109 23 136 82
27 2381 11.81097 1.36864 0.24203 1.87972 73 42 17 67 42
769 1542 11.20931 0.04515 0.43281 2.46466 75 48 14 75 41
2293 2379 11.72207 0.14122 0.23096 1.01259 116 91 20 110 62
695 1435 11.15665 0.01586 0.07850 0.31404 142 114 23 142 98
59 2451 11.02260 0.01357 0.09276 0.59545 115 90 16 111 74
2297 2407 10.64833 0.29433 0.23460 1.22653 178 134 39 176 104
81 2472 11.09812 0.01802 0.13929 0.87670 111 86 15 109 72
518 1289 11.62870 2.77427 0.50002 2.85472 109 81 20 107 45
2322 2426 10.00644 1.01176 0.19540 1.34203 92 72 10 92 52
597 1343 10.85277 0.01101 0.21429 0.57743 80 59 7 78 59
27 2369 11.80023 1.36692 0.26197 1.83248 83 55 22 79 36
26 2403 10.62914 1.30953 0.21840 2.44008 98 57 32 93 47
551 1287 10.59431 1.27589 0.06850 1.36659 102 90 11 102 72
2294 2347 11.07012 0.14239 0.23533 0.95039 134 118 12 134 89
7 2313 11.54238 1.48556 0.19920 2.25221 140 103 34 138 67
119 2500 11.18993 0.09686 0.06695 1.33823 112 94 13 110 63
30 2443 10.03865 0.02430 0.06030 0.92450 155 118 19 146 94
883 2614 10.87805 0.06420 0.07138 0.40348 88 70 10 88 62
2 2342 11.38481 1.33888 0.09576 1.69581 139 102 33 132 66
