115 1547 10.74453 1.81495 0.16369 4.34929 72 52 14 72 42
2449 3377 11.51103 1.06393 0.16899 2.54622 111 80 28 111 51
371 2423 11.23183 1.47320 0.17169 1.71258 68 49 12 64 34
578 3561 10.68366 1.14106 0.08570 1.47909 188 158 30 188 136
525 3499 10.48394 0.06692 0.14106 0.67377 109 82 19 109 77
2334 3288 10.21449 0.60180 0.07277 1.75925 135 104 15 133 78
391 2423 11.78355 1.43327 0.18028 3.25052 87 52 23 85 32
1403 3556 10.73074 2.22336 0.13119 0.81036 177 139 31 175 114
15 4449 11.54991 0.30032 0.20646 0.91043 73 50 18 71 41
591 1415 10.97019 3.09723 0.17254 0.58013 90 72 15 90 55
595 1404 10.35491 2.30808 0.25142 1.15284 143 108 32 141 106
444 3427 10.04481 0.90278 0.07791 1.13436 152 131 17 149 104
523 3550 11.45851 1.08776 0.14232 2.46053 129 104 22 129 88
595 1405 10.42108 2.35133 0.31751 1.14261 121 90 25 118 85
1386 3550 10.00667 2.22747 0.07295 1.40361 165 146 14 161 115
2335 3263 10.68921 1.68586 0.94628 2.77869 123 89 28 121 45
572 1420 10.90436 1.95009 0.07935 1.57072 73 63 8 71 50
410 3398 10.06667 0.08351 0.13699 2.62674 147 123 20 145 90
595 1408 10.75489 2.49652 0.10419 0.60263 153 118 28 151 94
858 3768 10.49101 0.04389 0.04224 2.18283 138 107 27 138 72
571 1421 11.45938 1.88885 0.17198 1.49253 44 30 7 41 25
547 3502 10.88783 0.11507 0.41952 1.37544 123 92 15 115 59
413 3441 10.15621 1.24783 0.31058 4.48734 76 48 26 76 35
83 4512 11.02520 0.03714 0.16671 0.89613 103 81 13 103 73
551 3501 11.73357 0.11499 0.33362 1.35364 116 87 11 113 49
158 1616 11.69931 0.12112 0.15275 0.52638 78 55 20 76 42
754 3668 10.93412 1.51079 0.44327 2.04239 98 72 12 98 54
532 3553 10.10113 1.22467 0.03711 2.20051 123 102 21 123 89
556 1407 11.72521 2.51256 0.17462 1.30925 103 80 14 99 75
428 2456 10.19883 1.06349 0.29231 4.82369 98 81 14 98 44
2464 3402 11.17440 0.09188 0.37388 2.38080 101 87 13 99 51
544 3557 11.21174 1.41059 0.11725 1.63039 123 98 23 123 74
2455 3388 11.07632 0.61450 0.11369 2.70168 103 83 16 99 67
5 4431 10.81164 0.89906 0.13272 2.75762 132 96 27 129 47
447 3464 11.48221 0.02016 0.09093 1.17769 100 76 10 96 62
1540 4534 11.82773 3.13185 0.20582 3.91747 135 109 19 135 60
395 3377 11.00395 1.18611 0.23808 2.80128 99 76 17 96 37
717 3679 11.35865 0.62154 0.34432 2.77812 102 67 32 102 39
2328 3273 10.71687 1.61371 0.15256 3.01454 113 90 17 110 50
428 3408 11.76796 1.05132 0.27953 4.25837 65 45 9 57 33
378 3364 11.72483 1.59149 0.13681 1.76325 105 88 14 103 60
786 3713 10.60311 0.03818 0.03182 0.82282 116 89 26 116 86
749 3662 11.42045 1.29293 0.49388 2.57785 76 60 15 74 24
417 3446 11.29783 1.13541 0.48998 2.17277 96 74 15 94 41
2466 3407 10.19850 0.06239 0.11912 3.49581 72 57 11 72 28
92 1565 10.98516 1.94637 0.20202 1.26238 119 96 21 117 88
958 3841 10.50947 1.13182 0.12040 0.39860 111 87 22 111 80
915 3836 10.34230 0.02788 0.20475 0.66558 74 48 10 66 43
666 3624 11.09642 0.00355 0.11519 0.21850 110 91 11 102 82
1416 3551 11.15230 3.09194 0.13422 0.50590 93 73 16 91 67
562 1406 11.63728 2.56523 0.32744 1.34668 91 72 14 86 62
678 3616 11.85252 0.00666 0.23846 0.40154 32 23 7 29 21
419 2452 10.01915 0.50459 0.09176 1.47856 189 164 19 182 129
877 3784 11.97781 0.06473 0.27279 0.68700 166 136 20 161 111
751 3666 10.34155 1.39535 0.42437 2.69994 105 79 22 105 52
391 3369 11.88995 1.48783 0.13918 3.13200 118 90 27 116 52
516 580 11.61045 0.55335 0.23805 2.13918 67 41 12 63 34
475 3464 11.97015 0.01877 0.10583 0.43341 107 92 13 102 80
148 1576 11.63775 0.08388 0.23072 1.83675 69 44 12 65 39
1408 3554 10.14746 2.55443 0.11778 0.31652 155 129 20 153 105
667 3607 11.56704 0.01346 0.23283 0.76208 52 37 8 49 34
131 4532 10.50841 1.54555 0.27658 0.69549 155 87 25 150 110
405 3389 11.91620 0.55190 0.14824 3.43878 116 82 20 110 50
125 4540 10.85627 1.44683 0.38012 1.84037 123 84 20 123 72
684 3621 11.86790 0.01961 0.33553 1.29995 24 9 7 16 6
102 4520 11.13582 0.32612 0.09531 1.00717 78 57 14 74 47
2432 3403 10.70970 0.94258 0.40885 2.58467 107 89 11 105 54
511 3528 11.00628 0.18681 0.34904 1.57892 132 100 25 130 78
826 3745 11.94841 0.05989 0.11783 0.77177 64 44 18 62 37
471 3461 11.28026 0.02688 0.33776 0.96753 80 68 6 74 58
194 1619 11.49547 0.08180 0.16319 0.06256 141 114 20 139 100
541 3503 10.04788 0.11372 0.23849 1.21692 132 109 11 128 74
18 4453 11.70835 0.16095 0.17041 1.29604 67 50 11 65 43
1399 3532 11.38021 2.97869 0.10188 0.78235 104 87 12 104 72
772 3695 11.96207 0.07969 0.04507 1.95585 120 92 21 120 68
576 1389 11.68375 3.02322 0.12934 0.49496 111 91 16 107 75
518 3542 10.83686 0.61577 0.16495 1.97140 100 84 16 100 59
2439 3364 11.02399 0.96576 0.88278 3.43695 108 78 18 106 49
412 3442 10.95368 1.31661 0.34110 4.75703 78 50 13 74 35
569 1407 10.30924 2.58635 0.22345 1.71052 132 99 17 132 84
439 3459 11.71112 0.04273 0.17488 0.72308 136 102 27 132 72
874 3782 11.16013 0.05782 0.09267 0.39366 179 135 39 179 109
132 4537 11.66718 1.54946 0.49604 2.10450 117 64 6 113 68
597 1402 11.24369 2.15792 0.32490 1.32293 118 92 24 116 78
2452 3428 11.20538 0.70663 0.25445 3.08083 121 88 11 116 69
425 2479 11.64363 0.88348 0.35301 5.83405 49 34 11 46 20
1388 3542 10.64649 2.75023 0.08627 1.48727 115 91 18 110 70
492 3499 10.18538 0.04577 0.07505 2.44008 116 98 15 114 57
659 3601 10.89804 0.02354 0.09149 1.32913 64 42 15 51 37
2379 3312 11.17297 0.02863 0.19905 0.48939 115 69 29 106 59
219 1633 10.33262 1.44979 0.04863 0.57811 119 107 8 119 95
582 1383 11.27619 2.64342 0.24135 2.01519 147 122 17 140 90
2388 3344 11.19975 0.02217 0.36165 1.28816 144 104 13 142 93
1410 3527 10.31118 2.41201 0.15666 1.84440 136 112 16 127 85
737 3657 10.15225 0.52011 0.43579 2.06734 114 71 24 109 57
2469 3445 11.11509 1.54966 1.71605 6.14427 21 6 6 16 7
429 2479 11.43009 1.10903 1.34764 4.96381 52 35 10 45 15
7 4432 11.96482 0.87808 0.12675 2.36182 107 79 25 107 49
381 3364 11.64073 1.58401 0.24198 1.64187 106 95 9 106 70
149 1578 11.24811 0.07916 0.36328 1.71897 105 64 23 105 57
213 1630 10.02511 1.19971 0.20659 0.35166 95 81 6 93 68
681 3636 10.07453 0.02479 0.13906 1.36888 122 96 19 120 83
727 3693 11.66185 1.53192 1.43982 2.68059 75 47 21 75 32
564 3557 10.75864 1.39588 0.34405 1.53008 121 100 15 121 67
1398 3535 10.94358 3.08101 0.12040 0.90914 111 97 8 111 78
213 1649 11.10205 1.46747 0.30947 1.35509 136 110 17 127 86
510 565 11.20023 0.14017 0.27601 2.15958 83 55 16 78 47
421 3447 10.49148 0.91149 0.11408 0.78235 129 114 11 129 103
542 595 10.21960 1.32607 0.08760 1.81337 159 136 20 159 95
509 563 11.52826 0.13012 0.71816 2.06545 109 76 13 105 61
598 3532 10.25474 1.26658 0.12470 1.89134 178 145 31 178 95
740 3700 10.65723 1.01638 0.07766 1.03401 182 161 19 182 127
2449 3380 10.40104 0.92095 0.17378 2.10487 139 110 23 137 45
736 3656 10.57821 0.46328 0.08474 1.66883 172 124 43 166 84
702 3658 11.19489 0.03453 0.10517 0.39762 149 130 18 147 111
405 2442 10.16858 0.40647 0.27904 2.97664 151 124 21 149 80
2436 3360 11.51892 0.82616 0.06264 1.64687 152 134 13 152 73
2447 3373 11.76464 1.16633 0.70196 2.33314 101 78 19 99 52
515 576 10.93095 0.36941 0.17747 2.32035 112 99 9 112 60
521 586 11.14252 0.89090 0.11623 2.33800 86 56 23 86 38
714 3644 11.58707 0.01470 0.10516 0.42058 114 92 17 114 83
125 1551 10.88796 1.29487 0.25653 1.84101 103 80 11 103 56
2359 3280 11.60974 0.91132 0.43662 1.88720 95 77 16 95 40
593 3518 10.65518 1.28173 0.28369 2.87126 61 45 12 56 32
546 3557 11.21914 1.41025 0.10866 1.61544 100 66 30 98 53
97 1552 11.90716 2.58595 0.24205 2.47654 55 42 3 55 30
90 1564 11.94260 2.02168 0.20175 1.12222 120 91 23 118 69
392 2424 11.74396 1.40119 1.02393 3.20406 118 86 26 118 51
601 3538 10.76442 1.13034 0.31603 1.21434 130 107 20 130 94
945 3855 10.68365 0.34359 0.17401 0.53522 75 62 10 73 57
503 3487 10.36291 0.04223 0.16979 2.05481 88 63 16 83 46
405 3433 10.01999 1.05772 0.15011 5.02601 44 30 3 36 24
2342 3260 11.49206 1.57446 0.04912 3.03138 105 74 19 105 39
2473 3443 10.71559 1.51622 0.52531 5.10599 31 11 13 23 11
396 2431 10.60505 1.07662 0.23081 2.89989 137 116 15 137 64
800 3726 10.08626 0.02419 0.07695 0.33572 132 111 14 126 96
741 3657 11.69153 0.75466 0.37780 2.84744 97 70 17 92 41
603 3541 11.22881 1.01205 0.38565 1.81186 134 111 15 134 97
564 1409 10.85084 2.42396 0.13201 1.67818 86 74 4 84 62
106 4540 10.55858 0.55062 0.46041 1.52213 117 90 20 113 62
551 1411 11.18623 2.29926 0.15858 1.59029 91 79 7 85 72
91 1562 11.53892 2.13203 0.19151 1.44347 117 100 13 115 72
400 3383 11.69340 0.89346 0.17367 2.96187 107 76 21 103 56
539 1417 11.51541 1.94865 0.14373 1.72397 74 62 9 64 53
818 3739 11.86804 0.05403 0.07138 0.75692 55 42 9 55 33
1578 4537 11.65490 1.63819 0.36032 1.64473 134 105 17 134 92
741 3702 11.61325 0.95157 0.10761 1.06569 223 194 22 223 163
743 3701 10.10380 0.82626 0.18873 1.68005 180 147 23 176 118
495 3480 11.73798 0.02048 0.18989 0.36262 101 85 14 99 66
26 4463 11.34854 0.02353 0.06500 0.82377 88 69 14 85 55
588 1378 11.81548 2.20251 0.15100 1.07883 163 124 26 163 102
566 1403 11.69155 2.72289 0.41014 1.37345 61 42 9 59 26
698 3653 10.73586 0.02149 0.07874 0.27411 128 106 15 120 90
2432 3404 11.20678 0.95801 0.26961 2.67869 101 72 15 99 50
590 1382 10.80670 2.13124 0.02780 1.51181 153 125 18 141 112
595 3519 11.19941 1.36407 0.08153 2.78488 136 112 21 136 69
12 4445 11.12199 0.44621 0.21422 0.83697 142 104 19 139 89
619 3565 10.61115 0.01832 0.26381 0.96672 97 71 23 93 58
1385 3554 10.85013 1.97478 0.09834 1.10358 166 149 12 166 134
621 3587 10.80721 0.01343 0.14558 0.19383 61 46 6 59 44
1575 4529 10.71214 1.66072 0.42916 1.39016 171 146 24 171 99
719 3681 10.97407 0.77446 0.59496 2.92114 110 90 19 108 45
1418 3522 11.60818 1.88990 0.23368 1.98662 79 67 9 74 55
919 3839 10.00787 0.03057 0.19475 0.97879 122 111 4 120 90
708 3665 10.80542 0.01654 0.17340 0.60845 241 203 33 241 187
600 3536 10.63680 1.19250 0.53907 1.70915 130 113 14 128 81
552 1416 11.26247 2.00088 0.13916 1.87012 56 45 5 52 38
1390 3540 10.87568 2.87580 0.23321 1.02412 144 119 22 144 91
221 1636 10.07077 1.52997 0.10448 0.81853 101 72 20 90 65
546 3502 10.88827 0.11496 0.26072 1.30776 119 84 9 103 55
523 588 10.95953 1.01092 0.24232 2.38622 137 95 35 137 76
650 3611 10.98224 0.02716 0.16939 1.40165 74 56 14 72 43
565 1420 11.70149 1.83120 0.14595 1.89424 47 35 10 47 19
582 3562 10.30517 0.93559 0.03305 2.11563 166 146 14 161 89
792 3718 11.26078 0.01629 0.12174 0.73701 70 57 10 68 45
567 1414 10.14103 2.16253 0.11894 2.23546 123 100 14 114 70
370 2439 11.62313 0.64640 0.23408 1.32943 126 99 18 122 58
1558 4527 10.29856 2.35834 0.14262 1.76325 118 94 23 118 56
478 3488 10.80364 0.01575 0.10684 0.64163 114 95 15 108 82
835 3775 10.17397 0.07998 0.05353 1.57694 132 101 28 132 70
535 3556 11.07096 1.37410 0.15845 1.63375 106 94 10 106 82
1402 3527 11.84386 2.78534 0.15181 1.21241 66 59 3 64 50
1420 3539 10.52194 2.19549 0.16964 0.81181 93 73 10 91 60
508 558 11.79446 0.12236 0.43102 1.55821 137 102 13 137 56
513 3531 10.48913 0.23966 0.13412 1.45697 143 110 26 143 96
539 3502 10.76934 0.11422 0.22422 1.25897 127 104 9 121 63
514 577 11.75332 0.41583 0.53507 2.42931 95 75 17 95 62
558 3501 11.84659 0.11612 0.57489 1.49253 130 88 18 128 48
377 3366 10.89388 1.57292 0.43372 2.40973 69 51 16 69 27
560 1417 11.27358 1.95091 0.20974 2.01480 36 20 10 36 14
464 3455 10.16057 0.01633 0.01919 0.90655 153 126 21 149 99
501 3509 10.82882 0.02260 0.11355 0.82282 126 104 12 123 86
1403 3534 10.20601 2.89883 0.06859 1.04941 150 130 15 146 115
106 1579 10.98190 1.08515 0.16532 1.29301 155 112 23 144 101
2455 3432 10.65047 1.00399 0.19119 4.51692 119 82 20 117 42
533 3500 11.83555 0.10438 0.15777 0.94460 143 108 25 139 81
41 4479 10.39581 0.02173 0.22544 0.55532 100 64 17 96 61
964 3856 10.91288 1.47447 0.21680 1.21949 114 79 19 112 52
100 4538 10.44230 0.21965 0.15955 1.07520 85 63 14 85 55
557 3557 11.15820 1.40951 0.07589 1.52084 109 89 18 106 72
197 1647 11.76499 0.47065 0.21643 1.17902 59 50 7 53 35
370 3371 10.94536 1.46915 0.19613 1.73686 78 60 13 78 35
552 1408 11.59738 2.46121 0.15864 1.53033 95 65 20 93 56
422 3448 10.74397 0.85596 0.36350 1.44537 103 90 11 101 61
823 3743 11.76668 0.06304 0.06692 0.35718 58 45 8 56 39
178 1633 10.94451 0.04062 0.13066 1.53340 107 87 16 102 72
416 3401 11.24871 0.27459 0.14331 0.77733 92 79 11 90 66
534 3501 11.13582 0.10702 0.20878 1.04230 128 100 11 124 69
574 1420 10.73816 2.00782 0.18992 1.32234 35 30 2 35 23
628 3573 11.90959 0.02477 0.39904 1.42574 52 34 11 48 22
675 3632 11.64338 0.02404 0.13892 1.37288 50 31 12 43 27
2362 3288 10.87970 0.47101 0.14706 2.28910 105 87 13 105 80
2394 3326 11.98505 0.01987 0.19227 1.12222 84 62 12 75 49
944 3835 10.47155 0.23827 0.11380 0.49575 111 92 11 109 79
1386 3544 10.51242 2.61325 0.10948 1.90372 166 152 7 162 102
2328 3281 11.15205 1.21104 0.17618 3.65784 75 56 15 73 34
709 3667 11.13933 0.01872 0.17666 0.95900 174 136 32 172 111
407 3437 10.72873 1.26728 0.27950 4.95678 65 38 16 61 30
598 3527 11.08812 1.36743 0.20799 2.09144 103 76 24 99 49
127 4528 10.38178 1.49495 0.55914 1.88762 152 120 12 144 87
114 1547 10.68231 1.87035 0.30823 4.37963 63 49 12 63 29
2390 3345 10.18544 0.01733 0.20003 0.99544 122 81 30 118 60
543 1415 11.13495 2.05743 0.07519 1.90988 79 67 7 77 54
754 3671 10.00101 1.42589 0.28322 2.22774 117 88 23 117 65
536 594 10.07778 1.28633 0.06713 1.93896 182 159 19 182 110
463 3452 11.53421 0.01644 0.09761 1.00249 87 62 16 83 56
799 3725 10.26433 0.02133 0.16166 0.65730 147 109 28 145 93
768 3719 10.85813 0.02710 0.17319 0.88337 133 110 16 131 76
2356 3273 11.56339 1.24692 0.21417 1.46447 123 94 17 121 74
747 3704 10.41322 0.55046 0.03305 1.32825 171 140 26 162 110
487 3474 11.78950 0.01988 0.25273 0.83275 91 68 15 85 57
609 3554 10.01540 0.24391 0.33185 1.36945 145 128 11 134 104
672 3629 11.07864 0.01283 0.10203 0.74336 68 51 14 68 49
661 3603 10.41574 0.02447 0.19338 1.36688 92 74 9 83 65
436 3416 10.70258 1.32930 0.54326 4.84387 60 27 24 51 22
413 3443 11.09823 1.29549 0.76762 4.46949 81 58 15 73 24
2331 3264 11.54947 1.81227 0.12215 3.38957 98 75 18 96 31
379 2421 10.43731 1.50929 0.22434 0.97558 105 76 14 105 68
955 3839 11.21134 0.91681 0.05748 0.47642 112 76 32 109 68
2463 3444 11.39656 1.54958 0.29533 4.35820 60 42 13 60 15
1403 3532 10.59650 2.84813 0.10691 0.79966 134 116 8 129 97
369 2429 10.41597 1.22435 0.08184 0.28531 127 112 10 125 100
2363 3289 11.34513 0.42534 0.32345 2.73180 127 99 15 125 65
1384 3556 11.67243 1.85906 0.07143 1.25429 113 86 24 111 80
2417 3348 10.03639 0.02834 0.16496 0.73275 109 75 22 109 66
795 3721 10.92078 0.01353 0.05125 0.77430 77 57 16 75 40
741 3700 10.28282 0.95504 0.15029 1.25492 185 159 21 183 132
596 1385 11.61650 1.87895 0.04742 1.14671 157 119 34 157 106
554 1406 11.97589 2.56004 0.15242 1.10500 113 95 14 111 81
895 3800 11.39459 0.04013 0.30479 0.73595 122 99 14 116 86
368 3372 11.59156 1.43642 0.38341 1.86425 105 91 8 103 61
586 3511 11.11987 0.92291 0.25284 2.64220 93 59 19 91 51
743 3658 11.72145 0.88465 0.16075 3.11546 104 83 18 102 50
130 4528 11.58643 1.53630 0.30141 1.50610 140 107 16 134 77
380 2450 11.53435 0.12199 0.43583 3.16422 70 53 10 64 16
596 1406 10.99018 2.36001 0.25565 1.09789 136 105 25 134 87
545 1407 11.76979 2.51207 0.02590 1.32116 87 69 13 79 62
537 1412 11.33898 2.23720 0.11137 1.72533 55 43 9 53 38
1415 3553 11.67449 3.01462 0.16869 0.65909 130 101 20 130 79
597 3521 11.64528 1.41648 0.73486 2.44457 63 45 18 63 32
121 1550 10.22987 1.44230 0.44351 3.24329 86 69 11 86 40
544 597 11.11755 1.39747 0.07519 1.98169 130 114 14 126 72
373 3392 10.90454 0.48002 0.21482 2.09761 94 79 11 88 60
812 3757 11.98751 0.03178 0.19202 1.04493 69 53 5 62 48
394 2463 11.73925 0.02941 0.30101 1.59912 96 61 22 94 49
2440 3366 10.65030 1.00338 0.91967 3.16731 108 76 28 104 56
116 4523 11.90819 1.17302 0.36145 1.31671 115 87 20 110 60
545 3555 10.23191 1.32139 0.10978 1.40889 97 75 16 95 59
857 3790 11.99940 0.07946 0.15183 2.37702 121 97 17 121 71
101 1578 11.94036 1.37327 0.24134 1.49358 140 104 11 135 85
2357 3276 11.36532 1.11697 0.10447 1.75011 144 105 20 142 88
566 1415 10.37779 2.08958 0.31064 2.13075 62 48 11 56 36
586 1380 11.38921 2.35680 0.10605 0.92535 136 118 11 127 98
503 3513 11.64806 0.03906 0.45348 0.69661 56 29 18 54 24
368 2426 11.52526 1.36278 0.13613 1.56248 100 84 5 100 70
811 3735 10.05489 0.01780 0.13991 0.88204 107 86 12 103 66
2381 3315 10.26458 0.03052 0.14351 0.42058 132 97 24 132 85
171 1626 10.01680 0.03219 0.19071 0.52039 153 120 20 153 104
550 1415 11.14457 2.05764 0.10569 1.91438 88 69 15 86 55
625 3570 11.81420 0.00503 0.14869 0.21670 79 63 12 76 52
757 3673 11.08243 1.39473 0.81933 2.96161 119 100 11 119 57
128 4529 10.16415 1.50886 0.44486 1.62341 206 147 29 199 112
812 3755 10.13218 0.02688 0.14191 0.48537 108 88 15 106 78
524 3499 10.12262 0.06095 0.18380 0.62807 110 83 18 99 59
368 3373 11.36491 1.39910 0.37774 1.70456 84 66 10 84 40
717 3677 10.52780 0.48173 0.75550 2.21099 118 77 33 116 52
434 3414 10.84613 1.30535 1.06606 4.82231 45 26 7 39 12
543 1412 11.10087 2.23913 0.21065 1.61689 39 31 5 34 22
563 1409 10.97731 2.41844 0.09259 1.64521 120 102 16 116 77
1577 4538 11.50266 1.64120 0.33426 1.60888 142 105 23 142 70
577 1419 10.17296 2.16498 0.08733 0.89438 96 74 17 94 60
537 1410 11.51951 2.35329 0.09426 1.73551 91 72 15 87 64
595 3522 10.52920 1.33474 0.17845 2.09031 101 77 19 97 47
853 3763 11.20654 0.09259 0.10959 1.18663 113 90 18 111 68
710 3642 10.92926 0.00840 0.15753 0.21670 123 108 7 116 93
579 1384 11.76992 2.81943 0.32436 1.62534 104 81 17 102 63
1397 3534 11.30391 3.07376 0.05666 0.61802 108 97 11 108 84
95 1558 10.41496 2.30140 0.20711 2.04392 95 70 13 91 52
919 3820 10.69825 0.01388 0.10634 0.62807 80 62 7 68 56
526 592 11.28157 1.22600 0.22370 2.95579 110 88 16 110 78
451 3466 10.60333 0.01516 0.01905 0.85318 95 73 17 95 59
213 1629 10.80620 1.18927 0.22757 0.60716 52 36 4 45 34
1577 4530 11.23613 1.64610 0.16495 1.15758 165 131 24 161 96
1532 4540 11.37974 3.13713 0.22038 3.94625 71 56 9 71 43
573 3561 11.78982 1.33242 0.06902 1.76081 111 101 7 107 65
591 3567 10.97204 0.38410 0.19815 1.08787 173 151 12 173 134
593 1411 10.46473 2.74998 0.18146 0.65252 149 122 18 149 111
2401 3359 11.00850 0.02322 0.13866 1.05425 71 43 19 61 32
374 2423 10.25423 1.47054 0.44702 2.78685 49 39 6 44 25
2475 3442 11.04221 1.49612 1.41887 4.69686 39 30 5 39 14
580 3507 11.72670 0.57352 0.19317 2.11100 43 31 7 43 21
517 3539 10.33867 0.47511 0.20727 2.24681 133 102 23 133 68
635 3598 10.30051 0.01351 0.32472 0.69097 84 50 16 78 48
873 3781 11.21549 0.05990 0.14201 0.94874 138 119 14 131 86
912 3834 10.95344 0.01921 0.11092 0.26393 84 55 18 80 48
1378 3550 11.73956 2.12565 0.11688 0.97156 125 108 14 123 91
2330 3287 11.96836 0.79784 0.08364 2.36794 129 102 23 124 69
591 1414 10.56737 3.03609 0.15377 0.64407 84 67 11 84 59
819 3762 10.28685 0.03318 0.14995 1.74249 66 48 11 63 44
1554 4528 10.68589 2.58980 0.19397 2.18982 101 91 4 99 54
2393 3327 10.05442 0.01680 0.11885 0.87492 130 109 18 128 98
859 3769 10.37056 0.03290 0.08755 1.84886 113 93 12 108 66
414 3443 10.75139 1.25105 0.92493 4.14747 86 57 23 82 30
566 1418 10.96914 1.93061 0.20764 2.28876 52 42 5 49 28
552 3503 10.08210 0.11476 0.21907 1.38988 109 82 11 107 57
2352 3307 10.42064 0.04912 0.42542 1.91131 94 80 9 86 36
576 3507 10.51772 0.38481 0.20346 2.24524 91 71 10 89 47
940 3832 11.61740 0.08995 0.17486 0.92620 117 86 7 104 72
558 1418 11.57115 1.89925 0.24087 1.83227 61 46 9 61 37
959 3857 10.02377 1.25249 0.14194 0.53522 130 97 27 126 76
733 3695 10.40482 1.36567 0.18041 1.52058 136 103 21 130 69
1380 3545 11.68499 2.47554 0.20043 1.33295 148 117 28 148 100
2401 3333 11.67604 0.03199 0.57533 1.83440 82 64 15 80 46
31 4468 11.59766 0.01544 0.21018 0.79179 60 43 12 56 35
178 1607 11.61325 0.13318 0.14429 0.34830 69 52 13 67 47
2415 3346 10.55941 0.01275 0.17602 0.77582 85 65 9 83 53
110 1582 11.47715 0.82393 0.08415 1.88284 196 161 11 193 128
792 3719 10.24668 0.01353 0.03251 0.42336 95 84 9 95 72
1570 4526 11.26008 1.74532 0.24476 0.75381 78 60 14 75 53
419 3445 10.04640 1.01253 0.13597 0.97959 139 118 19 139 96
376 2422 10.26223 1.49472 0.02956 2.75022 61 36 22 57 29
2346 3260 11.91922 1.57181 0.15319 3.01064 100 79 12 98 41
717 3647 10.30247 0.01248 0.10621 0.28531 177 147 27 175 127
1389 3540 11.01674 2.86175 0.10410 0.90741 153 136 10 151 101
688 3643 10.67221 0.01641 0.10288 0.75381 139 117 19 137 104
2349 3265 10.36143 1.51279 0.11125 3.06081 144 80 48 144 70
108 1581 11.53409 0.95250 0.12995 1.48675 194 159 16 178 138
571 1398 11.60135 2.96063 0.07890 0.75796 62 53 4 60 48
549 1419 11.91046 1.85177 0.15678 1.60961 34 22 7 29 18
432 3455 11.83338 0.28937 0.14854 1.48227 71 59 7 67 47
510 569 11.98707 0.19066 0.49148 2.05785 87 68 11 85 50
513 3493 10.64178 0.02530 0.15916 1.39269 118 100 11 118 90
12 4447 10.10358 0.37524 0.04247 0.40734 130 100 28 122 80
155 1587 10.20050 0.07634 0.18845 0.91771 88 62 6 81 56
508 3524 11.98523 0.13329 0.47246 1.16768 110 88 7 106 62
2448 3379 10.16096 0.93781 0.22945 1.42354 110 69 26 110 53
22 4460 10.12199 0.03150 0.06724 1.00949 83 66 10 75 61
397 3379 11.46774 1.09167 0.50625 2.35102 107 86 8 101 59
2470 3413 10.49518 0.05114 0.17212 1.79559 158 130 16 156 113
2338 3261 11.13614 1.62120 0.41756 2.44649 124 96 23 120 47
958 3859 11.86486 1.19479 0.19260 0.49099 124 90 25 122 87
596 3522 10.98089 1.37260 0.10342 2.19321 101 88 10 99 56
2370 3302 10.41927 0.04375 0.23415 1.19747 132 102 25 129 81
540 1409 11.49864 2.40911 0.14423 1.61398 100 68 26 94 59
573 3504 11.88071 0.28179 0.17575 1.59127 94 68 17 87 55
571 1419 10.63930 1.96842 0.22728 1.78465 58 37 13 54 33
131 1556 10.90977 0.93152 0.18441 1.11136 130 70 13 125 102
515 3536 10.51271 0.36867 0.44247 2.16012 96 78 12 96 50
955 3859 11.95681 0.98727 0.15001 0.35277 131 94 25 131 75
1397 3535 11.09573 3.10279 0.14536 0.66676 119 96 12 111 81
409 3395 11.06535 0.20785 0.23195 2.58104 107 80 24 105 50
536 598 11.83490 1.42723 0.04579 2.34885 84 64 15 82 48
133 4532 11.53887 1.56248 0.08415 1.18300 154 111 13 146 105
526 3499 10.84700 0.07279 0.11352 0.69380 100 77 16 100 71
436 3414 11.54145 1.38061 0.37751 4.67981 48 31 9 46 17
372 3367 11.61811 1.57115 0.43649 1.89300 37 33 2 35 23
529 595 11.57574 1.35092 0.13695 2.59027 132 104 26 130 61
403 3431 10.17155 0.94522 0.27216 5.67001 81 57 19 81 37
564 1406 11.39885 2.57442 0.40773 1.47698 101 83 10 97 63
407 2443 10.61767 0.32125 0.20825 3.00986 108 89 16 104 58
134 1557 11.96482 0.85075 0.34389 1.16701 168 91 12 166 109
2478 3430 11.03036 0.86528 0.63522 5.82349 82 61 17 80 36
521 587 11.43724 0.95632 0.28159 2.23633 49 28 9 47 25
558 3557 11.13826 1.40952 0.04150 1.50766 85 74 9 85 52
2446 3418 10.73551 0.05815 0.20995 2.79778 111 99 7 111 67
2361 3286 10.88990 0.57451 0.11908 1.81531 111 91 12 109 81
486 3474 10.98514 0.02010 0.19958 0.81948 149 107 28 145 92
820 3742 10.35688 0.05849 0.13017 0.47230 77 57 14 73 45
2348 3264 10.44866 1.53468 0.15841 3.06835 147 99 24 143 67
562 1413 10.75044 2.18371 0.28836 1.99017 55 42 9 55 37
609 3579 11.64941 0.02546 0.38025 1.16869 98 81 14 94 51
223 1638 10.80667 1.58107 0.15807 1.61641 87 65 13 87 62
590 1416 10.98710 3.07213 0.10802 0.60845 85 65 14 85 51
4 4466 10.08615 0.03042 0.05841 0.38257 141 124 12 137 92
600 3534 11.02925 1.25487 0.33167 2.09088 149 124 18 147 85
88 4515 10.42352 0.02856 0.10374 0.65372 120 97 20 120 73
573 3559 10.48814 1.30139 0.05685 1.53136 156 140 15 156 94
375 3397 11.96972 0.28064 0.22650 2.29473 45 37 7 43 26
2392 3325 11.07226 0.01889 0.18101 1.16163 145 114 15 134 90
417 3444 10.20760 1.11328 0.36127 2.37520 116 87 25 114 55
0 4418 10.59614 1.08623 0.01733 1.45131 127 103 22 125 71
773 3722 10.02976 0.00655 0.12477 0.20174 136 107 20 128 94
369 3373 10.88843 1.39872 0.33651 1.50298 98 82 8 94 59
133 1556 11.89110 0.91462 0.20460 1.02221 157 79 15 155 111
99 1576 11.53045 1.46889 0.02940 1.34610 162 131 21 158 93
2461 3397 11.30652 0.23731 0.14772 2.14795 98 72 18 90 63
1395 3558 11.92126 1.94067 0.15779 1.29995 93 70 16 89 61
556 3555 10.19238 1.32089 0.14500 1.33764 127 103 18 122 87
876 3803 10.86495 0.02258 0.12990 1.29785 154 123 16 154 88
1386 3543 10.72988 2.66989 0.31098 1.91969 165 148 13 159 101
821 3766 11.99953 0.06739 0.11349 1.78663 30 20 3 26 16
1419 3542 10.17627 2.38350 0.13419 0.47806 95 73 19 91 63
1385 3543 10.90887 2.65654 0.13347 1.91070 168 152 12 166 103
609 3551 11.64585 0.41960 0.09780 1.33266 154 124 29 154 100
440 3420 10.76553 1.27310 0.17066 3.76868 101 67 21 99 47
412 3441 10.51005 1.28908 0.40971 4.78438 64 34 21 61 32
569 1401 11.51571 2.83861 0.11101 1.46687 69 44 16 64 37
719 3679 10.20876 0.62147 0.33751 2.61269 125 91 22 123 70
2446 3375 10.44970 1.04018 0.54756 1.64592 165 134 26 165 86
526 3551 10.78129 1.13319 0.10051 2.51092 128 93 30 126 76
676 3632 10.55710 0.02386 0.18103 1.34436 70 39 26 65 39
96 1571 10.52973 1.63382 0.10699 0.93503 119 100 10 117 90
94 1571 11.28176 1.68194 0.08772 0.78285 97 80 13 93 64
218 1630 11.79236 1.38590 0.15992 0.29871 68 58 2 60 49
99 4519 11.06149 0.18845 0.12970 0.42613 105 83 16 100 71
717 3646 11.34349 0.01471 0.12823 0.32385 176 126 36 174 104
846 3782 10.56973 0.04190 0.23284 1.98386 107 88 14 98 61
493 3500 10.27747 0.04322 0.46434 2.39866 82 58 16 80 38
1421 3533 11.22527 1.95302 0.07102 1.29119 33 24 6 31 24
494 3501 10.34996 0.03826 0.32082 2.18140 86 58 15 83 42
455 3470 11.50190 0.02695 0.09472 1.25928 84 70 3 69 58
38 4475 11.56023 0.01483 0.10220 0.64891 76 59 8 71 54
2439 3411 11.24552 0.56900 0.16818 3.62428 148 131 12 148 96
2350 3306 11.20651 0.04138 0.08884 1.30416 107 83 18 103 78
578 1386 11.62566 2.89630 0.24198 1.41555 154 139 9 146 112
946 3855 10.23518 0.39776 0.12376 0.56648 121 108 7 118 86
1549 4530 10.88144 2.84543 0.63768 3.77273 51 39 7 46 24
592 1383 10.84280 2.03100 0.04031 1.51517 102 76 18 95 70
102 4539 10.76015 0.31526 0.11027 1.34697 124 102 13 124 64
121 4525 11.01450 1.35979 0.26549 0.70776 115 79 18 107 78
743 3703 11.50818 0.82477 0.03330 1.23670 146 124 22 146 102
2360 3283 11.29138 0.73987 0.20967 2.15631 104 88 11 100 46
130 1553 11.85720 1.10727 0.12964 1.25523 115 75 11 115 80
199 1648 11.75951 0.56724 0.18147 0.87849 118 81 26 116 61
89 4534 11.16411 0.02962 0.13251 0.40348 117 89 22 109 79
101 1551 10.76185 2.47853 0.15969 3.06017 90 66 20 88 54
71 4504 11.36527 0.01907 0.19406 0.45970 92 68 13 90 63
753 3708 10.40641 0.15822 0.08127 1.66976 161 133 14 158 105
162 1618 10.19158 0.12235 0.13507 0.26541 89 70 12 86 59
485 3493 10.09548 0.03620 0.09087 1.15724 103 83 17 103 56
815 3759 11.14178 0.02295 0.21026 1.08498 37 24 6 33 24
404 2441 10.21804 0.46850 0.05081 3.01506 161 144 14 159 108
595 1402 10.30000 2.22912 0.23854 1.17403 150 112 29 150 93
1380 3548 11.25828 2.28131 0.08666 0.95327 165 154 9 163 132
378 2421 10.52759 1.51422 0.09721 1.40137 90 64 24 87 54
701 3635 11.38838 0.01330 0.10861 0.64710 98 73 17 92 52
546 1409 11.42793 2.40961 0.14446 1.63662 46 30 7 44 27
34 4472 10.67727 0.01126 0.06540 0.68414 117 91 20 110 77
219 1631 11.51209 1.41397 0.11767 0.16786 63 50 8 56 44
529 3552 10.33904 1.17827 0.08308 2.48302 150 123 22 147 97
2391 3346 10.13467 0.01253 0.22914 0.64346 121 93 21 119 87
767 3719 11.60572 0.03137 0.25155 0.86185 124 100 15 122 75
428 2455 10.89112 1.05945 0.12392 4.55440 88 53 17 82 29
548 3555 10.24156 1.32133 0.07960 1.39044 121 87 31 119 71
384 3368 10.07551 1.51754 0.57982 2.00974 110 91 15 106 54
510 563 10.90175 0.12674 0.42824 2.01091 120 95 14 115 66
582 3509 11.03020 0.68077 0.12445 2.58876 79 65 9 75 51
92 1559 11.59541 2.29733 0.31118 1.75100 107 90 11 103 73
9 4471 10.89182 0.01719 0.08387 0.37846 113 90 18 110 76
752 3665 11.16631 1.45754 0.16109 2.61539 104 70 28 97 53
757 3711 10.62568 0.03387 0.07012 1.66765 197 181 14 197 135
2465 3404 10.98090 0.06634 0.15209 2.88147 84 68 11 82 42
880 3807 11.60625 0.03793 0.19898 0.75641 100 64 28 95 55
833 3774 10.44711 0.09672 0.05054 1.73461 126 93 28 124 65
213 1628 11.60769 1.18276 0.21229 0.62745 72 52 13 65 42
518 3544 11.50279 0.72651 0.05903 2.48664 76 63 12 76 55
453 3468 11.05751 0.02141 0.12385 1.08028 92 79 10 92 58
570 3558 10.45572 1.35029 0.08728 1.55696 152 109 41 150 85
104 4520 11.89088 0.43805 0.21839 0.91685 76 61 11 74 56
103 1550 10.57310 2.42423 0.24491 3.30026 94 78 7 94 47
92 1558 11.87407 2.35701 0.42943 1.81876 58 46 7 56 36
512 3531 11.07284 0.24349 0.21489 1.46179 125 81 32 123 81
220 1643 10.09315 1.65158 0.17203 1.36831 40 34 1 40 32
939 3852 10.38936 0.10653 0.11841 0.59872 106 90 11 106 75
2466 3445 11.28757 1.55896 0.88216 5.65402 31 22 2 27 9
618 3585 11.11436 0.01982 0.22453 0.75744 73 51 19 71 44
1384 3551 10.40949 2.13691 0.18224 1.41084 151 126 19 142 98
739 3656 11.73420 0.63322 0.17022 2.71671 114 67 34 112 65
568 1401 11.72432 2.82263 0.20873 1.49331 65 50 12 60 40
386 2454 10.28792 0.03155 0.22162 0.86773 113 79 17 104 74
484 3494 11.92753 0.03883 0.21056 1.37031 101 68 27 96 54
192 1618 11.27012 0.02676 0.16401 0.39565 116 102 10 116 88
570 1400 11.48414 2.88919 0.10311 1.13849 94 78 12 89 67
963 3843 11.08767 1.40149 0.08579 0.42244 152 125 23 152 102
1572 4527 10.92840 1.69587 0.23674 1.23448 154 122 25 151 100
1420 3545 11.13510 2.51105 0.30538 0.31404 83 55 11 79 49
1395 3538 10.68293 3.04023 0.06968 0.58551 164 148 14 164 128
2381 3336 10.51868 0.01499 0.20645 0.84395 134 111 14 130 76
516 578 11.00556 0.45272 0.14545 2.41913 88 70 14 88 55
894 3819 11.54399 0.03019 0.05935 1.26671 84 59 19 78 42
600 3572 10.59052 0.04200 0.10676 0.96307 160 130 23 156 97
59 4513 10.25920 0.01643 0.20544 0.90135 149 124 17 147 111
860 3791 10.92181 0.06412 0.20978 0.96103 175 136 36 171 109
1406 3528 10.79979 2.63469 0.16301 1.50870 88 67 16 86 58
409 2443 11.62805 0.27495 0.26179 3.16149 98 77 12 96 53
2336 3260 11.98779 1.67848 0.72160 2.39670 112 92 17 110 35
374 2420 11.80324 1.56016 0.95752 2.97335 34 19 8 32 15
112 1547 10.62212 1.98749 0.19358 4.37094 85 61 13 81 36
2337 3294 11.71289 0.23972 0.06543 0.65252 143 106 30 141 95
966 3854 10.84660 1.50655 0.51385 1.90824 101 67 20 97 56
203 1649 11.25993 0.80831 0.10001 0.64650 133 105 17 128 97
164 1594 11.98739 0.04258 0.36224 2.47449 66 44 5 58 36
449 3434 10.23785 0.44643 0.24332 1.51439 122 103 14 122 72
832 3775 11.95093 0.10099 0.36609 1.78158 108 93 14 106 59
695 3630 11.81619 0.02854 0.18380 1.59545 71 52 11 61 36
541 1418 11.67367 1.89800 0.29113 1.72918 38 28 4 34 29
2 4465 10.61650 0.04002 0.08011 0.30132 84 65 16 84 49
426 3451 11.24011 0.63068 0.44971 2.60444 64 54 4 60 41
2366 3321 11.03892 0.02130 0.33105 1.21595 77 51 17 73 38
387 2457 11.82728 0.03192 0.11592 1.73099 134 101 30 127 76
152 1582 11.17546 0.07946 0.13642 0.60198 92 69 22 87 56
388 3366 11.97367 1.54947 0.15793 2.93198 96 64 26 94 38
535 1418 11.99738 1.89384 0.15369 1.62582 56 46 6 52 32
543 3557 11.21561 1.41047 0.12928 1.63686 96 70 21 91 60
597 1400 11.23158 2.09131 0.12637 1.23035 135 111 20 135 79
834 3750 11.87070 0.02887 0.09352 1.64734 50 42 5 46 31
1419 3530 10.69937 1.96518 0.18854 1.97952 63 46 12 61 42
552 1412 11.11197 2.23925 0.10257 1.66436 66 50 7 57 51
554 3558 11.73035 1.44411 0.15912 1.67140 90 61 20 86 47
2409 3375 11.87050 0.35388 0.11194 1.21692 67 49 13 61 44
566 1410 10.41072 2.38740 0.12936 1.74988 101 84 11 95 56
775 3701 10.53369 0.11140 0.15229 2.01013 145 123 14 140 80
412 3397 11.52631 0.05258 0.22037 2.31173 60 50 7 60 37
403 3435 11.72834 1.20875 0.32795 4.30703 39 10 9 39 13
105 1548 11.07284 2.39653 0.14319 3.77471 63 49 10 63 43
2441 3414 11.72479 0.40309 0.12673 2.99552 118 95 16 118 59
465 3478 11.35512 0.01775 0.10136 0.66735 140 116 17 140 84
560 1414 10.91266 2.12049 0.06675 1.98781 76 59 13 69 48
875 3783 11.07454 0.05817 0.14751 0.42613 191 168 19 187 147
2466 3446 11.86373 1.56895 1.26244 5.53527 39 19 18 39 12
518 3495 11.28669 0.03229 0.10965 0.71272 131 101 17 131 87
1398 3558 11.84566 1.99543 0.14931 1.01143 103 79 20 98 66
161 1593 10.34674 0.04428 0.25744 2.19874 101 69 14 101 55
573 1394 11.70184 3.08382 0.13140 0.26980 96 71 18 96 63
394 2429 10.40343 1.18313 0.22163 2.72879 119 96 13 119 57
165 1595 11.93537 0.04667 0.20381 2.39016 77 56 7 69 44
1383 3543 11.31660 2.62912 0.34806 1.89919 120 98 16 117 74
719 3683 11.75187 0.93284 0.61678 3.31080 99 60 31 96 39
1536 4538 10.31908 3.13046 0.13010 4.21287 104 83 18 99 56
540 3558 11.79580 1.44467 0.32235 1.78224 109 73 30 103 62
379 2420 11.01890 1.53865 0.16733 0.96672 82 62 16 82 55
598 1393 11.91342 1.92765 0.36850 1.71509 77 66 11 75 50
460 3450 10.27826 0.02127 0.11057 1.23448 153 124 11 149 100
162 1619 11.00248 0.12501 0.08598 0.36904 107 89 10 107 82
196 1646 11.35412 0.43040 0.42925 1.64830 82 64 12 77 26
55 4510 10.56113 0.01119 0.07655 0.56786 131 102 18 122 83
566 1412 10.27293 2.27134 0.21881 1.92234 91 69 13 89 48
618 3563 11.33226 0.01873 0.27908 1.03703 51 38 8 51 23
567 3559 11.50093 1.42594 0.44023 1.62678 97 71 19 95 50
540 3502 10.81286 0.11428 0.27704 1.26980 110 78 11 110 52
602 3538 11.37202 1.14018 0.40116 1.21434 158 126 28 158 107
766 3690 10.27000 0.15528 0.14339 2.59917 192 158 27 192 108
759 3677 11.06744 1.14771 0.11124 2.32574 172 142 22 170 100
1410 3555 11.10125 2.60673 0.14182 0.30901 143 121 19 143 101
922 3822 10.95547 0.01925 0.17440 0.49968 53 39 11 53 38
709 3665 10.01315 0.01609 0.13485 0.65730 214 182 25 212 169
860 3768 11.97569 0.03945 0.29220 2.12191 108 90 15 108 66
2328 3272 10.82758 1.65579 0.39893 3.10829 117 84 31 117 54
207 1650 11.44713 1.07982 0.12505 0.53668 108 72 26 103 61
184 1639 11.98327 0.12776 0.05989 1.06312 56 35 17 54 33
402 3389 10.27315 0.57645 0.16681 2.85924 140 115 21 137 82
419 2450 11.43986 0.46405 0.20043 1.31343 111 84 17 109 77
904 3828 11.91407 0.02084 0.17755 0.60133 69 44 17 64 38
804 3749 11.17423 0.04017 0.11814 0.17246 68 57 10 68 53
2373 3306 10.37587 0.01381 0.10867 0.75692 109 88 9 100 81
55 4511 11.72943 0.01179 0.07777 0.65849 96 79 13 94 69
490 3498 10.87169 0.04777 0.26352 2.36678 60 28 24 57 26
951 3857 10.60100 0.70686 0.09924 0.46394 137 113 22 134 100
79 4509 11.84238 0.03761 0.25221 1.34407 107 87 13 105 70
497 3482 11.14666 0.03065 0.18995 0.83134 120 94 21 116 67
425 3451 11.62831 0.68677 0.50475 2.53296 70 55 7 61 38
772 3722 10.84997 0.00926 0.11833 0.23070 114 86 21 114 79
2478 3433 10.83590 1.06229 0.69293 4.93332 78 60 13 76 26
447 3428 11.48903 0.84126 0.12677 1.48938 113 92 18 109 59
220 1634 10.30674 1.48296 0.23241 0.47970 124 106 12 122 89
127 4526 11.86462 1.49706 0.78564 1.87826 95 71 10 91 52
442 2467 11.20852 1.57539 0.23545 6.08908 15 6 5 9 6
113 4523 11.18862 1.01011 0.25515 0.96469 114 94 17 110 61
772 3723 11.90881 0.01133 0.06252 0.25488 88 69 13 86 60
2466 3404 11.80503 0.07156 0.23816 3.32684 87 71 12 85 42
414 2448 10.78500 0.14515 0.06820 2.19517 88 75 11 88 56
17 4452 11.47452 0.18971 0.09849 1.06017 57 45 8 55 37
404 2469 10.52465 0.04165 0.47467 2.37009 149 122 25 145 69
536 1414 11.37767 2.11560 0.11826 1.96981 86 61 21 82 56
372 2440 10.79123 0.58523 0.21322 1.27779 116 102 13 114 84
564 3559 11.84995 1.45530 0.22524 1.54662 108 93 12 105 58
421 2453 10.01695 0.63928 0.16452 2.47417 140 106 26 136 70
497 3483 10.08204 0.03140 0.15202 0.91771 107 86 17 107 62
684 3640 11.55206 0.02846 0.21334 1.54636 70 45 23 70 40
25 4485 11.57983 0.03245 0.12875 1.22109 100 75 18 100 62
1401 3555 10.21916 2.19780 0.14556 0.66969 149 110 36 149 108
534 3500 11.99880 0.10746 0.11848 1.05276 130 113 11 128 97
421 3405 11.05434 0.63131 0.15753 2.89070 108 78 25 108 64
576 1393 11.09965 3.08010 0.11161 0.86863 143 113 20 137 88
1403 3533 10.40296 2.87165 0.04316 0.85684 155 127 19 150 120
511 563 10.29295 0.12364 0.50291 1.92214 154 117 19 149 100
966 3855 11.33049 1.51045 0.46055 1.52675 87 60 20 83 47
535 3557 11.56625 1.41499 0.08845 1.76946 100 88 11 100 65
545 3501 11.74694 0.11431 0.65173 1.22141 101 66 16 95 37
92 1566 11.05541 1.89476 0.09911 1.11908 109 88 12 103 69
610 3553 11.36235 0.29988 0.29117 1.26887 106 92 8 104 75
2413 3345 10.08942 0.01505 0.13110 0.69998 76 47 15 72 39
2329 3267 11.37576 1.81223 0.13555 3.37812 76 48 23 76 26
924 3824 10.30600 0.02361 0.07762 0.66969 65 48 9 59 48
51 4507 10.94917 0.01005 0.11021 0.59017 98 76 19 95 67
370 3369 11.58082 1.52743 0.16473 1.68400 69 47 18 67 28
500 3507 10.26716 0.02164 0.06818 0.95203 177 156 15 173 130
392 2461 11.50147 0.02628 0.17710 1.47246 87 64 16 82 47
763 3684 11.11025 0.61896 0.12389 2.25429 155 130 18 153 83
647 3608 10.27047 0.02076 0.15269 0.98039 62 53 4 62 43
401 2436 11.15244 0.76824 0.05937 3.14796 127 86 35 122 69
5 4429 11.27906 0.94972 0.49187 2.49183 114 81 21 112 41
2413 3379 10.55056 0.52955 0.20586 2.15976 82 67 6 78 38
2367 3321 10.02236 0.01459 0.29866 0.81036 116 87 24 107 70
1385 3540 11.66809 2.80988 0.18471 1.33178 171 148 16 168 109
422 3405 11.41380 0.69019 0.11584 3.41352 103 69 26 98 47
53 4489 11.47276 0.01882 0.06250 0.37430 118 104 12 116 88
1399 3555 10.26464 2.14074 0.21352 0.61992 162 124 32 157 116
118 1585 10.62966 0.38493 0.22522 1.60572 174 148 9 172 95
2419 3391 11.82866 1.06118 0.39707 2.71296 96 59 28 93 42
612 3557 10.53643 0.09941 0.20889 1.22109 101 81 15 101 71
131 4536 10.83783 1.54163 0.40769 1.82671 151 105 20 147 94
932 3829 10.33681 0.01811 0.12584 1.59495 83 58 8 73 57
538 3555 10.38026 1.32265 0.14560 1.51543 104 73 24 100 71
558 1412 11.01535 2.24003 0.12790 1.63972 89 77 8 85 66
1419 3531 10.58749 1.98667 0.11737 1.73416 70 53 7 64 37
780 3705 11.97670 0.11360 0.39686 2.16302 105 67 16 99 50
1568 4526 10.83666 1.80722 0.22865 0.72632 73 51 13 69 42
1381 3543 11.82943 2.60368 0.20537 1.62678 153 131 15 147 90
839 3754 10.80256 0.05309 0.10614 1.37459 132 119 11 132 92
148 1577 11.04966 0.07910 0.20529 1.81359 91 56 24 89 40
830 3748 11.52823 0.04397 0.42029 1.57868 19 9 4 17 8
409 3440 11.17276 1.35259 0.28437 4.89777 48 18 19 46 29
1399 3531 11.58221 2.95627 0.10582 0.86230 89 65 22 89 57
595 1400 10.32145 2.16252 0.29992 1.07702 131 99 26 127 85
565 3504 10.08976 0.13862 0.49329 1.96483 97 59 14 95 40
2475 3420 11.41194 0.26264 0.18849 1.48780 62 49 9 59 43
222 1633 11.67320 1.47932 0.02175 0.74125 103 87 12 99 68
2409 3371 10.13744 0.20117 0.13779 0.42428 84 55 18 75 47
368 3383 11.08840 0.93657 0.13752 0.73807 137 124 7 135 107
216 1648 11.21256 1.59667 0.51241 2.04966 69 49 12 65 37
503 3511 10.56135 0.02798 0.15053 0.69267 94 74 10 88 50
561 3558 11.54306 1.44108 0.25445 1.56673 85 62 18 85 48
2423 3394 10.99117 1.07740 0.82458 2.55604 86 51 27 80 21
425 2478 10.75598 0.88182 0.19811 6.07225 69 47 16 67 25
587 3511 11.41808 0.98831 0.20967 2.53960 48 38 6 45 25
453 3438 11.24588 0.21796 0.44960 1.50402 103 88 10 101 46
522 587 11.03471 0.95147 0.24218 2.27383 92 69 13 90 55
724 3686 10.45288 1.14535 1.51222 3.44048 96 75 19 94 36
602 3542 10.24333 0.95267 0.07655 1.94461 154 137 15 154 110
1383 3555 11.45257 1.89375 0.10874 1.20756 160 140 16 160 126
544 1419 11.89524 1.85143 0.26757 1.52547 26 17 3 24 11
562 1412 10.77904 2.24453 0.23011 1.82563 70 57 8 61 47
562 1420 11.96111 1.81437 0.30770 1.76192 49 37 9 47 27
383 2421 10.57299 1.50031 0.45478 2.13258 149 121 21 149 80
393 3374 10.98710 1.31645 0.16455 2.70081 79 67 9 77 36
2392 3349 11.87334 0.01353 0.19924 0.54176 67 39 18 64 32
504 3488 10.02478 0.04165 0.16761 2.04545 91 71 17 89 42
728 3652 10.83867 0.11468 0.20513 0.74756 212 177 32 210 147
750 3664 10.80853 1.34795 0.57380 3.01428 104 67 30 102 34
384 2421 10.71436 1.49988 0.79379 2.13826 124 102 12 115 61
217 1646 10.28901 1.62746 0.58241 2.73652 88 53 28 86 38
2336 3263 10.46207 1.65357 0.72962 2.46530 130 98 31 124 49
528 591 10.33065 1.15969 0.13144 2.73995 144 112 25 144 71
125 1589 10.84776 0.17507 0.05280 1.80059 131 104 24 126 77
595 1388 10.98435 1.95658 0.26501 0.99623 119 87 24 119 78
93 1562 10.56961 2.10584 0.15101 1.57719 138 111 21 136 83
550 1414 11.08199 2.11879 0.10454 1.92091 85 70 9 81 59
50 4486 11.81146 0.02727 0.17014 0.78084 97 87 7 95 63
2477 3426 10.96684 0.60519 0.28601 4.61694 34 22 5 23 9
467 3479 10.65262 0.02267 0.12456 1.23733 152 126 22 149 98
444 3425 10.86837 1.03054 0.05739 0.78733 141 108 28 139 82
586 1418 10.63270 2.71917 0.18007 0.93335 123 92 13 121 90
204 1625 10.91728 0.58594 0.10756 0.32626 108 90 13 108 77
784 3711 10.58374 0.05897 0.07473 0.54249 91 67 22 91 59
780 3707 10.38229 0.09893 0.40723 1.76325 118 93 17 118 59
884 3810 11.10282 0.03714 0.10313 0.75537 136 110 21 134 100
2459 3441 11.67948 1.48933 0.53180 3.98615 55 31 14 53 27
438 3419 10.26554 1.27568 0.50417 4.09366 76 46 23 76 27
218 1631 11.11855 1.39807 0.10713 0.21489 69 63 5 69 55
2440 3410 10.16987 0.51666 0.17921 2.95883 113 86 22 111 75
964 3844 10.89852 1.43549 0.15223 0.71217 150 127 19 148 107
517 577 10.18277 0.40244 0.49829 2.35418 101 71 13 93 41
370 2424 11.23711 1.44249 0.40448 1.79668 64 48 7 57 30
826 3770 11.48817 0.11294 0.34897 1.18035 162 129 19 160 99
1390 3553 10.07923 2.09704 0.17923 1.20593 153 110 39 151 102
565 1413 10.40536 2.20050 0.32527 2.07490 83 64 13 81 53
805 3750 11.34722 0.04095 0.19675 0.25023 42 30 7 37 26
599 3572 11.22783 0.05833 0.16913 0.97156 144 125 19 144 91
718 3647 10.90667 0.01331 0.10105 0.32506 157 132 21 155 112
1575 4539 10.99189 1.65486 0.47187 1.86130 145 111 25 140 79
558 1411 11.08489 2.29985 0.17448 1.57818 90 74 11 90 69
585 1385 10.38478 2.48637 0.08791 1.53085 179 153 20 174 126
2441 3367 10.75974 1.04524 1.11924 2.86430 141 98 34 139 60
31 4469 10.64913 0.01413 0.08689 0.76208 74 47 18 70 46
606 3548 10.79971 0.61075 0.38663 1.67771 153 116 32 153 101
535 3501 11.27389 0.10911 0.20920 1.05684 105 82 10 101 47
94 1560 10.39965 2.20674 0.40545 1.78925 177 162 13 177 124
121 1587 10.93372 0.28250 0.04217 2.15322 144 118 15 139 92
863 3773 10.02127 0.05278 0.72316 2.58770 83 58 21 79 24
2330 3265 11.58002 1.82705 1.10445 3.46057 105 84 17 105 35
169 1626 11.58340 0.05380 0.14657 0.53376 101 82 12 99 68
2333 3265 10.41344 1.71990 0.12903 3.31635 126 92 30 122 49
103 1548 11.66725 2.51610 0.19045 3.85884 92 77 11 92 47
1405 3525 11.64828 2.63158 0.26435 1.17069 70 50 11 65 43
150 1580 10.83693 0.07851 0.25436 1.31968 89 55 22 87 48
92 4517 10.17946 0.00544 0.13170 0.14265 136 111 19 136 93
145 1602 10.27113 0.05275 0.19627 1.81251 107 73 18 99 72
428 3452 11.21875 0.51477 0.45434 2.28944 79 60 13 73 46
214 1648 10.59732 1.51612 0.27824 1.70731 101 72 23 101 53
806 3751 11.47767 0.04234 0.14749 0.57675 88 65 15 74 51
665 3606 10.71779 0.01959 0.22016 1.02144 101 75 19 101 56
558 3558 11.66447 1.44342 0.01679 1.61058 71 47 22 67 40
401 3432 11.62476 1.01831 0.11218 4.84299 102 72 20 97 61
564 1412 10.56183 2.25370 0.15678 1.86676 78 67 9 78 53
2419 3348 11.27167 0.06702 0.15291 0.61294 59 35 12 45 28
2418 3389 11.58501 0.98612 0.46942 2.47227 131 104 17 123 62
93 1566 10.60812 1.87950 0.24873 1.19747 112 96 8 112 69
116 4524 10.80069 1.17133 0.27812 1.34872 113 81 24 107 62
1394 3538 10.82184 3.02335 0.11523 0.69774 167 149 9 162 127
578 1395 10.30658 3.02514 0.13242 1.19025 149 119 23 145 97
157 1589 10.33164 0.06763 0.21617 1.32323 100 69 16 94 63
418 3404 10.47816 0.44407 0.11449 1.17703 122 103 13 115 85
83 4531 11.25573 0.04062 0.05645 0.65372 99 86 9 97 76
391 3373 10.34106 1.35862 0.13469 2.66873 114 89 22 114 63
369 3379 10.12257 1.13316 0.07082 0.15323 124 111 9 122 104
130 4536 10.37071 1.53119 0.33724 1.68470 144 99 17 144 89
443 2471 11.88559 1.56833 0.41117 5.57359 28 14 9 25 12
2359 3282 10.83314 0.79684 0.49748 2.03702 96 81 8 91 40
2459 3438 10.45552 1.37166 0.54067 4.41827 65 38 14 63 24
431 2479 11.52488 1.22196 0.23700 4.53708 88 63 14 84 30
594 1385 10.97601 1.95961 0.15500 1.11733 159 123 23 152 108
966 3846 10.94734 1.48690 0.17993 1.20008 85 69 9 83 50
539 1415 11.24007 2.05714 0.17798 1.89816 75 50 17 65 42
658 3618 11.68615 0.00582 0.24105 0.33102 80 58 18 78 53
535 595 10.57873 1.33062 0.09936 1.97635 136 110 20 134 77
380 2421 10.39908 1.50637 0.11808 1.01683 125 104 16 118 90
712 3673 11.95691 0.21280 0.14739 0.84302 110 88 18 110 77
1390 3543 10.14621 2.72251 0.15033 1.63231 180 152 19 173 118
513 569 10.19679 0.18099 0.48870 1.92071 157 124 24 155 110
1418 3531 10.27541 2.03343 0.07343 1.89010 57 40 9 52 29
538 1410 11.44997 2.35417 0.10682 1.70525 83 65 15 83 55
1406 3527 11.01000 2.61664 0.24483 1.43640 97 77 10 95 62
111 4522 11.79244 0.88605 0.12478 1.17503 118 95 18 112 81
531 3501 10.56044 0.09633 0.16560 0.70776 151 118 21 148 103
22 4458 11.70745 0.05316 0.09175 1.30266 73 49 16 69 42
2435 3361 10.46219 0.76105 0.27640 1.57967 162 135 17 146 103
1573 4527 11.26837 1.68200 0.50100 1.49619 152 119 25 147 102
473 3485 11.90770 0.01164 0.06113 0.65968 92 68 22 92 50
561 3555 10.01548 1.31829 0.29550 1.35739 96 66 24 92 57
2469 3444 10.53701 1.53770 0.31062 6.22945 55 26 26 53 19
131 1555 11.38304 0.98755 0.13090 1.00639 163 113 4 163 139
577 1388 11.59144 2.96863 0.09711 0.88955 101 81 17 97 70
384 3367 10.52928 1.53768 0.15674 2.11211 102 79 16 94 45
427 2478 10.60696 0.99499 0.11133 6.03637 67 50 13 62 29
154 1584 11.49476 0.08044 0.20690 0.27836 80 52 11 76 41
36 4473 11.64874 0.01670 0.33792 1.02221 59 36 12 51 33
371 3387 10.20500 0.72566 0.07210 0.53376 141 124 13 138 105
662 3620 10.17530 0.00352 0.17361 0.22728 97 76 8 91 65
562 1408 11.24272 2.46648 0.12024 1.62558 99 72 12 95 68
2459 3437 10.04978 1.32332 0.84879 4.42598 69 45 15 69 26
366 3376 11.95517 1.26939 0.21458 1.17769 89 62 16 87 50
403 3389 10.83595 0.57162 0.12773 3.15877 110 67 35 107 56
431 2478 10.72352 1.22000 0.21156 4.76995 72 60 6 67 36
722 3688 11.95935 1.32553 1.00446 2.64160 59 37 19 57 28
611 3579 10.07433 0.02351 0.12736 1.09432 117 89 23 110 57
2395 3351 10.71284 0.01708 0.39065 0.81084 76 30 22 67 47
2426 3398 11.23793 1.11025 0.23825 2.05309 107 76 30 107 56
556 1406 11.94317 2.56045 0.14112 1.09825 85 74 8 82 61
946 3856 11.35310 0.40194 0.03384 0.84719 94 83 9 92 66
1571 4527 10.61666 1.71764 0.16519 0.95121 135 102 23 133 78
1385 3550 10.15315 2.21412 0.05356 1.38593 134 120 12 131 94
941 3853 10.47072 0.16276 0.05488 0.43521 119 108 6 115 93
595 3569 10.72740 0.18374 0.24854 1.01722 112 86 21 109 71
544 1411 11.16868 2.29882 0.21314 1.59986 76 51 17 76 51
384 3406 10.45655 0.05311 0.14624 1.75992 110 80 27 110 56
369 3388 11.83152 0.67112 0.16379 0.71601 103 91 5 98 78
447 3429 11.05510 0.77826 0.63291 1.92295 87 62 14 87 52
380 3400 10.04691 0.16809 0.51504 2.44296 136 114 17 136 76
715 3674 10.41865 0.27510 0.33995 0.98834 118 96 16 111 73
622 3588 11.08720 0.01391 0.06266 0.33804 83 71 8 79 60
464 3477 11.16126 0.01967 0.09920 0.42887 126 103 13 108 80
749 3664 10.38190 1.28279 0.30638 2.81619 92 74 15 92 42
430 3453 11.18824 0.39781 0.21081 1.73303 89 72 10 85 56
551 1418 11.65287 1.89866 0.27039 1.78400 45 29 9 45 30
721 3648 11.52475 0.00655 0.08036 0.34492 117 91 24 117 73
415 2476 11.56383 0.31428 0.25016 1.14944 38 21 10 32 18
668 3608 11.33893 0.01013 0.13796 0.51813 57 47 8 55 38
532 596 11.40894 1.37685 0.12556 2.51497 124 97 25 124 76
218 1632 10.48727 1.41540 0.09979 0.42058 87 74 11 87 60
2358 3314 11.75844 0.02075 0.24543 0.53376 109 72 20 106 63
589 1417 11.07608 2.96245 0.19180 0.66205 78 64 12 78 55
411 2444 11.98798 0.16739 0.22333 3.25594 101 79 16 101 54
1407 3555 10.53633 2.45002 0.11995 0.30901 132 106 24 130 91
2477 3435 10.12061 1.19021 1.00602 4.76148 73 55 13 69 29
842 3755 11.53961 0.07390 0.10238 1.38112 76 65 9 74 56
122 1550 10.47794 1.41385 0.32330 3.17854 109 91 15 109 53
1552 4528 11.59693 2.69834 0.29861 2.81105 88 78 5 88 59
573 1399 10.94734 2.98966 0.10120 0.76617 112 86 20 110 72
2413 3344 11.01747 0.01750 0.27375 0.71272 73 52 9 71 49
98 1574 10.95063 1.52595 0.10250 1.08246 169 150 12 165 119
1401 3536 10.18408 3.03462 0.12317 1.19058 126 106 16 126 83
1416 3528 10.20736 2.07563 0.15137 2.23668 83 73 7 81 52
2477 3437 10.52201 1.30202 0.50851 5.07551 54 31 12 52 17
23 4461 10.24516 0.02371 0.05920 0.65192 104 90 11 102 81
14 4447 11.78599 0.38015 0.06195 0.32385 82 60 17 80 48
483 3492 10.73538 0.03013 0.15746 0.78484 127 98 20 127 75
859 3768 11.22588 0.03924 0.25463 2.01344 116 85 28 112 73
95 1554 11.90925 2.53348 0.51510 1.86130 100 85 11 100 48
2408 3341 10.04143 0.02538 0.12667 0.52712 85 73 5 81 66
594 3568 10.35256 0.22853 0.16756 1.07265 166 146 18 162 103
388 2458 11.91093 0.02917 0.21290 1.55922 79 61 11 77 45
0 4414 11.59070 1.08158 0.39478 0.83416 86 62 22 86 61
2328 3282 11.38421 1.15121 0.45836 3.73675 53 32 8 45 31
2469 3446 11.70025 1.55967 0.94973 6.03312 36 15 10 34 14
671 3628 10.91117 0.00699 0.11559 0.40638 76 53 18 74 48
966 3849 10.05529 1.49441 0.54053 2.31731 100 85 11 97 57
198 1647 11.29310 0.51574 0.17481 1.10429 80 69 9 76 42
29 4466 11.51719 0.02400 0.28995 1.09002 75 50 11 71 49
448 3464 10.80887 0.01900 0.17174 1.12640 105 86 9 102 75
538 598 11.71510 1.42524 0.06155 2.24036 80 62 15 80 48
1420 3538 10.53004 2.15317 0.09760 1.19387 76 65 7 74 47
443 2470 11.77533 1.57020 0.71904 5.86093 35 22 7 33 12
153 1582 11.99144 0.07881 0.20993 0.44146 102 83 10 100 76
762 3682 11.23316 0.77781 0.11733 2.21152 133 115 16 131 87
169 1600 10.78916 0.09498 0.30426 1.22844 75 52 7 75 50
523 591 11.93013 1.18851 0.10775 3.12925 145 98 46 143 82
1392 3538 11.11144 2.99284 0.06450 0.81325 152 136 13 148 116
821 3765 11.15310 0.05619 0.20907 1.74091 37 26 6 35 20
375 3368 10.38824 1.54529 0.31547 3.01428 72 52 17 68 35
714 3676 11.98135 0.40655 0.49782 1.49410 85 68 12 79 50
385 2422 10.31604 1.46899 0.82626 2.17996 104 73 27 100 55
386 2420 11.69361 1.52361 0.95558 2.25533 95 64 28 95 41
214 1628 11.91675 1.23258 0.24671 0.84580 51 39 8 51 30
712 3643 11.30892 0.01419 0.10766 0.48457 122 90 31 122 77
531 593 10.35568 1.25154 0.04967 2.61569 148 129 18 148 107
796 3743 11.96666 0.01357 0.09911 0.54104 63 44 12 54 38
2464 3443 10.59092 1.53493 1.19344 4.79820 60 31 21 53 16
2429 3400 10.72472 1.03550 0.19799 1.97318 124 100 12 124 65
547 3503 10.08477 0.11449 0.34802 1.34436 102 71 12 97 52
825 3745 11.18298 0.05932 0.03979 0.56648 87 74 9 83 65
556 1408 11.54312 2.46174 0.17249 1.51051 113 99 8 111 90
1400 3556 10.70563 2.11885 0.17250 0.71982 150 127 20 146 107
800 3746 11.56237 0.02881 0.11021 0.16786 62 45 13 60 36
602 3537 11.60926 1.17945 0.43587 1.34756 139 114 21 135 81
510 564 11.03977 0.13245 0.23940 2.08450 108 77 22 102 57
637 3582 11.36320 0.01337 0.14294 0.78833 86 70 13 86 58
946 3836 10.36854 0.34077 0.14571 0.34943 111 90 16 108 77
553 1412 11.10188 2.23931 0.11227 1.64235 68 50 14 68 43
393 2460 10.00252 0.01976 0.12633 1.09217 137 113 17 137 92
532 3557 11.94727 1.42333 0.13310 2.18874 144 125 18 144 92
2349 3262 11.69178 1.55749 0.20652 2.85526 110 71 28 110 54
2356 3311 10.61295 0.03572 0.31083 1.09289 130 107 21 126 79
55 4492 10.08498 0.01303 0.21086 0.27124 86 71 9 82 64
1382 3549 10.71041 2.23945 0.07961 1.29815 165 150 10 163 126
383 3404 10.08217 0.07427 0.32967 2.12523 103 74 14 100 57
2453 3386 10.52563 0.70095 0.51292 2.21169 147 116 16 142 83
508 3521 11.26244 0.10050 0.17076 0.85638 137 113 19 131 93
2431 3403 11.18445 1.00561 0.29249 2.40794 95 85 8 95 42
575 1391 11.64659 3.09102 0.09995 0.59281 109 80 18 105 72
603 3544 10.24301 0.85073 0.02228 1.69720 144 126 14 144 98
909 3811 11.91326 0.02359 0.23192 0.80308 107 88 12 103 72
538 3502 10.70466 0.11314 0.16479 1.16500 123 99 14 119 68
1384 3543 11.10860 2.64240 0.08587 1.88948 128 105 20 128 65
400 3386 10.41099 0.73602 0.12266 3.11332 128 102 18 124 80
510 568 11.76909 0.17525 0.55353 2.12283 84 63 13 82 44
389 3414 11.24248 0.09321 0.18828 1.58807 119 101 9 119 81
555 1414 11.05146 2.11896 0.13346 1.91847 93 75 17 91 69
453 3467 10.04228 0.01809 0.09998 0.90092 120 93 22 110 70
41 4498 10.52703 0.01897 0.19876 1.00327 128 99 25 121 78
2354 3271 10.82182 1.32251 0.08048 1.87597 130 93 20 128 77
146 1604 11.25723 0.04684 0.05569 2.23878 81 63 13 81 45
7 4435 11.07634 0.78807 0.09516 1.52649 158 123 28 156 100
425 3408 10.84639 0.88101 0.17638 4.69411 86 55 18 86 41
556 3503 10.13926 0.11547 0.16829 1.41167 127 102 12 123 72
915 3837 11.41514 0.02631 0.26379 0.91172 71 56 4 64 52
1544 4532 11.48254 3.04273 0.10298 3.99449 64 51 8 64 29
208 1627 10.71603 0.86066 0.30975 0.72847 113 96 10 113 66
824 3745 10.42494 0.05855 0.18704 0.45111 91 72 17 91 67
2327 3274 11.20437 1.60355 0.28832 3.19414 133 109 17 129 49
2437 3408 10.71091 0.69182 0.21002 2.54868 174 135 27 169 81
140 1565 11.68257 0.35336 0.58661 1.24553 118 79 15 118 62
389 3415 11.76355 0.11667 0.22492 1.73641 98 72 12 94 61
540 595 10.26996 1.32637 0.10097 1.80948 175 146 28 173 93
1397 3558 11.86346 1.97360 0.16963 1.07046 120 89 23 118 83
398 3384 10.05357 0.84412 0.47073 2.96781 124 96 23 124 61
2476 3423 11.07827 0.42150 0.27986 2.79624 54 38 12 54 30
96 1573 11.21754 1.59808 0.07581 0.71655 126 109 13 124 101
720 3681 10.44652 0.77254 0.80173 2.86649 116 90 21 116 47
431 3410 11.69142 1.21615 0.51763 4.38329 70 41 10 68 27
1397 3556 10.78941 2.04830 0.16679 0.89087 115 85 24 115 71
11 4473 11.22853 0.02155 0.10212 0.63427 134 117 14 130 94
412 2474 10.99133 0.17840 0.29600 1.13367 72 51 11 72 43
1405 3526 11.41881 2.64665 0.14358 1.20431 83 69 11 83 62
592 3518 10.29304 1.23142 0.12365 3.03099 88 69 11 84 47
2384 3339 10.39843 0.01821 0.22048 1.05351 142 92 25 138 90
845 3781 10.15079 0.03531 0.05080 1.89734 117 97 16 117 72
756 3670 11.37621 1.51558 0.37389 2.81480 80 58 18 77 39
547 3557 11.22011 1.41036 0.12203 1.59373 103 88 12 101 69
388 3414 11.93105 0.09608 0.13839 2.01519 115 97 11 111 65
813 3735 11.82297 0.02457 0.26514 0.73168 75 54 12 69 51
369 2436 11.17633 0.81112 0.10347 0.73382 98 87 7 95 79
2440 3363 11.93836 1.03536 0.98847 3.26303 86 59 21 86 51
526 3498 11.76003 0.07170 0.15790 0.57471 87 66 11 81 58
53 4509 11.31715 0.01320 0.06854 0.74230 116 100 14 114 89
138 1565 10.40787 0.35835 0.43822 1.23765 138 97 17 136 76
630 3594 10.52720 0.01817 0.08622 0.37742 109 88 17 107 74
757 3676 10.17624 1.20373 0.47522 2.79414 147 132 13 147 71
568 3560 11.97144 1.43023 0.10449 1.77718 100 86 11 98 47
96 4518 10.88949 0.08761 0.11675 0.26244 129 113 13 127 90
1384 3544 10.88521 2.58577 0.07413 1.89279 133 119 10 126 78
825 3769 11.37803 0.10542 0.09901 1.37402 92 72 16 92 57
563 1412 10.68098 2.24818 0.22271 1.86004 72 60 9 70 44
128 1591 11.08131 0.10879 0.12636 2.33632 98 68 25 96 52
553 1409 11.42137 2.40958 0.19959 1.58387 110 90 18 105 73
561 1412 10.85958 2.24238 0.26210 1.79798 71 55 6 71 48
756 3669 11.66045 1.54284 0.35450 2.71325 62 52 7 62 26
119 1548 10.83652 1.59906 0.50127 4.26526 65 51 12 65 37
414 2476 11.98594 0.26575 0.04820 0.97358 44 31 8 38 27
564 1416 10.77395 2.01531 0.04850 2.07754 61 47 7 61 40
423 3405 11.75976 0.74816 0.14172 4.06110 102 79 17 97 58
403 3390 10.35549 0.52028 0.17759 2.54914 132 105 21 132 77
2389 3323 10.13860 0.01866 0.09618 1.01414 91 70 10 87 41
1409 3556 11.41772 2.50453 0.19118 0.27695 160 137 16 160 115
714 3645 10.51390 0.01418 0.17481 0.40348 170 138 26 168 124
2 4421 11.03604 1.07721 0.10377 1.57047 128 110 16 126 66
128 4539 11.04831 1.50299 0.45099 2.00096 145 94 18 145 70
512 3532 11.28528 0.26564 0.24215 1.39718 137 99 23 137 85
820 3741 11.43269 0.06067 0.04547 0.61992 76 49 17 67 44
1400 3529 11.82012 2.88935 0.13931 1.36257 68 48 10 60 38
587 1383 10.56877 2.32845 0.11534 1.37402 188 170 11 188 137
109 1582 11.78998 0.88784 0.23661 1.66577 210 185 11 196 137
429 3411 10.59554 1.09352 0.49808 4.96956 75 44 16 69 30
1399 3558 11.82643 2.01808 0.15446 1.04080 139 108 31 139 81
914 3815 11.94539 0.00846 0.18195 0.49575 99 69 25 97 56
967 3855 11.89729 1.52619 0.37417 1.23258 55 37 16 51 28
2328 3283 11.67138 1.09090 0.21723 3.64239 119 87 17 119 53
70 4504 10.51654 0.01692 0.19230 0.40154 120 85 21 120 81
2470 3446 11.75796 1.55771 0.76477 5.79786 45 29 5 45 22
502 3512 11.88223 0.03377 0.10131 0.80406 101 76 23 99 57
730 3692 10.20272 1.40297 0.18589 2.41848 111 84 25 111 51
549 1415 11.14830 2.05762 0.12442 1.93026 88 69 12 88 53
455 3440 11.84252 0.12953 0.36767 1.07119 126 96 21 122 58
1409 3526 10.64947 2.44972 0.15928 1.80494 120 106 5 116 85
603 3574 10.63309 0.00860 0.10015 0.39565 156 134 18 156 103
439 2460 11.72785 1.53743 0.17170 4.03595 64 33 20 58 27
696 3652 11.73756 0.01673 0.08136 0.23407 126 111 12 122 101
517 3541 10.97380 0.56896 0.17427 1.92986 105 81 19 103 70
92 1560 11.37422 2.24085 0.27565 1.62269 133 110 19 133 83
91 1561 11.66312 2.19041 0.47117 1.55369 107 90 15 105 62
814 3758 11.14029 0.02615 0.18055 1.06496 63 51 7 63 51
850 3760 11.84770 0.10545 0.19276 1.09611 115 100 8 115 77
779 3705 11.09776 0.11105 0.39259 2.16609 95 74 6 95 55
1405 3528 11.00040 2.68120 0.23244 1.36688 43 32 7 41 25
593 1391 10.13908 2.08971 0.19686 1.52161 167 138 26 167 127
2389 3322 11.10735 0.02295 0.21103 1.14124 94 65 18 94 39
180 1609 11.38056 0.12444 0.14910 0.62432 85 67 12 80 56
627 3573 10.90752 0.02642 0.36204 1.53085 65 46 14 63 36
601 3535 11.42808 1.23793 0.52222 1.97278 129 111 13 129 80
1419 3529 10.81234 1.94591 0.21079 2.17457 30 24 1 26 15
764 3687 10.43730 0.37036 0.11824 2.50952 180 153 22 180 115
1578 4536 11.34191 1.63942 0.23070 1.51569 144 118 14 144 89
219 1647 11.66027 1.66699 0.33992 2.17042 85 60 17 85 36
195 1646 11.84130 0.39274 0.57472 1.75881 67 51 12 65 27
54 4490 11.35029 0.01668 0.06050 0.30647 72 59 11 61 48
2454 3388 10.34759 0.60577 0.11840 2.23651 142 119 15 137 84
176 1605 11.85125 0.13810 0.24401 0.38765 58 44 4 52 40
523 589 11.30020 1.07328 0.12600 2.68628 122 88 25 116 86
689 3645 11.78246 0.01263 0.29454 0.57335 72 54 14 70 38
598 1400 11.72167 2.06460 0.34762 1.40054 106 79 22 103 67
383 2420 11.15825 1.52966 0.55756 2.17601 110 83 19 108 58
2438 3408 10.19629 0.63547 0.13282 2.66139 173 154 18 170 124
144 1602 10.99604 0.05457 0.09243 1.70226 103 71 22 94 60
1387 3546 10.04185 2.50166 0.17483 1.45616 196 153 37 194 145
411 2447 10.06335 0.06021 0.26453 3.30120 48 33 11 48 19
753 3709 11.25904 0.14853 0.02278 1.82521 182 161 15 178 126
1404 3532 10.39739 2.80707 0.12222 0.84673 142 117 14 142 103
517 3542 11.31883 0.61962 0.14878 2.02004 91 61 24 87 54
571 1405 10.25897 2.72316 0.12218 1.06017 135 116 16 135 91
601 3536 11.22142 1.20458 0.52812 1.74294 107 90 11 107 71
1577 4535 10.53655 1.64212 0.31927 1.17170 182 155 16 173 110
87 4514 11.04485 0.03096 0.17314 0.54823 132 109 15 132 84
572 3504 11.61803 0.25437 0.20373 1.45347 99 77 13 91 57
3 4424 11.01551 1.04339 0.11671 2.08394 115 81 29 115 67
726 3688 10.31236 1.27173 0.99227 2.77911 62 38 22 60 30
511 3529 11.23064 0.20601 0.18623 1.58214 131 86 35 129 71
458 3446 11.07728 0.01475 0.16239 0.82709 108 80 12 106 73
2445 3370 11.72741 1.17748 1.09969 2.58179 118 92 24 118 54
579 1386 11.38173 2.84692 0.08306 1.65493 152 136 11 146 98
409 3438 10.33923 1.26823 0.46232 5.14438 61 41 15 59 28
