0.01288 0.02312
0.02041 0.02616
0.01155 0.02604
0.00998 0.02657
0.00929 0.02434
0.00997 0.03128
0.01040 0.02707
0.00957 0.01995
0.00996 0.02443
0.00972 0.02552
0.00847 0.02175
0.01499 0.02748
0.00990 0.03495
0.00930 0.02555
0.01042 0.02208
0.00935 0.02711
0.01058 0.02704
0.01062 0.02601
0.00891 0.03012
0.01560 0.02953
0.00968 0.02196
0.01077 0.02717
0.00885 0.03181
0.01038 0.02856
0.01135 0.03258
0.01104 0.02603
0.00975 0.03310
0.01163 0.02796
0.01032 0.03246
0.01047 0.03331
0.01171 0.03353
0.00962 0.02783
0.00894 0.02952
0.00916 0.02847
0.00953 0.02573
0.00960 0.02640
0.01019 0.02793
0.01203 0.03026
0.00919 0.02554
0.00991 0.03329
0.01161 0.02118
0.01094 0.02595
0.01016 0.02593
0.00958 0.02265
0.00987 0.01626
0.01081 0.02719
0.01015 0.02679
0.00823 0.01976
0.01128 0.02075
0.01098 0.03781
0.00946 0.02608
0.01266 0.02610
0.01205 0.02701
0.00927 0.02681
0.01367 0.02585
0.00943 0.02518
0.01532 0.02602
0.01060 0.02689
0.00939 0.02592
0.01329 0.03152
0.01056 0.02610
0.01031 0.02980
0.01276 0.02725
0.01321 0.02576
0.01001 0.02607
0.01507 0.02631
0.00970 0.03193
0.00941 0.02483
0.00937 0.02573
0.00969 0.02490
0.00978 0.03159
0.00985 0.02401
0.00858 0.02140
0.00973 0.02692
0.01222 0.03120
0.01442 0.02327
0.00918 0.02495
0.00939 0.02445
0.00978 0.02683
0.00838 0.02231
0.00914 0.02463
0.00960 0.02424
0.00935 0.02428
0.00972 0.02485
0.00914 0.02511
0.01300 0.02689
0.01052 0.03195
0.00997 0.02614
0.00961 0.02590
0.00863 0.02520
0.01232 0.02112
0.00992 0.03332
0.00963 0.02650
0.00995 0.02631
0.01070 0.03038
0.01023 0.02006
0.00942 0.02676
0.00883 0.02726
0.00948 0.03093
0.01025 0.02636
0.00823 0.02793
0.00978 0.02549
0.00879 0.02982
0.01038 0.02752
0.01017 0.02604
0.01054 0.03784
0.01010 0.03458
0.00891 0.02404
0.01290 0.02834
0.00960 0.03056
0.00929 0.02426
0.00885 0.02217
0.01083 0.03539
0.01086 0.03813
0.00927 0.02541
0.00972 0.02578
0.01007 0.03123
0.01464 0.02975
0.00928 0.02547
0.01031 0.02787
0.01017 0.02574
0.01439 0.02630
0.00972 0.02506
0.01009 0.02639
0.01102 0.03201
0.01003 0.02713
0.00900 0.02399
0.00982 0.02538
0.00924 0.02188
0.00944 0.03214
0.00827 0.02027
0.00915 0.02355
0.00944 0.03059
0.01121 0.02514
0.01142 0.02602
0.00886 0.03025
0.00990 0.02493
0.01523 0.02972
0.01010 0.02686
0.01288 0.02350
0.00973 0.02401
0.01028 0.02623
0.00955 0.02573
0.01428 0.02376
0.01022 0.02268
0.01053 0.02730
0.01027 0.02683
0.00999 0.02699
0.01072 0.03122
0.01347 0.03151
0.01007 0.02899
0.00956 0.02950
0.01014 0.03051
0.00926 0.03465
0.01244 0.02194
0.01368 0.02382
0.00955 0.02572
0.01009 0.02286
0.01017 0.03075
0.00907 0.02672
0.01008 0.02667
0.01156 0.02984
0.01227 0.02686
0.00938 0.02423
0.00992 0.03570
0.00907 0.01798
0.01034 0.02809
0.00940 0.02369
0.01063 0.03079
0.00915 0.02662
0.01001 0.02660
0.01007 0.03410
0.00972 0.03188
0.01031 0.03342
0.00924 0.02320
0.00992 0.02550
0.01388 0.02919
0.01014 0.02794
0.01016 0.03251
0.00948 0.02532
0.01344 0.02792
0.00906 0.02409
0.00866 0.02191
0.01000 0.02631
0.01370 0.02470
0.00932 0.02892
0.00978 0.02586
0.00970 0.03644
0.01030 0.02500
0.00995 0.02534
0.01259 0.02384
0.00929 0.02438
0.00947 0.01993
0.00894 0.02287
0.00998 0.02714
0.01016 0.02665
0.01380 0.02895
0.00804 0.02059
0.00814 0.02560
0.01039 0.03310
