2000 3419 11.77103 2.29658 0.75434 2.58816 109 74 15 107 61 282 100.00000 0
939 4195 10.75276 0.55559 0.40555 4.52610 68 16 32 64 23 319 100.00000 0
1981 4568 11.29674 0.04255 0.67044 2.38113 80 13 2 70 49 209 100.00000 0
1795 4404 10.92120 0.64557 0.35583 2.47338 84 32 0 77 40 331 100.00000 0
3424 4572 11.36026 1.65936 0.82012 2.13808 229 45 7 227 130 579 100.00000 0
941 4221 11.09795 0.03076 0.44452 1.94682 181 50 36 181 120 542 100.00000 0
3313 4624 11.54661 1.93089 0.70836 6.73167 40 10 3 40 16 92 100.00000 0
3398 4574 11.66679 2.98580 0.55282 0.34943 101 41 3 94 60 314 100.00000 0
1944 4535 10.67241 0.06258 1.71418 1.52624 76 0 0 70 53 371 100.00000 0
2013 3414 11.94384 2.91902 0.54203 2.37998 102 68 5 102 71 322 100.00000 0
1004 4265 11.18746 0.01602 0.12445 0.91600 86 62 19 82 54 428 100.00000 0
3411 4586 11.09934 2.30212 0.29600 3.08845 113 74 15 109 63 315 100.00000 0
3360 4601 10.07671 3.12944 0.38366 3.18752 93 51 22 87 57 295 100.00000 0
3316 4625 10.05877 1.99911 0.47357 6.50343 35 3 0 33 19 65 100.00000 0
2015 4579 11.80682 1.34021 0.59298 4.25303 150 84 10 146 82 323 100.00000 0
1003 4248 10.56080 0.02116 0.22503 0.90698 49 30 7 47 30 387 100.00000 0
1036 4277 11.74153 0.79050 0.15321 1.17270 147 97 5 145 99 528 100.00000 0
1025 4274 11.85598 0.18143 0.14510 1.25803 107 78 5 103 67 392 100.00000 0
3420 4569 11.16863 1.78615 0.70686 0.87223 134 16 9 134 94 440 100.00000 0
3369 4594 10.53298 3.11977 0.34101 3.75390 119 55 11 119 51 303 100.00000 0
993 4259 11.01126 0.01514 0.59261 0.87982 79 39 11 76 39 375 100.00000 0
2004 4562 10.60807 0.72206 0.72832 0.50745 77 15 1 75 57 286 100.00000 0
1834 4412 11.87768 0.00420 0.31089 0.17017 44 30 4 40 29 229 100.00000 0
1875 4467 10.31848 0.02322 0.68375 1.03703 69 15 0 66 56 386 100.00000 0
3313 4629 11.68643 1.86852 1.14566 6.60497 42 4 0 40 15 96 100.00000 0
1034 4260 10.88328 0.64929 0.22599 1.23543 46 31 7 44 26 227 100.00000 0
3335 4630 11.35303 2.62880 0.43406 2.47227 102 76 19 102 57 227 100.00000 0
926 4210 10.75146 0.07148 0.45206 2.26365 154 58 3 152 119 458 100.00000 0
1910 4502 11.95305 0.07152 1.20438 1.41913 57 0 0 57 43 311 100.00000 0
1813 4413 10.62826 0.04454 0.38086 1.71326 87 54 27 75 70 363 100.00000 0
980 4250 10.90960 0.01631 0.14165 0.72199 54 35 13 50 34 292 100.00000 0
909 4184 10.79670 1.93821 0.36489 2.83144 90 56 24 90 45 283 100.00000 0
1976 4547 11.30759 0.01199 1.16602 0.96995 91 0 0 88 69 290 100.00000 0
915 4178 11.78967 1.91361 0.11633 4.41242 101 86 8 99 48 264 100.00000 0
953 4211 10.15524 0.05537 0.43064 2.98845 175 43 99 173 117 569 100.00000 0
1840 4418 10.72135 0.02521 0.18437 1.44915 74 58 7 69 53 279 100.00000 0
3341 4612 10.69718 3.02119 0.16691 2.53713 160 118 20 160 105 344 100.00000 0
2006 3408 10.52550 2.96467 0.62170 2.43349 144 111 14 142 74 347 100.00000 0
923 4179 11.02409 1.52544 0.38279 4.00076 117 78 29 115 76 260 100.00000 0
928 4183 10.43089 1.23718 0.18948 3.48448 147 41 43 145 67 335 100.00000 0
1924 4499 11.64191 0.07469 1.99109 1.18927 25 0 0 25 12 251 100.00000 0
3403 4589 10.95719 2.79297 0.30587 3.06784 144 57 12 138 65 374 100.00000 0
2012 3405 11.38195 2.42277 0.33283 2.03028 167 149 8 167 88 479 100.00000 0
990 4240 11.05713 0.01777 0.29442 1.04978 46 30 9 46 23 324 100.00000 0
914 4181 10.27047 1.83737 0.37994 3.37394 153 100 30 153 67 421 100.00000 0
909 4198 11.32270 1.16772 0.41524 2.47639 81 43 29 81 48 250 100.00000 0
1773 4395 10.52059 1.63534 0.55675 3.32590 54 29 1 52 32 188 100.00000 0
909 4185 10.34135 1.88849 0.38909 3.07511 79 39 18 71 48 251 100.00000 0
904 4191 11.88056 1.79913 0.17929 2.58952 49 30 14 47 34 183 100.00000 0
945 4202 10.75995 0.16724 0.72882 3.27931 135 33 75 131 64 416 100.00000 0
993 4242 11.04556 0.01593 0.09454 1.00561 44 29 8 42 26 317 100.00000 0
3375 4605 10.08040 3.11669 0.75283 2.57070 58 16 12 52 22 261 100.00000 0
1917 4492 11.66333 0.08720 1.25252 0.35388 52 0 0 49 44 230 100.00000 0
1920 4496 10.29123 0.07388 1.37939 1.04005 48 0 0 43 20 326 100.00000 0
2020 4573 11.91393 1.54531 0.74850 4.85115 44 12 4 42 19 136 100.00000 0
1034 4276 10.97397 0.66361 0.16000 1.41167 124 76 10 124 82 481 100.00000 0
1999 3415 11.39773 2.44775 0.80684 2.59646 104 73 15 102 48 246 100.00000 0
1775 4398 11.22049 1.59651 0.61030 3.97188 97 38 1 93 51 263 100.00000 0
1995 4576 11.99923 0.21194 0.85444 3.01350 93 25 3 86 62 246 100.00000 0
3326 4631 10.67376 2.23366 0.66290 3.55082 63 47 4 56 39 174 100.00000 0
1003 4265 11.85233 0.01634 0.14044 0.92704 85 70 13 83 62 398 100.00000 0
956 4213 10.99299 0.04848 0.39366 2.45000 103 28 21 101 61 318 100.00000 0
2011 3406 10.85734 2.54035 0.31926 2.06317 150 129 3 145 62 390 100.00000 0
1787 4387 11.94287 1.16181 0.37264 1.87930 114 52 3 110 77 349 100.00000 0
1846 4423 11.27993 0.01279 0.52223 0.74546 123 54 9 120 105 420 100.00000 0
1971 4543 11.59748 0.02409 1.42013 1.21176 49 0 0 44 31 294 100.00000 0
3387 4597 10.54897 3.09658 0.33476 2.75534 127 39 4 125 78 319 100.00000 0
1799 4406 11.22994 0.40873 0.15365 1.56823 61 34 0 59 34 229 100.00000 0
1934 4525 10.74210 0.08102 1.71574 1.17437 114 0 0 114 93 453 100.00000 0
1879 4455 11.93614 0.01705 1.06341 1.11978 63 3 0 61 47 294 100.00000 0
1776 4397 10.39107 1.58363 0.26648 3.21114 139 85 5 134 78 350 100.00000 0
1775 4391 10.73241 1.61475 0.37616 2.45336 59 24 10 59 35 213 100.00000 0
1921 4512 10.95557 0.07440 1.63715 1.15250 59 0 0 59 43 250 100.00000 0
1016 4254 10.51339 0.01777 0.14959 0.83181 77 62 10 77 52 405 100.00000 0
3337 4614 10.61003 2.89118 0.13658 2.16465 103 82 11 94 74 278 100.00000 0
948 4226 11.02207 0.02363 0.12140 1.28115 165 121 33 160 123 444 100.00000 0
931 4185 10.91660 1.12040 0.07896 3.43194 109 8 28 107 42 329 100.00000 0
925 4209 10.48984 0.09126 0.50150 1.82070 154 53 19 143 88 464 100.00000 0
1024 4257 10.44843 0.13301 0.23303 1.67631 105 87 6 101 71 384 100.00000 0
1048 4275 11.27001 1.44258 0.26259 0.95244 118 90 14 112 71 415 100.00000 0
3335 4629 10.09324 2.64073 0.18069 2.59495 112 86 17 112 77 259 100.00000 0
1996 4559 10.09778 0.26574 0.78067 1.33998 113 16 3 103 61 296 100.00000 0
3320 4631 11.24219 2.03471 0.86120 4.39133 56 10 6 54 31 130 100.00000 0
1847 4441 11.55264 0.03036 0.49572 1.81316 96 67 0 94 46 435 100.00000 0
1855 4432 10.69944 0.01525 0.63414 0.54249 119 35 5 116 71 448 100.00000 0
932 4187 10.41657 1.02100 0.18309 3.92406 120 14 9 118 73 302 100.00000 0
935 4217 11.30734 0.02482 0.62058 1.80407 110 23 8 108 84 429 100.00000 0
1988 4554 11.73670 0.04640 0.80758 2.00135 73 4 0 67 58 263 100.00000 0
1966 4539 11.40828 0.03065 1.58155 1.13677 70 0 0 62 50 336 100.00000 0
3313 4625 11.22320 1.91811 0.50284 6.37923 44 7 1 40 21 103 100.00000 0
3337 4613 11.86500 2.89679 0.19056 2.27692 141 95 15 141 97 332 100.00000 0
1973 4545 11.03296 0.01471 1.03121 0.57130 51 1 2 39 32 242 100.00000 0
1930 4505 11.57754 0.07154 1.74232 0.66146 21 0 0 19 17 203 100.00000 0
927 4211 11.01240 0.05930 0.62073 2.62122 165 25 12 163 112 505 100.00000 0
918 4205 11.43448 0.41236 0.14758 2.54806 106 50 43 99 73 336 100.00000 0
913 4180 11.16035 1.93124 0.58299 3.34890 136 80 41 136 50 397 100.00000 0
3350 4607 10.75398 3.13012 0.30656 3.04979 90 68 7 88 67 220 100.00000 0
1837 4431 10.31661 0.01613 0.17114 0.87492 165 155 7 165 146 459 100.00000 0
1007 4249 11.88875 0.02524 0.15084 1.07411 70 55 10 68 59 315 100.00000 0
1972 4562 11.86741 0.00792 0.84895 0.44235 57 6 0 55 30 314 100.00000 0
2018 4574 10.62174 1.46662 0.76677 4.32988 66 19 2 62 36 252 100.00000 0
2013 4578 10.18013 1.25027 0.58553 3.38969 131 60 3 129 91 338 100.00000 0
2007 3416 10.76830 2.89315 0.56752 2.28328 127 98 5 124 78 321 100.00000 0
3350 4623 11.07258 3.00671 0.34424 2.66242 59 35 8 59 28 161 100.00000 0
1975 4563 10.21330 0.00829 0.84560 0.47230 66 0 2 64 46 256 100.00000 0
2006 3405 11.65777 2.78985 0.49043 1.78860 159 112 11 157 78 371 100.00000 0
3408 4570 10.87426 2.47119 0.50006 0.49575 107 65 6 107 78 338 100.00000 0
1932 4508 10.13007 0.06367 1.95645 0.51586 36 0 0 29 30 286 100.00000 0
3320 4620 11.54667 2.16904 1.02178 4.62364 44 9 3 42 27 115 100.00000 0
944 4200 11.37483 0.26690 0.69313 3.60424 95 7 40 93 58 335 100.00000 0
1828 4408 10.70368 0.02528 0.16936 1.44807 115 93 14 115 86 364 100.00000 0
1880 4457 10.42538 0.01939 0.94232 1.25554 86 3 0 82 60 359 100.00000 0
3331 4631 11.33074 2.44948 0.36176 2.14958 68 63 2 66 45 181 100.00000 0
2019 4574 11.28046 1.50488 0.59473 4.65741 45 22 4 45 18 178 100.00000 0
2014 4578 10.50472 1.29741 0.64726 3.81629 120 33 5 118 68 328 100.00000 0
3315 4624 10.75753 1.98481 0.94959 5.60577 49 11 1 45 25 130 100.00000 0
1846 4439 10.12485 0.02364 0.30694 1.41831 132 115 6 132 106 423 100.00000 0
1805 4392 11.92984 0.21849 0.19917 0.66676 107 88 12 107 84 285 100.00000 0
1972 4561 10.60044 0.00623 0.76473 0.32984 92 11 3 92 54 324 100.00000 0
967 4240 10.72533 0.01756 0.14674 0.90049 104 77 19 104 69 358 100.00000 0
3342 4611 11.31307 3.04279 0.18096 2.68307 106 52 13 106 62 294 100.00000 0
913 4202 11.93999 0.76753 0.54655 2.78895 68 32 23 66 31 278 100.00000 0
938 4193 11.22523 0.67019 0.48364 4.09596 85 23 27 85 33 288 100.00000 0
2017 4571 10.04170 1.43489 0.84399 3.89913 135 26 1 131 104 323 100.00000 0
3397 4591 10.03727 3.06997 0.38441 4.64705 150 12 0 150 80 373 100.00000 0
3418 4569 10.56296 1.87584 0.61389 1.20464 194 73 14 192 154 474 100.00000 0
1831 4410 11.25117 0.00843 0.27207 0.53887 66 54 6 66 47 294 100.00000 0
994 4259 10.21233 0.01528 0.34344 0.88735 65 42 17 65 40 377 100.00000 0
3324 4620 10.04451 2.28863 0.59404 3.39177 78 56 9 71 30 172 100.00000 0
1045 4277 11.81589 1.32315 0.14349 1.17069 104 89 9 100 74 365 100.00000 0
3399 4574 11.01889 2.94948 0.47798 0.53449 69 24 4 67 46 282 100.00000 0
1859 4452 10.91428 0.01579 0.35850 0.99229 67 46 1 67 48 404 100.00000 0
3374 4607 11.67237 3.12439 0.45532 1.97120 69 35 11 69 46 269 100.00000 0
3352 4622 11.27447 3.01766 0.31675 2.69472 62 46 6 58 39 172 100.00000 0
2003 4561 11.35958 0.65753 0.82281 0.42244 73 3 1 71 45 223 100.00000 0
910 4181 11.75361 2.03191 0.38363 2.70776 126 92 19 122 71 389 100.00000 0
1048 4265 11.98599 1.42818 0.14131 1.21144 81 52 7 81 64 274 100.00000 0
972 4226 11.61386 0.03017 0.43930 1.69443 121 51 13 121 90 364 100.00000 0
3330 4631 11.14495 2.40421 0.50870 2.21435 78 55 7 76 58 198 100.00000 0
905 4192 11.45899 1.70048 0.26647 2.62763 67 41 15 67 40 238 100.00000 0
3408 4587 10.94561 2.48365 0.36503 3.30476 168 112 15 163 101 376 100.00000 0
1884 4476 10.86859 0.03449 0.87034 0.76617 90 5 0 83 68 379 100.00000 0
2002 3408 11.74755 3.06085 0.72717 2.64545 86 69 11 79 42 262 100.00000 0
1038 4262 10.10514 0.90286 0.20060 1.34465 71 52 13 66 35 295 100.00000 0
2009 3409 10.07049 2.84227 0.38663 2.54037 148 122 8 145 73 402 100.00000 0
971 4244 11.93306 0.02119 0.12092 0.87893 92 52 36 87 67 290 100.00000 0
1050 4273 11.32841 1.49845 0.23071 0.44146 98 72 22 96 75 425 100.00000 0
996 4261 11.33696 0.01223 0.19666 0.71873 59 44 8 59 42 388 100.00000 0
1821 4418 10.12617 0.03128 0.29573 1.76481 97 76 6 89 66 338 100.00000 0
1808 4394 11.40235 0.15463 0.17417 0.83883 51 32 7 39 32 238 100.00000 0
908 4184 11.30926 1.98541 0.38030 2.97045 98 39 42 90 44 278 100.00000 0
1025 4257 10.93063 0.17115 0.31401 1.80103 127 94 12 121 79 417 100.00000 0
1865 4442 10.81550 0.01758 0.94351 0.77481 121 13 0 121 98 432 100.00000 0
1856 4433 10.68525 0.01605 0.73830 0.46981 91 18 0 89 69 385 100.00000 0
3358 4601 11.83048 3.12923 0.18398 3.12875 98 60 11 92 64 280 100.00000 0
1988 4572 11.24726 0.06362 0.71996 3.37475 133 34 3 131 77 298 100.00000 0
962 4236 10.44283 0.01649 0.11309 1.00015 131 96 28 124 81 415 100.00000 0
972 4244 10.96688 0.02179 0.18981 0.98318 100 56 29 100 70 341 100.00000 0
1864 4457 11.20748 0.01387 0.54055 0.99976 36 20 3 32 25 309 100.00000 0
1876 4468 10.39770 0.02699 0.80245 1.19025 63 6 1 54 40 340 100.00000 0
910 4199 11.41509 1.06317 0.48036 2.48033 64 17 26 60 38 254 100.00000 0
1798 4406 11.85898 0.46166 0.29552 2.19660 76 38 2 74 50 302 100.00000 0
1787 4388 10.85736 1.16898 0.33151 1.69003 146 95 15 146 105 437 100.00000 0
1038 4261 11.36001 0.90229 0.15794 1.10641 55 38 14 55 33 265 100.00000 0
1987 4554 11.06692 0.03716 0.83714 1.93937 72 1 2 62 50 240 100.00000 0
2012 4566 10.21233 1.21747 0.74511 1.52110 228 36 21 226 186 502 100.00000 0
3418 4568 11.61788 1.87514 0.76518 1.46286 159 49 16 153 78 427 100.00000 0
1902 4478 10.28896 0.01911 1.24855 0.64528 87 1 0 85 74 391 100.00000 0
1871 4463 10.08523 0.01647 0.66018 0.92662 83 17 4 77 62 326 100.00000 0
988 4239 10.56721 0.01697 0.24618 1.02450 59 29 11 56 37 345 100.00000 0
2008 3409 10.09309 2.90685 0.39933 2.56002 173 148 12 169 76 408 100.00000 0
991 4241 10.65182 0.01536 0.68497 0.99936 59 4 0 57 44 336 100.00000 0
1792 4388 11.09643 0.87569 0.37436 1.42437 123 86 11 119 87 374 100.00000 0
907 4197 11.84313 1.31813 0.22337 2.51045 92 45 37 88 52 241 100.00000 0
2018 4577 11.79739 1.46103 0.80467 4.85745 95 59 5 93 41 224 100.00000 0
1845 4423 10.03944 0.01190 0.48366 0.68756 109 61 7 105 94 375 100.00000 0
1833 4428 10.89598 0.00736 0.39110 0.36262 153 103 3 148 135 438 100.00000 0
915 4203 11.55690 0.62720 0.24203 2.90825 103 49 32 99 56 385 100.00000 0
1861 4438 10.71111 0.01766 0.91014 0.51129 75 19 0 68 45 377 100.00000 0
1915 4491 10.29585 0.08084 1.46876 0.80406 56 0 0 47 38 302 100.00000 0
1800 4406 10.64921 0.35751 0.19180 1.83760 77 39 1 70 56 330 100.00000 0
3359 4617 10.55261 3.08446 0.37167 2.36811 70 26 10 66 39 213 100.00000 0
3419 4582 10.61624 1.85010 0.49058 3.86067 86 32 19 84 26 348 100.00000 0
1032 4276 11.68811 0.54189 0.05145 1.50558 143 95 7 139 95 504 100.00000 0
1818 4400 11.67105 0.03280 0.05923 1.69996 132 111 12 121 92 384 100.00000 0
951 4209 10.20779 0.05337 0.50635 2.90394 129 22 68 125 82 432 100.00000 0
1050 4268 11.40344 1.48604 0.27875 0.98198 157 105 22 152 88 500 100.00000 0
3336 4614 11.18141 2.85533 0.09999 2.23668 98 71 15 91 64 273 100.00000 0
1964 4555 11.83696 0.02242 1.53754 1.25367 88 0 0 82 59 243 100.00000 0
989 4240 10.18471 0.01666 0.31697 0.98278 46 20 9 46 25 339 100.00000 0
933 4186 11.61900 1.06941 0.09900 3.85387 147 8 4 140 72 388 100.00000 0
3318 4631 11.65608 1.98073 0.60402 5.28728 22 1 0 16 11 60 100.00000 0
2015 4566 11.82640 1.35950 0.86325 2.84496 141 15 5 137 71 410 100.00000 0
