472 9812 11.33911 0.01522 1.00171 1.27226 13 2 1 9 5 94 100.00000 0
9417 9580 11.73887 0.01360 0.50607 1.05721 22 15 2 18 15 225 100.00000 0
7398 7886 10.66289 0.01038 0.51933 0.57061 6 4 0 2 4 30 100.00000 0
5276 5640 10.24678 0.00458 0.66793 1.07775 14 6 0 8 9 154 100.00000 0
9036 9578 10.73478 0.01693 0.46916 1.35624 28 12 2 23 16 260 100.00000 0
4395 4781 10.26359 0.00659 0.64098 0.38765 25 9 7 22 19 328 100.00000 0
5210 5643 11.75281 0.00514 0.34689 0.95940 19 4 5 6 5 129 100.00000 0
1597 6457 11.11532 0.01370 0.25630 0.79081 22 13 5 18 14 443 100.00000 0
5119 5536 11.25046 0.00640 0.33607 0.39565 14 9 3 14 9 83 100.00000 0
6430 6480 11.62721 0.00437 0.77740 0.30901 20 8 2 10 9 326 100.00000 0
868 5237 10.00870 0.01253 0.23538 1.12987 25 15 3 21 18 186 100.00000 0
457 631 10.50817 0.00403 0.57970 1.22844 8 2 0 3 3 72 100.00000 0
877 5629 10.28897 0.01583 0.76979 0.65432 17 2 1 15 11 162 100.00000 0
456 795 11.00853 0.00572 0.55747 0.36797 25 10 8 20 14 149 100.00000 0
4824 9539 10.24559 0.00723 0.47752 0.44762 28 15 8 26 15 198 100.00000 0
455 689 11.76960 0.00598 0.76193 0.34035 16 4 2 16 12 109 100.00000 0
118 4332 10.74991 0.01447 0.61712 1.06422 24 11 1 21 15 295 100.00000 0
1701 6448 11.84707 0.00772 0.55984 1.04305 32 12 3 23 27 256 100.00000 0
3702 8310 10.08429 0.11314 0.16936 0.95162 18 11 3 13 10 138 100.00000 0
456 522 11.00952 0.00481 0.35905 0.54104 20 9 6 15 12 99 100.00000 0
9001 9184 10.99228 0.01013 0.44169 0.77380 24 13 4 18 12 246 100.00000 0
5050 9762 11.54718 0.04783 0.80289 1.97159 21 5 3 9 9 257 100.00000 0
4276 8892 11.50177 0.00639 0.38825 0.67493 26 8 4 10 10 367 100.00000 0
2299 7020 10.98244 0.07089 0.35457 0.76923 30 18 2 28 18 210 100.00000 0
9054 9579 10.99214 0.01385 0.29696 0.81181 18 9 4 18 8 180 100.00000 0
3527 7334 10.33072 0.01258 0.19179 0.70554 7 2 3 5 2 51 100.00000 0
1611 6472 11.35945 0.01497 0.44629 0.85912 29 16 5 27 18 420 100.00000 0
3631 8111 11.39162 0.53306 1.60835 2.43011 6 0 0 4 1 30 100.00000 0
2188 6959 11.35103 0.16039 1.24761 3.26794 16 3 0 16 7 275 100.00000 0
692 5111 11.28863 0.00535 0.75013 1.03022 13 1 1 8 6 117 100.00000 0
5119 5383 11.25048 0.00606 0.66683 0.39762 16 4 11 16 4 152 100.00000 0
590 9826 10.52250 0.01159 0.88216 0.63118 16 0 0 14 8 112 100.00000 0
4824 9365 10.00452 0.00552 0.53316 1.08065 45 22 9 38 27 264 100.00000 0
9425 9580 11.73887 0.01360 0.68066 3.09756 23 10 2 15 13 220 100.00000 0
10334 10431 10.53211 0.02975 0.58083 0.11535 23 9 0 20 15 182 100.00000 0
7398 7786 10.66289 0.01038 0.72390 1.06312 9 3 2 2 4 46 100.00000 0
4997 9716 10.29714 0.01291 0.61402 0.54680 19 6 4 13 9 269 100.00000 0
2006 6780 11.09054 0.01489 0.25979 0.48376 29 23 3 26 20 576 100.00000 0
870 5660 10.75634 0.02053 0.84904 1.75658 11 2 1 2 4 145 100.00000 0
9484 9579 10.99214 0.01385 0.25859 0.89351 33 23 2 29 21 230 100.00000 0
3629 7480 10.13326 0.47270 0.67621 2.26399 6 0 0 4 3 39 100.00000 0
5138 5638 11.48454 0.01111 0.57488 2.05328 11 4 2 6 3 124 100.00000 0
5118 5568 11.74907 0.00718 0.60294 0.93879 7 2 1 4 3 80 100.00000 0
190 9353 10.75013 0.00781 0.33328 2.14539 33 11 4 33 21 237 100.00000 0
189 9344 11.74867 0.00898 0.57085 0.93125 23 8 4 17 11 214 100.00000 0
3629 7460 10.13326 0.47270 1.47454 2.34335 5 0 0 2 3 26 100.00000 0
5302 5641 10.74659 0.00486 0.18463 0.37430 14 11 1 14 11 165 100.00000 0
869 5393 10.50818 0.01323 0.20595 0.77025 19 12 2 14 9 190 100.00000 0
9015 9571 10.95918 0.02728 0.41245 2.25481 23 10 3 18 14 149 100.00000 0
8132 8247 11.40301 0.43728 0.53510 1.54358 12 2 3 10 5 53 100.00000 0
1421 6210 10.21098 0.01242 0.37618 0.54465 38 25 4 32 22 403 100.00000 0
602 859 10.74014 0.00919 0.97173 4.09567 10 5 0 8 6 112 100.00000 0
2262 7020 11.32004 0.13175 0.52704 0.95121 29 15 3 21 16 210 100.00000 0
869 5500 10.50820 0.01351 0.12035 0.64407 18 14 1 15 11 180 100.00000 0
1629 6375 10.56713 0.00526 0.64773 0.53522 23 7 5 15 7 432 100.00000 0
9000 9169 11.74228 0.01094 0.36707 1.10853 16 6 0 9 5 99 100.00000 0
5274 9830 10.42122 0.01208 1.00278 0.92493 8 1 0 8 3 72 100.00000 0
4393 4617 10.26022 0.00778 0.63226 1.15080 26 4 5 24 14 354 100.00000 0
4824 9471 10.00452 0.00552 0.75794 1.66624 48 20 6 38 27 299 100.00000 0
465 5478 11.73588 0.00933 0.39255 0.54321 12 4 3 8 5 96 100.00000 0
3687 8318 11.67846 0.12774 0.82678 0.66205 17 2 7 13 10 112 100.00000 0
8006 8248 11.85529 0.46580 1.34420 1.29573 7 2 3 7 2 38 100.00000 0
9519 9578 10.74205 0.01270 0.66957 0.74494 27 6 1 23 13 258 100.00000 0
2309 7058 11.36218 0.18745 0.30524 0.89351 21 9 2 19 13 129 100.00000 0
4255 8858 11.76245 0.00384 0.25179 0.86818 16 8 3 16 7 228 100.00000 0
9002 9225 10.25126 0.01010 0.49276 0.70886 44 21 3 37 25 277 100.00000 0
5659 9844 10.21681 0.01177 1.39710 2.23493 8 1 1 5 3 74 100.00000 0
1310 6113 10.55476 0.00778 0.59398 0.43611 13 4 4 11 7 140 100.00000 0
4852 9526 11.24935 0.01377 1.87953 1.36315 17 0 0 14 5 189 100.00000 0
5645 9827 10.76793 0.01590 1.02070 1.06238 22 2 0 12 12 151 100.00000 0
3600 8025 10.66031 0.00542 0.56330 0.80015 26 6 4 14 15 91 100.00000 0
9002 9530 10.25126 0.01010 0.50338 0.59479 38 19 2 32 24 231 100.00000 0
7864 8246 10.95663 0.41146 0.51197 1.72692 12 2 1 5 5 52 100.00000 0
9407 9580 11.73887 0.01360 0.78918 2.89692 23 11 0 19 14 220 100.00000 0
5260 9818 11.53701 0.01207 0.48812 2.05862 19 7 0 15 5 91 100.00000 0
3720 8345 10.30047 0.00770 0.26546 0.23407 12 5 3 3 5 128 100.00000 0
7395 7789 11.91205 0.01091 1.44604 1.81682 3 0 0 3 2 24 100.00000 0
467 5341 10.98905 0.00820 0.55434 0.46055 17 6 6 17 6 116 100.00000 0
4821 9058 11.75490 0.00687 1.33870 3.10186 16 4 4 14 6 159 100.00000 0
1800 6574 10.36030 nan 0.34193 0.54249 46 35 4 44 33 402 100.00000 0
8002 8245 10.40541 0.38381 0.78323 1.90557 8 0 0 5 3 67 100.00000 0
1696 6421 11.16946 0.00871 0.94917 2.19891 23 0 0 19 13 317 100.00000 0
9214 9578 10.74205 0.01270 0.77916 1.66789 29 5 1 19 9 279 100.00000 0
7 126 11.52326 0.02952 1.18729 4.83902 25 4 0 5 11 343 100.00000 0
9000 9197 11.74228 0.01094 0.40009 0.62745 26 14 3 24 16 189 100.00000 0
5486 5641 10.74660 0.00471 0.53204 1.04193 11 4 0 6 6 126 100.00000 0
4850 9029 10.49222 0.01688 0.89193 1.92539 31 10 0 27 12 285 100.00000 0
465 5499 11.73588 0.00933 0.37342 0.94585 11 5 1 9 6 110 100.00000 0
7938 8248 11.85529 0.46580 0.95734 1.29664 10 2 6 8 5 48 100.00000 0
9168 9579 10.99214 0.01385 0.52302 1.39690 19 10 0 8 11 244 100.00000 0
