0.09904 0.06859
0.08080 0.10147
0.08841 0.07929
0.09853 0.09646
0.06386 0.06022
0.08074 0.08678
0.05526 0.05618
0.06231 0.08067
0.08884 0.07502
0.06140 0.07766
0.08133 0.07314
0.05734 0.06933
0.04483 0.05056
0.05809 0.05377
0.06418 0.08110
0.08235 0.07219
0.07225 0.09705
0.07012 0.08685
0.05828 0.06654
0.05013 0.05905
0.07799 0.07212
0.07818 0.07089
0.09203 0.08032
0.09609 0.07997
0.06848 0.06583
0.05487 0.06499
0.07361 0.07822
0.06990 0.05702
0.07751 0.09362
0.06180 0.05411
0.10159 0.09319
0.08434 0.07552
0.06871 0.08820
0.11558 0.08600
0.06865 0.09257
0.08768 0.09491
0.09194 0.08197
0.04698 0.04877
0.06165 0.07532
0.06934 0.09119
0.06914 0.09183
0.06235 0.05325
0.06013 0.07047
0.06466 0.08044
0.09039 0.07404
0.06653 0.09350
0.07066 0.09175
0.07144 0.08429
0.06550 0.09154
0.08517 0.08914
0.08215 0.07165
0.08318 0.09399
0.08697 0.07523
0.04634 0.05505
0.06900 0.05308
0.06224 0.05209
0.09041 0.07392
0.08178 0.07426
0.07175 0.09502
0.05960 0.06727
0.08103 0.08963
0.06188 0.07216
0.05573 0.06505
0.07184 0.07307
0.08213 0.09273
0.06398 0.07901
0.07782 0.09186
0.09525 0.08270
0.10401 0.08107
0.06538 0.06744
0.10191 0.09433
0.08327 0.06563
0.07360 0.06846
0.08103 0.08893
0.07101 0.08687
0.06283 0.05421
0.07503 0.06981
0.04993 0.05345
0.08068 0.08819
0.07022 0.09014
0.08516 0.09208
0.07224 0.07173
0.07147 0.08614
0.05294 0.05812
0.10793 0.08368
0.05448 0.06403
0.09456 0.08472
0.08845 0.08292
0.07143 0.09162
0.09251 0.09222
0.09816 0.08434
0.10214 0.07853
0.05333 0.05698
0.04927 0.05350
0.10911 0.08006
0.06508 0.05439
0.08422 0.09438
0.07483 0.09299
0.06881 0.09179
0.04472 0.04947
0.09434 0.08149
0.11581 0.08147
0.07986 0.07328
0.10634 0.08558
0.06240 0.08029
0.06327 0.07959
0.05997 0.07342
0.04918 0.05221
0.10200 0.08735
0.06321 0.08013
0.06028 0.07234
0.06461 0.05563
0.05220 0.05657
0.08034 0.09973
0.09819 0.09089
0.07151 0.06953
0.05400 0.05936
0.06288 0.07918
0.06198 0.07895
0.05065 0.05428
0.11748 0.08516
0.07906 0.08845
0.10371 0.08521
0.08253 0.08105
0.04503 0.04757
0.07386 0.09515
0.07264 0.08939
0.06158 0.07654
0.06182 0.07218
0.05797 0.06951
0.09861 0.08234
0.07804 0.07322
0.08485 0.07476
0.05088 0.05485
0.07397 0.09550
0.06308 0.08195
0.08114 0.07907
0.06680 0.05429
0.04942 0.05145
0.08055 0.07954
0.06874 0.09156
0.06789 0.08567
0.07908 0.08496
0.05404 0.06006
0.06723 0.09182
0.05743 0.07151
0.06302 0.05948
0.06146 0.07364
0.06898 0.08616
0.07781 0.07947
0.08967 0.08168
0.07317 0.09130
0.10448 0.08418
0.08286 0.07372
0.09614 0.08100
0.08448 0.09288
0.06763 0.08800
0.07123 0.07315
0.08142 0.08249
0.09448 0.08487
0.04644 0.05013
0.07483 0.07731
0.08279 0.08341
0.09120 0.07876
0.07518 0.07393
0.06596 0.06459
0.08790 0.09267
0.09298 0.09374
0.07752 0.09538
0.08524 0.07321
0.07534 0.08229
0.10094 0.08375
0.07624 0.08080
0.05968 0.06748
0.06000 0.05871
0.07118 0.06753
0.08565 0.07618
0.06108 0.07806
0.08607 0.07683
0.07711 0.09629
0.07664 0.09547
0.06532 0.08543
0.09676 0.08229
0.08868 0.07730
0.07465 0.09412
0.08465 0.08040
0.08284 0.05442
0.09410 0.09455
0.04790 0.05108
0.05813 0.06908
0.07048 0.08898
0.09919 0.09111
0.08539 0.09155
0.08132 0.08952
0.04920 0.05175
0.12047 0.08727
0.08136 0.07093
0.07255 0.09221
0.05430 0.06217
0.06442 0.07911
