2000 3419 11.77103 2.29658 0.60856 2.65461 26 13 1 18 14
939 4195 10.75276 0.55559 1.65431 4.53872 19 5 5 15 5
1981 4568 11.29674 0.04255 0.78354 2.37768 46 26 7 38 24
1795 4404 10.92120 0.64557 0.53531 1.99880 14 12 0 12 6
3424 4572 11.36026 1.65936 0.82600 2.16374 64 24 7 64 32
941 4221 11.09795 0.03076 0.36783 2.00467 80 28 30 72 57
3313 4624 11.54661 1.93089 19.52787 59.09271 4 0 0 0 1
3398 4574 11.66679 2.98580 0.63235 0.52414 35 25 1 27 18
1944 4535 10.67241 0.06258 1.84848 1.55015 68 1 0 61 35
2013 3414 11.94384 2.91902 0.82224 2.48664 41 27 1 33 22
1004 4265 11.18746 0.01602 0.26383 0.91257 51 45 6 51 33
3411 4586 11.09934 2.30212 0.39989 3.11420 13 9 4 13 4
3360 4601 10.07671 3.12944 0.56687 3.15840 14 7 2 2 4
3316 4625 10.05877 1.99911 2.12058 13.85797 3 0 0 3 2
2015 4579 11.80682 1.34021 0.42944 4.28295 18 13 3 13 9
1003 4248 10.56080 0.02116 0.20881 0.90784 22 13 8 19 8
1036 4277 11.74153 0.79050 0.28401 1.08354 51 29 5 42 22
1025 4274 11.85598 0.18143 0.18721 1.39409 56 40 7 47 30
3420 4569 11.16863 1.78615 0.60177 0.87626 50 34 4 45 28
3369 4594 10.53298 3.11977 0.88719 3.78196 12 12 0 7 5
1011 4252 10.43428 0.02551 0.30613 1.07666 39 32 4 27 18
993 4259 11.01126 0.01514 0.21768 0.88735 49 32 16 40 16
2004 4562 10.60807 0.72206 0.93531 0.73382 29 11 2 23 11
1834 4412 11.87768 0.00420 19.30764 0.25334 8 0 0 3 3
1875 4467 10.31848 0.02322 0.56511 0.85455 46 21 4 36 23
3313 4629 11.68643 1.86852 0.62382 7.39664 6 0 0 6 3
1034 4260 10.88328 0.64929 0.30924 1.23226 71 65 5 66 42
3335 4630 11.35303 2.62880 1.60311 2.51342 14 7 4 12 4
926 4210 10.75146 0.07148 0.60758 2.13038 39 6 12 36 19
1910 4502 11.95305 0.07152 9.79219 3.95151 18 0 0 18 7
1813 4413 10.62826 0.04454 0.81634 1.81575 9 3 2 4 4
980 4250 10.90960 0.01631 0.18475 0.71819 61 54 6 58 39
909 4184 10.79670 1.93821 0.51590 2.91605 18 11 0 11 6
1976 4547 11.30759 0.01199 0.99354 0.62307 30 7 3 23 13
915 4178 11.78967 1.91361 0.29943 4.51180 31 28 3 28 14
953 4211 10.15524 0.05537 0.73013 3.00960 36 17 18 29 18
1840 4418 10.72135 0.02521 0.26796 1.44915 27 22 2 22 6
3341 4612 10.69718 3.02119 0.26871 2.46799 28 21 3 18 10
2006 3408 10.52550 2.96467 0.44507 2.42689 21 17 2 16 11
923 4179 11.02409 1.52544 0.74822 4.17945 21 9 7 18 12
928 4183 10.43089 1.23718 0.40735 3.38113 49 17 20 41 26
1924 4499 11.64191 0.07469 1.54841 0.98675 34 0 0 22 16
3403 4589 10.95719 2.79297 0.84191 3.22452 16 12 0 13 6
2012 3405 11.38195 2.42277 0.71478 2.14028 23 20 1 14 9
990 4240 11.05713 0.01777 0.27092 1.07702 25 21 3 22 9
914 4181 10.27047 1.83737 0.98352 3.39038 22 8 2 20 10
909 4198 11.32270 1.16772 0.36255 2.46910 24 18 6 24 16
1773 4395 10.52059 1.63534 0.37161 3.17743 10 4 2 3 2
909 4185 10.34135 1.88849 0.62936 3.92835 21 11 2 16 10
904 4191 11.88056 1.79913 0.67046 2.67152 12 5 2 7 8
1003 4247 11.85033 0.01925 0.46402 0.85042 16 3 11 13 6
945 4202 10.75995 0.16724 0.45396 3.28002 36 17 17 23 12
993 4242 11.04556 0.01593 1.29226 0.94709 19 9 0 14 7
3375 4605 10.08040 3.11669 1.62370 2.53003 9 1 0 9 4
1917 4492 11.66333 0.08720 1.63215 0.28255 9 2 0 7 4
1920 4496 10.29123 0.07388 1.45846 1.06680 39 2 0 30 14
1953 4527 11.82973 0.05470 2.22578 0.27124 29 0 0 24 13
2020 4573 11.91393 1.54531 1.29674 5.52081 12 4 0 7 7
1034 4276 10.97397 0.66361 0.22438 1.36286 96 63 17 90 42
1999 3415 11.39773 2.44775 1.12386 2.59646 38 33 1 31 13
1775 4398 11.22049 1.59651 3.70097 91.47283 5 0 0 1 1
1995 4576 11.99923 0.21194 0.69191 2.94676 31 19 3 23 16
3326 4631 10.67376 2.23366 17.97711 127.97876 3 0 0 3 2
1003 4265 11.85233 0.01634 0.18070 0.92620 40 29 11 38 17
956 4213 10.99299 0.04848 0.26805 2.45431 31 19 10 31 9
2011 3406 10.85734 2.54035 0.80127 2.11674 27 22 2 20 11
1787 4387 11.94287 1.16181 0.40813 1.67561 38 26 7 33 17
1846 4423 11.27993 0.01279 0.49983 0.75950 17 12 2 10 10
1971 4543 11.59748 0.02409 1.08230 1.03363 41 8 5 38 27
3387 4597 10.54897 3.09658 0.42454 2.34435 12 6 0 12 5
1799 4406 11.22994 0.40873 0.06523 1.45347 31 17 6 19 13
1934 4525 10.74210 0.08102 2.10183 1.37288 23 0 0 18 13
1879 4455 11.93614 0.01705 1.15509 1.11768 30 11 0 23 11
1776 4397 10.39107 1.58363 1.57213 3.26267 11 0 0 7 1
1775 4391 10.73241 1.61475 0.59093 2.43639 6 3 3 6 2
1921 4512 10.95557 0.07440 1.61402 1.18795 15 0 0 9 6
1016 4254 10.51339 0.01777 0.68427 0.82377 30 30 0 26 15
3337 4614 10.61003 2.89118 0.38287 2.15450 28 24 3 25 13
948 4226 11.02207 0.02363 0.24539 1.28542 59 38 19 54 32
931 4185 10.91660 1.12040 0.32073 3.58681 38 16 11 26 21
925 4209 10.48984 0.09126 0.48109 1.72964 52 23 9 39 22
1024 4257 10.44843 0.13301 0.19965 1.72442 57 54 3 55 41
1048 4275 11.27001 1.44258 0.40547 0.97317 69 54 13 65 27
3335 4629 10.09324 2.64073 1.03939 2.59375 17 14 2 15 6
1996 4559 10.09778 0.26574 0.70330 1.41665 38 14 4 32 17
3320 4631 11.24219 2.03471 19.19028 3.89380 4 0 0 4 3
1847 4441 11.55264 0.03036 1.20632 1.74832 13 8 1 4 4
1855 4432 10.69944 0.01525 10.49122 0.53082 22 0 0 18 14
932 4187 10.41657 1.02100 0.28011 4.04961 33 9 8 22 14
935 4217 11.30734 0.02482 0.48101 1.80277 27 8 5 27 18
1988 4554 11.73670 0.04640 0.84493 2.04603 39 9 0 32 24
1966 4539 11.40828 0.03065 1.90358 1.18432 25 0 1 25 12
3313 4625 11.22320 1.91811 20.25418 63.67549 3 0 0 3 3
3337 4613 11.86500 2.89679 0.19122 2.21222 33 31 0 29 17
1973 4545 11.03296 0.01471 1.28867 0.56786 31 5 2 14 8
1930 4505 11.57754 0.07154 1.94575 0.67377 24 0 0 17 12
927 4211 11.01240 0.05930 0.60813 2.67313 48 4 1 44 15
918 4205 11.43448 0.41236 0.27348 2.55359 57 38 17 55 31
913 4180 11.16035 1.93124 0.81720 3.44196 21 9 0 13 8
3350 4607 10.75398 3.13012 0.43995 3.09288 27 23 1 25 12
1837 4431 10.31661 0.01613 0.51459 0.93712 31 15 7 15 9
1962 4536 10.60356 0.03098 2.77173 1.41665 46 0 0 40 20
1007 4249 11.88875 0.02524 0.95824 1.12082 22 15 4 15 8
1972 4562 11.86741 0.00792 1.84172 0.62055 27 0 0 22 15
2018 4574 10.62174 1.46662 1.28940 6.59998 17 7 0 10 8
2013 4578 10.18013 1.25027 0.39916 3.39834 34 26 3 25 14
2007 3416 10.76830 2.89315 0.48919 2.50155 31 23 5 25 12
3350 4623 11.07258 3.00671 0.94561 2.67737 14 12 1 10 5
1975 4563 10.21330 0.00829 0.87648 0.47147 64 38 9 56 32
2006 3405 11.65777 2.78985 0.57932 1.80385 30 22 2 23 16
3408 4570 10.87426 2.47119 0.40727 0.71601 24 19 2 14 10
1932 4508 10.13007 0.06367 1.94659 0.59479 14 0 0 14 7
3320 4620 11.54667 2.16904 0.91814 4.05512 5 4 0 2 3
944 4200 11.37483 0.26690 1.70063 3.60163 27 16 9 19 5
1828 4408 10.70368 0.02528 0.52639 1.49567 30 21 6 30 13
1880 4457 10.42538 0.01939 1.05217 1.17036 27 12 2 21 9
3331 4631 11.33074 2.44948 2.31359 6.77818 6 2 0 4 4
2019 4574 11.28046 1.50488 1.43773 4.66086 13 0 1 0 4
2014 4578 10.50472 1.29741 0.67897 4.10093 27 10 10 24 10
3315 4624 10.75753 1.98481 23.15413 113.72093 3 0 0 0 1
1846 4439 10.12485 0.02364 0.58582 1.35104 20 15 5 14 9
1805 4392 11.92984 0.21849 0.06025 0.69549 49 42 6 38 26
1972 4561 10.60044 0.00623 0.90516 0.36904 53 18 4 47 24
967 4240 10.72533 0.01756 0.19644 0.89131 47 42 5 43 32
3342 4611 11.31307 3.04279 0.54714 2.57162 24 18 4 16 13
913 4202 11.93999 0.76753 0.68695 2.78783 26 11 14 24 14
938 4193 11.22523 0.67019 1.88048 4.09204 15 8 1 5 3
2017 4571 10.04170 1.43489 1.05954 3.97739 43 16 4 36 31
3397 4591 10.03727 3.06997 0.24323 4.63041 14 8 0 8 4
3418 4569 10.56296 1.87584 0.84635 1.24710 30 18 7 26 16
1831 4410 11.25117 0.00843 0.58353 0.59610 18 13 2 10 4
994 4259 10.21233 0.01528 0.21604 0.89875 52 45 7 50 35
995 4243 11.35005 0.01201 0.31330 0.71546 23 20 2 21 12
3324 4620 10.04451 2.28863 1.15978 3.65302 7 2 1 3 2
1045 4277 11.81589 1.32315 0.74130 1.19255 38 20 2 36 22
3399 4574 11.01889 2.94948 0.46764 0.56510 35 27 7 35 12
1859 4452 10.91428 0.01579 0.48245 1.06899 34 28 1 27 19
3374 4607 11.67237 3.12439 1.00151 1.92193 9 4 1 2 3
3352 4622 11.27447 3.01766 0.37423 2.69065 15 14 0 10 5
2003 4561 11.35958 0.65753 0.79508 0.79426 33 10 1 29 22
910 4181 11.75361 2.03191 1.04003 2.89962 23 7 3 20 7
1048 4265 11.98599 1.42818 0.55848 0.82803 55 49 5 53 35
972 4226 11.61386 0.03017 0.37069 1.78114 24 14 6 18 11
3330 4631 11.14495 2.40421 0.59320 2.63106 19 16 2 12 10
905 4192 11.45899 1.70048 0.25847 2.76187 12 9 1 10 8
3408 4587 10.94561 2.48365 0.55465 3.34504 9 4 4 7 4
1884 4476 10.86859 0.03449 0.62663 0.69210 41 30 1 35 21
2002 3408 11.74755 3.06085 1.00556 2.63893 27 23 2 23 8
1038 4262 10.10514 0.90286 0.25419 1.33940 53 44 9 49 32
2009 3409 10.07049 2.84227 0.33635 2.56308 28 25 3 23 14
971 4244 11.93306 0.02119 0.65108 0.88514 47 42 4 40 20
1050 4273 11.32841 1.49845 0.24113 0.49099 72 67 5 66 50
1960 4551 11.58699 0.02696 2.22957 0.86908 54 0 0 38 25
996 4261 11.33696 0.01223 0.20088 0.71327 41 33 8 37 28
1821 4418 10.12617 0.03128 11.83205 1.76591 21 0 0 19 11
1808 4394 11.40235 0.15463 0.34270 0.95285 45 41 1 34 28
908 4184 11.30926 1.98541 1.02016 3.39604 14 9 1 6 3
1025 4257 10.93063 0.17115 0.24560 1.78224 51 44 7 47 29
1865 4442 10.81550 0.01758 0.93080 0.60652 29 13 0 22 17
1856 4433 10.68525 0.01605 13.62390 0.48133 12 0 0 7 5
3358 4601 11.83048 3.12923 0.22030 3.06375 32 27 4 28 20
1988 4572 11.24726 0.06362 0.86733 3.38321 51 36 4 46 27
962 4236 10.44283 0.01649 0.18338 1.02412 60 48 9 52 32
972 4244 10.96688 0.02179 0.46416 0.97959 39 31 7 30 17
1864 4457 11.20748 0.01387 7.59976 0.81565 17 0 0 14 10
1876 4468 10.39770 0.02699 0.78833 1.12570 26 12 1 23 14
910 4199 11.41509 1.06317 0.45214 2.47575 26 20 5 22 8
1798 4406 11.85898 0.46166 0.34239 1.90413 22 13 4 22 9
1787 4388 10.85736 1.16898 0.51476 1.62799 30 26 3 28 14
1955 4530 10.25962 0.03967 1.90879 0.19979 44 1 0 41 16
1038 4261 11.36001 0.90229 0.47299 1.10995 36 27 8 31 13
1987 4554 11.06692 0.03716 0.63061 1.98958 35 7 5 31 17
2012 4566 10.21233 1.21747 0.79014 1.52264 49 29 7 37 25
3418 4568 11.61788 1.87514 0.99161 1.47167 32 18 7 27 15
1902 4478 10.28896 0.01911 1.17462 0.68414 51 22 1 40 25
1871 4463 10.08523 0.01647 0.64741 0.74178 40 21 2 31 17
988 4239 10.56721 0.01697 0.36070 0.98834 55 50 2 42 35
2008 3409 10.09309 2.90685 0.42150 2.55757 19 17 1 12 7
991 4241 10.65182 0.01536 0.26586 0.93670 31 24 4 23 16
1792 4388 11.09643 0.87569 0.25563 1.44888 24 19 3 20 10
907 4197 11.84313 1.31813 0.37472 2.51451 10 9 1 10 8
2018 4577 11.79739 1.46103 0.72566 5.02960 18 17 0 16 6
1845 4423 10.03944 0.01190 0.36311 0.67377 27 24 2 21 14
1833 4428 10.89598 0.00736 0.22253 0.23239 34 30 3 32 19
915 4203 11.55690 0.62720 0.17753 2.89449 41 25 15 34 25
1861 4438 10.71111 0.01766 1.49435 0.45800 13 1 0 11 5
1915 4491 10.29585 0.08084 1.13896 0.45197 21 9 1 21 14
1800 4406 10.64921 0.35751 0.25779 1.29995 34 21 3 23 8
3359 4617 10.55261 3.08446 0.50899 2.42075 18 13 0 11 6
3419 4582 10.61624 1.85010 0.56692 3.89692 34 22 7 32 19
1032 4276 11.68811 0.54189 0.13765 1.39690 92 79 2 84 46
1818 4400 11.67105 0.03280 0.50621 1.68888 42 38 4 36 20
951 4209 10.20779 0.05337 0.59366 2.90663 32 19 13 30 15
1050 4268 11.40344 1.48604 0.20601 1.06569 69 63 5 63 41
3336 4614 11.18141 2.85533 0.49940 2.21717 24 18 2 15 11
1964 4555 11.83696 0.02242 1.42177 1.25305 57 1 0 45 39
989 4240 10.18471 0.01666 0.27890 1.04305 31 25 6 31 15
933 4186 11.61900 1.06941 0.44173 3.81403 54 22 10 52 26
3318 4631 11.65608 1.98073 29.29036 113.48703 4 0 0 4 2
2015 4566 11.82640 1.35950 0.64377 2.84771 37 24 2 33 23
