98 3788 11.81900 0.03819 0.62377 0.20558 22 17 3 18 11 175 100.00000 0
2678 5405 10.70459 0.01157 0.58570 0.70332 54 46 7 42 27 434 100.00000 0
352 4110 10.52336 0.01361 0.66358 0.27124 72 68 3 66 50 364 100.00000 0
459 3982 10.49489 0.01009 0.85086 0.55461 48 40 5 40 24 336 100.00000 0
346 709 11.50833 0.00719 0.77915 0.40734 45 37 7 45 26 320 100.00000 0
7046 7203 11.24229 0.02743 0.85903 0.35718 25 15 6 25 11 159 100.00000 0
3265 6154 10.01053 0.00986 0.77546 0.57539 76 63 2 65 44 275 100.00000 0
3679 7107 10.26745 0.11951 0.75938 1.13401 14 7 3 12 5 162 100.00000 0
555 976 11.26895 0.00154 0.77954 0.30001 64 54 6 54 32 363 100.00000 0
531 976 11.26895 0.00154 0.68552 0.22900 65 51 7 57 34 357 100.00000 0
420 975 10.76826 0.00183 0.52935 0.13417 72 66 4 61 51 390 100.00000 0
7754 7810 11.31788 0.72617 1.14306 2.21911 50 30 5 40 15 308 100.00000 0
3018 5736 10.49427 0.04344 0.38349 0.38563 53 49 4 47 38 343 100.00000 0
2471 5270 11.33786 0.30847 0.87229 1.95925 34 23 10 32 20 150 100.00000 0
1358 4519 11.79033 0.00498 1.13116 0.61357 17 8 6 10 6 145 100.00000 0
614 975 10.76826 0.00183 0.55905 0.17694 74 61 3 65 42 410 100.00000 0
734 4172 10.02836 0.01118 0.58832 0.43611 66 58 5 60 42 396 100.00000 0
3660 6675 11.15628 0.00375 0.63113 0.22555 9 8 1 9 8 70 100.00000 0
758 4172 10.03026 0.01108 0.61903 0.40251 74 63 7 68 49 432 100.00000 0
6806 7202 10.99288 0.02735 0.94484 0.32385 27 16 9 23 10 154 100.00000 0
2424 5270 11.33786 0.30847 0.79841 2.02526 32 19 8 28 18 145 100.00000 0
497 976 11.26895 0.00154 0.63777 0.38155 76 61 4 76 41 380 100.00000 0
6603 6850 11.74586 0.00594 1.36528 0.23407 14 7 7 9 8 91 100.00000 0
2843 5563 11.77477 0.05659 0.73813 0.76053 48 35 10 32 19 373 100.00000 0
6614 7182 10.97805 0.01904 0.83321 0.92408 9 4 2 4 1 117 100.00000 0
458 4171 10.79933 0.01107 0.39910 0.37220 44 37 5 33 25 344 100.00000 0
3389 6303 10.30408 0.05438 0.81556 1.49698 16 12 3 12 6 100 100.00000 0
345 476 11.74965 0.00708 0.78495 0.41871 38 29 8 36 22 337 100.00000 0
1211 4394 11.01681 0.01370 0.24646 0.24389 27 25 2 24 19 170 100.00000 0
1591 4756 11.77052 0.01505 0.85650 1.12396 18 12 2 10 7 117 100.00000 0
1033 4214 11.50809 0.00802 0.66777 0.70221 30 20 7 24 13 216 100.00000 0
2751 5491 11.95889 0.01155 0.28701 0.59083 37 31 5 17 15 372 100.00000 0
898 980 11.77208 0.00498 0.47278 0.28255 74 59 14 70 45 432 100.00000 0
1497 4649 10.80174 0.00434 0.53870 3.16211 14 4 3 9 7 129 100.00000 0
2287 5313 11.57005 0.70560 1.47893 1.85878 43 19 14 32 14 160 100.00000 0
2172 2321 11.33265 0.27787 1.05584 1.71463 39 27 1 31 15 149 100.00000 0
3246 6020 10.39814 0.01340 0.77497 0.42521 21 10 0 17 10 219 100.00000 0
3053 5787 10.69800 0.01198 0.44932 0.70610 46 45 1 39 33 303 100.00000 0
1659 4807 10.85102 0.00775 0.40307 0.42978 19 13 4 14 8 169 100.00000 0
2171 2470 11.86999 0.30255 0.85752 1.98840 31 24 7 29 22 125 100.00000 0
392 974 10.01406 0.00381 0.59427 0.23573 66 64 1 64 40 378 100.00000 0
3153 5872 11.09845 0.04461 0.40737 0.61612 19 15 2 12 10 149 100.00000 0
345 660 11.74965 0.00708 1.00375 0.53229 50 27 9 39 25 311 100.00000 0
7104 7204 11.73924 0.02765 0.54471 0.70221 20 11 3 16 6 120 100.00000 0
3681 7171 10.72075 0.15561 0.49435 1.02603 32 29 3 24 20 137 100.00000 0
2171 2366 11.86999 0.30255 0.80330 2.01383 33 26 3 28 20 94 100.00000 0
2268 2564 11.48797 0.58047 0.66965 1.75011 56 52 3 48 38 285 100.00000 0
1697 4865 10.52734 0.00414 0.75602 0.24708 27 16 6 22 13 163 100.00000 0
2218 5305 10.48793 0.48154 0.30866 0.38765 62 57 4 48 37 276 100.00000 0
2184 5300 10.80906 0.35654 1.35425 1.60791 56 53 1 45 34 151 100.00000 0
3231 6009 10.25562 0.04391 0.53952 1.40277 23 5 0 17 7 235 100.00000 0
733 979 11.51780 0.00406 0.84797 0.41871 46 30 1 42 29 379 100.00000 0
2281 5312 11.91985 0.68669 1.51220 1.51775 54 52 2 44 32 188 100.00000 0
165 3828 10.68290 0.01326 0.64912 0.76770 34 24 8 32 14 262 100.00000 0
337 3957 10.51725 0.00644 0.34322 0.70053 32 25 3 20 14 262 100.00000 0
6603 7152 11.74402 0.00648 0.82521 0.30001 10 7 3 10 5 82 100.00000 0
1490 4643 10.03190 0.00777 0.38317 1.55469 33 24 3 20 13 165 100.00000 0
1007 4188 10.27012 0.01706 0.29762 0.33102 93 88 3 83 54 461 100.00000 0
6606 6919 10.49518 0.00708 1.26118 1.06826 9 6 2 6 6 81 100.00000 0
6927 7202 10.99288 0.02735 0.79174 0.35277 25 14 5 23 14 132 100.00000 0
791 979 11.51970 0.00400 0.68294 0.24389 57 31 12 52 32 391 100.00000 0
2317 5270 10.63578 0.26030 0.43931 1.52521 25 5 16 19 15 139 100.00000 0
632 3982 10.49489 0.01009 1.01196 0.49732 49 44 5 43 26 352 100.00000 0
6603 6748 11.74586 0.00594 0.60896 0.30901 12 6 5 12 5 72 100.00000 0
2228 2559 10.88836 0.49447 0.69876 0.66558 91 88 1 85 66 283 100.00000 0
346 608 11.50244 0.00580 0.53376 0.40926 33 25 7 33 15 306 100.00000 0
6606 6982 10.49518 0.00708 0.94107 1.59839 7 3 2 3 2 79 100.00000 0
2862 5582 11.64744 0.02020 0.30157 0.20174 33 27 4 24 16 295 100.00000 0
147 3815 11.45022 0.03145 0.49957 0.71052 39 30 7 37 21 235 100.00000 0
1397 4571 11.51180 0.00561 0.38306 0.25641 46 43 1 41 27 260 100.00000 0
1835 4974 10.05173 0.03954 0.34807 0.69154 58 47 9 56 36 180 100.00000 0
404 977 11.52020 0.00049 0.60745 0.16551 60 55 3 54 37 371 100.00000 0
481 3982 10.49489 0.01009 1.07295 0.64952 54 40 7 48 32 290 100.00000 0
6668 7203 11.24229 0.02743 0.57124 0.79179 21 12 0 21 15 151 100.00000 0
2622 5348 10.90531 0.02185 0.92665 1.24427 54 41 13 50 23 257 100.00000 0
2719 5443 11.29588 0.01172 0.24360 0.50822 65 62 2 56 34 431 100.00000 0
6604 6918 11.24828 0.00629 1.59432 1.27011 16 9 4 7 7 82 100.00000 0
1658 4806 10.82079 0.00786 0.83397 0.53522 20 15 3 12 7 200 100.00000 0
3985 4106 11.26913 0.01135 0.72999 0.48939 39 32 3 33 24 293 100.00000 0
2565 5331 10.40103 0.58587 1.32452 2.04966 83 12 30 68 48 300 100.00000 0
5975 6038 11.10028 0.00458 0.48564 0.76821 34 9 2 26 19 192 100.00000 0
6606 6956 10.49518 0.00708 0.51924 0.42978 8 6 1 6 3 92 100.00000 0
667 4173 11.79777 0.00987 0.66531 0.65012 71 58 4 69 42 383 100.00000 0
346 654 11.50244 0.00580 0.73706 0.52414 40 32 8 38 20 306 100.00000 0
148 3816 10.81143 0.02904 0.42033 0.63551 34 27 6 32 19 223 100.00000 0
3694 7205 10.66241 0.46041 0.60834 0.54321 30 22 3 19 11 189 100.00000 0
3660 6714 11.15628 0.00375 0.36149 0.28255 7 5 2 7 3 60 100.00000 0
773 979 11.51970 0.00400 0.70108 0.29342 65 42 16 61 39 423 100.00000 0
540 974 10.01791 0.00258 0.39842 0.13706 86 79 6 84 58 440 100.00000 0
2455 5269 11.68981 0.30783 0.80907 2.04105 31 13 14 26 20 110 100.00000 0
6786 7201 10.24214 0.02731 1.01590 0.32143 21 15 5 17 8 154 100.00000 0
1864 4978 11.72648 0.00625 1.32234 1.57371 23 18 4 17 12 91 100.00000 0
2178 2503 10.26950 0.29786 1.02889 1.73393 38 29 4 24 20 154 100.00000 0
3679 6849 10.26745 0.11951 0.61547 1.08462 18 12 6 15 7 136 100.00000 0
111 3795 10.50595 0.01434 1.17760 0.40154 23 4 0 21 15 162 100.00000 0
1251 4418 10.26327 0.01129 0.42906 1.43368 22 13 5 10 7 144 100.00000 0
460 4173 11.79777 0.00987 0.60426 0.45970 58 49 5 53 41 373 100.00000 0
457 3980 11.49638 0.01155 0.98973 0.62432 37 29 4 37 22 287 100.00000 0
2177 2412 10.26875 0.29874 1.39025 1.76325 49 43 1 37 28 193 100.00000 0
777 3985 10.24876 0.00981 0.51975 0.53887 56 48 6 52 30 336 100.00000 0
3680 6856 10.97298 0.13900 0.82674 1.21079 12 9 3 10 6 125 100.00000 0
981 4142 11.02953 0.01426 0.09050 0.54536 58 50 7 54 34 373 100.00000 0
239 3901 11.94909 0.07899 0.41244 0.47642 9 8 1 6 6 103 100.00000 0
4116 4174 10.00670 0.00664 0.36233 0.24708 88 85 3 84 68 456 100.00000 0
3094 5828 11.10592 0.02019 0.74983 0.45885 37 17 0 23 16 292 100.00000 0
5977 6036 10.10704 0.00608 0.71779 0.53449 31 14 3 29 15 233 100.00000 0
812 978 10.77040 0.00229 0.52312 0.16313 75 61 9 69 48 410 100.00000 0
5990 6111 10.58967 0.01334 0.49298 0.93503 29 25 2 26 10 255 100.00000 0
1067 4264 11.51297 0.00305 0.37311 0.32385 37 32 4 34 17 218 100.00000 0
711 4170 10.03241 0.01130 0.67538 1.05647 39 16 4 37 21 297 100.00000 0
6050 6125 10.89225 0.00919 0.91033 0.76821 26 9 5 18 6 223 100.00000 0
1359 4520 11.54538 0.00724 0.85024 0.43160 17 10 4 14 4 192 100.00000 0
6603 6675 11.74586 0.00594 1.60487 0.54393 15 3 7 15 8 100 100.00000 0
4011 4171 11.77155 0.00644 0.75524 0.35827 62 55 2 57 42 332 100.00000 0
350 917 10.50898 0.00703 0.74491 0.41401 66 58 7 64 34 359 100.00000 0
848 3984 10.74879 0.01016 0.64361 0.54032 47 44 2 42 34 288 100.00000 0
8045 8108 11.99700 1.25167 1.26789 2.17511 36 1 0 19 9 212 100.00000 0
6604 6789 11.24828 0.00629 0.94924 0.26244 10 8 1 5 5 69 100.00000 0
642 3979 11.99371 0.01255 0.88914 0.80600 34 31 3 32 22 281 100.00000 0
2328 5272 10.63939 0.30767 0.92637 2.00447 38 28 7 34 22 125 100.00000 0
1590 4754 10.06641 0.01400 0.57389 0.73008 25 16 4 20 12 165 100.00000 0
464 4170 10.30159 0.01147 0.60599 0.41212 57 45 8 45 31 359 100.00000 0
7149 7203 11.24229 0.02743 0.46139 0.39267 25 20 5 25 11 145 100.00000 0
2176 2437 10.80393 0.29947 0.82806 2.11637 43 23 11 37 26 126 100.00000 0
368 967 10.00277 0.01055 0.46586 0.60068 96 93 3 91 56 504 100.00000 0
3246 6014 10.43816 0.01363 0.91911 0.58551 29 15 2 21 15 224 100.00000 0
7112 7202 10.99288 0.02735 0.81437 0.47888 24 11 1 14 12 138 100.00000 0
1553 4703 11.01707 0.02319 0.72553 0.36904 37 23 0 25 24 152 100.00000 0
2770 5509 11.06598 0.01245 0.60238 0.72739 54 47 3 43 26 413 100.00000 0
889 979 11.51970 0.00400 0.84497 0.25179 58 27 6 56 32 409 100.00000 0
2815 5536 11.68125 0.04535 0.61111 0.24708 54 41 9 41 21 397 100.00000 0
417 4172 11.29839 0.01034 0.54910 0.50976 62 51 5 58 44 420 100.00000 0
925 976 10.00929 0.00120 0.68802 0.29475 83 68 8 79 51 452 100.00000 0
6607 6923 10.24121 0.00750 0.35639 0.44057 13 10 2 13 6 105 100.00000 0
6605 7012 10.99721 0.00661 0.90384 0.49732 10 4 3 1 3 122 100.00000 0
2535 5271 11.68632 0.33918 0.73417 2.04832 33 22 8 19 15 140 100.00000 0
6731 7202 10.99288 0.02735 0.93073 0.32626 21 9 2 16 7 166 100.00000 0
1927 5040 11.80408 0.00990 0.68575 0.45970 6 6 0 6 5 20 100.00000 0
2175 2384 10.80392 0.29987 0.95386 1.92519 38 29 4 36 23 154 100.00000 0
3660 6661 11.15628 0.00375 1.57207 5.78818 6 0 0 3 3 66 100.00000 0
2178 2468 10.26950 0.29786 0.81122 1.75346 30 17 4 26 13 119 100.00000 0
6609 7175 11.22994 0.01664 0.97009 0.93251 15 12 1 9 8 116 100.00000 0
3540 6440 11.85126 0.04017 0.81059 0.88647 10 6 1 6 6 38 100.00000 0
2267 2565 11.79055 0.60432 1.33562 2.20478 61 56 2 52 46 234 100.00000 0
364 4161 10.26025 0.01913 0.76076 0.77582 74 68 4 62 39 420 100.00000 0
348 618 10.25119 0.00537 0.32640 0.33220 46 40 6 40 22 366 100.00000 0
829 976 10.00929 0.00120 0.81702 0.30261 89 70 5 85 55 422 100.00000 0
2156 2283 11.71973 0.09620 0.52231 0.57878 18 16 2 15 10 73 100.00000 0
2521 5270 11.33786 0.30847 0.62261 1.96603 30 21 7 24 18 147 100.00000 0
6613 7181 10.97893 0.01845 1.33012 0.83181 13 6 6 10 4 133 100.00000 0
3477 6402 11.29745 0.04273 0.72387 0.55532 6 4 0 6 4 17 100.00000 0
983 4146 11.78416 0.01610 0.27289 0.73595 96 90 4 84 72 403 100.00000 0
6605 6975 10.99721 0.00661 0.75893 0.80162 8 3 2 3 3 72 100.00000 0
825 4173 10.53017 0.01052 0.53970 0.40830 74 66 5 72 59 419 100.00000 0
458 4173 11.79777 0.00987 0.55020 0.34830 77 72 3 68 54 348 100.00000 0
1266 4445 10.02312 0.01663 0.33873 0.26393 26 23 3 24 14 130 100.00000 0
4002 4166 11.51660 0.01168 0.89255 0.72578 76 70 5 72 36 404 100.00000 0
3703 7225 11.08056 0.76917 0.90679 1.85941 21 6 2 15 12 132 100.00000 0
2644 5371 11.79552 0.02474 0.31215 0.31153 63 58 4 58 42 339 100.00000 0
1793 4951 11.30203 0.21655 0.39642 0.35718 13 8 3 9 5 53 100.00000 0
350 897 10.50898 0.00703 0.72324 0.42244 56 51 5 49 39 339 100.00000 0
654 4170 10.30159 0.01147 0.59642 0.39067 53 45 6 42 32 362 100.00000 0
3680 6994 10.97298 0.13900 0.35693 1.14055 14 7 2 12 3 108 100.00000 0
558 974 10.01791 0.00258 0.62624 0.18131 74 61 8 68 41 420 100.00000 0
350 743 10.50898 0.00703 0.67996 0.44057 62 50 10 53 33 318 100.00000 0
351 4093 11.02224 0.01386 0.80481 0.33338 46 39 4 39 22 298 100.00000 0
2927 5646 10.06681 0.00285 0.49901 0.15323 23 18 2 10 12 159 100.00000 0
761 4175 11.52745 0.00992 0.46574 0.48376 68 57 7 68 46 379 100.00000 0
6075 6128 11.38936 0.00959 0.54091 1.02259 35 29 5 25 21 256 100.00000 0
508 3982 10.49489 0.01009 0.81341 0.73115 45 40 3 42 27 307 100.00000 0
484 4170 10.30159 0.01147 0.91224 0.52563 42 22 8 39 23 323 100.00000 0
3660 7030 11.15628 0.00375 0.81543 0.22381 8 3 2 8 4 64 100.00000 0
