0.03378 0.03706
0.02023 0.01880
0.02272 0.01767
0.02634 0.02310
0.01961 0.01827
0.00553 0.00415
0.02087 0.01644
0.00487 0.00327
0.01905 0.01720
0.02477 0.01622
0.01966 0.01708
0.01277 0.01294
0.03037 0.02959
0.00990 0.00467
0.02349 0.02509
0.02450 0.02001
0.02102 0.01677
0.00353 0.00297
0.01966 0.01612
0.00420 0.00349
0.00233 0.00249
0.00680 0.00433
0.00312 0.00329
0.01941 0.01683
0.00341 0.00285
0.02230 0.02810
0.00658 0.00808
0.00387 0.00341
0.01924 0.01690
0.00570 0.00495
0.01988 0.01894
0.02876 0.02941
0.02938 0.03046
0.02333 0.02291
0.01619 0.01473
0.00974 0.00716
0.02073 0.01618
0.03352 0.02711
0.00945 0.00599
0.00519 0.00393
0.02176 0.01978
0.02741 0.03004
0.01124 0.00710
0.00663 0.00511
0.00484 0.00371
0.01928 0.01743
0.00408 0.00389
0.02637 0.02830
0.02252 0.01716
0.00588 0.00454
0.00533 0.00354
0.00600 0.00440
0.00304 0.00362
0.00653 0.00440
0.00817 0.00569
0.01227 0.00731
0.02835 0.01794
0.00741 0.00466
0.00594 0.00406
0.02399 0.01887
0.03127 0.01761
0.01033 0.00628
0.02844 0.02951
0.00848 0.00454
0.02789 0.02462
0.00471 0.00324
0.02803 0.02523
0.02079 0.01798
0.00684 0.00437
0.00390 0.00349
0.00517 0.00425
0.02415 0.01654
0.00326 0.00301
0.00568 0.00365
0.00749 0.00580
0.01895 0.01735
0.00325 0.00283
0.00630 0.00442
0.01966 0.01878
0.00366 0.00321
0.02305 0.03101
0.02450 0.02753
0.02672 0.02535
0.00638 0.00566
0.00903 0.00686
0.02182 0.01805
0.02474 0.01790
0.00461 0.00420
0.01489 0.01332
0.01937 0.01805
0.01193 0.00806
0.00414 0.00366
0.01084 0.00739
0.02058 0.01748
0.00967 0.00759
0.00344 0.00357
0.02379 0.01938
0.01502 0.01156
0.00441 0.00366
0.01969 0.01819
0.01874 0.01807
0.02463 0.02713
0.00520 0.00373
0.00712 0.00600
0.00343 0.00295
0.02157 0.01700
0.03393 0.01655
0.00967 0.00581
0.00639 0.00504
0.00515 0.00449
0.00759 0.00429
0.00707 0.00524
0.00314 0.00270
0.02794 0.02393
0.03361 0.02995
0.02722 0.01936
0.02101 0.02122
0.00742 0.00516
0.01873 0.01776
0.00615 0.00432
0.02203 0.01650
0.02764 0.03151
0.01900 0.01711
0.03360 0.02836
0.01956 0.01827
0.00564 0.00381
0.01863 0.01561
0.03164 0.01822
0.01177 0.00724
0.02768 0.02859
0.01958 0.01596
0.02320 0.01974
0.03373 0.02485
0.00670 0.00416
0.02145 0.01650
0.02606 0.01629
0.02207 0.01754
0.01736 0.01109
0.00452 0.00362
0.02284 0.01759
0.00561 0.00379
0.02446 0.02436
0.01966 0.02038
0.00479 0.00388
0.00742 0.00528
0.00482 0.00347
0.02000 0.01891
0.02149 0.01982
0.00606 0.00384
0.02707 0.02387
0.02654 0.02285
0.03076 0.01799
0.00956 0.00623
0.02119 0.02125
0.02971 0.01678
0.01142 0.00694
0.02473 0.01777
0.01208 0.00656
0.00314 0.00324
0.00389 0.00359
0.00366 0.00256
0.00640 0.00406
0.00441 0.00372
0.00263 0.00273
0.00595 0.00400
0.00410 0.00336
0.00664 0.00441
0.00466 0.00398
0.00503 0.00521
0.00830 0.00554
0.01944 0.01657
0.00693 0.00489
0.02151 0.01739
0.01946 0.01624
0.00701 0.00477
0.00703 0.00425
0.00408 0.00364
0.00285 0.00340
0.02513 0.01583
0.00331 0.00278
0.01935 0.01600
0.01876 0.01594
0.03492 0.03021
0.02125 0.01743
0.01130 0.01387
0.01792 0.01911
0.00510 0.00434
0.01830 0.01766
0.02286 0.01596
0.00655 0.00374
0.02720 0.01812
0.03557 0.02654
0.00959 0.00625
0.01895 0.01794
0.02984 0.03074
0.02520 0.01652
0.02147 0.02008
0.01931 0.01828
0.01927 0.01638
0.00394 0.00288
