3992 6637 7.57907 3.11760 1.22918 2.99487 97 0 0 82 36
3898 6768 7.73862 2.76335 0.60945 2.32035 145 47 8 136 83
4092 6548 6.68538 3.13474 1.30644 1.91520 134 0 0 130 66
890 6882 9.71514 3.13805 1.00933 2.77601 18 0 3 13 6
1099 6646 8.93819 3.13811 1.12771 2.80882 152 12 1 127 82
1264 6469 8.71503 3.11742 1.41279 1.47565 31 0 0 27 12
3016 3136 9.75365 0.02190 0.31314 1.24490 126 88 9 116 64
456 7224 8.58389 3.09788 4.28500 177.49681 4 0 0 2 2
4276 4443 8.74164 0.00644 0.51406 0.44587 101 46 14 99 75
3168 5412 6.26400 2.20822 0.57517 1.20008 121 32 10 105 53
964 6814 9.36056 3.05663 1.33510 2.98990 35 1 2 33 11
277 7306 8.24168 3.06815 0.96862 0.66617 124 0 12 113 56
3905 6735 8.26339 2.49079 0.70024 1.09002 60 11 9 57 29
849 6924 9.46123 3.10501 0.97338 3.06478 26 0 0 18 14
696 3624 8.45803 0.07484 0.09570 0.41117 56 42 7 53 37
2079 5554 9.81241 3.07515 0.97502 1.48596 39 1 4 28 12
3635 7052 6.98902 3.06580 1.19723 1.77432 63 1 0 53 29
4576 5005 6.47636 0.01401 0.43829 0.86139 123 91 13 121 90
1970 5662 6.71452 3.14013 0.92242 0.31652 136 1 25 116 51
4278 4635 7.74697 0.00620 0.57892 0.34150 111 36 11 102 70
237 7366 9.78963 2.96209 0.53554 1.95445 54 22 10 42 25
2001 5653 6.97116 3.10702 0.74314 0.57130 79 17 3 68 44
2529 3130 6.81614 0.01729 0.21005 0.93167 184 154 25 180 119
2840 3131 7.28716 0.01756 0.31176 0.93419 145 129 6 131 98
1024 6718 7.19158 2.97516 0.62211 1.40221 99 20 13 89 32
2656 5449 8.27479 3.02441 0.60448 1.71441 143 44 34 123 68
369 3450 9.59998 0.61047 0.73317 0.81084 145 59 18 139 73
2530 3133 8.21439 0.02210 0.29548 1.24238 129 110 14 129 93
3888 6794 7.72665 3.09969 0.48924 2.66800 156 60 11 148 93
4811 5010 8.72943 0.01221 0.39669 0.68185 96 66 10 92 65
2634 3132 7.71632 0.02098 0.25292 1.16567 178 144 15 164 119
1383 6355 8.47187 3.12957 1.38465 2.32810 80 4 2 70 37
3129 5462 7.79686 3.11643 0.50548 1.96044 113 38 26 111 55
618 7126 8.28506 3.08617 1.39078 2.45176 69 4 7 49 21
752 3671 8.17161 0.03228 0.25824 0.57335 144 118 15 142 117
2828 5472 8.41425 3.13870 5.76157 1.71874 51 0 0 46 37
1986 5647 8.05386 3.10194 0.88038 0.55743 90 3 2 84 33
4277 4435 8.24671 0.00666 0.48479 0.38359 108 48 15 106 84
2207 2276 9.15132 0.01857 0.51614 0.52190 61 23 7 59 38
1058 6667 8.67417 3.13444 1.16852 2.00935 77 0 0 69 27
1282 6465 8.52939 3.11501 0.85134 1.23859 84 4 7 80 58
2687 3130 6.81614 0.01729 0.20896 0.98913 174 133 26 172 109
5221 5334 6.23626 0.01070 0.43899 0.66027 123 72 9 114 85
384 7246 8.48127 2.92338 1.19836 0.57471 111 0 0 107 75
2212 2896 7.05528 0.01499 0.42214 0.58950 108 54 14 100 72
3900 6778 8.23707 3.11186 0.47865 1.54864 124 66 12 119 80
823 6950 8.98436 3.07539 1.10761 2.68059 24 1 0 22 8
1062 3956 6.13969 0.01294 0.28183 0.33572 111 82 11 100 73
2035 5601 7.02524 3.11855 0.79265 0.36369 75 4 2 73 25
2372 5473 9.12219 3.13683 1.21890 1.62462 47 10 8 42 19
3893 6781 7.65487 2.93434 0.48372 2.05042 125 44 14 116 78
2206 2276 9.62021 0.01968 0.45610 0.50668 43 17 8 37 23
2714 3133 8.21439 0.02210 0.30729 1.24175 132 112 15 130 78
1863 5732 8.58665 3.11754 0.63277 0.45628 72 19 5 58 34
447 7227 7.96430 3.09786 1.03023 0.89787 19 0 2 13 12
4277 4716 8.24671 0.00666 0.54837 0.42978 120 43 18 118 93
2911 5446 9.95782 2.97944 0.67020 1.81661 137 34 31 109 64
4275 4329 9.23583 0.00795 0.72717 0.44235 52 10 4 48 31
2208 2907 8.74044 0.01846 0.57026 0.58484 65 16 20 57 37
770 6995 9.93552 3.01436 1.14360 1.24049 90 0 0 90 62
3815 6865 9.13511 3.13952 1.63595 2.02487 91 0 0 79 46
326 7271 7.77731 3.10399 1.02908 1.73709 120 1 0 108 81
2207 2685 9.15132 0.01857 0.52925 0.51889 86 38 11 80 67
2213 2808 6.71549 0.01368 0.47204 0.70721 85 43 9 82 55
4278 4531 7.74697 0.00620 0.58803 0.33572 110 36 12 110 75
1300 6429 9.36682 3.12750 1.15833 1.88720 47 0 0 43 22
4276 4624 8.74164 0.00644 0.51684 0.40154 71 27 11 69 44
1152 4053 6.74270 0.03165 0.41688 0.38155 117 62 14 112 82
4091 6549 6.73451 3.13541 1.26331 1.94340 94 0 0 94 55
1314 6430 8.21662 3.12904 0.87709 2.15667 14 0 1 11 5
893 6873 9.20725 3.13559 1.75343 2.84703 31 0 0 28 11
3885 6785 8.57060 2.77424 0.51663 1.77630 220 49 16 211 127
2556 3130 6.81614 0.01729 0.23245 0.93461 157 131 9 151 99
696 3640 7.73503 0.09685 0.23400 0.45800 108 85 13 108 73
4276 4978 8.98250 0.01105 0.56770 0.68927 79 38 20 69 54
400 7241 7.17287 2.99057 0.88622 0.71217 131 12 1 128 82
2658 5447 9.39792 2.99484 0.67138 1.70548 122 38 27 109 55
3007 5452 6.50450 3.06347 0.70540 1.47113 179 58 28 166 99
7456 7528 6.52547 0.01656 0.31554 0.52190 200 126 13 190 150
52 121 7.25288 0.00873 1.46696 0.40251 166 0 0 154 125
4817 5010 8.72943 0.01221 0.33393 0.72091 91 76 8 89 65
2211 2322 7.46408 0.01537 0.44524 0.52638 93 44 15 85 55
2207 2461 9.15132 0.01857 0.50039 0.61929 78 35 11 69 46
2457 5448 8.86914 3.01014 0.46673 1.69812 126 27 32 117 62
4276 4382 8.74164 0.00644 0.56403 0.39167 97 38 9 95 69
996 3885 8.08415 0.61831 0.34831 0.92450 147 89 10 143 118
588 3538 7.88936 0.12110 0.18670 0.84441 45 33 3 38 34
2260 3132 7.71632 0.02098 0.23116 1.15386 175 145 18 165 110
290 7306 7.62036 3.08431 0.82997 0.59083 134 13 3 126 86
2393 3136 9.74976 0.02280 0.30566 1.29845 118 78 19 114 62
2891 3131 7.28716 0.01756 0.25207 0.93503 142 116 15 124 85
4042 6601 8.01309 3.10938 1.05459 2.07886 115 5 9 101 50
1463 6258 7.40958 3.14030 0.78247 1.99606 44 7 0 40 22
3919 6737 7.18958 2.91269 0.52950 0.67144 84 42 1 82 68
9 122 7.50205 0.00933 1.34164 0.53668 164 0 0 156 131
774 3691 7.38652 0.10199 0.40383 0.68300 150 90 9 150 111
3765 6916 9.27324 3.09797 1.19264 3.87323 31 0 0 31 15
4276 4812 8.74164 0.00644 0.49404 0.55673 84 33 9 84 66
497 7186 7.53162 3.00741 1.29316 1.57470 83 0 0 65 47
2528 5446 9.95436 2.97941 0.54117 1.83590 125 33 18 110 51
4070 6559 7.66117 3.11694 0.89691 1.91989 48 4 0 33 20
5217 5353 7.97028 0.01704 0.44167 0.96995 104 64 3 94 64
1849 5749 6.34893 3.11746 0.87369 0.42244 66 1 1 64 34
2121 5523 9.34456 3.13599 0.77709 1.06459 138 3 12 128 75
3889 6797 8.58554 3.07792 0.73327 2.61090 138 19 0 127 72
4496 5012 9.73032 0.01224 0.32583 0.68984 78 69 6 71 56
867 6899 9.19926 3.12465 1.64660 3.41512 72 0 1 62 33
2069 5567 6.83182 3.07029 1.24475 1.21692 63 0 0 59 30
1523 6174 7.45842 2.95697 1.45307 3.36744 67 7 1 57 22
4277 4791 8.24671 0.00666 0.54366 0.68300 112 38 12 112 84
2161 5520 9.82171 3.07726 0.54823 1.06275 97 35 12 84 61
4714 5007 7.22835 0.01251 0.20050 0.77884 94 81 9 91 56
1629 6027 8.11432 3.12519 0.65435 2.22493 142 71 6 136 59
2333 3132 7.71632 0.02098 0.23031 1.15352 153 128 13 145 100
952 6820 8.74885 3.10619 1.06628 1.83398 105 0 0 103 66
4278 4644 7.74697 0.00620 0.49056 0.39466 111 57 8 107 88
3544 7167 9.04138 3.09733 19.19930 177.46348 13 0 0 7 5
1524 6194 8.90249 3.06373 0.79393 2.85458 24 3 0 17 13
406 7240 7.65962 3.00809 1.00994 0.93795 63 2 1 54 43
3892 6793 8.47764 3.06433 0.35456 2.29047 97 26 11 91 51
2355 3133 8.21439 0.02210 0.32842 1.23986 109 87 15 107 71
2207 2554 9.15132 0.01857 0.56588 0.57471 80 22 13 78 57
1439 6273 7.72584 3.14090 1.08112 2.77996 79 0 0 79 34
4275 4412 9.23583 0.00795 0.56960 0.56579 67 24 6 67 47
1065 6661 9.03883 3.14013 1.00710 2.05938 81 0 1 75 36
1459 6264 8.40741 3.14035 1.00934 2.15304 31 1 0 28 15
2919 5473 9.11808 3.13676 0.40177 1.61689 43 15 8 35 18
2974 5448 8.87250 3.01017 0.51591 1.68051 156 54 52 139 73
4274 4669 9.73562 0.00853 0.63837 0.52860 71 28 5 64 50
2210 2379 7.89985 0.01667 0.47576 0.57198 100 59 18 96 80
5263 5382 6.98549 0.04462 0.11607 0.36045 126 101 18 122 76
1686 5959 8.57774 3.09013 0.64299 0.57267 47 10 12 45 18
2206 2992 9.61615 0.02014 0.50565 0.59676 67 31 13 55 43
240 7360 8.75130 2.98999 0.45231 1.69350 44 20 6 33 23
2207 2683 9.15132 0.01857 0.47914 0.57335 84 30 17 81 61
994 3887 6.29258 0.47135 0.21701 1.01952 193 130 8 182 156
2701 3133 8.21439 0.02210 0.29854 1.24080 133 114 14 123 84
2614 5448 8.86914 3.01014 0.53412 1.70456 151 40 41 139 62
1501 6219 9.79802 3.12622 0.36437 3.52381 13 4 4 8 4
4685 5011 9.23135 0.01152 0.51508 0.67551 77 54 7 69 48
766 3685 6.64991 0.05251 0.26396 0.07913 178 153 13 176 148
3045 5473 9.11808 3.13676 7.82955 179.73020 37 3 0 27 22
2365 5446 9.95436 2.97941 0.66507 1.83675 130 29 23 116 71
2212 2869 7.05528 0.01499 0.25318 0.57198 96 57 19 88 54
4815 5010 8.72943 0.01221 0.20127 0.73595 69 54 6 67 46
3168 5402 9.42007 1.93320 0.52446 0.86457 101 33 13 86 39
1697 5941 7.44113 3.05476 0.61948 0.38155 84 20 11 71 44
2933 3129 6.38498 0.01619 0.29572 0.85638 186 142 9 179 132
258 7329 7.41987 3.10875 0.66824 1.14227 75 13 9 68 41
2155 5500 9.80670 3.10310 1.27649 1.83781 72 0 1 53 25
820 6954 9.53237 3.04733 1.58370 2.57344 16 1 0 14 8
2489 5471 7.72262 nan 0.65890 1.71075 81 32 6 69 46
2334 5473 9.12219 3.13683 0.37032 1.69973 41 15 7 31 18
715 3656 8.31009 0.08978 0.31494 0.27124 72 46 16 65 44
537 7181 8.36729 3.11823 10.92940 42.47650 7 0 0 4 2
2210 2433 7.89985 0.01667 0.45818 0.58283 81 38 16 72 53
636 7125 6.23095 3.10522 1.24917 1.96443 142 12 10 135 94
2211 2277 7.46408 0.01537 0.37176 0.58417 70 38 11 62 37
806 3720 7.18914 0.10404 0.31987 0.35498 113 74 13 107 83
5214 5333 8.98250 0.01281 0.64303 0.73275 101 39 11 97 66
4779 5006 6.97729 0.01317 0.45228 0.74441 145 95 18 141 108
638 7126 8.38777 3.08276 1.30127 2.07867 81 11 2 81 53
7439 7536 9.01095 0.02014 0.31445 0.73595 165 86 15 153 103
309 7279 8.28408 3.05634 1.19608 1.86004 111 0 0 95 40
760 7001 9.47981 2.96957 0.93423 1.53493 68 1 0 68 30
2206 2917 9.61615 0.02014 0.44939 0.89263 65 31 10 58 40
1161 4048 8.77239 0.04381 0.44643 0.22381 100 53 17 97 73
2210 2808 7.89985 0.01667 0.42596 0.61166 83 34 18 79 52
234 7350 9.02415 2.89622 0.28721 1.70731 53 16 22 45 29
1089 3981 6.38138 0.01787 0.29143 0.10087 184 132 25 182 121
2018 5615 9.04311 3.13053 1.15147 0.36477 134 1 2 130 44
4279 4540 7.24359 0.00657 0.53295 0.37846 135 57 13 126 99
2754 5452 6.50147 3.06345 0.68368 1.47379 173 43 22 159 100
4829 5011 9.23135 0.01152 0.34195 0.64102 108 92 12 108 75
1742 5870 7.37393 3.10240 0.94017 0.87626 96 2 11 85 25
2496 5472 8.41841 3.13883 0.62859 1.57072 52 2 17 39 16
1825 5812 7.39436 2.88813 0.43508 2.22246 91 20 4 91 61
1903 5720 6.21667 3.07774 0.68938 0.70997 112 12 2 110 58
1206 4106 6.03524 0.00229 0.20393 0.34492 170 143 7 168 148
2027 5608 7.60693 3.12759 0.90108 0.40251 90 4 1 79 47
2212 2976 7.05528 0.01499 0.30147 0.68242 125 80 11 110 86
570 3530 7.09110 0.01637 0.83909 0.43341 122 11 1 113 99
2845 5451 7.15587 3.05176 0.52533 1.58832 206 54 38 190 97
123 175 9.25447 0.05246 0.19545 0.53229 215 176 18 209 170
1147 4048 6.64139 0.03801 0.24347 0.23739 116 92 14 113 87
2209 2446 8.30669 0.01742 0.50322 0.59083 95 43 21 89 59
2212 2263 7.05931 0.01440 0.50640 0.56993 95 54 10 89 62
1870 5724 8.91625 3.09246 0.66541 0.59017 51 10 7 46 30
4679 5005 6.47636 0.01401 0.37132 0.87402 122 87 6 117 88
2746 3133 8.21439 0.02210 0.31514 1.23986 114 98 8 106 74
76 130 9.24672 0.01704 0.89219 0.51586 115 4 0 98 87
4278 4536 7.74697 0.00620 0.46376 0.34035 112 56 7 104 87
2209 2282 8.30669 0.01742 0.82417 1.35797 62 22 13 57 41
0 116 6.25731 0.00671 1.31569 0.57539 139 0 0 128 111
2578 5447 9.39792 2.99484 0.38604 1.70823 158 60 41 141 90
1468 6236 8.99346 3.13144 0.99017 2.61359 24 0 0 24 18
2206 2918 9.61615 0.02014 0.46639 0.67609 72 38 9 59 48
4276 4821 8.74164 0.00644 0.49403 0.43431 73 35 7 66 57
3681 7008 8.88049 2.95373 0.73483 1.85351 96 9 16 87 51
695 3638 6.35593 0.08498 0.24319 0.32021 103 76 11 93 65
468 3502 9.10533 0.04013 0.15140 0.45111 168 143 9 156 137
4276 4630 8.74164 0.00644 0.59407 0.35827 86 23 14 77 59
14 119 6.75472 0.00685 1.52201 0.37949 192 0 0 188 158
3130 5461 7.62674 3.11332 0.53363 1.96881 146 76 26 135 88
2211 2639 7.46408 0.01537 0.50853 0.53595 118 46 25 110 71
287 7302 7.03426 3.04653 0.96608 0.76259 102 0 0 98 66
7453 7539 7.02341 0.01901 0.27734 0.62620 220 141 13 206 166
4275 4655 9.23583 0.00795 0.70400 0.43521 49 12 3 47 35
2201 5466 9.08835 3.12536 0.92578 1.70869 110 7 12 108 46
4878 5005 6.47535 0.01434 0.42777 0.81613 107 78 7 107 75
4666 5011 9.23135 0.01152 0.38161 0.64041 95 75 9 93 66
2545 5472 8.41841 3.13883 0.56337 1.57421 55 14 8 51 25
340 7258 7.81961 3.10438 0.63636 1.29422 96 14 19 82 45
1301 6443 7.54493 3.13345 1.60896 2.82161 62 0 2 52 24
2620 5452 6.50147 3.06345 0.60491 1.47883 180 52 18 159 105
7451 7534 7.27279 0.02051 0.28636 0.51964 191 130 17 185 144
3154 5443 9.98226 2.95225 0.43024 1.66436 137 63 17 119 92
3868 6818 9.99512 3.07487 1.07333 2.58195 21 2 1 18 7
351 7260 8.32863 3.05738 0.63788 1.26021 69 15 1 67 32
2820 5446 9.95782 2.97944 0.63123 1.83184 130 40 34 109 67
562 3526 8.40425 0.01649 0.78733 0.96266 49 15 0 39 30
405 3460 8.39723 0.42252 0.74973 0.93545 98 28 8 87 59
995 6766 7.79357 2.81614 0.63183 1.64473 67 9 6 62 39
2422 3132 7.71632 0.02098 0.22618 1.15826 134 107 13 124 88
3738 6953 8.93784 3.04010 0.99480 2.57055 32 1 0 26 11
3930 6719 8.78650 3.02532 0.68857 1.41333 35 4 3 31 18
2356 5448 8.86914 3.01014 0.39588 1.71646 158 54 38 140 82
4280 4379 6.74054 0.00703 0.62237 0.39565 134 32 12 122 97
1707 5903 8.21058 3.09817 1.35442 1.55696 66 0 0 62 29
7455 7560 6.77560 0.01736 0.23975 0.53887 201 128 19 185 129
39 124 8.00137 0.01179 1.27028 0.69436 99 0 0 97 75
617 3576 8.80347 0.04926 0.32347 0.80162 67 52 12 59 39
2309 3131 7.28324 0.01849 0.30238 0.99544 164 139 11 152 107
3020 5451 7.15587 3.05176 0.64029 1.63087 201 37 27 187 113
2325 3134 8.68347 0.02207 0.18362 1.24207 108 93 11 101 70
3000 5472 8.41425 3.13870 0.60418 1.57868 58 6 17 46 13
2207 2524 9.15132 0.01857 0.40645 0.53302 84 38 12 79 56
2298 3136 9.74976 0.02280 0.66538 1.30446 69 46 9 61 27
2330 5449 8.27479 3.02441 0.50350 1.70479 149 38 26 122 70
2357 5449 8.27479 3.02441 0.43383 1.71555 151 30 39 123 61
2211 2384 7.46408 0.01537 0.51386 0.65072 126 62 11 122 87
769 3703 8.07195 0.09700 0.20055 0.53376 108 93 8 108 84
677 3626 9.27202 0.11522 0.27709 0.45714 69 55 4 59 44
1008 6713 8.80059 2.78999 0.86707 0.78634 63 0 6 52 23
2206 2816 9.62021 0.01968 0.50204 0.51889 63 33 14 59 35
2207 2937 9.14726 0.01905 0.51355 0.55532 78 42 13 75 59
998 3918 8.83965 0.42388 0.09946 1.53136 131 89 20 122 90
4276 4912 8.74270 0.00655 0.52607 0.47970 96 31 15 94 71
999 6748 7.62398 2.63895 0.76104 2.30715 87 14 7 81 63
1230 6503 9.51218 3.12622 1.47139 2.69660 44 0 0 44 19
2214 2496 6.31081 0.01296 0.46472 0.50976 105 67 5 103 77
1575 6061 7.32756 3.12468 0.68656 1.03552 83 18 6 79 41
238 7354 7.98805 2.95459 0.30400 1.66507 51 23 11 44 31
2071 5564 7.75068 3.07135 2.06527 1.49200 73 0 1 63 25
2451 3135 9.21658 0.02187 0.26393 1.24144 132 97 24 126 73
3899 6784 9.02407 3.02880 0.39812 1.91418 135 79 10 127 87
991 3913 9.04006 0.61595 0.20508 1.03173 122 96 18 117 91
3921 6704 7.30979 2.94062 0.96677 1.48569 80 3 0 64 29
2849 3135 9.22050 0.02097 0.33743 1.18960 128 101 17 125 64
1074 6656 6.49151 3.13819 0.98700 2.21081 170 2 0 163 56
3910 6756 7.59464 2.94306 0.50771 2.03567 81 44 8 78 52
1823 5814 7.28356 2.88911 0.44950 2.08994 122 28 8 116 74
1795 5807 8.05128 2.42677 0.43189 0.96144 97 15 18 80 40
124 182 9.75483 0.07644 0.25352 0.64710 217 156 11 213 172
3647 7054 8.79117 3.06091 0.44269 1.48885 39 12 4 30 19
2517 5452 6.50147 3.06345 0.66513 1.47353 162 42 19 146 96
3075 5448 8.87250 3.01017 0.59592 1.69835 156 48 33 141 82
964 6802 8.84034 2.92097 1.39044 2.86731 60 5 3 58 32
580 3532 9.63056 0.07808 0.36059 0.17017 80 61 11 73 64
4886 5011 9.23034 0.01182 0.23011 0.75381 76 62 6 70 42
2206 2566 9.62021 0.01968 9.25504 1.12848 62 12 2 38 34
1289 6443 7.75329 3.09973 1.42841 2.77192 89 0 0 74 32
513 7192 7.78678 3.11787 1.07670 1.17703 8 1 0 8 5
2415 5447 9.39792 2.99484 0.43536 1.70548 134 42 32 118 70
2213 3078 6.71145 0.01429 0.37237 0.55953 93 65 11 89 63
1007 6759 8.99127 3.08092 0.65110 0.85866 119 26 3 115 88
7444 7555 8.26844 0.02313 0.37864 0.76566 146 104 12 137 106
1993 5660 6.54897 3.09420 0.82968 0.29871 77 4 7 72 26
377 3471 8.38884 0.22149 0.51947 1.21885 109 66 9 107 60
4281 4913 6.48884 0.00930 0.42826 0.52934 132 77 15 130 99
2815 5473 9.12219 3.13683 0.52856 1.62799 51 16 9 45 22
1208 6537 6.23759 3.14125 1.05178 2.64575 169 1 1 163 105
991 3882 7.44344 0.49205 0.11854 1.35566 239 135 21 231 202
1864 5763 9.48971 3.04119 10.00581 174.24735 7 0 1 1 0
2842 3136 9.75365 0.02190 0.31638 1.24866 119 91 16 119 60
2210 2996 7.89585 0.01728 0.46921 0.64407 92 36 31 84 51
824 6942 8.39275 3.12884 1.04618 2.76074 64 2 2 58 31
4278 4912 7.74800 0.00648 0.57266 0.35277 114 44 7 112 84
1214 4116 7.80690 0.01096 0.20916 0.84858 150 125 11 146 117
2230 5475 8.86230 3.13212 8.99798 2.25793 38 0 0 29 20
3904 6753 7.15615 2.66604 0.74352 2.01848 143 24 8 136 98
3567 7126 8.26912 3.07413 1.59899 2.26590 74 1 0 54 17
2450 5470 7.07026 3.14056 0.60951 1.56948 115 46 21 103 57
744 7023 7.79316 2.96314 0.92114 1.62823 99 4 0 97 59
3754 6936 8.44827 3.13520 1.56957 2.90704 27 0 0 25 8
1598 6035 8.47682 3.12673 0.43405 2.65137 149 17 35 135 85
3146 5422 6.97215 2.48773 0.82586 1.69119 182 32 16 175 114
886 6878 9.87546 3.13983 0.69937 3.59467 19 0 0 15 13
992 6772 7.74521 2.84845 0.62001 2.19464 115 40 11 109 55
2303 5474 9.74327 3.13536 0.36489 1.60718 43 26 1 31 22
608 3553 6.13924 0.08823 0.09800 0.78435 93 75 11 93 54
2713 3132 7.71632 0.02098 0.23858 1.15555 183 154 12 176 124
3949 6677 7.07105 3.13042 1.15040 1.86718 124 0 0 118 52
1005 6744 6.82574 2.78239 0.59316 2.58407 17 0 0 14 13
4280 4752 6.74054 0.00703 0.58413 0.43341 158 52 11 153 118
7444 7515 8.27219 0.02325 0.24162 0.71382 145 109 11 132 99
621 7125 6.94119 3.08621 1.79917 2.26296 95 0 0 91 36
2409 3129 6.38104 0.01703 0.34940 0.90871 182 143 15 176 117
1908 5720 7.88121 3.06799 0.45809 0.89438 73 25 9 70 36
942 6830 8.97944 3.13629 1.23185 1.26176 41 0 1 39 21
2208 2375 8.74450 0.01795 0.66144 0.51889 82 27 15 77 48
3113 5450 6.49088 3.03685 0.88163 1.84589 122 19 10 104 34
2208 2452 8.74450 0.01795 0.55907 0.51964 62 20 23 56 35
1681 5966 8.09391 3.12582 0.56696 0.41307 79 21 13 79 37
3890 6789 7.54808 3.04971 0.64867 2.03413 118 12 7 106 38
549 7163 6.10530 2.99765 1.65340 2.85554 13 0 0 10 7
3914 6740 6.22564 2.83310 0.56326 1.33354 130 54 7 120 98
2738 5447 9.39792 2.99484 0.65291 1.71075 127 34 30 112 68
2838 3132 7.72025 0.02004 0.28680 1.09754 172 137 14 158 115
3585 7107 7.75505 3.05332 1.24878 1.61592 47 0 1 41 22
750 7016 7.93146 2.95943 1.16830 1.69165 105 0 0 94 68
2209 3018 8.30266 0.01799 0.48592 0.66441 98 38 27 93 70
951 6813 9.81957 3.02827 0.83908 2.72807 39 3 3 35 11
2100 5558 7.92588 3.10481 0.85232 2.36645 33 8 0 31 10
1418 6315 8.63188 3.10861 0.55262 1.52444 42 13 6 42 27
2769 3136 9.74976 0.02280 0.21472 1.30206 119 89 13 109 67
2201 5469 7.18537 3.11991 0.79098 1.74944 160 18 22 146 71
3037 5450 7.63132 3.03842 0.52008 1.66083 131 28 16 124 54
4062 6581 8.58875 3.11237 0.87269 2.16898 84 3 3 78 42
2681 5446 9.95436 2.97941 0.51543 1.81876 127 30 26 107 58
1083 3973 9.05347 0.01365 0.35638 0.29342 169 104 38 169 105
4756 5006 6.97729 0.01317 0.36480 0.74019 135 94 17 129 88
4858 5007 7.22835 0.01251 0.18360 0.76208 90 65 15 90 53
3464 7232 9.44373 2.70518 1.11610 0.89175 67 0 1 58 26
4275 4512 9.23583 0.00795 0.54725 0.75381 60 16 6 58 43
2221 3125 8.66310 0.01862 0.31207 0.91257 95 62 18 85 53
2161 5498 7.97341 3.10915 1.10826 1.93290 77 0 18 65 28
5216 5361 9.21521 0.01971 0.50712 1.14603 100 57 13 100 63
383 3474 8.84289 0.16241 0.41431 0.70776 96 60 4 85 59
2212 2279 7.05931 0.01440 0.38846 0.51052 50 31 4 40 34
4274 4744 9.73562 0.00853 0.59113 0.55107 72 24 12 68 55
985 6781 7.96956 2.83848 0.50475 1.59888 164 66 8 164 101
4354 5009 8.22831 0.01280 0.26485 0.80064 92 76 7 80 64
1296 6433 9.75813 3.11199 1.55659 2.10078 37 0 1 27 9
2331 5448 8.86914 3.01014 0.37943 1.73551 137 43 37 111 62
2925 5469 6.43011 3.13826 0.51543 1.61204 133 45 30 109 68
402 7239 6.26229 3.01291 0.97178 0.34492 75 2 5 69 43
236 7351 8.38962 2.92257 0.45540 1.74496 93 16 32 88 53
1573 6058 9.68912 3.13778 0.99235 0.88470 72 6 0 66 17
3157 5437 8.36000 2.83730 0.66857 1.31224 97 14 4 84 70
3837 6837 9.21742 3.13681 1.42089 2.04737 52 0 0 46 18
796 3727 8.35603 0.14627 0.35743 0.76923 109 77 5 102 74
4279 4915 7.24459 0.00718 0.52729 0.45628 126 59 9 124 95
5221 5274 6.23626 0.01070 0.37018 0.61294 99 58 11 83 70
2423 5446 9.95436 2.97941 0.67892 1.82070 132 41 19 123 55
4277 4414 8.24671 0.00666 0.62086 0.40830 104 32 13 104 76
2610 5450 7.62811 3.03839 0.43485 1.67538 122 26 33 99 46
7426 7479 8.21289 0.18003 0.30271 0.72685 85 53 11 60 53
2418 5447 9.39792 2.99484 0.41780 1.70731 109 38 28 100 53
578 3553 9.94837 0.13246 0.41961 0.70388 8 5 1 4 3
1435 6293 7.34076 3.13435 0.82446 2.73695 79 5 3 71 23
2212 2739 7.05931 0.01440 0.26473 0.80697 103 57 10 97 73
297 7300 7.92577 3.07404 0.79691 0.91771 95 10 6 87 42
4647 5009 8.22831 0.01280 0.29287 0.74546 126 114 7 126 102
4533 5012 9.73032 0.01224 0.34803 0.68528 110 91 13 110 82
2471 3130 6.81614 0.01729 0.21926 0.93545 168 139 19 158 109
2207 2356 9.15132 0.01857 0.52550 0.53959 72 30 13 63 45
1613 6044 8.69831 3.12912 0.69895 2.65137 147 14 13 137 64
2291 3131 7.28324 0.01849 0.31230 0.99544 131 101 10 109 78
961 6812 8.40124 3.02082 1.21709 3.06682 66 1 4 62 31
3957 6683 8.41929 3.13789 1.29992 2.26693 78 0 1 72 22
329 7270 7.86289 3.11572 0.99064 1.95084 103 8 0 101 64
1987 5667 7.41238 3.09275 0.80560 0.46730 89 14 27 87 45
2010 5624 8.46965 3.13278 0.80551 1.13229 139 3 11 135 61
1621 6034 7.60098 3.13524 0.42638 2.57982 120 27 25 109 37
4697 5011 9.23135 0.01152 0.37924 0.64407 78 58 11 76 52
410 3462 7.58472 0.39420 0.52053 0.77228 115 48 11 109 66
473 7216 8.97748 3.10958 0.98875 1.27534 51 4 0 49 34
5213 5300 9.48157 0.01294 0.52792 0.77329 84 32 8 74 52
1977 5678 8.68829 3.10964 0.74359 0.42336 108 13 8 106 53
2217 3111 6.10278 0.01829 0.38047 0.94502 166 125 13 160 108
2204 5464 9.00670 3.13532 1.03603 1.53366 135 8 3 133 75
2357 5469 6.43415 3.13832 0.55122 1.67164 106 41 15 95 67
1924 5716 9.60426 3.05513 0.26703 0.62432 39 15 11 33 18
400 3479 9.90168 0.09404 0.48559 0.67782 80 29 8 75 46
3907 6722 9.09452 2.56960 0.71120 0.69549 17 3 2 11 8
1049 6673 9.94772 3.14090 1.30412 1.87388 57 0 0 51 17
1839 5796 8.82238 2.98785 0.40751 1.45104 81 20 12 71 36
2210 2277 7.89985 0.01667 0.38269 0.62244 64 27 19 62 32
2212 3034 7.05528 0.01499 0.37849 0.56786 117 67 12 110 83
2211 2712 7.46408 0.01537 0.55246 0.69492 103 38 15 88 51
3605 7104 9.92435 3.09703 0.74570 1.39213 53 3 3 45 26
5260 5389 9.74728 0.11169 0.18979 0.58484 44 32 9 41 26
1001 6733 8.40165 2.58308 0.80149 1.48464 70 6 11 68 39
1834 5806 9.53076 2.83308 0.25235 1.44483 80 14 7 78 42
2470 5451 7.15281 3.05173 0.60050 1.60279 178 33 30 161 93
3879 6806 8.41129 3.04595 1.32894 2.53605 96 0 0 88 45
3914 6743 6.54219 2.86223 0.73001 1.75480 51 12 1 43 42
4351 5005 6.47636 0.01401 0.52516 0.79179 108 72 7 103 72
7463 7545 6.02902 0.00892 0.23132 0.56093 212 143 12 201 168
2917 3129 6.38498 0.01619 0.28332 0.85547 172 140 12 172 126
2008 5629 6.18622 3.13547 0.83513 1.08246 155 11 4 147 58
328 7273 8.35509 3.13258 1.03153 1.76503 70 3 0 61 44
391 3475 7.92672 0.15082 0.47137 0.90092 87 44 6 83 58
3890 6800 9.86856 2.99246 0.89707 2.19285 90 5 3 86 29
386 3457 8.07681 0.45311 0.75595 1.29180 104 23 5 96 63
2949 5472 8.41425 3.13870 0.62021 1.57022 57 13 16 53 15
4278 4379 7.74697 0.00620 0.55925 0.39167 137 55 15 129 102
796 3710 8.11798 0.15116 0.29243 0.43790 124 90 16 120 95
1643 5981 8.94154 3.06495 1.37133 1.09825 97 24 6 93 36
4812 5010 8.72943 0.01221 0.42120 0.86411 99 61 18 93 60
2855 3136 9.75365 0.02190 0.33503 1.27072 125 88 25 118 56
3576 7132 7.26222 3.09738 1.02234 2.06090 78 7 11 71 27
883 3801 6.25627 0.00664 0.13912 0.37639 153 121 12 149 111
3471 7229 6.40971 2.83879 1.32528 0.62807 103 0 0 87 40
4096 6545 7.56092 3.13368 1.08114 1.73190 89 0 0 82 55
2825 3136 9.75365 0.02190 0.24977 1.27441 119 87 13 107 56
2832 3130 6.82008 0.01641 0.31673 0.87133 186 155 23 183 130
943 3841 7.99601 0.01136 0.33104 0.63551 55 34 7 55 32
613 3570 6.05469 0.02257 0.30785 0.80746 85 71 10 81 58
709 3636 7.17973 0.08223 0.29727 1.43422 42 19 3 38 25
1779 5828 8.61750 2.78468 0.98110 0.91343 45 2 2 29 12
4279 4710 7.24359 0.00657 0.56170 0.45370 145 65 10 136 102
3913 6749 7.21635 2.92368 0.76334 2.15522 164 48 8 162 123
2437 5447 9.39792 2.99484 0.52454 1.72488 136 44 26 126 68
1063 3971 8.46015 0.01241 0.36369 0.49732 129 96 9 129 95
1848 5750 6.31485 3.11990 0.95168 0.87133 77 13 0 70 45
1726 5910 9.41670 3.13503 0.78603 0.56579 70 8 4 61 36
3111 5445 9.66119 2.96472 0.85448 2.05176 109 31 7 99 45
5214 5315 8.98250 0.01281 0.55534 0.81517 104 52 7 100 70
267 7329 7.66987 3.10569 0.62101 1.26702 90 28 5 90 48
2072 5583 6.88980 3.05089 1.55646 1.18960 43 4 3 41 21
1741 5893 7.90843 3.13051 0.88237 1.27595 135 3 5 130 90
462 7207 6.09137 3.07789 1.38301 0.76413 165 0 0 163 120
826 6949 9.73928 3.07305 0.93410 2.77432 11 0 1 9 5
4138 6495 6.20051 3.12939 1.56168 3.12725 68 0 0 66 25
4276 4393 8.74164 0.00644 0.55454 0.38664 112 33 18 110 77
4276 4694 8.74164 0.00644 0.56077 0.43790 106 38 10 101 76
1867 5754 6.46556 3.05899 0.80395 0.70776 51 14 5 48 24
7459 7513 6.28277 0.01268 0.34000 0.42058 190 122 15 184 142
905 6867 9.53467 3.13166 1.28215 1.97040 71 0 0 68 31
1554 6101 6.73790 2.79697 0.61815 1.46313 161 33 6 150 55
1780 5831 6.77110 2.86797 0.77702 0.98715 95 20 10 73 32
2654 5472 8.41841 3.13883 0.26817 1.57296 57 25 21 51 33
881 3802 9.26139 0.01074 0.31259 0.61992 135 83 36 128 105
472 3503 8.06794 0.03915 0.26659 0.29475 154 116 5 141 123
642 3577 8.50064 0.08668 0.18001 0.52190 88 51 7 84 56
4274 4403 9.73562 0.00853 0.52989 0.51205 63 30 5 58 44
3553 7139 8.72241 3.08795 1.23044 1.83909 42 0 0 39 10
7463 7516 6.03265 0.00865 0.28310 0.48457 182 107 14 169 145
4904 5007 7.22737 0.01275 0.27604 0.77531 135 120 9 135 93
2487 5446 9.95436 2.97941 0.47426 1.81768 136 38 34 121 62
1779 5858 7.42106 3.09977 0.28664 2.43639 39 2 2 19 19
2214 2700 6.31081 0.01296 0.38388 0.52934 114 69 15 100 74
1871 5755 9.41347 3.05562 0.85174 0.42613 14 0 0 7 7
4564 5006 6.97729 0.01317 0.49257 0.74019 110 77 9 110 80
2207 3096 9.14726 0.01905 0.55417 0.56648 79 29 11 79 48
3505 7204 8.08422 3.12594 1.60832 0.25641 154 0 0 148 105
4947 5007 7.22739 0.01228 0.28669 0.75381 97 81 10 93 68
793 3706 9.20334 0.16882 0.46358 0.22900 108 55 21 108 78
2980 5447 9.40139 2.99486 0.46154 1.69443 140 40 35 122 75
7441 7544 8.76338 0.02172 0.13391 0.84627 152 103 12 142 97
1134 6602 6.04903 3.09806 1.14035 1.85372 182 1 2 174 103
3161 5407 7.35825 2.06659 0.91219 0.98755 139 12 6 131 72
3682 7009 8.78194 2.95251 0.89989 1.74091 108 4 2 100 51
518 7191 9.42236 3.09346 2.48917 4.18076 9 0 0 3 4
2398 5452 6.50147 3.06345 0.60556 1.47777 152 43 21 141 82
2609 5452 6.50147 3.06345 0.67751 1.48385 162 53 15 147 82
4882 5006 6.97627 0.01347 0.41709 0.78185 166 138 10 159 123
4669 5007 7.22835 0.01251 0.34541 0.70776 133 111 13 128 99
1462 6242 9.75877 3.12826 1.32989 2.01635 13 0 0 11 8
4012 6617 8.47560 3.09249 1.30591 2.65137 58 0 0 47 28
2777 5447 9.39792 2.99484 0.43880 1.74921 140 53 39 128 87
2206 2639 9.62021 0.01968 0.48475 0.50513 78 37 15 75 55
510 7177 8.13567 2.99204 1.73991 1.99645 30 0 0 23 18
2206 2379 9.62021 0.01968 0.50675 0.57471 73 39 10 73 50
1105 6641 9.35037 3.13603 0.93964 2.84785 41 8 1 35 12
2652 5446 9.95436 2.97941 0.48534 1.82285 126 30 25 104 61
865 6907 9.40724 3.12144 1.47087 3.16694 29 0 0 29 21
1105 6640 8.38164 3.13817 0.94810 2.73165 84 7 2 76 36
2429 5470 7.07026 3.14056 0.52894 1.56798 121 55 14 107 71
3536 7174 7.69608 3.11092 6.35130 178.24253 6 0 0 1 3
2565 5449 8.27479 3.02441 0.65066 1.72397 161 34 35 147 81
3662 7037 9.32791 2.99156 1.18618 0.87312 56 0 0 52 27
3958 6681 7.63994 3.13805 1.36271 2.10821 107 0 4 89 31
983 3908 9.83993 0.73195 0.10599 1.30985 109 63 18 100 85
960 3885 9.71795 0.25081 0.85684 1.57545 120 72 20 120 74
2369 3129 6.38104 0.01703 0.34430 0.91000 177 128 11 169 126
755 3674 7.47254 0.02445 0.74521 0.90784 103 49 1 101 76
267 7320 7.15855 3.12560 0.71079 0.76923 127 17 5 121 77
4738 5011 9.23135 0.01152 0.37918 0.65492 89 67 15 89 59
4168 6482 6.19007 2.77689 0.93942 1.77498 91 8 5 81 43
1353 6390 9.99442 3.13065 1.23158 2.17691 21 0 0 18 9
2848 3130 6.82008 0.01641 0.25073 0.86185 176 150 22 176 115
1312 6419 6.47478 3.12101 1.25086 1.99743 56 0 1 46 27
1913 5719 8.74755 3.06586 0.49670 1.62076 67 10 12 63 48
4466 5012 9.73032 0.01224 0.26363 0.80308 76 59 6 74 55
2477 5452 6.50147 3.06345 0.65445 1.47379 179 53 34 154 102
60 123 7.75199 0.01046 1.37869 0.39664 152 0 0 150 125
4274 4605 9.73562 0.00853 0.61417 0.46225 69 22 6 67 48
4278 4981 7.98478 0.01053 0.55580 0.59083 69 21 6 61 42
4165 6489 9.95233 2.84905 1.04341 1.48411 16 0 1 12 8
2208 2589 8.74450 0.01795 0.47652 0.52638 83 35 26 81 51
986 3907 7.98932 0.59742 0.15846 0.95532 128 94 16 120 93
4860 5012 9.73032 0.01224 0.28903 0.68756 89 78 5 84 71
2348 3131 7.28324 0.01849 0.28889 1.00132 161 136 9 141 104
2690 5472 8.41841 3.13883 0.43721 1.58856 61 23 17 55 24
939 6834 9.23722 3.13967 0.76013 1.33149 48 3 3 48 26
806 6961 9.69370 3.07284 0.83950 2.44841 24 1 2 22 13
2212 2409 7.05931 0.01440 0.26160 0.63674 105 72 10 96 72
2206 2557 9.62021 0.01968 0.52783 0.54393 85 37 22 85 59
2121 5543 7.77936 3.13490 1.46617 1.63423 94 4 0 85 53
1029 3923 6.43991 0.06133 0.33237 0.85638 86 59 16 84 55
3047 3129 6.38498 0.01619 0.25488 0.84950 161 132 14 157 116
850 6921 8.86297 3.10378 1.00801 3.42005 35 0 0 33 20
260 7330 7.07145 3.10825 0.56173 1.23638 120 26 8 112 62
4500 5012 9.73032 0.01224 0.18840 0.68528 103 85 12 103 71
1795 5811 6.77086 2.53752 0.48598 1.05276 140 27 6 140 57
1262 4155 8.04873 0.01201 0.24635 0.70109 69 56 11 67 47
3586 7122 7.70303 3.12117 1.26893 1.98169 60 20 6 54 38
1990 5646 6.02754 3.10022 1.01392 0.34605 130 2 6 113 68
986 6771 8.91726 2.58445 0.77916 1.76769 120 16 1 118 39
1241 4131 6.29146 0.00992 0.17324 0.16313 94 79 12 94 76
1825 5808 6.11516 2.99978 0.37032 1.95244 139 31 2 132 80
2399 3129 6.38104 0.01703 0.35300 0.90914 183 144 12 178 122
2353 5474 9.74327 3.13536 9.88374 179.64064 53 2 0 47 36
2207 2323 9.15132 0.01857 0.49785 0.59149 83 33 16 75 54
2210 2901 7.89585 0.01728 0.46169 0.63242 70 33 22 60 36
597 3542 9.20671 0.15603 0.38435 0.25179 7 4 0 3 3
702 7049 7.26009 3.05924 1.24509 1.39128 63 0 0 59 27
7436 7505 9.26103 0.01998 0.12928 0.76464 122 88 14 107 74
2884 5473 9.11808 3.13676 0.38222 1.62100 47 22 7 40 26
2812 5450 7.62811 3.03839 0.70910 1.68632 154 24 27 138 76
2206 2613 9.62021 0.01968 0.54292 0.48939 62 30 17 62 42
4279 4852 7.24359 0.00657 0.55439 0.40154 128 46 13 126 96
2572 3129 6.38104 0.01703 0.27307 0.90871 212 184 15 202 153
2832 3132 7.72025 0.02004 0.27208 1.09682 171 135 22 161 113
948 3847 6.75023 0.00729 0.19259 0.11535 139 115 14 132 101
2211 2943 7.46004 0.01595 0.47289 0.61166 119 62 12 115 82
2214 2548 6.31081 0.01296 0.40727 0.50822 138 73 22 124 92
2877 3136 9.75365 0.02190 0.25729 1.25429 127 103 15 124 63
2533 3132 7.71632 0.02098 0.22453 1.19124 156 120 17 148 102
2604 3136 9.74976 0.02280 0.17343 1.30866 103 77 18 99 55
2535 5472 8.41841 3.13883 0.48892 1.57122 51 14 13 44 20
7443 7523 8.26761 0.02271 0.25107 0.93293 180 107 12 178 148
3781 6906 9.79097 3.11737 1.25890 2.93692 11 0 0 8 7
1557 6084 8.72893 2.87815 0.99376 1.50740 118 21 41 109 38
4353 5007 7.22835 0.01251 0.28035 0.86773 121 96 12 117 82
4054 6574 9.32282 3.08788 0.89916 2.28653 130 3 5 120 88
1266 6467 8.67367 3.11663 1.51001 2.20034 31 2 0 24 14
1672 5941 8.99662 3.08630 0.86449 0.94874 58 5 2 51 35
4357 5008 7.72929 0.01270 0.22516 0.76002 96 78 10 89 57
837 6931 8.03754 3.08656 1.10640 2.97572 28 0 1 28 9
2595 5451 7.15281 3.05173 0.54197 1.60254 185 52 30 165 85
4938 5012 9.72931 0.01197 0.35393 0.70942 99 84 9 97 77
3073 5471 7.71851 3.14159 0.56888 1.68888 83 27 17 71 47
4274 4945 9.73662 0.00880 0.49609 0.47478 66 26 6 64 45
408 7241 8.42200 2.99966 0.90415 0.80649 118 3 1 114 72
4279 4426 7.24359 0.00657 0.58015 0.38563 141 48 17 135 108
2757 3133 8.21439 0.02210 0.26379 1.24835 125 100 18 119 83
1000 3890 7.72755 0.62957 0.21464 0.54680 139 105 23 134 114
2333 3133 8.21439 0.02210 0.31205 1.23954 123 102 15 119 87
1558 6153 8.40685 2.99165 0.17805 1.24929 51 17 8 36 32
4278 4795 7.74697 0.00620 0.46293 0.33338 111 55 15 107 77
5226 5373 7.97901 0.01207 0.56465 0.73860 73 25 1 64 51
4279 4968 7.24459 0.00718 0.54473 0.49099 140 67 16 136 105
753 7007 8.71383 2.95878 0.89899 1.40500 110 2 2 104 56
1564 6139 7.85592 3.14009 0.52764 1.34086 56 18 8 54 34
360 3461 8.42591 0.56425 0.50012 1.03854 203 74 46 201 94
1555 6083 9.97645 2.83330 0.66538 1.49279 71 8 5 63 20
2214 5461 6.99633 3.12912 0.68359 1.75613 120 8 12 108 61
2203 5465 8.79887 3.13088 0.91227 1.57147 103 1 11 94 37
4352 5009 8.22831 0.01280 0.26869 0.76923 97 75 10 89 59
580 7166 6.75650 3.13920 4.23180 6.92215 5 0 0 3 3
2987 3132 7.72025 0.02004 0.28808 1.10216 172 146 8 168 126
4281 4447 6.48777 0.00921 0.40973 0.51510 136 78 16 130 101
4280 4922 6.74154 0.00758 0.59034 0.47230 164 56 10 157 127
23 128 8.74646 0.01552 1.37754 0.79328 112 0 0 108 84
2210 3112 8.96826 0.02561 0.56301 1.20333 89 44 17 80 58
1953 5674 6.49952 3.02361 1.14322 0.16786 155 3 52 148 55
1304 6428 6.30699 3.12987 1.15633 1.82992 106 1 0 92 50
3935 6704 6.15539 3.08304 0.87663 2.07471 140 9 1 138 53
1349 6393 8.77225 3.13039 0.77683 2.40061 27 4 3 25 13
2208 2876 8.74044 0.01846 0.51747 0.57743 76 22 25 66 40
507 3525 9.45638 0.11309 0.19471 1.04268 25 16 3 16 17
4632 5010 8.72943 0.01221 0.44912 0.68357 83 67 4 76 50
4276 4659 8.74164 0.00644 0.48930 0.42428 87 47 5 84 65
2676 5471 7.72262 nan 0.60817 1.69996 83 30 19 67 44
7453 7522 7.02344 0.01922 0.26511 0.53008 200 141 22 196 147
3057 5448 8.87250 3.01017 0.43614 1.69489 155 46 32 148 71
1212 6533 6.02379 3.13868 1.15218 2.66697 82 0 0 71 40
991 6775 7.67545 2.89277 0.80693 2.28225 136 32 4 132 85
1154 6582 6.56779 3.11440 1.22099 1.98386 104 0 0 98 64
1219 4106 8.73666 0.01921 0.39951 0.91898 73 45 12 67 44
3655 7042 6.87159 3.04810 1.27535 1.24710 77 0 0 72 49
4449 5008 7.72929 0.01270 0.24674 0.74072 111 96 6 111 77
686 7063 8.10024 3.02991 1.58276 1.56047 9 0 0 3 2
4468 5008 7.72929 0.01270 0.42600 0.77430 89 59 14 89 52
4484 5009 8.22831 0.01280 0.31159 0.72308 94 80 8 92 67
4281 4564 6.48777 0.00921 0.38372 0.51586 151 96 16 147 108
1007 6715 8.77823 2.76776 0.61898 0.78882 41 9 6 41 16
2183 5480 9.03828 3.10013 0.94060 1.63135 133 0 1 116 87
7451 7529 7.27239 0.02060 0.24677 0.54608 213 157 19 206 173
3926 6727 8.23723 2.97471 0.79942 1.03929 40 3 0 40 25
2287 5469 6.43415 3.13832 0.54963 1.68121 71 51 4 60 45
2954 3134 8.68742 0.02113 0.14916 1.19877 103 78 17 89 60
1886 5735 6.61034 3.12959 0.69316 0.95368 54 15 11 48 28
515 7173 9.12475 2.98976 1.88937 2.32001 21 0 0 15 7
1943 5707 9.47968 2.97040 0.27880 1.00717 80 32 11 66 32
4276 4353 8.74164 0.00644 0.57220 0.42978 93 34 9 89 68
2212 2315 7.05931 0.01440 0.44425 0.51358 91 50 7 85 64
1774 5861 6.16805 3.13122 0.61694 0.50513 104 31 13 97 65
1680 5969 8.59686 3.08517 0.45191 0.28116 62 19 16 55 26
2209 2467 8.30669 0.01742 0.55417 0.62683 96 39 10 86 64
2212 3063 7.05528 0.01499 0.28623 0.76974 109 63 8 105 79
636 7113 6.70800 3.08423 1.29846 1.98268 74 3 0 68 41
382 7229 9.26749 3.05196 1.31737 0.54965 32 0 0 32 17
1628 6004 6.72817 2.93612 0.66600 0.72416 131 14 13 125 67
3537 7158 6.44118 3.06323 1.34822 2.03144 20 0 0 13 13
363 7240 8.81019 3.12807 1.34723 0.84023 40 0 0 24 13
3157 5408 8.25874 2.09620 0.71615 1.49043 155 35 33 147 84
2984 5470 7.06619 3.14040 0.56725 1.56923 114 53 23 104 56
5214 5305 8.98250 0.01281 0.52356 0.74230 90 44 13 90 60
2886 5474 9.73913 3.13529 10.59346 179.64118 42 0 0 28 23
5216 5305 8.23545 0.01082 0.40697 0.63735 109 64 15 106 70
2077 5581 8.86872 3.05540 0.94522 2.92088 12 0 0 4 3
1245 4132 9.55071 0.00512 0.31145 0.52039 26 17 3 24 18
3877 6805 7.82112 2.99631 1.04874 2.58043 105 3 3 99 42
1551 6162 7.77835 2.96031 0.30138 1.74630 73 27 6 71 37
892 6872 9.85390 3.13573 1.18005 2.50374 71 0 0 69 29
2857 5447 9.40139 2.99486 0.42865 1.69304 139 35 42 119 84
1006 6738 6.86827 2.75015 0.58749 1.11908 93 30 6 89 63
2546 3136 9.74976 0.02280 0.22751 1.30386 120 98 19 114 75
1747 5886 6.91568 3.12976 0.93540 0.64528 83 12 6 81 37
3035 5470 7.06619 3.14040 0.59103 1.58708 114 51 23 103 61
3959 6679 6.72255 3.13817 1.02827 2.14357 156 12 1 139 83
265 7332 7.92102 3.10089 0.61745 1.37487 152 33 14 148 92
445 7214 6.63935 3.10467 1.39572 1.27779 120 0 0 114 75
4439 5007 7.22835 0.01251 0.27275 0.70053 85 67 14 79 48
571 7172 8.46294 3.08243 6.96139 1.93067 18 0 0 9 7
2653 5470 7.07026 3.14056 0.55549 1.56148 116 57 25 108 59
424 3467 6.30296 0.32022 0.49519 0.72091 155 69 11 147 104
2210 2990 7.89585 0.01728 0.38263 0.64468 101 51 31 93 62
5212 5307 9.98261 0.01292 0.59062 0.73329 113 46 12 111 73
1016 6708 6.67500 2.91746 0.82920 0.86773 85 4 0 80 56
4853 5007 7.22835 0.01251 0.40410 0.73115 109 89 10 109 73
3759 6925 8.31132 3.09284 1.09833 2.77008 69 0 0 61 35
1408 6311 8.63678 3.11909 1.09252 1.37857 36 1 0 34 24
5219 5291 6.98533 0.01072 0.33128 0.61294 128 95 11 118 98
2217 5480 9.16221 3.12167 0.54445 2.18301 102 18 12 91 48
275 7305 9.35550 3.05865 0.82017 0.71162 75 11 4 72 46
2963 5474 9.73913 3.13529 0.33968 1.60572 50 37 6 48 32
991 6758 9.36892 2.46419 0.61150 2.05042 90 13 4 86 33
2932 5446 9.95782 2.97944 0.52958 1.82177 135 32 26 107 61
336 7265 7.68116 3.12883 0.69411 2.19535 74 14 8 72 36
4277 4404 8.24671 0.00666 0.50548 0.50435 111 44 19 107 81
456 7225 9.45033 3.09646 22.64023 160.50395 4 0 0 2 2
1580 6089 7.05859 3.12697 0.51572 0.73966 75 31 28 67 28
2723 5471 7.72262 nan 0.61735 1.66718 83 29 14 63 41
451 7211 6.97519 3.09766 1.18100 1.24112 150 0 0 141 87
934 6832 9.16887 3.13536 0.83327 1.71281 68 0 2 64 46
1493 6224 6.95757 3.14159 0.90504 3.41971 58 5 3 58 23
7445 7529 8.01682 0.02384 0.32636 0.77430 158 74 12 147 109
2210 2342 7.89985 0.01667 0.56904 0.62683 74 21 10 72 47
1663 5951 9.41400 2.92748 1.00971 1.53926 46 4 1 41 17
2984 5472 8.41425 3.13870 0.40196 1.57122 63 20 19 54 20
1257 6493 9.92770 3.11692 0.89840 1.62678 27 4 1 22 18
1850 5748 6.34892 3.11545 0.97451 1.23701 58 7 3 45 32
2210 2723 7.89985 0.01667 0.45012 0.60652 101 38 24 99 60
4278 4816 7.74697 0.00620 0.53409 0.35166 109 39 9 105 81
864 3787 9.49413 0.01224 0.18932 0.69097 84 57 14 80 59
446 3490 7.26793 0.02588 0.30083 0.26244 144 105 9 142 119
2717 5473 9.12219 3.13683 0.63586 1.83952 45 18 8 41 29
2710 5448 8.86914 3.01014 0.61115 1.69996 152 52 29 140 77
3120 5441 9.81170 2.89452 0.69958 2.16645 74 15 10 65 39
2353 5469 6.43415 3.13832 0.41529 1.58560 105 58 16 98 61
2467 3133 8.21439 0.02210 0.29540 1.23986 122 96 17 120 85
2213 2964 6.71145 0.01429 0.51836 0.67493 96 40 12 88 58
2261 5448 8.86914 3.01014 0.30816 1.70502 115 47 32 98 47
1014 6742 8.05088 2.92486 0.87210 0.82709 36 1 0 31 24
2965 3133 8.21831 0.02116 0.27242 1.18465 113 90 17 107 56
2417 5452 6.50147 3.06345 0.71675 1.51025 189 54 15 179 102
4510 5009 8.22831 0.01280 0.35164 0.78285 95 79 6 91 69
2528 5448 8.86914 3.01014 0.58553 1.71418 142 45 36 129 63
1096 3987 6.94044 0.00473 0.30373 0.14804 163 54 74 161 56
2809 5471 7.72262 nan 0.57414 1.56097 93 22 16 78 41
2207 2583 9.15132 0.01857 0.59051 0.64771 83 23 10 79 51
64 129 8.99649 0.01617 1.67927 0.16786 133 0 0 129 110
5283 5384 7.98787 0.05904 0.15416 0.44850 108 70 24 104 58
387 7232 6.39727 3.04442 0.82550 0.44411 41 4 1 37 20
518 7171 9.21788 2.99147 10.83225 171.39837 5 0 0 2 2
776 3693 7.20654 0.10394 0.27945 0.09279 130 100 8 124 98
346 7257 7.43858 3.13132 0.93274 1.29543 114 10 9 108 40
462 7222 9.45114 3.09645 0.93919 1.49227 28 4 0 18 18
1547 6116 8.54491 2.58595 0.85725 1.35219 71 15 22 65 23
1968 5661 8.52811 3.12965 1.07377 0.48939 117 7 26 108 39
3873 6806 7.82238 2.95392 1.48317 2.57040 97 8 0 93 30
2488 3130 6.81614 0.01729 0.19853 0.92873 181 157 15 173 121
2208 2687 8.74450 0.01795 0.55611 0.52190 71 27 9 65 41
1136 4038 7.12861 0.04338 0.37586 0.31404 259 189 16 251 193
662 3594 8.84658 0.06321 0.49010 0.31153 69 36 5 65 47
2653 5448 8.86914 3.01014 0.55474 1.70846 124 36 24 113 73
134 185 8.25919 0.08143 0.03788 0.75277 194 154 14 190 151
3669 7015 9.06372 2.99502 1.21070 1.58288 71 0 0 69 46
4776 5012 9.73032 0.01224 0.35759 0.68643 95 78 12 95 63
3536 7176 9.45916 3.09095 9.32684 58.75501 5 0 0 2 1
7451 7541 7.27336 0.02043 0.31745 0.51434 191 135 14 181 144
975 6798 7.67777 3.01008 0.88675 2.90529 129 22 4 119 50
4667 5006 6.97729 0.01317 0.41799 0.73913 139 101 11 136 88
2230 5474 8.16147 3.13341 0.59624 1.89445 69 19 11 65 32
2183 5481 8.21637 3.09895 1.12342 1.91254 98 0 0 79 56
2651 5450 7.62811 3.03839 0.47599 1.67351 117 19 32 103 45
3684 7009 9.27860 2.95182 0.97628 1.55268 60 5 1 49 23
1617 6016 7.44800 2.92836 0.80934 2.82244 99 11 9 67 27
983 3874 7.90628 0.35901 0.25355 1.44564 163 75 18 155 112
2974 5447 9.40139 2.99486 0.47365 1.70709 127 32 32 108 71
7428 7484 8.21571 0.18393 0.55770 1.00949 36 17 7 21 21
1617 6014 8.60014 2.91157 0.62586 2.78333 99 14 6 90 28
3036 3132 7.72025 0.02004 0.30803 1.11276 151 116 12 147 102
2752 5446 9.95436 2.97941 0.64587 1.81962 127 29 29 106 59
453 3476 8.15328 0.16361 0.54705 1.27441 87 42 11 84 64
3942 6702 9.97791 3.11478 0.82173 2.44072 55 3 1 47 20
2212 2343 7.05931 0.01440 0.27212 0.63056 86 52 6 76 57
700 3626 9.86493 0.09543 0.23231 1.05684 61 40 9 55 39
4295 5009 9.96719 0.01940 0.45765 1.10429 88 70 7 82 54
3899 6771 7.55022 2.87939 0.74836 2.07943 136 36 4 136 87
1007 6722 7.32598 2.76156 0.69393 0.98596 76 7 14 67 42
1818 5776 7.23804 2.60311 1.12525 0.82945 160 3 3 150 62
348 7248 9.49128 3.08144 1.19804 0.92662 80 3 0 73 32
1783 5827 6.90551 2.80553 0.83891 0.88691 126 10 30 112 41
1517 6184 6.23723 3.11050 0.80798 3.56645 63 4 0 51 22
937 3857 9.24555 0.00640 0.38335 0.24708 65 37 15 65 37
2834 3133 8.21831 0.02116 0.34941 1.18333 106 85 15 96 61
1580 6090 7.30003 3.12755 0.44870 0.70886 56 19 24 50 19
2730 5469 6.43415 3.13832 0.52714 1.63757 125 45 38 120 61
2562 3130 6.81614 0.01729 0.27554 0.92281 183 143 18 165 114
3612 7095 8.91233 3.10665 0.67259 1.35682 41 9 10 23 12
2698 5472 8.41841 3.13883 0.47610 1.57470 54 16 21 44 24
3897 6791 9.80069 2.91691 0.60512 2.01616 32 3 0 32 12
2909 3130 6.82008 0.01641 0.08786 0.86366 140 110 21 133 88
708 3636 6.33029 0.07221 0.37058 0.42521 109 76 9 109 73
7437 7553 9.50822 0.01842 0.19286 0.88249 165 98 16 155 118
4400 5010 8.72943 0.01221 0.28857 0.74019 94 65 13 88 59
1013 6733 6.58915 2.86304 0.68157 0.46981 120 31 3 120 86
4279 4885 7.24465 0.00673 0.53150 0.52712 142 64 13 137 115
2559 3130 6.81614 0.01729 0.21211 0.93419 162 137 18 156 112
4281 4990 7.97051 0.01690 0.50235 0.96307 139 107 18 139 85
978 6784 9.14678 2.72981 0.66643 2.26209 125 19 11 121 68
7448 7538 7.51821 0.02348 0.37052 0.76413 181 87 7 169 123
2288 5471 7.72262 nan 0.49447 1.50350 58 30 11 47 23
1340 6401 7.09394 3.13519 1.24474 2.20442 57 0 2 51 22
3909 6723 7.86589 2.64666 0.94569 1.59839 57 2 1 55 33
3007 3129 6.38498 0.01619 0.31068 0.86003 203 165 19 191 135
565 7156 7.85287 2.92702 0.97043 1.43204 18 0 1 10 5
1893 5699 9.73453 3.09047 0.78495 0.85684 85 14 3 79 41
2213 2841 6.71145 0.01429 0.38058 0.61038 93 56 16 83 63
61 115 6.00899 0.00724 1.42139 0.47147 198 0 0 186 167
2206 2762 9.62021 0.01968 0.44215 0.52414 80 48 20 80 55
1060 3968 8.01593 0.01595 0.26513 0.57267 86 51 25 82 56
1843 5754 6.51796 3.13224 0.97319 0.49416 34 0 2 34 20
3133 5436 7.37198 2.79162 0.59452 2.13478 135 40 22 127 65
2194 5471 9.34377 3.10279 0.94581 1.71258 126 11 0 126 71
234 7349 9.25847 2.89380 0.28169 1.81445 61 32 16 57 38
3469 7237 7.73048 2.76306 1.25574 0.40542 67 0 0 57 34
328 7274 8.53017 3.14082 0.85178 1.76148 63 11 0 60 47
2666 5450 7.62811 3.03839 0.55467 1.67515 128 25 28 108 55
915 3817 6.99477 0.00967 0.41901 0.36045 216 159 31 208 165
1843 5782 6.37808 3.09193 0.54807 0.89700 94 27 13 86 46
515 3512 6.06557 0.08848 0.26920 0.79031 137 97 10 122 93
2366 5469 6.43415 3.13832 0.49718 1.65067 110 52 24 106 57
977 3872 6.26597 0.21655 0.22061 1.34115 190 155 10 183 98
1525 6166 9.73099 2.77520 0.90846 1.16298 68 11 5 50 19
2289 5474 9.74327 3.13536 9.84869 2.09705 26 0 0 2 2
510 3524 7.11722 0.08111 0.34038 0.91300 70 58 5 66 57
2258 5470 7.07026 3.14056 0.58197 1.61447 102 44 22 93 52
2054 5581 7.28635 3.08877 1.39616 0.66735 92 2 50 82 52
1911 5721 9.34520 3.05821 0.63155 0.67955 62 8 10 53 29
522 7171 7.39185 3.01901 1.38306 2.30444 11 1 0 7 3
1401 6320 8.04669 3.11811 1.39711 1.60572 104 0 0 95 53
1852 5778 9.58290 3.04113 0.21844 1.28634 30 15 0 25 20
2696 3130 6.81614 0.01729 0.30824 0.91941 189 160 18 187 125
1195 4096 7.30676 0.00673 0.54806 0.52489 170 80 10 161 140
4277 4731 8.24671 0.00666 0.57279 0.39466 116 42 13 112 90
70 125 8.24981 0.01257 1.19815 0.38866 146 0 0 136 101
1836 5792 6.19427 3.12074 0.56143 1.01952 143 39 25 137 49
1043 6680 7.71368 3.11659 1.11814 2.19089 124 0 0 111 68
975 6786 9.56171 2.71769 0.64936 1.91602 132 15 3 128 50
1914 5715 6.91732 3.08748 0.43860 0.69886 120 35 37 118 46
2831 5448 8.87250 3.01017 0.36757 1.69558 149 47 48 136 76
2207 2879 9.14726 0.01905 0.53221 0.75899 67 21 12 58 44
2207 2696 9.15132 0.01857 0.52850 0.63056 72 27 14 66 51
418 3465 6.58727 0.35069 0.53598 0.55461 135 52 12 123 74
4276 4656 8.74164 0.00644 0.49752 0.47806 94 50 9 94 73
776 3691 9.02804 0.12467 0.41796 0.30519 83 41 16 80 55
2214 3037 6.30678 0.01357 0.38822 0.61230 99 55 12 86 68
2538 5450 7.62811 3.03839 0.54309 1.68074 122 24 25 110 51
3801 6878 8.98279 3.13769 1.18024 2.85019 66 0 2 64 47
2919 5452 6.50450 3.06347 0.60470 1.47698 158 62 31 152 83
2777 5470 7.07026 3.14056 0.60757 1.72420 107 46 21 95 60
4279 4524 7.24359 0.00657 0.55067 0.42704 131 58 12 127 104
1023 6716 6.25250 2.96876 0.77428 1.32471 123 11 9 102 33
4275 4846 9.23583 0.00795 0.60725 0.50976 54 17 8 50 32
4278 4400 7.74697 0.00620 0.60382 0.34943 119 43 6 119 90
2208 2321 8.74450 0.01795 0.51299 0.51738 57 18 21 55 29
4798 5008 7.72929 0.01270 0.26815 0.78185 113 89 15 105 68
393 3474 6.75589 0.16990 0.48996 0.93167 111 38 8 104 67
4275 4874 9.23583 0.00795 0.64691 0.45714 70 15 9 66 47
25 127 8.49711 0.01457 1.52146 0.49575 118 0 0 112 88
858 3779 6.25602 0.00989 0.32334 0.56510 102 70 8 98 71
654 3606 9.26884 0.06164 0.37095 0.49575 101 66 11 98 75
1887 5736 7.81610 3.13678 0.87374 2.47528 27 2 0 16 13
2212 2396 7.05931 0.01440 0.25797 0.55036 104 70 20 102 72
1947 5704 9.21710 2.99506 0.61454 0.64528 127 36 7 125 82
1038 6703 8.98564 3.08243 0.93335 2.49120 26 3 1 19 11
2214 2887 6.30678 0.01357 0.48197 0.60652 111 62 16 103 81
2208 2990 8.74044 0.01846 0.57052 0.57743 67 28 16 61 38
759 3676 8.94591 0.01227 0.49828 0.64528 123 71 17 118 78
2983 5446 9.95782 2.97944 0.48281 1.81294 141 44 26 109 68
2221 5478 8.98414 3.12598 0.40607 2.21682 95 45 21 93 41
2214 2876 6.30678 0.01357 0.33665 0.82282 106 59 19 91 63
638 3575 7.50065 0.07561 0.16935 0.35277 81 66 2 74 57
2749 5472 8.41841 3.13883 1.34135 1.64687 51 10 22 47 16
1238 6508 6.09838 3.12955 1.00508 2.48994 49 2 3 49 29
2843 5470 7.06619 3.14040 0.47232 1.61786 104 54 9 86 57
3903 6768 7.71639 2.95421 0.73861 2.42398 98 18 20 96 54
3757 6929 7.99787 3.09718 1.22755 2.88134 55 2 2 44 22
4822 5005 6.47636 0.01401 0.39864 0.79819 95 62 9 86 59
2431 5447 9.39792 2.99484 0.39474 1.71418 144 55 31 131 78
692 7057 8.37735 3.03333 0.89989 1.50220 29 2 2 18 10
2522 5452 6.50147 3.06345 0.69693 1.47406 164 43 18 155 100
619 7123 9.85648 3.06231 1.74465 2.33666 62 0 0 54 31
330 7265 7.91043 3.08160 0.80048 1.93067 102 8 8 98 47
2206 2424 9.62021 0.01968 0.45144 0.56302 70 38 16 66 46
7429 7489 8.73016 0.15822 0.31943 1.04042 61 38 6 57 46
2213 2377 6.71549 0.01368 0.27251 0.74756 77 36 15 71 42
332 7271 8.56334 3.13802 1.36740 1.77233 73 0 0 67 32
3485 7211 6.46079 3.04272 1.55026 0.74336 177 0 0 167 94
232 7353 8.96478 2.88295 0.50069 1.89960 48 6 14 39 18
356 7242 9.99758 3.09888 1.15997 0.87447 79 0 0 73 35
4452 5005 6.47636 0.01401 0.38341 0.85134 113 84 14 111 70
4276 4367 8.74164 0.00644 0.55392 0.36154 58 21 11 58 33
632 7132 8.89283 3.07538 0.98507 1.84016 48 2 8 44 17
1969 5683 7.18435 3.13796 1.09049 0.40926 102 20 21 96 43
4599 5005 6.47636 0.01401 0.44842 0.81132 131 94 17 131 90
294 7302 7.66496 3.07138 0.87713 0.88071 92 5 2 92 61
4281 4859 6.48777 0.00921 0.44191 0.51434 148 83 15 146 113
324 7266 8.73658 3.04952 1.23112 1.71783 83 0 0 77 40
968 3859 9.98818 0.06251 0.40752 0.44587 159 110 19 147 117
1270 4174 6.49010 0.48981 0.32916 1.33178 142 85 8 139 101
2424 3135 9.21658 0.02187 0.30501 1.25928 119 75 15 109 67
2971 3134 8.68742 0.02113 0.24348 1.18465 126 100 15 114 74
2032 5624 6.89459 3.13725 0.65834 0.65968 124 19 13 119 47
980 6799 8.44190 3.13906 0.85511 2.73681 126 18 2 116 52
5216 5318 8.23545 0.01082 0.37514 0.61548 126 90 14 120 82
3567 7124 9.86628 3.05657 1.59427 2.20212 66 3 5 51 25
2920 5472 8.41425 3.13870 0.56664 1.57570 58 10 15 42 25
2161 5515 6.22561 3.08463 0.84848 1.03098 150 24 17 130 68
2946 3133 8.21831 0.02116 0.36475 1.18993 111 78 23 101 69
1099 3989 7.91825 0.00468 0.24365 0.31404 130 44 59 123 45
1088 3978 8.71044 0.01823 0.27450 0.34943 121 45 65 109 39
1256 6478 8.24251 3.12194 1.08926 0.21306 61 0 1 57 31
333 7263 7.89770 3.08669 0.86892 1.65446 147 9 4 141 60
1429 6286 7.58201 3.12686 1.56524 2.31900 50 0 0 37 16
2974 5472 8.41425 3.13870 0.58892 1.58807 62 8 18 57 20
3092 5472 8.41425 3.13870 0.58820 1.63542 63 21 18 61 28
2211 2375 7.46408 0.01537 0.59450 0.56232 114 43 16 108 76
3534 7175 7.17822 3.12134 3.22760 173.19352 8 0 0 0 1
2209 2762 8.30669 0.01742 0.46170 0.79426 107 42 19 101 74
2213 2777 6.71549 0.01368 0.34487 0.52934 84 50 14 78 52
2213 3044 6.71145 0.01429 0.41669 0.70721 98 59 12 92 67
1822 5812 6.12466 2.97339 0.38169 2.19214 148 32 15 146 93
253 7328 8.91494 3.09644 0.64312 1.33119 60 10 27 56 29
2646 5474 9.74327 3.13536 0.30991 1.61519 49 25 7 38 25
2208 2974 8.74044 0.01846 0.52379 0.60133 92 41 24 80 61
4935 5011 9.23033 0.01137 0.38030 0.65192 99 77 17 95 73
2822 5472 8.41425 3.13870 0.52849 1.64544 63 13 16 49 22
1625 6002 9.45045 2.91029 0.99218 0.86592 117 1 0 111 40
7460 7559 6.28074 0.00996 0.17502 0.63366 182 135 7 166 140
4276 4846 8.74164 0.00644 0.55598 0.37639 93 36 11 87 66
2586 3131 7.28324 0.01849 0.30737 0.99583 157 132 7 146 104
1147 6599 6.15962 3.12024 0.97137 2.14357 141 4 9 137 81
1045 3954 7.10841 0.01133 0.19230 0.41117 172 128 26 169 118
2944 5473 9.11808 3.13676 0.66770 1.83248 49 12 9 44 21
702 3645 7.74006 0.09463 0.46219 0.38866 84 45 9 79 61
4280 4762 6.74054 0.00703 0.60435 0.44411 160 52 16 156 118
2207 2288 9.15132 0.01857 0.46273 0.60909 58 27 3 42 36
4073 6557 6.57395 3.11957 1.12701 1.33442 126 0 0 118 67
7437 7498 8.00967 0.06839 0.22754 0.61038 115 63 8 99 71
610 7133 6.98897 3.13355 1.62906 2.66050 56 0 0 35 24
3575 7135 8.77283 3.08178 1.19712 2.03259 46 3 1 42 24
1013 6704 9.85493 2.88197 0.91095 0.79917 41 0 1 37 15
426 7218 8.95314 3.10317 1.24316 1.25117 57 1 0 49 31
2213 2958 6.71145 0.01429 0.38443 0.55953 72 53 9 66 45
2217 3114 6.66221 0.01942 0.29693 0.99150 132 94 11 125 84
3787 6894 8.92688 3.12987 1.38718 2.41994 30 0 0 22 11
1000 6759 7.55864 2.87047 0.58909 1.60815 110 36 8 106 75
2893 3134 8.68742 0.02113 0.19465 1.18828 138 107 19 131 90
990 6759 9.78855 2.44287 0.38402 2.13772 78 19 7 69 29
1806 5795 6.34956 2.40262 0.82317 1.95425 218 81 9 200 107
4278 4633 7.74697 0.00620 0.58004 0.34378 108 42 13 108 74
2982 3129 6.38498 0.01619 0.30295 0.84950 174 144 14 172 126
2145 5530 9.27580 3.09693 0.96515 1.74204 129 21 13 129 61
4315 5006 6.97528 0.01264 0.48872 0.71217 136 94 4 130 97
7460 7543 6.28068 0.00981 0.21731 0.54608 177 128 15 170 144
4277 4413 8.24671 0.00666 0.59663 0.36691 97 33 14 95 73
2309 3130 6.81614 0.01729 0.28710 0.92788 175 144 15 171 117
2814 3135 9.21658 0.02187 0.31493 1.24678 141 111 14 138 78
912 3829 7.76431 0.00916 0.14047 0.62994 140 91 32 134 101
1015 3904 8.80456 0.43703 0.29836 1.50922 126 65 7 122 108
969 6799 8.11954 2.92281 1.22773 2.82258 111 0 4 99 35
2210 2738 7.89985 0.01667 0.49160 0.57878 100 44 18 100 69
2211 2933 7.46004 0.01595 0.48090 0.61676 116 57 10 112 81
595 3541 8.98356 0.15851 0.17144 0.83790 22 5 4 17 9
4276 4390 8.74164 0.00644 0.53175 0.48051 106 36 23 99 79
1510 6190 7.82830 3.14026 1.06172 3.56359 16 0 0 16 9
7451 7526 7.27239 0.02060 0.25530 0.52190 232 181 9 220 170
3946 6679 7.70163 3.12965 1.22774 2.08994 140 0 0 131 95
5309 5387 8.99144 0.08779 0.06960 0.49968 62 42 16 58 39
453 3474 9.88883 0.19901 0.57385 1.25180 43 18 7 41 27
2397 5451 7.15281 3.05173 0.64465 1.61592 195 31 36 171 102
970 6799 7.91260 2.93767 1.15966 2.80882 97 3 4 88 49
3461 7240 9.72049 2.60081 1.66591 0.36045 39 0 0 37 22
2013 5621 8.36012 3.13270 0.88945 0.52190 114 6 3 112 47
2676 3132 7.71632 0.02098 0.26269 1.15352 164 130 16 158 109
4875 5012 9.72931 0.01245 0.36568 0.69436 101 89 9 97 75
382 3472 7.53838 0.19598 0.49674 1.26486 152 57 1 144 100
2237 5451 7.80230 3.05255 0.66166 1.63805 162 33 33 131 61
7451 7521 7.27321 0.02065 0.31184 0.50976 207 146 18 189 147
4694 5009 8.22831 0.01280 0.34897 0.71982 113 95 9 106 81
4396 5006 6.97729 0.01317 0.42906 0.81325 149 102 17 142 105
2085 5572 8.68639 3.07651 0.66247 2.12541 28 3 1 19 12
2219 3114 6.00748 0.01784 0.31435 1.13160 119 76 16 110 77
4375 5010 8.72943 0.01221 0.44670 0.69830 96 73 3 85 72
1176 4076 6.13569 0.01215 0.36070 0.28116 189 126 13 185 158
290 7304 7.21391 3.06807 0.83323 0.91941 139 7 6 134 73
1108 6625 7.14211 3.08274 1.11949 2.39800 122 0 0 114 62
631 3586 8.26604 0.05371 0.20207 0.29871 122 96 23 118 86
1223 4126 8.16686 0.00648 0.27705 0.33804 105 79 12 96 78
2207 2536 9.15132 0.01857 0.55413 0.64771 72 25 6 68 46
1340 6402 8.19844 3.12948 1.35357 2.22422 74 0 1 63 27
2206 2335 9.62021 0.01968 0.50626 0.50745 73 36 13 70 47
2381 5471 7.72262 nan 0.57484 1.54965 101 35 14 80 55
635 3572 8.00469 0.07417 0.22028 0.44146 108 91 14 106 84
2151 5523 7.08073 3.07673 0.92275 1.15386 163 18 10 157 94
1052 3944 8.31709 0.02759 0.24837 0.18557 109 64 29 107 58
478 3507 8.67823 0.05269 0.20515 0.49575 149 134 7 141 116
1008 6762 9.78141 3.11223 0.68013 1.14978 68 18 2 61 41
4363 5008 7.72929 0.01270 0.25244 0.72847 131 106 18 128 79
884 6881 9.61486 nan 1.02046 2.99905 20 0 0 18 13
2210 2993 7.89585 0.01728 0.44185 0.63612 89 41 18 80 49
481 7195 7.61350 3.02763 1.68295 0.77380 77 0 0 75 36
227 7362 8.97296 2.85435 0.35388 1.87909 43 8 19 33 19
972 3896 8.68648 0.53083 0.27187 1.57321 220 104 10 218 174
891 6881 9.68502 3.13763 1.58954 2.72462 6 0 0 2 1
1667 5990 9.90116 2.80602 0.46833 2.36099 8 2 1 8 5
4274 4441 9.73562 0.00853 0.56358 0.61866 68 21 14 64 46
4732 5005 6.47636 0.01401 0.36418 0.82898 136 98 14 136 77
4276 4914 8.74270 0.00655 0.56973 0.56163 85 33 11 83 68
4120 6521 6.17478 3.13671 0.99466 2.89827 135 3 0 129 59
2376 5469 6.43415 3.13832 0.45829 1.61568 144 79 25 138 85
3579 7129 7.33238 3.10440 1.41739 2.01130 125 10 21 108 50
1021 3914 6.79675 0.13952 0.37194 0.94626 122 80 13 114 82
358 7257 8.68763 3.01346 0.88939 1.48306 129 11 4 119 46
1679 5965 6.32704 3.13057 0.36190 0.15066 98 42 29 89 45
2211 2763 7.46408 0.01537 0.44548 0.55813 108 50 12 102 67
3901 6775 8.02863 3.06847 0.71364 2.35135 151 59 8 149 71
2504 5469 6.43415 3.13832 0.52116 1.61592 131 45 32 124 68
1440 6288 8.37488 3.13828 1.23231 2.95671 47 5 0 43 13
3531 7177 6.65032 3.13501 20.98751 1.46045 6 0 0 6 3
59 119 6.75472 0.00685 1.53098 0.66500 161 0 0 152 137
2469 3129 6.38104 0.01703 0.29055 0.90525 170 140 25 166 115
850 3773 7.25109 0.00991 0.25427 0.31279 162 138 12 158 132
1175 4078 9.60080 0.02306 0.17159 0.48859 113 92 4 107 86
2978 5474 9.73913 3.13529 9.89027 179.64118 40 4 0 38 23
1252 4141 8.60674 0.02262 0.21409 1.17570 78 45 9 69 42
908 6863 9.13858 3.13681 0.89042 2.21258 120 3 3 106 65
3881 6789 8.90901 2.77851 0.81213 2.19499 88 6 4 81 40
2212 2489 7.05931 0.01440 0.26840 0.61166 103 61 12 97 70
410 3460 9.24807 0.42821 0.61973 0.90135 105 39 7 90 55
2779 3133 8.21439 0.02210 0.31305 1.25741 116 91 12 109 82
2738 5449 8.27479 3.02441 0.64027 1.77828 148 44 31 136 60
836 6938 9.37156 3.13640 1.28902 3.39258 58 0 0 58 36
1812 5824 6.20355 2.91788 0.54104 1.75346 137 22 15 130 89
4274 4525 9.73562 0.00853 0.62471 0.57675 85 34 2 83 57
241 7350 7.80642 2.97773 0.40892 1.90536 64 19 9 58 33
2981 3135 9.22050 0.02097 0.28716 1.19681 119 81 13 112 57
2831 5472 8.41425 3.13870 0.48178 1.59176 53 14 10 49 20
5217 5301 7.73640 0.01059 0.39754 0.61802 112 75 8 110 80
1061 3968 7.14086 0.01491 0.24092 0.61421 95 58 23 89 61
869 6896 9.55218 3.12650 1.24914 2.86539 64 0 1 56 33
2214 2576 6.31081 0.01296 0.38025 0.64224 109 54 21 101 69
2895 5469 6.43011 3.13826 0.51241 1.60645 109 39 28 85 55
2011 5623 8.36554 3.13300 0.84392 0.78733 108 3 2 104 54
1174 4075 7.45136 0.02060 0.21121 0.53155 117 90 10 115 88
42 121 7.25288 0.00873 1.43776 0.42336 148 0 0 138 113
2430 3132 7.71632 0.02098 0.22703 1.15521 167 146 4 149 110
297 7294 7.34274 3.04955 0.97261 1.10924 96 11 0 88 49
2544 5450 7.62811 3.03839 0.58468 1.67304 124 14 17 98 51
4277 4450 8.24671 0.00666 0.55378 0.66382 117 40 8 113 86
3892 6767 9.62229 2.50543 0.75198 2.08807 111 3 1 101 44
