0.01364 0.02257
0.01166 0.02878
0.00799 0.01858
0.01016 0.02593
0.00837 0.02695
0.01199 0.02656
0.00803 0.02292
0.00952 0.03341
0.00794 0.01621
0.02165 0.02713
0.01370 0.03466
0.00925 0.02830
0.00772 0.01900
0.00762 0.01696
0.00994 0.02264
0.00788 0.01799
0.01196 0.03938
0.01098 0.02761
0.00853 0.03008
0.00820 0.01699
0.00860 0.02513
0.00799 0.01835
0.01160 0.02373
0.00781 0.02029
0.00905 0.01918
0.00814 0.01833
0.01069 0.02349
0.00871 0.01746
0.01027 0.03692
0.00617 0.01141
0.01264 0.02723
0.00845 0.01809
0.01482 0.04828
0.00789 0.01650
0.01316 0.04391
0.01076 0.02641
0.00759 0.01710
0.00695 0.01666
0.00928 0.02450
0.01119 0.02891
0.01066 0.02886
0.00608 0.01115
0.00926 0.01947
0.01000 0.02772
0.00859 0.01475
0.01072 0.03243
0.01072 0.03198
0.00956 0.03501
0.01101 0.03088
0.01037 0.03028
0.00799 0.01734
0.01121 0.02732
0.00916 0.02444
0.00735 0.01761
0.00825 0.01292
0.00704 0.01171
0.01037 0.02481
0.00909 0.02304
0.01149 0.03138
0.00868 0.02182
0.00983 0.02505
0.00901 0.03351
0.00771 0.02174
0.00909 0.02384
0.01078 0.03993
0.00967 0.02564
0.01057 0.04029
0.00930 0.01906
0.00882 0.02439
0.00824 0.02182
0.00921 0.02318
0.00689 0.01411
0.00848 0.01447
0.00979 0.02486
0.00943 0.02538
0.00631 0.01146
0.00836 0.01925
0.00738 0.01713
0.00997 0.02462
0.01033 0.03410
0.01039 0.03050
0.00904 0.02139
0.01066 0.02823
0.00731 0.01732
0.01052 0.02695
0.00789 0.01761
0.00845 0.01922
0.00838 0.01683
0.01035 0.02867
0.01138 0.02677
0.01296 0.01923
0.00966 0.02712
0.00777 0.01763
0.00761 0.01704
0.00778 0.01679
0.00641 0.01201
0.01207 0.03488
0.01074 0.03184
0.01087 0.03011
0.00704 0.01714
0.00783 0.01627
0.01140 0.01785
0.00817 0.01948
0.00832 0.01800
0.00944 0.03719
0.00989 0.03782
0.00945 0.03230
0.00720 0.01566
0.00790 0.01796
0.01013 0.02505
0.00913 0.03108
0.00921 0.02097
0.00771 0.01813
0.01002 0.03950
0.00802 0.01803
0.00670 0.01094
0.00757 0.01661
0.00922 0.03332
0.00949 0.02622
0.00757 0.01825
0.00843 0.01825
0.00975 0.02448
0.00868 0.01870
0.00917 0.02098
0.00706 0.01276
0.01064 0.03187
0.01090 0.02015
0.00919 0.02394
0.01056 0.02233
0.00880 0.02101
0.00784 0.01740
0.00895 0.02667
0.00830 0.01793
0.00723 0.01768
0.01111 0.02838
0.00936 0.02854
0.01508 0.02263
0.00724 0.01741
0.00652 0.01584
0.00868 0.02122
0.01289 0.04057
0.01010 0.02643
0.00977 0.03285
0.00932 0.01769
0.01045 0.02949
0.01246 0.03707
0.00805 0.01337
0.00906 0.01540
0.01092 0.02618
0.00971 0.03506
0.00875 0.01952
0.01096 0.02784
0.00849 0.01773
0.00933 0.01891
0.00769 0.02305
0.00958 0.02447
0.01106 0.03140
0.01263 0.02336
0.00898 0.01798
0.00822 0.01908
0.00953 0.01619
0.01176 0.02263
0.01845 0.02447
0.00855 0.02518
0.00753 0.01566
0.00683 0.01337
0.01224 0.03367
0.00907 0.02407
0.01025 0.01907
0.00769 0.01635
0.01078 0.02845
0.00824 0.01838
0.01006 0.02377
0.00836 0.02650
0.00656 0.01250
0.00737 0.01549
0.00872 0.01827
0.01131 0.04492
0.00841 0.02527
0.00990 0.02585
0.01073 0.04191
0.00973 0.02556
0.01253 0.01850
0.00789 0.01601
0.01065 0.03036
0.01231 0.02486
0.00829 0.01685
0.01457 0.02663
0.00901 0.02701
0.00897 0.02335
0.01095 0.03230
0.01208 0.02211
0.01858 0.02693
0.01092 0.03200
0.00735 0.01718
0.00852 0.01809
0.00829 0.02019
0.01043 0.02992
0.00801 0.01834
0.00900 0.02366
