4649 7128 11.93529 0.01771 0.33217 0.49178 45 2 11 41 34 387 100.00000 0
4443 6873 11.02617 0.13158 0.34623 0.97959 25 0 0 21 15 292 100.00000 0
3752 6201 11.84601 0.01524 0.89465 1.53519 21 0 0 18 7 356 100.00000 0
3405 8189 10.93333 0.10502 0.19687 0.66852 34 1 1 29 16 409 100.00000 0
4033 6441 11.05593 0.01655 0.51834 0.36154 54 3 4 49 33 417 100.00000 0
3778 6226 11.41256 0.00648 0.22638 0.99387 59 2 7 57 43 415 100.00000 0
4234 6629 10.38452 0.95194 0.46819 2.74609 37 2 0 35 24 318 100.00000 0
341 6194 11.39597 0.01120 0.22533 0.81901 20 1 5 10 9 283 100.00000 0
4556 7022 11.67597 0.04317 0.44176 0.81373 62 4 9 54 36 1178 100.00000 0
1030 6875 10.81849 0.03005 0.56127 1.69235 52 0 3 47 29 395 100.00000 0
1824 5095 11.64103 0.49415 0.59284 1.80602 20 1 3 13 6 163 100.00000 0
1293 7098 10.97255 0.13699 0.64387 1.22077 21 0 1 15 9 375 100.00000 0
933 6775 10.03800 0.02212 0.31192 1.26826 26 2 2 21 13 274 100.00000 0
1037 6884 11.48712 0.05677 0.98893 3.22343 44 0 3 29 26 282 100.00000 0
854 6658 10.16083 0.77211 0.93666 1.79362 12 0 2 7 8 129 100.00000 0
4006 6416 10.55317 0.01427 0.30204 0.49337 48 9 1 42 38 322 100.00000 0
1327 7122 11.84251 0.19411 0.64818 1.48227 55 0 0 50 33 588 100.00000 0
3441 5888 10.38024 0.05419 0.49669 0.79130 49 0 2 43 25 340 100.00000 0
3266 5757 11.29562 0.01351 0.56767 0.99229 35 3 5 32 24 400 100.00000 0
3472 8296 11.49471 0.85820 0.87300 2.78404 13 0 3 6 3 170 100.00000 0
487 3918 11.58653 0.02687 0.20259 1.48569 69 2 8 67 55 543 100.00000 0
3322 5781 11.59386 0.11993 0.32519 2.04450 25 0 0 18 11 353 100.00000 0
445 3851 11.41232 0.02741 0.46872 1.33149 34 1 7 34 25 214 100.00000 0
348 3764 11.18328 0.01051 0.49137 0.68128 30 3 1 27 22 377 100.00000 0
573 3994 10.54113 0.01101 0.62849 0.77632 9 1 0 3 4 118 100.00000 0
3411 5862 11.81740 0.13350 0.47412 1.16600 24 0 0 21 13 352 100.00000 0
2937 5428 10.42640 0.10762 0.41149 1.87513 30 1 5 20 14 326 100.00000 0
4521 6959 11.11017 0.03566 0.24588 2.04181 25 1 2 25 15 386 100.00000 0
896 6739 11.57555 0.02756 0.48761 1.54763 26 0 0 24 14 284 100.00000 0
239 3667 10.32744 0.02300 0.32102 0.27411 55 1 3 44 40 290 100.00000 0
526 6349 10.28858 0.01488 0.10805 0.91600 59 5 5 57 47 474 100.00000 0
3375 8160 10.99334 0.01145 0.50942 0.60716 23 0 2 15 10 274 100.00000 0
3314 5773 11.31026 0.07349 0.34562 0.96753 31 1 4 25 20 325 100.00000 0
1281 4628 10.24919 0.05233 0.45972 0.25334 112 1 2 110 85 1013 100.00000 0
2822 5288 10.11718 0.99854 0.56153 2.08319 59 2 3 55 32 339 100.00000 0
1110 6954 11.90834 0.16183 0.31731 2.12872 41 5 4 37 19 500 100.00000 0
4519 6987 11.85878 0.01741 0.49921 0.46309 68 0 2 61 47 517 100.00000 0
776 4195 10.11140 0.04594 0.49462 2.60264 55 5 12 49 30 525 100.00000 0
3513 5945 10.58476 0.26278 0.33750 1.19091 15 0 1 15 12 236 100.00000 0
4300 6721 11.58170 0.02701 0.69899 1.78400 16 0 2 14 4 318 100.00000 0
4424 6849 10.83068 0.02346 0.64371 1.49043 47 0 0 47 39 323 100.00000 0
1065 4462 11.83476 0.46310 0.63312 2.30138 17 0 1 8 7 252 100.00000 0
40 3554 10.16073 0.08193 1.71461 4.75127 48 0 0 46 39 475 100.00000 0
152 3611 10.02994 0.02145 0.39800 0.83650 25 1 4 21 20 265 100.00000 0
4555 6996 10.93425 0.01149 0.34370 0.60068 34 0 1 30 24 634 100.00000 0
4223 6612 11.68749 0.55818 0.24472 2.30817 47 1 1 42 28 563 100.00000 0
4050 6483 11.87272 0.02902 0.52012 0.92493 30 1 1 30 17 255 100.00000 0
1574 4917 11.39291 0.44359 0.28846 0.87133 78 4 3 73 59 439 100.00000 0
5748 8053 11.41390 0.06130 1.76983 3.74722 29 0 0 13 12 383 100.00000 0
5811 8149 10.59780 0.10994 0.31675 0.26834 27 1 6 18 18 448 100.00000 0
19 8354 10.42549 0.08890 1.53212 5.21444 35 0 0 31 27 371 100.00000 0
697 4085 10.47655 0.03896 0.36909 2.20496 46 2 4 39 21 659 100.00000 0
658 6469 11.31732 0.02886 0.17731 1.07883 30 4 6 27 14 352 100.00000 0
12 8322 11.21823 0.08738 1.75679 4.88560 53 0 0 50 43 427 100.00000 0
1354 7152 11.74554 0.25290 1.49223 4.82215 30 0 0 26 10 515 100.00000 0
982 4354 10.08860 0.02051 0.38534 1.13849 64 0 0 62 52 336 100.00000 0
4449 6918 10.30606 0.50423 0.18689 0.98516 27 4 5 27 13 309 100.00000 0
4413 6834 11.83096 0.03588 1.13527 2.12265 32 0 1 26 16 366 100.00000 0
435 3869 11.33370 0.02385 0.24827 0.51205 28 2 2 28 19 284 100.00000 0
1462 4785 10.81402 0.13086 0.43335 0.62055 30 0 3 26 11 697 100.00000 0
940 6784 10.78474 0.01877 0.69447 1.07338 49 0 4 49 36 384 100.00000 0
1288 4634 10.10573 0.04631 0.49804 0.62118 42 2 2 37 31 532 100.00000 0
3382 8192 10.37690 0.07589 0.38372 0.68414 37 2 4 25 21 387 100.00000 0
388 3800 11.93879 0.01249 0.31670 0.79770 27 0 1 23 13 342 100.00000 0
232 6100 10.33315 0.02395 0.51076 0.77329 34 0 2 28 19 319 100.00000 0
1623 4923 10.71171 0.25053 0.36586 0.73913 66 1 4 64 47 533 100.00000 0
126 8406 10.34363 0.00614 0.55861 0.42521 41 0 1 37 17 537 100.00000 0
183 8449 10.06505 0.01437 0.31808 0.83275 21 3 2 19 15 163 100.00000 0
184 3641 11.34454 0.02533 0.51608 1.45077 12 0 0 8 6 108 100.00000 0
5873 8193 10.06865 0.10818 0.54372 0.48859 52 2 3 50 24 380 100.00000 0
3490 8256 10.33907 0.79211 0.22613 0.98039 49 3 4 42 22 301 100.00000 0
5681 7959 10.04026 1.55400 0.54604 2.49403 11 0 2 7 7 168 100.00000 0
126 3566 10.05762 0.01112 0.33986 0.75433 50 1 3 48 32 449 100.00000 0
1650 4977 10.03832 0.01948 0.39237 1.00288 36 1 1 34 26 316 100.00000 0
3246 5734 10.05621 0.01453 0.39680 0.67260 27 0 1 23 18 346 100.00000 0
4090 6495 11.19621 0.02463 0.29290 0.82377 41 2 5 31 20 643 100.00000 0
913 4293 10.06906 0.02383 0.50120 1.37116 24 1 1 24 17 336 100.00000 0
1153 6989 10.13440 0.00970 0.30816 0.48295 58 2 5 58 37 724 100.00000 0
373 6221 11.64406 0.00891 0.42674 0.46562 40 0 6 38 33 383 100.00000 0
3404 8188 11.05766 0.10109 0.36180 0.24389 44 0 3 40 23 390 100.00000 0
485 6314 10.04627 0.02404 0.19514 0.63551 76 3 19 76 64 516 100.00000 0
3243 8055 11.06274 0.01484 1.31992 7.22645 26 0 0 5 8 367 100.00000 0
187 6085 10.80929 0.02337 0.22791 0.81565 19 1 3 15 12 239 100.00000 0
1025 4422 10.31478 0.02083 0.58280 1.20918 56 1 21 51 43 392 100.00000 0
3396 8208 10.93773 0.12645 0.28280 0.88204 24 0 3 19 9 313 100.00000 0
6107 8595 11.39122 0.03060 0.51604 0.69154 22 1 1 20 17 216 100.00000 0
3843 6284 11.17433 0.02301 0.45811 1.18035 44 2 4 41 24 301 100.00000 0
4457 6890 10.49150 0.41907 0.59926 2.98924 42 2 0 40 29 264 100.00000 0
359 3800 10.63139 0.01759 0.23649 0.99426 128 8 5 122 109 506 100.00000 0
1543 4854 11.95271 0.16610 0.51965 1.58733 25 0 0 20 16 388 100.00000 0
3686 8576 10.83173 0.01491 0.35775 0.32626 42 2 7 27 19 290 100.00000 0
1276 7108 10.84387 0.05532 0.56596 0.32385 62 1 2 58 45 525 100.00000 0
1553 4891 10.45509 0.24500 0.31694 0.59347 73 3 4 73 59 646 100.00000 0
832 6624 11.04188 0.83572 0.45272 1.68005 28 2 1 28 19 364 100.00000 0
5695 8031 11.79649 0.01054 0.47229 0.93377 20 0 3 18 14 338 100.00000 0
1006 4374 11.13627 0.04693 0.26430 2.69355 62 5 6 60 49 328 100.00000 0
4551 7017 11.68665 0.03921 0.49250 0.66264 67 3 8 61 47 995 100.00000 0
3284 5741 11.28120 0.01391 0.42217 0.81036 31 2 2 29 21 225 100.00000 0
5672 7996 10.28090 0.14077 0.11987 2.11507 29 4 3 21 17 311 100.00000 0
5916 8282 10.87892 0.81725 0.40810 1.29422 33 3 4 24 18 297 100.00000 0
4098 6503 10.78399 0.04512 0.63870 2.58210 40 0 4 20 8 701 100.00000 0
854 4225 11.73332 1.04119 0.46587 1.12813 10 0 0 4 5 97 100.00000 0
731 4116 11.05272 0.01700 0.57337 1.02412 29 0 3 27 18 667 100.00000 0
3536 8317 10.27139 0.02715 0.28826 0.44411 53 5 3 49 35 389 100.00000 0
3498 5924 11.98702 0.97594 0.52251 1.88575 22 2 2 18 12 210 100.00000 0
6053 8466 10.56577 0.02281 0.64720 0.62807 17 1 6 14 10 253 100.00000 0
5766 8071 11.97288 0.04725 1.08728 6.57540 22 1 2 13 11 364 100.00000 0
4441 6910 10.14122 0.47717 0.40197 2.30868 56 7 3 47 35 280 100.00000 0
418 3828 10.29530 0.05376 0.44201 3.08261 37 5 1 34 17 243 100.00000 0
29 3527 10.69874 0.08715 1.49710 5.16042 40 0 1 38 30 386 100.00000 0
4053 6485 11.17804 0.03804 0.17216 1.85393 77 1 11 77 46 405 100.00000 0
4142 6566 10.16146 0.08733 0.31563 0.44762 64 6 6 56 48 558 100.00000 0
3216 7981 11.85666 0.74872 0.57404 0.62118 15 0 0 13 8 268 100.00000 0
3113 5617 10.05663 0.01209 0.32033 0.56786 30 0 7 21 16 407 100.00000 0
783 6618 11.04949 0.22715 0.60628 0.51738 31 0 4 27 23 397 100.00000 0
3663 6090 11.56746 0.02210 0.47026 0.57743 23 2 6 17 16 161 100.00000 0
3293 5752 10.61418 0.03534 0.33154 2.01887 42 2 8 36 24 446 100.00000 0
523 3924 10.79563 0.02087 0.29310 0.13706 73 4 13 67 56 592 100.00000 0
1692 5012 10.28561 0.00741 0.51685 1.94722 38 2 4 36 29 283 100.00000 0
343 6219 10.09782 0.00714 0.42775 0.31898 90 5 0 90 68 497 100.00000 0
599 3996 10.03216 0.02180 0.39484 0.40542 59 1 2 55 38 386 100.00000 0
5675 8001 10.09544 0.06131 0.28460 2.77192 22 0 2 16 11 314 100.00000 0
551 6396 11.65850 0.06585 0.57699 3.82838 26 0 1 24 16 218 100.00000 0
1690 5010 10.04298 0.00544 0.42352 0.74860 57 1 2 52 41 326 100.00000 0
1227 7056 10.03183 0.05889 0.38431 0.18975 112 0 2 110 79 1208 100.00000 0
4111 6539 10.20334 0.06865 0.71011 0.29342 39 0 0 33 31 808 100.00000 0
1254 4604 10.85307 0.04707 0.51246 0.83369 79 7 23 79 48 815 100.00000 0
4497 6965 10.74697 0.02188 0.55883 1.28085 30 0 1 28 11 429 100.00000 0
5666 7957 11.07263 1.59438 0.36637 1.78136 33 2 4 33 15 295 100.00000 0
4226 6617 10.93077 0.65447 0.52449 1.98150 41 1 1 34 22 406 100.00000 0
179 3609 11.79688 0.01474 0.76053 1.20561 28 0 3 19 15 260 100.00000 0
1554 4864 11.48628 0.21263 0.38901 1.11908 48 1 8 41 26 539 100.00000 0
89 8333 11.01928 0.02395 0.35780 0.86457 29 0 2 25 21 406 100.00000 0
981 6788 11.51908 0.02512 0.41846 1.44618 40 2 0 38 23 304 100.00000 0
4014 6422 11.51188 0.03176 0.45438 1.37857 47 4 6 47 33 414 100.00000 0
3588 8387 10.27868 0.00328 0.32700 0.18767 41 3 2 39 23 445 100.00000 0
3232 8008 10.80129 0.00840 0.47198 0.82091 16 0 0 14 10 285 100.00000 0
583 3981 10.27124 0.01730 0.30191 1.11276 20 3 1 18 15 162 100.00000 0
4435 6905 11.38197 0.38724 0.54696 2.53466 29 0 1 24 11 267 100.00000 0
4399 6857 10.26603 0.03781 0.79402 2.17115 61 5 11 55 33 420 100.00000 0
5891 8208 11.12651 0.12271 0.47421 1.88055 27 1 1 20 18 278 100.00000 0
1623 4956 10.78291 0.02586 0.40428 1.03779 73 1 1 65 51 694 100.00000 0
3320 8103 10.59609 0.10287 0.26487 0.65968 35 1 6 30 24 388 100.00000 0
1845 5125 11.28235 1.16774 0.51814 0.37220 31 0 0 31 16 219 100.00000 0
1213 7045 11.83461 0.06877 0.31033 0.33220 63 3 8 59 44 1194 100.00000 0
5680 7957 10.56065 1.57333 0.54160 3.16335 21 0 0 21 11 188 100.00000 0
5724 8030 10.80381 0.01483 0.29414 1.04978 38 2 3 35 27 338 100.00000 0
602 4022 10.02787 0.02106 0.44786 0.91685 73 5 9 63 41 613 100.00000 0
5673 8001 11.60502 0.06474 0.47958 2.33431 19 1 2 12 7 303 100.00000 0
4044 6477 11.89692 0.04528 0.18266 2.14430 32 1 2 24 15 328 100.00000 0
608 6450 11.59272 0.01759 0.22641 1.23638 33 1 0 25 20 346 100.00000 0
4198 6641 10.61259 0.56086 0.44523 1.62510 47 0 1 41 28 668 100.00000 0
807 4190 11.48508 0.15506 0.80888 1.19812 26 0 3 22 15 509 100.00000 0
3493 8309 11.86674 0.32454 1.08442 1.72828 16 0 0 5 3 235 100.00000 0
4670 7154 11.58319 0.21279 0.62298 3.19586 29 0 1 16 7 554 100.00000 0
3523 5955 11.03610 0.06987 0.61042 0.49732 37 0 1 35 26 340 100.00000 0
3509 8280 11.67359 0.57119 0.22586 1.25023 28 4 1 28 18 238 100.00000 0
888 6732 11.29920 0.02043 0.46318 1.48990 26 0 0 17 9 304 100.00000 0
242 3670 10.09476 0.01918 0.28416 0.38359 41 5 3 41 30 222 100.00000 0
