92 159 10.90026 0.22630 5.40603 6.32484 18 0 0 16 13 150 100.00000 0
2004 5259 11.67707 2.98746 12.00493 171.16887 14 0 0 9 3 234 100.00000 0
842 3783 11.93545 3.09398 11.00794 177.27164 12 0 1 10 6 185 100.00000 0
743 4861 10.88555 3.13681 4.19841 179.74977 10 0 1 6 3 169 100.00000 0
2282 4025 11.86480 3.13588 2.22923 1.62269 38 0 0 33 13 160 100.00000 0
2572 4686 10.71264 3.08337 7.21273 176.66375 6 0 0 6 4 178 100.00000 0
97 5378 11.99398 3.12519 6.51733 6.93353 14 0 0 9 3 95 100.00000 0
610 4970 11.35571 3.12428 2.25100 4.21045 20 5 0 15 8 230 100.00000 0
650 3998 11.78803 2.91330 14.15737 166.91964 9 0 0 0 1 149 100.00000 0
2250 4062 11.78848 3.13045 13.68974 173.56611 7 0 0 2 4 112 100.00000 0
2234 4100 10.59321 3.11914 2.76624 8.70838 8 2 0 2 1 75 100.00000 0
1453 3101 10.51488 0.01896 8.36851 0.61294 12 0 0 10 6 188 100.00000 0
8 159 10.90026 0.22630 5.88884 7.99733 21 0 0 10 11 169 100.00000 0
1 161 11.92404 0.22584 5.78111 7.28028 11 0 0 11 7 118 100.00000 0
802 4802 10.86504 3.10626 2.26492 3.71141 21 0 4 1 0 328 100.00000 0
2347 4944 11.84810 2.67898 22.64698 43.20805 7 0 0 4 3 110 100.00000 0
2572 4687 11.84642 3.08366 2.11780 7.83777 10 3 1 4 2 139 100.00000 0
667 4904 11.18733 2.38016 9.58996 136.37332 12 0 0 6 4 136 100.00000 0
2438 3861 11.49946 3.13012 3.85546 2.85046 28 0 1 28 11 429 100.00000 0
1439 3119 11.31318 0.05056 7.57176 0.43701 16 0 0 14 9 215 100.00000 0
539 4100 11.09622 3.12502 2.21934 3.84053 7 0 0 7 3 113 100.00000 0
