0.19873 0.04042
0.14672 0.04337
0.12599 0.03790
0.13670 0.02997
0.14687 0.03773
0.12352 0.03738
0.14396 0.03813
0.14428 0.04188
0.14567 0.04183
0.15215 0.04361
0.17048 0.04992
0.14322 0.02997
0.20643 0.03311
0.20295 0.02823
0.19085 0.03287
0.16518 0.03417
0.13857 0.04225
0.16278 0.03338
0.19221 0.03264
0.16763 0.03500
0.16654 0.03235
0.14898 0.03601
0.11831 0.03512
0.15285 0.03176
0.19719 0.02916
0.19258 0.02806
0.15292 0.04454
0.20525 0.03108
0.16531 0.03438
0.14315 0.04681
0.15478 0.04283
0.15431 0.03306
0.19429 0.02798
0.13799 0.03917
0.18842 0.02694
0.16803 0.04948
0.12312 0.03759
0.12112 0.03842
0.14509 0.03955
0.16424 0.03546
0.15422 0.03290
0.12440 0.03737
0.19876 0.02809
0.12590 0.03874
0.14258 0.04128
0.20493 0.02869
0.17117 0.04895
0.14688 0.03980
0.16309 0.03208
0.16343 0.03386
0.12839 0.03997
0.15113 0.04017
0.17028 0.02770
0.14141 0.02894
0.15363 0.04265
0.19269 0.03391
0.14677 0.02979
0.12629 0.03778
0.14687 0.03101
0.11696 0.03601
0.16163 0.03135
0.19307 0.03365
0.15397 0.03106
0.12346 0.03821
0.12500 0.03826
0.15676 0.03178
0.13925 0.04292
0.18283 0.02840
0.14612 0.04269
0.14679 0.03628
0.13298 0.04013
0.17532 0.02873
0.14638 0.04205
0.20513 0.03367
0.19480 0.02845
0.12851 0.03875
0.20061 0.02840
0.20264 0.02846
0.13488 0.04553
0.19758 0.03074
0.19517 0.03282
0.18082 0.02865
0.14973 0.04118
0.14796 0.04165
0.14366 0.03094
0.14603 0.05102
0.17058 0.03512
0.14796 0.04496
0.14313 0.04057
0.16687 0.02800
0.16805 0.03453
0.19880 0.03147
0.19710 0.03074
0.12155 0.03772
0.19189 0.02788
0.18142 0.05118
0.18907 0.03455
0.15330 0.04291
0.14600 0.03784
0.14676 0.03035
0.12226 0.03892
0.15159 0.04237
0.14606 0.05026
0.14468 0.04305
0.15868 0.03058
0.19335 0.03013
0.16576 0.02933
0.14298 0.04248
0.14428 0.03971
0.14710 0.04171
0.18327 0.02719
0.16305 0.03405
0.15007 0.04309
0.12636 0.03636
0.12815 0.04018
0.14144 0.04536
0.15570 0.04201
0.12347 0.03738
0.14269 0.04133
0.15097 0.04689
0.19878 0.03241
0.16168 0.03257
0.13369 0.03892
0.12954 0.03887
0.15038 0.04156
0.14311 0.04908
0.12216 0.03710
0.16624 0.03189
0.12337 0.04037
0.16381 0.04692
0.13106 0.03902
0.20607 0.03339
0.19938 0.02884
0.18851 0.02954
0.13997 0.04025
0.18439 0.03130
0.17743 0.05098
0.13874 0.03864
0.15489 0.04228
0.15070 0.04211
0.14596 0.03142
0.15891 0.04544
0.12511 0.03755
0.14147 0.03409
0.16306 0.03575
0.11223 0.03472
0.16339 0.03536
0.12951 0.03247
0.14569 0.04130
0.13143 0.04023
0.13006 0.03781
0.16488 0.03452
0.12977 0.04113
0.16048 0.03502
0.12116 0.04055
0.15751 0.04386
0.19760 0.02836
0.14443 0.04448
0.12727 0.04118
0.14715 0.04160
0.14733 0.04772
0.11812 0.03714
0.14012 0.04295
0.14255 0.04220
0.14980 0.03775
0.17516 0.04943
0.14992 0.03904
0.14633 0.03223
0.13673 0.03924
0.12600 0.03977
0.14707 0.04486
0.15040 0.03986
0.16465 0.02799
0.14483 0.03038
0.12454 0.03891
0.14199 0.04640
0.12133 0.03819
0.12447 0.04128
0.12656 0.03754
0.15474 0.03300
0.13995 0.04082
0.12576 0.03722
0.15454 0.03135
0.14101 0.04138
0.18433 0.02832
0.12949 0.04059
0.14650 0.03091
0.16763 0.03067
0.14850 0.03956
0.17412 0.05280
0.15040 0.03833
0.13047 0.04059
0.11911 0.03532
0.16680 0.02746
0.12135 0.03612
0.16532 0.03071
0.15962 0.04066
0.12752 0.04080
0.16284 0.03012
0.19545 0.03342
