2000 3419 11.77103 2.29658 1.09529 2.90771 17 6 1 9 8
939 4195 10.75276 0.55559 1.73052 4.56652 8 3 3 8 3
1981 4568 11.29674 0.04255 0.91071 2.37273 42 22 1 35 16
1795 4404 10.92120 0.64557 0.54522 2.03452 16 10 2 11 6
3424 4572 11.36026 1.65936 0.88602 2.18552 56 17 6 51 29
941 4221 11.09795 0.03076 0.37091 2.03874 49 15 19 43 31
3313 4624 11.54661 1.93089 0.91707 5.50474 8 0 0 8 7
3398 4574 11.66679 2.98580 0.52316 0.60068 47 32 1 38 26
1944 4535 10.67241 0.06258 1.94630 1.54763 77 0 0 77 49
2013 3414 11.94384 2.91902 0.30008 2.33280 35 29 6 33 16
1004 4265 11.18746 0.01602 0.61650 0.90482 42 31 11 40 18
3411 4586 11.09934 2.30212 0.66150 3.15306 8 6 0 8 4
3360 4601 10.07671 3.12944 0.43477 3.19659 19 5 9 11 6
3316 4625 10.05877 1.99911 4.99694 18.67733 6 2 0 2 3
2015 4579 11.80682 1.34021 0.30023 4.28606 17 11 4 7 5
1003 4248 10.56080 0.02116 0.23169 0.91984 29 22 7 25 15
1036 4277 11.74153 0.79050 0.47639 1.16869 54 30 8 52 23
1025 4274 11.85598 0.18143 0.08320 1.35104 53 46 5 51 35
3420 4569 11.16863 1.78615 0.72448 0.87492 40 25 3 38 24
3369 4594 10.53298 3.11977 1.08615 3.80714 18 12 2 16 8
1011 4252 10.43428 0.02551 0.35647 1.07629 27 22 4 22 10
993 4259 11.01126 0.01514 0.78906 0.88691 34 20 14 30 13
2004 4562 10.60807 0.72206 0.72407 0.56786 36 18 3 24 18
1834 4412 11.87768 0.00420 8.62417 0.23407 7 0 0 5 4
1875 4467 10.31848 0.02322 0.64476 0.83556 41 15 4 35 23
3313 4629 11.68643 1.86852 19.78786 107.05813 3 0 0 3 2
1034 4260 10.88328 0.64929 0.16948 1.19681 49 39 8 41 22
3335 4630 11.35303 2.62880 0.34799 2.47354 9 7 1 6 4
926 4210 10.75146 0.07148 0.59568 1.92681 39 10 10 37 27
1910 4502 11.95305 0.07152 8.36464 3.28682 21 0 0 13 8
1813 4413 10.62826 0.04454 1.90790 1.86593 5 2 0 3 2
980 4250 10.90960 0.01631 0.21199 0.72036 51 40 11 49 26
909 4184 10.79670 1.93821 1.29257 2.80226 16 7 2 12 3
1976 4547 11.30759 0.01199 1.00224 0.69097 27 13 2 21 16
915 4178 11.78967 1.91361 0.31885 4.40068 19 15 3 13 9
953 4211 10.15524 0.05537 0.69353 3.00518 38 15 19 27 22
1840 4418 10.72135 0.02521 0.49690 1.47591 22 12 4 18 12
3341 4612 10.69718 3.02119 0.27606 2.50343 26 22 3 24 9
2006 3408 10.52550 2.96467 1.14623 2.42624 35 30 4 33 14
923 4179 11.02409 1.52544 1.46662 6.29750 20 7 1 6 6
928 4183 10.43089 1.23718 0.53610 3.37707 36 20 9 31 14
1924 4499 11.64191 0.07469 1.40799 1.01799 35 0 0 27 11
3403 4589 10.95719 2.79297 1.12977 3.06273 13 5 7 9 4
2012 3405 11.38195 2.42277 0.90229 2.03721 23 15 5 15 9
990 4240 11.05713 0.01777 0.29008 1.05573 30 24 4 27 17
914 4181 10.27047 1.83737 1.00382 3.65955 19 7 0 12 11
909 4198 11.32270 1.16772 0.12952 2.48554 18 15 3 15 10
1773 4395 10.52059 1.63534 1.35744 3.01298 10 6 1 6 3
909 4185 10.34135 1.88849 0.42987 2.95737 24 12 2 5 4
904 4191 11.88056 1.79913 0.70113 5.21143 11 2 1 4 3
1003 4247 11.85033 0.01925 0.67462 0.82424 22 14 7 22 10
945 4202 10.75995 0.16724 1.21819 3.28718 38 21 14 38 15
993 4242 11.04556 0.01593 0.32429 0.99071 35 28 5 35 20
3375 4605 10.08040 3.11669 0.49809 2.71440 7 3 0 4 4
1917 4492 11.66333 0.08720 1.38082 0.32385 14 2 0 8 8
1920 4496 10.29123 0.07388 1.45699 1.13125 52 1 0 46 21
1953 4527 11.82973 0.05470 2.62996 0.31027 43 0 0 43 12
2020 4573 11.91393 1.54531 1.48435 7.68304 17 6 0 7 8
1034 4276 10.97397 0.66361 0.30608 1.32116 74 51 5 63 37
1999 3415 11.39773 2.44775 0.45933 2.59556 26 24 1 24 11
1775 4398 11.22049 1.59651 2.83279 91.47283 9 3 0 2 2
1995 4576 11.99923 0.21194 0.71341 2.93758 31 19 3 26 12
3326 4631 10.67376 2.23366 19.52997 127.97876 3 0 0 3 2
1003 4265 11.85233 0.01634 0.23768 0.93041 44 37 7 44 22
956 4213 10.99299 0.04848 0.39483 2.52243 26 16 3 24 12
2011 3406 10.85734 2.54035 0.95448 2.04870 26 19 1 22 11
1787 4387 11.94287 1.16181 0.46683 1.67117 38 30 5 35 20
1846 4423 11.27993 0.01279 0.73824 0.77984 20 14 0 14 9
1971 4543 11.59748 0.02409 1.20714 1.03476 48 11 2 42 36
3387 4597 10.54897 3.09658 29.03159 177.40988 7 1 0 1 2
1799 4406 11.22994 0.40873 0.56740 1.40277 33 22 2 26 11
1934 4525 10.74210 0.08102 1.92010 1.21563 32 0 0 22 21
1879 4455 11.93614 0.01705 0.98033 1.22717 20 9 2 12 5
1776 4397 10.39107 1.58363 1.62007 3.01064 9 2 0 4 7
1775 4391 10.73241 1.61475 2.26930 5.91381 6 0 1 2 1
1921 4512 10.95557 0.07440 1.63855 1.12605 20 0 0 17 10
1016 4254 10.51339 0.01777 0.50355 0.82898 38 30 6 31 16
3337 4614 10.61003 2.89118 0.38015 2.14995 32 26 4 27 16
948 4226 11.02207 0.02363 0.11382 1.29119 66 38 27 64 35
931 4185 10.91660 1.12040 0.21338 3.46340 40 14 6 38 22
925 4209 10.48984 0.09126 0.53058 1.86383 44 14 13 39 21
1024 4257 10.44843 0.13301 0.27187 1.67398 46 40 5 46 29
1048 4275 11.27001 1.44258 0.56050 0.92620 78 68 7 74 47
3335 4629 10.09324 2.64073 0.94801 2.70284 13 6 2 8 4
1996 4559 10.09778 0.26574 0.83067 1.31284 42 16 6 19 18
3320 4631 11.24219 2.03471 46.48327 116.57997 3 0 0 1 2
1847 4441 11.55264 0.03036 14.91372 2.52507 9 0 0 6 5
1855 4432 10.69944 0.01525 15.10940 0.91472 19 0 0 19 11
932 4187 10.41657 1.02100 0.22404 4.07929 46 15 2 32 26
935 4217 11.30734 0.02482 0.54651 1.76170 45 12 8 43 27
1988 4554 11.73670 0.04640 0.88191 2.03144 35 4 2 30 19
1966 4539 11.40828 0.03065 1.41519 1.16163 32 0 1 25 10
3313 4625 11.22320 1.91811 60.33916 109.89955 2 0 0 2 2
3337 4613 11.86500 2.89679 0.62639 2.21293 22 16 2 20 9
1973 4545 11.03296 0.01471 1.12869 0.57061 22 4 3 14 7
1930 4505 11.57754 0.07154 1.72291 0.59479 32 0 0 30 18
927 4211 11.01240 0.05930 0.62858 2.54484 57 8 4 48 31
918 4205 11.43448 0.41236 0.37864 2.54545 59 53 6 57 39
913 4180 11.16035 1.93124 0.75157 3.37870 20 16 3 15 9
3350 4607 10.75398 3.13012 0.54745 3.01350 31 21 8 25 12
1837 4431 10.31661 0.01613 0.53346 0.90525 30 25 1 24 17
1962 4536 10.60356 0.03098 2.34385 1.07920 56 0 0 49 26
1007 4249 11.88875 0.02524 0.26078 1.07738 20 16 4 20 13
1972 4562 11.86741 0.00792 1.07374 0.42058 24 7 4 16 7
2018 4574 10.62174 1.46662 1.10544 7.04784 16 4 0 8 4
2013 4578 10.18013 1.25027 0.46371 3.86168 19 11 1 12 10
2007 3416 10.76830 2.89315 0.91592 2.28276 23 12 9 21 13
3350 4623 11.07258 3.00671 0.52900 2.71123 9 7 1 4 2
1975 4563 10.21330 0.00829 0.83980 0.47970 47 27 2 45 25
2006 3405 11.65777 2.78985 0.53025 1.78882 24 17 3 12 7
3408 4570 10.87426 2.47119 0.47362 0.47724 32 27 4 30 22
1932 4508 10.13007 0.06367 2.09368 0.68242 19 0 0 16 9
3320 4620 11.54667 2.16904 23.14963 124.27645 3 0 0 0 0
944 4200 11.37483 0.26690 0.78054 3.59554 32 4 27 27 20
1828 4408 10.70368 0.02528 0.44043 1.49253 31 22 4 14 10
1880 4457 10.42538 0.01939 1.11441 1.27503 22 14 1 15 7
3331 4631 11.33074 2.44948 0.43354 2.30478 7 4 2 5 2
2019 4574 11.28046 1.50488 0.84112 5.48148 11 7 0 9 7
2014 4578 10.50472 1.29741 0.88479 3.82695 22 19 3 22 12
3315 4624 10.75753 1.98481 1.08417 6.27798 6 0 0 4 3
1846 4439 10.12485 0.02364 1.52828 1.35248 15 5 1 15 5
1805 4392 11.92984 0.21849 0.16741 0.69097 51 43 8 49 34
1972 4561 10.60044 0.00623 0.84317 0.36262 57 30 6 48 36
967 4240 10.72533 0.01756 0.64542 0.90439 36 23 11 26 11
3342 4611 11.31307 3.04279 0.86288 2.68846 28 15 6 26 12
913 4202 11.93999 0.76753 0.95993 2.79344 30 9 20 23 13
938 4193 11.22523 0.67019 1.25621 4.15134 15 8 2 8 3
2017 4571 10.04170 1.43489 0.59330 4.71775 33 17 1 27 19
3397 4591 10.03727 3.06997 0.55591 4.34587 8 1 1 5 3
3418 4569 10.56296 1.87584 0.76879 1.21499 39 24 7 35 22
1831 4410 11.25117 0.00843 11.16296 0.58484 5 0 0 5 1
994 4259 10.21233 0.01528 0.35897 0.89351 49 37 11 44 21
995 4243 11.35005 0.01201 0.25975 0.71873 29 25 4 27 12
3324 4620 10.04451 2.28863 0.56203 3.42897 14 11 0 9 7
1045 4277 11.81589 1.32315 0.17995 1.16902 27 24 3 23 9
3399 4574 11.01889 2.94948 0.67659 0.43879 48 37 7 42 29
1859 4452 10.91428 0.01579 0.59528 0.97358 37 32 3 33 19
3374 4607 11.67237 3.12439 4.69402 178.98818 4 0 0 0 0
3352 4622 11.27447 3.01766 0.61091 2.70646 11 10 0 8 7
2003 4561 11.35958 0.65753 0.80252 0.58551 49 22 2 39 28
910 4181 11.75361 2.03191 0.78920 2.68249 23 20 2 17 8
1048 4265 11.98599 1.42818 0.56452 0.90439 47 35 4 37 26
972 4226 11.61386 0.03017 0.57253 1.78663 35 20 3 25 16
3330 4631 11.14495 2.40421 0.49453 2.17331 15 14 1 15 9
905 4192 11.45899 1.70048 0.31672 2.65461 8 6 2 8 5
3408 4587 10.94561 2.48365 0.35941 3.33495 10 8 2 8 2
1884 4476 10.86859 0.03449 0.64476 0.85134 37 22 3 27 20
2002 3408 11.74755 3.06085 0.58411 2.64323 25 21 2 19 6
1038 4262 10.10514 0.90286 0.24624 1.33940 44 26 18 37 15
2009 3409 10.07049 2.84227 0.72881 2.54037 30 21 3 22 13
971 4244 11.93306 0.02119 0.38545 0.88470 40 35 5 40 20
1050 4273 11.32841 1.49845 0.29106 0.52115 74 62 8 61 52
1960 4551 11.58699 0.02696 1.75406 0.81661 37 0 0 25 20
996 4261 11.33696 0.01223 0.30554 0.71052 42 24 16 37 17
1821 4418 10.12617 0.03128 0.18544 1.80797 15 14 1 12 9
1808 4394 11.40235 0.15463 0.36836 0.71327 50 37 7 32 29
908 4184 11.30926 1.98541 1.12885 3.53180 8 4 0 5 2
1025 4257 10.93063 0.17115 0.19431 1.84483 47 35 11 44 26
1865 4442 10.81550 0.01758 0.70664 0.64710 24 15 1 19 17
1856 4433 10.68525 0.01605 12.98111 0.57675 16 0 0 10 10
3358 4601 11.83048 3.12923 0.38024 3.11081 37 31 3 37 19
1988 4572 11.24726 0.06362 0.58446 3.37057 40 24 8 25 8
962 4236 10.44283 0.01649 0.75494 0.99150 43 27 14 41 19
972 4244 10.96688 0.02179 0.11747 0.97879 49 33 14 39 23
1864 4457 11.20748 0.01387 7.72520 1.10641 18 0 0 12 5
1876 4468 10.39770 0.02699 0.76828 1.15148 28 10 2 21 16
910 4199 11.41509 1.06317 0.40193 2.45575 31 25 6 28 18
1798 4406 11.85898 0.46166 1.44043 1.75122 20 7 2 9 3
1787 4388 10.85736 1.16898 0.92358 1.77740 57 48 4 53 31
1955 4530 10.25962 0.03967 1.91866 0.18557 51 0 0 45 22
1038 4261 11.36001 0.90229 0.16261 1.11417 37 27 7 28 17
1987 4554 11.06692 0.03716 0.76026 1.95805 35 4 3 24 18
2012 4566 10.21233 1.21747 0.84320 1.52624 34 22 5 29 14
3418 4568 11.61788 1.87514 0.74582 1.41886 47 29 11 41 24
1902 4478 10.28896 0.01911 1.25390 0.73115 52 21 2 52 30
1871 4463 10.08523 0.01647 0.61894 0.88071 37 24 1 26 17
988 4239 10.56721 0.01697 0.30710 0.99268 59 53 6 55 28
2008 3409 10.09309 2.90685 0.40633 2.54438 35 28 4 29 16
991 4241 10.65182 0.01536 0.30093 0.96022 35 32 3 29 18
1792 4388 11.09643 0.87569 0.78604 1.44130 30 19 7 27 11
907 4197 11.84313 1.31813 0.30526 2.55727 14 11 3 12 7
2018 4577 11.79739 1.46103 0.95988 4.86856 12 6 1 6 7
1845 4423 10.03944 0.01190 0.31068 0.66910 47 45 1 41 26
1833 4428 10.89598 0.00736 0.24539 0.15826 47 40 6 34 20
915 4203 11.55690 0.62720 0.21746 2.91779 44 30 14 40 28
1861 4438 10.71111 0.01766 1.60684 0.42796 9 3 3 4 3
1915 4491 10.29585 0.08084 0.87091 0.24708 16 11 1 16 10
1800 4406 10.64921 0.35751 0.41465 1.39690 34 23 4 32 12
3359 4617 10.55261 3.08446 0.26737 2.40778 19 14 0 19 12
3419 4582 10.61624 1.85010 0.37159 3.86695 27 23 3 27 14
1032 4276 11.68811 0.54189 0.37005 1.38084 83 59 7 78 37
1818 4400 11.67105 0.03280 0.49820 1.72488 50 41 5 31 23
951 4209 10.20779 0.05337 1.06811 2.90434 42 14 28 36 13
1050 4268 11.40344 1.48604 0.06099 1.03854 76 67 7 66 55
3336 4614 11.18141 2.85533 0.28232 2.24158 38 34 4 30 23
1964 4555 11.83696 0.02242 1.26009 1.27042 40 1 0 30 22
989 4240 10.18471 0.01666 0.30862 1.04380 33 22 8 27 17
933 4186 11.61900 1.06941 0.41078 3.76931 42 23 4 36 24
3318 4631 11.65608 1.98073 14.64591 113.48703 2 0 0 2 1
2015 4566 11.82640 1.35950 0.78726 2.83061 27 14 5 25 14
