0.02933 0.04230 0.00536
0.02053 0.02976 0.00621
0.02077 0.02730 0.01453
0.02002 0.02689 0.01488
0.03111 0.03058 0.02033
0.01977 0.02818 0.01157
0.02357 0.04239 0.01496
0.02423 0.04025 0.00913
0.02009 0.03614 0.01988
0.03179 0.02953 0.00328
0.02755 0.02653 0.00667
0.02718 0.04701 0.00837
0.02267 0.02784 0.01940
0.02793 0.02817 0.01875
0.03640 0.02601 0.01925
0.02366 0.04470 0.00595
0.02587 0.04147 0.01285
0.02027 0.02663 0.01724
0.02278 0.03843 0.00708
0.03467 0.04006 0.00393
0.02077 0.03227 0.01762
0.02423 0.03127 0.00855
0.02466 0.04169 0.00254
0.02331 0.04369 0.02161
0.02608 0.04190 0.00624
0.02556 0.04194 0.01948
0.02104 0.02723 0.00556
0.02195 0.03221 0.01471
0.02615 0.04396 0.00246
0.02993 0.03305 0.00296
0.02343 0.04197 0.01725
0.02291 0.04593 0.01127
0.02922 0.02836 0.02169
0.02396 0.04050 0.01984
0.02700 0.04655 0.01912
0.02684 0.02693 0.00410
0.03190 0.03959 0.00912
0.02482 0.02908 0.00396
0.04001 0.03877 0.01282
0.02137 0.03686 0.01093
0.02653 0.03167 0.01963
0.02379 0.04132 0.00910
0.04448 0.04312 0.02254
0.02474 0.02913 0.01045
0.02274 0.04129 0.00530
0.02154 0.03755 0.01561
0.02058 0.03681 0.01577
0.03471 0.04536 0.01645
0.02317 0.04118 0.01705
0.02171 0.03743 0.02986
0.02047 0.03143 0.00419
0.02479 0.04278 0.00711
0.02271 0.04379 0.01223
0.02122 0.02965 0.00216
0.02617 0.04359 0.00823
0.03296 0.02903 0.00627
0.02907 0.03228 0.02010
0.02805 0.03077 0.02022
0.02709 0.03995 0.01530
0.02380 0.03093 0.01562
0.02326 0.04115 0.00941
0.02529 0.04467 0.00161
0.01820 0.02076 0.00975
0.02007 0.03377 0.02180
0.02123 0.03731 0.00134
0.03112 0.02778 0.00834
0.02393 0.04320 0.01098
0.02434 0.04290 0.00284
0.04121 0.02902 0.02136
0.02357 0.03985 0.00504
0.02028 0.03351 0.01054
0.02547 0.02831 0.01700
0.02017 0.02745 0.00242
0.03375 0.04136 0.00658
0.02512 0.03776 0.01599
0.03067 0.02765 0.00641
0.02630 0.02925 0.01932
0.02602 0.03051 0.00272
0.02656 0.02726 0.01185
0.02348 0.04378 0.00242
0.02579 0.04402 0.01154
0.02095 0.03008 0.01901
0.02521 0.03794 0.00521
0.01950 0.02999 0.02114
0.02693 0.02912 0.00170
0.03335 0.03854 0.00294
0.03351 0.02877 0.00244
0.02108 0.02717 0.01868
0.02356 0.04266 0.00706
0.03890 0.02636 0.01117
0.02326 0.04122 0.00970
0.02307 0.02793 0.00310
0.02324 0.04153 0.02065
0.02850 0.02737 0.00611
0.02379 0.04239 0.01916
0.02458 0.04103 0.01110
0.02566 0.02900 0.00616
0.01909 0.02461 0.01065
0.01905 0.02601 0.00138
0.04583 0.03164 0.00602
0.02156 0.03492 0.00689
0.02387 0.02934 0.02393
0.02382 0.03595 0.00489
0.02131 0.03177 0.00307
0.02338 0.04186 0.02215
0.02817 0.02733 0.01454
0.02473 0.04308 0.01956
0.02435 0.03786 0.02028
0.02700 0.02629 0.02060
0.02662 0.04095 0.00288
0.03107 0.03989 0.00231
0.02368 0.03210 0.00749
0.02001 0.03751 0.00617
0.03530 0.04430 0.00271
0.04198 0.03257 0.00680
0.02583 0.04495 0.02095
0.02302 0.04326 0.01911
0.02886 0.03306 0.00342
0.02547 0.03954 0.00515
0.05254 0.02768 0.00406
0.02583 0.02815 0.01953
0.02097 0.03325 0.00473
0.02710 0.02816 0.01905
0.03918 0.02716 0.01953
0.02427 0.04275 0.02192
0.02119 0.04134 0.00230
0.02604 0.02965 0.00286
0.02537 0.04298 0.02029
0.02578 0.04403 0.00221
0.04223 0.02797 0.01896
0.02542 0.02606 0.00353
0.02532 0.04438 0.00720
0.02397 0.03983 0.02082
0.02361 0.03197 0.00933
0.02282 0.04197 0.02016
0.02319 0.04109 0.02361
0.02394 0.04145 0.01943
0.02241 0.03028 0.01343
0.02383 0.04163 0.00610
0.01974 0.02977 0.01974
0.02262 0.04304 0.02042
0.02254 0.03046 0.01009
0.02426 0.04018 0.00530
0.04417 0.02875 0.01366
0.02232 0.04381 0.02415
0.01831 0.01979 0.01840
0.02821 0.02776 0.00331
0.02864 0.05189 0.01389
0.02747 0.04490 0.00172
0.04515 0.03088 0.01098
0.02101 0.03001 0.01912
0.02108 0.03980 0.00697
0.02580 0.02638 0.03116
0.02107 0.03019 0.00202
0.02781 0.02703 0.02021
0.02079 0.02932 0.00223
0.02721 0.02993 0.01916
0.02361 0.04527 0.01973
0.02238 0.04300 0.01997
0.02818 0.02723 0.01031
0.02137 0.04742 0.00116
0.03989 0.02705 0.00747
0.02623 0.04130 0.00833
0.03348 0.02831 0.00211
0.02019 0.03577 0.01694
0.02365 0.04380 0.00269
0.03152 0.04682 0.01094
0.02953 0.02785 0.00694
0.02423 0.03205 0.01886
0.02185 0.03100 0.01943
0.02290 0.04163 0.01115
0.02186 0.03332 0.01121
0.02483 0.03211 0.00242
0.03967 0.03105 0.00579
0.02403 0.03180 0.00269
0.02756 0.04331 0.02020
0.02739 0.04656 0.00203
0.02247 0.03981 0.02254
0.01935 0.03388 0.00746
0.04443 0.02986 0.00554
0.02648 0.03373 0.01892
0.02443 0.03305 0.01133
0.02556 0.04425 0.01945
0.02553 0.04491 0.01615
0.02568 0.04366 0.00696
0.02622 0.04615 0.00152
0.02336 0.03090 0.00917
0.02240 0.04210 0.00512
0.02370 0.04275 0.01930
0.02448 0.04317 0.02142
0.02188 0.04186 0.01503
0.02328 0.04357 0.00345
0.02330 0.03078 0.01690
0.02605 0.04603 0.00680
0.02343 0.02880 0.00584
0.02407 0.04285 0.00899
0.02265 0.03311 0.01993
0.02356 0.04366 0.00374
0.02686 0.02698 0.00260
0.04202 0.03144 0.00439
