0.02456 0.02686
0.01917 0.03048
0.01806 0.02678
0.01804 0.02569
0.03009 0.02728
0.01805 0.02657
0.01925 0.02854
0.02119 0.02570
0.03268 0.02816
0.05719 0.02678
0.02708 0.02437
0.02313 0.02456
0.01922 0.02656
0.03736 0.02569
0.02366 0.03095
0.01985 0.03096
0.01917 0.03266
0.03077 0.02546
0.02513 0.02187
0.01978 0.02840
0.01827 0.03046
0.02091 0.02818
0.02058 0.02996
0.01993 0.02882
0.01879 0.02666
0.02971 0.02570
0.01903 0.02338
0.01996 0.02746
0.02199 0.02590
0.02566 0.02586
0.02042 0.02986
0.01854 0.02742
0.02214 0.02870
0.01964 0.02299
0.02263 0.02619
0.02665 0.02489
0.01723 0.02415
0.02334 0.02531
0.01911 0.02198
0.02144 0.02705
0.02531 0.02774
0.02001 0.02915
0.01965 0.02928
0.02161 0.02434
0.01908 0.02828
0.01863 0.02709
0.01805 0.02737
0.01919 0.03359
0.03602 0.03229
0.02095 0.02579
0.01833 0.02772
0.02241 0.02644
0.01899 0.03155
0.02073 0.02764
0.02073 0.02623
0.02179 0.02537
0.02757 0.02599
0.03821 0.02673
0.02039 0.02360
0.02262 0.02526
0.01874 0.02356
0.02134 0.02435
0.01696 0.02049
0.01836 0.02639
0.01725 0.03012
0.03949 0.02611
0.02053 0.02975
0.02057 0.02606
0.02672 0.02614
0.01985 0.02668
0.01756 0.02717
0.02423 0.02765
0.01858 0.02606
0.01968 0.02909
0.02280 0.02628
0.01772 0.02493
0.02844 0.02515
0.02478 0.02532
0.02485 0.02424
0.01986 0.02767
0.02224 0.02919
0.01970 0.02770
0.02886 0.02437
0.01802 0.02500
0.02478 0.02527
0.01889 0.02721
0.02530 0.02469
0.02871 0.02553
0.01897 0.02914
0.03016 0.02492
0.04268 0.02682
0.01902 0.02724
0.02924 0.02898
0.02645 0.02617
0.01883 0.02876
0.01870 0.02879
0.02456 0.02266
0.01770 0.02331
0.01974 0.02527
0.02196 0.02587
0.01884 0.02452
0.02539 0.02430
0.02858 0.02431
0.01840 0.02494
0.01930 0.02576
0.02742 0.02519
0.02084 0.02453
0.02119 0.02443
0.03048 0.02488
0.02289 0.02545
0.01754 0.03069
0.02159 0.02499
0.01724 0.02492
0.02038 0.02517
0.03631 0.02554
0.03316 0.02516
0.01956 0.02889
0.01805 0.01801
0.02001 0.02424
0.02501 0.03191
0.02464 0.02806
0.01788 0.03092
0.02768 0.02581
0.02677 0.02379
0.01958 0.03332
0.02608 0.02560
0.02517 0.02705
0.02088 0.02471
0.02220 0.03245
0.02570 0.02424
0.02591 0.02316
0.02350 0.02663
0.02045 0.02629
0.02144 0.03036
0.01908 0.03013
0.02600 0.02798
0.02066 0.02644
0.02148 0.02450
0.01961 0.02929
0.01740 0.03071
0.01900 0.02994
0.02110 0.02640
0.01991 0.02369
0.02198 0.02456
0.01924 0.03841
0.01727 0.02424
0.02637 0.02613
0.02316 0.01665
0.02318 0.03052
0.02042 0.02470
0.01904 0.02891
0.01623 0.02659
0.02549 0.02407
0.01936 0.03030
0.02668 0.02454
0.01917 0.02901
0.04645 0.02563
0.02329 0.02947
0.01881 0.02992
0.02640 0.01472
0.02615 0.02653
0.02511 0.02404
0.02016 0.03015
0.02521 0.02562
0.01673 0.02542
0.02419 0.02941
0.02045 0.02431
0.02893 0.02400
0.02186 0.02692
0.01955 0.02814
0.02666 0.03015
0.01763 0.02613
0.01907 0.02462
0.02252 0.02516
0.01866 0.03095
0.02288 0.02788
0.02292 0.02174
0.01974 0.02814
0.01732 0.02622
0.02090 0.02540
0.02329 0.02291
0.02179 0.02700
0.02058 0.02514
0.02195 0.02490
0.02187 0.02597
0.04064 0.02464
0.03310 0.02808
0.01983 0.02978
0.01951 0.03552
0.02010 0.02840
0.01717 0.02546
0.02040 0.03678
0.02005 0.02819
0.02143 0.02563
0.02152 0.02467
0.01874 0.03261
0.02074 0.02434
0.01998 0.03271
0.01919 0.02672
0.01832 0.02684
