4788 7095 10.81350 3.14082 2.20197 0.31153 32 0 0 19 16 529 100.00000 0
5152 6832 10.06994 3.13832 9.34747 179.79252 10 0 0 0 3 147 100.00000 0
1383 4966 10.28066 0.07490 4.85183 0.36154 13 0 0 9 7 114 100.00000 0
5412 6699 10.68882 2.38054 20.86368 136.39515 8 0 0 5 1 78 100.00000 0
1602 5348 11.99639 0.01276 19.40524 0.72739 11 0 1 3 3 143 100.00000 0
38 3387 11.50802 0.00420 2.69214 0.19782 16 0 0 12 11 180 100.00000 0
39 8586 11.48626 0.03120 14.21284 1.78619 15 1 0 3 2 123 100.00000 0
4737 7202 11.02315 2.65492 2.31462 0.50668 8 0 0 8 3 165 100.00000 0
1378 4993 10.70005 0.01567 9.64034 1.84398 18 0 0 18 8 205 100.00000 0
1555 5205 10.74876 0.00984 18.29269 0.56924 9 0 0 2 2 113 100.00000 0
3300 8461 11.51975 0.00966 16.18008 0.55673 27 2 0 16 14 210 100.00000 0
3309 8438 11.77066 0.01154 14.60175 6.56423 16 0 0 12 9 186 100.00000 0
1524 5135 11.01220 0.00244 2.45757 8.08114 15 0 0 13 7 191 100.00000 0
797 4017 10.74661 0.01164 4.70492 0.66323 14 0 0 1 0 204 100.00000 0
2963 8097 10.74930 0.02549 19.18490 1.45911 7 0 0 4 2 113 100.00000 0
1587 5217 10.75116 0.01148 3.58128 0.22029 24 4 8 20 7 272 100.00000 0
17 3387 11.50802 0.00420 2.64305 0.42244 19 0 0 15 12 168 100.00000 0
737 3942 10.32301 0.84648 2.17236 4.20319 17 0 6 2 1 207 100.00000 0
4796 7122 11.95018 3.03352 15.78974 173.80799 12 0 0 1 4 261 100.00000 0
1495 5102 10.99809 0.02144 4.56011 9.52753 17 0 0 14 7 198 100.00000 0
1537 6800 10.97155 3.13928 12.15095 179.86878 16 0 0 10 4 136 100.00000 0
5097 6852 11.69156 3.12546 2.50416 0.95532 17 0 0 3 4 185 100.00000 0
45 100 11.49053 0.02079 13.90710 1.19223 12 3 1 4 4 105 100.00000 0
49 3414 11.75156 0.02822 14.76080 1.61762 13 0 0 7 7 128 100.00000 0
6037 7988 11.05039 3.13779 13.67279 168.15058 8 0 0 4 5 125 100.00000 0
25 8585 10.74196 0.02857 17.93730 1.63662 14 0 2 7 3 164 100.00000 0
1279 4835 10.99875 0.05521 10.95786 7.16374 27 0 0 21 13 426 100.00000 0
1068 4364 11.00272 0.03437 8.67975 3.00739 19 0 0 15 9 220 100.00000 0
3361 8501 10.24352 0.00476 8.61992 0.27268 20 1 2 9 7 225 100.00000 0
5217 6790 11.76252 3.13150 4.18332 9.53570 10 0 0 1 3 107 100.00000 0
5301 6767 11.10638 3.12139 2.17075 2.12209 12 4 0 5 4 149 100.00000 0
5407 6672 11.61022 1.98239 8.28653 29.84445 8 2 1 2 2 80 100.00000 0
1250 7179 10.82512 3.00906 2.30232 0.26834 10 0 0 1 4 161 100.00000 0
6134 7909 11.09334 3.13980 9.86211 179.88131 33 3 0 8 11 481 100.00000 0
3029 8133 10.50345 0.01303 6.87732 21.26290 12 0 2 5 6 228 100.00000 0
5416 6678 11.92093 2.03890 7.24411 116.82057 4 0 0 4 4 54 100.00000 0
1592 6749 10.57266 3.13709 6.62918 179.74512 10 0 0 5 3 153 100.00000 0
1248 7191 10.42904 2.91139 5.13020 0.75485 14 0 0 12 8 285 100.00000 0
192 8650 11.83438 0.01129 11.72184 1.88637 13 0 0 13 11 163 100.00000 0
421 3656 11.26950 0.01192 3.18667 9.54538 16 5 0 9 3 257 100.00000 0
65 8585 10.74196 0.02857 13.33692 1.63662 8 0 0 3 2 98 100.00000 0
4968 6996 11.42188 3.09670 6.64330 177.42960 16 0 0 14 9 267 100.00000 0
2958 8092 11.48210 0.04144 10.96015 14.72187 9 0 0 5 3 169 100.00000 0
1366 6980 11.22658 3.09564 12.42741 177.36745 41 0 0 15 10 362 100.00000 0
1541 6820 11.95588 3.13107 8.42600 174.09253 6 0 0 1 0 82 100.00000 0
2653 5634 11.79973 0.05114 8.10720 10.30003 13 0 0 6 5 105 100.00000 0
4679 7225 11.35288 1.83809 3.17732 5.16414 12 0 0 4 4 134 100.00000 0
4859 7081 11.68554 3.11619 2.11391 0.48939 20 0 0 20 7 377 100.00000 0
1627 5326 11.75301 0.02710 12.50084 1.55343 10 0 0 4 4 124 100.00000 0
6356 7620 10.42478 1.73005 2.44048 13.65351 14 0 0 10 6 150 100.00000 0
1614 5367 10.98412 0.01304 13.50259 0.75121 10 0 0 3 4 102 100.00000 0
3422 8616 11.77707 0.03243 22.18598 1.85625 2 0 0 2 2 6 100.00000 0
56 8547 11.75274 0.00574 2.27497 0.63796 33 0 0 31 22 216 100.00000 0
3092 8196 11.34989 0.12846 7.25937 7.35989 17 0 0 14 9 263 100.00000 0
755 4009 11.81708 0.12823 7.37602 35.49071 10 0 0 2 1 73 100.00000 0
4758 7153 11.79342 3.11472 14.59190 178.45998 8 0 0 1 1 105 100.00000 0
4782 7130 10.77576 3.06593 5.37414 10.08941 21 0 0 6 4 391 100.00000 0
