2875 6465 11.37997 3.13401 1.11304 1.69720 34 11 1 25 12 182 100.00000 0
2281 4641 10.33926 2.17209 1.07449 0.83275 26 10 7 20 13 239 100.00000 0
727 2364 11.59337 0.01602 1.33198 1.68980 20 5 3 8 4 129 100.00000 0
664 2303 10.00971 0.01206 0.37640 0.69661 28 23 5 21 16 195 100.00000 0
1535 5211 10.40192 0.02752 0.51744 1.18729 86 68 15 86 46 393 100.00000 0
4453 6880 11.50391 0.01357 0.16575 0.28804 39 27 12 37 14 247 100.00000 0
363 7274 10.14497 2.99480 1.22442 1.19681 34 4 6 32 11 197 100.00000 0
5274 5634 10.73340 0.01224 0.40563 0.64407 46 36 9 44 21 324 100.00000 0
2235 7066 11.45802 3.01571 1.88590 1.64235 13 0 1 11 5 83 100.00000 0
1167 6557 11.46000 2.50050 1.24760 1.59937 14 4 5 9 6 122 100.00000 0
5165 5374 10.50349 0.00224 0.36083 0.16786 72 65 7 64 50 387 100.00000 0
179 7384 11.50242 3.05583 0.76143 1.06238 15 4 5 11 4 74 100.00000 0
3268 5988 10.64540 2.47694 1.43463 0.86457 32 2 0 23 18 200 100.00000 0
5394 5637 11.98348 0.01338 0.36076 0.78335 49 39 8 49 23 279 100.00000 0
1155 4078 10.09015 2.79338 1.09424 1.46580 26 14 7 16 5 147 100.00000 0
436 7203 10.11910 3.05139 1.58995 1.52726 32 0 0 24 8 314 100.00000 0
5161 5355 11.49891 0.00378 0.51124 0.56302 60 50 4 52 29 326 100.00000 0
2269 4611 10.62775 2.69751 0.41129 0.61676 58 32 25 53 14 356 100.00000 0
1016 2660 11.94728 0.06784 0.43882 0.38155 23 17 5 17 10 160 100.00000 0
5313 5636 11.48350 0.01362 0.53012 0.75485 46 39 6 44 26 303 100.00000 0
3644 5397 11.73552 3.13387 0.46833 0.58350 40 30 7 32 19 237 100.00000 0
5279 5633 10.23636 0.01103 0.24849 0.90828 72 62 6 64 47 380 100.00000 0
577 7082 10.86016 2.94655 1.45445 1.19190 29 2 0 22 10 178 100.00000 0
5213 5614 10.25740 0.01801 0.47571 1.15046 57 34 15 57 21 331 100.00000 0
1469 3746 10.79166 3.10909 1.01800 2.60489 34 12 5 26 8 239 100.00000 0
2614 4261 10.95837 3.10482 0.96031 2.22370 32 14 3 21 14 262 100.00000 0
277 7330 10.12963 2.89185 1.77332 1.11803 29 1 0 12 4 252 100.00000 0
175 7422 11.63325 3.04663 0.67167 1.24333 6 2 1 2 0 36 100.00000 0
2478 6856 10.93461 2.80736 1.03005 3.00856 18 4 0 14 7 183 100.00000 0
5161 5375 11.49891 0.00378 0.39733 0.65192 48 40 4 34 25 305 100.00000 0
1359 4972 11.03299 0.40695 0.48260 1.49489 49 44 2 47 27 162 100.00000 0
3173 6115 11.23794 3.13941 1.07832 1.13194 31 7 4 25 9 263 100.00000 0
3649 5644 10.94752 3.12930 0.88955 0.97518 56 32 3 56 33 191 100.00000 0
1562 3640 11.54237 3.12696 1.02954 1.11733 48 23 10 42 19 252 100.00000 0
1355 4964 10.37109 0.67761 1.00035 1.94017 31 14 3 26 16 225 100.00000 0
1065 2686 10.49684 0.03866 0.48320 0.37115 50 43 4 46 36 320 100.00000 0
4350 6789 10.15264 0.00183 0.76881 0.06853 78 56 22 73 43 462 100.00000 0
3078 6253 11.54726 3.02575 0.65648 1.57172 20 14 2 10 11 143 100.00000 0
5163 5338 11.00212 0.00293 0.69988 0.27976 78 69 8 72 49 336 100.00000 0
4626 7042 11.27092 0.67087 1.20050 0.69549 54 2 0 51 30 346 100.00000 0
327 1998 10.65641 0.27014 0.30401 0.76515 88 79 4 84 34 487 100.00000 0
2565 4307 11.82333 3.13335 0.84471 2.16465 10 5 1 8 3 117 100.00000 0
5160 5492 11.75078 0.00316 0.46388 0.39167 51 44 3 45 35 261 100.00000 0
707 6957 10.49859 3.11814 1.35848 2.43092 40 2 2 33 20 212 100.00000 0
828 2448 10.77234 0.37731 0.67101 1.73551 65 38 9 50 33 342 100.00000 0
613 2280 10.82996 0.22710 0.37840 0.28804 67 57 8 65 38 358 100.00000 0
1496 5080 10.14222 0.03047 0.27485 1.11311 138 130 7 131 73 510 100.00000 0
1592 5638 10.37175 0.21470 0.36229 0.96063 69 51 7 64 32 358 100.00000 0
3685 5117 11.23999 3.14045 1.96526 1.11557 42 6 2 31 8 337 100.00000 0
626 4597 10.96606 2.95835 1.50549 1.43804 35 10 20 33 15 182 100.00000 0
1569 3636 10.36959 3.09449 0.69639 1.33295 41 19 5 30 13 238 100.00000 0
5165 5441 10.50349 0.00224 0.29342 0.30901 76 73 2 64 47 391 100.00000 0
3672 5140 10.39466 3.13710 0.90971 0.96063 67 36 16 63 29 419 100.00000 0
2310 7002 10.28864 3.09134 1.46509 1.93735 20 0 0 13 8 131 100.00000 0
2332 4561 11.96810 3.10516 0.99838 1.54914 8 2 2 2 3 84 100.00000 0
2503 6793 10.42455 2.92093 1.40830 1.27011 24 1 2 21 9 200 100.00000 0
2458 6843 10.46713 2.51513 0.68038 0.72362 59 35 7 52 31 408 100.00000 0
681 6981 10.55501 3.13425 1.77455 2.68307 31 0 0 25 8 128 100.00000 0
698 6966 10.12844 3.12585 1.56937 3.31021 33 1 0 28 16 179 100.00000 0
739 6925 11.42306 3.13506 1.13383 0.98039 45 10 19 39 24 241 100.00000 0
845 6846 11.13680 2.78264 0.97063 1.78180 17 5 0 5 4 149 100.00000 0
5167 5547 10.00159 0.00338 0.41632 0.24066 72 58 13 72 44 398 100.00000 0
1372 3811 11.57124 3.12064 1.15325 1.85709 25 10 5 25 11 147 100.00000 0
5161 5503 11.49891 0.00378 0.79501 0.26980 59 46 5 55 40 310 100.00000 0
5165 5502 10.50349 0.00224 0.37182 0.07913 70 62 8 65 33 342 100.00000 0
5164 5334 10.75340 0.00234 0.32934 0.59017 54 46 3 45 35 329 100.00000 0
1061 4182 10.16415 3.12441 1.49178 1.62076 19 1 0 10 8 137 100.00000 0
4244 6709 11.17632 0.03305 0.57151 1.24207 23 16 3 16 10 256 100.00000 0
3681 5179 11.47913 3.12039 0.40062 1.14466 44 24 15 28 14 315 100.00000 0
1318 3879 11.69506 3.13017 1.29625 3.00192 23 12 0 20 7 123 100.00000 0
1541 5570 11.59120 0.01806 0.91184 0.81469 51 23 5 45 20 324 100.00000 0
846 6803 11.65775 2.56849 1.59362 1.89568 20 4 4 17 9 151 100.00000 0
1369 3814 11.36005 3.12021 1.39961 2.81592 14 3 1 8 3 105 100.00000 0
923 4286 11.26177 3.13746 1.40422 1.66530 24 2 1 16 6 242 100.00000 0
1165 4058 10.13499 2.78017 0.67368 1.69258 25 18 2 20 9 188 100.00000 0
4112 6593 10.94380 0.01593 0.30146 0.44850 44 41 0 40 27 317 100.00000 0
296 7323 11.00445 2.94064 1.75791 0.95940 52 2 0 40 35 315 100.00000 0
1570 5283 10.92418 0.01846 0.36739 0.97277 52 44 8 46 34 300 100.00000 0
5487 5635 11.23314 0.01343 0.38928 0.65312 41 35 5 36 19 302 100.00000 0
3262 6003 10.28770 2.66573 1.06288 1.35306 31 4 1 24 13 178 100.00000 0
933 2562 10.73045 0.00316 0.80299 0.16786 34 23 11 31 14 272 100.00000 0
2281 7035 11.02438 3.11616 1.24426 1.69812 43 4 2 39 21 265 100.00000 0
871 6812 10.75492 nan 0.88667 1.82285 16 1 2 6 4 136 100.00000 0
5161 5279 11.50095 0.00365 0.53748 0.38359 53 45 7 48 29 351 100.00000 0
515 7145 10.08485 3.08925 1.14743 2.03913 17 0 3 5 5 124 100.00000 0
2189 7131 11.45305 3.00589 1.04286 0.63674 21 4 1 17 11 104 100.00000 0
3647 5432 10.10077 3.14056 0.36327 0.75796 31 22 3 12 8 281 100.00000 0
5349 5635 11.23314 0.01343 0.28942 0.68414 47 38 6 43 23 316 100.00000 0
3254 6055 10.87374 3.01573 0.84569 0.94956 47 21 6 32 17 291 100.00000 0
2286 7035 11.56521 3.04072 1.49543 2.05443 40 1 0 36 11 206 100.00000 0
1201 4011 11.60302 3.07664 1.09625 1.24929 36 28 5 36 15 266 100.00000 0
277 7338 10.24224 2.97523 1.95456 1.49933 18 0 2 14 5 118 100.00000 0
624 2263 10.84767 0.20257 0.33514 0.69154 59 57 2 56 38 393 100.00000 0
5225 5622 11.25670 0.01582 0.23420 0.49889 47 37 8 38 24 302 100.00000 0
5335 5634 10.73539 0.01218 0.44676 0.89526 55 36 9 53 25 349 100.00000 0
1542 5432 10.86400 0.01730 0.63093 0.76053 51 27 7 49 26 326 100.00000 0
2261 4627 10.36025 2.27821 0.56392 1.01259 61 36 19 52 18 434 100.00000 0
2030 7265 11.71943 2.83812 1.72192 0.34150 16 0 5 7 3 170 100.00000 0
1577 3645 10.46301 3.12169 1.28790 1.26486 71 19 15 69 42 285 100.00000 0
3068 6210 11.67118 2.76213 1.22251 0.69661 42 15 3 30 13 257 100.00000 0
2588 6742 11.68465 nan 1.44459 1.90002 23 10 2 12 7 241 100.00000 0
1520 3687 11.01113 3.12501 1.22868 1.21820 36 4 0 31 19 256 100.00000 0
176 7390 11.24530 3.05866 0.78277 1.02336 17 10 2 15 8 98 100.00000 0
2429 6879 10.10836 3.12889 0.83576 1.17370 27 21 0 22 8 189 100.00000 0
3336 5932 10.23117 3.12556 0.87362 1.34232 20 11 3 15 9 132 100.00000 0
2468 4420 10.13656 2.84177 1.95480 2.04507 23 2 10 14 7 202 100.00000 0
1177 2781 11.57526 0.78966 0.59340 0.94791 82 78 4 73 51 401 100.00000 0
4382 6812 11.11117 0.35581 0.68896 1.87304 54 44 9 50 16 383 100.00000 0
2440 4423 10.11896 3.13168 1.62773 2.32927 42 33 1 40 25 213 100.00000 0
154 7442 11.36918 3.05384 0.18460 0.63366 51 33 16 43 15 278 100.00000 0
3733 5062 11.64765 3.13182 1.09829 2.47291 87 2 15 83 61 409 100.00000 0
377 2052 11.81512 0.10181 0.30250 0.79328 48 41 6 39 18 258 100.00000 0
5168 5457 10.00092 0.00372 0.25601 0.15826 52 47 4 47 28 408 100.00000 0
1547 5145 10.99439 0.01997 0.40069 1.48147 45 34 3 37 20 312 100.00000 0
5160 5438 11.75078 0.00316 0.60262 0.37949 43 24 9 34 22 291 100.00000 0
1570 5556 10.92639 0.01845 0.58290 1.09146 56 41 4 52 32 305 100.00000 0
807 4441 10.85764 3.10993 0.85969 1.97912 27 19 3 21 12 156 100.00000 0
4495 6925 10.73172 0.01363 0.54474 1.18002 36 30 5 29 18 260 100.00000 0
4072 6552 10.84779 0.03320 0.15704 1.34261 45 32 6 32 24 188 100.00000 0
484 7154 10.22289 3.04096 0.97687 1.07956 17 5 1 14 6 113 100.00000 0
4429 6888 10.98967 0.01919 0.67577 0.67319 38 24 14 36 10 275 100.00000 0
1320 3854 11.81582 3.13287 0.81649 1.55947 15 1 2 13 7 101 100.00000 0
5167 5422 10.00159 0.00338 0.38933 0.14265 59 55 4 57 38 358 100.00000 0
4020 6548 10.53490 0.98884 0.91533 0.48295 75 53 16 71 31 395 100.00000 0
179 7391 10.43252 3.05738 0.56455 1.08858 20 18 2 18 9 116 100.00000 0
314 1981 10.63075 0.66213 0.66867 0.83743 160 122 23 149 91 630 100.00000 0
1290 3877 10.39017 3.11550 1.10949 3.47604 26 6 1 21 8 180 100.00000 0
851 2465 11.93710 0.98657 0.39781 1.55343 30 14 3 20 15 178 100.00000 0
2313 6999 10.12550 3.09290 1.90742 1.73911 15 0 0 13 6 112 100.00000 0
3821 4987 10.80227 3.04822 1.19383 1.83611 18 5 3 8 7 146 100.00000 0
2766 4041 11.34717 2.49206 1.16893 0.36262 24 4 0 20 7 212 100.00000 0
3644 5390 11.73552 3.13387 0.31410 1.23923 24 18 2 20 8 217 100.00000 0
405 2053 10.89948 0.11932 0.57682 0.73542 28 24 2 16 18 160 100.00000 0
1257 3929 11.03190 3.13562 0.72545 2.54053 29 19 2 15 12 216 100.00000 0
169 7423 10.83834 3.03987 1.30247 2.56582 8 5 0 6 4 70 100.00000 0
1541 5450 11.59120 0.01806 0.70204 1.30776 51 24 7 45 26 270 100.00000 0
819 4396 11.04415 2.62896 0.42767 2.68788 57 7 3 49 22 400 100.00000 0
2494 4344 11.26386 2.70291 1.28063 3.30073 10 3 0 8 2 114 100.00000 0
1543 5465 10.15180 0.01764 0.31696 0.82709 50 44 5 48 26 336 100.00000 0
162 7418 11.19908 3.04783 1.28275 0.55249 31 5 25 28 15 220 100.00000 0
662 4554 11.93667 3.10649 1.40479 1.78004 15 1 2 9 4 150 100.00000 0
5320 5637 11.98348 0.01338 0.39100 0.85318 47 41 4 40 25 279 100.00000 0
2304 7020 10.21625 2.98296 1.57749 2.02681 18 0 0 6 3 153 100.00000 0
272 7343 11.49717 3.01550 1.17230 1.59078 11 0 4 1 4 70 100.00000 0
2402 4467 10.17869 3.07819 1.24632 1.49855 51 4 0 49 23 270 100.00000 0
332 7302 10.35823 3.04623 1.06490 0.98913 30 10 2 22 10 192 100.00000 0
5166 5509 10.25254 0.00276 0.25710 0.74703 55 51 4 53 33 395 100.00000 0
5546 5637 11.98348 0.01338 0.44546 1.05425 40 32 2 32 21 269 100.00000 0
1145 4091 10.21901 3.07100 1.05106 1.77806 7 2 1 3 2 67 100.00000 0
1585 5629 10.57755 0.10222 0.66333 0.67435 50 46 4 45 22 320 100.00000 0
172 7425 11.46992 3.03980 0.54706 1.37771 16 7 6 14 4 75 100.00000 0
1397 3789 10.42634 3.13298 1.32806 2.44008 36 8 2 30 13 237 100.00000 0
3774 5017 11.82818 3.13854 0.83592 1.69212 31 8 11 26 9 238 100.00000 0
5168 5565 10.00092 0.00372 0.37498 0.29608 54 50 3 52 33 391 100.00000 0
5161 5288 11.49891 0.00378 0.64817 0.40056 52 37 11 50 28 320 100.00000 0
909 2537 11.92525 0.00578 0.34514 0.43341 27 21 4 22 12 203 100.00000 0
3661 5161 11.26315 3.13255 1.02380 0.83790 48 18 6 36 19 310 100.00000 0
892 4335 10.53773 3.08573 1.18529 1.87137 30 10 5 24 6 167 100.00000 0
3276 6028 11.28733 2.55606 0.52430 2.20975 31 4 8 29 10 204 100.00000 0
4441 6869 10.23902 0.06157 0.25248 0.62307 54 49 4 51 36 369 100.00000 0
2489 6845 11.36449 2.77400 0.26164 2.57009 28 4 0 19 10 181 100.00000 0
5412 5636 11.48350 0.01362 0.37752 0.77632 29 21 7 24 12 319 100.00000 0
2033 7264 10.45129 2.86967 1.72009 1.22461 17 2 4 13 5 213 100.00000 0
1146 4057 10.02834 2.93081 0.56883 1.73911 15 6 3 11 10 166 100.00000 0
1540 5255 11.35654 0.01825 0.51441 0.87581 53 27 6 51 29 316 100.00000 0
834 4371 10.45451 2.30124 0.84621 1.86802 41 3 0 33 10 266 100.00000 0
1458 3756 11.50085 3.07679 1.75117 2.38179 53 26 7 47 36 245 100.00000 0
1614 5663 11.83780 1.14561 0.40549 2.46720 94 38 0 86 36 349 100.00000 0
1379 3806 10.47662 3.12576 0.81477 1.99763 33 7 4 25 14 138 100.00000 0
1337 3842 11.35475 3.13005 0.83519 1.31045 34 13 8 34 14 241 100.00000 0
1542 5379 10.86400 0.01730 0.73573 0.68870 51 27 6 49 24 336 100.00000 0
5161 5447 11.49891 0.00378 0.71486 0.20558 62 49 10 55 37 359 100.00000 0
3670 5402 10.95647 3.12657 0.77039 0.74178 86 66 11 82 49 330 100.00000 0
300 7332 11.80717 3.06676 1.10267 0.75121 45 8 1 45 16 244 100.00000 0
988 4252 10.35396 3.10382 0.91332 1.74787 26 18 0 22 11 175 100.00000 0
3572 5689 10.46941 2.78770 1.12361 2.00740 50 17 12 42 21 227 100.00000 0
3646 5311 10.70784 nan 0.38102 0.63612 30 23 4 30 11 250 100.00000 0
2459 6837 11.57387 2.36822 0.55161 1.51543 63 4 1 55 21 377 100.00000 0
5162 5375 11.24999 0.00352 0.55970 0.24389 61 43 11 53 34 332 100.00000 0
2046 7270 10.14328 3.05404 1.95905 2.54591 18 0 1 5 1 153 100.00000 0
5165 5285 10.50550 0.00207 0.74409 0.42887 61 39 7 51 30 312 100.00000 0
3570 5689 11.42490 2.78372 1.44325 2.20442 39 12 13 31 10 231 100.00000 0
1569 5339 10.20782 0.01841 0.24713 0.94253 51 46 4 42 29 324 100.00000 0
2335 4557 11.20360 3.10965 1.01580 3.77802 8 3 2 0 2 77 100.00000 0
