234 1662 10.63839 3.07429 0.18753 1.86299 57 49 8 53 28 308 100.00000 0
2483 2533 11.04360 0.82204 0.22711 3.26399 45 38 5 37 10 118 100.00000 0
2545 3865 10.48631 1.54727 0.23170 1.77520 38 33 5 36 18 118 100.00000 0
2470 3874 10.50921 1.74521 0.34595 2.49638 40 36 3 35 19 122 100.00000 0
783 1409 11.60208 3.07069 0.06159 1.18894 33 29 3 31 19 132 100.00000 0
2472 3875 10.41003 1.78004 0.96633 2.72922 39 34 2 39 18 142 100.00000 0
43 1845 10.03140 0.57334 0.01681 2.21399 71 58 13 71 42 244 100.00000 0
159 1743 10.30131 3.12881 0.24758 2.43108 44 42 1 42 15 255 100.00000 0
3988 4053 10.90274 0.97014 0.41048 1.50376 56 49 5 48 18 226 100.00000 0
787 1439 10.61322 2.82809 0.28114 1.60791 47 41 5 40 18 165 100.00000 0
762 1434 11.03832 3.13913 0.24380 1.48833 94 87 6 90 52 281 100.00000 0
261 1606 10.30592 1.99024 0.27975 2.52677 16 5 1 16 5 140 100.00000 0
2491 3860 10.10924 2.34001 0.35826 1.52084 22 20 2 18 10 104 100.00000 0
795 1436 11.66549 2.50151 0.31096 2.63700 32 22 4 28 10 109 100.00000 0
809 1396 10.51438 1.87392 0.13880 1.17337 22 19 3 20 14 99 100.00000 0
25 1832 10.95749 1.13211 0.41371 1.85773 46 38 2 38 18 189 100.00000 0
49 1819 11.81298 1.65135 0.52595 1.66648 57 47 8 52 21 257 100.00000 0
2468 3875 11.52321 1.70104 1.19157 2.98872 15 12 2 13 5 50 100.00000 0
213 1666 10.06260 3.09433 0.41462 2.32305 61 50 9 53 23 310 100.00000 0
59 1818 10.49670 2.05153 1.28259 3.44082 34 18 7 32 8 149 100.00000 0
3978 4036 10.03953 0.56307 0.46498 1.76857 60 50 9 58 25 182 100.00000 0
700 1518 10.39746 1.65303 0.22550 0.81948 45 41 4 37 21 183 100.00000 0
22 73 11.93283 1.29606 0.43791 2.39310 33 26 3 31 16 175 100.00000 0
27 1840 10.78155 0.75794 0.19380 1.83013 36 27 5 34 14 235 100.00000 0
98 1810 11.38976 3.08978 1.37705 4.20803 22 16 4 17 10 137 100.00000 0
240 1615 11.35117 2.29083 0.36985 2.72304 14 11 3 14 3 156 100.00000 0
2503 3856 11.71558 2.09171 0.46737 3.04620 9 6 2 7 4 81 100.00000 0
2472 2522 11.40524 0.57343 1.31869 3.10034 12 10 2 9 5 79 100.00000 0
259 1592 11.35363 1.66595 0.96867 1.64330 28 26 2 24 10 206 100.00000 0
803 1430 10.87332 2.17039 0.41192 1.74921 39 30 9 33 18 125 100.00000 0
27 1825 11.63714 1.38313 0.54791 2.80686 65 37 4 60 19 248 100.00000 0
104 1800 11.12741 3.08154 0.97128 3.03241 24 16 2 19 5 185 100.00000 0
719 1474 10.28870 2.58041 0.39436 1.55419 88 82 6 86 48 289 100.00000 0
219 1656 10.31267 3.11771 0.21240 1.96623 80 72 4 76 44 434 100.00000 0
261 1600 10.87417 1.80871 1.04750 2.04717 26 23 2 21 8 171 100.00000 0
767 1452 10.61291 3.09450 0.45945 2.79988 60 47 8 50 26 204 100.00000 0
76 1803 11.80758 3.01375 1.54080 5.17884 11 8 0 7 3 120 100.00000 0
735 1494 10.23924 3.09042 0.15202 2.33112 41 37 4 39 19 120 100.00000 0
212 1667 10.44215 3.09431 0.24288 2.45000 56 52 4 50 23 335 100.00000 0
64 1815 10.38910 2.33657 1.53084 3.87404 27 14 3 23 7 156 100.00000 0
788 1404 11.21641 2.87568 0.16990 0.66027 42 38 3 42 25 120 100.00000 0
23 1836 11.09805 0.96305 0.22913 1.99665 43 30 9 41 13 208 100.00000 0
29 1829 10.82961 1.23511 0.29199 1.78224 69 38 4 64 27 320 100.00000 0
710 1478 11.26949 2.15776 0.36947 1.66883 69 66 3 67 26 212 100.00000 0
40 1824 11.03683 1.42681 0.48867 1.85013 53 40 13 53 25 238 100.00000 0
63 1815 10.68313 2.28112 0.29271 3.81803 32 21 2 27 11 179 100.00000 0
4003 4059 10.49876 0.82947 0.34348 1.75346 86 81 4 81 42 257 100.00000 0
109 1773 10.55399 3.07129 0.06912 2.01460 80 70 9 72 28 385 100.00000 0
232 1632 10.26103 2.85519 0.34331 2.16627 71 46 4 67 25 313 100.00000 0
207 1674 10.44595 3.06776 0.45209 1.73731 106 96 8 99 53 446 100.00000 0
2475 3877 11.11226 1.83517 0.29849 2.54453 11 7 3 9 5 56 100.00000 0
204 1698 10.55483 3.12124 0.26624 2.98045 71 28 3 69 21 394 100.00000 0
136 1765 10.41799 3.13601 0.09782 1.46420 97 86 11 93 53 378 100.00000 0
2483 3862 10.51057 2.13137 0.20563 0.74756 23 22 1 19 9 116 100.00000 0
237 1623 10.75507 2.59879 0.41475 2.33833 51 39 6 47 21 221 100.00000 0
705 1483 10.48411 1.94231 0.54638 1.40945 81 79 2 69 27 238 100.00000 0
773 1421 11.23730 3.06033 0.52070 2.07754 39 36 3 34 19 144 100.00000 0
785 1409 10.55820 3.01477 0.16962 1.23289 31 23 7 21 14 148 100.00000 0
225 1643 11.05309 3.11120 0.16574 1.93836 57 49 4 52 23 335 100.00000 0
696 1490 11.08932 1.57555 0.21521 1.47087 39 38 1 35 17 138 100.00000 0
237 1659 11.16651 3.09723 0.23526 1.56823 72 59 13 66 35 323 100.00000 0
247 1597 11.00671 1.75262 0.31746 3.09301 17 7 1 13 3 133 100.00000 0
3998 4059 11.15614 0.91149 0.35192 1.56022 94 85 9 92 53 252 100.00000 0
775 1419 11.05022 3.06226 0.40341 2.39604 60 57 3 58 27 180 100.00000 0
26 1833 10.74473 1.08793 0.67543 1.65398 55 45 8 51 21 219 100.00000 0
241 1653 10.75470 3.12576 0.37197 1.60523 42 36 5 37 14 276 100.00000 0
777 1418 10.32235 3.07488 0.45876 2.50999 40 39 1 36 20 121 100.00000 0
238 1657 10.65313 3.10845 0.15274 1.56173 70 67 2 66 42 323 100.00000 0
4006 4060 11.14651 0.84740 0.35486 1.52803 70 58 12 68 30 230 100.00000 0
814 1405 11.43635 1.72554 0.42592 1.70663 25 23 2 25 15 90 100.00000 0
2469 3874 10.81255 1.72632 0.16805 2.57435 32 31 1 32 20 106 100.00000 0
28 1824 11.77994 1.41910 0.18242 2.83227 85 53 17 81 28 304 100.00000 0
164 1739 10.95904 3.13862 0.72289 2.03028 40 31 9 38 9 154 100.00000 0
2546 3866 10.75527 1.55958 0.27401 1.95805 23 19 3 21 12 110 100.00000 0
748 1471 10.47793 3.09120 0.34432 3.10135 46 40 5 41 20 152 100.00000 0
798 1397 10.22290 2.42608 0.75402 2.07717 31 24 7 29 11 123 100.00000 0
731 1464 11.20526 3.02467 0.52115 2.95817 88 79 6 81 48 295 100.00000 0
24 74 11.99104 1.35638 0.08903 2.57906 60 50 5 60 18 219 100.00000 0
258 1593 10.72677 1.67473 1.35080 2.01693 22 20 1 22 5 164 100.00000 0
2473 2526 11.84237 0.64603 0.51127 1.50844 21 18 3 19 10 102 100.00000 0
228 1637 11.19047 2.98773 0.52241 3.00479 32 22 4 28 10 229 100.00000 0
1912 1964 11.24225 1.41212 0.10636 2.11007 63 57 6 61 24 235 100.00000 0
790 1401 11.60937 2.78097 0.15323 1.19518 30 28 2 30 14 102 100.00000 0
65 1811 11.99646 2.40815 1.22460 4.10856 28 16 12 26 11 152 100.00000 0
799 1433 11.09755 2.33161 0.43827 2.87549 34 27 6 27 11 99 100.00000 0
2494 3858 11.24619 2.33816 0.46216 3.00192 9 9 0 9 2 59 100.00000 0
36 1829 10.32213 1.22989 0.31617 1.28268 86 58 6 84 38 319 100.00000 0
2509 3856 11.30012 1.80352 1.18075 2.22915 39 33 3 28 11 124 100.00000 0
122 1780 11.88884 3.08297 0.35188 1.99547 41 25 16 30 17 267 100.00000 0
2539 3876 10.60069 1.37735 0.75776 2.33129 31 26 3 20 13 127 100.00000 0
32 1824 11.49686 1.41371 0.14257 2.52243 60 32 23 56 23 267 100.00000 0
773 1422 10.60115 3.06406 0.42526 2.02835 55 50 5 53 29 173 100.00000 0
44 1849 11.44283 0.43344 0.34693 1.81467 44 32 9 42 15 221 100.00000 0
47 1823 10.83041 1.52392 0.54717 1.96682 46 20 4 46 20 193 100.00000 0
795 1396 11.74745 2.56474 0.27541 1.76392 29 23 5 29 14 122 100.00000 0
2546 3874 11.94770 1.50451 0.43283 2.14612 20 19 1 18 13 121 100.00000 0
2467 3873 11.21814 1.70371 0.26005 2.63953 20 14 6 20 10 98 100.00000 0
692 1507 10.50455 1.41881 0.21557 2.17223 44 41 2 39 18 160 100.00000 0
172 1731 10.12747 3.12913 0.34014 1.84186 23 18 2 11 8 161 100.00000 0
714 1477 10.48466 2.33867 0.37230 1.01375 98 91 4 75 45 291 100.00000 0
169 1734 10.44423 3.13289 0.30604 2.23843 32 25 5 27 10 181 100.00000 0
1920 1970 10.25627 1.07698 0.20253 1.44456 43 36 7 43 18 169 100.00000 0
128 1755 10.99779 3.11420 0.13476 2.19392 66 55 9 59 24 322 100.00000 0
769 1425 11.69638 3.06395 0.58204 1.98308 51 44 1 45 18 192 100.00000 0
239 1616 11.84019 2.34024 1.08868 2.77389 24 14 2 19 7 187 100.00000 0
229 1636 10.74775 2.95634 1.07443 2.89015 31 27 3 28 7 183 100.00000 0
766 1454 11.72160 3.10575 0.45647 3.52259 22 17 1 14 7 96 100.00000 0
250 1639 10.59495 3.01054 0.31945 1.83590 23 18 5 18 8 211 100.00000 0
95 1818 11.97948 3.11935 0.23756 3.12437 18 10 2 13 6 109 100.00000 0
689 1504 11.89823 1.41251 0.80492 1.88844 53 46 5 44 31 147 100.00000 0
87 1841 10.81547 2.37148 0.76677 2.29968 16 9 4 13 5 113 100.00000 0
238 1619 11.62750 2.44209 0.84591 2.71584 21 15 4 19 7 194 100.00000 0
719 1517 11.15961 2.51282 0.13167 0.95654 41 40 1 34 22 142 100.00000 0
242 1610 11.17539 2.10787 0.44555 2.97111 27 11 2 23 11 197 100.00000 0
41 1847 10.93038 0.48397 0.29938 2.12854 43 37 5 41 14 212 100.00000 0
183 1703 10.28267 3.12609 0.39504 3.06452 44 15 1 40 12 239 100.00000 0
134 1768 11.65296 3.13946 0.22923 1.56398 48 40 7 44 22 283 100.00000 0
736 1459 11.98873 3.13613 0.20597 2.98570 53 47 5 44 22 209 100.00000 0
742 1483 11.93997 3.14075 0.51930 2.04507 37 33 4 28 18 132 100.00000 0
3985 4049 10.28654 0.86030 0.24670 1.28573 58 54 4 58 28 250 100.00000 0
796 1396 11.38104 2.52014 0.29625 1.89610 16 14 2 16 8 90 100.00000 0
754 1464 10.25263 3.08156 0.81561 2.72979 35 21 4 25 16 165 100.00000 0
30 1846 11.85410 0.50589 0.28513 2.13222 57 49 8 55 24 257 100.00000 0
92 1789 10.95972 3.13920 0.72389 3.02155 17 15 2 15 10 110 100.00000 0
810 1425 11.85194 1.88316 0.19828 1.43094 21 20 1 17 11 105 100.00000 0
235 1625 11.58277 2.67429 0.53783 2.41687 69 35 2 67 30 363 100.00000 0
253 1592 10.31764 1.66572 1.03553 1.97120 30 22 7 24 7 198 100.00000 0
751 1468 11.00600 3.07857 0.69383 3.42074 43 35 8 34 15 162 100.00000 0
809 1395 10.86295 1.87852 0.18673 1.15284 38 33 4 35 24 153 100.00000 0
241 1610 11.95953 2.10807 0.58229 3.02233 16 3 1 13 7 160 100.00000 0
202 1701 11.37262 3.13492 0.68428 2.93758 38 12 1 34 18 281 100.00000 0
693 1508 10.12015 1.43227 0.42057 2.39702 49 45 2 44 17 185 100.00000 0
36 1827 10.65459 1.30314 0.15014 1.53187 69 40 7 63 38 236 100.00000 0
22 1827 11.89350 1.32124 0.16229 2.62734 64 17 1 59 19 260 100.00000 0
157 1745 10.34566 3.13266 0.43249 2.44008 47 45 0 37 27 218 100.00000 0
689 1506 11.91199 1.40185 0.16132 1.84016 59 53 4 55 24 181 100.00000 0
31 1836 10.08956 0.94988 0.16640 1.45535 76 55 14 76 31 283 100.00000 0
1909 1960 11.78008 1.45372 0.74269 2.15486 13 5 3 6 4 123 100.00000 0
45 1821 11.51536 1.54494 0.12801 1.62702 48 42 6 48 22 203 100.00000 0
708 1521 11.38928 2.02187 0.24495 0.88071 36 35 1 33 21 133 100.00000 0
221 1650 11.71287 3.12485 0.10050 2.10320 44 40 4 42 22 222 100.00000 0
702 1484 11.02941 1.81443 0.33018 0.67666 90 78 12 90 46 228 100.00000 0
48 1825 10.23154 1.49288 0.17433 1.42272 58 54 3 54 24 244 100.00000 0
776 1419 10.37950 3.06622 0.78880 2.45192 69 65 4 65 27 177 100.00000 0
261 1622 11.94723 2.54572 0.48261 3.06299 38 16 2 32 12 240 100.00000 0
263 1608 11.90766 2.04267 0.35002 2.51731 36 34 2 34 26 129 100.00000 0
691 1498 11.36102 1.46338 0.17340 1.45616 44 40 4 41 17 161 100.00000 0
2482 3877 10.52515 2.02142 0.56110 2.86976 21 17 4 19 10 93 100.00000 0
83 1851 11.38382 1.98058 0.24009 2.32541 30 20 8 30 10 181 100.00000 0
730 1464 11.94796 2.99989 0.35753 2.72735 72 64 7 64 24 244 100.00000 0
2507 3877 11.68887 1.83394 1.07132 4.11228 21 20 0 19 8 109 100.00000 0
782 1442 10.88623 2.98671 0.51154 2.88174 19 6 0 10 5 128 100.00000 0
2477 3877 10.86826 1.88443 0.52970 2.32322 26 22 3 24 9 114 100.00000 0
746 1450 11.57539 3.10554 0.43134 2.44200 45 38 4 37 23 151 100.00000 0
33 1843 10.58965 0.60252 0.19349 1.96961 45 28 3 43 24 228 100.00000 0
135 1766 10.40348 3.14045 0.27050 1.49750 70 61 9 66 31 377 100.00000 0
770 1425 10.89268 3.06824 0.32582 2.14758 54 48 3 38 20 217 100.00000 0
78 1801 11.91767 3.09133 1.74220 5.07150 6 2 0 3 3 92 100.00000 0
800 1393 11.49277 2.33850 0.25143 2.27950 22 19 1 22 7 105 100.00000 0
23 1835 11.08404 1.00802 0.43530 2.01324 36 29 3 28 12 230 100.00000 0
805 1430 11.90323 2.06224 0.22282 1.79341 20 13 6 20 10 77 100.00000 0
76 1856 10.61164 1.63661 1.09777 3.80663 10 6 0 5 3 113 100.00000 0
26 1842 11.24982 0.66572 0.62579 2.00701 57 48 5 51 22 253 100.00000 0
247 1645 11.33900 3.11734 0.23584 1.80905 42 33 1 36 22 256 100.00000 0
794 1435 10.39528 2.54263 0.36747 2.41200 43 39 3 41 17 162 100.00000 0
724 1512 10.57137 2.70496 0.14684 1.73776 43 38 4 41 27 173 100.00000 0
2475 2527 11.47286 0.69885 0.53234 1.71189 18 16 2 15 5 67 100.00000 0
30 1829 10.74847 1.23410 0.27920 1.59029 57 36 7 48 21 282 100.00000 0
3983 4047 10.39995 0.80786 0.05139 0.82139 53 50 3 47 33 201 100.00000 0
1921 1976 11.93919 1.03813 0.15993 1.01876 31 28 3 29 14 127 100.00000 0
732 1500 10.22154 3.00330 0.09142 3.10866 36 34 2 26 16 143 100.00000 0
1917 1970 11.11806 1.21606 0.55899 1.49672 33 27 5 22 13 171 100.00000 0
253 1635 10.97831 2.89834 0.24669 1.65351 24 22 1 18 14 184 100.00000 0
261 1601 10.74862 1.83826 1.09717 2.02217 24 23 0 22 6 172 100.00000 0
43 1824 10.87030 1.44927 0.17335 1.75212 68 43 23 61 37 272 100.00000 0
3993 4058 11.94038 1.01521 0.21194 0.89700 78 66 12 74 35 255 100.00000 0
693 1496 10.83800 1.49815 0.29816 2.05823 47 46 0 43 27 151 100.00000 0
811 1397 11.06975 1.79320 0.15133 0.97679 24 23 1 24 11 110 100.00000 0
722 1515 11.27853 2.63641 0.14077 0.83134 38 36 1 32 20 131 100.00000 0
238 1621 10.78799 2.52845 0.25893 2.44777 39 36 3 37 17 208 100.00000 0
243 1606 11.45543 1.99002 1.35402 2.90259 25 3 1 22 7 217 100.00000 0
246 1647 11.62065 3.13605 0.24358 2.11933 59 41 3 57 30 278 100.00000 0
246 1598 11.31224 1.76964 0.91339 3.20809 16 0 3 9 5 114 100.00000 0
692 1498 10.93850 1.47240 0.37543 1.62124 42 38 1 32 20 173 100.00000 0
41 1822 11.48337 1.48404 0.12438 1.79711 50 33 16 50 24 254 100.00000 0
35 1829 10.38252 1.22900 0.37531 1.39690 80 46 5 80 32 349 100.00000 0
39 1845 10.48129 0.54484 0.11898 2.14101 28 26 2 26 14 176 100.00000 0
88 1793 10.80026 3.11060 0.89367 4.13403 14 3 5 14 5 147 100.00000 0
39 1821 11.84054 1.49341 0.45016 1.83355 40 29 11 40 15 211 100.00000 0
2475 2525 11.01814 0.68816 0.42029 1.68470 44 42 0 39 18 146 100.00000 0
248 1594 11.23981 1.71233 1.39346 3.44037 16 4 0 14 3 117 100.00000 0
702 1482 11.79513 1.81207 0.47665 0.90914 70 58 11 64 36 238 100.00000 0
114 1768 10.94061 3.06791 0.91875 1.78685 87 84 3 85 37 402 100.00000 0
697 1518 11.21772 1.53984 0.18759 1.30326 57 49 8 50 27 203 100.00000 0
28 1841 10.78248 0.70624 0.41436 1.92214 54 40 2 52 17 230 100.00000 0
2486 3861 10.61364 2.21568 0.29700 0.57607 26 22 4 22 10 104 100.00000 0
1913 1966 11.33390 1.37970 0.51666 1.89279 47 43 2 42 20 188 100.00000 0
