1949 5079 10.80691 0.00882 18.03970 1.53110 3 0 0 3 2 17 100.00000 0
3559 6480 11.23116 0.01288 14.42861 0.73595 15 0 0 12 8 195 100.00000 0
2429 5323 11.68318 0.82280 2.05986 2.69181 58 51 1 46 30 219 100.00000 0
2287 5313 11.57005 0.70560 2.27250 1.88097 47 25 16 37 19 142 100.00000 0
2472 2581 11.22698 0.77641 2.45506 2.69835 59 53 4 49 36 242 100.00000 0
2476 5321 10.45620 0.77092 2.13468 2.87726 60 56 2 48 31 228 100.00000 0
2411 5323 11.68318 0.82280 2.26388 2.74253 48 45 3 42 30 208 100.00000 0
3651 6604 10.22634 0.00689 16.74959 0.40734 4 0 0 1 2 20 100.00000 0
2495 5320 10.24209 0.74014 2.60972 3.09781 50 40 7 48 28 240 100.00000 0
2320 5321 10.76751 0.80012 2.25358 2.53729 44 27 16 33 20 216 100.00000 0
2488 5323 11.68318 0.82280 2.51187 2.97585 48 39 7 40 33 213 100.00000 0
1915 5045 11.31781 0.00580 71.37006 0.34035 4 0 0 4 3 27 100.00000 0
8038 8089 11.01070 0.43522 2.40975 2.97993 67 34 0 60 30 358 100.00000 0
2052 5187 10.74936 0.02658 10.23542 0.56993 8 0 0 8 4 24 100.00000 0
2511 2583 11.93117 0.82358 2.29900 2.62749 49 41 7 47 30 247 100.00000 0
2312 5320 11.43827 0.82385 2.43632 2.24664 74 44 26 72 47 278 100.00000 0
2335 2582 11.44621 0.80088 2.34611 2.74424 67 66 0 63 49 239 100.00000 0
2359 5321 10.45620 0.77092 2.73967 3.12487 73 60 8 58 49 275 100.00000 0
2337 5323 11.68318 0.82280 2.37141 2.68278 50 40 9 43 32 236 100.00000 0
1942 5057 10.01155 0.01166 2.29703 0.84163 7 0 1 4 3 28 100.00000 0
2422 5320 10.24209 0.74014 2.49095 3.04825 78 63 10 69 51 235 100.00000 0
