0.07558 0.08728 0.00625
0.07037 0.08529 0.01890
0.07156 0.08888 0.01751
0.06353 0.08273 0.00990
0.07769 0.07845 0.01891
0.05481 0.10297 0.02347
0.06736 0.08711 0.00842
0.05171 0.08402 0.02663
0.05268 0.07855 0.02367
0.04954 0.08101 0.01831
0.06121 0.08179 0.01596
0.07586 0.08520 0.02011
0.05811 0.07889 0.01908
0.05157 0.08470 0.02937
0.05302 0.08735 0.02379
0.05442 0.09731 0.02142
0.04879 0.07842 0.00228
0.06734 0.08349 0.02466
0.06861 0.08294 0.01553
0.05482 0.07833 0.01724
0.04842 0.07853 0.01883
0.05571 0.08240 0.00224
0.05678 0.07923 0.00992
0.05090 0.08051 0.00392
0.05747 0.08188 0.01875
0.06214 0.08987 0.01514
0.04548 0.07392 0.00612
0.05352 0.07939 0.01447
0.05083 0.08071 0.00994
0.06241 0.07949 0.01699
0.06300 0.08076 0.02233
0.05081 0.07808 0.00995
0.06188 0.07891 0.00510
0.04862 0.07664 0.02462
0.05541 0.08183 0.01433
0.05224 0.08390 0.00610
0.09453 0.07893 0.00203
0.06047 0.07860 0.00248
0.05581 0.09873 0.01170
0.05908 0.08115 0.02004
0.06935 0.09864 0.01896
0.04892 0.06512 0.01915
0.04651 0.07104 0.01913
0.08091 0.08218 0.01260
0.06897 0.08394 0.02155
0.05367 0.08609 0.00370
0.08305 0.10645 0.01975
0.07043 0.09382 0.00451
0.05765 0.07819 0.02393
0.07288 0.08228 0.01265
0.04825 0.07794 0.00251
0.04882 0.07710 0.03211
0.06769 0.08541 0.00822
0.05623 0.06105 0.01182
0.04539 0.07380 0.00823
0.08159 0.08545 0.01417
0.05473 0.07688 0.01861
0.06078 0.08701 0.00270
0.06854 0.08527 0.01430
0.05032 0.08268 0.01345
0.05211 0.07871 0.02375
0.06125 0.08775 0.01801
0.06167 0.07610 0.01141
0.05847 0.08222 0.00921
0.04716 0.07465 0.03041
0.05460 0.08052 0.00518
0.08217 0.08848 0.00151
0.05600 0.08422 0.01173
0.07949 0.09367 0.00224
0.06169 0.09133 0.01903
0.06669 0.09836 0.00258
0.05804 0.08138 0.01919
0.05209 0.08340 0.02419
0.05106 0.08146 0.01437
0.04544 0.07007 0.01979
0.06822 0.08907 0.00308
0.05557 0.07748 0.00293
0.06830 0.09784 0.02050
0.05671 0.08746 0.00536
0.04945 0.08131 0.01019
0.05211 0.07720 0.01093
0.05137 0.07122 0.01698
0.05951 0.08258 0.01925
0.05081 0.07771 0.02192
0.05932 0.08592 0.01169
0.07842 0.08965 0.01896
0.05325 0.08379 0.02004
0.06545 0.08616 0.01549
0.05185 0.08048 0.01225
0.05985 0.08864 0.01770
0.06009 0.10495 0.00555
0.05299 0.08848 0.01687
0.09664 0.11943 0.00478
0.06727 0.07896 0.00626
0.04949 0.04798 0.00199
0.05712 0.08070 0.00167
0.06887 0.08406 0.01921
0.04966 0.07995 0.01540
0.06683 0.09310 0.00870
0.06749 0.09476 0.01875
0.06337 0.10518 0.02057
0.05041 0.07338 0.01535
0.04701 0.07439 0.01578
0.04765 0.07817 0.02313
0.05133 0.08262 0.00296
0.08348 0.10549 0.01919
0.05413 0.08126 0.01523
0.05426 0.08643 0.01167
0.04926 0.07834 0.01388
0.05494 0.08290 0.01501
0.05002 0.08313 0.02414
0.04433 0.07258 0.01900
0.06673 0.08060 0.01416
0.04834 0.07795 0.02117
0.05226 0.08045 0.01273
0.05947 0.07550 0.02136
0.07303 0.09743 0.02017
0.06533 0.08442 0.00627
0.05498 0.05985 0.00597
0.05253 0.07674 0.01189
0.05719 0.08215 0.02166
0.05936 0.08430 0.00528
0.07670 0.08899 0.01915
0.05114 0.07849 0.01576
0.06913 0.07642 0.00507
0.05671 0.08161 0.01239
0.05321 0.08130 0.00363
0.06410 0.08134 0.01266
0.05055 0.06220 0.01052
0.06499 0.09835 0.01890
0.06620 0.09178 0.01874
0.05739 0.07684 0.00817
0.04948 0.08662 0.00337
0.05531 0.08072 0.01147
0.06151 0.08191 0.01141
0.06090 0.08516 0.02113
0.04803 0.08037 0.01094
0.05065 0.08030 0.02213
0.04741 0.07971 0.00370
0.06920 0.08338 0.02173
0.05622 0.07513 0.01143
0.05938 0.08236 0.01967
0.07131 0.08066 0.01439
0.04832 0.06096 0.02366
0.06925 0.10146 0.01936
0.07630 0.08344 0.01899
0.04725 0.07472 0.00231
0.04809 0.06951 0.02042
0.07923 0.08137 0.01429
0.05703 0.08451 0.00617
0.05266 0.08712 0.00684
0.04917 0.08101 0.01882
0.05389 0.08463 0.01421
0.06123 0.08124 0.00273
0.06704 0.08658 0.01272
0.04845 0.07708 0.01961
0.05887 0.06584 0.00558
0.05626 0.07630 0.01204
0.05113 0.08180 0.02060
0.05285 0.08538 0.02515
0.05986 0.06347 0.01879
0.04614 0.07784 0.01549
0.04943 0.07892 0.00811
0.08301 0.10186 0.00748
0.05073 0.07850 0.01780
0.05079 0.08238 0.01586
0.06133 0.07982 0.00870
0.05244 0.08372 0.01955
0.07246 0.06725 0.00580
0.06129 0.08207 0.01799
0.05199 0.07453 0.00587
0.07077 0.08010 0.03119
0.06637 0.07769 0.00937
0.05345 0.08270 0.01897
0.05843 0.07580 0.01488
0.04667 0.07834 0.00521
0.05910 0.08235 0.00260
0.05289 0.08152 0.02079
0.06058 0.09475 0.01592
0.05413 0.07678 0.01104
0.05026 0.07934 0.00857
0.05024 0.08192 0.00195
0.04943 0.07725 0.00253
0.05791 0.08274 0.00167
0.05839 0.07844 0.01880
0.06606 0.08183 0.00224
0.05566 0.07917 0.00128
0.05946 0.08034 0.00177
0.06874 0.09465 0.00879
0.04763 0.07882 0.00613
0.06012 0.09026 0.00205
0.06287 0.08354 0.00934
0.05005 0.08451 0.00306
0.06144 0.08966 0.01892
0.05654 0.07961 0.01539
0.05705 0.08062 0.01847
0.06240 0.07137 0.02097
0.08789 0.10286 0.00276
0.05681 0.08490 0.02602
0.05274 0.07695 0.01685
