551 7156 11.19273 2.95583 8.16609 5.83909 8 0 0 5 2 113 100.00000 0
578 7147 11.25232 3.00914 3.19310 11.53336 11 0 0 2 5 93 100.00000 0
512 7197 11.98086 3.08385 5.97507 148.08752 3 0 0 0 1 41 100.00000 0
523 7191 11.64097 3.05963 1.99929 175.30364 7 0 0 5 4 112 100.00000 0
2048 5614 10.43174 3.08955 8.59693 1.52675 14 0 0 12 7 220 100.00000 0
3774 6916 10.48370 3.11127 2.25754 4.23263 8 0 0 8 3 136 100.00000 0
2205 2292 10.08808 0.02070 10.19539 1.18564 43 3 2 27 23 438 100.00000 0
2924 5477 11.92975 3.13191 6.79751 179.44680 44 3 2 31 23 487 100.00000 0
1076 6650 10.97739 3.13688 2.23693 2.66080 82 1 0 78 35 562 100.00000 0
2550 5477 11.93388 3.13196 6.08441 179.44751 37 2 0 27 20 359 100.00000 0
505 3526 11.46548 0.13809 31.30577 7.91130 6 0 0 4 2 89 100.00000 0
1227 6504 11.53815 3.13066 2.09059 4.77307 11 0 0 7 8 173 100.00000 0
4144 6485 11.09883 3.11521 2.04167 2.60774 12 0 0 6 3 143 100.00000 0
3097 5477 11.92781 3.13194 7.63983 179.44822 43 5 2 22 20 454 100.00000 0
1525 6197 11.76704 3.04467 13.89368 174.44674 9 0 0 6 4 140 100.00000 0
2897 5476 11.20570 3.13283 9.93811 179.50822 49 4 2 37 27 488 100.00000 0
2202 2529 11.49669 0.02420 12.97242 1.38706 55 7 6 41 24 549 100.00000 0
2081 5581 11.65917 3.06217 9.02080 2.06583 15 0 0 11 10 169 100.00000 0
1487 6235 11.28035 3.13214 10.80989 179.46005 12 0 0 7 3 190 100.00000 0
1885 5745 11.71853 3.10338 11.85617 1.11698 17 0 0 12 7 181 100.00000 0
2204 2950 10.55489 0.02191 11.12041 1.25990 56 7 0 50 20 600 100.00000 0
1891 5739 11.54268 3.13206 2.16008 179.45177 13 0 0 5 2 236 100.00000 0
559 7178 10.21318 3.09178 25.36816 177.14720 5 0 0 0 1 82 100.00000 0
1882 5707 11.16304 3.10582 8.74518 177.95149 33 7 0 18 14 331 100.00000 0
2888 5476 11.20570 3.13283 10.10793 179.50822 46 3 0 46 22 506 100.00000 0
2202 3081 11.49268 0.02452 13.16045 1.40611 54 8 5 42 17 572 100.00000 0
2119 5549 11.18490 3.13701 8.60926 1.79515 49 0 0 46 44 408 100.00000 0
2072 5589 10.59087 3.03974 8.97421 1.14295 26 0 0 26 16 224 100.00000 0
2100 5535 11.23805 3.09044 2.20226 1.69281 57 0 1 55 16 432 100.00000 0
2204 2691 10.55894 0.02153 11.03063 1.23701 50 3 2 37 26 540 100.00000 0
1423 6312 11.32613 3.11022 2.34490 3.51859 10 0 0 3 5 149 100.00000 0
682 3609 10.76863 0.07546 2.25420 0.95450 28 0 0 24 19 421 100.00000 0
7422 7494 11.99201 0.09234 5.58128 5.29106 23 6 0 12 7 272 100.00000 0
2567 5477 11.93388 3.13196 6.89347 179.44751 38 3 3 17 19 422 100.00000 0
1715 5891 10.91167 3.09206 16.21052 177.16082 53 0 0 47 13 660 100.00000 0
2202 2310 11.49669 0.02420 13.21915 1.38706 64 7 11 48 25 556 100.00000 0
573 7150 10.58981 2.96545 7.83770 169.90794 26 3 1 8 12 274 100.00000 0
2343 5477 11.93388 3.13196 6.53932 179.44751 39 4 0 28 18 407 100.00000 0
2964 5477 11.92975 3.13191 7.05606 179.44680 41 1 2 26 21 490 100.00000 0
439 7235 11.44661 3.06866 2.05583 7.32965 7 1 0 1 1 93 100.00000 0
2414 5477 11.93388 3.13196 5.78806 179.44751 43 3 1 29 20 450 100.00000 0
2204 2417 10.55894 0.02153 10.93141 1.23701 55 5 7 44 27 576 100.00000 0
2327 5477 11.93388 3.13196 7.41215 179.44751 34 6 1 21 17 373 100.00000 0
2202 2829 11.49268 0.02452 13.18598 1.40611 57 7 6 45 28 575 100.00000 0
517 7170 10.75319 2.97628 7.45340 170.52863 8 0 0 5 1 103 100.00000 0
532 7187 11.60073 3.06330 7.27795 175.51494 6 0 0 2 1 71 100.00000 0
2325 5477 11.93388 3.13196 6.80850 179.44751 37 3 2 33 16 425 100.00000 0
3524 7190 11.57512 3.07952 20.20490 9.81887 8 0 0 5 4 75 100.00000 0
2061 5603 11.79358 3.03919 8.80745 0.86953 12 0 0 8 5 188 100.00000 0
2122 5546 10.41010 3.13990 9.69820 3.75432 45 0 0 39 29 368 100.00000 0
2797 5477 11.93388 3.13196 6.74608 179.44751 40 8 1 26 23 451 100.00000 0
2059 5605 11.80272 3.04474 9.13898 0.70332 10 0 0 8 5 186 100.00000 0
2253 5477 11.93388 3.13196 6.97625 179.44751 36 5 2 25 19 332 100.00000 0
454 7228 10.95566 3.09116 22.45985 55.04559 4 0 0 4 2 64 100.00000 0
1507 6213 10.06318 3.11077 24.01593 64.19330 4 0 0 2 2 108 100.00000 0
