5988 8036 10.63461 2.17040 0.64688 2.50468 24 11 2 18 10 176 100.00000 0
1414 5052 10.33247 0.36931 0.47112 0.43251 63 57 5 57 38 389 100.00000 0
5077 6904 10.86195 3.00305 0.74445 2.44168 25 10 4 14 10 172 100.00000 0
5152 6832 10.06994 3.13832 1.71256 1.89279 24 5 0 18 14 106 100.00000 0
1383 4966 10.28066 0.07490 0.39350 0.38563 36 33 1 29 23 243 100.00000 0
5412 6699 10.68882 2.38054 0.80294 1.58856 34 15 3 22 11 299 100.00000 0
283 8736 11.53186 0.06029 0.42911 0.14265 68 60 3 56 36 334 100.00000 0
1444 5046 10.90901 0.33415 0.41784 0.96022 51 43 3 48 22 362 100.00000 0
5416 6686 11.19655 2.12976 1.41663 1.24049 33 20 2 19 11 273 100.00000 0
568 3789 11.33644 0.02823 0.34172 1.54180 47 47 0 45 14 336 100.00000 0
4743 7181 10.95530 2.92613 1.71447 0.85501 30 0 0 22 10 236 100.00000 0
551 3799 10.99034 0.03162 0.58836 1.19091 51 36 10 41 34 349 100.00000 0
451 3708 11.51139 0.00466 0.33775 0.47478 30 22 4 15 8 188 100.00000 0
1481 5085 11.31140 0.16682 0.44020 1.43176 75 54 2 73 47 354 100.00000 0
1602 5348 11.99639 0.01276 0.41404 0.70942 9 6 1 6 5 51 100.00000 0
6308 7718 11.32889 3.08737 1.13762 1.81100 21 12 1 16 8 136 100.00000 0
4678 7207 11.63310 2.48294 1.64614 2.80714 51 0 1 31 16 362 100.00000 0
39 8586 11.48626 0.03120 1.89869 0.90655 12 0 0 6 7 81 100.00000 0
4701 7233 10.63455 1.64708 1.97387 2.57709 65 0 0 42 18 390 100.00000 0
1378 4993 10.70005 0.01567 0.35772 0.84116 49 39 5 39 27 281 100.00000 0
1555 5205 10.74876 0.00984 0.71851 0.57607 28 21 4 14 10 124 100.00000 0
1082 4433 11.63277 0.06594 0.24194 0.95532 36 33 2 30 19 330 100.00000 0
342 8893 11.77738 0.01828 0.85170 0.75173 66 39 2 57 39 329 100.00000 0
6031 8030 10.30772 3.13107 1.31371 4.18778 20 12 6 11 10 84 100.00000 0
3300 8461 11.51975 0.00966 0.23129 0.56993 51 50 1 48 40 245 100.00000 0
3309 8438 11.77066 0.01154 0.33243 1.29422 28 23 3 25 18 195 100.00000 0
787 4003 11.50998 0.01277 0.78230 1.13849 10 6 0 2 5 85 100.00000 0
570 3792 10.40776 0.02981 0.27206 1.71144 67 58 9 63 44 349 100.00000 0
1524 5135 11.01220 0.00244 1.17336 2.77545 68 64 0 51 48 149 100.00000 0
797 4017 10.74661 0.01164 0.54949 0.92535 26 19 7 22 8 132 100.00000 0
2948 6004 10.19878 1.18354 0.22474 1.41776 13 10 3 9 8 96 100.00000 0
5390 6681 11.48172 2.06655 0.05000 1.65043 33 17 13 28 6 281 100.00000 0
2963 8097 10.74930 0.02549 0.77502 1.25928 16 13 1 10 5 169 100.00000 0
1587 5217 10.75116 0.01148 0.31912 0.40154 63 58 2 57 32 330 100.00000 0
2916 5965 10.05853 0.09146 0.89401 2.15013 37 30 3 24 15 268 100.00000 0
6310 7717 11.61955 3.08949 1.02202 2.29644 15 4 1 8 4 145 100.00000 0
3625 8929 10.11312 0.03816 0.64108 0.82234 108 75 16 96 87 474 100.00000 0
336 8867 11.13984 0.02555 0.71024 1.43368 86 80 1 74 53 353 100.00000 0
1600 6738 11.81658 3.13946 1.47950 1.39409 10 1 1 7 3 70 100.00000 0
1414 5015 11.07950 0.08558 0.36031 0.49099 98 93 5 94 66 387 100.00000 0
737 3942 10.32301 0.84648 1.03587 1.09754 84 67 5 71 52 335 100.00000 0
1482 6872 10.04486 3.12266 1.92311 1.76036 67 15 3 61 24 359 100.00000 0
42 3414 11.75156 0.02822 1.59938 2.12523 14 2 0 11 6 95 100.00000 0
128 3419 11.74596 0.01835 0.64210 0.53814 50 40 4 46 29 217 100.00000 0
1100 4418 10.65491 0.05900 0.45203 0.48618 62 47 12 53 30 541 100.00000 0
1495 5102 10.99809 0.02144 0.52428 0.99936 18 10 5 14 6 254 100.00000 0
941 4172 10.52709 0.02551 0.45667 1.35393 38 32 4 38 25 230 100.00000 0
2698 5646 11.29122 0.15585 0.44257 2.71296 20 14 0 9 6 156 100.00000 0
504 3733 10.98126 0.01194 0.34538 0.69267 74 72 2 68 51 314 100.00000 0
3277 8396 10.19108 0.42275 0.91076 1.65800 53 34 2 32 33 212 100.00000 0
1522 5132 11.52055 0.00711 0.64428 1.15724 47 44 2 36 30 183 100.00000 0
1449 6912 11.35509 2.89181 1.33130 3.15430 35 6 4 31 11 261 100.00000 0
1237 7135 10.41648 3.08859 1.39770 1.19223 51 5 2 35 20 340 100.00000 0
3223 8324 11.32034 0.02473 0.70163 1.07484 27 15 6 19 11 205 100.00000 0
2934 5949 10.19149 0.03884 0.42399 2.23055 30 28 2 27 14 213 100.00000 0
1537 6800 10.97155 3.13928 1.70554 1.74764 8 0 0 4 2 65 100.00000 0
4736 7121 10.95820 3.11465 0.97047 1.66319 48 9 6 43 15 457 100.00000 0
1012 4325 10.68182 0.02837 0.35616 1.44184 30 27 3 28 12 213 100.00000 0
108 8610 10.49891 0.04796 0.32895 0.65849 50 48 1 42 36 172 100.00000 0
5097 6852 11.69156 3.12546 1.33673 0.88999 20 2 0 18 8 255 100.00000 0
5084 6894 10.58147 3.04418 0.53280 1.43504 11 7 2 7 7 103 100.00000 0
3234 8402 11.47139 0.97493 1.05996 0.83743 35 22 7 26 15 197 100.00000 0
1364 4931 11.87389 0.01883 0.55915 0.42244 40 32 6 33 20 322 100.00000 0
546 3770 11.35102 0.04734 0.72304 0.86773 40 34 2 38 20 332 100.00000 0
1637 6693 11.63501 2.20014 0.64669 1.18167 24 7 4 18 4 167 100.00000 0
3168 8276 11.53381 0.07247 0.25261 0.77177 23 19 4 19 15 130 100.00000 0
49 3414 11.75156 0.02822 1.73248 0.25334 18 0 0 8 8 88 100.00000 0
1143 4551 10.01507 0.07036 0.52009 1.43258 153 107 10 141 114 610 100.00000 0
3280 8398 11.13507 0.37005 0.71554 2.02062 38 26 1 38 17 217 100.00000 0
102 3428 11.50927 0.05388 0.25586 0.48376 74 70 4 60 50 255 100.00000 0
5010 6968 11.29138 2.95108 0.90685 2.42656 34 26 1 32 24 183 100.00000 0
1213 7223 11.34054 1.90211 1.49773 1.02679 49 2 0 43 10 391 100.00000 0
5048 6896 11.73193 2.63804 0.84031 2.28841 20 4 0 14 5 151 100.00000 0
243 8697 10.88567 0.03663 0.54197 2.09705 103 90 13 99 65 388 100.00000 0
4691 7164 11.27247 3.02844 1.47538 1.59545 52 1 0 31 22 380 100.00000 0
3233 8398 10.80862 0.87012 0.50746 0.20936 34 19 5 28 13 222 100.00000 0
880 4105 11.93766 0.04189 0.88739 2.15231 45 41 2 32 17 309 100.00000 0
5994 8067 10.56765 1.58472 0.59299 2.51653 11 4 5 5 5 101 100.00000 0
1213 4645 10.41249 0.08131 0.21322 1.92803 46 28 18 40 12 398 100.00000 0
3279 8399 10.36215 0.33464 0.90001 2.19980 48 37 2 38 33 193 100.00000 0
1215 4647 11.38444 0.07990 0.81713 1.09289 38 26 9 33 15 387 100.00000 0
3200 8307 10.45604 0.16594 0.33232 1.53417 48 47 1 46 30 293 100.00000 0
6037 7988 11.05039 3.13779 1.13046 3.47750 11 4 3 5 2 97 100.00000 0
1624 5383 11.25008 0.02525 0.36452 1.15114 30 25 5 30 18 162 100.00000 0
1279 4835 10.99875 0.05521 0.41882 1.25554 34 25 8 26 16 394 100.00000 0
5230 6759 11.88507 3.12304 0.72608 1.36716 30 11 7 22 14 216 100.00000 0
1068 4364 11.00272 0.03437 0.32188 0.52039 55 47 8 51 28 369 100.00000 0
8856 8910 10.38949 0.03636 0.83023 2.07169 90 76 6 88 41 392 100.00000 0
3361 8501 10.24352 0.00476 0.38894 0.62181 36 29 2 32 19 307 100.00000 0
3426 8620 11.04902 0.02550 0.63108 0.62558 30 24 1 18 16 171 100.00000 0
981 4224 11.26091 0.41318 1.08801 2.56567 96 90 4 87 28 461 100.00000 0
168 3467 10.54856 0.01504 0.53058 0.23239 60 51 3 52 38 283 100.00000 0
5301 6767 11.10638 3.12139 0.49600 1.10995 3 2 0 0 2 22 100.00000 0
532 3783 11.79261 0.01484 0.55015 0.12820 38 25 6 32 17 329 100.00000 0
229 3516 11.83603 0.02063 0.93794 1.18795 88 86 1 80 48 367 100.00000 0
5407 6672 11.61022 1.98239 1.04234 1.49672 27 5 11 22 12 292 100.00000 0
105 3405 10.30328 0.02403 0.63059 1.09825 47 43 4 47 23 164 100.00000 0
1250 7179 10.82512 3.00906 1.27530 0.20174 27 4 0 25 13 284 100.00000 0
6134 7909 11.09334 3.13980 1.95340 0.55036 107 2 2 91 59 519 100.00000 0
1538 6800 10.00986 3.13936 0.95629 1.93856 11 5 0 5 4 83 100.00000 0
3233 8332 11.28283 0.19775 0.47682 1.86593 34 15 5 30 11 209 100.00000 0
1250 7185 11.46706 2.97565 1.80759 0.31898 39 0 0 37 20 283 100.00000 0
367 8881 11.25742 0.03415 1.04769 1.90926 42 24 8 22 23 343 100.00000 0
8851 8903 10.87758 0.03191 0.37808 1.82392 104 88 10 96 39 440 100.00000 0
7163 7227 11.30097 1.23672 0.69733 1.72964 64 57 4 64 42 264 100.00000 0
1263 7139 11.60710 3.04318 1.65824 1.14569 35 1 0 27 10 383 100.00000 0
1622 5377 10.00534 0.02559 0.41931 1.27072 29 27 2 25 20 121 100.00000 0
1177 4562 11.54704 0.05295 0.62820 1.32884 36 27 3 28 21 285 100.00000 0
3029 8133 10.50345 0.01303 0.38646 0.48214 41 33 6 34 20 347 100.00000 0
1409 6925 10.24348 2.87217 0.86895 3.08515 30 3 1 22 13 267 100.00000 0
2665 5613 10.83734 0.09575 0.37293 1.19779 16 10 5 12 3 150 100.00000 0
1678 5403 10.94540 1.13851 0.99907 0.88027 15 2 2 10 9 166 100.00000 0
5416 6678 11.92093 2.03890 1.07683 1.84759 31 5 6 9 6 302 100.00000 0
2735 5688 10.25589 0.08270 0.20940 1.24960 18 13 2 13 5 134 100.00000 0
1592 6749 10.57266 3.13709 1.84674 1.97774 18 0 1 10 5 113 100.00000 0
1248 7191 10.42904 2.91139 1.68188 0.17017 73 0 0 68 34 350 100.00000 0
1426 5071 11.44287 0.45463 0.83267 0.84765 41 20 9 28 9 253 100.00000 0
192 8650 11.83438 0.01129 0.68065 0.48457 48 40 8 39 26 242 100.00000 0
3047 8150 10.53539 0.03481 0.48565 1.15216 45 38 4 39 31 269 100.00000 0
3469 8646 11.29900 0.00978 0.35667 0.55036 53 49 2 43 32 243 100.00000 0
1213 4706 11.12573 0.09906 0.54219 2.51248 48 26 17 41 19 485 100.00000 0
1099 4475 10.85715 0.05417 0.27643 0.21489 70 64 6 68 46 406 100.00000 0
421 3656 11.26950 0.01192 0.30260 0.26393 182 176 6 167 126 525 100.00000 0
662 3879 10.00162 0.02537 0.48978 0.55036 49 34 7 41 19 405 100.00000 0
65 8585 10.74196 0.02857 0.79899 0.35166 24 19 0 24 15 89 100.00000 0
869 4131 11.49482 0.00704 0.29771 0.22728 50 48 2 36 29 291 100.00000 0
3261 8367 10.18055 0.90672 0.40735 1.17002 57 42 4 45 28 253 100.00000 0
191 8676 10.85739 0.01627 0.30139 0.48295 76 70 5 67 48 331 100.00000 0
537 3786 10.26905 0.01459 0.36149 0.38967 57 49 8 53 31 364 100.00000 0
2942 6000 10.13712 1.02719 0.59637 1.34173 30 20 2 24 15 148 100.00000 0
339 3582 11.07659 0.02189 0.48330 0.36477 106 102 4 102 74 417 100.00000 0
4968 6996 11.42188 3.09670 1.06750 2.74310 27 3 1 23 16 169 100.00000 0
2591 5585 11.46648 1.38067 0.94978 1.01837 31 20 3 22 16 158 100.00000 0
976 4213 11.91001 0.44477 1.05719 2.23406 71 64 6 62 34 381 100.00000 0
4910 7013 11.18828 2.99508 1.44671 1.94017 49 1 3 43 17 593 100.00000 0
1655 6681 10.84117 1.78538 1.33080 1.02984 58 15 36 52 17 381 100.00000 0
2958 8092 11.48210 0.04144 0.92976 1.28481 9 4 0 2 4 105 100.00000 0
1132 4482 10.47787 0.07895 0.39373 0.23407 110 92 18 103 58 561 100.00000 0
1408 5007 10.78992 0.08551 0.13030 0.96753 56 53 2 43 31 402 100.00000 0
769 3981 10.28932 0.27680 0.76233 2.33196 30 12 7 21 8 193 100.00000 0
1130 4476 11.33315 0.08089 0.42595 0.36045 86 68 11 63 39 460 100.00000 0
2661 5639 10.78855 0.09797 1.39470 1.55293 13 9 1 8 6 64 100.00000 0
4757 7150 10.35057 3.12753 1.67442 2.33733 52 3 2 38 19 378 100.00000 0
3363 8531 10.02579 0.01563 0.06308 0.76259 52 46 6 50 29 268 100.00000 0
1366 6980 11.22658 3.09564 1.58531 0.95613 24 0 0 24 8 215 100.00000 0
322 8824 10.70421 0.05112 0.37801 0.51889 76 68 5 72 53 412 100.00000 0
253 3533 10.07381 0.01522 0.44604 0.43790 91 88 3 88 60 348 100.00000 0
3589 8857 11.26583 0.05082 0.50901 2.77418 154 149 0 150 95 529 100.00000 0
1351 7022 10.63067 3.12180 1.68355 3.04465 45 0 0 37 20 393 100.00000 0
1290 4812 10.21574 0.02344 0.53405 0.97959 58 23 8 51 21 571 100.00000 0
7176 7230 11.12103 1.25418 0.66803 1.61689 65 36 3 54 42 279 100.00000 0
2594 5597 11.45521 1.31962 1.32589 1.49567 26 13 4 17 9 114 100.00000 0
2653 5634 11.79973 0.05114 0.81107 1.53595 13 4 3 8 5 94 100.00000 0
3062 8165 11.55130 0.04840 0.40681 1.76835 24 19 2 20 13 236 100.00000 0
4679 7225 11.35288 1.83809 1.97584 0.31775 79 1 0 73 42 387 100.00000 0
4859 7081 11.68554 3.11619 1.94006 0.66676 38 0 0 38 12 383 100.00000 0
3386 8531 10.75178 0.01039 0.29518 0.61230 50 45 3 39 27 295 100.00000 0
1627 5326 11.75301 0.02710 0.46737 3.02996 14 8 1 6 4 84 100.00000 0
6356 7620 10.42478 1.73005 0.45329 1.86383 32 25 0 27 20 167 100.00000 0
4904 7044 11.76883 3.09693 1.78793 2.44841 126 5 0 111 56 606 100.00000 0
1170 4608 11.71303 0.03794 0.53061 0.96266 32 21 0 23 17 341 100.00000 0
1614 5367 10.98412 0.01304 1.87730 0.52934 23 11 11 20 9 207 100.00000 0
3194 8343 11.41136 0.07426 0.56386 0.93209 39 32 5 37 23 221 100.00000 0
3422 8616 11.77707 0.03243 0.60443 1.09825 26 14 3 22 15 122 100.00000 0
7165 7229 11.66662 1.28931 0.75191 1.53519 38 21 9 23 12 199 100.00000 0
914 4142 10.49397 0.00972 0.33506 0.53155 37 33 4 33 21 225 100.00000 0
2901 5947 11.18402 0.03651 0.40042 2.08825 24 21 2 19 7 154 100.00000 0
7162 7225 11.08314 1.16855 0.45643 0.90482 48 46 2 46 27 250 100.00000 0
56 8547 11.75274 0.00574 1.72980 0.62181 35 0 0 27 20 250 100.00000 0
5237 5295 11.24141 0.01397 0.74829 0.89175 12 9 3 10 4 93 100.00000 0
2593 5582 11.56355 1.34431 0.41625 0.85684 32 20 9 20 10 168 100.00000 0
3092 8196 11.34989 0.12846 0.46545 0.40830 18 13 0 14 8 143 100.00000 0
755 4009 11.81708 0.12823 0.44030 1.64901 32 25 3 30 19 138 100.00000 0
1224 4670 10.01207 0.05575 0.44905 1.32057 70 47 11 59 45 499 100.00000 0
3605 8830 11.32970 0.06066 1.14418 3.40893 92 42 11 83 62 371 100.00000 0
5382 6692 10.14992 2.20815 0.33269 1.81898 18 11 0 7 7 141 100.00000 0
4758 7153 11.79342 3.11472 1.94378 1.96044 43 1 1 31 23 226 100.00000 0
116 8583 10.99558 0.01661 0.26990 0.95203 39 38 1 37 22 180 100.00000 0
1031 4314 10.09291 0.01767 0.18390 1.07593 31 27 4 31 18 240 100.00000 0
3620 8883 11.31508 0.03541 1.09075 0.58484 120 25 18 106 90 472 100.00000 0
3173 8280 11.97832 0.11593 0.46181 0.90569 33 26 3 24 20 219 100.00000 0
1051 4371 10.37330 0.01401 0.30693 0.25641 62 55 4 55 43 369 100.00000 0
991 4303 11.40733 0.34054 0.65196 0.41778 84 60 3 65 57 423 100.00000 0
333 3578 10.01554 0.02137 0.53239 0.29475 91 79 4 81 66 361 100.00000 0
