0.02480 0.01962 0.00289
0.02652 0.02656 0.01991
0.01891 0.01938 0.00194
0.04152 0.02444 0.00993
0.01799 0.01627 0.00801
0.02192 0.02351 0.01454
0.02172 0.01790 0.01036
0.02089 0.02628 0.01477
0.01708 0.01509 0.02270
0.02075 0.02136 0.00147
0.02013 0.01774 0.00270
0.02008 0.02272 0.00223
0.01302 0.02028 0.00355
0.01561 0.02097 0.01905
0.02313 0.02215 0.01026
0.01860 0.01627 0.00153
0.02552 0.02669 0.00581
0.03854 0.02511 0.01898
0.01758 0.02090 0.01591
0.02059 0.01698 0.00124
0.01860 0.01575 0.00212
0.02066 0.01768 0.02344
0.02210 0.01882 0.00123
0.01831 0.01513 0.01424
0.01518 0.01325 0.00183
0.01691 0.01790 0.01410
0.02259 0.02096 0.00667
0.01503 0.02073 0.00167
0.02315 0.02602 0.00610
0.01288 0.01053 0.02017
0.02081 0.01841 0.00211
0.02317 0.01738 0.00633
0.03647 0.02805 0.01922
0.01862 0.01592 0.01496
0.02480 0.03080 0.00606
0.02232 0.02721 0.00461
0.01817 0.01589 0.00588
0.01365 0.01662 0.00337
0.02166 0.02298 0.00178
0.02419 0.02698 0.01882
0.02539 0.02817 0.01950
0.01242 0.01071 0.00110
0.01999 0.01974 0.01903
0.02227 0.02276 0.00402
0.01970 0.01757 0.02210
0.02479 0.02736 0.00653
0.02430 0.03072 0.01890
0.02135 0.02284 0.01570
0.02542 0.02890 0.01929
0.02421 0.02864 0.01869
0.01875 0.01713 0.00136
0.02218 0.02433 0.01234
0.03035 0.01840 0.01520
0.01393 0.02163 0.00130
0.01252 0.01180 0.01644
0.01218 0.01136 0.00957
0.01745 0.01473 0.01839
0.02527 0.02053 0.00237
0.02501 0.02601 0.01988
0.01981 0.02312 0.00130
0.03272 0.02252 0.01916
0.02085 0.02147 0.01876
0.01640 0.01663 0.01860
0.01959 0.01798 0.01134
0.02244 0.02263 0.00300
0.02924 0.02232 0.00292
0.02483 0.02330 0.00683
0.01841 0.01547 0.01539
0.01894 0.01657 0.00120
0.01690 0.01724 0.01906
0.02226 0.02189 0.00119
0.02968 0.01327 0.01643
0.01532 0.01313 0.00578
0.03094 0.02325 0.00186
0.02187 0.02233 0.00584
0.01253 0.01247 0.00791
0.01921 0.01663 0.00170
0.01928 0.01638 0.00998
0.02151 0.02351 0.01238
0.02437 0.02601 0.02071
0.02362 0.03147 0.01584
0.02083 0.01817 0.00441
0.02447 0.02501 0.01633
0.01908 0.01649 0.01063
0.02018 0.02098 0.01535
0.02547 0.01848 0.00209
0.01943 0.01628 0.00651
0.02102 0.01652 0.00167
0.02300 0.02589 0.00977
0.02252 0.02382 0.01939
0.01941 0.01969 0.00127
0.02140 0.01620 0.01847
0.01648 0.01622 0.00075
0.02068 0.02451 0.00230
0.01889 0.01617 0.01414
0.01457 0.01126 0.00113
0.02713 0.02543 0.00647
0.04807 0.02639 0.01246
0.04657 0.02775 0.00297
0.01329 0.01926 0.01829
0.01754 0.01450 0.00668
0.01908 0.01663 0.01153
0.01939 0.01652 0.01895
0.01985 0.01660 0.01191
0.02092 0.02649 0.01869
0.02251 0.02533 0.00883
0.02770 0.02092 0.00137
0.01405 0.02208 0.01248
0.01918 0.01645 0.00142
0.02845 0.02249 0.01099
0.01969 0.02561 0.01886
0.01342 0.01180 0.01603
0.01942 0.01578 0.01844
0.02297 0.02534 0.01783
0.01884 0.01851 0.01518
0.01511 0.01675 0.01219
0.01521 0.02193 0.00887
0.02354 0.02128 0.01859
0.02240 0.02230 0.02312
0.01562 0.01601 0.01587
0.01926 0.01710 0.00233
0.02262 0.02972 0.00625
0.02022 0.01760 0.01943
0.02104 0.01983 0.00396
0.01361 0.01789 0.02522
0.02572 0.02900 0.02131
0.02298 0.02622 0.00236
0.02310 0.02589 0.02548
0.02371 0.01866 0.00197
0.01845 0.01820 0.01884
0.02018 0.01671 0.01879
0.01888 0.01950 0.01006
0.03447 0.01749 0.00153
0.01813 0.01628 0.01898
0.02644 0.02940 0.00742
0.02141 0.02590 0.00183
0.01721 0.01722 0.00160
0.01385 0.01766 0.00134
0.01380 0.01543 0.00111
0.02108 0.01898 0.01507
0.02482 0.02868 0.00262
0.03586 0.02478 0.00216
0.02062 0.02014 0.01375
0.01526 0.01719 0.00127
0.02680 0.02862 0.02115
0.02191 0.02320 0.01778
0.01457 0.01197 0.02116
0.02032 0.02174 0.00592
0.02675 0.02376 0.00723
0.02119 0.02240 0.01680
0.02039 0.02396 0.00741
0.02465 0.02926 0.00877
0.01947 0.01689 0.00158
0.02182 0.01631 0.01090
0.01794 0.01911 0.02061
0.02226 0.02724 0.00118
0.02552 0.02692 0.01912
0.02016 0.01984 0.01107
0.02677 0.01884 0.00802
0.01923 0.01893 0.00853
0.01383 0.01525 0.00172
0.01995 0.02209 0.01558
0.02073 0.02142 0.00398
0.02033 0.01911 0.01116
0.01638 0.01351 0.00144
0.01506 0.01541 0.01841
0.02435 0.03422 0.00377
0.02267 0.03102 0.00334
0.02420 0.02309 0.00394
0.01887 0.01557 0.01549
0.03124 0.02316 0.00550
0.01935 0.01717 0.00107
0.02111 0.01937 0.01542
0.01863 0.02135 0.00975
0.01381 0.01166 0.00351
0.01548 0.01372 0.00949
0.01965 0.01845 0.00281
0.02067 0.02203 0.00247
0.01992 0.01779 0.00735
0.02331 0.02383 0.00392
0.02457 0.03646 0.01031
0.02189 0.02407 0.00087
0.01779 0.01508 0.01492
0.01686 0.01726 0.00236
0.02670 0.02652 0.00778
0.01822 0.01573 0.01872
0.01260 0.01120 0.01859
0.02199 0.02209 0.00181
0.02705 0.02249 0.01050
0.02042 0.02361 0.01641
0.02416 0.02578 0.01951
0.02139 0.02024 0.00261
0.02257 0.02476 0.01370
0.02523 0.02983 0.00406
0.01381 0.01591 0.00678
0.01860 0.01815 0.01975
0.02503 0.01852 0.00108
0.02562 0.02779 0.01729
0.01627 0.01714 0.01843
0.02094 0.01989 0.00301
