234 1662 10.63839 3.07429 0.52252 1.86299 71 36 27 67 25 345 100.00000 0
2483 2533 11.04360 0.82204 0.85707 3.25654 64 54 5 59 33 187 100.00000 0
2545 3865 10.48631 1.54727 0.25735 1.76946 101 68 28 97 50 299 100.00000 0
2470 3874 10.50921 1.74521 0.15287 2.49779 115 89 21 113 59 269 100.00000 0
783 1409 11.60208 3.07069 0.04933 1.15521 150 114 25 148 93 442 100.00000 0
2472 3875 10.41003 1.78004 0.13251 2.55021 96 81 12 94 40 273 100.00000 0
43 1845 10.03140 0.57334 0.50097 2.21470 82 53 22 80 27 380 100.00000 0
159 1743 10.30131 3.12881 0.37709 2.55681 85 26 5 81 44 351 100.00000 0
3988 4053 10.90274 0.97014 0.11663 1.50480 127 103 19 127 76 351 100.00000 0
787 1439 10.61322 2.82809 0.49878 1.69535 82 38 13 76 38 273 100.00000 0
762 1434 11.03832 3.13913 0.42586 1.48543 121 86 3 119 59 375 100.00000 0
261 1606 10.30592 1.99024 0.74423 2.42430 111 76 15 102 57 359 100.00000 0
2491 3860 10.10924 2.34001 0.25340 1.50506 134 113 15 130 74 346 100.00000 0
795 1436 11.66549 2.50151 0.33152 2.56750 88 42 14 82 36 256 100.00000 0
809 1396 10.51438 1.87392 0.05384 1.17370 120 102 14 118 78 331 100.00000 0
25 1832 10.95749 1.13211 0.24055 1.84568 122 63 6 120 68 431 100.00000 0
49 1819 11.81298 1.65135 0.27657 1.68888 74 44 16 72 33 332 100.00000 0
2468 3875 11.52321 1.70104 0.16308 2.91900 53 30 11 45 18 208 100.00000 0
213 1666 10.06260 3.09433 0.38994 2.30597 136 87 24 126 56 483 100.00000 0
59 1818 10.49670 2.05153 0.55242 3.40847 110 44 11 105 48 341 100.00000 0
3978 4036 10.03953 0.56307 0.27554 1.76636 99 72 21 99 44 308 100.00000 0
700 1518 10.39746 1.65303 0.05382 0.96510 135 110 19 131 80 400 100.00000 0
22 73 11.93283 1.29606 0.73960 2.48412 92 37 2 84 27 364 100.00000 0
27 1840 10.78155 0.75794 0.12415 1.92315 125 60 7 125 54 426 100.00000 0
98 1810 11.38976 3.08978 0.88148 4.26948 58 16 8 51 12 292 100.00000 0
240 1615 11.35117 2.29083 0.32034 2.79932 57 32 3 57 20 231 100.00000 0
2503 3856 11.71558 2.09171 0.12970 3.04092 62 55 4 60 20 188 100.00000 0
2472 2522 11.40524 0.57343 0.24826 3.08794 61 39 13 52 29 215 100.00000 0
259 1592 11.35363 1.66595 0.48803 1.63734 81 65 9 79 38 254 100.00000 0
803 1430 10.87332 2.17039 0.30909 1.74854 113 88 16 107 49 327 100.00000 0
27 1825 11.63714 1.38313 0.33109 2.80993 158 55 5 153 87 446 100.00000 0
104 1800 11.12741 3.08154 0.63179 3.07294 76 33 10 74 17 362 100.00000 0
719 1474 10.28870 2.58041 0.18825 1.58264 130 93 22 119 73 382 100.00000 0
219 1656 10.31267 3.11771 0.15179 1.99724 126 65 23 120 73 620 100.00000 0
261 1600 10.87417 1.80871 0.77425 2.01945 93 73 12 93 38 290 100.00000 0
767 1452 10.61291 3.09450 0.36053 2.81160 92 53 14 85 30 318 100.00000 0
735 1494 10.23924 3.09042 0.92963 2.32742 117 83 25 113 43 353 100.00000 0
212 1667 10.44215 3.09431 0.26268 2.46275 134 81 23 129 55 473 100.00000 0
64 1815 10.38910 2.33657 0.24680 3.92586 52 10 6 50 18 252 100.00000 0
788 1404 11.21641 2.87568 0.12788 0.46562 107 94 9 107 80 303 100.00000 0
23 1836 11.09805 0.96305 0.09779 2.07150 98 54 7 94 45 366 100.00000 0
29 1829 10.82961 1.23511 0.17174 1.66083 162 59 18 162 91 478 100.00000 0
710 1478 11.26949 2.15776 0.17998 1.67070 145 112 22 145 59 357 100.00000 0
40 1824 11.03683 1.42681 0.09495 1.85583 125 93 9 125 78 385 100.00000 0
63 1815 10.68313 2.28112 0.25486 3.80158 75 36 5 69 18 283 100.00000 0
4003 4059 10.49876 0.82947 0.29073 1.74720 159 137 19 159 84 397 100.00000 0
109 1773 10.55399 3.07129 0.13959 2.00740 94 63 24 92 27 426 100.00000 0
232 1632 10.26103 2.85519 0.23274 2.15195 106 45 21 100 52 370 100.00000 0
207 1674 10.44595 3.06776 0.27408 1.74608 199 134 39 199 105 590 100.00000 0
2475 3877 11.11226 1.83517 0.54907 2.58846 141 111 17 139 58 332 100.00000 0
204 1698 10.55483 3.12124 0.30463 3.00270 140 14 2 140 59 561 100.00000 0
136 1765 10.41799 3.13601 0.25784 1.46980 151 119 19 147 72 448 100.00000 0
2483 3862 10.51057 2.13137 0.03994 0.72308 89 70 18 87 55 271 100.00000 0
237 1623 10.75507 2.59879 0.37123 2.35916 91 58 4 86 30 378 100.00000 0
705 1483 10.48411 1.94231 0.14347 1.42079 175 146 15 169 85 424 100.00000 0
773 1421 11.23730 3.06033 0.12985 2.13936 172 134 23 164 86 381 100.00000 0
785 1409 10.55820 3.01477 0.10647 1.16768 187 154 25 185 122 460 100.00000 0
225 1643 11.05309 3.11120 0.19613 2.00584 83 43 18 80 32 494 100.00000 0
696 1490 11.08932 1.57555 0.09359 1.46393 166 133 23 166 99 388 100.00000 0
237 1659 11.16651 3.09723 0.19675 1.59446 85 59 17 81 34 357 100.00000 0
247 1597 11.00671 1.75262 1.79357 3.18703 51 8 3 47 16 236 100.00000 0
2125 2179 11.99988 1.36474 0.68388 3.09642 31 25 5 31 14 104 100.00000 0
3998 4059 11.15614 0.91149 0.21888 1.55872 97 76 19 95 49 325 100.00000 0
75 1806 10.45452 2.96528 1.55183 5.01665 44 30 5 40 17 217 100.00000 0
775 1419 11.05022 3.06226 0.14246 2.39474 149 130 14 139 64 375 100.00000 0
26 1833 10.74473 1.08793 0.35005 1.73956 94 53 11 94 54 401 100.00000 0
241 1653 10.75470 3.12576 0.29444 1.57744 94 65 22 94 35 384 100.00000 0
777 1418 10.32235 3.07488 0.36692 2.47939 166 143 21 163 80 367 100.00000 0
238 1657 10.65313 3.10845 0.12206 1.54129 100 63 29 100 45 404 100.00000 0
4006 4060 11.14651 0.84740 0.32170 1.52495 189 173 11 187 118 441 100.00000 0
814 1405 11.43635 1.72554 0.17876 1.70295 84 62 17 77 38 286 100.00000 0
2469 3874 10.81255 1.72632 0.17259 2.55236 93 63 23 91 43 254 100.00000 0
28 1824 11.77994 1.41910 0.38403 2.84193 129 67 10 127 66 414 100.00000 0
164 1739 10.95904 3.13862 0.37983 2.06147 70 38 18 70 37 260 100.00000 0
2546 3866 10.75527 1.55958 0.19492 1.96104 71 39 19 67 25 222 100.00000 0
748 1471 10.47793 3.09120 1.16659 3.15231 76 47 16 72 21 292 100.00000 0
798 1397 10.22290 2.42608 0.24405 2.07150 106 91 10 106 54 296 100.00000 0
731 1464 11.20526 3.02467 0.60741 2.98098 93 59 18 89 32 291 100.00000 0
24 74 11.99104 1.35638 0.14777 2.54991 52 30 8 50 19 274 100.00000 0
258 1593 10.72677 1.67473 0.79695 1.99371 80 60 12 78 40 310 100.00000 0
2473 2526 11.84237 0.64603 0.54177 1.51284 91 68 15 91 41 293 100.00000 0
228 1637 11.19047 2.98773 0.16459 2.97980 93 46 12 91 27 431 100.00000 0
1912 1964 11.24225 1.41212 0.05933 2.10673 134 119 9 132 72 407 100.00000 0
790 1401 11.60937 2.78097 0.25268 1.13367 58 41 4 52 39 180 100.00000 0
65 1811 11.99646 2.40815 0.51212 4.13517 59 32 13 59 13 259 100.00000 0
799 1433 11.09755 2.33161 0.51472 2.87017 128 110 11 126 60 307 100.00000 0
2494 3858 11.24619 2.33816 0.28669 2.99408 55 47 6 53 21 202 100.00000 0
36 1829 10.32213 1.22989 0.21579 1.17437 109 54 16 107 62 416 100.00000 0
2509 3856 11.30012 1.80352 0.84191 2.24437 126 98 20 124 43 303 100.00000 0
122 1780 11.88884 3.08297 0.32221 2.00154 95 69 21 87 47 389 100.00000 0
2539 3876 10.60069 1.37735 0.37982 2.33582 81 57 14 71 45 221 100.00000 0
32 1824 11.49686 1.41371 0.28568 2.56613 127 76 9 123 62 424 100.00000 0
773 1422 10.60115 3.06406 0.05205 1.99056 158 137 16 158 88 401 100.00000 0
44 1849 11.44283 0.43344 0.41334 1.78575 68 40 11 66 28 302 100.00000 0
47 1823 10.83041 1.52392 0.34885 1.86844 78 17 2 76 32 401 100.00000 0
795 1396 11.74745 2.56474 0.12223 1.78180 66 45 11 62 34 201 100.00000 0
2546 3874 11.94770 1.50451 0.21636 2.11581 95 75 18 95 38 257 100.00000 0
2467 3873 11.21814 1.70371 0.34877 2.64160 101 74 20 101 37 311 100.00000 0
692 1507 10.50455 1.41881 0.01608 2.18552 140 98 23 140 80 345 100.00000 0
172 1731 10.12747 3.12913 0.22635 1.64306 108 69 21 106 47 319 100.00000 0
714 1477 10.48466 2.33867 0.17982 0.99308 153 119 28 151 96 373 100.00000 0
169 1734 10.44423 3.13289 0.25226 2.22915 71 43 12 67 32 268 100.00000 0
1920 1970 10.25627 1.07698 0.17205 1.44103 136 113 20 136 60 421 100.00000 0
128 1755 10.99779 3.11420 0.35926 2.16193 136 102 16 134 50 418 100.00000 0
769 1425 11.69638 3.06395 0.38076 2.05023 145 120 14 142 91 353 100.00000 0
239 1616 11.84019 2.34024 0.22512 2.88988 71 25 6 69 21 301 100.00000 0
229 1636 10.74775 2.95634 0.13704 2.88961 92 50 20 88 36 432 100.00000 0
766 1454 11.72160 3.10575 0.14933 3.53446 90 58 14 88 42 265 100.00000 0
250 1639 10.59495 3.01054 0.64725 1.87388 71 34 15 71 39 289 100.00000 0
95 1818 11.97948 3.11935 0.54220 3.05454 79 25 3 79 39 288 100.00000 0
689 1504 11.89823 1.41251 0.12761 1.84801 109 66 24 107 51 306 100.00000 0
87 1841 10.81547 2.37148 0.19489 2.25776 64 43 9 55 33 267 100.00000 0
238 1619 11.62750 2.44209 0.25606 2.75989 56 36 3 48 24 281 100.00000 0
719 1517 11.15961 2.51282 0.28872 0.95859 108 77 18 104 66 279 100.00000 0
242 1610 11.17539 2.10787 0.45181 2.87276 50 20 2 42 21 271 100.00000 0
41 1847 10.93038 0.48397 0.11597 2.10003 89 61 16 89 32 411 100.00000 0
183 1703 10.28267 3.12609 0.41761 2.90919 112 14 3 112 43 386 100.00000 0
134 1768 11.65296 3.13946 0.43168 1.54205 118 84 18 114 54 408 100.00000 0
736 1459 11.98873 3.13613 0.18600 2.97874 98 69 22 96 41 310 100.00000 0
742 1483 11.93997 3.14075 0.84599 2.04450 102 83 13 97 38 304 100.00000 0
3985 4049 10.28654 0.86030 0.04853 1.33384 113 88 13 113 60 276 100.00000 0
796 1396 11.38104 2.52014 0.16059 1.89259 67 48 12 61 36 233 100.00000 0
754 1464 10.25263 3.08156 0.32807 2.62674 104 83 16 93 29 353 100.00000 0
30 1846 11.85410 0.50589 0.41109 2.14393 59 39 15 59 25 277 100.00000 0
92 1789 10.95972 3.13920 0.45977 3.02103 96 64 14 90 45 331 100.00000 0
810 1425 11.85194 1.88316 0.27455 1.37430 136 111 15 124 74 330 100.00000 0
235 1625 11.58277 2.67429 0.37338 2.42721 100 38 10 96 49 369 100.00000 0
253 1592 10.31764 1.66572 0.54889 2.05919 57 22 12 55 16 295 100.00000 0
751 1468 11.00600 3.07857 0.90130 3.45423 54 31 5 52 14 229 100.00000 0
809 1395 10.86295 1.87852 0.07696 1.14910 152 134 13 152 104 347 100.00000 0
241 1610 11.95953 2.10807 0.63575 2.84675 60 32 5 54 25 302 100.00000 0
202 1701 11.37262 3.13492 0.26261 3.38101 119 5 0 119 71 494 100.00000 0
693 1508 10.12015 1.43227 0.28164 2.40680 142 113 25 138 71 408 100.00000 0
36 1827 10.65459 1.30314 0.11517 1.65043 142 32 3 138 90 515 100.00000 0
22 1827 11.89350 1.32124 0.32898 2.47338 95 18 3 95 53 340 100.00000 0
157 1745 10.34566 3.13266 0.46690 2.46545 96 63 12 94 65 355 100.00000 0
689 1506 11.91199 1.40185 0.17316 1.86509 103 61 23 103 62 281 100.00000 0
31 1836 10.08956 0.94988 0.11556 1.58387 99 46 12 99 44 422 100.00000 0
1909 1960 11.78008 1.45372 0.43841 1.94017 105 87 11 102 53 343 100.00000 0
45 1821 11.51536 1.54494 0.27963 1.59790 103 64 28 101 39 441 100.00000 0
708 1521 11.38928 2.02187 0.20193 0.75173 119 89 13 115 67 301 100.00000 0
221 1650 11.71287 3.12485 0.12894 2.10431 105 61 37 103 53 495 100.00000 0
702 1484 11.02941 1.81443 0.16917 0.68185 149 127 18 149 113 387 100.00000 0
48 1825 10.23154 1.49288 0.06582 1.41000 118 71 15 112 73 478 100.00000 0
2129 2183 11.53087 1.48958 0.57501 3.69162 14 10 3 14 11 79 100.00000 0
776 1419 10.37950 3.06622 0.20222 2.45224 164 148 13 160 93 428 100.00000 0
261 1622 11.94723 2.54572 1.26311 3.01064 48 9 2 45 16 235 100.00000 0
263 1608 11.90766 2.04267 0.98539 2.51808 78 64 11 76 39 264 100.00000 0
691 1498 11.36102 1.46338 0.07481 1.48042 133 109 16 128 83 343 100.00000 0
2482 3877 10.52515 2.02142 0.36848 2.84758 122 100 20 120 69 298 100.00000 0
83 1851 11.38382 1.98058 0.29764 2.27813 136 83 11 132 79 473 100.00000 0
730 1464 11.94796 2.99989 0.49219 2.73094 116 87 21 113 57 328 100.00000 0
2507 3877 11.68887 1.83394 0.77581 4.07746 51 32 15 51 18 219 100.00000 0
782 1442 10.88623 2.98671 0.29720 2.22563 119 48 11 112 62 403 100.00000 0
2477 3877 10.86826 1.88443 0.44360 2.30512 113 89 10 107 69 308 100.00000 0
746 1450 11.57539 3.10554 0.39145 2.45400 73 54 12 71 36 274 100.00000 0
33 1843 10.58965 0.60252 0.34649 1.93715 77 25 1 75 40 359 100.00000 0
135 1766 10.40348 3.14045 0.18829 1.49567 97 74 18 93 45 279 100.00000 0
770 1425 10.89268 3.06824 0.43560 2.26451 159 121 15 152 91 382 100.00000 0
78 1801 11.91767 3.09133 1.14651 4.73359 79 34 13 69 19 275 100.00000 0
800 1393 11.49277 2.33850 0.01586 2.23528 82 58 16 73 48 245 100.00000 0
23 1835 11.08404 1.00802 0.21002 2.12099 119 55 10 115 49 378 100.00000 0
805 1430 11.90323 2.06224 0.21017 1.69858 134 115 12 127 70 344 100.00000 0
76 1856 10.61164 1.63661 0.24812 3.64873 61 43 15 58 29 314 100.00000 0
26 1842 11.24982 0.66572 0.44399 1.98918 90 48 15 90 39 374 100.00000 0
247 1645 11.33900 3.11734 0.21440 1.81941 71 20 5 69 40 349 100.00000 0
794 1435 10.39528 2.54263 0.25022 2.45320 134 111 12 132 60 322 100.00000 0
724 1512 10.57137 2.70496 0.38460 1.73799 72 52 12 61 32 266 100.00000 0
2475 2527 11.47286 0.69885 0.14419 1.62654 85 63 20 85 37 302 100.00000 0
30 1829 10.74847 1.23410 0.16125 1.64497 151 58 11 151 80 474 100.00000 0
3983 4047 10.39995 0.80786 0.02430 0.82139 132 118 11 130 93 308 100.00000 0
1921 1976 11.93919 1.03813 0.10078 1.02717 76 58 11 74 50 307 100.00000 0
732 1500 10.22154 3.00330 0.88372 3.10678 80 51 20 74 31 233 100.00000 0
1917 1970 11.11806 1.21606 0.14408 1.48938 95 76 10 89 56 347 100.00000 0
253 1635 10.97831 2.89834 0.67611 1.66554 94 69 8 92 33 378 100.00000 0
261 1601 10.74862 1.83826 0.82909 2.03874 87 67 16 87 35 290 100.00000 0
43 1824 10.87030 1.44927 0.08296 1.75569 131 84 17 131 72 483 100.00000 0
3993 4058 11.94038 1.01521 0.12049 0.90655 109 86 16 104 55 319 100.00000 0
693 1496 10.83800 1.49815 0.09219 2.02236 180 149 25 176 108 444 100.00000 0
811 1397 11.06975 1.79320 0.07898 0.96995 134 104 27 126 75 312 100.00000 0
722 1515 11.27853 2.63641 0.04822 0.80211 64 50 11 62 50 221 100.00000 0
238 1621 10.78799 2.52845 0.09340 2.44793 72 54 14 70 21 272 100.00000 0
243 1606 11.45543 1.99002 0.45956 2.78291 65 20 5 56 22 285 100.00000 0
246 1647 11.62065 3.13605 0.21407 2.07773 65 26 2 63 24 320 100.00000 0
246 1598 11.31224 1.76964 1.39255 3.24474 34 6 1 29 8 218 100.00000 0
692 1498 10.93850 1.47240 0.07918 1.66177 127 102 16 127 91 327 100.00000 0
41 1822 11.48337 1.48404 0.22114 1.89486 83 38 9 75 36 334 100.00000 0
35 1829 10.38252 1.22900 0.12804 1.37942 161 52 9 159 100 515 100.00000 0
39 1845 10.48129 0.54484 0.09817 2.18176 74 37 16 68 24 397 100.00000 0
88 1793 10.80026 3.11060 0.90709 4.19927 67 25 1 65 24 318 100.00000 0
39 1821 11.84054 1.49341 0.10171 1.84949 108 80 10 106 54 427 100.00000 0
2475 2525 11.01814 0.68816 0.07886 1.69674 119 87 25 114 53 320 100.00000 0
248 1594 11.23981 1.71233 0.51075 3.43638 42 8 0 40 14 218 100.00000 0
702 1482 11.79513 1.81207 0.18646 0.88160 139 109 21 135 92 394 100.00000 0
114 1768 10.94061 3.06791 0.53768 1.77652 127 94 16 122 52 462 100.00000 0
697 1518 11.21772 1.53984 0.13563 1.38112 122 95 15 116 65 350 100.00000 0
28 1841 10.78248 0.70624 0.32333 1.94078 107 36 7 99 50 354 100.00000 0
2486 3861 10.61364 2.21568 0.07159 0.40926 138 112 18 136 92 352 100.00000 0
1913 1966 11.33390 1.37970 0.29396 1.82478 111 87 19 104 52 435 100.00000 0
