788 3842 10.74027 3.10179 1.18879 2.71296 28 0 0 28 11 304 100.00000 0
3639 4606 10.30963 0.03521 0.17194 1.29935 23 14 2 15 13 320 100.00000 0
644 4962 10.71149 3.05329 1.20915 1.95164 15 1 0 15 5 138 100.00000 0
243 1953 11.63800 0.24712 0.52924 0.69886 27 7 5 27 13 242 100.00000 0
2145 5124 10.08740 2.92687 1.43578 1.15352 21 0 0 18 13 178 100.00000 0
1550 3198 11.41989 0.02848 0.47015 0.81469 27 7 10 25 12 241 100.00000 0
2533 4712 11.80353 3.12994 1.48708 2.20939 21 0 0 21 6 208 100.00000 0
833 2494 10.30965 0.05381 0.86760 0.22381 23 2 0 20 14 249 100.00000 0
1007 2700 10.46347 0.00817 0.60415 0.36477 52 21 5 52 35 307 100.00000 0
1661 3312 11.31256 0.10250 0.32466 1.05721 31 14 8 25 13 228 100.00000 0
1534 3208 11.67620 0.03358 0.15445 0.97679 24 10 7 20 8 236 100.00000 0
589 2288 10.95919 0.02587 0.71885 0.98357 29 12 8 23 19 229 100.00000 0
2390 4890 11.60265 3.13811 0.69393 2.33196 10 3 0 7 5 119 100.00000 0
3813 4777 10.23002 0.03804 0.36687 0.49889 38 22 7 36 20 287 100.00000 0
654 4922 10.28362 2.40536 1.00868 3.16731 22 1 0 14 3 221 100.00000 0
446 5121 10.31008 2.89163 1.83370 0.71546 16 0 1 12 3 135 100.00000 0
2044 5244 10.66355 3.06308 1.88892 3.52370 23 1 0 14 13 155 100.00000 0
1946 5329 11.74434 2.73203 1.00524 1.14842 11 0 0 11 6 76 100.00000 0
976 2666 10.07307 0.03653 0.42620 0.37220 20 7 5 11 9 246 100.00000 0
438 2153 11.04805 0.07786 1.28172 5.94495 24 3 4 5 6 251 100.00000 0
675 3936 10.04436 2.55379 1.20990 9.01981 11 0 1 4 5 155 100.00000 0
3708 4652 11.12419 0.34071 0.52785 1.31135 11 5 3 8 8 148 100.00000 0
2382 3936 10.91116 3.11171 1.28133 4.14047 25 3 1 16 15 184 100.00000 0
925 2581 11.68842 0.04156 0.53185 1.53212 8 2 0 4 3 111 100.00000 0
1947 5320 11.05873 2.74457 1.48105 1.77674 15 0 0 11 3 144 100.00000 0
610 4970 11.35571 3.12428 0.97464 2.35717 20 0 0 17 10 124 100.00000 0
4168 5099 11.64545 0.61028 0.64447 1.60206 14 4 0 12 5 89 100.00000 0
4058 5007 10.84930 0.01445 0.31396 0.30647 16 8 4 14 8 125 100.00000 0
2174 5107 10.02640 3.08997 1.57545 1.83888 8 0 0 8 4 115 100.00000 0
2493 4778 11.12138 3.11368 0.43726 2.45607 24 0 0 19 12 200 100.00000 0
2427 3891 11.61145 3.12966 1.31230 3.00518 18 0 0 5 3 195 100.00000 0
1680 3388 11.48121 0.97328 0.83789 1.74540 30 4 3 30 15 145 100.00000 0
841 3785 11.07551 3.09259 0.33501 3.23035 12 1 2 7 5 245 100.00000 0
2250 4062 11.78848 3.13045 1.47256 2.69617 17 1 1 13 7 108 100.00000 0
2526 3783 10.31615 3.13565 0.67772 4.18881 13 0 0 8 8 253 100.00000 0
3596 4535 10.11508 0.09803 0.27283 1.07556 42 28 9 38 28 238 100.00000 0
429 5150 10.65522 3.00195 0.91432 1.44996 17 0 1 10 5 175 100.00000 0
2416 3900 10.24818 3.13990 0.73574 2.79806 13 1 1 4 5 169 100.00000 0
3596 4561 10.82686 0.02832 0.70785 1.83632 20 3 5 11 7 167 100.00000 0
196 5351 11.16528 3.07223 0.63725 1.55821 18 5 2 12 5 101 100.00000 0
1638 3280 11.84708 0.02932 0.72714 0.52414 19 6 9 19 10 97 100.00000 0
459 2172 10.93767 0.20373 0.20548 0.49337 13 9 1 9 7 143 100.00000 0
587 2287 11.72779 0.02617 0.84926 2.29968 16 3 6 8 5 185 100.00000 0
206 1926 11.39087 0.56721 0.71767 0.96103 32 5 2 28 23 149 100.00000 0
3876 4847 11.90419 0.00792 1.47248 1.23765 21 2 7 19 1 258 100.00000 0
531 2236 10.44393 0.01136 0.23809 0.53449 16 8 2 10 7 164 100.00000 0
2332 4928 10.44883 2.51728 1.62306 2.29746 19 0 0 16 5 214 100.00000 0
617 2316 10.64289 0.00780 0.87987 6.54946 16 1 0 1 3 204 100.00000 0
4128 5070 11.75155 0.05453 0.28045 1.05795 11 3 3 5 4 116 100.00000 0
4115 5059 11.25828 0.00781 1.00608 3.51658 13 7 1 4 7 168 100.00000 0
2490 3826 10.80704 3.12297 0.30743 2.05995 27 9 2 18 12 311 100.00000 0
2070 5218 10.22833 3.08474 1.31697 1.33823 16 0 5 9 4 137 100.00000 0
461 4174 11.06802 2.00171 0.74506 0.90266 12 1 2 9 4 136 100.00000 0
697 4909 11.46042 3.11627 1.58404 7.77213 15 3 0 8 7 168 100.00000 0
1553 3201 11.06317 0.02811 0.51128 0.49099 45 21 16 45 29 283 100.00000 0
566 5013 10.95632 3.09711 1.39088 1.14124 12 0 0 10 5 141 100.00000 0
2430 4847 10.06805 3.12970 0.67404 2.05367 33 6 6 20 16 360 100.00000 0
1021 2697 10.74601 0.00637 0.53937 0.47478 38 19 3 38 31 222 100.00000 0
762 4843 10.68134 3.12868 1.00890 1.93371 54 0 1 51 18 409 100.00000 0
347 2069 10.25467 0.05346 1.11979 0.68984 22 10 10 20 6 176 100.00000 0
639 2343 11.23128 0.59822 1.17056 1.02946 14 0 8 12 9 189 100.00000 0
757 2420 10.30308 0.00808 0.15291 0.41871 46 32 7 41 25 372 100.00000 0
761 4824 11.60918 3.12781 0.98861 2.88717 26 0 0 22 8 354 100.00000 0
310 2037 11.00547 0.08125 0.27908 0.36262 36 21 8 28 18 284 100.00000 0
1431 3074 11.13807 0.30732 0.25263 1.03703 16 8 5 12 9 170 100.00000 0
4047 4996 11.62425 0.02259 0.72785 1.41693 20 1 5 16 9 167 100.00000 0
2277 4031 11.83600 3.13328 1.35638 2.12209 25 0 0 13 12 215 100.00000 0
468 4159 11.03084 2.53441 1.02846 1.07411 12 1 1 9 4 157 100.00000 0
1480 3131 11.43637 0.03320 0.64109 0.27268 54 15 2 47 39 609 100.00000 0
2214 4103 10.80985 3.08739 1.38361 3.41925 21 0 0 11 4 152 100.00000 0
4160 5108 10.66491 0.48043 0.51575 0.49178 16 7 3 10 9 175 100.00000 0
3718 4684 10.02011 0.03842 0.70557 2.99421 13 7 0 8 8 223 100.00000 0
788 4816 10.05842 3.11728 0.72676 4.06775 17 3 3 12 8 237 100.00000 0
2177 5097 11.62230 3.06622 1.47470 2.24786 16 0 0 8 6 145 100.00000 0
1613 3255 11.98887 0.02737 0.93771 0.77833 20 6 6 10 7 174 100.00000 0
734 3888 11.81277 3.12974 1.86695 2.75932 16 2 0 1 3 208 100.00000 0
692 2349 10.51250 0.52118 0.11028 1.35393 10 6 2 10 7 166 100.00000 0
824 3804 11.44454 3.07048 1.39029 2.26935 18 0 0 16 8 212 100.00000 0
2182 4176 10.18623 2.29928 1.10310 2.06848 19 3 0 17 5 128 100.00000 0
2195 4152 11.36919 3.03954 0.51748 1.66648 5 1 1 3 2 83 100.00000 0
634 3981 11.78940 2.81591 1.50959 2.66932 18 0 0 8 3 188 100.00000 0
1457 3136 11.46753 0.06903 0.79740 1.15216 33 16 5 29 18 317 100.00000 0
2541 3748 10.85111 3.07535 0.32274 7.37736 13 0 0 5 5 193 100.00000 0
906 4666 10.64531 3.03913 1.34782 6.00427 10 0 0 6 0 131 100.00000 0
1626 3269 10.47484 0.02782 1.10507 0.94667 26 5 9 14 9 308 100.00000 0
2422 4856 10.96830 3.13239 0.54426 1.64806 15 4 3 11 6 138 100.00000 0
670 2369 11.19629 0.49906 0.14686 1.11768 14 5 1 3 5 164 100.00000 0
3733 4679 10.39465 0.03934 0.24236 0.76464 11 6 3 7 5 247 100.00000 0
1396 3081 11.00135 0.55455 0.63781 0.51129 35 12 7 28 22 322 100.00000 0
3958 4939 10.66157 0.69696 0.62111 0.58283 13 2 2 8 6 180 100.00000 0
796 4809 11.59035 3.10642 0.53107 2.45846 17 4 1 4 5 288 100.00000 0
461 4184 11.81846 1.68117 1.03490 1.08787 18 2 5 9 9 100 100.00000 0
541 2226 11.49723 0.02005 0.58725 0.40348 5 2 2 3 3 20 100.00000 0
3652 4597 10.41791 0.03204 0.68672 1.70341 26 17 5 22 15 251 100.00000 0
1295 2970 11.17072 0.01139 0.64202 1.31284 38 13 5 25 15 307 100.00000 0
3658 4603 10.67150 0.02717 0.61971 0.88603 23 10 4 15 11 256 100.00000 0
400 2118 10.44191 0.16050 0.53626 0.38866 26 10 4 19 18 257 100.00000 0
2308 4957 11.53459 3.08270 0.34880 2.63314 25 2 5 3 6 199 100.00000 0
1053 2731 10.83645 0.01043 0.65403 0.70721 35 17 7 28 13 369 100.00000 0
1477 3128 11.03882 0.01932 0.41079 0.43611 41 18 3 41 22 519 100.00000 0
3677 4623 10.12217 0.15192 0.44767 0.84349 22 10 3 20 11 227 100.00000 0
314 2018 10.77043 0.08374 0.25284 0.77984 30 18 5 25 18 376 100.00000 0
817 4786 11.00763 3.09832 0.75664 2.22915 23 4 1 9 10 273 100.00000 0
1949 5317 10.78087 2.75912 1.29771 1.76857 20 1 0 14 11 173 100.00000 0
1389 3031 11.51288 0.55584 0.35821 0.59807 38 18 11 25 17 209 100.00000 0
5426 5536 10.62562 0.00675 0.80086 1.67795 18 0 0 7 8 288 100.00000 0
723 3920 11.65564 3.13268 0.55813 3.91957 19 2 1 13 9 162 100.00000 0
1285 2934 11.92193 0.01450 0.62342 0.56855 43 15 11 43 26 311 100.00000 0
600 2277 11.91047 0.01061 0.35990 1.85836 17 1 2 15 9 183 100.00000 0
224 1937 11.76984 0.37191 0.40406 0.37534 14 6 3 10 8 136 100.00000 0
270 5294 10.66483 3.11474 0.62688 3.04247 15 0 2 5 6 149 100.00000 0
944 3672 11.28042 2.26879 0.77358 1.98386 8 2 1 6 2 149 100.00000 0
667 4904 11.18733 2.38016 0.80896 1.64544 12 0 0 8 7 162 100.00000 0
2438 3861 11.49946 3.13012 1.39995 3.01376 20 0 0 18 6 240 100.00000 0
2043 5246 11.85717 3.05463 0.67668 1.35768 25 5 3 19 13 187 100.00000 0
409 2105 11.49739 0.10281 1.25396 4.77619 15 4 1 1 5 249 100.00000 0
539 4100 11.09622 3.12502 1.24220 3.85813 7 0 0 5 4 77 100.00000 0
3651 4621 11.06482 0.03315 0.40738 1.84101 20 12 5 18 12 276 100.00000 0
590 4992 10.14524 3.12284 1.09818 3.85265 19 2 2 4 5 199 100.00000 0
