0.01265 0.01962 0.00148
0.01115 0.01803 0.00684
0.02840 0.04902 0.01299
0.01975 0.03005 0.00709
0.01859 0.04677 0.02214
0.02566 0.03705 0.01266
0.01063 0.01751 0.01310
0.01274 0.01993 0.00240
0.02449 0.04258 0.01871
0.00814 0.01254 0.00046
0.00551 0.00902 0.01829
0.01126 0.01427 0.00224
0.00861 0.01226 0.01264
0.01197 0.02011 0.01851
0.01690 0.04324 0.01915
0.02030 0.04382 0.01848
0.01438 0.04094 0.02167
0.00881 0.01560 0.01973
0.01270 0.02773 0.01891
0.01342 0.02741 0.00081
0.01309 0.01673 0.00351
0.01176 0.02037 0.01853
0.02226 0.03727 0.00225
0.02288 0.05615 0.02075
0.01659 0.03700 0.03546
0.01146 0.02006 0.02441
0.02103 0.04471 0.00971
0.02074 0.03339 0.00767
0.01037 0.01825 0.01070
0.01434 0.02307 0.01018
0.01700 0.03058 0.02051
0.00824 0.01234 0.03058
0.01799 0.04926 0.00540
0.01328 0.03457 0.01905
0.01227 0.02271 0.01880
0.00903 0.01156 0.00047
0.01567 0.04004 0.00859
0.01788 0.01940 0.01566
0.02524 0.02783 0.01856
0.00951 0.01555 0.01299
0.02076 0.04082 0.00958
0.01133 0.01688 0.01858
0.01335 0.01588 0.01447
0.00884 0.01288 0.00208
0.01455 0.03837 0.02194
0.01821 0.05288 0.01861
0.00933 0.01197 0.01863
0.01840 0.04290 0.01860
0.01026 0.02048 0.00611
0.01458 0.02897 0.02367
0.01143 0.01884 0.00126
0.01607 0.01999 0.00193
0.01629 0.03567 0.02964
0.02015 0.04492 0.00288
0.01119 0.02598 0.00223
0.02754 0.04260 0.02106
0.00704 0.00995 0.01902
0.01031 0.01477 0.00392
0.02811 0.05076 0.01420
0.01526 0.03278 0.01878
0.00898 0.01107 0.00735
0.00754 0.01130 0.00068
0.01742 0.02507 0.00737
0.01376 0.02139 0.00289
0.02587 0.07187 0.01855
0.01329 0.02188 0.00145
0.01487 0.02393 0.00136
0.01326 0.02267 0.00653
0.01753 0.04230 0.01068
0.01937 0.03521 0.02151
0.00742 0.01182 0.01398
0.02122 0.04466 0.00960
0.00898 0.01887 0.03386
0.01036 0.02055 0.00317
0.01171 0.01850 0.00869
0.01857 0.03149 0.01856
0.01232 0.02204 0.01699
0.01898 0.03325 0.01677
0.01278 0.01503 0.00544
0.01253 0.01891 0.00085
0.03001 0.05878 0.00113
0.01082 0.01613 0.01631
0.01794 0.03624 0.00561
0.01547 0.02750 0.01696
0.00945 0.01442 0.01843
0.00715 0.01115 0.01468
0.01250 0.01779 0.00091
0.01076 0.02407 0.00061
0.01753 0.03597 0.01453
0.01126 0.01446 0.00876
0.01207 0.02961 0.01975
0.01161 0.01642 0.00220
0.01887 0.04486 0.00071
0.01363 0.03737 0.01846
0.01243 0.02511 0.00540
0.01332 0.02229 0.00943
0.01245 0.02727 0.01888
0.01488 0.03148 0.02047
0.00965 0.01369 0.00415
0.01420 0.02520 0.01896
0.01308 0.02562 0.00435
0.00747 0.01428 0.00056
0.00848 0.01575 0.00116
0.01483 0.03875 0.01846
0.01785 0.03413 0.01839
0.00816 0.01143 0.01843
0.01401 0.02220 0.00200
0.00672 0.00899 0.01823
0.01026 0.02074 0.01880
0.01570 0.01900 0.00078
0.01743 0.02985 0.01875
0.02063 0.07198 0.01868
0.01001 0.01364 0.00549
0.00979 0.01452 0.00078
0.01174 0.01518 0.01862
0.00698 0.01091 0.00744
0.01384 0.01662 0.01925
0.00968 0.01251 0.01854
0.01536 0.04206 0.01845
0.02027 0.03935 0.02116
0.01487 0.03839 0.01877
0.01993 0.04082 0.01842
0.02159 0.05308 0.01904
0.00988 0.01408 0.01841
0.00934 0.01196 0.00162
0.02233 0.06031 0.02129
0.01294 0.02977 0.00071
0.01192 0.01915 0.01848
0.01805 0.04226 0.00792
0.00847 0.01244 0.01948
0.01847 0.03800 0.00307
0.01279 0.02385 0.01508
0.01269 0.03441 0.02053
0.01666 0.03701 0.02205
0.02539 0.03465 0.02040
0.00888 0.01731 0.00527
0.01657 0.02294 0.00092
0.00780 0.01589 0.00396
0.00981 0.01197 0.01837
0.01041 0.00999 0.00596
0.00710 0.01018 0.00263
0.00905 0.01658 0.00519
0.01327 0.02646 0.01004
0.02512 0.03875 0.00609
0.02048 0.02741 0.01859
0.01173 0.02229 0.02299
0.01451 0.02457 0.00441
0.01006 0.01331 0.01991
0.01511 0.02953 0.01923
0.02115 0.03364 0.03324
0.02306 0.05168 0.01875
0.01333 0.03493 0.01437
0.01561 0.03302 0.05344
0.02313 0.05575 0.00380
0.01386 0.02204 0.00283
0.01435 0.02021 0.00068
0.01138 0.01512 0.00244
0.02178 0.04194 0.05535
0.00996 0.01668 0.00720
0.01283 0.02201 0.00143
0.01975 0.05845 0.01409
0.00949 0.01664 0.01845
0.01601 0.03428 0.00324
0.01500 0.03209 0.01723
0.01229 0.01762 0.00688
0.02004 0.03084 0.01849
0.02144 0.05309 0.01493
0.01841 0.04039 0.00592
0.01474 0.02733 0.00639
0.01307 0.02343 0.00757
0.01207 0.01686 0.00847
0.01947 0.05543 0.01432
0.02000 0.03720 0.00547
0.01095 0.01937 0.01847
0.02415 0.03771 0.00643
0.02458 0.04693 0.01861
0.01056 0.01699 0.00252
0.01377 0.01607 0.02101
0.01172 0.01934 0.00400
0.01085 0.02366 0.00119
0.01744 0.03657 0.00637
0.01274 0.02154 0.02175
0.01254 0.01910 0.00063
0.01755 0.03432 0.00567
0.01856 0.02907 0.01448
0.01932 0.04716 0.01918
0.01691 0.04461 0.00595
0.01294 0.03418 0.01050
0.01170 0.02526 0.01863
0.01056 0.01312 0.02316
0.01527 0.01958 0.01370
0.01063 0.01693 0.01850
0.01585 0.02852 0.02299
0.01413 0.02232 0.01866
0.00971 0.01607 0.02044
0.01324 0.02763 0.00533
0.01023 0.01608 0.00829
0.01314 0.03189 0.01449
0.01177 0.02148 0.01857
0.01037 0.02068 0.00127
