2000 3419 11.77103 2.29658 0.43433 2.58649 184 124 8 182 91
939 4195 10.75276 0.55559 0.48994 4.54795 94 50 23 90 47
1981 4568 11.29674 0.04255 0.80709 2.39343 127 13 7 123 88
1795 4404 10.92120 0.64557 0.29423 2.20265 168 103 0 162 103
3424 4572 11.36026 1.65936 0.61353 2.15013 352 112 15 352 225
941 4221 11.09795 0.03076 0.40272 1.93411 156 73 17 152 106
3313 4624 11.54661 1.93089 0.61830 6.85215 197 69 2 195 97
3398 4574 11.66679 2.98580 0.55641 0.42704 180 90 3 174 132
1944 4535 10.67241 0.06258 10.35165 3.84227 92 0 0 81 80
2013 3414 11.94384 2.91902 0.27878 2.33112 177 159 5 177 115
1004 4265 11.18746 0.01602 0.27053 0.91429 108 84 9 104 79
3411 4586 11.09934 2.30212 0.33548 3.10741 131 98 10 131 63
3360 4601 10.07671 3.12944 0.11771 3.16953 155 112 23 151 113
3316 4625 10.05877 1.99911 0.61310 5.98288 256 92 1 253 164
2015 4579 11.80682 1.34021 0.51118 4.25082 169 93 11 167 102
1003 4248 10.56080 0.02116 0.21182 0.96510 77 62 7 75 59
1036 4277 11.74153 0.79050 0.16639 1.06533 250 203 2 244 203
1025 4274 11.85598 0.18143 0.13525 1.30146 187 163 5 174 154
3420 4569 11.16863 1.78615 0.60343 0.87492 235 69 4 231 184
3369 4594 10.53298 3.11977 0.30230 3.82531 248 169 4 240 160
1011 4252 10.43428 0.02551 0.16753 1.09146 96 83 6 93 72
993 4259 11.01126 0.01514 11.58402 0.89962 84 0 0 79 73
2004 4562 10.60807 0.72206 0.73234 0.40926 109 18 3 107 92
1834 4412 11.87768 0.00420 11.25616 0.17914 59 0 0 48 49
1875 4467 10.31848 0.02322 10.12432 0.88603 76 0 0 73 65
3313 4629 11.68643 1.86852 0.63193 6.79904 191 52 2 187 79
1034 4260 10.88328 0.64929 0.16866 1.24270 141 132 3 134 121
3335 4630 11.35303 2.62880 0.15310 2.47844 203 191 5 197 136
926 4210 10.75146 0.07148 0.44587 2.22493 181 69 8 181 135
1910 4502 11.95305 0.07152 11.93235 4.84848 105 0 0 105 97
1813 4413 10.62826 0.04454 0.24796 1.71281 159 135 15 152 116
980 4250 10.90960 0.01631 11.06560 0.73648 141 0 0 134 125
909 4184 10.79670 1.93821 0.36477 2.81077 273 213 24 269 177
1976 4547 11.30759 0.01199 1.13265 0.87581 103 1 0 92 80
915 4178 11.78967 1.91361 0.19454 4.40131 291 276 11 291 169
953 4211 10.15524 0.05537 0.49129 2.99003 178 64 82 171 110
1840 4418 10.72135 0.02521 0.13495 1.45212 117 109 3 113 98
3341 4612 10.69718 3.02119 0.11992 2.56826 175 143 8 171 125
2006 3408 10.52550 2.96467 0.35358 2.42220 233 217 7 233 146
923 4179 11.02409 1.52544 0.24639 4.01522 225 195 18 217 121
928 4183 10.43089 1.23718 0.25445 3.60793 223 52 44 215 123
1924 4499 11.64191 0.07469 11.43217 4.61193 54 0 0 54 49
3403 4589 10.95719 2.79297 0.24985 3.22901 203 84 6 197 75
2012 3405 11.38195 2.42277 0.22035 2.01829 227 216 7 225 149
990 4240 11.05713 0.01777 10.99860 1.03741 97 0 0 97 86
914 4181 10.27047 1.83737 0.22932 3.38703 330 271 34 326 189
909 4198 11.32270 1.16772 0.23039 2.46561 114 71 33 111 77
1773 4395 10.52059 1.63534 0.52144 3.27142 160 90 0 155 105
909 4185 10.34135 1.88849 0.31823 2.87739 242 195 20 236 162
904 4191 11.88056 1.79913 0.17444 2.54130 132 93 28 132 99
1003 4247 11.85033 0.01925 11.57462 0.98992 153 0 0 148 141
945 4202 10.75995 0.16724 0.69831 3.28217 156 40 68 152 108
993 4242 11.04556 0.01593 10.76808 0.96266 96 0 0 96 89
3375 4605 10.08040 3.11669 0.30819 2.49041 165 93 6 158 91
1917 4492 11.66333 0.08720 11.37021 4.06756 83 0 0 76 76
1920 4496 10.29123 0.07388 10.40187 3.63507 47 0 0 37 40
1953 4527 11.82973 0.05470 11.24386 4.30530 43 0 0 40 39
2020 4573 11.91393 1.54531 0.71906 4.80783 157 83 6 151 89
1034 4276 10.97397 0.66361 0.05519 1.42875 207 167 4 205 165
1999 3415 11.39773 2.44775 0.22759 2.59525 245 235 3 245 152
1775 4398 11.22049 1.59651 0.53661 3.59401 180 109 1 180 92
1995 4576 11.99923 0.21194 0.77422 2.97717 237 94 5 231 189
3326 4631 10.67376 2.23366 0.64413 3.43000 136 128 0 132 74
1003 4265 11.85233 0.01634 0.14627 0.93209 118 92 18 116 93
956 4213 10.99299 0.04848 0.34830 2.45957 121 62 16 114 85
2011 3406 10.85734 2.54035 0.25291 2.05785 267 244 9 263 154
1787 4387 11.94287 1.16181 0.36491 1.93917 160 119 2 156 131
1846 4423 11.27993 0.01279 0.52275 0.77632 135 67 11 135 114
1971 4543 11.59748 0.02409 1.10675 1.02412 67 0 1 59 49
3387 4597 10.54897 3.09658 0.35852 2.67430 223 108 2 221 101
1799 4406 11.22994 0.40873 0.21995 1.67631 169 126 2 164 132
1934 4525 10.74210 0.08102 1.73356 1.20982 94 0 0 87 83
1879 4455 11.93614 0.01705 0.98427 1.08137 58 5 0 54 45
1776 4397 10.39107 1.58363 0.36800 3.16891 239 147 5 239 140
1775 4391 10.73241 1.61475 0.42380 2.45511 193 126 3 189 147
1921 4512 10.95557 0.07440 10.97002 4.47693 87 0 0 81 78
1016 4254 10.51339 0.01777 0.06400 0.96510 135 102 3 123 94
3337 4614 10.61003 2.89118 0.14571 2.18767 158 124 13 155 117
948 4226 11.02207 0.02363 0.07759 1.27779 244 184 50 242 214
931 4185 10.91660 1.12040 0.02645 3.49233 202 44 35 202 110
925 4209 10.48984 0.09126 0.58806 1.80710 238 59 22 238 142
1024 4257 10.44843 0.13301 0.23916 1.67958 149 140 2 149 123
1048 4275 11.27001 1.44258 0.16427 0.93795 278 239 15 274 226
3335 4629 10.09324 2.64073 0.14775 2.59510 247 234 9 243 191
1996 4559 10.09778 0.26574 0.71357 1.33178 154 14 4 147 122
3320 4631 11.24219 2.03471 0.68783 4.73888 153 83 0 150 72
1847 4441 11.55264 0.03036 0.50148 1.76968 93 59 1 90 45
1855 4432 10.69944 0.01525 0.61464 0.44323 109 27 4 106 62
932 4187 10.41657 1.02100 0.14208 4.02827 153 20 8 147 75
935 4217 11.30734 0.02482 0.42097 1.75502 128 22 12 128 94
1988 4554 11.73670 0.04640 0.81345 2.02391 86 1 1 82 65
1966 4539 11.40828 0.03065 1.54588 1.14055 81 0 0 71 50
3313 4625 11.22320 1.91811 0.46384 6.46096 200 70 3 198 103
3337 4613 11.86500 2.89679 0.08064 2.26676 199 162 4 197 152
1973 4545 11.03296 0.01471 10.99656 1.71144 72 0 0 68 60
1930 4505 11.57754 0.07154 11.54852 4.11342 80 0 0 78 78
927 4211 11.01240 0.05930 0.52711 2.59676 190 52 4 186 163
918 4205 11.43448 0.41236 0.20629 2.55175 118 69 37 114 73
913 4180 11.16035 1.93124 0.29202 3.34094 276 229 22 272 188
3350 4607 10.75398 3.13012 0.25416 3.00531 149 113 13 147 99
1837 4431 10.31661 0.01613 0.34725 0.88559 171 131 4 169 152
1962 4536 10.60356 0.03098 2.13663 0.98992 96 0 0 93 80
1007 4249 11.88875 0.02524 11.71465 1.07484 99 0 0 99 92
1972 4562 11.86741 0.00792 0.73308 0.42704 64 8 0 56 42
2018 4574 10.62174 1.46662 0.61927 4.34000 265 110 11 265 148
2013 4578 10.18013 1.25027 0.58557 3.39027 253 118 7 248 192
2007 3416 10.76830 2.89315 0.17057 2.30104 220 199 10 218 135
3350 4623 11.07258 3.00671 0.33413 2.65520 162 119 16 157 120
1975 4563 10.21330 0.00829 0.90135 0.48376 83 2 0 81 64
2006 3405 11.65777 2.78985 0.40229 1.79450 227 202 7 217 154
3408 4570 10.87426 2.47119 0.58844 0.61102 215 106 9 215 176
1932 4508 10.13007 0.06367 10.17337 3.51168 145 0 0 140 130
3320 4620 11.54667 2.16904 0.62730 4.78348 146 87 5 146 73
944 4200 11.37483 0.26690 0.68441 3.59074 134 39 50 130 96
1828 4408 10.70368 0.02528 0.15788 1.42903 117 97 9 113 77
1880 4457 10.42538 0.01939 10.23837 1.33618 64 0 0 62 53
3331 4631 11.33074 2.44948 0.17858 2.14977 162 154 4 154 123
2019 4574 11.28046 1.50488 0.63836 4.68258 194 68 7 190 106
2014 4578 10.50472 1.29741 0.62341 3.81680 262 108 5 260 182
3315 4624 10.75753 1.98481 0.66128 6.17622 221 77 0 217 128
1846 4439 10.12485 0.02364 0.33919 1.40583 141 108 4 139 103
1805 4392 11.92984 0.21849 0.15329 0.65671 183 166 10 178 158
1972 4561 10.60044 0.00623 0.87691 0.32143 151 13 0 151 92
967 4240 10.72533 0.01756 0.11552 0.90352 99 70 20 91 66
3342 4611 11.31307 3.04279 0.20414 2.70602 214 151 7 206 165
913 4202 11.93999 0.76753 0.21336 2.79680 95 51 20 90 40
938 4193 11.22523 0.67019 0.43164 4.04690 110 52 29 106 54
2017 4571 10.04170 1.43489 0.70156 3.90806 206 73 6 200 137
3397 4591 10.03727 3.06997 0.31800 4.40220 258 50 0 248 107
3418 4569 10.56296 1.87584 0.67148 1.25305 277 73 11 271 210
1831 4410 11.25117 0.00843 0.21218 0.49258 59 42 5 52 40
994 4259 10.21233 0.01528 0.20567 0.88647 115 89 18 113 96
995 4243 11.35005 0.01201 11.36348 0.78833 100 0 0 95 92
3324 4620 10.04451 2.28863 0.54420 3.42646 181 171 0 181 94
1045 4277 11.81589 1.32315 0.15232 1.17270 207 192 6 201 170
3399 4574 11.01889 2.94948 0.44507 0.38765 152 97 6 152 116
1859 4452 10.91428 0.01579 10.92448 0.91257 84 0 0 82 76
3374 4607 11.67237 3.12439 0.33799 1.92945 111 58 2 104 70
3352 4622 11.27447 3.01766 0.32877 2.68890 94 72 2 90 59
2003 4561 11.35958 0.65753 0.85943 0.47147 148 7 0 141 131
910 4181 11.75361 2.03191 0.37100 2.73652 229 193 23 227 125
1048 4265 11.98599 1.42818 0.23537 1.05795 181 136 11 172 142
972 4226 11.61386 0.03017 0.20955 1.70456 107 65 20 101 82
3330 4631 11.14495 2.40421 0.20404 2.15740 178 161 5 174 123
905 4192 11.45899 1.70048 0.20125 2.62898 191 136 42 185 127
3408 4587 10.94561 2.48365 0.24142 3.30168 195 145 18 189 111
1884 4476 10.86859 0.03449 0.75729 0.81661 93 9 1 87 82
2002 3408 11.74755 3.06085 0.37981 2.63819 190 175 7 188 100
1038 4262 10.10514 0.90286 0.10074 1.34581 98 85 7 85 72
2009 3409 10.07049 2.84227 0.35866 2.56155 238 200 5 233 129
971 4244 11.93306 0.02119 0.12493 0.87938 97 56 31 92 72
1050 4273 11.32841 1.49845 0.21428 0.41778 191 164 20 191 148
1960 4551 11.58699 0.02696 11.56482 3.16793 81 0 0 70 53
996 4261 11.33696 0.01223 0.19035 0.74388 126 103 17 119 99
1821 4418 10.12617 0.03128 0.30227 1.79668 116 89 2 107 85
1808 4394 11.40235 0.15463 0.24520 0.85547 152 141 4 144 135
908 4184 11.30926 1.98541 0.43783 2.98071 236 173 31 228 148
1025 4257 10.93063 0.17115 0.30388 1.76458 134 112 7 132 99
1865 4442 10.81550 0.01758 0.95152 0.83181 155 26 0 150 139
1856 4433 10.68525 0.01605 0.72197 0.49099 86 23 3 86 54
3358 4601 11.83048 3.12923 0.23698 3.12562 127 81 6 121 97
1988 4572 11.24726 0.06362 0.70081 3.39108 224 80 3 217 153
962 4236 10.44283 0.01649 0.12450 1.00949 165 143 16 154 126
972 4244 10.96688 0.02179 0.19402 0.98158 107 75 25 105 84
1864 4457 11.20748 0.01387 10.60661 0.90049 76 0 0 74 63
1876 4468 10.39770 0.02699 10.05536 1.41278 91 0 0 89 85
910 4199 11.41509 1.06317 0.24069 2.45798 132 88 35 128 74
1798 4406 11.85898 0.46166 0.30793 1.94541 162 119 2 162 128
1787 4388 10.85736 1.16898 0.37619 1.79406 218 179 1 218 185
1955 4530 10.25962 0.03967 10.32054 3.84593 80 0 0 69 65
1038 4261 11.36001 0.90229 0.17209 1.08751 113 98 6 113 93
1987 4554 11.06692 0.03716 0.90561 1.94038 70 3 0 63 53
2012 4566 10.21233 1.21747 0.66468 1.53161 414 83 40 412 381
3418 4568 11.61788 1.87514 0.71290 1.37402 266 63 14 262 187
1902 4478 10.28896 0.01911 1.25829 0.73382 95 1 0 86 81
1871 4463 10.08523 0.01647 0.65900 1.04493 55 10 2 41 38
988 4239 10.56721 0.01697 10.32829 1.00949 91 0 0 91 82
2008 3409 10.09309 2.90685 0.23353 2.60459 246 236 3 241 137
991 4241 10.65182 0.01536 10.59125 0.92154 134 0 0 131 122
1792 4388 11.09643 0.87569 0.30884 1.39493 155 131 4 152 128
907 4197 11.84313 1.31813 0.16117 2.52584 152 75 60 148 93
2018 4577 11.79739 1.46103 0.70433 4.86003 129 88 4 127 62
1845 4423 10.03944 0.01190 0.53640 0.71382 147 78 3 138 123
1833 4428 10.89598 0.00736 0.35531 0.30774 120 88 0 114 106
915 4203 11.55690 0.62720 0.31226 2.89800 143 89 42 139 92
1861 4438 10.71111 0.01766 10.71585 0.65012 95 0 0 93 79
1915 4491 10.29585 0.08084 10.12293 3.23967 67 0 0 63 58
1800 4406 10.64921 0.35751 0.19851 1.54662 196 146 1 190 166
3359 4617 10.55261 3.08446 0.29589 2.37866 167 109 3 163 121
3419 4582 10.61624 1.85010 0.55498 3.86635 171 75 11 169 67
1032 4276 11.68811 0.54189 0.11571 1.38593 194 152 2 182 157
1818 4400 11.67105 0.03280 0.38726 1.68934 167 146 14 157 107
951 4209 10.20779 0.05337 0.56657 2.90461 156 40 49 153 107
1050 4268 11.40344 1.48604 0.29995 1.06790 205 155 18 203 138
3336 4614 11.18141 2.85533 0.03623 2.21947 132 114 9 124 100
1964 4555 11.83696 0.02242 1.45418 1.25648 113 0 0 103 88
989 4240 10.18471 0.01666 10.00486 0.98357 88 0 0 81 73
933 4186 11.61900 1.06941 0.10856 3.75880 170 33 12 162 104
3318 4631 11.65608 1.98073 0.71207 5.76925 154 46 0 152 68
2015 4566 11.82640 1.35950 0.81987 2.83600 258 26 4 256 166
