0.06241 0.05228 0.00279
0.02503 0.05791 0.02097
0.01898 0.04233 0.01998
0.02001 0.04094 0.02010
0.02900 0.03980 0.00855
0.00914 0.01585 0.01843
0.01795 0.03838 0.02387
0.00798 0.01499 0.00066
0.01902 0.04648 0.01982
0.01970 0.04546 0.00535
0.02471 0.04772 0.01774
0.01309 0.03428 0.01965
0.02433 0.05324 0.00921
0.01013 0.01255 0.00799
0.02430 0.03624 0.01915
0.02363 0.04572 0.01993
0.02219 0.04344 0.01122
0.00709 0.01121 0.00068
0.02459 0.04465 0.01305
0.00783 0.02036 0.02202
0.00351 0.00358 0.02584
0.00850 0.01424 0.01046
0.00394 0.00449 0.00045
0.02014 0.04438 0.01806
0.00698 0.01178 0.01266
0.02661 0.07343 0.02010
0.00787 0.00915 0.01897
0.00791 0.01301 0.00066
0.02151 0.04619 0.00522
0.01325 0.01878 0.01211
0.01864 0.03882 0.00250
0.02748 0.05640 0.01022
0.02363 0.04100 0.01469
0.02195 0.04133 0.01590
0.02807 0.05108 0.01987
0.01186 0.01886 0.00288
0.02130 0.04378 0.01269
0.02939 0.03796 0.01867
0.00822 0.01626 0.01874
0.00694 0.01200 0.01855
0.01965 0.03584 0.00598
0.02263 0.05027 0.00390
0.01021 0.01894 0.01891
0.00940 0.01658 0.00553
0.00808 0.01207 0.01837
0.02518 0.04617 0.00832
0.00638 0.00674 0.00790
0.04214 0.04951 0.01895
0.01882 0.03926 0.01922
0.01031 0.01884 0.00530
0.01313 0.02350 0.00062
0.01047 0.01301 0.01397
0.00315 0.00384 0.01829
0.01198 0.01766 0.00168
0.01380 0.02518 0.01260
0.01153 0.01848 0.01896
0.01956 0.03006 0.01145
0.01176 0.01547 0.01891
0.00709 0.01185 0.01880
0.01958 0.03494 0.00728
0.02747 0.04611 0.00402
0.01289 0.01801 0.01776
0.02431 0.05126 0.01942
0.00769 0.01381 0.00095
0.02261 0.03981 0.01914
0.00522 0.00968 0.01024
0.03719 0.03509 0.00704
0.02401 0.04121 0.02337
0.00585 0.00594 0.00262
0.00556 0.00988 0.01823
0.00687 0.01537 0.01835
0.01893 0.04438 0.01951
0.00422 0.00616 0.02157
0.00688 0.01266 0.00234
0.00891 0.01767 0.00470
0.02813 0.04149 0.00281
0.00670 0.01076 0.01844
0.00785 0.01444 0.00154
0.01909 0.03770 0.01546
0.00518 0.00968 0.02055
0.02308 0.07207 0.01911
0.02174 0.05100 0.01024
0.02454 0.03583 0.02023
0.00621 0.00827 0.01196
0.01109 0.01800 0.01952
0.02566 0.04407 0.00831
0.02730 0.04045 0.00866
0.01016 0.01656 0.00070
0.02388 0.04387 0.00996
0.02081 0.05927 0.01891
0.01176 0.01854 0.00900
0.00559 0.00988 0.00066
0.01094 0.01722 0.00712
0.02394 0.04116 0.00315
0.01588 0.02962 0.03290
0.00272 0.00307 0.01673
0.01911 0.03289 0.01958
0.01360 0.01885 0.00866
0.00517 0.00968 0.01400
0.02432 0.04676 0.00635
0.02041 0.03926 0.01978
0.02279 0.05150 0.00717
0.00812 0.01500 0.00305
0.01149 0.02614 0.02237
0.00585 0.00998 0.00119
0.02016 0.04425 0.02250
0.01982 0.04517 0.00523
0.00930 0.01190 0.00888
0.00775 0.01487 0.00066
0.00596 0.00771 0.00137
0.00945 0.01138 0.01415
0.00726 0.01418 0.01838
0.00276 0.00285 0.00984
0.02152 0.04911 0.01894
0.02921 0.04964 0.00270
0.03187 0.04618 0.02060
0.02378 0.03973 0.00205
0.01006 0.01251 0.01860
0.01901 0.04039 0.01572
0.00736 0.01455 0.01846
0.02164 0.04212 0.01941
0.02253 0.04964 0.01853
0.01916 0.04509 0.02363
0.02651 0.05167 0.01901
0.02448 0.03370 0.02229
0.00744 0.01199 0.01849
0.01891 0.04454 0.01241
0.02320 0.03376 0.02265
0.01149 0.01919 0.01931
0.02339 0.03889 0.00689
0.01894 0.04317 0.02408
0.02358 0.03939 0.01262
0.02235 0.03645 0.01110
0.00524 0.00990 0.00592
0.02392 0.04493 0.00469
0.02446 0.04192 0.00877
0.03027 0.04111 0.01938
0.01642 0.02237 0.00670
0.00857 0.01819 0.00069
0.02366 0.03983 0.00604
0.01209 0.01630 0.00077
0.02369 0.04187 0.01072
0.01933 0.04478 0.02023
0.00859 0.01506 0.00420
0.01244 0.01917 0.02462
0.00815 0.01315 0.02602
0.02050 0.04499 0.01997
0.02353 0.03617 0.01909
0.00701 0.01558 0.01867
0.02121 0.04025 0.00160
0.02220 0.05727 0.00558
0.02861 0.04515 0.02323
0.01000 0.01838 0.00335
0.02655 0.06602 0.01878
0.01968 0.04858 0.02342
0.00975 0.01745 0.01997
0.01926 0.04410 0.02427
0.00963 0.01863 0.02136
0.00280 0.00315 0.01939
0.00539 0.01025 0.00548
0.00553 0.00950 0.00062
0.00792 0.01174 0.00076
0.00834 0.01599 0.01843
0.00296 0.00301 0.00231
0.00945 0.01368 0.02036
0.00805 0.01198 0.00063
0.01232 0.01646 0.00105
0.00763 0.01187 0.00407
0.00518 0.00571 0.00107
0.01253 0.01606 0.00171
0.03171 0.04314 0.02014
0.00946 0.01735 0.02230
0.01879 0.04023 0.01960
0.02204 0.04338 0.00603
0.00663 0.01053 0.01844
0.00695 0.01122 0.00317
0.00609 0.01285 0.01840
0.00358 0.00381 0.01496
0.01926 0.04538 0.00445
0.00522 0.01002 0.00071
0.03022 0.04732 0.01238
0.01913 0.04556 0.00302
0.02778 0.04127 0.00134
0.01910 0.04397 0.01937
0.01214 0.03075 0.01849
0.01978 0.04501 0.01256
0.00512 0.00598 0.02242
0.02064 0.04071 0.01166
0.01892 0.04578 0.00899
0.00992 0.01736 0.00360
0.01979 0.04561 0.02052
0.01829 0.03922 0.01983
0.00946 0.01767 0.01840
0.01969 0.04134 0.01908
0.02121 0.05294 0.01900
0.02085 0.04489 0.00554
0.01954 0.03725 0.02189
0.01843 0.04101 0.01902
0.02157 0.04697 0.01958
0.00522 0.00994 0.00108
