115 1547 10.74453 1.81495 0.11104 4.35325 346 68 52 344 214 824 100.00000 0
2449 3377 11.51103 1.06393 0.12994 2.54883 274 38 100 274 129 791 100.00000 0
371 2423 11.23183 1.47320 0.14758 1.70042 218 65 31 218 151 530 100.00000 0
578 3561 10.68366 1.14106 0.02781 1.48121 745 294 134 745 628 1435 100.00000 0
525 3499 10.48394 0.06692 0.20997 0.67666 160 31 17 152 117 537 100.00000 0
2334 3288 10.21449 0.60180 0.06807 1.74988 392 83 59 377 277 1018 100.00000 0
391 2423 11.78355 1.43327 1.38545 3.25281 264 65 69 262 106 897 100.00000 0
1403 3556 10.73074 2.22336 0.13588 0.80015 576 205 76 574 490 1134 100.00000 0
15 4449 11.54991 0.30032 0.12905 0.91129 239 52 26 239 171 889 100.00000 0
591 1415 10.97019 3.09723 0.14598 0.58215 213 31 19 213 168 708 100.00000 0
595 1404 10.35491 2.30808 0.26773 1.14808 488 134 57 486 374 1040 100.00000 0
444 3427 10.04481 0.90278 0.18107 1.11978 537 204 107 537 421 1100 100.00000 0
523 3550 11.45851 1.08776 0.16097 2.46005 316 86 73 316 220 721 100.00000 0
595 1405 10.42108 2.35133 0.23917 1.14500 470 120 68 470 353 1038 100.00000 0
1386 3550 10.00667 2.22747 0.08303 1.40416 631 296 112 629 526 1247 100.00000 0
2335 3263 10.68921 1.68586 0.05235 2.77911 436 179 75 432 195 965 100.00000 0
572 1420 10.90436 1.95009 0.15315 1.56398 246 53 58 244 174 700 100.00000 0
410 3398 10.06667 0.08351 0.29394 2.63091 391 99 82 389 254 1246 100.00000 0
595 1408 10.75489 2.49652 0.15202 0.54608 505 111 61 505 417 1162 100.00000 0
858 3768 10.49101 0.04389 0.07976 2.18283 247 42 49 243 148 801 100.00000 0
571 1421 11.45938 1.88885 0.08420 1.49724 133 22 38 133 107 485 100.00000 0
547 3502 10.88783 0.11507 0.22108 1.36171 305 70 42 298 176 733 100.00000 0
413 3441 10.15621 1.24783 0.77593 4.49667 470 136 86 468 181 1085 100.00000 0
83 4512 11.02520 0.03714 0.12919 0.88911 222 53 33 218 157 804 100.00000 0
551 3501 11.73357 0.11499 0.25187 1.35566 217 50 12 217 119 547 100.00000 0
158 1616 11.69931 0.12112 0.17260 0.65849 177 32 53 173 119 618 100.00000 0
754 3668 10.93412 1.51079 0.21791 2.03855 348 91 56 348 207 839 100.00000 0
532 3553 10.10113 1.22467 0.08386 2.19909 576 216 104 576 451 1113 100.00000 0
556 1407 11.72521 2.51256 0.09734 1.30806 353 134 63 347 294 799 100.00000 0
428 2456 10.19883 1.06349 0.15412 4.82515 446 161 123 440 187 1091 100.00000 0
2464 3402 11.17440 0.09188 0.26594 2.38080 404 99 67 401 199 1023 100.00000 0
544 3557 11.21174 1.41059 0.09604 1.63590 412 123 87 409 327 941 100.00000 0
2455 3388 11.07632 0.61450 0.18625 2.69907 396 82 54 390 286 1154 100.00000 0
5 4431 10.81164 0.89906 0.55811 2.75492 482 145 89 482 252 1022 100.00000 0
447 3464 11.48221 0.02016 0.05212 1.11347 425 146 92 425 351 936 100.00000 0
1540 4534 11.82773 3.13185 0.09682 3.91807 364 145 60 360 241 838 100.00000 0
395 3377 11.00395 1.18611 0.26509 2.80603 382 94 111 382 173 905 100.00000 0
717 3679 11.35865 0.62154 0.39665 2.79344 317 57 69 315 186 888 100.00000 0
2328 3273 10.71687 1.61371 0.28650 3.01181 343 83 74 339 199 781 100.00000 0
428 3408 11.76796 1.05132 0.19159 4.25763 334 139 73 328 190 923 100.00000 0
378 3364 11.72483 1.59149 0.14982 1.77674 167 39 32 162 106 600 100.00000 0
786 3713 10.60311 0.03818 0.09231 0.81709 273 79 47 263 208 751 100.00000 0
749 3662 11.42045 1.29293 0.35256 2.57846 258 61 60 258 128 742 100.00000 0
417 3446 11.29783 1.13541 0.24795 2.17403 458 106 93 451 307 1024 100.00000 0
2466 3407 10.19850 0.06239 0.20522 3.49480 230 77 30 228 95 648 100.00000 0
92 1565 10.98516 1.94637 0.14673 1.25429 398 123 78 394 317 976 100.00000 0
958 3841 10.50947 1.13182 0.05105 0.37534 493 186 140 491 413 973 100.00000 0
915 3836 10.34230 0.02788 0.04284 0.68813 213 60 42 209 159 551 100.00000 0
666 3624 11.09642 0.00355 0.17012 0.18131 274 88 59 274 233 1355 100.00000 0
1416 3551 11.15230 3.09194 0.12383 0.47642 198 51 37 196 154 768 100.00000 0
562 1406 11.63728 2.56523 0.21561 1.34115 280 85 58 280 240 755 100.00000 0
419 2452 10.01915 0.50459 0.11212 1.48622 534 234 60 526 471 1138 100.00000 0
877 3784 11.97781 0.06473 0.18791 0.67840 570 198 90 563 439 1341 100.00000 0
751 3666 10.34155 1.39535 0.37394 2.70863 324 101 84 324 144 786 100.00000 0
391 3369 11.88995 1.48783 1.43077 3.14660 355 55 101 355 133 999 100.00000 0
516 580 11.61045 0.55335 0.14154 2.11230 195 34 34 193 135 635 100.00000 0
475 3464 11.97015 0.01877 0.11675 0.41307 232 58 29 229 182 612 100.00000 0
148 1576 11.63775 0.08388 0.21258 1.86299 247 29 17 247 185 684 100.00000 0
1408 3554 10.14746 2.55443 0.14969 0.29608 596 211 71 596 506 1192 100.00000 0
667 3607 11.56704 0.01346 0.14441 0.72524 219 64 51 211 168 1264 100.00000 0
131 4532 10.50841 1.54555 0.10378 0.84580 506 56 23 500 414 1178 100.00000 0
405 3389 11.91620 0.55190 0.12158 3.43786 201 41 38 199 110 860 100.00000 0
125 4540 10.85627 1.44683 0.29115 1.84907 530 96 34 522 408 1159 100.00000 0
102 4520 11.13582 0.32612 0.09370 1.00717 264 62 37 264 193 742 100.00000 0
2432 3403 10.70970 0.94258 0.49655 2.58513 441 176 122 441 264 1017 100.00000 0
511 3528 11.00628 0.18681 0.32074 1.58412 420 62 56 420 302 855 100.00000 0
826 3745 11.94841 0.05989 0.05546 0.75069 159 28 35 157 106 634 100.00000 0
471 3461 11.28026 0.02688 0.11749 0.93461 169 41 31 167 118 594 100.00000 0
194 1619 11.49547 0.08180 0.17562 0.06256 356 93 40 351 291 733 100.00000 0
541 3503 10.04788 0.11372 0.18200 1.22109 269 51 42 265 172 659 100.00000 0
18 4453 11.70835 0.16095 0.18846 1.30446 246 61 32 241 179 879 100.00000 0
1399 3532 11.38021 2.97869 0.08456 0.75173 200 43 38 196 163 581 100.00000 0
772 3695 11.96207 0.07969 0.21902 1.95845 480 147 107 478 334 1101 100.00000 0
576 1389 11.68375 3.02322 0.02484 0.50822 236 80 44 234 194 685 100.00000 0
518 3542 10.83686 0.61577 0.17867 1.98229 199 28 28 193 134 598 100.00000 0
2439 3364 11.02399 0.96576 0.85507 3.45275 404 105 76 402 210 1014 100.00000 0
412 3442 10.95368 1.31661 0.25242 4.76411 342 92 63 337 159 905 100.00000 0
569 1407 10.30924 2.58635 0.16746 1.71006 470 199 86 468 397 949 100.00000 0
439 3459 11.71112 0.04273 0.12243 0.70554 346 68 71 346 231 927 100.00000 0
874 3782 11.16013 0.05782 0.10533 0.39167 551 199 101 549 464 1200 100.00000 0
132 4537 11.66718 1.54946 0.26711 2.08844 476 30 25 476 337 970 100.00000 0
597 1402 11.24369 2.15792 0.27871 1.31671 505 120 58 505 391 994 100.00000 0
2452 3428 11.20538 0.70663 0.38765 3.08248 462 190 61 458 244 1014 100.00000 0
425 2479 11.64363 0.88348 0.48516 5.82659 217 66 60 213 101 689 100.00000 0
1388 3542 10.64649 2.75023 0.05072 1.48359 427 179 84 421 341 1006 100.00000 0
492 3499 10.18538 0.04577 0.14745 2.44088 157 32 34 155 85 528 100.00000 0
659 3601 10.89804 0.02354 0.09469 1.32943 259 72 59 257 206 1038 100.00000 0
2379 3312 11.17297 0.02863 0.06926 0.50668 322 75 66 311 275 833 100.00000 0
219 1633 10.33262 1.44979 0.05234 0.61612 693 363 88 687 632 1199 100.00000 0
582 1383 11.27619 2.64342 0.03005 2.02835 432 169 52 432 333 989 100.00000 0
2388 3344 11.19975 0.02217 0.18646 1.27042 257 49 59 253 185 1009 100.00000 0
1410 3527 10.31118 2.41201 0.09879 1.84356 505 247 62 505 415 1077 100.00000 0
737 3657 10.15225 0.52011 0.17686 2.06810 484 132 126 480 339 1242 100.00000 0
2469 3445 11.11509 1.54966 0.79460 6.14797 137 17 16 133 44 595 100.00000 0
429 2479 11.43009 1.10903 0.35877 4.96444 388 170 76 388 244 880 100.00000 0
7 4432 11.96482 0.87808 0.43920 2.35817 381 124 76 379 236 929 100.00000 0
381 3364 11.64073 1.58401 0.16191 1.64330 315 100 62 315 203 906 100.00000 0
149 1578 11.24811 0.07916 0.18196 1.73054 318 55 22 318 266 807 100.00000 0
213 1630 10.02511 1.19971 0.03727 0.40926 528 261 72 523 482 979 100.00000 0
681 3636 10.07453 0.02479 0.07611 1.37031 273 71 64 273 216 955 100.00000 0
727 3693 11.66185 1.53192 0.24140 2.68365 288 68 61 288 113 778 100.00000 0
564 3557 10.75864 1.39588 0.11997 1.52624 428 135 80 426 317 992 100.00000 0
1398 3535 10.94358 3.08101 0.06705 0.93083 344 135 73 344 306 836 100.00000 0
213 1649 11.10205 1.46747 0.10901 1.33031 473 134 144 473 396 880 100.00000 0
510 565 11.20023 0.14017 0.28407 2.17223 390 55 48 388 223 824 100.00000 0
421 3447 10.49148 0.91149 0.09687 0.83790 459 153 53 459 396 949 100.00000 0
542 595 10.21960 1.32607 0.16619 1.81359 637 198 139 633 485 1288 100.00000 0
509 563 11.52826 0.13012 0.27942 2.06583 211 39 29 199 116 574 100.00000 0
598 3532 10.25474 1.26658 0.32861 1.89052 567 240 127 567 425 1214 100.00000 0
740 3700 10.65723 1.01638 0.04112 1.03060 624 266 122 624 523 1180 100.00000 0
2449 3380 10.40104 0.92095 0.22088 2.10431 495 171 136 495 277 1069 100.00000 0
736 3656 10.57821 0.46328 0.10384 1.67164 331 78 97 329 197 1020 100.00000 0
702 3658 11.19489 0.03453 0.06888 0.39762 542 136 167 542 437 1158 100.00000 0
405 2442 10.16858 0.40647 0.23700 2.97664 410 112 69 406 270 1231 100.00000 0
2436 3360 11.51892 0.82616 0.18206 1.64521 445 135 97 445 312 1014 100.00000 0
2447 3373 11.76464 1.16633 0.22359 2.34685 262 54 72 256 109 713 100.00000 0
515 576 10.93095 0.36941 0.13880 2.32170 322 71 36 318 192 786 100.00000 0
521 586 11.14252 0.89090 0.17421 2.34017 189 33 33 189 121 590 100.00000 0
714 3644 11.58707 0.01470 0.07762 0.38257 290 69 65 290 226 844 100.00000 0
125 1551 10.88796 1.29487 0.10560 1.83398 428 72 47 421 301 1046 100.00000 0
2359 3280 11.60974 0.91132 0.43075 1.88865 219 59 25 219 123 704 100.00000 0
593 3518 10.65518 1.28173 0.08919 2.87766 571 170 118 567 420 1135 100.00000 0
546 3557 11.21914 1.41025 0.08272 1.61568 451 148 104 451 362 919 100.00000 0
97 1552 11.90716 2.58595 0.37847 2.45734 220 50 44 214 118 752 100.00000 0
90 1564 11.94260 2.02168 0.16940 1.11978 324 120 42 320 254 855 100.00000 0
392 2424 11.74396 1.40119 1.14679 3.20809 251 66 48 251 109 746 100.00000 0
601 3538 10.76442 1.13034 0.16258 1.21338 718 318 110 718 621 1342 100.00000 0
945 3855 10.68365 0.34359 0.01803 0.53887 218 77 33 218 182 682 100.00000 0
503 3487 10.36291 0.04223 0.14891 2.06222 313 97 70 310 223 820 100.00000 0
405 3433 10.01999 1.05772 0.06380 5.00766 361 98 97 361 165 925 100.00000 0
2342 3260 11.49206 1.57446 0.05163 3.02181 369 118 64 367 196 865 100.00000 0
2473 3443 10.71559 1.51622 0.71608 5.10584 334 84 72 334 114 765 100.00000 0
396 2431 10.60505 1.07662 0.32741 2.92208 468 139 56 466 307 1032 100.00000 0
800 3726 10.08626 0.02419 0.12187 0.33102 375 90 111 375 298 937 100.00000 0
741 3657 11.69153 0.75466 0.14769 2.85814 243 40 47 241 121 861 100.00000 0
603 3541 11.22881 1.01205 0.21395 1.81143 513 175 64 509 417 1105 100.00000 0
564 1409 10.85084 2.42396 0.13810 1.65942 392 121 82 392 315 857 100.00000 0
106 4540 10.55858 0.55062 0.12167 1.52213 370 82 87 364 225 1099 100.00000 0
551 1411 11.18623 2.29926 0.08112 1.59225 360 138 48 358 307 775 100.00000 0
91 1562 11.53892 2.13203 0.25024 1.43913 468 174 84 468 305 1087 100.00000 0
400 3383 11.69340 0.89346 0.25604 2.96716 457 135 108 453 228 1103 100.00000 0
539 1417 11.51541 1.94865 0.11171 1.72465 143 16 39 141 113 564 100.00000 0
818 3739 11.86804 0.05403 0.16066 0.76719 52 10 12 50 37 401 100.00000 0
1578 4537 11.65490 1.63819 0.28476 1.63159 487 101 43 479 345 1049 100.00000 0
741 3702 11.61325 0.95157 0.14496 1.06459 503 196 93 503 379 1060 100.00000 0
743 3701 10.10380 0.82626 0.15944 1.67888 569 178 126 565 454 1124 100.00000 0
495 3480 11.73798 0.02048 0.20176 0.32021 212 26 40 208 152 656 100.00000 0
26 4463 11.34854 0.02353 0.04550 0.82992 175 63 34 175 130 563 100.00000 0
588 1378 11.81548 2.20251 0.12871 1.06054 400 124 66 396 290 899 100.00000 0
566 1403 11.69155 2.72289 0.27752 1.37515 262 89 70 260 209 684 100.00000 0
698 3653 10.73586 0.02149 0.06992 0.27411 260 75 61 257 203 768 100.00000 0
2432 3404 11.20678 0.95801 0.51483 2.67518 347 112 94 345 179 969 100.00000 0
590 1382 10.80670 2.13124 0.07404 1.50350 568 212 141 564 447 1097 100.00000 0
595 3519 11.19941 1.36407 0.07422 2.79120 512 205 88 510 361 1086 100.00000 0
12 4445 11.12199 0.44621 0.21127 0.79623 396 71 28 394 304 1056 100.00000 0
619 3565 10.61115 0.01832 0.13414 0.96712 275 45 89 273 191 1156 100.00000 0
1385 3554 10.85013 1.97478 0.11124 1.09896 595 226 95 593 515 1203 100.00000 0
621 3587 10.80721 0.01343 0.07016 0.12820 109 20 15 107 79 911 100.00000 0
1575 4529 10.71214 1.66072 0.35211 1.39634 656 224 128 656 455 1247 100.00000 0
719 3681 10.97407 0.77446 0.34768 2.94211 288 50 70 281 151 867 100.00000 0
1418 3522 11.60818 1.88990 0.23101 1.98643 172 29 21 168 142 548 100.00000 0
919 3839 10.00787 0.03057 0.17279 0.95203 284 89 44 280 231 706 100.00000 0
708 3665 10.80542 0.01654 0.16467 0.61102 744 255 213 744 591 1514 100.00000 0
600 3536 10.63680 1.19250 0.40392 1.70433 531 266 87 531 441 1087 100.00000 0
552 1416 11.26247 2.00088 0.06746 1.86634 271 66 55 267 199 820 100.00000 0
1390 3540 10.87568 2.87580 0.09107 1.02488 389 119 78 387 345 878 100.00000 0
221 1636 10.07077 1.52997 0.07634 0.78733 392 111 108 388 308 801 100.00000 0
546 3502 10.88827 0.11496 0.23568 1.31462 292 48 37 287 183 735 100.00000 0
523 588 10.95953 1.01092 0.19659 2.38064 355 68 74 355 245 798 100.00000 0
650 3611 10.98224 0.02716 0.12451 1.40221 218 85 40 218 172 1100 100.00000 0
565 1420 11.70149 1.83120 0.16874 1.88948 118 27 17 116 73 496 100.00000 0
582 3562 10.30517 0.93559 0.23106 2.12780 586 156 69 581 418 1144 100.00000 0
792 3718 11.26078 0.01629 0.10368 0.69942 243 55 47 234 164 830 100.00000 0
567 1414 10.14103 2.16253 0.14678 2.23037 356 136 59 353 274 769 100.00000 0
370 2439 11.62313 0.64640 0.23385 1.32293 298 26 16 292 227 700 100.00000 0
1558 4527 10.29856 2.35834 0.04516 1.76303 528 226 73 523 327 1159 100.00000 0
478 3488 10.80364 0.01575 0.12775 0.64285 317 59 83 309 224 807 100.00000 0
835 3775 10.17397 0.07998 0.30105 1.58387 482 104 79 482 300 992 100.00000 0
535 3556 11.07096 1.37410 0.04573 1.63399 355 107 82 351 274 842 100.00000 0
1402 3527 11.84386 2.78534 0.07743 1.21144 259 83 52 259 211 669 100.00000 0
1420 3539 10.52194 2.19549 0.15932 0.80939 238 67 56 236 199 700 100.00000 0
508 558 11.79446 0.12236 0.49870 1.55469 202 44 17 198 121 579 100.00000 0
513 3531 10.48913 0.23966 0.20062 1.46233 264 36 48 262 182 718 100.00000 0
539 3502 10.76934 0.11422 0.27569 1.25990 227 45 29 227 139 670 100.00000 0
514 577 11.75332 0.41583 0.21546 2.42334 205 30 27 197 103 712 100.00000 0
558 3501 11.84659 0.11612 0.35026 1.49305 178 28 5 178 110 495 100.00000 0
377 3366 10.89388 1.57292 0.23129 2.41038 130 16 21 127 70 557 100.00000 0
560 1417 11.27358 1.95091 0.15978 1.96921 157 30 24 157 107 635 100.00000 0
464 3455 10.16057 0.01633 0.08113 0.91643 482 168 113 472 396 1237 100.00000 0
501 3509 10.82882 0.02260 0.20214 0.79623 263 40 59 255 202 859 100.00000 0
1403 3534 10.20601 2.89883 0.08205 1.04642 442 172 81 440 358 911 100.00000 0
106 1579 10.98190 1.08515 0.07635 1.25834 585 121 61 585 475 1168 100.00000 0
2455 3432 10.65047 1.00399 0.22481 4.50311 389 181 80 389 238 1011 100.00000 0
533 3500 11.83555 0.10438 0.16802 0.94874 154 41 17 146 118 529 100.00000 0
41 4479 10.39581 0.02173 0.09515 0.47724 411 147 55 407 336 1135 100.00000 0
964 3856 10.91288 1.47447 0.16767 1.22141 399 43 53 399 273 1050 100.00000 0
100 4538 10.44230 0.21965 0.07225 1.05758 451 148 82 449 347 1080 100.00000 0
557 3557 11.15820 1.40951 0.09910 1.52572 393 124 97 393 299 968 100.00000 0
