578 5020 11.43621 3.12303 12.10665 178.93578 4 0 0 1 1
136 5376 11.92129 3.12279 2.01531 4.08581 7 1 0 3 2
92 159 10.90026 0.22630 5.77001 6.96959 15 0 0 10 6
788 3842 10.74027 3.10179 1.78872 2.86252 10 0 0 4 2
3639 4606 10.30963 0.03521 0.31737 1.10959 61 54 7 56 32
644 4962 10.71149 3.05329 1.04408 1.92234 19 3 0 17 10
243 1953 11.63800 0.24712 0.50295 0.55743 40 33 6 30 22
3712 4655 11.93130 0.31879 0.47424 0.64771 16 13 3 12 8
2004 5259 11.67707 2.98746 2.32746 1.76392 11 0 0 5 6
2145 5124 10.08740 2.92687 0.80362 1.02984 16 6 2 10 4
1550 3198 11.41989 0.02848 0.59287 0.65312 35 32 3 33 18
2533 4712 11.80353 3.12994 1.67177 2.19267 14 0 0 7 7
833 2494 10.30965 0.05381 0.45368 0.29739 41 35 6 30 20
1007 2700 10.46347 0.00817 0.37669 0.39958 57 53 3 51 37
615 4004 10.56244 3.14075 1.60380 1.45266 18 1 0 16 7
1661 3312 11.31256 0.10250 0.37824 1.01414 34 25 6 27 18
403 2100 11.47804 0.09983 0.50455 1.35912 22 14 6 17 6
1534 3208 11.67620 0.03358 0.19073 0.61929 27 24 3 25 14
589 2288 10.95919 0.02587 0.34840 0.72578 43 33 5 30 19
550 5029 10.41016 3.09732 1.34549 3.78910 18 1 3 13 8
842 3783 11.93545 3.09398 1.66580 1.96722 9 0 0 9 5
2390 4890 11.60265 3.13811 2.87952 3.31127 8 0 0 5 3
743 4861 10.88555 3.13681 1.55776 1.97199 11 4 2 9 2
2261 4049 11.76058 3.13964 0.90828 2.47021 9 2 0 3 4
3813 4777 10.23002 0.03804 0.45382 0.09691 34 26 8 34 15
654 4922 10.28362 2.40536 1.80684 2.42301 50 7 0 43 24
582 2262 11.35520 0.02476 0.55193 0.76208 41 32 5 41 19
446 5121 10.31008 2.89163 1.05789 0.93041 17 4 1 17 7
2044 5244 10.66355 3.06308 1.49584 1.51336 40 13 11 25 11
1946 5329 11.74434 2.73203 1.14145 1.05795 14 3 1 6 6
976 2666 10.07307 0.03653 0.47034 0.67435 17 15 0 14 11
2489 4763 11.74640 3.07237 2.33156 3.15678 9 0 0 7 4
2104 5181 10.10429 3.05098 0.84533 1.24490 5 2 1 2 2
895 3724 11.70746 3.12927 0.58091 2.91873 10 4 0 7 5
438 2153 11.04805 0.07786 0.38012 0.65372 20 16 4 20 9
1000 2693 10.87926 0.02734 0.38269 0.92577 43 33 7 39 19
2282 4025 11.86480 3.13588 2.83980 1.98485 35 0 2 17 10
560 2244 10.34940 0.03513 0.58544 0.73807 36 31 3 23 15
675 3936 10.04436 2.55379 1.18671 2.89151 12 3 1 9 2
709 2368 10.67656 0.21330 0.85467 0.79721 21 11 6 15 6
2515 4752 11.43473 3.11735 0.54678 1.55595 8 5 0 2 1
3708 4652 11.12419 0.34071 0.43547 1.44456 34 29 5 30 12
356 2078 11.90709 0.05991 1.06581 1.04230 16 8 1 6 5
569 5026 10.00868 3.08333 1.39201 1.91724 8 0 0 3 2
674 2373 11.86279 0.45703 1.14085 0.56924 14 0 0 5 3
678 3930 11.71887 2.60869 0.68706 2.55052 10 5 2 3 2
2382 3936 10.91116 3.11171 2.31966 2.75762 9 7 0 6 6
925 2581 11.68842 0.04156 0.71740 1.47777 16 12 4 16 7
2572 4686 10.71264 3.08337 1.50353 1.91418 6 3 1 1 3
97 5378 11.99398 3.12519 11.94911 21.57601 8 0 0 5 5
1947 5320 11.05873 2.74457 1.39204 1.83590 27 1 1 23 9
610 4970 11.35571 3.12428 1.02140 2.08732 21 1 0 14 8
2340 3950 11.63911 2.28591 0.82757 1.96563 22 3 3 10 10
4168 5099 11.64545 0.61028 0.47548 1.66671 35 11 8 33 12
4058 5007 10.84930 0.01445 0.43131 0.30390 21 16 1 12 6
2174 5107 10.02640 3.08997 0.80439 1.59348 37 15 7 28 13
544 4094 10.20710 3.12869 1.05299 3.41237 15 7 0 13 5
437 5144 11.77698 3.00304 10.81541 172.06180 10 1 1 6 2
2493 4778 11.12138 3.11368 1.21029 2.18910 24 10 3 17 14
2427 3891 11.61145 3.12966 1.50833 1.92945 48 12 1 40 14
2355 3931 11.53232 2.54781 1.44110 1.82735 5 2 0 1 3
650 3998 11.78803 2.91330 1.24029 1.67398 21 7 3 11 3
1680 3388 11.48121 0.97328 0.93802 1.66836 44 13 2 39 24
841 3785 11.07551 3.09259 1.27855 1.64354 10 1 1 2 3
2172 5113 11.52031 3.11062 1.16148 0.76361 22 2 4 18 9
2250 4062 11.78848 3.13045 1.65097 1.51878 7 0 0 7 2
2526 3783 10.31615 3.13565 0.90343 1.78268 11 4 2 7 3
778 2458 10.79463 0.02716 0.61096 0.50202 21 15 5 19 9
3596 4535 10.11508 0.09803 0.14454 1.22013 48 43 4 46 28
429 5150 10.65522 3.00195 0.73000 1.23035 13 6 3 13 4
2182 5092 11.76291 3.12019 0.50793 2.24838 18 4 4 11 4
2076 5190 11.97962 3.03250 5.80251 9.34860 9 0 0 1 4
4171 5108 11.75264 0.77976 0.52974 1.60864 43 22 3 41 17
2416 3900 10.24818 3.13990 1.13424 1.89981 26 14 3 19 12
3596 4561 10.82686 0.02832 0.60575 1.60961 42 30 9 39 19
663 4948 11.21786 2.65241 2.68387 3.25798 5 0 0 1 1
196 5351 11.16528 3.07223 0.95291 1.51051 26 7 8 22 6
1638 3280 11.84708 0.02932 0.58702 0.34150 43 33 7 35 24
2234 4100 10.59321 3.11914 0.94475 4.29446 17 5 2 9 5
3714 4658 11.05753 0.25151 0.42810 1.55091 24 21 0 19 13
1453 3101 10.51488 0.01896 0.53024 0.37639 33 13 13 21 12
613 4006 10.80174 3.13620 1.25540 1.77454 18 1 4 14 4
459 2172 10.93767 0.20373 0.58545 0.50358 42 34 4 42 24
674 3972 10.94729 2.84530 0.79842 1.93593 36 18 1 34 20
587 2287 11.72779 0.02617 0.65644 0.37639 40 28 5 34 22
206 1926 11.39087 0.56721 1.00909 0.69436 69 48 16 67 35
3876 4847 11.90419 0.00792 0.56839 0.83697 48 20 17 48 17
940 4629 11.60252 2.19801 0.92470 1.31254 62 43 10 52 30
531 2236 10.44393 0.01136 0.49423 0.90828 24 22 1 18 17
2332 4928 10.44883 2.51728 0.62189 2.21541 41 2 1 41 14
617 2316 10.64289 0.00780 0.73516 0.52190 26 14 2 21 10
4128 5070 11.75155 0.05453 0.56513 1.25305 11 8 2 9 4
4115 5059 11.25828 0.00781 0.28235 0.62870 20 17 1 16 13
2490 3826 10.80704 3.12297 1.20147 2.56094 9 1 0 5 5
687 2341 11.94929 0.71080 0.26158 1.12501 27 19 2 10 15
2070 5218 10.22833 3.08474 0.46101 1.31015 16 8 7 6 5
942 4632 11.85576 2.23617 0.47655 0.85957 41 35 3 35 22
461 4174 11.06802 2.00171 1.60486 2.12578 35 1 9 26 13
4071 5039 11.58759 0.05218 1.17850 1.70226 18 13 1 13 10
697 4909 11.46042 3.11627 0.82563 2.43751 5 2 0 3 3
592 4028 10.66870 3.12096 1.72654 2.17942 32 6 1 28 14
1553 3201 11.06317 0.02811 0.75587 0.49732 22 19 0 22 14
4153 5107 11.61201 0.35407 0.56195 1.54864 26 15 5 24 10
566 5013 10.95632 3.09711 1.52403 1.14808 21 1 0 16 7
677 2374 11.17772 0.39846 0.57858 1.38084 26 17 8 21 12
2430 4847 10.06805 3.12970 1.69766 1.77343 73 26 6 71 31
1021 2697 10.74601 0.00637 0.47240 0.58950 39 29 6 35 21
762 4843 10.68134 3.12868 1.04233 1.87053 48 18 6 44 18
697 3948 11.22365 3.10169 1.23132 1.30896 11 4 2 4 3
347 2069 10.25467 0.05346 1.04412 2.50014 24 5 3 20 11
639 2343 11.23128 0.59822 0.84772 1.41527 35 4 5 25 15
2577 3702 11.56777 2.89834 1.32842 2.37504 10 0 1 4 2
757 2420 10.30308 0.00808 0.38210 0.39167 60 53 6 57 30
761 4824 11.60918 3.12781 1.71709 3.02660 56 14 12 52 16
310 2037 11.00547 0.08125 0.47411 0.27695 28 18 8 18 6
1431 3074 11.13807 0.30732 0.53489 1.46500 17 10 2 15 8
905 4667 10.86729 3.05894 0.99270 2.85718 10 4 1 3 2
137 5378 11.90650 3.09767 14.19952 34.83028 8 4 0 4 5
4047 4996 11.62425 0.02259 0.35322 1.56072 45 41 2 37 24
2135 5132 10.26642 3.00705 1.38386 0.47230 23 0 0 19 6
2277 4031 11.83600 3.13328 1.52568 2.05100 34 0 1 21 19
468 4159 11.03084 2.53441 1.01411 1.23003 36 6 10 28 13
1480 3131 11.43637 0.03320 0.39151 0.31652 42 37 5 42 21
2214 4103 10.80985 3.08739 2.13706 3.42074 19 0 1 8 1
4160 5108 10.66491 0.48043 0.40013 1.17170 33 20 1 28 16
3718 4684 10.02011 0.03842 0.42966 0.80988 29 27 0 23 18
634 4945 11.14350 2.87061 1.61348 164.47359 16 3 0 3 4
788 4816 10.05842 3.11728 0.97473 2.62406 13 6 1 9 3
8 159 10.90026 0.22630 5.15355 6.20978 24 0 0 22 12
486 5098 10.34994 3.03570 1.16428 2.01887 15 9 6 15 7
2177 5097 11.62230 3.06622 1.16248 1.99253 20 9 2 15 9
494 4157 11.60848 2.97025 0.48454 2.20620 16 7 3 10 7
2357 4893 10.46996 2.60736 1.00914 0.73275 15 4 0 11 8
1613 3255 11.98887 0.02737 0.33632 0.69774 45 26 15 43 21
734 3888 11.81277 3.12974 1.21179 1.69073 21 3 1 9 5
257 5284 11.46593 2.95364 1.61440 1.54459 16 2 0 10 7
692 2349 10.51250 0.52118 0.45097 1.28725 31 23 7 26 17
2563 3720 11.41264 3.13139 1.51294 1.88741 20 0 4 8 7
824 3804 11.44454 3.07048 1.29178 2.24420 25 1 0 23 11
2182 4176 10.18623 2.29928 0.82850 2.15468 28 7 2 28 10
3705 4674 11.76040 0.23167 0.45948 1.37373 22 17 4 18 14
2195 4152 11.36919 3.03954 0.53466 1.68144 9 8 0 9 7
940 4638 10.44231 2.35295 0.77210 1.49829 50 37 3 37 21
634 3981 11.78940 2.81591 1.29799 2.57405 16 0 0 14 4
1 161 11.92404 0.22584 5.88595 6.86147 13 0 0 10 5
1457 3136 11.46753 0.06903 0.71489 1.04005 40 28 5 38 21
2541 3748 10.85111 3.07535 0.99223 2.06431 17 8 0 11 6
906 4666 10.64531 3.03913 1.30619 3.16001 14 7 0 12 3
1626 3269 10.47484 0.02782 0.98651 0.58884 37 19 13 26 15
2422 4856 10.96830 3.13239 0.83402 1.62751 20 6 7 14 3
153 5375 11.47355 2.95406 0.53008 0.84765 6 5 0 4 4
670 2369 11.19629 0.49906 0.48212 0.84116 12 6 2 7 5
3733 4679 10.39465 0.03934 0.27869 0.61485 23 19 3 13 7
1396 3081 11.00135 0.55455 0.59173 0.65372 32 22 7 20 13
3958 4939 10.66157 0.69696 0.46550 0.62495 59 53 4 57 42
2529 3762 10.92583 3.09764 1.75053 2.29473 14 1 0 7 4
796 4809 11.59035 3.10642 0.56751 2.01013 19 9 6 13 10
461 4184 11.81846 1.68117 0.52771 1.11557 29 14 8 12 8
541 2226 11.49723 0.02005 0.80363 1.32086 8 4 2 6 3
802 4802 10.86504 3.10626 0.51165 1.27595 25 6 18 25 6
700 3945 11.49248 3.11606 1.16946 2.54668 6 1 1 1 4
3652 4597 10.41791 0.03204 0.46970 1.72646 47 43 2 40 20
1295 2970 11.17072 0.01139 0.68858 1.24741 19 8 3 17 9
179 5351 10.79003 3.06699 2.14365 1.75234 20 4 0 14 8
1054 2731 11.99553 0.00913 0.25685 0.66086 36 32 4 36 19
3658 4603 10.67150 0.02717 0.24144 0.78833 41 38 3 41 26
400 2118 10.44191 0.16050 0.77800 0.39366 29 20 2 25 15
2347 4944 11.84810 2.67898 4.63213 4.52429 7 0 0 5 2
2308 4957 11.53459 3.08270 0.84275 2.22669 32 26 0 14 10
1053 2731 10.83645 0.01043 0.29866 0.93335 22 18 4 18 12
887 3752 10.21932 3.08382 1.04158 1.88346 23 9 0 18 11
1477 3128 11.03882 0.01932 0.46018 0.19584 31 19 8 24 17
313 5258 10.32121 3.10810 21.69503 178.08092 14 0 0 2 7
3677 4623 10.12217 0.15192 0.27049 1.20593 68 64 2 60 43
2572 4687 11.84642 3.08366 6.43133 176.67999 6 0 0 3 2
314 2018 10.77043 0.08374 0.19194 0.93628 38 32 0 25 17
817 4786 11.00763 3.09832 0.42185 1.75145 33 23 8 29 12
1949 5317 10.78087 2.75912 1.37845 1.76658 20 1 1 18 5
1389 3031 11.51288 0.55584 0.32736 0.85638 96 86 9 94 68
5426 5536 10.62562 0.00675 0.71182 1.07374 32 24 2 20 16
723 3920 11.65564 3.13268 9.11099 14.32252 13 0 0 8 7
1285 2934 11.92193 0.01450 0.92679 0.64163 50 22 23 50 25
600 2277 11.91047 0.01061 0.44330 0.64831 40 32 3 35 26
618 2292 11.68035 0.01462 0.64239 1.24112 21 8 1 13 12
224 1937 11.76984 0.37191 0.48826 0.33455 46 32 12 42 23
270 5294 10.66483 3.11474 0.96388 0.46646 33 11 3 29 18
944 3672 11.28042 2.26879 0.46132 1.32057 68 58 8 66 22
656 4955 11.70043 2.78651 2.38110 2.68875 9 1 5 2 2
667 4904 11.18733 2.38016 1.55488 1.31492 8 0 0 5 5
2438 3861 11.49946 3.13012 3.99428 2.80617 50 2 15 38 24
2043 5246 11.85717 3.05463 0.60931 1.33472 36 15 12 26 9
409 2105 11.49739 0.10281 0.55857 0.35936 26 20 6 19 11
684 2338 11.82251 0.76163 0.70336 0.91257 18 9 7 11 8
1993 5270 11.50930 2.92640 1.09227 1.89300 21 4 1 18 10
1439 3119 11.31318 0.05056 0.63627 0.61548 16 5 7 11 6
539 4100 11.09622 3.12502 18.57369 14.19911 6 0 0 4 2
2353 4932 10.61107 2.91770 0.78928 2.40061 18 6 1 12 4
677 3969 11.13485 2.89401 1.44960 2.41978 10 1 0 10 4
3651 4621 11.06482 0.03315 0.44120 1.83973 40 36 3 31 16
590 4992 10.14524 3.12284 1.68481 2.18946 28 3 0 20 11
