0.03167 0.05862
0.02495 0.07910
0.02046 0.05314
0.04324 0.08303
0.00539 0.00814
0.00922 0.01318
0.04806 0.09088
0.03290 0.05153
0.03219 0.05272
0.04228 0.05465
0.02313 0.07663
0.03875 0.08260
0.03238 0.06015
0.02265 0.04833
0.00630 0.00878
0.00681 0.00779
0.02129 0.05156
0.00557 0.00780
0.02286 0.05246
0.00745 0.00902
0.03500 0.08626
0.04706 0.08025
0.04762 0.08259
0.02141 0.05271
0.02427 0.09220
0.00543 0.00741
0.00592 0.00806
0.00615 0.00803
0.00880 0.01430
0.02911 0.07402
0.01544 0.03929
0.00592 0.00878
0.03743 0.09688
0.02166 0.05157
0.00710 0.00878
0.00604 0.00722
0.02582 0.05679
0.00724 0.00918
0.00648 0.01016
0.02949 0.05217
0.02827 0.05627
0.00574 0.00859
0.03401 0.08471
0.02151 0.05778
0.00827 0.00966
0.03682 0.08738
0.00591 0.00785
0.02762 0.08616
0.00747 0.00919
0.00614 0.01119
0.00565 0.00829
0.01422 0.02833
0.02253 0.05402
0.00537 0.00748
0.00643 0.00863
0.03539 0.08733
0.04055 0.08654
0.04256 0.09800
0.01884 0.03681
0.03325 0.05412
0.02665 0.07726
0.00703 0.00873
0.02341 0.07390
0.02645 0.08841
0.00643 0.01037
0.03581 0.08540
0.01164 0.01201
0.03275 0.08518
0.02109 0.06674
0.03038 0.05792
0.03206 0.05386
0.00878 0.01102
0.00747 0.01034
0.00738 0.01004
0.00732 0.00862
0.04604 0.08232
0.00540 0.00788
0.00597 0.00853
0.02547 0.05166
0.03813 0.08483
0.02259 0.07472
0.00546 0.00785
0.00580 0.00806
0.02261 0.06002
0.03171 0.06055
0.03596 0.09755
0.01154 0.01606
0.05457 0.10804
0.02370 0.08181
0.01946 0.05393
0.02728 0.07556
0.02660 0.08808
0.00823 0.01030
0.00673 0.01104
0.00864 0.00882
0.01214 0.01288
0.00462 0.00740
0.04794 0.08415
0.02076 0.04985
0.02935 0.07304
0.02900 0.08351
0.00555 0.00824
0.02907 0.08610
0.00538 0.01029
0.02893 0.05256
0.02013 0.04685
0.00858 0.00999
0.03178 0.05204
0.00623 0.01047
0.00655 0.00873
0.02713 0.07588
0.00830 0.00933
0.00794 0.01119
0.03492 0.05352
0.00661 0.00915
0.02367 0.07220
0.03222 0.04189
0.04410 0.08971
0.00600 0.00858
0.02752 0.05101
0.02165 0.04691
0.02486 0.05110
0.02683 0.08585
0.03226 0.08467
0.03925 0.06494
0.04249 0.08386
0.05801 0.08843
0.02368 0.05348
0.01399 0.01529
0.06057 0.08005
0.02992 0.08341
0.00711 0.00909
0.03472 0.05670
0.01358 0.03101
0.00989 0.01360
0.00578 0.00970
0.05657 0.08244
0.00764 0.00946
0.02538 0.07893
0.00914 0.02333
0.04530 0.08705
0.03049 0.08734
0.00738 0.01117
0.00794 0.01127
0.02241 0.05885
0.02177 0.05846
0.00721 0.00857
0.02600 0.04908
0.02417 0.05732
0.03201 0.07076
0.02810 0.05374
0.00745 0.01214
0.02065 0.05197
0.03032 0.08750
0.00565 0.00771
0.01004 0.01012
0.00622 0.00872
0.01136 0.01897
0.00745 0.01144
0.04990 0.11734
0.00552 0.01005
0.00865 0.00944
0.00485 0.00793
0.01370 0.01671
0.03048 0.07639
0.03332 0.09507
0.03120 0.05620
0.01012 0.01066
0.02521 0.04099
0.03183 0.08108
0.00918 0.01322
0.02434 0.05340
0.00592 0.00844
0.00539 0.00850
0.03024 0.08456
0.00562 0.00776
0.02788 0.07985
0.00684 0.01039
0.03845 0.08777
0.00765 0.01175
0.00718 0.00824
0.03502 0.07772
0.03863 0.08522
0.00590 0.00803
0.03079 0.08624
0.02913 0.05257
0.02568 0.05264
0.00629 0.00858
0.00785 0.01021
0.00712 0.00858
0.00740 0.00855
0.00659 0.00781
0.00739 0.01136
0.02485 0.07081
0.02071 0.05502
0.00628 0.00840
0.04003 0.07972
0.00694 0.01085
0.02469 0.07811
0.00548 0.00708
