98 3788 11.81900 0.03819 0.41229 0.61929 34 23 3 10 9
2678 5405 10.70459 0.01157 0.49064 0.73222 76 72 2 60 44
352 4110 10.52336 0.01361 0.63773 0.42978 93 92 1 86 70
459 3982 10.49489 0.01009 0.90818 0.98437 53 43 4 43 30
346 709 11.50833 0.00719 0.83740 0.52190 51 41 7 45 31
7046 7203 11.24229 0.02743 0.70744 0.32264 34 29 3 31 20
3265 6154 10.01053 0.00986 0.66045 0.92111 101 87 9 90 66
3679 7107 10.26745 0.11951 0.36116 1.06606 24 19 0 13 12
555 976 11.26895 0.00154 0.54048 0.13122 82 72 8 80 44
531 976 11.26895 0.00154 0.59303 nan 102 92 9 98 68
420 975 10.76826 0.00183 0.74025 0.36045 99 87 2 91 57
7754 7810 11.31788 0.72617 1.28451 2.20585 68 40 7 53 17
3018 5736 10.49427 0.04344 0.53183 0.38257 59 48 5 55 37
2471 5270 11.33786 0.30847 1.08270 1.98820 27 18 5 18 9
1358 4519 11.79033 0.00498 0.46581 0.72524 27 13 10 13 8
614 975 10.76826 0.00183 0.63105 0.14804 87 78 3 78 59
734 4172 10.02836 0.01118 0.62352 0.49811 121 112 3 114 87
3660 6675 11.15628 0.00375 0.59334 0.53302 8 5 3 8 4
758 4172 10.03026 0.01108 0.63753 0.41496 98 82 10 89 64
6806 7202 10.99288 0.02735 0.53369 0.46646 33 22 3 18 16
1949 5079 10.80691 0.00882 2.67726 0.58081 6 0 0 6 5
2424 5270 11.33786 0.30847 1.05020 1.96742 34 31 0 22 12
3645 6593 11.70663 0.00345 40.06351 0.20558 4 1 0 2 2
497 976 11.26895 0.00154 0.62686 nan 85 69 1 79 54
6603 6850 11.74586 0.00594 1.60227 0.23407 17 1 8 9 7
2843 5563 11.77477 0.05659 0.66216 0.85912 89 83 3 79 58
3559 6480 11.23116 0.01288 0.40263 1.05906 19 17 0 12 10
6614 7182 10.97805 0.01904 1.65588 0.88027 9 4 3 7 2
458 4171 10.79933 0.01107 0.60542 0.41022 84 73 4 74 56
3389 6303 10.30408 0.05438 0.77787 1.72465 35 31 2 30 23
345 476 11.74965 0.00708 1.16303 0.48214 43 15 2 33 14
1211 4394 11.01681 0.01370 0.28781 0.34264 23 18 5 20 10
1591 4756 11.77052 0.01505 0.63451 0.79623 15 13 1 11 4
1033 4214 11.50809 0.00802 0.51820 1.99802 45 40 1 34 29
2751 5491 11.95889 0.01155 0.73640 0.58817 58 48 8 52 31
2429 5323 11.68318 0.82280 2.15991 2.70458 74 69 4 70 54
898 980 11.77208 0.00498 0.34107 0.30901 103 86 15 99 61
1497 4649 10.80174 0.00434 0.50020 0.29871 41 33 8 34 21
2287 5313 11.57005 0.70560 2.02460 1.83590 49 28 13 34 22
2172 2321 11.33265 0.27787 1.26788 1.69812 44 43 0 35 27
3246 6020 10.39814 0.01340 0.74975 0.40348 48 32 8 39 22
3053 5787 10.69800 0.01198 0.37367 0.66617 40 38 2 33 25
2472 2581 11.22698 0.77641 2.42941 2.72232 68 42 2 58 39
1659 4807 10.85102 0.00775 0.57476 0.49258 28 22 2 20 11
2171 2470 11.86999 0.30255 3.85344 3.86675 23 9 8 15 10
392 974 10.01406 0.00381 0.37436 0.33572 95 91 2 95 63
3535 6455 10.86530 0.03133 0.62867 0.71710 12 10 0 8 7
3153 5872 11.09845 0.04461 0.49105 0.53082 20 17 3 20 13
345 660 11.74965 0.00708 0.94911 0.64102 54 28 4 48 33
7104 7204 11.73924 0.02765 0.78523 0.47064 27 23 1 23 16
3681 7171 10.72075 0.15561 0.65280 1.18564 24 22 1 22 13
2171 2366 11.86999 0.30255 1.06155 1.92152 27 19 1 16 13
3526 6446 10.51057 0.03046 28.59401 1.74496 7 1 0 2 3
2268 2564 11.48797 0.58047 0.80153 1.72578 59 50 7 52 30
2476 5321 10.45620 0.77092 2.23012 2.83075 120 111 7 98 92
2411 5323 11.68318 0.82280 2.17678 2.68861 74 65 7 63 45
1697 4865 10.52734 0.00414 0.33199 0.29871 31 24 5 27 19
2218 5305 10.48793 0.48154 0.28734 0.43611 42 39 1 34 27
2184 5300 10.80906 0.35654 1.11760 1.56623 56 51 1 47 36
3231 6009 10.25562 0.04391 0.63235 1.13505 27 2 1 19 15
733 979 11.51780 0.00406 0.70183 0.69323 75 54 12 67 46
2281 5312 11.91985 0.68669 1.39539 1.52418 62 59 2 49 38
165 3828 10.68290 0.01326 0.48436 0.77329 30 22 7 26 14
2420 5269 11.68981 0.30783 0.93437 1.98071 53 38 8 39 32
337 3957 10.51725 0.00644 0.64455 0.49653 35 19 4 16 13
6603 7152 11.74402 0.00648 1.50166 1.36888 14 4 5 10 5
1490 4643 10.03190 0.00777 0.34170 0.39664 63 61 2 59 45
1007 4188 10.27012 0.01706 0.46390 0.30001 133 128 3 122 93
1759 4933 10.45872 0.70154 0.52003 0.72954 11 5 6 11 5
6606 6919 10.49518 0.00708 0.95573 0.86863 9 1 3 2 2
6927 7202 10.99288 0.02735 0.84886 0.29208 27 17 6 24 14
791 979 11.51970 0.00400 0.69169 0.24549 112 82 20 103 72
3651 6604 10.22634 0.00689 5.78113 18.85705 4 0 0 1 1
2317 5270 10.63578 0.26030 0.55392 1.52521 50 45 4 48 28
2495 5320 10.24209 0.74014 2.38707 3.04092 95 87 4 91 69
632 3982 10.49489 0.01009 0.69552 0.51738 63 57 3 58 41
6603 6748 11.74586 0.00594 2.10990 0.29342 8 0 4 6 4
2228 2559 10.88836 0.49447 0.82895 0.58484 68 63 2 60 45
346 608 11.50244 0.00580 0.78631 0.46394 55 40 13 49 29
6606 6982 10.49518 0.00708 1.04369 2.26209 7 1 2 3 1
2862 5582 11.64744 0.02020 0.50833 0.35054 58 47 8 51 36
147 3815 11.45022 0.03145 0.71883 0.77984 33 18 10 24 13
1397 4571 11.51180 0.00561 0.53602 0.32865 63 61 2 58 49
1835 4974 10.05173 0.03954 0.27860 0.64528 55 46 3 42 31
2320 5321 10.76751 0.80012 2.03736 2.54314 85 76 9 79 52
404 977 11.52020 0.00049 0.51582 0.19979 86 83 2 82 59
481 3982 10.49489 0.01009 0.70269 0.70109 54 47 4 43 35
6668 7203 11.24229 0.02743 1.04245 0.48537 27 15 3 14 10
2622 5348 10.90531 0.02185 0.56486 1.24458 62 57 5 53 34
2719 5443 11.29588 0.01172 0.28541 0.68870 62 60 1 46 35
2488 5323 11.68318 0.82280 2.05910 2.78952 75 68 5 62 47
6604 6918 11.24828 0.00629 0.88718 0.89700 8 3 2 4 3
1658 4806 10.82079 0.00786 0.43193 0.42428 17 13 4 12 7
3985 4106 11.26913 0.01135 0.79242 0.63674 41 25 6 29 15
2565 5331 10.40103 0.58587 1.15033 1.63829 83 18 15 58 42
1915 5045 11.31781 0.00580 31.84266 179.07953 3 0 0 1 1
5975 6038 11.10028 0.00458 0.56911 0.77632 52 23 5 46 18
8038 8089 11.01070 0.43522 2.25101 2.88609 63 32 11 58 22
6606 6956 10.49518 0.00708 0.54818 0.37430 11 7 3 9 4
667 4173 11.79777 0.00987 0.59142 0.37009 121 107 3 110 81
346 654 11.50244 0.00580 0.63459 0.36904 50 42 6 42 28
148 3816 10.81143 0.02904 0.57494 0.80211 43 26 4 37 24
2171 2500 11.86999 0.30255 0.96819 1.93189 26 21 2 20 15
3694 7205 10.66241 0.46041 0.25045 0.53741 41 39 1 32 23
3660 6714 11.15628 0.00375 0.91881 0.38359 12 4 5 3 4
773 979 11.51970 0.00400 0.76403 0.36477 121 90 15 115 76
540 974 10.01791 0.00258 0.46158 0.09691 97 91 6 85 63
2455 5269 11.68981 0.30783 1.08662 1.82735 53 45 0 48 37
6786 7201 10.24214 0.02731 0.33478 0.34718 22 12 7 20 8
1864 4978 11.72648 0.00625 0.83228 0.55249 24 18 3 20 14
2178 2503 10.26950 0.29786 1.15761 1.70961 42 32 2 38 25
3679 6849 10.26745 0.11951 0.52124 1.05610 22 17 0 14 11
2052 5187 10.74936 0.02658 10.20668 0.66969 17 0 0 17 11
111 3795 10.50595 0.01434 0.84124 0.42151 34 21 1 29 21
1251 4418 10.26327 0.01129 0.23337 0.36904 24 22 1 16 10
460 4173 11.79777 0.00987 0.60897 0.35498 88 73 2 77 56
457 3980 11.49638 0.01155 0.69831 0.75329 48 43 2 44 27
2177 2412 10.26875 0.29874 1.23134 1.73686 58 44 0 56 48
777 3985 10.24876 0.00981 0.76621 0.63180 52 39 5 39 23
3680 6856 10.97298 0.13900 0.88863 1.17969 13 5 2 7 4
981 4142 11.02953 0.01426 0.14201 0.62244 90 85 4 84 59
239 3901 11.94909 0.07899 0.30992 0.44850 20 14 5 16 8
4116 4174 10.00670 0.00664 0.26608 0.21850 107 101 6 100 83
3094 5828 11.10592 0.02019 0.34263 0.36797 55 51 4 50 34
5977 6036 10.10704 0.00608 0.48217 0.87357 43 34 2 41 29
2172 2464 11.68279 0.30204 3.15245 3.01896 34 22 2 25 20
812 978 10.77040 0.00229 0.62372 0.50668 122 104 4 107 86
5990 6111 10.58967 0.01334 0.61584 0.87312 36 31 4 36 15
2511 2583 11.93117 0.82358 2.09144 2.66521 58 46 1 33 29
1067 4264 11.51297 0.00305 0.32568 0.22381 46 42 2 39 27
711 4170 10.03241 0.01130 0.57217 0.35166 64 51 10 62 34
6050 6125 10.89225 0.00919 0.48108 0.16786 40 35 4 36 24
1359 4520 11.54538 0.00724 0.48713 0.44587 18 12 6 18 5
6603 6675 11.74586 0.00594 1.19070 0.34605 11 3 4 9 4
4011 4171 11.77155 0.00644 0.57990 0.36262 67 61 5 67 44
350 917 10.50898 0.00703 0.74204 0.59083 62 55 6 51 32
848 3984 10.74879 0.01016 0.70432 0.52786 71 65 3 66 42
8045 8108 11.99700 1.25167 0.32653 2.83711 48 1 1 43 25
6604 6789 11.24828 0.00629 1.01542 0.25488 21 12 5 14 10
642 3979 11.99371 0.01255 0.73798 1.00988 42 29 3 35 24
2328 5272 10.63939 0.30767 0.82992 2.11896 31 24 3 22 17
1590 4754 10.06641 0.01400 0.61093 0.47888 37 28 5 31 13
464 4170 10.30159 0.01147 0.41103 0.35718 84 81 1 66 59
7149 7203 11.24229 0.02743 0.64354 0.32021 36 27 7 32 21
2312 5320 11.43827 0.82385 2.46743 2.25255 61 28 27 42 25
2176 2437 10.80393 0.29947 0.98387 1.82156 45 25 1 27 23
368 967 10.00277 0.01055 0.83445 0.60974 90 84 4 85 51
3246 6014 10.43816 0.01363 0.50351 0.25023 59 52 6 52 47
7112 7202 10.99288 0.02735 0.94653 0.27695 22 15 2 16 8
1553 4703 11.01707 0.02319 0.77985 0.34035 49 30 0 44 33
2770 5509 11.06598 0.01245 0.76021 0.93712 62 53 4 40 28
889 979 11.51970 0.00400 0.61940 0.34378 95 72 12 91 60
2335 2582 11.44621 0.80088 2.22919 2.62465 85 83 1 74 61
2815 5536 11.68125 0.04535 0.37273 0.11191 73 66 7 65 37
417 4172 11.29839 0.01034 0.50874 0.41212 75 64 5 69 46
2359 5321 10.45620 0.77092 2.19606 2.85101 128 119 9 121 92
925 976 10.00929 0.00120 0.58048 0.14265 115 97 13 110 70
2337 5323 11.68318 0.82280 2.36545 2.77573 80 71 3 63 47
1942 5057 10.01155 0.01166 11.91442 1.46072 4 0 0 1 1
6607 6923 10.24121 0.00750 1.42435 0.42613 7 2 0 7 4
6605 7012 10.99721 0.00661 1.08205 1.88034 7 3 1 4 2
2535 5271 11.68632 0.33918 0.79495 1.95324 48 42 6 42 30
6731 7202 10.99288 0.02735 1.27735 0.35166 19 5 3 6 7
1927 5040 11.80408 0.00990 6.64025 0.56786 5 0 0 2 3
2175 2384 10.80392 0.29987 1.31763 2.01790 31 22 1 17 16
3660 6661 11.15628 0.00375 1.22453 0.24066 8 2 5 4 4
2178 2468 10.26950 0.29786 1.28440 1.72828 53 20 4 51 34
6609 7175 11.22994 0.01664 1.46309 0.87402 9 5 2 9 5
3540 6440 11.85126 0.04017 1.05086 2.10078 7 0 1 5 4
2267 2565 11.79055 0.60432 0.83705 1.46500 75 69 5 71 45
364 4161 10.26025 0.01913 0.78475 0.77984 94 89 5 86 53
2173 2440 11.32990 0.30114 1.40217 2.60023 31 16 3 24 18
348 618 10.25119 0.00537 0.69783 0.45970 62 54 5 53 40
829 976 10.00929 0.00120 0.67168 0.23739 102 87 6 97 67
2156 2283 11.71973 0.09620 0.83169 0.97919 28 22 4 26 20
2521 5270 11.33786 0.30847 0.67369 2.07396 43 26 7 37 21
6613 7181 10.97893 0.01845 1.00525 0.93879 20 16 3 17 7
3477 6402 11.29745 0.04273 0.36565 0.83369 6 5 1 6 3
983 4146 11.78416 0.01610 0.27512 0.69661 90 88 0 68 59
6605 6975 10.99721 0.00661 0.91042 0.51889 16 6 5 14 6
825 4173 10.53017 0.01052 0.56718 0.55883 111 108 2 109 88
458 4173 11.79777 0.00987 0.59879 0.41496 93 84 1 91 70
1266 4445 10.02312 0.01663 0.73266 0.42613 27 16 1 19 15
4002 4166 11.51660 0.01168 0.76394 0.63180 79 69 7 71 43
3703 7225 11.08056 0.76917 0.73467 1.91724 42 18 3 29 18
2644 5371 11.79552 0.02474 0.43359 0.31404 64 58 5 49 46
1793 4951 11.30203 0.21655 0.66466 0.66382 6 3 2 6 3
350 897 10.50898 0.00703 0.88163 0.40542 79 68 3 71 52
654 4170 10.30159 0.01147 0.49377 0.40542 85 79 4 77 60
3680 6994 10.97298 0.13900 1.09731 1.82413 16 2 3 6 4
558 974 10.01791 0.00258 0.46242 0.13706 78 73 3 74 46
350 743 10.50898 0.00703 0.86794 0.45970 61 44 4 61 36
2422 5320 10.24209 0.74014 2.59196 3.07141 62 51 5 48 38
351 4093 11.02224 0.01386 0.62828 0.33102 53 48 4 47 35
2927 5646 10.06681 0.00285 0.45042 0.60652 26 22 4 17 11
761 4175 11.52745 0.00992 0.33762 0.46394 119 116 3 115 86
6075 6128 11.38936 0.00959 0.30293 0.37742 27 15 12 25 7
508 3982 10.49489 0.01009 0.59815 0.49099 61 58 3 51 38
484 4170 10.30159 0.01147 0.55935 0.39860 82 70 9 80 51
3660 7030 11.15628 0.00375 0.84915 0.36045 11 5 4 7 5
