98 3788 11.81900 0.03819 0.62048 0.13122 41 11 4 37 25 232 100.00000 0
2678 5405 10.70459 0.01157 0.45450 0.64041 60 31 18 58 41 628 100.00000 0
352 4110 10.52336 0.01361 0.26622 0.87760 46 22 6 36 26 277 100.00000 0
459 3982 10.49489 0.01009 0.49071 0.55673 70 40 8 66 49 370 100.00000 0
346 709 11.50833 0.00719 0.59086 0.47313 60 26 4 60 45 323 100.00000 0
7046 7203 11.24229 0.02743 0.70612 0.31279 11 4 1 4 6 133 100.00000 0
3265 6154 10.01053 0.00986 0.60461 0.52638 97 53 6 83 66 372 100.00000 0
3679 7107 10.26745 0.11951 1.24790 1.34057 12 0 0 7 3 126 100.00000 0
555 976 11.26895 0.00154 0.42355 0.06853 64 28 9 62 39 398 100.00000 0
531 976 11.26895 0.00154 0.64578 0.14265 55 14 4 51 29 375 100.00000 0
420 975 10.76826 0.00183 0.56792 0.15826 86 32 5 80 60 438 100.00000 0
7754 7810 11.31788 0.72617 0.76131 2.23756 87 12 7 70 29 384 100.00000 0
3018 5736 10.49427 0.04344 0.46055 0.38052 90 50 12 85 67 435 100.00000 0
2471 5270 11.33786 0.30847 0.98519 1.96941 20 9 6 15 13 130 100.00000 0
1358 4519 11.79033 0.00498 0.32921 0.29208 59 40 12 51 41 332 100.00000 0
614 975 10.76826 0.00183 0.48046 0.72954 68 10 2 57 47 395 100.00000 0
734 4172 10.02836 0.01118 0.70549 0.41117 84 18 2 80 58 464 100.00000 0
3660 6675 11.15628 0.00375 0.90404 0.23070 13 1 2 11 4 115 100.00000 0
758 4172 10.03026 0.01108 0.63944 0.39762 96 25 6 96 64 470 100.00000 0
6806 7202 10.99288 0.02735 0.65807 0.33455 13 3 1 10 7 151 100.00000 0
2424 5270 11.33786 0.30847 1.31951 1.95925 30 16 5 25 11 140 100.00000 0
497 976 11.26895 0.00154 0.54864 0.05595 78 31 4 74 61 430 100.00000 0
6603 6850 11.74586 0.00594 0.72576 0.36369 27 4 2 25 23 151 100.00000 0
2843 5563 11.77477 0.05659 0.54739 0.76719 78 49 17 72 47 452 100.00000 0
6614 7182 10.97805 0.01904 1.75862 0.86048 9 0 0 3 6 127 100.00000 0
458 4171 10.79933 0.01107 0.48504 0.34264 94 40 12 88 68 440 100.00000 0
3389 6303 10.30408 0.05438 0.88636 1.50037 17 12 2 10 7 113 100.00000 0
345 476 11.74965 0.00708 0.68067 0.63551 73 21 4 69 45 346 100.00000 0
1211 4394 11.01681 0.01370 0.38089 0.50358 43 24 8 37 29 244 100.00000 0
1591 4756 11.77052 0.01505 0.43411 0.54823 45 28 6 41 32 245 100.00000 0
1033 4214 11.50809 0.00802 0.53695 0.43251 85 44 14 70 59 286 100.00000 0
2751 5491 11.95889 0.01155 0.51636 0.58817 39 21 11 35 26 260 100.00000 0
898 980 11.77208 0.00498 0.51129 0.29074 84 33 21 82 64 437 100.00000 0
1497 4649 10.80174 0.00434 0.48136 0.18131 43 18 5 41 27 223 100.00000 0
2287 5313 11.57005 0.70560 1.84924 1.79231 38 17 6 33 23 167 100.00000 0
3246 6020 10.39814 0.01340 0.94336 0.25641 44 5 1 42 20 331 100.00000 0
3053 5787 10.69800 0.01198 0.34079 0.66205 49 24 8 38 24 296 100.00000 0
1659 4807 10.85102 0.00775 0.33271 0.39565 31 21 4 25 22 272 100.00000 0
2171 2470 11.86999 0.30255 1.53951 2.16392 18 5 7 11 5 116 100.00000 0
392 974 10.01406 0.00381 0.33564 0.21306 90 75 11 90 67 475 100.00000 0
3535 6455 10.86530 0.03133 0.34769 0.36154 10 6 3 10 8 77 100.00000 0
3153 5872 11.09845 0.04461 0.33208 0.57607 45 25 6 38 23 228 100.00000 0
345 660 11.74965 0.00708 0.64019 0.73489 45 8 3 38 31 283 100.00000 0
3681 7171 10.72075 0.15561 1.15465 1.30626 11 3 4 3 4 106 100.00000 0
2171 2366 11.86999 0.30255 1.20509 1.97397 13 9 0 8 8 106 100.00000 0
3526 6446 10.51057 0.03046 0.67194 1.07956 5 1 3 3 1 38 100.00000 0
2268 2564 11.48797 0.58047 0.67825 1.72646 54 27 21 50 37 265 100.00000 0
1697 4865 10.52734 0.00414 0.42290 0.17694 63 41 10 57 43 305 100.00000 0
2218 5305 10.48793 0.48154 0.32448 0.33920 48 24 11 48 26 210 100.00000 0
2184 5300 10.80906 0.35654 1.29764 1.46767 25 11 4 16 10 108 100.00000 0
3231 6009 10.25562 0.04391 0.91243 0.71272 49 1 1 46 30 361 100.00000 0
733 979 11.51780 0.00406 0.71562 0.28531 89 13 5 87 66 438 100.00000 0
2281 5312 11.91985 0.68669 1.45711 1.56047 39 16 4 30 17 182 100.00000 0
165 3828 10.68290 0.01326 0.35325 0.75589 65 32 19 63 31 384 100.00000 0
2420 5269 11.68981 0.30783 0.85359 1.83035 35 9 6 24 9 143 100.00000 0
337 3957 10.51725 0.00644 0.42171 0.33804 76 43 7 69 57 313 100.00000 0
6603 7152 11.74402 0.00648 1.13368 0.87178 12 4 2 7 4 126 100.00000 0
1490 4643 10.03190 0.00777 0.38419 0.40734 75 50 18 71 54 239 100.00000 0
1007 4188 10.27012 0.01706 0.35234 0.33920 138 100 18 136 110 498 100.00000 0
1759 4933 10.45872 0.70154 0.75954 0.78435 13 3 3 13 8 128 100.00000 0
6606 6919 10.49518 0.00708 0.72088 0.36262 34 8 4 34 22 172 100.00000 0
6927 7202 10.99288 0.02735 0.70193 0.53522 13 1 1 13 6 136 100.00000 0
791 979 11.51970 0.00400 0.71456 0.25488 82 14 1 80 67 438 100.00000 0
2317 5270 10.63578 0.26030 0.80137 1.52829 22 13 5 15 13 99 100.00000 0
632 3982 10.49489 0.01009 0.53607 0.65671 64 30 11 60 39 333 100.00000 0
6603 6748 11.74586 0.00594 0.72186 0.33804 23 5 1 21 14 122 100.00000 0
2228 2559 10.88836 0.49447 0.71831 0.65432 39 28 4 37 30 177 100.00000 0
346 608 11.50244 0.00580 0.47883 0.44057 63 39 11 63 44 338 100.00000 0
6606 6982 10.49518 0.00708 0.67611 0.45800 24 12 1 24 17 176 100.00000 0
2862 5582 11.64744 0.02020 0.39608 0.16071 73 54 7 62 47 369 100.00000 0
147 3815 11.45022 0.03145 0.44279 0.68756 43 22 5 43 26 319 100.00000 0
1397 4571 11.51180 0.00561 0.44571 0.67493 72 45 4 68 57 454 100.00000 0
1835 4974 10.05173 0.03954 0.44978 0.57198 75 46 6 58 47 265 100.00000 0
404 977 11.52020 0.00049 0.36248 0.29208 71 47 10 67 52 362 100.00000 0
481 3982 10.49489 0.01009 0.60756 0.51813 66 27 8 64 50 369 100.00000 0
6668 7203 11.24229 0.02743 0.73075 0.45024 13 0 3 11 7 126 100.00000 0
2622 5348 10.90531 0.02185 0.70864 1.27226 80 52 16 78 60 266 100.00000 0
2719 5443 11.29588 0.01172 0.32257 0.59347 50 31 9 48 30 540 100.00000 0
6604 6918 11.24828 0.00629 0.80314 0.47147 12 2 1 12 9 110 100.00000 0
1658 4806 10.82079 0.00786 0.49922 0.35827 28 17 3 26 22 241 100.00000 0
3985 4106 11.26913 0.01135 0.61893 0.47806 64 22 17 62 45 387 100.00000 0
2565 5331 10.40103 0.58587 0.92462 1.63135 121 7 4 119 84 339 100.00000 0
5975 6038 11.10028 0.00458 0.90284 0.42613 66 2 1 64 41 355 100.00000 0
8038 8089 11.01070 0.43522 0.37626 3.04260 123 45 8 121 61 579 100.00000 0
6606 6956 10.49518 0.00708 0.53756 0.45628 21 9 4 12 13 158 100.00000 0
667 4173 11.79777 0.00987 0.41240 0.35277 74 33 6 74 44 422 100.00000 0
346 654 11.50244 0.00580 0.47336 0.35166 63 49 8 59 46 382 100.00000 0
148 3816 10.81143 0.02904 0.50201 0.88470 68 15 5 66 42 282 100.00000 0
2171 2500 11.86999 0.30255 1.26386 1.96364 20 9 3 18 7 99 100.00000 0
3694 7205 10.66241 0.46041 0.12387 0.50358 17 10 7 17 9 118 100.00000 0
773 979 11.51970 0.00400 0.67286 0.27976 88 19 3 86 72 441 100.00000 0
540 974 10.01791 0.00258 0.30387 0.13122 78 47 15 74 47 437 100.00000 0
2455 5269 11.68981 0.30783 0.69817 1.81424 24 3 10 17 15 106 100.00000 0
6786 7201 10.24214 0.02731 0.43745 0.52265 14 5 2 11 8 118 100.00000 0
1864 4978 11.72648 0.00625 0.44199 0.53229 21 12 3 15 11 139 100.00000 0
2178 2503 10.26950 0.29786 0.88430 1.78663 33 11 8 27 17 153 100.00000 0
3679 6849 10.26745 0.11951 0.41658 1.38536 10 0 2 8 3 89 100.00000 0
111 3795 10.50595 0.01434 0.83486 0.55602 50 1 0 48 38 276 100.00000 0
1251 4418 10.26327 0.01129 0.34990 0.74913 62 32 14 48 38 292 100.00000 0
460 4173 11.79777 0.00987 0.59081 0.36584 53 18 1 45 34 340 100.00000 0
457 3980 11.49638 0.01155 0.65566 0.68756 58 25 18 56 38 316 100.00000 0
2177 2412 10.26875 0.29874 1.44942 1.73934 40 17 0 38 31 164 100.00000 0
777 3985 10.24876 0.00981 0.56388 0.53082 49 19 3 43 32 281 100.00000 0
3680 6856 10.97298 0.13900 0.88593 1.03552 9 2 1 5 4 91 100.00000 0
981 4142 11.02953 0.01426 0.28569 0.53959 73 49 13 69 48 416 100.00000 0
239 3901 11.94909 0.07899 0.38359 0.44937 49 30 11 44 33 222 100.00000 0
4116 4174 10.00670 0.00664 0.26184 0.26244 108 78 16 101 76 557 100.00000 0
3094 5828 11.10592 0.02019 0.49525 0.19979 33 14 0 29 22 272 100.00000 0
5977 6036 10.10704 0.00608 0.58421 0.68586 62 15 3 62 37 351 100.00000 0
2172 2464 11.68279 0.30204 1.37893 1.87242 21 7 2 18 15 108 100.00000 0
812 978 10.77040 0.00229 0.47513 0.44850 92 45 8 88 72 458 100.00000 0
5990 6111 10.58967 0.01334 0.19778 0.90266 34 20 4 27 13 342 100.00000 0
1067 4264 11.51297 0.00305 0.36998 0.46897 100 57 26 88 61 414 100.00000 0
711 4170 10.03241 0.01130 0.45679 0.35166 88 45 6 82 66 472 100.00000 0
6050 6125 10.89225 0.00919 0.58430 0.39466 41 14 1 30 23 278 100.00000 0
1359 4520 11.54538 0.00724 0.48890 0.60328 53 26 12 51 34 244 100.00000 0
6603 6675 11.74586 0.00594 0.68114 0.33455 26 7 4 26 16 162 100.00000 0
4011 4171 11.77155 0.00644 0.50704 0.36045 87 58 9 87 70 392 100.00000 0
350 917 10.50898 0.00703 0.43639 0.90179 65 10 7 59 40 330 100.00000 0
848 3984 10.74879 0.01016 0.59207 0.87043 59 10 0 44 42 348 100.00000 0
8045 8108 11.99700 1.25167 0.24536 2.80882 63 2 2 58 25 346 100.00000 0
6604 6789 11.24828 0.00629 0.85509 0.46394 18 0 5 15 10 139 100.00000 0
642 3979 11.99371 0.01255 0.61577 0.63180 51 15 3 45 31 315 100.00000 0
1590 4754 10.06641 0.01400 0.65590 0.62558 67 26 3 63 48 309 100.00000 0
464 4170 10.30159 0.01147 0.42639 0.36369 82 43 6 76 46 407 100.00000 0
7149 7203 11.24229 0.02743 0.66864 0.98794 15 1 2 13 6 130 100.00000 0
2176 2437 10.80393 0.29947 1.57675 2.05042 27 8 1 21 12 137 100.00000 0
368 967 10.00277 0.01055 0.56175 0.60845 102 71 14 102 72 452 100.00000 0
3246 6014 10.43816 0.01363 0.57861 0.38257 43 15 1 39 23 348 100.00000 0
1553 4703 11.01707 0.02319 0.70531 0.35166 62 17 6 54 43 209 100.00000 0
2770 5509 11.06598 0.01245 0.43704 0.91129 88 60 8 77 58 556 100.00000 0
889 979 11.51970 0.00400 0.74064 0.34264 83 11 3 83 65 458 100.00000 0
2815 5536 11.68125 0.04535 0.48690 0.06853 83 36 8 74 50 444 100.00000 0
417 4172 11.29839 0.01034 0.49776 0.32746 74 33 3 72 52 436 100.00000 0
925 976 10.00929 0.00120 0.69125 0.14804 108 32 1 106 88 475 100.00000 0
6607 6923 10.24121 0.00750 0.46317 0.44057 29 18 5 27 18 198 100.00000 0
6605 7012 10.99721 0.00661 0.73034 0.56855 11 3 3 7 7 103 100.00000 0
6731 7202 10.99288 0.02735 0.87306 0.51434 11 1 0 6 3 122 100.00000 0
1927 5040 11.80408 0.00990 1.51757 2.71599 6 0 0 6 2 52 100.00000 0
2175 2384 10.80392 0.29987 0.95658 1.82435 42 22 13 36 19 181 100.00000 0
3660 6661 11.15628 0.00375 0.70002 0.23070 9 2 2 7 3 114 100.00000 0
2178 2468 10.26950 0.29786 1.52859 2.01810 25 7 4 16 9 144 100.00000 0
6609 7175 11.22994 0.01664 0.49958 0.81709 9 6 2 9 4 171 100.00000 0
3540 6440 11.85126 0.04017 0.38277 0.74546 7 2 2 5 4 44 100.00000 0
2267 2565 11.79055 0.60432 0.80029 1.45723 48 12 7 44 29 247 100.00000 0
364 4161 10.26025 0.01913 0.30307 0.77481 74 53 13 69 38 452 100.00000 0
2173 2440 11.32990 0.30114 1.51173 1.90865 22 4 5 17 8 171 100.00000 0
348 618 10.25119 0.00537 0.52832 0.45970 71 34 14 69 54 330 100.00000 0
829 976 10.00929 0.00120 0.69414 0.23407 84 16 1 78 59 460 100.00000 0
2156 2283 11.71973 0.09620 0.28923 0.44850 28 18 6 25 18 136 100.00000 0
2521 5270 11.33786 0.30847 0.87410 1.96284 25 12 8 18 9 144 100.00000 0
6613 7181 10.97893 0.01845 0.65853 0.84209 12 3 3 10 2 149 100.00000 0
983 4146 11.78416 0.01610 0.21788 0.71107 95 78 8 85 72 459 100.00000 0
6605 6975 10.99721 0.00661 0.80527 0.42151 9 1 2 7 5 124 100.00000 0
825 4173 10.53017 0.01052 0.53027 0.51358 83 28 7 74 68 424 100.00000 0
458 4173 11.79777 0.00987 0.54869 0.35388 45 16 2 41 30 344 100.00000 0
1266 4445 10.02312 0.01663 0.43752 0.29342 56 36 3 56 41 224 100.00000 0
4002 4166 11.51660 0.01168 0.52740 0.54321 72 48 12 68 45 375 100.00000 0
3703 7225 11.08056 0.76917 0.88512 2.08957 41 7 0 35 24 176 100.00000 0
2644 5371 11.79552 0.02474 0.39674 0.59872 70 40 9 64 47 387 100.00000 0
1793 4951 11.30203 0.21655 0.48866 0.82992 28 9 5 13 11 138 100.00000 0
350 897 10.50898 0.00703 0.55702 0.90914 55 13 9 41 35 314 100.00000 0
654 4170 10.30159 0.01147 0.53064 0.35827 72 32 5 67 46 459 100.00000 0
3680 6994 10.97298 0.13900 0.77314 1.05276 16 3 1 11 8 108 100.00000 0
558 974 10.01791 0.00258 0.25373 0.15577 82 61 9 78 55 481 100.00000 0
350 743 10.50898 0.00703 0.59766 0.72685 80 22 15 74 62 352 100.00000 0
351 4093 11.02224 0.01386 0.44417 0.45714 62 37 15 60 40 353 100.00000 0
2927 5646 10.06681 0.00285 0.41516 0.25023 44 25 12 44 27 222 100.00000 0
761 4175 11.52745 0.00992 0.59669 0.45885 93 33 6 91 77 406 100.00000 0
6075 6128 11.38936 0.00959 0.42832 0.90482 29 12 6 19 13 313 100.00000 0
508 3982 10.49489 0.01009 0.58566 0.49496 66 34 7 66 42 355 100.00000 0
484 4170 10.30159 0.01147 0.54564 0.40251 72 30 3 68 48 448 100.00000 0
3660 7030 11.15628 0.00375 1.01961 0.23070 7 1 1 5 3 89 100.00000 0
