98 3788 11.81900 0.03819 12.84015 7.20977 19 0 0 9 3
2678 5405 10.70459 0.01157 10.51210 0.92873 68 0 0 59 55
352 4110 10.52336 0.01361 7.31073 2.55021 17 0 0 10 4
459 3982 10.49489 0.01009 6.63643 28.98966 13 0 0 6 3
346 709 11.50833 0.00719 11.90980 0.40734 13 0 0 4 4
7046 7203 11.24229 0.02743 12.67851 3.43171 21 0 0 21 13
3265 6154 10.01053 0.00986 9.41552 2.66462 41 0 0 32 28
3679 7107 10.26745 0.11951 8.38391 7.60303 15 0 0 13 8
555 976 11.26895 0.00154 0.43239 0.77025 13 0 0 5 6
531 976 11.26895 0.00154 12.92887 nan 10 0 0 2 3
420 975 10.76826 0.00183 8.29472 0.08847 11 0 0 1 1
7754 7810 11.31788 0.72617 13.07832 78.08764 3 0 0 0 1
3018 5736 10.49427 0.04344 8.00332 0.96022 12 0 0 10 6
2471 5270 11.33786 0.30847 22.29359 17.67430 3 0 0 0 2
1358 4519 11.79033 0.00498 8.38512 0.28531 19 0 0 15 12
614 975 10.76826 0.00183 0.23153 2.97677 11 0 0 5 3
734 4172 10.02836 0.01118 7.57164 3.42303 14 0 0 8 6
3660 6675 11.15628 0.00375 6.67605 6.73784 17 0 0 6 10
758 4172 10.03026 0.01108 0.54168 0.96185 30 1 1 30 17
6806 7202 10.99288 0.02735 8.96963 4.15662 18 0 0 18 14
1949 5079 10.80691 0.00882 9.01572 0.50668 3 0 0 3 1
2424 5270 11.33786 0.30847 8.05484 17.17013 5 0 0 1 1
3645 6593 11.70663 0.00345 9.62831 0.53959 22 0 0 22 14
497 976 11.26895 0.00154 4.84377 31.46588 12 0 0 1 2
6603 6850 11.74586 0.00594 10.80440 5.02555 32 0 0 23 19
2843 5563 11.77477 0.05659 7.29696 3.24341 8 0 0 3 4
3559 6480 11.23116 0.01288 12.79577 0.73595 30 0 0 27 18
6614 7182 10.97805 0.01904 10.05005 4.71734 25 0 0 21 18
458 4171 10.79933 0.01107 0.85902 3.31021 10 0 0 1 3
3389 6303 10.30408 0.05438 2.01037 173.22908 3 0 0 3 2
345 476 11.74965 0.00708 6.70384 21.37714 8 0 0 1 1
1211 4394 11.01681 0.01370 8.36047 0.25334 22 0 0 20 9
1591 4756 11.77052 0.01505 11.84102 0.86683 24 0 0 19 9
1033 4214 11.50809 0.00802 0.57866 4.19769 16 0 0 4 6
2751 5491 11.95889 0.01155 11.76700 0.72685 57 0 0 38 35
2429 5323 11.68318 0.82280 0.47182 2.72750 12 0 0 9 8
898 980 11.77208 0.00498 10.00882 0.29608 12 0 0 7 5
1497 4649 10.80174 0.00434 11.49702 0.15323 16 0 0 14 7
2287 5313 11.57005 0.70560 0.76471 3.63173 13 0 1 13 11
2172 2321 11.33265 0.27787 15.97702 15.92105 2 0 0 2 2
3246 6020 10.39814 0.01340 7.57119 0.77430 19 0 0 9 9
3053 5787 10.69800 0.01198 8.22759 0.74019 20 0 0 18 14
2472 2581 11.22698 0.77641 0.49261 2.85060 12 0 0 12 10
1659 4807 10.85102 0.00775 11.47905 1.49462 70 0 0 64 62
2171 2470 11.86999 0.30255 14.54067 17.33490 6 0 0 3 3
392 974 10.01406 0.00381 0.28823 0.60652 19 1 2 19 12
3535 6455 10.86530 0.03133 12.15494 0.95409 15 0 0 15 11
3153 5872 11.09845 0.04461 11.96478 2.55727 21 0 0 10 11
345 660 11.74965 0.00708 11.33929 16.41637 11 0 0 1 2
7104 7204 11.73924 0.02765 5.33348 5.21849 10 0 0 10 8
3681 7171 10.72075 0.15561 9.14121 1.72873 12 0 0 3 6
2171 2366 11.86999 0.30255 20.50229 149.20708 4 0 0 4 3
3526 6446 10.51057 0.03046 8.20251 1.00561 21 0 0 21 14
2268 2564 11.48797 0.58047 1.02938 5.46264 13 0 0 7 7
2476 5321 10.45620 0.77092 0.39433 2.83642 15 0 0 15 11
2411 5323 11.68318 0.82280 0.69585 5.38991 9 0 2 6 5
1697 4865 10.52734 0.00414 0.52739 2.76584 18 0 0 18 12
2218 5305 10.48793 0.48154 20.80218 27.59007 4 0 0 1 2
2184 5300 10.80906 0.35654 9.48224 20.42836 3 0 0 3 2
3231 6009 10.25562 0.04391 11.62247 2.51482 17 0 0 7 5
733 979 11.51780 0.00406 6.93567 4.81190 9 0 0 3 3
2281 5312 11.91985 0.68669 0.44674 2.61838 10 0 1 7 7
165 3828 10.68290 0.01326 12.86638 0.76002 24 0 0 10 3
2420 5269 11.68981 0.30783 6.38964 17.63739 5 0 0 2 3
337 3957 10.51725 0.00644 6.30765 6.48682 28 0 0 4 10
6603 7152 11.74402 0.00648 10.93935 5.56944 21 0 0 10 11
1490 4643 10.03190 0.00777 0.36930 1.43477 22 3 0 13 13
1007 4188 10.27012 0.01706 0.40587 1.71121 11 0 1 11 9
1759 4933 10.45872 0.70154 0.34543 2.00428 26 2 1 24 17
6606 6919 10.49518 0.00708 9.15074 3.25016 28 0 0 19 16
6927 7202 10.99288 0.02735 9.01471 4.89457 26 0 0 24 21
791 979 11.51970 0.00400 0.69194 0.36262 10 0 0 8 5
3651 6604 10.22634 0.00689 5.66776 0.39565 17 0 0 15 15
2317 5270 10.63578 0.26030 1.82223 12.05287 7 0 0 2 1
2495 5320 10.24209 0.74014 0.29278 3.11835 15 2 0 15 10
632 3982 10.49489 0.01009 13.02702 0.57061 13 0 0 2 5
6603 6748 11.74586 0.00594 12.05041 3.40743 25 0 0 25 22
2228 2559 10.88836 0.49447 0.42304 1.89300 15 1 0 15 13
346 608 11.50244 0.00580 14.22730 0.35166 12 0 0 3 4
6606 6982 10.49518 0.00708 10.42877 0.41684 19 0 0 12 13
2862 5582 11.64744 0.02020 0.40646 0.23739 14 0 0 10 8
147 3815 11.45022 0.03145 8.37709 1.79885 24 0 1 12 8
1397 4571 11.51180 0.00561 4.58107 0.33102 23 0 0 10 5
1835 4974 10.05173 0.03954 6.61690 4.16781 6 0 0 6 5
2320 5321 10.76751 0.80012 11.02897 45.84348 3 0 0 3 1
404 977 11.52020 0.00049 10.57646 7.12646 10 0 0 4 2
481 3982 10.49489 0.01009 11.83238 0.57061 12 0 0 5 5
6668 7203 11.24229 0.02743 13.28038 6.88852 14 0 0 14 11
2622 5348 10.90531 0.02185 0.53623 1.30776 17 0 1 12 10
2719 5443 11.29588 0.01172 11.60703 1.12396 76 0 0 72 56
2488 5323 11.68318 0.82280 13.95036 47.14282 9 0 0 4 4
6604 6918 11.24828 0.00629 8.19680 1.01760 23 0 0 20 17
1658 4806 10.82079 0.00786 11.39415 1.45670 68 0 0 64 61
3985 4106 11.26913 0.01135 9.94124 20.06787 18 0 0 8 7
2565 5331 10.40103 0.58587 0.26588 1.86802 22 2 3 16 11
1915 5045 11.31781 0.00580 10.01267 32.87263 6 0 0 3 4
5975 6038 11.10028 0.00458 12.35956 0.26688 26 0 0 10 12
8038 8089 11.01070 0.43522 12.37448 24.93655 19 0 0 15 10
6606 6956 10.49518 0.00708 10.10262 3.31245 22 0 0 18 18
667 4173 11.79777 0.00987 19.73208 79.42862 7 0 0 5 4
346 654 11.50244 0.00580 13.51981 0.35166 10 0 0 3 3
148 3816 10.81143 0.02904 9.64237 1.66554 18 0 0 13 5
2171 2500 11.86999 0.30255 1.41760 2.53235 4 0 2 4 2
3694 7205 10.66241 0.46041 2.35676 26.37957 3 0 0 0 1
3660 6714 11.15628 0.00375 7.51123 8.54210 16 0 0 10 11
773 979 11.51970 0.00400 6.02281 0.24549 12 0 0 7 4
540 974 10.01791 0.00258 20.35451 136.56672 10 0 0 7 4
2455 5269 11.68981 0.30783 8.54159 23.00041 6 0 0 2 2
6786 7201 10.24214 0.02731 11.43064 7.48315 9 0 0 9 7
1864 4978 11.72648 0.00625 9.12263 0.95244 10 0 0 8 7
2178 2503 10.26950 0.29786 5.32844 10.12704 3 0 0 3 2
3679 6849 10.26745 0.11951 1.37930 6.84791 13 0 0 9 10
2052 5187 10.74936 0.02658 10.27544 0.74546 41 0 0 38 33
111 3795 10.50595 0.01434 5.29699 3.75807 12 0 0 12 5
1251 4418 10.26327 0.01129 1.42548 0.35054 16 1 0 4 4
460 4173 11.79777 0.00987 4.20443 0.56093 7 0 0 3 2
457 3980 11.49638 0.01155 15.03731 0.66086 12 0 0 6 4
2177 2412 10.26875 0.29874 11.36389 17.11632 3 0 0 0 1
777 3985 10.24876 0.00981 0.34723 0.53082 12 1 0 9 6
3680 6856 10.97298 0.13900 12.97858 10.32815 17 0 0 11 14
981 4142 11.02953 0.01426 0.35626 2.25533 9 0 0 9 6
239 3901 11.94909 0.07899 12.88208 0.83275 14 0 0 8 8
4116 4174 10.00670 0.00664 10.28251 0.39664 14 0 0 12 7
3094 5828 11.10592 0.02019 22.02806 1.15995 13 0 0 3 4
5977 6036 10.10704 0.00608 7.77406 6.07799 21 0 0 10 8
2172 2464 11.68279 0.30204 11.29304 29.39165 6 0 0 0 2
812 978 10.77040 0.00229 8.84125 0.39762 10 0 0 10 4
5990 6111 10.58967 0.01334 18.35260 0.76719 26 1 1 19 15
2511 2583 11.93117 0.82358 0.26825 2.86676 20 0 0 17 15
1067 4264 11.51297 0.00305 8.41179 0.18131 18 0 0 2 7
711 4170 10.03241 0.01130 0.39255 0.58617 15 0 1 11 10
6050 6125 10.89225 0.00919 11.90941 4.12853 28 0 0 26 25
1359 4520 11.54538 0.00724 10.44460 0.41307 20 0 0 12 10
6603 6675 11.74586 0.00594 13.56775 10.53054 49 0 0 34 27
4011 4171 11.77155 0.00644 9.05715 0.42704 15 0 0 10 10
350 917 10.50898 0.00703 9.53581 4.73102 10 0 0 6 2
848 3984 10.74879 0.01016 5.86264 26.17540 16 0 0 4 8
8045 8108 11.99700 1.25167 13.95941 71.71567 14 0 0 11 4
6604 6789 11.24828 0.00629 8.40075 3.59891 21 0 0 16 15
642 3979 11.99371 0.01255 9.55392 3.41547 13 0 0 3 0
2328 5272 10.63939 0.30767 8.79920 8.55841 4 0 0 1 2
1590 4754 10.06641 0.01400 13.95658 16.21325 20 0 0 10 6
464 4170 10.30159 0.01147 9.10322 0.65492 13 0 0 4 2
7149 7203 11.24229 0.02743 9.77591 10.94703 9 0 0 7 8
2312 5320 11.43827 0.82385 0.62947 4.09997 8 0 1 6 5
2176 2437 10.80393 0.29947 3.48571 17.15828 3 0 0 0 1
368 967 10.00277 0.01055 0.48041 1.04680 13 0 0 13 5
3246 6014 10.43816 0.01363 9.07909 9.94424 26 0 0 21 16
7112 7202 10.99288 0.02735 13.02845 4.43058 12 0 0 8 7
1553 4703 11.01707 0.02319 11.45360 1.32589 14 0 0 6 5
2770 5509 11.06598 0.01245 14.69013 3.84216 30 0 0 2 7
889 979 11.51970 0.00400 0.56711 0.24708 9 0 0 9 5
2335 2582 11.44621 0.80088 0.36533 2.64294 19 1 0 19 13
2815 5536 11.68125 0.04535 15.18291 12.87681 11 0 0 5 4
417 4172 11.29839 0.01034 6.44687 8.60966 11 0 0 0 1
2359 5321 10.45620 0.77092 0.55599 3.21309 9 0 0 9 7
925 976 10.00929 0.00120 7.62644 8.04125 9 0 0 3 0
2337 5323 11.68318 0.82280 10.16349 5.58574 5 0 0 2 1
1942 5057 10.01155 0.01166 7.63238 0.67027 6 0 1 3 3
6607 6923 10.24121 0.00750 8.28200 3.02970 24 0 0 19 19
6605 7012 10.99721 0.00661 12.52492 5.28639 28 0 0 20 16
2535 5271 11.68632 0.33918 6.92210 12.61906 4 0 0 1 2
6731 7202 10.99288 0.02735 10.92023 5.18036 9 0 0 9 9
1927 5040 11.80408 0.00990 6.98676 1.29604 6 0 0 6 5
2175 2384 10.80392 0.29987 14.38381 17.18132 5 0 0 1 3
3660 6661 11.15628 0.00375 13.76121 0.22029 10 0 0 8 2
2178 2468 10.26950 0.29786 14.00256 17.06654 4 0 0 2 1
6609 7175 11.22994 0.01664 8.73207 7.74400 48 0 0 38 31
3540 6440 11.85126 0.04017 11.75850 4.02788 22 0 0 10 12
2267 2565 11.79055 0.60432 9.51384 34.62527 5 0 0 5 3
364 4161 10.26025 0.01913 15.84403 1.10038 10 0 0 4 5
2173 2440 11.32990 0.30114 14.77914 23.51304 5 0 0 0 1
348 618 10.25119 0.00537 0.66373 0.90741 17 0 4 15 10
829 976 10.00929 0.00120 10.36946 0.08847 12 0 0 3 6
2156 2283 11.71973 0.09620 21.28558 5.51285 9 0 0 4 4
2521 5270 11.33786 0.30847 12.03467 17.67430 4 0 0 4 2
6613 7181 10.97893 0.01845 11.46463 2.19285 31 0 0 23 21
3477 6402 11.29745 0.04273 9.94344 3.51380 26 0 0 11 15
983 4146 11.78416 0.01610 16.69732 0.92026 9 0 0 5 5
6605 6975 10.99721 0.00661 10.19514 3.63647 23 0 0 17 15
825 4173 10.53017 0.01052 8.38161 4.40851 10 0 0 10 5
458 4173 11.79777 0.00987 11.88586 0.56093 9 0 0 6 3
1266 4445 10.02312 0.01663 11.92266 0.45370 15 0 0 8 4
4002 4166 11.51660 0.01168 0.50529 0.95450 13 0 0 10 7
3703 7225 11.08056 0.76917 1.57558 44.07021 11 0 0 9 7
2644 5371 11.79552 0.02474 7.66309 2.86649 14 0 0 9 8
1793 4951 11.30203 0.21655 11.49177 34.86743 7 0 0 5 3
350 897 10.50898 0.00703 18.45072 70.77255 13 0 0 5 4
654 4170 10.30159 0.01147 9.44503 3.96832 13 0 0 10 6
3680 6994 10.97298 0.13900 10.53610 2.79050 12 0 0 3 8
558 974 10.01791 0.00258 0.75172 0.78185 12 1 0 7 5
350 743 10.50898 0.00703 9.57101 5.00461 19 0 0 7 5
2422 5320 10.24209 0.74014 10.50704 26.84483 8 0 0 4 2
351 4093 11.02224 0.01386 10.07216 5.04803 12 0 0 9 6
2927 5646 10.06681 0.00285 7.79448 3.47277 15 0 0 9 5
761 4175 11.52745 0.00992 14.67633 16.66946 13 0 0 8 1
6075 6128 11.38936 0.00959 11.87431 2.49403 17 0 0 9 10
508 3982 10.49489 0.01009 10.04583 7.42914 16 0 0 8 6
484 4170 10.30159 0.01147 9.04941 0.38155 11 0 0 9 7
3660 7030 11.15628 0.00375 10.21166 3.99008 21 0 0 5 10
