439 7210 11.56698 3.10076 8.51273 177.82112 64 0 0 58 56 303 100.00000 0
4133 6514 11.38160 nan 2.77968 6.59493 10 0 0 6 3 267 100.00000 0
578 7147 11.25232 3.00914 7.83637 172.41134 10 0 0 10 6 99 100.00000 0
2202 2791 11.49669 0.02420 13.26134 1.38706 75 0 0 32 31 984 100.00000 0
2862 5475 10.45492 3.13401 10.21392 179.56524 56 2 0 42 26 802 100.00000 0
7428 7543 11.74928 0.01419 14.91849 0.81421 49 0 0 28 18 876 100.00000 0
512 7197 11.98086 3.08385 2.80840 176.69216 10 0 0 5 6 158 100.00000 0
523 7191 11.64097 3.05963 8.46108 175.30364 28 0 0 14 17 297 100.00000 0
3052 5476 11.20570 3.13283 10.35964 179.50822 62 1 1 38 36 886 100.00000 0
2048 5614 10.43174 3.08955 10.63508 177.01784 17 0 0 11 14 331 100.00000 0
3694 7003 11.88168 3.00898 24.89532 7.14575 7 0 0 7 4 180 100.00000 0
2411 5476 11.20983 3.13290 10.34573 179.50822 71 2 1 48 48 878 100.00000 0
5210 5338 10.98272 0.01316 9.75257 0.75277 58 0 0 58 36 917 100.00000 0
508 7199 11.71929 3.09812 19.91685 177.50636 7 0 0 1 1 145 100.00000 0
7428 7540 11.74909 0.01417 11.49966 10.26000 54 0 0 43 26 907 100.00000 0
5208 5281 11.98285 0.01307 9.63971 0.74913 30 0 0 16 9 676 100.00000 0
2309 5476 11.20983 3.13290 11.01864 179.50822 49 1 2 10 5 829 100.00000 0
5210 5321 10.98272 0.01316 9.81408 4.71343 42 0 0 20 15 873 100.00000 0
4139 6509 11.78473 3.13977 16.06900 179.89347 10 0 0 2 1 315 100.00000 0
505 3526 11.46548 0.13809 9.71623 7.86637 18 0 0 16 11 209 100.00000 0
2585 5475 10.45907 3.13408 7.53744 179.56524 48 1 1 40 16 774 100.00000 0
2518 5476 11.20983 3.13290 10.49168 179.50822 58 1 0 36 39 775 100.00000 0
2320 5475 10.45907 3.13408 10.12300 179.56524 49 0 0 20 25 667 100.00000 0
2679 5476 11.20983 3.13290 10.44331 179.50822 79 1 0 51 50 843 100.00000 0
1227 6504 11.53815 3.13066 2.87766 179.37882 15 0 0 0 1 322 100.00000 0
1411 6304 11.56737 3.12720 2.05544 1.06936 44 0 0 40 25 512 100.00000 0
620 3581 11.28906 0.07274 8.30730 21.25853 35 0 0 35 24 375 100.00000 0
5209 5283 11.48280 0.01318 11.08061 0.75381 43 0 0 37 23 783 100.00000 0
2358 5475 10.45907 3.13408 8.23629 179.56524 57 1 0 25 28 715 100.00000 0
2960 5476 11.20570 3.13283 10.36467 179.50822 56 0 0 13 18 743 100.00000 0
2203 2398 11.05882 0.02282 12.55883 1.30836 72 0 0 48 32 1105 100.00000 0
2296 5477 11.93388 3.13196 15.31836 179.44751 33 0 0 29 23 536 100.00000 0
906 3806 10.50705 0.01391 8.73225 0.79574 35 0 1 32 20 432 100.00000 0
3097 5477 11.92781 3.13194 15.10279 179.44822 37 0 0 3 11 728 100.00000 0
59 142 11.75631 0.02808 13.08430 10.87533 33 0 0 22 19 536 100.00000 0
2897 5476 11.20570 3.13283 11.12702 179.50822 48 0 0 26 20 784 100.00000 0
2202 2529 11.49669 0.02420 13.32397 1.38706 55 0 0 22 32 954 100.00000 0
