2000 3419 11.77103 2.29658 8.68812 131.58439 45 0 0 40 28 393 100.00000 0
939 4195 10.75276 0.55559 8.71498 31.83316 45 1 0 40 21 653 100.00000 0
1981 4568 11.29674 0.04255 6.60197 4.07420 19 0 0 19 9 295 100.00000 0
1944 4535 10.67241 0.06258 9.93924 3.47108 151 0 0 145 111 1148 100.00000 0
1004 4265 11.18746 0.01602 9.11931 0.94460 52 0 0 42 34 707 100.00000 0
1003 4248 10.56080 0.02116 9.68543 1.17337 162 0 0 155 120 1639 100.00000 0
1011 4252 10.43428 0.02551 10.30006 1.07556 178 0 0 176 147 1402 100.00000 0
993 4259 11.01126 0.01514 11.72511 1.53442 135 0 0 133 107 1338 100.00000 0
1834 4412 11.87768 0.00420 9.92720 0.79081 65 0 0 65 52 718 100.00000 0
1875 4467 10.31848 0.02322 9.71786 0.77934 198 0 0 198 178 1165 100.00000 0
1910 4502 11.95305 0.07152 11.93157 5.28661 193 0 0 193 170 1133 100.00000 0
1813 4413 10.62826 0.04454 10.66791 4.55449 63 0 0 51 36 736 100.00000 0
980 4250 10.90960 0.01631 10.91165 0.82851 150 0 0 148 114 1470 100.00000 0
1976 4547 11.30759 0.01199 10.83471 0.77329 98 0 0 96 82 937 100.00000 0
1840 4418 10.72135 0.02521 12.62650 1.52649 84 0 0 82 72 920 100.00000 0
1924 4499 11.64191 0.07469 11.46583 4.55354 195 0 0 195 176 1378 100.00000 0
990 4240 11.05713 0.01777 11.27101 1.15826 181 0 0 170 139 1553 100.00000 0
1003 4247 11.85033 0.01925 11.30498 0.97799 194 0 0 177 151 1602 100.00000 0
945 4202 10.75995 0.16724 9.45598 4.26930 76 0 0 74 53 1040 100.00000 0
993 4242 11.04556 0.01593 10.69602 1.24017 199 0 0 197 170 1628 100.00000 0
1917 4492 11.66333 0.08720 11.75968 4.24676 166 0 0 166 137 1108 100.00000 0
1920 4496 10.29123 0.07388 10.41201 4.28203 194 0 0 194 156 1167 100.00000 0
1953 4527 11.82973 0.05470 10.69764 3.30523 93 0 0 90 63 1079 100.00000 0
1003 4265 11.85233 0.01634 6.64018 0.95900 58 3 1 51 35 660 100.00000 0
1846 4423 11.27993 0.01279 10.79730 0.74599 121 0 0 116 103 1247 100.00000 0
1971 4543 11.59748 0.02409 10.49989 4.99826 76 0 0 68 41 893 100.00000 0
1799 4406 11.22994 0.40873 12.81912 23.41915 35 2 0 21 20 543 100.00000 0
1934 4525 10.74210 0.08102 10.95723 4.01756 147 0 0 147 126 869 100.00000 0
1879 4455 11.93614 0.01705 11.95621 1.14978 127 0 0 125 106 1050 100.00000 0
1921 4512 10.95557 0.07440 10.61649 4.42226 241 0 0 241 224 1266 100.00000 0
1016 4254 10.51339 0.01777 10.94634 1.66765 109 0 0 105 77 831 100.00000 0
1024 4257 10.44843 0.13301 9.16206 2.30936 49 0 0 45 22 750 100.00000 0
1996 4559 10.09778 0.26574 5.39502 3.29075 30 0 0 23 17 385 100.00000 0
1847 4441 11.55264 0.03036 10.34234 1.75769 111 0 0 109 97 1171 100.00000 0
1855 4432 10.69944 0.01525 10.33529 0.59676 104 0 0 100 87 1221 100.00000 0
935 4217 11.30734 0.02482 11.74499 1.43885 136 1 1 132 106 1157 100.00000 0
1988 4554 11.73670 0.04640 10.28048 2.07320 56 0 0 54 41 647 100.00000 0
1966 4539 11.40828 0.03065 11.40919 2.32052 91 0 0 83 77 713 100.00000 0
1973 4545 11.03296 0.01471 9.63764 1.66366 92 0 0 90 72 749 100.00000 0
1930 4505 11.57754 0.07154 11.45861 4.54079 278 0 0 273 250 1359 100.00000 0
1837 4431 10.31661 0.01613 9.99745 0.89087 140 0 0 138 121 930 100.00000 0
1962 4536 10.60356 0.03098 10.36765 3.13737 98 0 0 86 81 839 100.00000 0
1007 4249 11.88875 0.02524 11.28135 1.14671 156 0 0 148 113 1423 100.00000 0
1972 4562 11.86741 0.00792 11.54741 0.96631 81 0 0 75 63 732 100.00000 0
1932 4508 10.13007 0.06367 9.79909 3.61444 216 0 0 211 191 1186 100.00000 0
944 4200 11.37483 0.26690 10.36537 3.63195 82 0 0 82 55 1083 100.00000 0
1880 4457 10.42538 0.01939 9.87011 1.13712 102 0 0 90 76 997 100.00000 0
2014 4578 10.50472 1.29741 10.16238 74.33621 25 0 0 22 11 375 100.00000 0
1846 4439 10.12485 0.02364 9.60548 1.39942 122 0 0 119 100 1305 100.00000 0
1972 4561 10.60044 0.00623 8.44683 0.41965 87 0 0 79 52 889 100.00000 0
1831 4410 11.25117 0.00843 10.17674 0.48457 81 0 0 79 64 749 100.00000 0
994 4259 10.21233 0.01528 10.27783 0.92999 127 0 0 120 81 1298 100.00000 0
995 4243 11.35005 0.01201 11.25804 0.71436 166 0 0 164 116 1685 100.00000 0
1859 4452 10.91428 0.01579 10.37532 1.19910 157 0 0 149 137 1134 100.00000 0
3352 4622 11.27447 3.01766 11.73617 172.89505 34 2 0 21 15 346 100.00000 0
2003 4561 11.35958 0.65753 5.84107 2.34051 20 0 0 16 9 251 100.00000 0
1884 4476 10.86859 0.03449 11.70088 0.76566 149 0 0 143 123 1190 100.00000 0
971 4244 11.93306 0.02119 12.04700 0.89087 98 0 0 98 65 1117 100.00000 0
1960 4551 11.58699 0.02696 11.64408 1.20918 138 0 0 124 88 1052 100.00000 0
996 4261 11.33696 0.01223 11.83931 0.72145 95 0 0 90 70 985 100.00000 0
1821 4418 10.12617 0.03128 7.45588 1.76414 72 0 0 67 46 798 100.00000 0
1025 4257 10.93063 0.17115 11.25631 1.77432 50 0 0 48 32 627 100.00000 0
1865 4442 10.81550 0.01758 10.89882 0.98278 181 0 0 174 148 1340 100.00000 0
1856 4433 10.68525 0.01605 10.86441 0.51738 121 0 0 118 94 1185 100.00000 0
972 4244 10.96688 0.02179 10.06771 1.00405 103 0 0 101 76 1096 100.00000 0
1864 4457 11.20748 0.01387 11.19416 0.84441 137 0 0 129 116 1294 100.00000 0
1876 4468 10.39770 0.02699 10.30209 1.11768 160 0 0 158 136 1075 100.00000 0
1798 4406 11.85898 0.46166 8.23776 7.08017 32 0 0 29 22 484 100.00000 0
1955 4530 10.25962 0.03967 9.52193 3.31647 134 0 0 130 113 1220 100.00000 0
1987 4554 11.06692 0.03716 10.34181 2.52987 82 0 0 74 58 692 100.00000 0
1902 4478 10.28896 0.01911 10.43403 1.81165 102 0 0 89 90 1083 100.00000 0
1871 4463 10.08523 0.01647 9.14382 0.70332 113 0 0 111 94 1040 100.00000 0
988 4239 10.56721 0.01697 10.49723 0.99071 223 0 0 219 186 1738 100.00000 0
991 4241 10.65182 0.01536 10.55096 1.34261 149 0 0 138 121 1598 100.00000 0
1845 4423 10.03944 0.01190 10.05887 0.88249 141 0 0 139 113 1352 100.00000 0
1833 4428 10.89598 0.00736 10.67301 0.29475 133 0 0 123 109 1000 100.00000 0
1861 4438 10.71111 0.01766 9.59911 0.36045 126 0 0 122 111 1116 100.00000 0
1915 4491 10.29585 0.08084 10.49221 3.82193 189 0 0 184 172 1121 100.00000 0
1800 4406 10.64921 0.35751 7.86863 7.59864 41 0 0 37 31 609 100.00000 0
1818 4400 11.67105 0.03280 10.78040 5.75047 58 0 0 46 40 729 100.00000 0
3336 4614 11.18141 2.85533 13.90019 163.59664 30 0 0 22 22 426 100.00000 0
1964 4555 11.83696 0.02242 11.61343 1.60059 133 0 0 133 108 862 100.00000 0
989 4240 10.18471 0.01666 10.49259 0.99623 198 0 0 183 158 1526 100.00000 0
