5988 8036 10.63461 2.17040 0.95073 2.51591 41 21 12 34 12 232 100.00000 0
1414 5052 10.33247 0.36931 0.31885 0.42978 77 74 2 71 54 411 100.00000 0
5077 6904 10.86195 3.00305 1.23500 2.12688 13 1 0 9 5 115 100.00000 0
5152 6832 10.06994 3.13832 1.82840 1.86194 21 1 0 15 10 176 100.00000 0
1383 4966 10.28066 0.07490 0.27579 0.73115 37 28 6 25 17 255 100.00000 0
5412 6699 10.68882 2.38054 0.58661 1.88616 66 49 5 48 26 401 100.00000 0
283 8736 11.53186 0.06029 0.40180 0.15826 93 79 5 82 59 373 100.00000 0
1444 5046 10.90901 0.33415 0.27012 0.78882 60 41 16 45 22 366 100.00000 0
5416 6686 11.19655 2.12976 1.63616 1.35797 50 31 0 35 14 348 100.00000 0
568 3789 11.33644 0.02823 0.69732 1.52880 70 67 2 57 25 416 100.00000 0
4743 7181 10.95530 2.92613 1.76859 1.50818 33 0 0 25 16 312 100.00000 0
551 3799 10.99034 0.03162 0.71430 1.24238 74 61 9 65 44 408 100.00000 0
451 3708 11.51139 0.00466 0.35429 0.32626 40 36 1 22 20 251 100.00000 0
1481 5085 11.31140 0.16682 0.39997 1.10358 72 65 2 72 48 469 100.00000 0
1602 5348 11.99639 0.01276 0.48760 0.74125 16 14 0 14 10 88 100.00000 0
6308 7718 11.32889 3.08737 1.05612 1.65067 28 12 0 24 13 172 100.00000 0
4678 7207 11.63310 2.48294 1.26550 2.20247 48 2 2 44 15 412 100.00000 0
4737 7202 11.02315 2.65492 1.91698 0.24708 48 1 0 45 23 345 100.00000 0
4701 7233 10.63455 1.64708 1.88375 2.52584 82 0 0 73 20 455 100.00000 0
1378 4993 10.70005 0.01567 0.52751 0.79819 64 53 9 60 46 368 100.00000 0
1555 5205 10.74876 0.00984 0.29504 0.59610 23 20 3 19 11 138 100.00000 0
1082 4433 11.63277 0.06594 0.27006 0.95368 47 40 6 42 23 625 100.00000 0
342 8893 11.77738 0.01828 0.98327 0.84441 59 29 0 50 36 251 100.00000 0
5111 6866 10.18816 3.12082 1.75523 2.05804 25 3 3 15 6 211 100.00000 0
6031 8030 10.30772 3.13107 1.58466 4.34018 12 0 6 2 3 101 100.00000 0
3300 8461 11.51975 0.00966 0.19057 0.54680 42 40 2 34 27 229 100.00000 0
3309 8438 11.77066 0.01154 0.24226 0.52489 59 54 1 46 37 282 100.00000 0
787 4003 11.50998 0.01277 0.45944 0.82709 64 57 5 61 35 208 100.00000 0
570 3792 10.40776 0.02981 0.15319 1.71692 76 69 7 67 48 408 100.00000 0
1524 5135 11.01220 0.00244 0.25618 0.28116 43 41 1 34 24 153 100.00000 0
797 4017 10.74661 0.01164 0.32836 0.73807 36 35 1 36 24 184 100.00000 0
2948 6004 10.19878 1.18354 0.42810 2.35102 15 6 1 9 8 96 100.00000 0
5390 6681 11.48172 2.06655 0.61638 1.55469 67 58 5 53 30 435 100.00000 0
2963 8097 10.74930 0.02549 0.37667 1.27011 16 13 3 12 6 120 100.00000 0
1587 5217 10.75116 0.01148 0.29035 0.22555 79 74 4 75 53 454 100.00000 0
2916 5965 10.05853 0.09146 0.91474 2.04832 78 72 5 68 42 357 100.00000 0
6310 7717 11.61955 3.08949 0.66945 1.61034 26 11 7 14 5 214 100.00000 0
3625 8929 10.11312 0.03816 0.48904 0.91984 114 99 11 101 86 494 100.00000 0
336 8867 11.13984 0.02555 0.77194 1.38903 128 122 4 117 74 402 100.00000 0
1600 6738 11.81658 3.13946 1.74094 0.52934 24 0 0 24 10 136 100.00000 0
1414 5015 11.07950 0.08558 0.50267 0.54393 59 54 3 55 42 275 100.00000 0
737 3942 10.32301 0.84648 0.97862 1.63303 101 50 9 97 48 485 100.00000 0
42 3414 11.75156 0.02822 1.86222 0.24389 42 0 1 33 26 127 100.00000 0
128 3419 11.74596 0.01835 0.53226 0.54032 61 51 6 57 33 228 100.00000 0
1100 4418 10.65491 0.05900 0.24608 0.57878 44 38 3 37 31 621 100.00000 0
1495 5102 10.99809 0.02144 1.12563 1.51981 31 21 1 19 14 314 100.00000 0
941 4172 10.52709 0.02551 0.77325 1.35104 53 38 3 29 18 433 100.00000 0
2698 5646 11.29122 0.15585 0.36980 0.92704 46 39 4 35 28 267 100.00000 0
504 3733 10.98126 0.01194 0.35161 0.75433 74 70 3 54 40 360 100.00000 0
3277 8396 10.19108 0.42275 1.03915 1.43040 54 29 0 39 29 226 100.00000 0
1522 5132 11.52055 0.00711 0.64035 1.03552 37 31 6 37 27 176 100.00000 0
1449 6912 11.35509 2.89181 0.95777 2.23195 26 19 1 26 11 194 100.00000 0
1237 7135 10.41648 3.08859 1.45493 1.02908 60 1 1 46 19 453 100.00000 0
3223 8324 11.32034 0.02473 0.68497 0.87938 30 18 7 28 12 234 100.00000 0
2934 5949 10.19149 0.03884 0.64214 2.24193 40 37 0 30 18 218 100.00000 0
4771 7103 10.65832 3.09293 1.68661 1.23606 91 0 0 75 25 684 100.00000 0
4736 7121 10.95820 3.11465 1.11820 1.10003 95 16 4 81 36 573 100.00000 0
1012 4325 10.68182 0.02837 0.45509 1.54256 33 21 4 33 15 339 100.00000 0
108 8610 10.49891 0.04796 0.27962 0.56232 24 22 2 24 17 118 100.00000 0
5097 6852 11.69156 3.12546 1.51245 1.03439 14 0 0 10 5 192 100.00000 0
5084 6894 10.58147 3.04418 1.22553 1.80710 27 11 1 23 14 140 100.00000 0
3234 8402 11.47139 0.97493 0.95348 0.61038 43 29 12 39 16 210 100.00000 0
1364 4931 11.87389 0.01883 0.74723 0.91514 59 39 12 47 32 437 100.00000 0
546 3770 11.35102 0.04734 0.85315 0.87581 68 42 6 57 31 491 100.00000 0
1637 6693 11.63501 2.20014 0.73893 1.08534 15 6 4 13 6 118 100.00000 0
3168 8276 11.53381 0.07247 0.49929 0.73913 18 15 3 16 8 182 100.00000 0
49 3414 11.75156 0.02822 1.93268 0.12195 32 0 0 13 18 142 100.00000 0
1143 4551 10.01507 0.07036 0.40905 1.12152 123 111 5 119 79 678 100.00000 0
3280 8398 11.13507 0.37005 0.95706 0.84023 55 46 4 45 39 249 100.00000 0
102 3428 11.50927 0.05388 0.45824 0.59479 56 52 0 43 29 259 100.00000 0
5010 6968 11.29138 2.95108 0.59013 1.44942 25 20 3 23 14 118 100.00000 0
1213 7223 11.34054 1.90211 1.73244 1.12012 64 1 0 56 31 359 100.00000 0
5048 6896 11.73193 2.63804 1.15081 2.13130 23 2 0 21 11 176 100.00000 0
243 8697 10.88567 0.03663 0.50995 2.11378 83 73 10 75 43 363 100.00000 0
4691 7164 11.27247 3.02844 1.51160 1.77542 101 2 5 96 64 556 100.00000 0
3233 8398 10.80862 0.87012 0.34818 0.14265 50 41 7 37 25 215 100.00000 0
880 4105 11.93766 0.04189 1.02849 2.19071 45 39 4 38 12 302 100.00000 0
5994 8067 10.56765 1.58472 0.82230 2.72160 12 4 0 3 4 116 100.00000 0
1213 4645 10.41249 0.08131 0.82195 1.92783 85 78 6 74 21 555 100.00000 0
3279 8399 10.36215 0.33464 0.77217 1.40221 100 70 5 75 60 301 100.00000 0
1215 4647 11.38444 0.07990 0.41393 1.04568 34 22 9 20 16 342 100.00000 0
3200 8307 10.45604 0.16594 0.36935 1.55091 53 50 3 44 28 259 100.00000 0
1624 5383 11.25008 0.02525 0.56203 1.14774 30 17 10 22 14 218 100.00000 0
1279 4835 10.99875 0.05521 0.27564 1.20008 40 24 14 32 9 469 100.00000 0
5230 6759 11.88507 3.12304 0.84774 1.39998 19 7 2 10 6 167 100.00000 0
1068 4364 11.00272 0.03437 0.30827 0.58350 69 65 4 66 52 402 100.00000 0
8856 8910 10.38949 0.03636 0.84839 2.06942 134 118 6 132 72 486 100.00000 0
3361 8501 10.24352 0.00476 0.24131 0.43069 53 49 3 44 27 376 100.00000 0
3426 8620 11.04902 0.02550 0.15947 0.27976 28 25 3 26 12 159 100.00000 0
981 4224 11.26091 0.41318 0.95042 2.57162 99 89 8 90 36 502 100.00000 0
168 3467 10.54856 0.01504 0.41265 0.10835 108 102 3 99 75 374 100.00000 0
5301 6767 11.10638 3.12139 0.79530 1.13125 17 12 2 8 8 127 100.00000 0
532 3783 11.79261 0.01484 0.31386 0.54176 44 38 3 34 24 436 100.00000 0
229 3516 11.83603 0.02063 0.87090 1.18762 90 81 4 82 49 398 100.00000 0
5407 6672 11.61022 1.98239 0.84313 1.26640 62 39 4 50 21 409 100.00000 0
105 3405 10.30328 0.02403 0.49207 1.11030 56 47 3 45 25 202 100.00000 0
1250 7179 10.82512 3.00906 1.99467 2.02642 30 1 0 23 13 297 100.00000 0
6134 7909 11.09334 3.13980 1.94236 0.56924 67 5 6 40 11 479 100.00000 0
3233 8332 11.28283 0.19775 1.44006 1.88596 39 16 3 28 12 287 100.00000 0
1250 7185 11.46706 2.97565 1.63727 0.32143 23 0 1 15 8 291 100.00000 0
367 8881 11.25742 0.03415 0.69599 0.38563 63 51 8 57 45 330 100.00000 0
8851 8903 10.87758 0.03191 0.86625 1.79166 88 66 10 80 38 388 100.00000 0
7163 7227 11.30097 1.23672 0.56680 1.48279 74 64 8 72 46 312 100.00000 0
1263 7139 11.60710 3.04318 1.53695 1.59741 71 6 3 54 22 464 100.00000 0
1622 5377 10.00534 0.02559 0.55936 1.34348 27 19 0 14 13 123 100.00000 0
1177 4562 11.54704 0.05295 0.48852 1.19779 48 39 4 46 26 466 100.00000 0
3029 8133 10.50345 0.01303 0.53250 0.55461 31 26 2 27 20 351 100.00000 0
1409 6925 10.24348 2.87217 0.79316 1.63614 40 11 1 30 13 269 100.00000 0
2665 5613 10.83734 0.09575 0.16645 1.12813 36 28 2 23 21 188 100.00000 0
1678 5403 10.94540 1.13851 1.14079 0.29739 21 6 5 13 6 182 100.00000 0
5416 6678 11.92093 2.03890 0.65683 1.70777 91 69 5 66 41 469 100.00000 0
2735 5688 10.25589 0.08270 0.61018 1.23480 12 8 2 6 6 100 100.00000 0
1592 6749 10.57266 3.13709 1.36973 1.91070 13 2 1 11 5 148 100.00000 0
1248 7191 10.42904 2.91139 1.69195 0.46055 43 0 0 29 15 318 100.00000 0
1426 5071 11.44287 0.45463 0.64895 0.76105 68 51 7 57 38 352 100.00000 0
192 8650 11.83438 0.01129 0.08546 0.50899 69 65 2 61 39 285 100.00000 0
3047 8150 10.53539 0.03481 0.30106 1.29180 64 55 3 60 44 346 100.00000 0
3469 8646 11.29900 0.00978 0.51178 0.33804 57 44 12 53 33 252 100.00000 0
1213 4706 11.12573 0.09906 0.45847 2.50593 73 65 4 59 37 590 100.00000 0
1099 4475 10.85715 0.05417 0.75112 0.33220 74 53 1 60 48 541 100.00000 0
421 3656 11.26950 0.01192 0.28306 0.45714 197 196 1 191 158 554 100.00000 0
662 3879 10.00162 0.02537 0.25349 0.34830 98 88 9 92 55 651 100.00000 0
65 8585 10.74196 0.02857 1.28113 0.51889 46 9 0 39 33 133 100.00000 0
869 4131 11.49482 0.00704 0.28856 0.22029 56 51 5 51 36 255 100.00000 0
3261 8367 10.18055 0.90672 0.35160 0.78435 53 41 4 44 33 283 100.00000 0
191 8676 10.85739 0.01627 0.35729 0.48457 61 57 4 54 34 335 100.00000 0
537 3786 10.26905 0.01459 0.26171 0.37742 70 65 4 50 29 438 100.00000 0
2942 6000 10.13712 1.02719 0.55825 1.39016 26 12 1 18 13 179 100.00000 0
339 3582 11.07659 0.02189 0.53563 0.31898 131 125 4 121 104 409 100.00000 0
2591 5585 11.46648 1.38067 0.57518 0.71655 39 23 14 37 20 143 100.00000 0
976 4213 11.91001 0.44477 0.94258 2.21116 90 80 8 81 32 458 100.00000 0
4910 7013 11.18828 2.99508 1.54332 1.70134 72 1 0 58 36 845 100.00000 0
1655 6681 10.84117 1.78538 0.55594 0.99897 84 55 21 54 25 458 100.00000 0
2958 8092 11.48210 0.04144 0.35796 1.21305 20 19 1 18 9 158 100.00000 0
1132 4482 10.47787 0.07895 0.42029 0.24389 88 74 9 79 56 602 100.00000 0
1408 5007 10.78992 0.08551 0.27906 0.93712 96 87 9 87 59 452 100.00000 0
769 3981 10.28932 0.27680 0.49321 2.20336 74 41 3 51 35 269 100.00000 0
1130 4476 11.33315 0.08089 0.41809 0.29608 93 85 6 91 64 651 100.00000 0
2661 5639 10.78855 0.09797 0.22072 0.96103 25 21 2 25 17 146 100.00000 0
4757 7150 10.35057 3.12753 1.71087 1.51698 59 0 1 46 23 380 100.00000 0
3363 8531 10.02579 0.01563 0.43025 0.76002 74 69 5 70 37 346 100.00000 0
1366 6980 11.22658 3.09564 1.63782 1.83803 15 0 0 15 4 273 100.00000 0
322 8824 10.70421 0.05112 0.42523 0.55673 187 170 4 183 157 511 100.00000 0
253 3533 10.07381 0.01522 0.58378 0.46814 83 76 7 77 58 409 100.00000 0
3589 8857 11.26583 0.05082 0.36210 2.77827 106 99 5 100 71 400 100.00000 0
1351 7022 10.63067 3.12180 1.65169 2.92690 47 0 0 43 20 554 100.00000 0
1290 4812 10.21574 0.02344 0.44537 0.80162 86 34 37 75 21 671 100.00000 0
7176 7230 11.12103 1.25418 0.51909 1.55545 53 45 8 51 34 264 100.00000 0
2594 5597 11.45521 1.31962 0.98717 2.24960 13 8 3 13 4 85 100.00000 0
2653 5634 11.79973 0.05114 0.97555 1.30476 18 5 2 15 11 97 100.00000 0
3062 8165 11.55130 0.04840 0.31999 1.77850 18 14 3 12 5 224 100.00000 0
4679 7225 11.35288 1.83809 1.20244 0.37742 76 6 0 69 28 476 100.00000 0
4859 7081 11.68554 3.11619 1.78952 0.54680 66 0 0 64 20 431 100.00000 0
3386 8531 10.75178 0.01039 0.21121 0.50513 69 54 14 60 28 380 100.00000 0
1627 5326 11.75301 0.02710 0.26577 1.11065 28 19 7 23 15 132 100.00000 0
4904 7044 11.76883 3.09693 1.83255 2.57040 120 3 0 108 54 818 100.00000 0
1170 4608 11.71303 0.03794 0.44152 0.94709 30 17 3 25 14 426 100.00000 0
1614 5367 10.98412 0.01304 0.84024 0.47478 28 21 4 21 13 260 100.00000 0
3194 8343 11.41136 0.07426 0.53206 0.93962 34 26 7 32 18 223 100.00000 0
3422 8616 11.77707 0.03243 0.53531 0.45970 36 31 1 29 21 164 100.00000 0
7165 7229 11.66662 1.28931 0.89511 1.48517 36 28 8 27 20 247 100.00000 0
914 4142 10.49397 0.00972 0.44923 0.53376 69 61 7 62 38 253 100.00000 0
2901 5947 11.18402 0.03651 0.40137 2.07999 28 25 1 26 9 184 100.00000 0
7162 7225 11.08314 1.16855 0.82208 0.85501 70 60 9 64 37 342 100.00000 0
5237 5295 11.24141 0.01397 0.63987 1.52316 15 6 0 15 6 83 100.00000 0
2593 5582 11.56355 1.34431 0.64857 1.30296 34 23 1 32 16 122 100.00000 0
3092 8196 11.34989 0.12846 0.60910 0.76002 18 12 1 11 9 145 100.00000 0
755 4009 11.81708 0.12823 0.42021 1.58091 100 78 11 75 53 325 100.00000 0
1224 4670 10.01207 0.05575 0.43151 0.64528 94 88 6 90 57 690 100.00000 0
3605 8830 11.32970 0.06066 0.88536 3.42566 109 62 19 105 75 382 100.00000 0
5382 6692 10.14992 2.20815 0.86692 0.90525 18 7 3 12 9 186 100.00000 0
4758 7153 11.79342 3.11472 1.96146 1.48675 60 0 0 43 12 379 100.00000 0
116 8583 10.99558 0.01661 0.50449 0.66617 37 32 3 33 25 191 100.00000 0
1031 4314 10.09291 0.01767 0.25117 1.16264 34 32 2 28 20 248 100.00000 0
3620 8883 11.31508 0.03541 1.08524 0.56510 105 28 4 99 88 392 100.00000 0
3173 8280 11.97832 0.11593 0.38152 0.99229 49 31 12 47 21 319 100.00000 0
1051 4371 10.37330 0.01401 0.32080 0.59807 51 43 4 43 34 509 100.00000 0
991 4303 11.40733 0.34054 0.62715 0.53959 78 58 6 67 48 474 100.00000 0
333 3578 10.01554 0.02137 0.60035 0.35388 143 134 6 141 121 356 100.00000 0
