3660 6675 11.15628 0.00375 3.66796 3.06529 15 8 4 9 4 106 100.00000 0
1949 5079 10.80691 0.00882 26.69492 122.23622 4 0 0 0 0 21 100.00000 0
3645 6593 11.70663 0.00345 34.24797 0.20558 4 0 0 2 3 25 100.00000 0
3559 6480 11.23116 0.01288 3.51774 1.44888 21 0 0 15 9 164 100.00000 0
2429 5323 11.68318 0.82280 2.24630 2.68278 113 104 7 100 72 353 100.00000 0
2172 2321 11.33265 0.27787 2.54549 3.30677 66 60 0 43 39 205 100.00000 0
2472 2581 11.22698 0.77641 2.42257 2.69341 119 89 6 109 91 394 100.00000 0
3535 6455 10.86530 0.03133 12.14958 0.23573 7 0 0 2 2 38 100.00000 0
3526 6446 10.51057 0.03046 15.31205 1.74496 6 0 0 1 4 48 100.00000 0
2476 5321 10.45620 0.77092 2.40934 2.83103 141 107 25 129 102 355 100.00000 0
2411 5323 11.68318 0.82280 2.21947 2.71238 95 88 4 82 70 324 100.00000 0
6603 7152 11.74402 0.00648 2.10986 1.48938 23 15 1 14 8 134 100.00000 0
2495 5320 10.24209 0.74014 2.41594 3.03938 112 91 13 103 62 381 100.00000 0
6603 6748 11.74586 0.00594 2.32303 1.89775 19 12 3 11 6 161 100.00000 0
2320 5321 10.76751 0.80012 2.17939 2.53898 108 97 9 99 64 352 100.00000 0
2488 5323 11.68318 0.82280 2.19336 2.71036 100 94 5 84 66 373 100.00000 0
1915 5045 11.31781 0.00580 69.37094 169.53514 4 0 0 4 4 18 100.00000 0
8038 8089 11.01070 0.43522 2.20113 3.00348 77 22 1 72 46 386 100.00000 0
3660 6714 11.15628 0.00375 3.16485 2.70443 24 6 7 5 4 120 100.00000 0
2511 2583 11.93117 0.82358 2.79230 3.00101 82 66 6 71 50 325 100.00000 0
2335 2582 11.44621 0.80088 2.42559 2.77093 107 97 7 94 65 386 100.00000 0
2359 5321 10.45620 0.77092 2.24566 2.86129 131 122 7 122 84 373 100.00000 0
2337 5323 11.68318 0.82280 2.23227 2.70226 79 74 3 66 46 304 100.00000 0
1942 5057 10.01155 0.01166 31.45140 169.09156 4 0 0 2 1 10 100.00000 0
1927 5040 11.80408 0.00990 10.38445 0.56786 4 1 0 0 2 13 100.00000 0
6609 7175 11.22994 0.01664 2.64026 1.83696 23 4 4 11 4 176 100.00000 0
3540 6440 11.85126 0.04017 10.51670 20.33137 4 1 0 1 2 17 100.00000 0
1793 4951 11.30203 0.21655 32.77524 12.40750 9 1 0 9 3 25 100.00000 0
2422 5320 10.24209 0.74014 2.40879 3.03435 95 84 9 93 60 323 100.00000 0
