4788 7095 10.81350 3.14082 2.19216 0.85957 67 0 0 55 39 683 100.00000 0
1383 4966 10.28066 0.07490 11.30776 4.29154 50 0 0 44 12 588 100.00000 0
5412 6699 10.68882 2.38054 9.51137 136.39515 10 0 0 7 6 135 100.00000 0
4743 7181 10.95530 2.92613 12.77554 167.65486 16 0 0 9 2 235 100.00000 0
1602 5348 11.99639 0.01276 19.41541 0.72739 19 0 0 9 8 248 100.00000 0
38 3387 11.50802 0.00420 2.45904 1.01182 32 0 0 28 19 295 100.00000 0
39 8586 11.48626 0.03120 12.82066 1.78619 12 0 0 7 7 155 100.00000 0
4701 7233 10.63455 1.64708 30.90760 94.37098 9 0 0 3 4 243 100.00000 0
1555 5205 10.74876 0.00984 3.42994 0.56924 10 0 0 5 4 166 100.00000 0
1082 4433 11.63277 0.06594 13.09620 7.50111 67 0 0 67 56 1140 100.00000 0
5111 6866 10.18816 3.12082 2.16869 12.73112 21 0 0 9 9 327 100.00000 0
3300 8461 11.51975 0.00966 11.59470 1.65517 55 0 0 46 46 470 100.00000 0
3309 8438 11.77066 0.01154 14.15419 1.93270 55 0 0 51 50 512 100.00000 0
787 4003 11.50998 0.01277 8.90177 0.73168 13 0 0 11 8 230 100.00000 0
17 3387 11.50802 0.00420 2.62252 0.84302 30 0 0 25 16 301 100.00000 0
42 3414 11.75156 0.02822 14.10773 1.61762 17 0 0 10 12 195 100.00000 0
4796 7122 11.95018 3.03352 12.13192 173.80799 21 0 0 2 6 507 100.00000 0
1100 4418 10.65491 0.05900 10.61200 6.24849 67 0 0 65 51 1052 100.00000 0
1495 5102 10.99809 0.02144 3.27473 4.42164 38 0 0 15 24 524 100.00000 0
2698 5646 11.29122 0.15585 14.92980 8.92988 24 0 0 4 6 339 100.00000 0
3277 8396 10.19108 0.42275 3.19588 24.22215 17 0 0 0 2 223 100.00000 0
2934 5949 10.19149 0.03884 15.58008 2.22581 22 1 0 14 6 322 100.00000 0
4771 7103 10.65832 3.09293 10.97941 177.21189 40 0 0 16 18 624 100.00000 0
1537 6800 10.97155 3.13928 11.71387 179.86878 14 0 0 7 2 217 100.00000 0
1012 4325 10.68182 0.02837 7.15777 2.22792 21 0 0 19 15 266 100.00000 0
45 100 11.49053 0.02079 15.32043 1.19223 17 1 1 2 4 186 100.00000 0
49 3414 11.75156 0.02822 13.45272 1.61762 21 1 0 11 8 199 100.00000 0
3280 8398 11.13507 0.37005 9.71285 2.63775 25 0 0 16 13 274 100.00000 0
880 4105 11.93766 0.04189 9.35176 2.39931 22 0 1 4 8 254 100.00000 0
3279 8399 10.36215 0.33464 2.46419 19.17340 26 0 0 19 19 250 100.00000 0
25 8585 10.74196 0.02857 13.12915 1.63662 15 0 0 5 5 163 100.00000 0
1279 4835 10.99875 0.05521 11.53704 5.95898 29 0 0 23 18 518 100.00000 0
1068 4364 11.00272 0.03437 11.81618 5.06283 37 0 0 13 19 720 100.00000 0
3361 8501 10.24352 0.00476 9.75412 0.74388 58 0 0 54 45 521 100.00000 0
981 4224 11.26091 0.41318 4.02714 7.76278 8 0 0 1 2 164 100.00000 0
5217 6790 11.76252 3.13150 16.20397 138.64234 11 0 0 7 7 157 100.00000 0
5301 6767 11.10638 3.12139 10.58839 178.84090 21 0 0 17 16 217 100.00000 0
1250 7179 10.82512 3.00906 2.17927 2.88744 14 0 0 6 4 253 100.00000 0
6134 7909 11.09334 3.13980 12.06877 179.88131 15 0 0 11 6 157 100.00000 0
1250 7185 11.46706 2.97565 6.88233 170.49221 23 0 0 12 12 337 100.00000 0
1263 7139 11.60710 3.04318 12.31971 174.36132 13 0 0 8 9 392 100.00000 0
1177 4562 11.54704 0.05295 12.93870 3.56051 38 0 0 33 21 427 100.00000 0
3029 8133 10.50345 0.01303 15.63071 178.74539 23 0 0 10 8 367 100.00000 0
2665 5613 10.83734 0.09575 7.23892 5.48548 50 0 0 44 23 403 100.00000 0
5416 6678 11.92093 2.03890 7.11013 33.93377 9 1 0 4 5 91 100.00000 0
1248 7191 10.42904 2.91139 5.88977 166.81067 17 0 0 3 5 405 100.00000 0
192 8650 11.83438 0.01129 12.64234 1.19714 21 0 0 18 17 201 100.00000 0
3469 8646 11.29900 0.00978 10.00558 1.67701 43 0 0 43 37 303 100.00000 0
1099 4475 10.85715 0.05417 12.09800 5.74992 62 0 0 39 46 1104 100.00000 0
421 3656 11.26950 0.01192 10.49657 3.35439 28 0 0 11 8 544 100.00000 0
191 8676 10.85739 0.01627 10.97560 5.25330 35 0 0 33 28 242 100.00000 0
4968 6996 11.42188 3.09670 5.20516 1.96841 38 0 0 35 27 571 100.00000 0
1132 4482 10.47787 0.07895 8.99635 0.45197 53 0 0 42 33 1280 100.00000 0
769 3981 10.28932 0.27680 11.71630 9.26824 15 0 0 11 9 235 100.00000 0
1130 4476 11.33315 0.08089 6.73505 0.96631 51 0 0 39 27 1085 100.00000 0
3363 8531 10.02579 0.01563 9.78191 4.24676 54 0 0 37 46 364 100.00000 0
1366 6980 11.22658 3.09564 13.92811 177.36745 107 0 0 107 67 1233 100.00000 0
1541 6820 11.95588 3.13107 14.16348 179.40686 7 0 0 5 4 105 100.00000 0
7176 7230 11.12103 1.25418 10.80416 71.85889 22 1 1 5 8 278 100.00000 0
3062 8165 11.55130 0.04840 6.62925 2.77432 27 0 0 7 15 305 100.00000 0
4859 7081 11.68554 3.11619 13.02849 50.37004 46 0 0 27 32 450 100.00000 0
3386 8531 10.75178 0.01039 3.98728 0.59215 30 0 3 18 18 246 100.00000 0
1627 5326 11.75301 0.02710 13.10747 1.55343 15 0 0 5 6 221 100.00000 0
4904 7044 11.76883 3.09693 2.31478 2.37751 26 0 0 11 10 366 100.00000 0
1170 4608 11.71303 0.03794 12.40807 4.51163 17 0 0 15 13 292 100.00000 0
3422 8616 11.77707 0.03243 4.71029 15.11621 10 0 0 4 4 180 100.00000 0
56 8547 11.75274 0.00574 2.39145 0.40056 16 0 0 11 10 172 100.00000 0
5237 5295 11.24141 0.01397 9.86252 6.34829 21 0 0 3 7 270 100.00000 0
2593 5582 11.56355 1.34431 14.78339 77.02333 17 0 0 4 3 289 100.00000 0
6228 7812 11.51755 3.13286 16.89342 6.01660 34 0 0 20 16 944 100.00000 0
3092 8196 11.34989 0.12846 8.16446 7.35989 30 0 0 28 12 383 100.00000 0
4782 7130 10.77576 3.06593 6.37667 10.78609 12 0 0 0 5 340 100.00000 0
