115 1547 10.74453 1.81495 0.14540 4.34884 136 32 26 134 84
2449 3377 11.51103 1.06393 0.33295 2.54714 181 64 41 181 112
371 2423 11.23183 1.47320 0.04943 1.70134 189 71 32 186 138
578 3561 10.68366 1.14106 0.03716 1.47193 362 135 99 362 296
525 3499 10.48394 0.06692 0.03873 0.66852 118 22 23 105 78
2334 3288 10.21449 0.60180 0.12561 1.73190 125 24 22 121 88
391 2423 11.78355 1.43327 0.77832 3.25052 159 35 36 157 58
1403 3556 10.73074 2.22336 0.12795 0.81036 257 89 41 253 207
15 4449 11.54991 0.30032 0.11768 0.91386 224 51 50 224 188
591 1415 10.97019 3.09723 0.12567 0.66205 48 10 4 48 37
595 1404 10.35491 2.30808 0.18603 1.15012 227 59 29 227 180
444 3427 10.04481 0.90278 0.10425 1.17902 265 91 63 262 203
523 3550 11.45851 1.08776 0.06130 2.46053 121 42 18 119 87
595 1405 10.42108 2.35133 0.13346 1.14466 235 69 24 233 189
1386 3550 10.00667 2.22747 0.15533 1.40444 239 64 28 227 176
2335 3263 10.68921 1.68586 0.06289 2.77671 235 83 59 231 164
572 1420 10.90436 1.95009 0.15684 1.56373 147 45 14 147 107
410 3398 10.06667 0.08351 0.17752 2.62972 258 62 57 258 144
595 1408 10.75489 2.49652 0.16993 0.51964 286 68 33 284 241
858 3768 10.49101 0.04389 0.08675 2.18552 142 66 25 140 95
571 1421 11.45938 1.88885 0.12982 1.48359 108 27 18 102 76
547 3502 10.88783 0.11507 0.23786 1.38649 47 13 4 43 30
413 3441 10.15621 1.24783 0.66055 4.49283 158 41 47 158 50
83 4512 11.02520 0.03714 0.07950 0.91600 70 16 12 61 51
551 3501 11.73357 0.11499 0.25566 1.36859 41 8 1 39 26
158 1616 11.69931 0.12112 0.14585 0.92662 68 19 10 68 48
754 3668 10.93412 1.51079 0.07374 2.03817 227 71 69 227 145
532 3553 10.10113 1.22467 0.04791 2.20336 279 97 74 279 213
556 1407 11.72521 2.51256 0.11674 1.30925 151 40 27 149 120
428 2456 10.19883 1.06349 0.13750 4.82718 200 64 49 200 93
2464 3402 11.17440 0.09188 0.18082 2.37932 207 55 50 207 145
544 3557 11.21174 1.41059 0.10296 1.63207 266 103 64 264 210
2455 3388 11.07632 0.61450 0.19106 2.69907 157 38 36 152 66
5 4431 10.81164 0.89906 0.34609 2.74994 197 65 43 192 116
447 3464 11.48221 0.02016 0.03385 1.11382 166 40 30 163 111
1540 4534 11.82773 3.13185 0.24304 3.92017 85 22 24 83 45
395 3377 11.00395 1.18611 0.08512 2.82577 193 53 45 191 94
717 3679 11.35865 0.62154 0.49633 2.78460 158 36 32 156 103
2328 3273 10.71687 1.61371 0.24300 3.01779 169 41 27 169 102
428 3408 11.76796 1.05132 0.16070 4.25017 111 33 29 105 45
378 3364 11.72483 1.59149 0.10347 1.77586 113 37 22 109 74
786 3713 10.60311 0.03818 0.09918 0.81565 137 41 19 131 107
749 3662 11.42045 1.29293 0.12613 2.57679 188 60 52 188 88
417 3446 11.29783 1.13541 0.15609 2.16862 106 30 20 106 72
2466 3407 10.19850 0.06239 0.14408 3.49480 283 131 55 281 132
92 1565 10.98516 1.94637 0.05541 1.24866 255 125 33 255 212
958 3841 10.50947 1.13182 0.07428 0.37325 168 60 39 166 130
915 3836 10.34230 0.02788 0.05267 0.69323 130 47 28 116 97
666 3624 11.09642 0.00355 11.64371 2.19178 185 0 0 175 159
1416 3551 11.15230 3.09194 0.14310 0.47560 73 18 13 73 60
562 1406 11.63728 2.56523 0.22491 1.34465 152 43 22 152 115
678 3616 11.85252 0.00666 11.57521 2.92476 180 0 0 180 157
419 2452 10.01915 0.50459 0.04651 1.47353 252 102 57 248 199
877 3784 11.97781 0.06473 0.21872 0.66910 146 46 25 146 108
751 3666 10.34155 1.39535 0.21063 2.69748 266 91 79 266 141
391 3369 11.88995 1.48783 0.16975 3.13525 194 52 57 192 83
516 580 11.61045 0.55335 0.13737 2.11692 76 8 8 71 52
475 3464 11.97015 0.01877 0.10726 0.41212 84 19 11 82 64
148 1576 11.63775 0.08388 0.23894 1.84716 103 12 11 97 64
1408 3554 10.14746 2.55443 0.10945 0.28116 297 84 56 293 239
667 3607 11.56704 0.01346 11.85956 0.92111 186 0 0 184 159
131 4532 10.50841 1.54555 0.12105 0.89307 208 30 17 205 166
405 3389 11.91620 0.55190 0.41952 3.43786 160 57 39 160 103
125 4540 10.85627 1.44683 0.28523 1.87033 251 33 12 249 185
684 3621 11.86790 0.01961 0.12240 1.15589 143 51 27 140 110
102 4520 11.13582 0.32612 0.06119 1.00717 202 58 38 200 156
2432 3403 10.70970 0.94258 0.52504 2.58467 259 111 49 252 173
511 3528 11.00628 0.18681 0.21310 1.60839 84 12 7 78 54
826 3745 11.94841 0.05989 0.09358 0.76105 70 20 10 68 53
471 3461 11.28026 0.02688 0.04724 0.96144 137 50 20 133 96
194 1619 11.49547 0.08180 0.16570 0.30390 93 24 7 86 61
541 3503 10.04788 0.11372 0.20430 1.22493 105 27 10 105 80
18 4453 11.70835 0.16095 0.22082 1.29995 146 31 34 144 108
1399 3532 11.38021 2.97869 0.12617 0.75589 95 34 17 90 78
772 3695 11.96207 0.07969 0.31162 1.95405 238 64 61 236 140
576 1389 11.68375 3.02322 0.13579 0.48537 103 28 20 101 90
518 3542 10.83686 0.61577 0.13184 1.98169 150 25 30 147 108
2439 3364 11.02399 0.96576 0.07552 3.43399 180 43 50 171 84
412 3442 10.95368 1.31661 0.30521 4.75522 106 26 29 106 38
569 1407 10.30924 2.58635 0.14194 1.71006 208 75 30 199 156
439 3459 11.71112 0.04273 0.14822 0.70721 122 31 18 118 88
874 3782 11.16013 0.05782 0.08728 0.39466 318 113 70 315 255
132 4537 11.66718 1.54946 0.25891 2.10654 84 7 3 82 37
597 1402 11.24369 2.15792 0.19602 1.33237 225 60 23 225 169
2452 3428 11.20538 0.70663 0.32088 3.10665 183 71 40 183 99
425 2479 11.64363 0.88348 0.54972 5.83103 175 82 20 175 94
1388 3542 10.64649 2.75023 0.24456 1.57545 186 71 21 186 133
492 3499 10.18538 0.04577 0.14870 2.45750 84 20 22 76 55
659 3601 10.89804 0.02354 0.07878 1.32825 106 37 19 106 88
2379 3312 11.17297 0.02863 0.16891 0.48779 173 21 50 165 113
219 1633 10.33262 1.44979 0.12269 0.58081 282 115 59 282 233
582 1383 11.27619 2.64342 0.09245 2.01227 112 29 19 106 86
2388 3344 11.19975 0.02217 0.14607 1.28846 107 23 15 99 74
1410 3527 10.31118 2.41201 0.11775 1.85076 231 101 30 226 189
737 3657 10.15225 0.52011 0.09576 2.04909 266 89 54 266 179
2469 3445 11.11509 1.54966 0.64824 6.13053 92 10 21 83 21
429 2479 11.43009 1.10903 0.45617 4.96744 111 36 27 107 48
7 4432 11.96482 0.87808 0.25866 2.35784 168 41 41 164 116
381 3364 11.64073 1.58401 0.13183 1.66225 166 54 34 164 110
149 1578 11.24811 0.07916 0.20223 1.72351 81 17 10 72 52
213 1630 10.02511 1.19971 0.04887 0.38664 257 89 41 250 219
681 3636 10.07453 0.02479 0.09628 1.39662 143 38 23 132 102
727 3693 11.66185 1.53192 0.42957 2.68088 157 35 39 155 83
564 3557 10.75864 1.39588 0.11957 1.52316 324 116 65 318 219
1398 3535 10.94358 3.08101 0.11990 0.95859 203 57 36 201 161
213 1649 11.10205 1.46747 0.17805 1.32618 226 66 56 226 165
510 565 11.20023 0.14017 0.23007 2.17079 83 10 8 76 57
421 3447 10.49148 0.91149 0.09501 0.78684 133 42 21 127 95
542 595 10.21960 1.32607 0.07735 1.81488 300 103 65 296 241
509 563 11.52826 0.13012 0.20320 2.10636 35 5 4 33 24
598 3532 10.25474 1.26658 0.21013 1.89217 298 118 66 293 228
740 3700 10.65723 1.01638 0.04238 1.03325 224 99 61 224 180
2449 3380 10.40104 0.92095 0.24386 2.10543 233 75 70 231 118
736 3656 10.57821 0.46328 0.09609 1.67445 173 57 34 169 106
702 3658 11.19489 0.03453 0.05774 0.40056 326 112 87 322 259
405 2442 10.16858 0.40647 0.22620 2.97703 247 63 63 241 129
2436 3360 11.51892 0.82616 0.22289 1.66248 143 41 31 137 79
2447 3373 11.76464 1.16633 0.13372 2.34685 141 33 33 141 60
515 576 10.93095 0.36941 4.30436 21.16580 28 0 0 19 16
521 586 11.14252 0.89090 0.08867 2.34084 78 15 5 75 54
714 3644 11.58707 0.01470 0.08785 0.39067 198 61 51 196 159
125 1551 10.88796 1.29487 0.15294 1.85139 163 20 11 163 109
2359 3280 11.60974 0.91132 0.19752 1.87430 89 15 13 82 56
593 3518 10.65518 1.28173 0.08632 2.87644 272 119 53 270 212
546 3557 11.21914 1.41025 0.07132 1.61616 217 84 33 211 150
97 1552 11.90716 2.58595 0.32765 2.46704 121 34 20 121 74
90 1564 11.94260 2.02168 0.10800 1.12361 146 51 32 143 113
392 2424 11.74396 1.40119 1.12401 3.20980 159 36 40 156 58
601 3538 10.76442 1.13034 0.19504 1.21241 346 166 73 346 295
945 3855 10.68365 0.34359 0.06652 0.58417 72 24 15 70 50
503 3487 10.36291 0.04223 0.15153 2.06260 139 30 40 133 96
405 3433 10.01999 1.05772 0.43674 5.01188 168 37 45 161 69
2342 3260 11.49206 1.57446 0.05448 3.02517 151 37 38 146 94
2473 3443 10.71559 1.51622 1.40027 5.10653 151 38 26 151 70
396 2431 10.60505 1.07662 0.37593 2.90717 256 62 48 254 133
800 3726 10.08626 0.02419 0.11283 0.42336 214 64 44 211 176
741 3657 11.69153 0.75466 0.09740 2.85664 131 32 26 127 92
603 3541 11.22881 1.01205 0.10602 1.81056 231 85 48 227 166
564 1409 10.85084 2.42396 0.14530 1.65989 142 48 27 142 117
106 4540 10.55858 0.55062 0.13784 1.52264 232 81 35 230 179
551 1411 11.18623 2.29926 0.11376 1.59127 121 43 9 119 99
91 1562 11.53892 2.13203 0.26848 1.48068 179 71 32 179 147
400 3383 11.69340 0.89346 0.36022 2.96055 153 44 35 147 72
539 1417 11.51541 1.94865 0.13911 1.71806 131 41 12 122 93
818 3739 11.86804 0.05403 0.17134 0.78684 76 16 9 74 51
1578 4537 11.65490 1.63819 0.41030 1.66765 145 37 8 141 105
741 3702 11.61325 0.95157 0.08151 1.06202 203 66 42 203 160
743 3701 10.10380 0.82626 0.13762 1.67818 268 84 45 262 169
495 3480 11.73798 0.02048 0.14327 0.41590 77 15 10 75 50
26 4463 11.34854 0.02353 0.13262 0.86592 181 56 49 177 145
588 1378 11.81548 2.20251 0.25768 1.13677 103 21 10 100 72
566 1403 11.69155 2.72289 0.20083 1.38423 65 15 14 62 47
698 3653 10.73586 0.02149 0.09389 0.28255 104 23 32 100 68
2432 3404 11.20678 0.95801 0.55405 2.67591 206 75 46 202 113
590 1382 10.80670 2.13124 0.05954 1.50350 198 92 38 198 162
595 3519 11.19941 1.36407 0.08870 2.78207 226 87 53 226 176
12 4445 11.12199 0.44621 0.24202 0.86863 239 32 32 233 181
619 3565 10.61115 0.01832 0.06709 0.96753 185 51 47 183 142
1385 3554 10.85013 1.97478 0.08810 1.17969 202 62 29 194 160
621 3587 10.80721 0.01343 0.05842 0.13417 139 40 23 137 112
1575 4529 10.71214 1.66072 0.24347 1.39100 228 73 41 228 171
719 3681 10.97407 0.77446 0.52891 2.92704 168 38 42 166 79
1418 3522 11.60818 1.88990 0.25969 1.98662 94 23 10 88 57
919 3839 10.00787 0.03057 0.11108 0.97879 104 26 13 100 72
708 3665 10.80542 0.01654 0.12781 0.60845 280 89 74 280 216
600 3536 10.63680 1.19250 0.35219 1.70640 358 135 63 358 254
552 1416 11.26247 2.00088 0.07352 1.86299 192 54 38 190 149
1390 3540 10.87568 2.87580 0.17195 1.02450 189 52 26 180 151
221 1636 10.07077 1.52997 0.13738 0.80308 248 75 52 245 193
546 3502 10.88827 0.11496 0.20938 1.44942 62 6 9 58 39
523 588 10.95953 1.01092 0.12729 2.37965 98 26 12 98 75
650 3611 10.98224 0.02716 11.85293 1.44834 122 0 0 120 99
565 1420 11.70149 1.83120 0.16843 1.89589 97 27 15 94 76
582 3562 10.30517 0.93559 0.03510 2.11489 234 80 49 234 169
792 3718 11.26078 0.01629 0.08042 0.76156 160 65 21 160 128
567 1414 10.14103 2.16253 0.12652 2.23160 153 56 22 146 113
370 2439 11.62313 0.64640 0.19095 1.38140 140 22 14 138 111
1558 4527 10.29856 2.35834 0.03595 1.76325 313 116 56 311 207
478 3488 10.80364 0.01575 0.19941 0.65730 114 20 15 114 83
835 3775 10.17397 0.07998 0.19805 1.57421 139 48 26 139 97
535 3556 11.07096 1.37410 0.02985 1.65375 233 79 50 233 174
1402 3527 11.84386 2.78534 0.16571 1.21499 96 23 18 92 73
1420 3539 10.52194 2.19549 0.14262 0.80988 171 42 44 169 141
508 558 11.79446 0.12236 0.05551 1.55696 40 7 4 38 18
513 3531 10.48913 0.23966 0.17137 1.45911 98 6 16 91 65
539 3502 10.76934 0.11422 0.25696 1.25897 66 16 5 56 42
514 577 11.75332 0.41583 11.23365 23.82529 20 2 0 10 7
558 3501 11.84659 0.11612 0.26424 1.54510 55 6 4 51 35
377 3366 10.89388 1.57292 0.13692 2.40794 198 64 39 196 130
560 1417 11.27358 1.95091 0.14436 1.97140 83 27 9 81 50
464 3455 10.16057 0.01633 0.04661 0.91429 211 69 35 204 166
501 3509 10.82882 0.02260 0.21080 0.79770 144 17 32 132 97
1403 3534 10.20601 2.89883 0.08817 1.04755 298 131 47 294 256
106 1579 10.98190 1.08515 0.10308 1.23923 233 67 23 224 171
2455 3432 10.65047 1.00399 0.33996 4.53026 200 57 57 196 109
533 3500 11.83555 0.10438 0.14462 0.94956 71 12 3 69 48
41 4479 10.39581 0.02173 0.12866 0.58617 210 69 37 206 162
964 3856 10.91288 1.47447 0.20559 1.21402 179 30 22 176 111
100 4538 10.44230 0.21965 0.13624 1.05127 243 98 37 239 200
557 3557 11.15820 1.40951 0.10327 1.52058 229 89 44 227 176
