0.04729 0.03593
0.01807 0.01502
0.01461 0.01702
0.01468 0.01592
0.01306 0.01019
0.01935 0.02233
0.01832 0.01744
0.01913 0.01779
0.02009 0.01842
0.01575 0.01716
0.01510 0.01190
0.02070 0.02174
0.02090 0.01654
0.02027 0.02187
0.02058 0.02359
0.01679 0.01870
0.02152 0.01585
0.02070 0.02023
0.01658 0.01775
0.01515 0.01460
0.02109 0.02627
0.01425 0.01677
0.02448 0.02315
0.01289 0.01320
0.03141 0.02369
0.02337 0.01975
0.02830 0.02040
0.01526 0.01610
0.02453 0.01451
0.02042 0.02402
0.01985 0.01589
0.01273 0.01454
0.01651 0.01878
0.03541 0.02390
0.01923 0.02113
0.01777 0.02038
0.02109 0.02026
0.01656 0.01538
0.01640 0.01808
0.02190 0.02008
0.01892 0.02030
0.01904 0.02050
0.01461 0.01347
0.02811 0.02026
0.02124 0.01865
0.01834 0.01960
0.01965 0.01682
0.01845 0.02139
0.01663 0.01387
0.01825 0.01983
0.01500 0.00963
0.01980 0.01491
0.02397 0.02043
0.02202 0.02017
0.01432 0.01378
0.01768 0.01997
0.01175 0.01563
0.02585 0.02305
0.02162 0.02027
0.01874 0.01822
0.01749 0.01885
0.01542 0.01300
0.02374 0.02191
0.01757 0.01605
0.01703 0.01874
0.02292 0.02461
0.01784 0.01878
0.02610 0.01826
0.02032 0.01284
0.00970 0.00702
0.01582 0.01799
0.02068 0.02081
0.02137 0.01731
0.01320 0.01214
0.01351 0.01790
0.01670 0.01733
0.01908 0.01535
0.02089 0.02019
0.01931 0.01828
0.02143 0.02147
0.01803 0.01899
0.02151 0.02467
0.01725 0.01990
0.02703 0.02316
0.01875 0.01738
0.02037 0.01524
0.01448 0.01831
0.01538 0.01718
0.01960 0.01878
0.01321 0.01140
0.01792 0.01623
0.02121 0.01757
0.02178 0.01984
0.02236 0.01684
0.02621 0.02044
0.01760 0.01593
0.02528 0.01976
0.02085 0.01984
0.01392 0.01468
0.02469 0.01900
0.02001 0.02116
0.01865 0.02233
0.02448 0.02357
0.01574 0.01796
0.02433 0.02212
0.01814 0.01892
0.02021 0.01868
0.02713 0.01787
0.01287 0.01418
0.01743 0.01617
0.01592 0.01480
0.01299 0.01260
0.02478 0.02629
0.02556 0.02564
0.01868 0.02062
0.01457 0.01369
0.02083 0.01663
0.01875 0.01877
0.03804 0.02136
0.02913 0.02208
0.03439 0.01807
0.01872 0.01999
0.03113 0.02042
0.02716 0.01914
0.02007 0.02296
0.02348 0.02010
0.01975 0.01753
0.01320 0.01263
0.01532 0.01600
0.02067 0.01957
0.01793 0.01346
0.01757 0.01917
0.01550 0.01286
0.02636 0.02315
0.01954 0.02516
0.01673 0.01952
0.02064 0.01994
0.01683 0.02227
0.01575 0.01688
0.01675 0.01239
0.01792 0.01954
0.01929 0.02319
0.01838 0.01111
0.02247 0.02208
0.02108 0.02052
0.02329 0.02142
0.03619 0.02290
0.01843 0.01911
0.01367 0.01197
0.02901 0.01888
0.01876 0.01251
0.03209 0.02187
0.02812 0.01978
0.01902 0.01664
0.03078 0.02378
0.02600 0.02225
0.01601 0.01924
0.01580 0.01633
0.02073 0.01768
0.02118 0.01620
0.01903 0.01647
0.01423 0.01928
0.02822 0.02572
0.02362 0.01854
0.01556 0.01826
0.01557 0.01736
0.01355 0.01383
0.02383 0.02046
0.01662 0.02277
0.01947 0.02004
0.01712 0.01472
0.01870 0.01392
0.01692 0.01801
0.01283 0.01233
0.02522 0.02121
0.02057 0.02123
0.02361 0.01897
0.02637 0.02002
0.02836 0.02168
0.01504 0.01379
0.01944 0.01897
0.01506 0.01609
0.02385 0.02355
0.01158 0.01081
0.03224 0.02437
0.01324 0.01466
0.01214 0.01088
0.01813 0.01716
0.03350 0.02221
0.02060 0.02097
0.01715 0.02006
0.02415 0.02081
0.02187 0.01895
0.01322 0.01283
0.02513 0.02256
0.01872 0.02378
0.01971 0.01756
0.01814 0.01695
0.02391 0.01982
0.02137 0.01743
