0.03950 0.01852
0.03746 0.02441
0.01767 0.01697
0.03031 0.02302
0.00403 0.00466
0.00653 0.00468
0.02750 0.02425
0.02019 0.01755
0.01678 0.01702
0.01841 0.02024
0.02215 0.02008
0.02939 0.02353
0.02085 0.01778
0.01550 0.01509
0.00365 0.00382
0.00339 0.00326
0.01751 0.01669
0.00287 0.00320
0.01675 0.01725
0.00330 0.00347
0.02193 0.02693
0.02770 0.02386
0.02902 0.02397
0.01680 0.01596
0.02145 0.02634
0.00348 0.00407
0.00338 0.00389
0.00356 0.00371
0.00467 0.00406
0.01735 0.01950
0.02079 0.01390
0.00366 0.00401
0.02266 0.02650
0.02837 0.01768
0.00298 0.00307
0.00285 0.00336
0.01742 0.01606
0.00364 0.00425
0.00387 0.00429
0.01750 0.01825
0.01827 0.01732
0.00307 0.00317
0.02359 0.02316
0.01754 0.01710
0.00489 0.00564
0.02806 0.02408
0.00347 0.00335
0.02383 0.02649
0.00323 0.00313
0.00379 0.00319
0.00322 0.00384
0.00729 0.00707
0.02684 0.01706
0.00422 0.00424
0.00328 0.00370
0.02617 0.02232
0.03238 0.02694
0.02563 0.02521
0.02055 0.01474
0.03830 0.02382
0.02962 0.02013
0.00409 0.00403
0.02499 0.02030
0.02202 0.02746
0.00513 0.00382
0.04334 0.02531
0.00599 0.00404
0.03028 0.02478
0.01949 0.02007
0.03055 0.02550
0.02827 0.01707
0.00316 0.00364
0.00314 0.00379
0.00302 0.00307
0.00290 0.00324
0.02726 0.02433
0.00309 0.00340
0.00303 0.00314
0.01731 0.01527
0.02339 0.02192
0.02194 0.01979
0.00336 0.00367
0.00285 0.00341
0.02576 0.01894
0.02577 0.02549
0.03405 0.02993
0.00805 0.00543
0.03153 0.03153
0.01882 0.02063
0.02856 0.01762
0.02106 0.02080
0.02305 0.02532
0.00494 0.00396
0.00517 0.00389
0.00376 0.00378
0.00360 0.00318
0.00290 0.00303
0.02917 0.02479
0.01750 0.01940
0.01690 0.01663
0.02489 0.02294
0.00357 0.00444
0.02637 0.02312
0.00359 0.00278
0.01724 0.01754
0.01416 0.01787
0.00407 0.00392
0.01741 0.01647
0.00377 0.00295
0.00354 0.00398
0.02919 0.02129
0.00464 0.00430
0.00494 0.00349
0.02259 0.01778
0.00310 0.00342
0.02106 0.02028
0.02382 0.01814
0.02056 0.02188
0.00287 0.00328
0.01735 0.01577
0.01497 0.01380
0.01719 0.01651
0.02889 0.02561
0.04180 0.01964
0.02700 0.01600
0.02733 0.02305
0.03509 0.02455
0.01647 0.01682
0.00438 0.00391
0.03635 0.02352
0.02369 0.02256
0.00358 0.00404
0.01732 0.01615
0.00784 0.00737
0.00467 0.00418
0.00431 0.00363
0.02815 0.02343
0.00381 0.00492
0.02846 0.01963
0.01134 0.00721
0.02954 0.02578
0.02556 0.02205
0.00358 0.00280
0.00342 0.00280
0.01467 0.01603
0.01659 0.01882
0.00363 0.00368
0.01549 0.01520
0.02117 0.01990
0.02254 0.02046
0.02542 0.01646
0.00549 0.00451
0.02309 0.01704
0.02412 0.02228
0.00316 0.00322
0.00310 0.00368
0.00340 0.00327
0.00664 0.00819
0.00402 0.00313
0.03558 0.03448
0.00425 0.00333
0.00367 0.00368
0.00428 0.00538
0.00681 0.00527
0.02668 0.02002
0.02576 0.02913
0.01681 0.01618
0.00316 0.00316
0.01493 0.01388
0.02749 0.02371
0.00472 0.00396
0.01692 0.01627
0.00309 0.00333
0.00294 0.00330
0.02419 0.02208
0.00317 0.00331
0.02047 0.02856
0.00554 0.00452
0.02243 0.02656
0.00407 0.00408
0.00352 0.00389
0.02824 0.01929
0.02447 0.02485
0.00408 0.00404
0.02459 0.02228
0.03102 0.01773
0.02376 0.01796
0.00426 0.00461
0.00335 0.00525
0.00423 0.00496
0.00400 0.00465
0.00462 0.00464
0.00396 0.00338
0.02272 0.02048
0.01702 0.01652
0.00362 0.00360
0.02912 0.02435
0.00386 0.00290
0.02116 0.02038
0.00299 0.00308
