578 5020 11.43621 3.12303 16.00408 172.92000 11 0 0 0 2 95 100.00000 0
136 5376 11.92129 3.12279 8.70894 92.48284 4 0 0 1 1 18 100.00000 0
92 159 10.90026 0.22630 9.35429 12.96609 19 0 0 12 11 138 100.00000 0
644 4962 10.71149 3.05329 2.75409 2.04450 15 0 0 12 7 142 100.00000 0
2004 5259 11.67707 2.98746 16.16631 171.16887 12 0 0 6 4 152 100.00000 0
615 4004 10.56244 3.14075 13.32060 nan 11 0 0 5 3 129 100.00000 0
403 2100 11.47804 0.09983 8.65881 0.54393 11 0 0 2 3 220 100.00000 0
550 5029 10.41016 3.09732 2.15214 2.44152 11 0 0 5 2 85 100.00000 0
842 3783 11.93545 3.09398 12.51656 177.27164 12 0 1 3 4 184 100.00000 0
743 4861 10.88555 3.13681 3.41829 2.31376 8 0 0 4 2 141 100.00000 0
2261 4049 11.76058 3.13964 19.47617 179.89721 7 2 0 2 2 78 100.00000 0
582 2262 11.35520 0.02476 6.18538 16.51271 17 0 0 6 5 214 100.00000 0
2489 4763 11.74640 3.07237 19.48392 176.03414 15 0 1 3 6 243 100.00000 0
2104 5181 10.10429 3.05098 17.30861 3.42783 8 0 0 5 4 135 100.00000 0
895 3724 11.70746 3.12927 14.05979 179.29557 5 0 0 3 2 114 100.00000 0
2282 4025 11.86480 3.13588 2.42025 1.77916 18 0 0 9 6 154 100.00000 0
560 2244 10.34940 0.03513 9.60739 1.39241 13 0 0 8 5 101 100.00000 0
709 2368 10.67656 0.21330 3.62455 14.60902 20 3 1 14 8 251 100.00000 0
2515 4752 11.43473 3.11735 16.86042 178.61224 9 0 0 3 1 213 100.00000 0
3708 4652 11.12419 0.34071 7.76907 30.55617 12 4 0 1 4 117 100.00000 0
569 5026 10.00868 3.08333 12.99738 176.66199 5 0 0 5 3 69 100.00000 0
674 2373 11.86279 0.45703 9.51762 4.74780 15 0 0 3 0 190 100.00000 0
678 3930 11.71887 2.60869 8.33822 11.34977 8 0 0 3 2 135 100.00000 0
2572 4686 10.71264 3.08337 2.89624 176.66375 7 0 0 5 2 124 100.00000 0
97 5378 11.99398 3.12519 12.96973 179.06205 6 0 0 0 2 49 100.00000 0
2340 3950 11.63911 2.28591 2.68147 130.97321 10 0 0 6 1 169 100.00000 0
650 3998 11.78803 2.91330 2.23167 1.74136 9 0 0 4 6 147 100.00000 0
841 3785 11.07551 3.09259 16.47862 177.19153 11 0 1 7 3 233 100.00000 0
2172 5113 11.52031 3.11062 3.30388 3.25004 6 0 0 3 0 84 100.00000 0
2526 3783 10.31615 3.13565 10.06827 179.66428 10 0 0 8 4 221 100.00000 0
778 2458 10.79463 0.02716 11.28596 2.36844 19 0 0 12 9 451 100.00000 0
2182 5092 11.76291 3.12019 2.10046 2.99343 5 0 0 1 1 34 100.00000 0
2076 5190 11.97962 3.03250 14.38206 173.74919 12 0 0 4 5 162 100.00000 0
663 4948 11.21786 2.65241 7.38638 151.97197 7 0 1 5 5 150 100.00000 0
2234 4100 10.59321 3.11914 3.81313 3.83574 6 0 0 4 4 81 100.00000 0
1453 3101 10.51488 0.01896 9.93890 4.25745 12 0 0 8 5 122 100.00000 0
613 4006 10.80174 3.13620 16.19733 179.68973 8 0 0 2 3 128 100.00000 0
2332 4928 10.44883 2.51728 2.11839 1.78794 23 0 0 17 9 223 100.00000 0
617 2316 10.64289 0.00780 10.02463 0.44323 20 1 1 8 3 308 100.00000 0
687 2341 11.94929 0.71080 12.75533 40.72559 17 0 0 3 1 221 100.00000 0
942 4632 11.85576 2.23617 13.34123 140.30061 8 0 0 2 3 160 100.00000 0
4071 5039 11.58759 0.05218 16.30448 2.99107 10 0 0 10 3 125 100.00000 0
697 4909 11.46042 3.11627 2.05914 10.76472 12 1 0 4 2 166 100.00000 0
592 4028 10.66870 3.12096 3.22177 2.11174 22 0 0 16 9 169 100.00000 0
4153 5107 11.61201 0.35407 2.49623 1.67445 6 0 0 4 1 111 100.00000 0
2577 3702 11.56777 2.89834 12.83134 166.06291 8 0 0 4 0 99 100.00000 0
905 4667 10.86729 3.05894 8.38925 34.25778 5 0 0 3 1 120 100.00000 0
137 5378 11.90650 3.09767 10.16029 177.48285 6 0 0 2 3 47 100.00000 0
2135 5132 10.26642 3.00705 8.14918 172.29161 11 0 0 5 5 161 100.00000 0
2277 4031 11.83600 3.13328 2.45929 2.36298 25 0 0 18 15 194 100.00000 0
3718 4684 10.02011 0.03842 12.73554 2.20176 9 3 0 5 5 254 100.00000 0
634 4945 11.14350 2.87061 7.37507 3.00140 16 0 0 9 4 118 100.00000 0
8 159 10.90026 0.22630 7.96573 12.96609 15 0 0 11 5 175 100.00000 0
486 5098 10.34994 3.03570 7.88715 173.93298 5 0 0 0 2 69 100.00000 0
2357 4893 10.46996 2.60736 7.44418 149.39073 12 0 0 1 2 123 100.00000 0
257 5284 11.46593 2.95364 8.75085 0.58215 15 0 0 6 5 113 100.00000 0
2563 3720 11.41264 3.13139 15.58286 179.41617 7 0 0 5 0 129 100.00000 0
3705 4674 11.76040 0.23167 47.79835 60.28155 3 0 0 1 1 25 100.00000 0
2195 4152 11.36919 3.03954 14.08757 174.15373 6 0 0 4 0 67 100.00000 0
634 3981 11.78940 2.81591 6.08266 161.33967 17 0 4 4 3 198 100.00000 0
1 161 11.92404 0.22584 6.99845 12.93927 13 0 0 13 7 188 100.00000 0
2541 3748 10.85111 3.07535 5.31409 176.20522 12 0 0 3 5 183 100.00000 0
906 4666 10.64531 3.03913 9.58940 174.12934 7 0 0 0 1 141 100.00000 0
153 5375 11.47355 2.95406 7.07892 106.93841 6 0 0 6 2 75 100.00000 0
3733 4679 10.39465 0.03934 6.60012 19.88164 12 4 0 9 7 216 100.00000 0
541 2226 11.49723 0.02005 5.32197 22.04783 8 2 1 6 4 116 100.00000 0
802 4802 10.86504 3.10626 7.11770 5.82012 14 0 0 9 7 325 100.00000 0
700 3945 11.49248 3.11606 3.52876 178.53981 7 0 0 3 3 145 100.00000 0
179 5351 10.79003 3.06699 4.29011 3.02737 19 0 2 5 0 115 100.00000 0
1054 2731 11.99553 0.00913 11.53979 0.52860 20 0 0 13 7 345 100.00000 0
2347 4944 11.84810 2.67898 7.48870 153.49447 6 0 0 3 3 140 100.00000 0
887 3752 10.21932 3.08382 4.73080 15.58267 10 0 2 0 3 217 100.00000 0
313 5258 10.32121 3.10810 12.22589 178.08092 17 0 0 8 7 150 100.00000 0
2572 4687 11.84642 3.08366 22.78598 176.67999 5 0 0 1 1 112 100.00000 0
618 2292 11.68035 0.01462 11.79948 0.83416 20 4 0 2 5 236 100.00000 0
944 3672 11.28042 2.26879 14.48592 129.99197 6 0 0 4 3 146 100.00000 0
656 4955 11.70043 2.78651 3.66791 3.06363 8 0 0 0 2 128 100.00000 0
409 2105 11.49739 0.10281 11.48425 5.89036 12 1 0 4 5 229 100.00000 0
1993 5270 11.50930 2.92640 9.74437 167.67075 15 0 0 4 3 231 100.00000 0
1439 3119 11.31318 0.05056 9.24483 5.36352 11 0 0 5 6 189 100.00000 0
2353 4932 10.61107 2.91770 29.10795 167.17174 5 0 0 0 1 74 100.00000 0
677 3969 11.13485 2.89401 26.89890 10.50397 5 0 0 0 0 85 100.00000 0
