46 2458 10.93899 0.00085 0.35446 0.06853 40 37 3 36 22
595 1365 11.63918 0.00886 0.27123 0.10468 28 21 6 21 11
2 2410 10.83188 1.08332 0.25503 1.49462 93 87 6 91 45
4 2341 10.62587 1.34239 0.11756 1.61447 102 89 13 98 47
2375 2429 11.63953 1.09843 1.21249 1.85118 36 28 7 36 14
2293 2351 11.73693 0.14199 0.09465 1.04941 104 98 6 102 47
583 1353 11.11828 0.00704 0.19737 0.69549 52 44 5 45 23
830 2600 11.72119 0.03361 0.24435 0.74336 62 57 2 55 30
26 2320 11.85411 1.40166 1.00505 2.13863 34 30 4 34 15
740 1474 11.04118 0.01730 0.09364 0.98198 76 68 7 69 42
768 1540 11.46680 0.04711 0.32599 2.44264 54 47 3 48 19
151 2525 10.88839 1.50885 0.32880 0.84673 39 35 4 39 20
567 1306 11.93804 0.21390 0.24834 0.27976 19 18 1 19 9
25 2341 10.58463 1.36991 0.24264 2.21735 43 36 7 41 15
28 2409 10.76865 1.14760 0.52655 1.73325 31 25 3 29 7
27 2409 10.05551 1.15001 0.45597 1.96244 35 30 5 33 14
1 2373 11.80218 1.33674 0.51379 1.74496 68 59 9 68 36
5 2398 10.22260 1.33467 0.24038 1.82263 69 61 8 67 28
596 1342 10.87567 0.00974 0.22504 0.46225 48 44 3 43 32
797 1571 10.72722 0.45146 0.28249 0.92999 30 28 1 26 17
32 2416 11.69083 0.84080 0.25881 1.07484 82 72 10 79 48
0 2404 11.97429 1.26074 0.21095 2.03817 94 89 4 91 47
584 1329 11.44588 0.01643 0.26045 1.14364 18 11 2 4 4
740 1496 10.92571 0.01624 0.09154 0.73542 43 35 8 39 19
4 2383 10.65034 1.34265 0.11314 1.61058 72 63 9 67 34
24 2361 10.04750 1.36643 0.18508 2.47955 37 35 1 33 20
726 1481 10.03635 0.02048 0.03363 0.68300 108 107 1 100 62
1564 2566 10.70175 1.50673 0.70734 2.31410 40 36 3 33 17
1 2375 11.79752 1.33567 0.47461 1.73866 61 56 5 59 29
2360 2428 10.98106 1.06656 0.09362 1.53799 32 29 3 24 15
712 1470 11.73819 0.02236 0.20170 0.57946 67 57 9 67 35
681 1423 10.40942 0.01884 0.07724 0.32746 70 62 8 70 36
583 1329 10.58680 0.01714 0.14196 0.70332 31 22 2 16 9
919 2637 11.19761 1.57544 0.26449 1.20203 34 32 2 34 19
1535 2585 11.70529 1.43565 0.77211 1.85962 50 46 4 48 31
817 1528 10.77377 1.18721 0.13064 1.13849 56 54 2 51 30
825 1568 11.70404 1.50176 0.12318 1.23765 53 49 4 47 28
139 2526 10.04170 0.99317 0.24150 1.13574 30 26 4 30 17
824 1549 11.47331 1.45764 0.21601 0.85272 51 47 2 48 31
2300 2416 11.82551 0.67374 0.36974 2.16428 89 80 9 87 44
24 2358 10.03758 1.36668 0.25662 2.47907 36 31 5 27 15
515 1293 11.25712 2.67819 0.27080 2.62793 63 52 10 60 27
708 1466 11.15262 0.02371 0.20829 0.27124 70 63 7 66 36
745 1503 11.94916 0.06552 0.23397 0.58950 29 21 4 19 9
866 2628 10.76031 0.04720 0.35130 1.43668 19 14 5 16 7
2 2341 11.38150 1.33852 0.43035 1.70134 93 84 9 91 44
2 2387 11.40851 1.33970 0.12191 1.68400 81 72 9 81 32
884 2637 10.26543 0.12983 0.26670 1.05499 34 31 3 32 23
543 1280 11.67295 1.66358 0.34578 1.93411 12 9 1 3 2
643 1388 10.37749 0.02097 0.28884 0.29608 42 32 7 27 18
824 1552 11.17464 1.47307 0.23878 0.66558 52 45 6 52 27
773 1549 10.26261 0.04022 0.69772 2.05157 47 44 3 43 19
841 2587 11.54700 0.01892 0.16889 0.72793 59 55 3 54 32
26 2339 11.16932 1.36647 0.31498 2.04947 25 15 10 22 11
25 2382 10.59903 1.36948 0.23284 2.21222 43 35 7 33 12
1521 2575 10.17923 1.40703 0.41847 2.38753 33 28 5 28 11
775 1557 11.67465 0.07071 1.22083 2.38622 36 34 2 36 15
0 2406 11.87292 1.21274 0.34539 2.04507 59 46 13 57 31
822 1540 11.25692 1.38793 0.18254 0.94585 64 61 2 57 35
1576 2577 10.81003 1.51538 0.45678 0.63304 59 51 7 52 27
2362 2427 10.32198 1.02867 0.19640 1.43477 41 35 6 37 17
104 2514 10.79346 0.06914 0.26797 1.81251 60 57 3 60 22
565 1303 11.90033 0.35548 0.12063 1.44510 28 22 3 20 13
573 1317 10.50901 0.02034 0.11092 0.71764 38 34 3 34 19
546 1326 11.65109 0.17241 0.08635 1.73528 35 24 11 35 15
737 1493 11.13119 0.02668 0.22173 0.51889 54 47 7 47 27
563 1336 11.37131 0.13468 1.12664 2.16501 15 4 3 4 2
24 2336 10.03906 1.36620 0.27162 2.50967 33 31 2 31 12
23 2315 11.47313 1.48938 0.32279 3.18285 33 30 3 30 18
25 2365 10.58384 1.36866 1.08011 2.22862 37 30 7 31 15
529 1282 11.26956 2.44269 0.98214 3.00074 28 20 8 23 9
737 1471 11.66466 0.01107 0.04838 0.62558 61 58 3 59 41
865 2604 11.63693 0.01499 0.41186 0.09279 40 29 9 32 16
2293 2376 11.71953 0.14188 0.52158 0.99111 86 84 2 84 38
17 2309 11.65034 1.51767 0.17935 2.51326 67 62 4 61 36
752 1510 11.02960 0.13390 0.24226 1.42958 51 44 7 49 34
27 2389 11.81937 1.36719 0.39220 1.94682 35 26 7 33 16
586 1331 11.58355 0.01549 0.22500 0.55743 20 18 1 15 11
789 1566 10.03461 0.22545 0.29643 1.04978 41 34 7 35 18
769 1543 11.40710 0.04528 0.33025 2.51606 39 39 0 37 16
27 2375 11.80736 1.36562 0.40029 1.84483 31 26 5 27 11
799 1513 11.78918 0.37536 0.13462 0.93125 47 42 5 45 31
27 2331 11.81117 1.36477 0.91283 1.97397 35 32 3 35 10
2341 2429 11.63297 1.10052 0.97283 1.86697 28 21 6 22 12
1532 2584 11.23132 1.43172 0.50256 2.31967 51 42 8 42 23
792 2565 11.47370 1.20942 0.51171 1.73619 38 32 4 27 18
5 2387 10.29263 1.34510 0.13428 1.59569 86 82 4 86 46
624 1368 11.41175 0.01324 0.39428 0.29208 24 20 3 21 14
793 2566 10.57228 1.18263 0.38529 1.91254 37 30 3 31 21
916 2627 11.62152 1.45207 0.44346 1.91377 16 12 3 14 7
535 1280 11.32455 2.11320 1.56008 2.85225 13 11 1 9 5
788 1566 10.38221 0.20558 0.21075 1.18234 58 57 1 52 34
542 1323 10.85830 0.35420 0.34031 2.41881 21 16 5 18 10
4 2393 10.63482 1.34212 0.34807 1.67561 95 88 7 95 50
520 1313 10.65331 1.63807 0.33767 3.47277 36 33 3 32 16
856 2620 10.82168 0.01847 0.15276 0.30901 41 31 8 33 20
2293 2375 11.71962 0.14290 0.12782 1.02450 91 84 7 89 46
849 2614 10.90120 0.00592 0.04474 0.34943 45 36 9 45 23
27 2343 11.79208 1.36450 0.41838 1.90536 30 25 5 28 18
3 2354 11.00165 1.34195 0.45610 1.64734 84 76 8 84 39
28 2442 10.81052 0.02036 0.36293 0.84209 52 41 11 48 21
1519 2578 11.66793 1.39084 0.38123 2.76031 16 12 2 16 6
774 1500 11.20667 0.02587 0.09349 1.05573 51 50 1 45 24
0 2405 11.92305 1.23969 0.18106 2.05367 75 69 6 73 42
2 2347 11.37986 1.33622 0.37553 1.71372 93 82 11 93 38
1 2372 11.80754 1.34093 0.48568 1.74159 71 63 8 69 40
1523 2579 10.16952 1.40160 0.23950 2.79540 28 22 6 20 8
55 2466 10.34770 0.01323 0.11529 0.75847 56 53 3 56 33
822 2574 11.39987 0.06396 0.08015 0.64224 38 34 3 33 22
854 2597 11.06671 0.01489 0.42126 0.74494 35 30 3 27 18
1518 2576 11.77089 1.39266 0.45755 2.49748 31 22 8 25 8
31 2415 11.20437 0.88999 0.10231 1.10145 93 84 9 91 50
509 1304 11.72909 2.16563 0.23833 2.87671 35 33 1 31 19
618 1386 11.13316 0.00832 0.14972 0.42151 66 61 5 59 43
763 1491 11.86349 0.03237 0.55999 0.29074 35 29 4 22 14
2359 2427 10.31873 1.02897 0.43345 1.39774 40 36 4 38 17
747 1479 11.67712 0.01548 0.19474 0.65192 52 48 4 42 26
513 1306 10.36536 2.04343 0.30360 3.23265 22 18 2 20 12
787 2566 10.96029 1.32212 0.70059 2.56460 21 20 1 19 6
802 2567 10.37612 0.88837 0.14506 1.57719 41 40 0 33 24
2365 2427 10.31003 1.02748 0.41973 1.44996 48 43 3 46 25
751 1483 10.77079 0.01507 0.44552 0.93293 37 22 10 32 15
4 2417 10.55067 0.76945 0.22966 1.13539 97 89 8 91 57
4 2403 10.36711 1.28480 0.25584 2.04450 61 57 4 57 24
2295 2384 10.42894 0.14259 0.12564 0.78135 107 101 6 105 60
12 2311 11.15060 1.50528 0.08916 1.75814 82 72 10 76 31
66 2458 10.53798 0.00285 0.20916 0.19584 73 68 5 71 44
2342 2427 10.31183 1.02909 0.11053 1.41720 44 40 3 35 20
766 1536 11.96242 0.05261 0.51514 2.40778 33 31 1 33 20
612 1357 10.91410 0.00355 0.24430 0.32385 40 36 1 31 24
581 1351 11.02611 0.01117 0.20276 0.37115 29 24 3 29 17
607 1353 10.27421 0.00539 0.16757 0.26095 46 37 8 40 21
823 1539 11.92658 1.41236 0.23267 1.20171 54 47 5 50 30
612 1381 11.54455 0.01643 0.02995 0.46478 41 34 7 36 20
825 1551 11.87165 1.48175 0.19840 0.83275 40 31 6 38 25
766 1532 11.10990 0.05289 0.47451 2.34201 42 39 3 37 16
2349 2429 11.62844 1.10009 11.43256 63.03056 28 3 3 20 4
640 1384 11.35806 0.03641 0.20868 0.28939 67 61 3 59 37
786 1566 11.14171 0.17185 0.25650 1.58807 42 36 4 42 25
909 2625 10.08337 1.20961 0.43180 1.76325 40 37 3 33 14
2351 2429 11.62733 1.09946 0.83308 1.88222 27 18 9 22 9
5 2388 10.28821 1.34143 0.32782 1.58684 88 82 6 88 52
570 1311 11.60665 0.06447 0.14840 0.73489 30 30 0 26 17
599 1344 11.70250 0.01072 0.20258 0.48295 32 27 5 30 13
806 1573 10.08900 0.80071 0.21493 0.85455 59 49 9 55 28
561 1300 10.59863 0.52653 0.25141 0.72091 29 26 3 25 17
2 2396 11.37464 1.33109 0.39029 1.71623 57 54 3 52 25
2 2327 11.37770 1.33784 0.40467 1.33031 85 78 7 75 42
513 1303 10.13627 2.19268 0.68545 3.13050 18 15 3 18 8
814 2571 10.15425 0.38129 0.21747 0.82234 38 31 5 30 20
121 2500 11.93792 0.15387 0.17009 1.16432 53 48 4 51 27
26 2373 11.16690 1.36603 0.46820 2.02391 31 29 2 29 13
3 2402 10.81171 1.29859 0.25486 2.07132 73 64 9 69 40
780 2567 11.83630 1.41893 4.27816 9.27383 4 2 1 1 2
545 1284 10.09625 1.52196 0.05324 1.40834 22 20 2 22 11
581 1326 11.13531 0.01596 0.17713 0.81469 24 20 2 17 7
1554 2565 11.13388 1.49976 0.42623 0.93335 40 35 3 36 20
528 1283 10.98001 2.48471 0.61295 2.86594 31 27 3 25 10
2 2353 11.39246 1.33481 0.37827 1.72442 82 76 6 82 35
600 1346 10.68940 0.00999 0.15193 0.44057 37 32 4 31 17
7 2312 11.79154 1.49298 0.44356 2.37438 73 68 5 73 27
2294 2391 11.04337 0.13987 0.43987 1.00366 84 75 8 81 37
1523 2580 10.64905 1.40371 0.91921 3.00557 27 24 2 27 8
27 2324 11.90775 1.37116 0.45362 1.41000 26 16 8 16 7
2299 2409 10.01077 0.36506 0.09904 1.07484 139 129 7 129 85
588 1333 11.71107 0.01540 0.10354 0.39762 22 19 3 16 7
616 1385 11.89989 0.00704 0.27187 0.48457 34 31 2 22 17
577 1320 11.93913 0.01633 0.13424 0.85684 14 8 3 6 2
527 1317 11.20113 1.25423 0.32895 3.19096 39 34 5 35 20
746 1503 11.07246 0.06654 0.15090 0.43251 38 35 3 34 16
563 1301 11.42933 0.46310 0.26729 0.74494 24 19 4 19 14
610 1378 10.44543 0.01670 0.16272 0.32746 40 40 0 34 27
2373 2427 10.31331 1.02771 0.09650 1.40778 47 39 8 47 21
24 2392 10.04264 1.36657 1.09792 2.53590 36 31 5 34 11
569 1340 10.72652 0.12411 0.26619 0.71873 27 18 4 15 10
558 1333 11.84365 0.09345 0.33675 2.78643 18 15 3 16 7
25 2381 10.59779 1.37083 0.23063 2.22633 37 32 5 24 13
820 1575 11.90368 1.39391 0.49340 1.00249 50 44 5 41 24
2 2401 11.26625 1.30930 0.60102 2.14776 59 46 13 59 25
24 2345 10.04960 1.36710 0.18363 2.47607 35 32 3 33 19
1 2388 11.81227 1.33527 0.47378 1.75970 82 71 10 78 27
27 2381 11.81097 1.36864 0.89052 1.85583 21 16 5 21 9
769 1542 11.20931 0.04515 0.46011 2.55558 58 53 0 55 27
2293 2379 11.72207 0.14122 0.07695 1.02336 75 65 9 75 36
695 1435 11.15665 0.01586 0.23756 0.29739 69 65 4 65 46
59 2451 11.02260 0.01357 0.15538 0.61676 56 51 4 52 28
2297 2407 10.64833 0.29433 0.49984 1.22525 96 93 3 88 47
81 2472 11.09812 0.01802 0.50004 0.88999 34 30 2 27 19
518 1289 11.62870 2.77427 0.91042 2.85609 51 46 3 38 14
2322 2426 10.00644 1.01176 0.50533 1.30146 64 59 5 60 31
597 1343 10.85277 0.01101 0.17007 0.50358 33 29 3 29 15
27 2369 11.80023 1.36692 0.83894 1.93674 35 28 7 35 11
26 2403 10.62914 1.30953 1.01278 2.43590 32 26 6 30 13
551 1287 10.59431 1.27589 0.18452 1.39493 20 18 1 18 10
2294 2347 11.07012 0.14239 0.57625 0.99111 102 91 11 98 40
7 2313 11.54238 1.48556 0.06065 2.24908 60 55 5 56 26
119 2500 11.18993 0.09686 0.10828 1.35537 58 51 7 52 34
30 2443 10.03865 0.02430 0.27919 1.09217 46 39 5 42 23
883 2614 10.87805 0.06420 0.12091 0.24708 51 47 4 45 25
2 2342 11.38481 1.33888 0.40636 1.71349 78 67 11 76 36
