234 1662 10.63839 3.07429 0.15159 1.86299 169 30 24 159 113 543 100.00000 0
2483 2533 11.04360 0.82204 0.69389 3.26039 71 8 11 66 31 214 100.00000 0
2545 3865 10.48631 1.54727 0.13641 1.76857 91 13 29 85 53 266 100.00000 0
2470 3874 10.50921 1.74521 0.48417 2.50843 140 26 6 140 80 329 100.00000 0
783 1409 11.60208 3.07069 0.10124 1.24678 101 10 6 90 66 364 100.00000 0
2472 3875 10.41003 1.78004 0.46636 2.55528 94 13 6 87 47 246 100.00000 0
43 1845 10.03140 0.57334 0.22505 2.24106 142 22 20 137 96 455 100.00000 0
159 1743 10.30131 3.12881 0.41991 2.47227 179 4 3 175 122 630 100.00000 0
3988 4053 10.90274 0.97014 0.32288 1.50350 219 70 35 213 119 521 100.00000 0
787 1439 10.61322 2.82809 0.48379 1.78004 201 6 9 192 124 447 100.00000 0
762 1434 11.03832 3.13913 0.52254 1.48517 234 26 22 228 114 532 100.00000 0
261 1606 10.30592 1.99024 1.52393 2.44376 59 1 3 57 21 308 100.00000 0
2491 3860 10.10924 2.34001 0.22536 1.50037 172 61 18 172 102 431 100.00000 0
795 1436 11.66549 2.50151 0.38147 2.63700 159 4 4 155 74 366 100.00000 0
809 1396 10.51438 1.87392 0.24487 1.18399 162 48 23 142 112 367 100.00000 0
25 1832 10.95749 1.13211 0.12881 1.80624 155 10 5 139 90 404 100.00000 0
49 1819 11.81298 1.65135 0.21979 1.70272 149 7 14 142 83 408 100.00000 0
2468 3875 11.52321 1.70104 0.62312 2.89692 74 7 12 66 32 229 100.00000 0
213 1666 10.06260 3.09433 0.27632 2.32355 246 11 6 244 107 871 100.00000 0
59 1818 10.49670 2.05153 0.71452 3.40927 170 2 7 170 99 443 100.00000 0
3978 4036 10.03953 0.56307 0.24352 1.76458 454 263 37 454 361 719 100.00000 0
700 1518 10.39746 1.65303 0.11823 0.85592 242 103 38 238 201 498 100.00000 0
22 73 11.93283 1.29606 0.15747 2.35218 72 3 4 67 42 295 100.00000 0
27 1840 10.78155 0.75794 0.31599 1.89878 131 4 1 124 68 467 100.00000 0
98 1810 11.38976 3.08978 1.00397 4.28752 131 0 0 119 54 436 100.00000 0
240 1615 11.35117 2.29083 0.32767 2.71253 74 4 5 68 26 388 100.00000 0
2503 3856 11.71558 2.09171 0.52064 3.03267 179 79 18 169 121 314 100.00000 0
2472 2522 11.40524 0.57343 0.88856 3.20613 24 3 0 21 7 110 100.00000 0
259 1592 11.35363 1.66595 0.39562 1.63638 83 18 15 81 31 358 100.00000 0
803 1430 10.87332 2.17039 0.32914 1.74046 194 68 13 192 149 354 100.00000 0
27 1825 11.63714 1.38313 0.38000 2.84138 193 2 4 191 118 501 100.00000 0
104 1800 11.12741 3.08154 0.33708 3.02983 96 2 4 90 31 414 100.00000 0
719 1474 10.28870 2.58041 0.26610 1.60791 298 46 23 294 155 625 100.00000 0
219 1656 10.31267 3.11771 0.23941 1.93836 484 41 17 475 338 1375 100.00000 0
261 1600 10.87417 1.80871 0.37842 2.01752 52 5 2 43 14 279 100.00000 0
767 1452 10.61291 3.09450 0.28009 2.87412 158 15 9 141 85 371 100.00000 0
76 1803 11.80758 3.01375 0.29147 5.07613 65 6 2 63 24 173 100.00000 0
735 1494 10.23924 3.09042 0.24726 2.38803 83 8 10 75 47 265 100.00000 0
212 1667 10.44215 3.09431 0.23962 2.46085 244 27 15 242 112 838 100.00000 0
64 1815 10.38910 2.33657 0.33338 3.86979 97 1 1 93 33 271 100.00000 0
788 1404 11.21641 2.87568 0.12859 0.44937 146 24 10 137 104 389 100.00000 0
23 1836 11.09805 0.96305 0.16509 2.00818 121 16 8 121 73 361 100.00000 0
29 1829 10.82961 1.23511 0.15970 1.80840 149 2 2 136 58 460 100.00000 0
710 1478 11.26949 2.15776 0.92102 1.66976 233 47 41 229 86 543 100.00000 0
40 1824 11.03683 1.42681 0.05490 1.87471 218 18 24 209 124 484 100.00000 0
63 1815 10.68313 2.28112 0.14370 3.81290 95 1 2 93 39 267 100.00000 0
4003 4059 10.49876 0.82947 0.26855 1.74091 330 102 31 328 248 653 100.00000 0
109 1773 10.55399 3.07129 0.50944 2.00154 223 36 27 217 106 748 100.00000 0
232 1632 10.26103 2.85519 0.51383 2.16645 184 3 0 180 99 717 100.00000 0
207 1674 10.44595 3.06776 0.34340 1.74451 687 113 116 681 465 1490 100.00000 0
2475 3877 11.11226 1.83517 0.15362 2.55834 141 33 14 131 80 324 100.00000 0
204 1698 10.55483 3.12124 0.26538 3.06580 144 0 2 142 68 628 100.00000 0
136 1765 10.41799 3.13601 0.40931 1.48094 273 42 19 267 165 816 100.00000 0
2483 3862 10.51057 2.13137 0.05492 0.71107 123 13 25 123 70 313 100.00000 0
237 1623 10.75507 2.59879 0.41344 2.37141 186 15 6 182 96 581 100.00000 0
705 1483 10.48411 1.94231 0.71028 1.55821 247 35 22 234 155 580 100.00000 0
773 1421 11.23730 3.06033 0.45027 2.10040 280 58 41 278 181 514 100.00000 0
785 1409 10.55820 3.01477 0.05422 1.30925 171 25 15 167 132 446 100.00000 0
225 1643 11.05309 3.11120 0.60944 1.93006 287 11 36 285 116 1010 100.00000 0
696 1490 11.08932 1.57555 0.28122 1.44239 149 22 28 146 99 383 100.00000 0
237 1659 11.16651 3.09723 0.30512 1.56473 251 47 47 247 115 711 100.00000 0
247 1597 11.00671 1.75262 1.47343 3.31977 25 0 0 20 7 211 100.00000 0
2125 2179 11.99988 1.36474 1.92158 3.56513 4 0 0 4 2 35 100.00000 0
3998 4059 11.15614 0.91149 0.19424 1.55771 283 44 36 281 213 599 100.00000 0
75 1806 10.45452 2.96528 0.21427 5.02414 56 8 6 54 18 207 100.00000 0
775 1419 11.05022 3.06226 0.31404 2.39964 264 80 40 257 186 493 100.00000 0
26 1833 10.74473 1.08793 0.15949 1.78290 98 3 4 85 45 351 100.00000 0
241 1653 10.75470 3.12576 0.17129 1.57744 151 24 16 140 77 637 100.00000 0
777 1418 10.32235 3.07488 0.45353 2.47923 262 67 30 260 130 488 100.00000 0
238 1657 10.65313 3.10845 0.28401 1.54662 186 30 20 184 103 616 100.00000 0
4006 4060 11.14651 0.84740 0.20838 1.53493 279 53 32 272 205 585 100.00000 0
814 1405 11.43635 1.72554 0.20768 1.68214 80 9 15 78 46 219 100.00000 0
2469 3874 10.81255 1.72632 0.32676 2.55880 135 32 12 131 80 298 100.00000 0
28 1824 11.77994 1.41910 0.49021 2.83103 260 7 15 252 153 509 100.00000 0
164 1739 10.95904 3.13862 0.24139 2.04526 177 31 19 177 79 471 100.00000 0
2546 3866 10.75527 1.55958 0.03679 1.95845 88 14 26 82 53 261 100.00000 0
748 1471 10.47793 3.09120 0.48126 3.09009 90 6 12 81 29 297 100.00000 0
798 1397 10.22290 2.42608 0.15532 2.07207 149 28 12 144 68 448 100.00000 0
731 1464 11.20526 3.02467 0.14119 2.97993 164 10 34 153 77 434 100.00000 0
24 74 11.99104 1.35638 0.36829 2.58982 67 4 2 67 37 339 100.00000 0
258 1593 10.72677 1.67473 0.24927 2.03394 59 4 5 57 22 336 100.00000 0
2473 2526 11.84237 0.64603 0.61047 1.55066 65 10 9 61 21 218 100.00000 0
228 1637 11.19047 2.98773 0.30557 2.87358 152 12 8 134 63 640 100.00000 0
1912 1964 11.24225 1.41212 0.23359 2.10636 192 52 24 192 102 501 100.00000 0
790 1401 11.60937 2.78097 0.22363 1.16028 84 27 3 75 44 335 100.00000 0
65 1811 11.99646 2.40815 1.19569 4.11485 90 9 8 88 22 297 100.00000 0
799 1433 11.09755 2.33161 0.25411 2.86772 177 30 20 170 68 353 100.00000 0
2494 3858 11.24619 2.33816 0.90545 3.01077 78 15 14 76 32 198 100.00000 0
36 1829 10.32213 1.22989 0.23485 1.25554 157 1 6 151 74 442 100.00000 0
2509 3856 11.30012 1.80352 0.65769 2.23143 277 123 40 277 199 429 100.00000 0
122 1780 11.88884 3.08297 0.07497 1.99959 129 6 17 122 58 618 100.00000 0
2539 3876 10.60069 1.37735 0.21312 2.32978 122 31 22 115 79 340 100.00000 0
32 1824 11.49686 1.41371 0.21477 2.53574 247 19 8 244 149 545 100.00000 0
773 1422 10.60115 3.06406 0.35395 2.01480 260 41 50 258 155 491 100.00000 0
44 1849 11.44283 0.43344 0.15743 1.76525 141 11 9 139 68 437 100.00000 0
47 1823 10.83041 1.52392 0.24809 1.87951 166 4 4 161 52 478 100.00000 0
795 1396 11.74745 2.56474 0.45036 1.78750 107 22 8 97 57 269 100.00000 0
2546 3874 11.94770 1.50451 0.52192 2.11766 98 18 14 94 59 255 100.00000 0
2467 3873 11.21814 1.70371 0.53935 2.64071 104 14 18 97 38 281 100.00000 0
692 1507 10.50455 1.41881 0.18622 2.13350 187 12 20 183 74 549 100.00000 0
172 1731 10.12747 3.12913 0.14123 1.71806 77 9 6 71 34 317 100.00000 0
714 1477 10.48466 2.33867 0.07843 1.01452 382 75 38 369 229 738 100.00000 0
169 1734 10.44423 3.13289 0.28720 2.14302 122 7 11 120 60 386 100.00000 0
1920 1970 10.25627 1.07698 0.17204 1.44428 174 26 33 166 100 489 100.00000 0
128 1755 10.99779 3.11420 0.10670 2.21240 294 30 18 290 137 836 100.00000 0
769 1425 11.69638 3.06395 0.46362 2.02236 313 32 31 303 233 579 100.00000 0
239 1616 11.84019 2.34024 1.16672 2.99735 58 1 1 54 20 343 100.00000 0
229 1636 10.74775 2.95634 0.14835 2.89029 122 7 12 117 46 681 100.00000 0
766 1454 11.72160 3.10575 0.27695 3.46181 115 1 8 106 43 337 100.00000 0
250 1639 10.59495 3.01054 0.71841 1.86341 105 6 2 99 40 441 100.00000 0
95 1818 11.97948 3.11935 0.65576 3.02310 100 0 1 96 40 335 100.00000 0
689 1504 11.89823 1.41251 0.71741 1.82478 184 21 11 180 68 493 100.00000 0
87 1841 10.81547 2.37148 0.27415 2.28670 49 2 2 47 14 328 100.00000 0
238 1619 11.62750 2.44209 0.34728 2.74110 79 5 8 77 41 383 100.00000 0
719 1517 11.15961 2.51282 0.08663 0.95736 156 18 29 148 93 394 100.00000 0
242 1610 11.17539 2.10787 0.32711 2.80379 110 4 8 99 73 420 100.00000 0
41 1847 10.93038 0.48397 0.26012 2.10040 150 13 13 143 70 468 100.00000 0
183 1703 10.28267 3.12609 0.46092 2.90367 233 2 0 233 91 558 100.00000 0
134 1768 11.65296 3.13946 0.43352 1.53033 196 24 24 196 90 727 100.00000 0
736 1459 11.98873 3.13613 0.19054 2.98111 159 37 30 157 99 418 100.00000 0
742 1483 11.93997 3.14075 1.12914 2.08469 71 5 7 69 38 179 100.00000 0
3985 4049 10.28654 0.86030 0.17991 1.28085 405 142 51 395 224 718 100.00000 0
796 1396 11.38104 2.52014 0.46757 1.94017 60 18 8 51 27 223 100.00000 0
754 1464 10.25263 3.08156 0.45025 2.65284 98 12 19 90 36 340 100.00000 0
30 1846 11.85410 0.50589 0.57354 2.13166 148 13 23 144 59 401 100.00000 0
92 1789 10.95972 3.13920 0.51953 3.02155 125 19 21 116 72 347 100.00000 0
810 1425 11.85194 1.88316 0.35090 1.38818 90 16 9 87 54 246 100.00000 0
235 1625 11.58277 2.67429 0.44417 2.41703 234 10 14 232 154 692 100.00000 0
253 1592 10.31764 1.66572 0.82379 2.01519 81 1 0 81 26 384 100.00000 0
751 1468 11.00600 3.07857 0.64608 3.44082 102 6 13 100 38 289 100.00000 0
809 1395 10.86295 1.87852 0.19537 1.16298 168 48 27 165 127 327 100.00000 0
241 1610 11.95953 2.10807 0.32384 2.78671 130 13 6 128 95 448 100.00000 0
202 1701 11.37262 3.13492 0.59466 3.26327 146 1 0 146 89 654 100.00000 0
693 1508 10.12015 1.43227 0.25777 2.39572 181 19 23 176 99 539 100.00000 0
36 1827 10.65459 1.30314 0.22922 1.63494 213 4 3 209 119 511 100.00000 0
22 1827 11.89350 1.32124 0.11757 2.59706 186 3 2 186 109 438 100.00000 0
157 1745 10.34566 3.13266 0.67527 2.44585 135 9 11 133 89 513 100.00000 0
689 1506 11.91199 1.40185 0.50873 1.79100 164 24 17 162 81 528 100.00000 0
31 1836 10.08956 0.94988 0.14440 1.47007 187 7 8 178 100 518 100.00000 0
1909 1960 11.78008 1.45372 0.18625 1.93937 76 14 9 76 30 326 100.00000 0
45 1821 11.51536 1.54494 0.34200 1.64330 147 11 17 147 58 464 100.00000 0
708 1521 11.38928 2.02187 0.22369 0.84209 156 14 22 142 99 448 100.00000 0
221 1650 11.71287 3.12485 0.18922 2.10189 172 8 35 166 86 794 100.00000 0
702 1484 11.02941 1.81443 0.19707 0.70443 181 17 19 181 127 471 100.00000 0
48 1825 10.23154 1.49288 0.20241 1.47299 149 12 3 144 80 461 100.00000 0
2129 2183 11.53087 1.48958 0.63771 4.26186 5 0 0 5 4 33 100.00000 0
776 1419 10.37950 3.06622 0.64573 2.45192 249 59 33 246 141 480 100.00000 0
261 1622 11.94723 2.54572 0.52881 2.97019 55 0 0 53 26 344 100.00000 0
263 1608 11.90766 2.04267 0.45647 2.51700 52 5 3 42 25 254 100.00000 0
691 1498 11.36102 1.46338 0.11091 1.49672 150 11 9 148 100 479 100.00000 0
2482 3877 10.52515 2.02142 0.37742 2.85883 156 41 9 148 100 310 100.00000 0
83 1851 11.38382 1.98058 0.35253 2.29166 135 1 1 129 76 405 100.00000 0
730 1464 11.94796 2.99989 0.13432 2.72936 132 14 27 112 48 396 100.00000 0
2507 3877 11.68887 1.83394 0.12105 4.07525 139 23 28 135 82 325 100.00000 0
782 1442 10.88623 2.98671 0.58650 2.42043 99 0 1 99 53 358 100.00000 0
2477 3877 10.86826 1.88443 0.26248 2.30529 159 43 24 154 93 353 100.00000 0
746 1450 11.57539 3.10554 0.51354 2.54068 168 5 6 162 90 453 100.00000 0
33 1843 10.58965 0.60252 0.40155 2.13955 144 2 3 138 74 458 100.00000 0
135 1766 10.40348 3.14045 0.41626 1.50090 275 43 28 273 168 862 100.00000 0
770 1425 10.89268 3.06824 0.53921 2.22669 391 43 20 385 294 678 100.00000 0
78 1801 11.91767 3.09133 0.81747 4.76016 72 2 1 68 20 322 100.00000 0
800 1393 11.49277 2.33850 0.22269 2.24036 112 17 9 104 51 341 100.00000 0
23 1835 11.08404 1.00802 0.37024 2.14137 104 4 2 97 44 333 100.00000 0
805 1430 11.90323 2.06224 0.31857 1.69904 213 60 28 206 159 329 100.00000 0
76 1856 10.61164 1.63661 0.22464 3.64830 63 6 1 58 23 255 100.00000 0
26 1842 11.24982 0.66572 0.42837 2.05709 129 1 3 121 68 457 100.00000 0
247 1645 11.33900 3.11734 0.24570 1.83845 251 5 0 248 168 711 100.00000 0
794 1435 10.39528 2.54263 0.53030 2.42398 194 35 16 192 79 420 100.00000 0
724 1512 10.57137 2.70496 0.42037 1.74024 256 47 44 250 172 536 100.00000 0
2475 2527 11.47286 0.69885 0.47585 1.66507 125 4 18 125 53 320 100.00000 0
30 1829 10.74847 1.23410 0.06291 1.65895 196 3 1 188 95 536 100.00000 0
3983 4047 10.39995 0.80786 0.08714 0.82139 492 194 143 486 408 805 100.00000 0
1921 1976 11.93919 1.03813 0.25126 1.01414 141 35 11 138 114 385 100.00000 0
732 1500 10.22154 3.00330 0.19404 3.10665 67 13 17 65 39 196 100.00000 0
1917 1970 11.11806 1.21606 0.19457 1.48253 154 30 22 147 74 518 100.00000 0
253 1635 10.97831 2.89834 0.42084 1.65942 131 8 4 127 72 555 100.00000 0
261 1601 10.74862 1.83826 0.57612 2.06203 41 7 1 37 14 254 100.00000 0
43 1824 10.87030 1.44927 0.07721 1.73799 198 13 9 194 98 489 100.00000 0
3993 4058 11.94038 1.01521 0.07435 0.91129 170 30 27 166 94 419 100.00000 0
693 1496 10.83800 1.49815 0.10945 2.06450 220 26 19 212 163 520 100.00000 0
811 1397 11.06975 1.79320 0.09313 0.97839 58 6 12 50 32 206 100.00000 0
722 1515 11.27853 2.63641 0.33069 0.78733 138 22 14 136 91 334 100.00000 0
238 1621 10.78799 2.52845 0.09873 2.44601 134 19 12 132 80 504 100.00000 0
243 1606 11.45543 1.99002 0.56300 2.85376 81 1 4 73 46 378 100.00000 0
246 1647 11.62065 3.13605 0.35512 2.07603 172 3 2 170 107 557 100.00000 0
246 1598 11.31224 1.76964 0.49909 2.98032 31 0 0 25 6 183 100.00000 0
692 1498 10.93850 1.47240 0.15250 1.71304 149 11 10 136 87 448 100.00000 0
41 1822 11.48337 1.48404 0.16151 1.86362 167 5 9 159 95 483 100.00000 0
35 1829 10.38252 1.22900 0.10345 1.31819 205 2 4 205 98 543 100.00000 0
39 1845 10.48129 0.54484 0.10806 2.15049 136 8 14 132 61 434 100.00000 0
88 1793 10.80026 3.11060 0.89575 4.38874 64 2 5 50 28 230 100.00000 0
39 1821 11.84054 1.49341 0.15819 1.92580 146 12 5 140 84 389 100.00000 0
2475 2525 11.01814 0.68816 0.46357 1.68563 128 13 26 121 62 317 100.00000 0
248 1594 11.23981 1.71233 1.42748 3.46317 29 0 0 29 13 215 100.00000 0
702 1482 11.79513 1.81207 0.13227 0.88204 135 7 12 131 64 398 100.00000 0
114 1768 10.94061 3.06791 0.79601 1.78597 221 15 14 208 103 710 100.00000 0
697 1518 11.21772 1.53984 0.07543 1.31997 294 163 43 290 226 556 100.00000 0
28 1841 10.78248 0.70624 0.39909 1.95565 161 1 2 159 93 506 100.00000 0
2486 3861 10.61364 2.21568 0.14749 0.40926 125 26 23 125 88 371 100.00000 0
1913 1966 11.33390 1.37970 0.30727 1.81704 290 57 30 283 183 642 100.00000 0
