98 3788 11.81900 0.03819 0.71272 0.61421 28 0 0 28 23 430 100.00000 0
2678 5405 10.70459 0.01157 0.25876 0.65132 70 6 22 70 46 1326 100.00000 0
352 4110 10.52336 0.01361 0.37852 0.27695 62 3 9 60 50 441 100.00000 0
459 3982 10.49489 0.01009 0.40899 0.54965 20 0 0 16 13 367 100.00000 0
346 709 11.50833 0.00719 0.58218 0.40638 23 0 3 23 13 338 100.00000 0
3265 6154 10.01053 0.00986 0.56813 1.26269 43 1 1 33 29 337 100.00000 0
555 976 11.26895 0.00154 0.44703 0.71655 45 2 0 39 27 490 100.00000 0
531 976 11.26895 0.00154 0.46066 0.13988 40 0 4 40 21 447 100.00000 0
420 975 10.76826 0.00183 0.41492 0.30390 51 1 1 44 31 421 100.00000 0
7754 7810 11.31788 0.72617 1.56507 2.18910 19 0 0 19 7 173 100.00000 0
3018 5736 10.49427 0.04344 0.42319 0.68357 75 0 5 70 49 512 100.00000 0
2471 5270 11.33786 0.30847 0.45166 2.01285 18 1 0 13 9 141 100.00000 0
1358 4519 11.79033 0.00498 0.31842 0.99701 42 3 6 36 27 428 100.00000 0
614 975 10.76826 0.00183 0.52331 0.26980 34 2 2 27 24 472 100.00000 0
734 4172 10.02836 0.01118 0.46071 0.66205 50 2 3 44 33 544 100.00000 0
758 4172 10.03026 0.01108 0.51825 0.66558 66 2 6 66 44 484 100.00000 0
2424 5270 11.33786 0.30847 0.37520 2.05138 23 0 8 23 14 167 100.00000 0
497 976 11.26895 0.00154 0.48773 1.07119 43 1 2 37 27 450 100.00000 0
2843 5563 11.77477 0.05659 0.24202 0.82851 25 0 1 25 17 524 100.00000 0
458 4171 10.79933 0.01107 0.63716 0.34150 42 0 0 35 27 511 100.00000 0
345 476 11.74965 0.00708 0.73096 0.94915 29 0 0 23 16 356 100.00000 0
1211 4394 11.01681 0.01370 0.51250 1.04755 51 0 9 48 43 517 100.00000 0
1591 4756 11.77052 0.01505 0.34638 0.49732 27 4 7 27 22 326 100.00000 0
1033 4214 11.50809 0.00802 0.44578 0.39762 67 2 5 62 54 495 100.00000 0
2429 5323 11.68318 0.82280 0.46587 2.70530 24 0 0 13 12 191 100.00000 0
898 980 11.77208 0.00498 0.36128 0.27976 43 0 3 41 25 402 100.00000 0
1497 4649 10.80174 0.00434 0.41787 0.58148 44 1 4 42 35 382 100.00000 0
2287 5313 11.57005 0.70560 0.65773 1.94662 22 0 0 17 12 233 100.00000 0
2172 2321 11.33265 0.27787 0.98640 1.71395 18 0 3 11 9 190 100.00000 0
3246 6020 10.39814 0.01340 0.92726 0.58283 26 0 0 26 16 349 100.00000 0
3053 5787 10.69800 0.01198 0.43456 0.60652 62 2 7 60 48 535 100.00000 0
392 974 10.01406 0.00381 0.25729 0.29074 49 2 1 47 34 471 100.00000 0
3535 6455 10.86530 0.03133 0.34252 0.80891 15 1 1 12 11 141 100.00000 0
3153 5872 11.09845 0.04461 0.56536 1.55142 19 0 2 17 15 286 100.00000 0
345 660 11.74965 0.00708 0.60792 0.44587 33 0 1 33 27 369 100.00000 0
3681 7171 10.72075 0.15561 0.41690 1.10712 13 0 2 11 5 206 100.00000 0
2171 2366 11.86999 0.30255 1.00189 1.94682 18 2 2 16 7 244 100.00000 0
2268 2564 11.48797 0.58047 0.45712 1.72918 39 3 0 35 26 241 100.00000 0
2476 5321 10.45620 0.77092 0.44491 2.98268 23 0 0 15 7 218 100.00000 0
2411 5323 11.68318 0.82280 1.02300 2.70790 23 0 0 17 12 183 100.00000 0
1697 4865 10.52734 0.00414 0.35427 0.48939 51 3 3 51 38 353 100.00000 0
2218 5305 10.48793 0.48154 0.14689 0.34830 34 6 6 31 21 255 100.00000 0
2184 5300 10.80906 0.35654 1.01733 1.62991 16 1 2 12 5 126 100.00000 0
3231 6009 10.25562 0.04391 0.88466 0.71764 43 0 0 36 30 464 100.00000 0
733 979 11.51780 0.00406 0.56970 0.71272 34 0 4 25 20 380 100.00000 0
2281 5312 11.91985 0.68669 0.79985 1.67023 13 0 0 6 4 215 100.00000 0
165 3828 10.68290 0.01326 0.37449 0.72091 72 3 4 72 57 723 100.00000 0
2420 5269 11.68981 0.30783 0.49429 2.57101 25 0 3 25 8 159 100.00000 0
337 3957 10.51725 0.00644 0.55846 0.59742 39 0 1 39 32 353 100.00000 0
1490 4643 10.03190 0.00777 0.42532 0.41307 40 1 13 38 33 361 100.00000 0
1007 4188 10.27012 0.01706 0.39128 0.30001 77 1 3 71 49 479 100.00000 0
1759 4933 10.45872 0.70154 0.24359 0.85501 40 5 1 31 24 228 100.00000 0
791 979 11.51970 0.00400 0.75158 0.24228 58 0 0 56 38 525 100.00000 0
2317 5270 10.63578 0.26030 0.39519 1.52906 31 0 6 31 11 236 100.00000 0
2495 5320 10.24209 0.74014 1.05189 3.06069 36 2 2 34 19 237 100.00000 0
632 3982 10.49489 0.01009 0.41182 0.48618 42 0 3 39 29 420 100.00000 0
2228 2559 10.88836 0.49447 0.55016 0.58283 19 0 1 19 14 126 100.00000 0
346 608 11.50244 0.00580 0.47270 0.81853 21 1 5 18 16 351 100.00000 0
2862 5582 11.64744 0.02020 0.54318 0.17017 24 0 0 24 16 404 100.00000 0
147 3815 11.45022 0.03145 0.29733 0.96995 77 3 1 72 58 604 100.00000 0
1397 4571 11.51180 0.00561 0.44229 0.57198 155 0 2 148 131 955 100.00000 0
1835 4974 10.05173 0.03954 0.54400 0.41684 41 2 3 36 28 259 100.00000 0
2320 5321 10.76751 0.80012 0.39232 2.54530 48 1 2 44 27 307 100.00000 0
404 977 11.52020 0.00049 0.24535 0.55743 43 5 2 37 29 499 100.00000 0
481 3982 10.49489 0.01009 0.39205 0.49416 17 1 1 13 8 355 100.00000 0
6668 7203 11.24229 0.02743 0.34818 0.50124 14 0 1 14 10 236 100.00000 0
2622 5348 10.90531 0.02185 0.51372 1.25959 34 1 3 31 18 369 100.00000 0
2488 5323 11.68318 0.82280 0.52859 2.78010 18 0 1 12 6 227 100.00000 0
3985 4106 11.26913 0.01135 0.52653 0.56510 61 1 3 55 40 441 100.00000 0
2565 5331 10.40103 0.58587 0.51413 1.84589 57 0 7 54 24 413 100.00000 0
5975 6038 11.10028 0.00458 0.81939 0.66323 38 0 0 32 22 472 100.00000 0
8038 8089 11.01070 0.43522 0.34317 3.00596 285 10 37 277 228 1255 100.00000 0
6606 6956 10.49518 0.00708 0.49551 2.03586 23 0 0 18 17 317 100.00000 0
667 4173 11.79777 0.00987 0.67831 0.35718 26 0 0 21 18 406 100.00000 0
346 654 11.50244 0.00580 0.44501 0.41401 35 3 5 33 26 410 100.00000 0
148 3816 10.81143 0.02904 0.47905 0.58215 49 1 5 45 21 515 100.00000 0
2171 2500 11.86999 0.30255 0.29852 2.46307 21 3 1 10 6 253 100.00000 0
3694 7205 10.66241 0.46041 0.06874 0.50124 10 0 0 7 5 170 100.00000 0
773 979 11.51970 0.00400 0.65427 0.45456 38 0 0 38 20 450 100.00000 0
540 974 10.01791 0.00258 0.51369 0.66735 53 1 4 39 37 625 100.00000 0
2455 5269 11.68981 0.30783 0.22590 1.94602 9 0 0 6 3 125 100.00000 0
6786 7201 10.24214 0.02731 0.47069 1.28877 12 0 0 12 7 238 100.00000 0
1864 4978 11.72648 0.00625 1.57363 0.34718 12 0 0 1 5 188 100.00000 0
2178 2503 10.26950 0.29786 0.14861 1.81316 16 0 1 14 8 164 100.00000 0
111 3795 10.50595 0.01434 0.72754 0.43160 41 0 0 36 29 563 100.00000 0
1251 4418 10.26327 0.01129 0.21321 0.64407 69 6 10 69 52 401 100.00000 0
460 4173 11.79777 0.00987 0.59707 0.61102 26 0 0 21 18 400 100.00000 0
457 3980 11.49638 0.01155 0.38393 1.11347 30 0 1 26 22 314 100.00000 0
2177 2412 10.26875 0.29874 1.66568 2.10617 11 0 1 1 0 130 100.00000 0
777 3985 10.24876 0.00981 0.47654 0.59938 41 2 1 41 31 470 100.00000 0
981 4142 11.02953 0.01426 0.35673 0.53376 56 2 7 53 40 511 100.00000 0
4116 4174 10.00670 0.00664 0.28316 0.69041 55 2 3 50 45 567 100.00000 0
3094 5828 11.10592 0.02019 0.47861 0.76361 23 0 2 19 21 443 100.00000 0
5977 6036 10.10704 0.00608 0.69795 0.62994 50 1 3 48 31 577 100.00000 0
2172 2464 11.68279 0.30204 0.96576 1.99292 12 0 0 7 4 141 100.00000 0
812 978 10.77040 0.00229 0.42838 0.17246 36 0 0 34 28 490 100.00000 0
2511 2583 11.93117 0.82358 0.35584 2.65343 28 1 0 26 11 194 100.00000 0
1067 4264 11.51297 0.00305 0.35074 0.29074 168 14 46 166 145 630 100.00000 0
711 4170 10.03241 0.01130 0.37255 0.37430 67 2 1 58 46 493 100.00000 0
1359 4520 11.54538 0.00724 0.61326 0.47642 39 2 7 35 18 319 100.00000 0
4011 4171 11.77155 0.00644 0.43048 0.42244 51 2 0 46 27 535 100.00000 0
350 917 10.50898 0.00703 0.46489 0.48457 49 0 1 39 28 470 100.00000 0
848 3984 10.74879 0.01016 0.60424 0.65012 27 0 0 22 14 413 100.00000 0
8045 8108 11.99700 1.25167 0.45794 2.11896 154 1 1 152 112 701 100.00000 0
642 3979 11.99371 0.01255 0.55299 0.58817 23 1 0 20 12 334 100.00000 0
2328 5272 10.63939 0.30767 0.33244 2.09891 33 0 2 27 17 219 100.00000 0
1590 4754 10.06641 0.01400 0.69162 0.98675 45 2 1 41 35 392 100.00000 0
464 4170 10.30159 0.01147 0.53508 0.46225 51 1 1 49 35 508 100.00000 0
2312 5320 11.43827 0.82385 1.84829 2.25047 34 1 4 30 17 292 100.00000 0
2176 2437 10.80393 0.29947 0.39356 1.81143 21 1 1 16 8 144 100.00000 0
368 967 10.00277 0.01055 0.52359 0.59807 32 1 0 32 15 428 100.00000 0
3246 6014 10.43816 0.01363 0.90839 0.89744 21 0 0 16 15 387 100.00000 0
1553 4703 11.01707 0.02319 0.51959 0.84765 28 0 1 28 23 323 100.00000 0
889 979 11.51970 0.00400 0.84744 0.24549 49 0 0 47 30 517 100.00000 0
2335 2582 11.44621 0.80088 1.16892 2.64871 24 2 2 24 6 220 100.00000 0
2815 5536 11.68125 0.04535 0.39452 0.09691 31 2 3 28 20 663 100.00000 0
417 4172 11.29839 0.01034 0.41939 0.50668 42 0 0 38 26 491 100.00000 0
2359 5321 10.45620 0.77092 0.42325 2.85293 16 2 0 13 8 163 100.00000 0
925 976 10.00929 0.00120 0.43639 0.68185 74 2 5 74 62 519 100.00000 0
6607 6923 10.24121 0.00750 0.53630 2.12744 38 0 0 29 24 393 100.00000 0
6605 7012 10.99721 0.00661 1.12396 5.41884 18 0 1 9 10 290 100.00000 0
2535 5271 11.68632 0.33918 0.39494 1.95865 12 1 1 2 4 102 100.00000 0
2175 2384 10.80392 0.29987 0.30407 1.89072 25 0 5 23 7 238 100.00000 0
2178 2468 10.26950 0.29786 0.65462 1.71555 17 0 0 15 4 142 100.00000 0
2267 2565 11.79055 0.60432 0.52497 1.47724 32 2 2 28 19 244 100.00000 0
364 4161 10.26025 0.01913 0.43839 0.78034 33 0 3 29 20 375 100.00000 0
2173 2440 11.32990 0.30114 0.17114 2.00526 15 0 2 12 4 169 100.00000 0
348 618 10.25119 0.00537 0.54039 0.43341 47 0 1 45 38 448 100.00000 0
829 976 10.00929 0.00120 0.34320 0.76515 50 1 3 50 31 501 100.00000 0
2156 2283 11.71973 0.09620 0.19675 0.56441 9 0 1 2 3 148 100.00000 0
2521 5270 11.33786 0.30847 0.53868 2.08788 19 0 3 11 7 156 100.00000 0
983 4146 11.78416 0.01610 0.25753 0.72145 68 3 7 64 45 500 100.00000 0
6605 6975 10.99721 0.00661 0.66648 0.29871 24 0 1 24 18 306 100.00000 0
825 4173 10.53017 0.01052 0.54906 0.99032 33 1 2 33 23 492 100.00000 0
458 4173 11.79777 0.00987 0.44535 0.42428 31 1 0 27 18 432 100.00000 0
1266 4445 10.02312 0.01663 0.42603 0.28255 44 1 0 42 34 329 100.00000 0
4002 4166 11.51660 0.01168 0.37665 0.53229 36 2 1 34 23 398 100.00000 0
3703 7225 11.08056 0.76917 0.63678 1.37857 14 0 0 12 10 198 100.00000 0
2644 5371 11.79552 0.02474 0.16339 0.38155 33 2 3 26 12 449 100.00000 0
1793 4951 11.30203 0.21655 0.34922 1.56873 86 1 1 82 67 277 100.00000 0
350 897 10.50898 0.00703 0.69122 0.41117 35 0 0 33 20 414 100.00000 0
654 4170 10.30159 0.01147 0.51137 0.55953 51 0 3 47 32 514 100.00000 0
558 974 10.01791 0.00258 0.29570 0.06256 39 1 4 33 30 481 100.00000 0
350 743 10.50898 0.00703 0.69129 0.41117 34 0 0 30 26 358 100.00000 0
351 4093 11.02224 0.01386 0.49744 0.35388 51 2 6 49 42 425 100.00000 0
2927 5646 10.06681 0.00285 0.31997 0.15323 46 0 2 46 30 391 100.00000 0
761 4175 11.52745 0.00992 0.36035 0.62307 42 0 3 37 28 449 100.00000 0
6075 6128 11.38936 0.00959 0.35984 0.41117 18 1 2 18 13 383 100.00000 0
508 3982 10.49489 0.01009 0.37747 0.67260 34 0 3 30 23 369 100.00000 0
484 4170 10.30159 0.01147 0.53069 0.67493 52 0 1 41 33 509 100.00000 0
