0.03109 0.02117
0.01967 0.02144
0.01732 0.02625
0.01712 0.02753
0.01643 0.02120
0.01642 0.02308
0.01649 0.02445
0.01740 0.02550
0.02507 0.02126
0.02302 0.02141
0.02380 0.01900
0.01905 0.02281
0.03623 0.02158
0.02439 0.02143
0.01531 0.02301
0.01767 0.02299
0.01717 0.02408
0.01714 0.02296
0.01819 0.01929
0.01762 0.02636
0.01480 0.01631
0.01737 0.02656
0.02870 0.02161
0.03611 0.02195
0.01728 0.02294
0.01669 0.02649
0.02366 0.02043
0.02996 0.02360
0.01712 0.02375
0.01579 0.02398
0.03073 0.02115
0.01840 0.02034
0.01808 0.02022
0.01746 0.02149
0.01636 0.02148
0.01755 0.02259
0.02476 0.02371
0.01892 0.02959
0.01662 0.02706
0.01683 0.02305
0.01681 0.02490
0.04251 0.02338
0.01930 0.02329
0.01952 0.01918
0.01253 0.01845
0.01714 0.02325
0.01691 0.02295
0.01390 0.01719
0.01797 0.02143
0.02156 0.02485
0.01702 0.02254
0.01568 0.02002
0.01785 0.02787
0.01630 0.01462
0.01662 0.02161
0.01713 0.02201
0.01735 0.02137
0.01724 0.02513
0.01616 0.02288
0.01974 0.03148
0.02957 0.02148
0.01888 0.02464
0.02065 0.02217
0.01979 0.02204
0.01995 0.02202
0.02165 0.02189
0.01894 0.02185
0.01626 0.02560
0.01713 0.02304
0.01720 0.02163
0.02259 0.02029
0.01986 0.02110
0.01464 0.01768
0.01633 0.01635
0.01815 0.02206
0.02280 0.02412
0.02180 0.02023
0.01833 0.02362
0.01666 0.02265
0.01539 0.01894
0.03644 0.01541
0.01757 0.02038
0.01561 0.02063
0.01623 0.02016
0.01680 0.02307
0.01612 0.02104
0.01901 0.03111
0.02405 0.02366
0.01615 0.02157
0.01553 0.01903
0.01901 0.01944
0.01736 0.02839
0.02025 0.02269
0.02727 0.02285
0.02149 0.02330
0.01418 0.01863
0.01794 0.01621
0.01490 0.01819
0.01578 0.01616
0.01718 0.01773
0.01357 0.01693
0.01826 0.02130
0.01635 0.01904
0.01979 0.02394
0.01691 0.02631
0.01672 0.02428
0.01719 0.02225
0.01552 0.02007
0.01737 0.02444
0.01650 0.02529
0.01693 0.01226
0.01577 0.01875
0.02444 0.02353
0.01965 0.02560
0.01858 0.02167
0.01584 0.02112
0.02063 0.02455
0.02208 0.02389
0.01576 0.02284
0.01799 0.02283
0.01654 0.02094
0.03500 0.02222
0.01702 0.02178
0.01694 0.02264
0.01713 0.02669
0.01859 0.02365
0.01587 0.02481
0.01623 0.02138
0.01600 0.01805
0.01676 0.02085
0.01690 0.01894
0.01655 0.02684
0.01662 0.02278
0.02762 0.02249
0.02060 0.02704
0.01538 0.01823
0.02899 0.02406
0.01946 0.02462
0.01977 0.02331
0.01863 0.02008
0.01651 0.02101
0.01735 0.02341
0.02012 0.02448
0.01693 0.02215
0.01824 0.02606
0.02121 0.03623
0.01683 0.02367
0.01703 0.02305
0.02183 0.02628
0.01731 0.02099
0.01752 0.02399
0.01785 0.01531
0.02635 0.02343
0.01559 0.02687
0.01828 0.02263
0.01727 0.01973
0.02576 0.02282
0.02010 0.01986
0.01766 0.02548
0.01829 0.02910
0.01759 0.02282
0.01704 0.01803
0.01755 0.02170
0.01597 0.02576
0.01688 0.02545
0.01792 0.02801
0.01933 0.02373
0.01874 0.02038
0.03516 0.02300
0.01982 0.02099
0.02078 0.02250
0.01814 0.02783
0.01667 0.02470
0.01611 0.02011
0.02408 0.02097
0.01911 0.02279
0.01652 0.02393
0.01947 0.02327
0.01751 0.02327
0.01750 0.02030
0.01718 0.02352
0.01626 0.01978
0.01500 0.02451
0.01630 0.02728
0.01807 0.02091
0.01576 0.01909
0.01627 0.02194
0.01695 0.02800
0.02033 0.02181
0.01643 0.02094
0.01933 0.02528
0.01565 0.01993
0.01628 0.02051
0.01973 0.02178
0.01661 0.02252
0.01710 0.02959
0.01873 0.02513
0.01283 0.02180
0.01339 0.01988
0.01719 0.02334
