0.02158 0.02608
0.02551 0.02227
0.01353 0.01062
0.02590 0.03390
0.01523 0.02070
0.02112 0.03395
0.01123 0.00938
0.01867 0.02718
0.02775 0.01858
0.02489 0.01629
0.02022 0.03257
0.02385 0.03283
0.01917 0.01349
0.01683 0.01885
0.02077 0.02142
0.02498 0.03720
0.03503 0.04232
0.02838 0.03501
0.02081 0.03328
0.02376 0.03517
0.01544 0.01532
0.01676 0.02691
0.02084 0.02331
0.01683 0.01733
0.02003 0.02122
0.01615 0.01641
0.01627 0.00951
0.01770 0.01696
0.01597 0.02138
0.01590 0.01688
0.02037 0.03320
0.03236 0.02662
0.01755 0.02457
0.02314 0.03476
0.01687 0.01657
0.03167 0.03693
0.02103 0.02798
0.01575 0.01435
0.01967 0.02128
0.02178 0.02486
0.01347 0.00903
0.01864 0.01713
0.02482 0.02073
0.01344 0.01214
0.02027 0.01642
0.02027 0.02055
0.01773 0.02227
0.01970 0.02714
0.02678 0.03371
0.02382 0.02620
0.01768 0.02586
0.03046 0.01766
0.01672 0.01840
0.01605 0.01845
0.02055 0.03405
0.02222 0.02148
0.02358 0.03028
0.02888 0.03502
0.02120 0.03349
0.02023 0.02761
0.02223 0.01994
0.03042 0.02521
0.02715 0.02146
0.01697 0.01870
0.01541 0.02023
0.02019 0.01550
0.02016 0.01705
0.02183 0.02809
0.02092 0.02072
0.01645 0.01929
0.01542 0.01610
0.02047 0.01911
0.03235 0.03606
0.01573 0.02092
0.01807 0.01884
0.01843 0.01409
0.02791 0.02828
0.02059 0.02312
0.02891 0.03194
0.02403 0.02130
0.01328 0.01040
0.01935 0.02258
0.02411 0.02311
0.02781 0.03410
0.01905 0.02067
0.01820 0.01433
0.01783 0.01817
0.01999 0.03374
0.02035 0.03453
0.02321 0.01724
0.02469 0.02999
0.02057 0.02044
0.01524 0.02054
0.01933 0.02385
0.01584 0.02119
0.02756 0.03568
0.02230 0.02216
0.01655 0.02175
0.01598 0.02281
0.02040 0.02917
0.01473 0.00904
0.01939 0.01569
0.02904 0.03911
0.01895 0.01697
0.01654 0.01096
0.02027 0.03493
0.02201 0.02129
0.02201 0.03187
0.02988 0.02605
0.01106 0.01126
0.01987 0.02013
0.03595 0.03397
0.02036 0.03473
0.01536 0.02167
0.01768 0.02054
0.02471 0.02549
0.01755 0.02490
0.01503 0.02117
0.02844 0.03417
0.01897 0.02107
0.01563 0.02122
0.02577 0.01999
0.02654 0.01996
0.01442 0.01966
0.02420 0.03359
0.01631 0.01019
0.01735 0.02050
0.02580 0.01475
0.02201 0.02157
0.02005 0.01541
0.02428 0.02192
0.01976 0.02534
0.02330 0.02181
0.02184 0.03428
0.01568 0.02080
0.01894 0.02485
0.03877 0.02336
0.01767 0.02135
0.01575 0.01653
0.01949 0.01987
0.01603 0.02135
0.02606 0.01389
0.02585 0.04232
0.01753 0.02113
0.02039 0.02255
0.02369 0.03391
0.01849 0.02104
0.01851 0.02070
0.02193 0.01895
0.01864 0.02249
0.02472 0.03270
0.02739 0.03298
0.02524 0.03704
0.03037 0.03543
0.01671 0.02220
0.01507 0.01309
0.03170 0.03695
0.01889 0.01250
0.01322 0.01282
0.01874 0.02188
0.02357 0.03081
0.03750 0.03179
0.01568 0.01894
0.01824 0.01811
0.02183 0.02546
0.02030 0.02039
0.02967 0.02344
0.01586 0.01730
0.02658 0.02682
0.04120 0.03588
0.01439 0.01577
0.01935 0.02535
0.02064 0.03279
0.02399 0.01573
0.02016 0.03522
0.01558 0.01709
0.01701 0.01938
0.01905 0.02356
0.03158 0.03614
0.02789 0.03626
0.01563 0.02090
0.02781 0.02000
0.02410 0.01788
0.01907 0.01804
0.02450 0.01614
0.02203 0.02218
0.02066 0.01854
0.03370 0.03579
0.01964 0.02219
0.02555 0.03324
0.02288 0.02337
0.02051 0.03289
0.02149 0.01784
0.01371 0.01606
0.01495 0.01644
0.01769 0.02178
0.02261 0.03274
0.02822 0.03293
0.03431 0.02434
0.01922 0.02084
