98 3788 11.81900 0.03819 0.74065 0.99780 14 6 2 12 9
2678 5405 10.70459 0.01157 0.53024 0.77430 50 44 5 38 22
352 4110 10.52336 0.01361 0.49649 0.32626 54 52 2 50 33
459 3982 10.49489 0.01009 0.85401 0.57471 43 38 1 38 27
346 709 11.50833 0.00719 0.96178 0.45456 33 26 3 29 21
7046 7203 11.24229 0.02743 1.11351 0.89700 20 12 1 12 6
3265 6154 10.01053 0.00986 0.83957 0.99071 51 44 2 44 35
3679 7107 10.26745 0.11951 1.60017 1.06936 11 2 3 4 3
555 976 11.26895 0.00154 0.54272 0.03956 51 46 2 42 32
531 976 11.26895 0.00154 0.51405 0.03956 47 45 0 41 30
420 975 10.76826 0.00183 0.64317 0.09279 70 56 1 52 44
7754 7810 11.31788 0.72617 1.17798 2.23406 37 25 9 29 10
3018 5736 10.49427 0.04344 0.60855 0.47806 46 35 10 44 23
2471 5270 11.33786 0.30847 1.07648 1.95905 26 23 2 24 15
1358 4519 11.79033 0.00498 0.28210 0.30901 24 13 4 19 9
614 975 10.76826 0.00183 0.53081 0.05595 66 56 7 62 38
734 4172 10.02836 0.01118 0.39011 0.53741 54 42 6 50 28
3660 6675 11.15628 0.00375 0.61786 0.24228 10 5 5 4 4
758 4172 10.03026 0.01108 0.65225 0.39267 52 45 1 48 35
6806 7202 10.99288 0.02735 0.99762 0.31153 21 10 3 15 8
1949 5079 10.80691 0.00882 8.80074 1.16028 4 0 0 2 2
2424 5270 11.33786 0.30847 1.19672 1.96044 20 18 1 13 13
3645 6593 11.70663 0.00345 1.26097 0.70776 5 2 0 2 3
497 976 11.26895 0.00154 0.68414 nan 59 44 6 59 31
6603 6850 11.74586 0.00594 4.25254 9.48593 6 0 0 1 3
2843 5563 11.77477 0.05659 0.64129 1.06569 36 27 2 18 13
3559 6480 11.23116 0.01288 18.77464 179.29612 20 0 0 20 7
6614 7182 10.97805 0.01904 0.47343 0.83556 7 4 1 4 2
458 4171 10.79933 0.01107 0.58640 0.34492 44 34 5 44 28
3389 6303 10.30408 0.05438 1.32783 1.67234 14 10 3 10 4
345 476 11.74965 0.00708 0.71418 1.10535 27 19 1 19 16
1211 4394 11.01681 0.01370 0.58954 1.08930 13 11 2 10 8
1591 4756 11.77052 0.01505 0.46634 0.48698 17 13 0 5 5
1033 4214 11.50809 0.00802 0.29118 0.64771 30 25 5 27 14
2751 5491 11.95889 0.01155 0.59193 0.66969 31 21 7 25 12
2429 5323 11.68318 0.82280 2.49758 3.13825 55 51 2 45 39
898 980 11.77208 0.00498 0.39400 0.28116 60 53 7 56 29
1497 4649 10.80174 0.00434 0.44983 0.82234 20 15 0 10 8
2287 5313 11.57005 0.70560 3.12243 1.83120 35 8 9 24 14
2172 2321 11.33265 0.27787 2.35579 2.02468 34 20 1 18 19
3246 6020 10.39814 0.01340 1.50830 1.01876 17 2 0 17 5
3053 5787 10.69800 0.01198 0.43514 0.60393 27 20 7 15 12
2472 2581 11.22698 0.77641 2.40506 2.69907 53 36 8 40 32
1659 4807 10.85102 0.00775 1.07140 0.31404 12 0 1 10 3
2171 2470 11.86999 0.30255 1.06756 2.08788 26 24 0 24 18
392 974 10.01406 0.00381 0.29315 0.30390 49 44 4 40 30
3535 6455 10.86530 0.03133 13.19244 1.79231 4 0 0 4 1
3153 5872 11.09845 0.04461 0.50077 0.68300 13 10 2 6 4
345 660 11.74965 0.00708 0.87589 0.45800 48 32 10 43 22
7104 7204 11.73924 0.02765 0.66209 0.79031 14 1 1 11 8
3681 7171 10.72075 0.15561 0.27980 1.04380 14 9 1 7 4
2171 2366 11.86999 0.30255 1.33576 2.57982 24 13 1 16 14
3526 6446 10.51057 0.03046 7.10642 4.84468 3 0 0 0 1
2268 2564 11.48797 0.58047 0.68240 1.72624 49 43 4 47 31
2476 5321 10.45620 0.77092 2.78351 2.83048 50 26 17 48 27
2411 5323 11.68318 0.82280 2.28097 2.71815 50 41 7 35 29
1697 4865 10.52734 0.00414 0.31198 0.47806 26 18 5 18 15
2218 5305 10.48793 0.48154 0.47014 0.41496 53 52 1 45 36
2184 5300 10.80906 0.35654 1.35027 2.03874 57 52 2 57 41
3231 6009 10.25562 0.04391 0.81494 0.92281 29 8 0 29 19
733 979 11.51780 0.00406 0.69755 0.28804 39 27 6 33 21
2281 5312 11.91985 0.68669 1.65070 1.51801 61 58 1 50 40
165 3828 10.68290 0.01326 0.71017 0.76719 37 30 3 35 20
2420 5269 11.68981 0.30783 0.66091 1.90084 31 20 9 29 24
337 3957 10.51725 0.00644 0.36987 0.30390 35 32 2 32 22
6603 7152 11.74402 0.00648 8.89801 0.38257 4 0 0 0 1
1490 4643 10.03190 0.00777 0.64360 0.84209 23 15 3 12 12
1007 4188 10.27012 0.01706 0.56811 0.79917 74 63 4 62 53
1759 4933 10.45872 0.70154 7.34657 4.59329 8 0 0 8 2
6606 6919 10.49518 0.00708 0.95154 0.68756 9 8 0 9 8
6927 7202 10.99288 0.02735 1.18307 0.30001 22 3 7 15 8
791 979 11.51970 0.00400 1.02733 0.74494 37 21 4 33 22
3651 6604 10.22634 0.00689 24.17848 0.40734 4 0 0 1 1
2317 5270 10.63578 0.26030 0.56310 1.53366 30 21 9 28 17
2495 5320 10.24209 0.74014 2.53520 3.03912 53 42 10 36 34
632 3982 10.49489 0.01009 0.66448 0.48618 41 38 3 35 25
6603 6748 11.74586 0.00594 1.30040 0.97558 6 4 2 4 1
2228 2559 10.88836 0.49447 0.75634 0.68185 59 54 2 46 41
346 608 11.50244 0.00580 0.97504 0.37742 23 14 7 16 9
6606 6982 10.49518 0.00708 1.81334 2.20514 5 1 1 5 3
2862 5582 11.64744 0.02020 0.25080 0.14804 34 27 6 32 19
147 3815 11.45022 0.03145 0.33823 1.11206 28 20 3 28 17
1397 4571 11.51180 0.00561 0.46547 0.25944 28 25 0 20 13
1835 4974 10.05173 0.03954 0.34200 0.48457 38 27 7 29 14
2320 5321 10.76751 0.80012 2.80371 2.55497 42 18 23 35 17
404 977 11.52020 0.00049 1.04230 1.29089 36 26 2 29 17
481 3982 10.49489 0.01009 0.85309 0.49099 33 30 1 29 20
6668 7203 11.24229 0.02743 0.79947 0.40056 18 10 0 18 9
2622 5348 10.90531 0.02185 1.20698 1.89899 39 32 2 26 17
2719 5443 11.29588 0.01172 0.37997 0.52190 33 31 2 29 17
2488 5323 11.68318 0.82280 2.48367 2.71354 52 40 9 39 32
6604 6918 11.24828 0.00629 0.72072 1.43668 8 3 1 3 2
1658 4806 10.82079 0.00786 0.68770 0.47395 12 6 0 5 4
3985 4106 11.26913 0.01135 0.66174 0.59545 35 24 3 35 18
2565 5331 10.40103 0.58587 1.12027 1.75189 67 22 23 59 48
1915 5045 11.31781 0.00580 10.34825 0.37009 4 0 0 4 4
5975 6038 11.10028 0.00458 0.94257 0.30390 34 7 1 32 15
8038 8089 11.01070 0.43522 2.78235 2.95910 41 13 4 33 18
6606 6956 10.49518 0.00708 28.34220 0.41684 6 0 0 0 1
667 4173 11.79777 0.00987 0.66748 0.66969 38 27 0 34 22
346 654 11.50244 0.00580 0.50021 0.42796 32 26 6 27 14
148 3816 10.81143 0.02904 0.23548 0.80891 27 20 6 25 12
2171 2500 11.86999 0.30255 1.05066 2.02468 23 18 2 19 14
3694 7205 10.66241 0.46041 0.24180 0.52786 32 29 1 19 17
3660 6714 11.15628 0.00375 0.67812 0.25023 8 6 1 8 4
773 979 11.51970 0.00400 0.76232 0.24228 55 31 8 52 35
540 974 10.01791 0.00258 0.32868 0.06256 51 44 7 43 30
2455 5269 11.68981 0.30783 0.58601 1.83845 27 18 8 24 14
6786 7201 10.24214 0.02731 0.98334 0.88514 21 9 2 15 9
1864 4978 11.72648 0.00625 0.68249 0.74125 15 11 3 10 6
2178 2503 10.26950 0.29786 2.86099 2.68263 16 11 0 13 8
3679 6849 10.26745 0.11951 1.08510 1.12744 14 7 5 11 8
2052 5187 10.74936 0.02658 11.29256 2.20514 16 0 0 9 8
111 3795 10.50595 0.01434 0.43355 0.40154 15 14 1 12 10
1251 4418 10.26327 0.01129 0.38636 1.17337 17 10 3 9 5
460 4173 11.79777 0.00987 0.59758 0.37115 41 33 2 34 16
457 3980 11.49638 0.01155 0.87845 0.54608 33 29 3 25 19
2177 2412 10.26875 0.29874 1.49631 1.71075 35 30 1 30 18
777 3985 10.24876 0.00981 0.50412 1.17170 34 28 2 32 17
3680 6856 10.97298 0.13900 0.46436 1.03967 10 5 2 5 4
981 4142 11.02953 0.01426 0.24231 0.54249 51 44 7 46 25
239 3901 11.94909 0.07899 1.33087 0.48133 8 1 2 4 4
4116 4174 10.00670 0.00664 0.31356 0.29871 64 60 4 54 41
3094 5828 11.10592 0.02019 0.92556 0.30774 32 16 2 27 13
5977 6036 10.10704 0.00608 0.54843 0.78534 22 8 5 7 3
2172 2464 11.68279 0.30204 0.92736 2.11155 17 13 1 9 8
812 978 10.77040 0.00229 0.60307 0.15066 60 46 9 52 31
5990 6111 10.58967 0.01334 0.29903 0.88249 28 20 4 21 10
2511 2583 11.93117 0.82358 2.51581 2.63879 57 43 11 51 41
1067 4264 11.51297 0.00305 0.79060 0.20558 37 27 10 33 16
711 4170 10.03241 0.01130 0.56110 0.37639 36 29 5 32 22
6050 6125 10.89225 0.00919 0.96765 0.75069 22 13 2 16 7
1359 4520 11.54538 0.00724 0.29400 0.76515 23 23 0 20 15
6603 6675 11.74586 0.00594 1.47024 0.50513 14 4 4 6 4
4011 4171 11.77155 0.00644 0.70744 0.35827 47 37 5 41 24
350 917 10.50898 0.00703 0.68273 0.43521 39 21 9 37 19
848 3984 10.74879 0.01016 0.50560 0.59479 31 26 1 18 18
8045 8108 11.99700 1.25167 0.56243 2.52925 25 0 1 22 14
6604 6789 11.24828 0.00629 1.49116 0.44937 9 5 4 7 4
642 3979 11.99371 0.01255 0.74953 0.72145 27 21 5 25 16
2328 5272 10.63939 0.30767 0.76653 1.99312 21 15 5 19 10
1590 4754 10.06641 0.01400 0.56417 0.52115 26 22 2 21 15
464 4170 10.30159 0.01147 0.74472 0.37949 39 27 5 34 23
7149 7203 11.24229 0.02743 1.18547 0.33455 23 12 8 23 9
2312 5320 11.43827 0.82385 2.60899 2.41200 55 26 27 38 32
2176 2437 10.80393 0.29947 0.61334 1.73596 33 19 8 20 22
368 967 10.00277 0.01055 0.50835 0.59807 58 52 4 51 33
3246 6014 10.43816 0.01363 0.53295 0.24708 25 20 3 25 12
7112 7202 10.99288 0.02735 0.69560 0.64710 19 7 4 16 10
1553 4703 11.01707 0.02319 0.74969 0.40154 24 13 4 20 11
2770 5509 11.06598 0.01245 0.64403 0.49019 29 15 4 9 5
889 979 11.51970 0.00400 0.73093 0.24389 40 23 8 33 21
2335 2582 11.44621 0.80088 2.31715 2.65594 68 62 4 59 53
2815 5536 11.68125 0.04535 0.43354 0.10468 50 47 2 42 31
417 4172 11.29839 0.01034 0.72843 0.32865 44 24 7 41 21
2359 5321 10.45620 0.77092 2.85232 2.97322 47 8 19 37 23
925 976 10.00929 0.00120 0.71552 0.60523 54 48 4 51 38
2337 5323 11.68318 0.82280 2.44645 2.69297 56 44 9 47 37
1942 5057 10.01155 0.01166 10.79095 16.08250 4 0 0 4 3
6607 6923 10.24121 0.00750 0.52216 0.44323 9 5 2 7 3
6605 7012 10.99721 0.00661 0.70754 0.59083 10 8 1 8 5
2535 5271 11.68632 0.33918 1.31461 2.74467 22 11 5 10 9
6731 7202 10.99288 0.02735 1.01081 0.37115 15 10 2 4 7
1927 5040 11.80408 0.00990 4.77985 0.97879 4 0 0 1 1
2175 2384 10.80392 0.29987 1.03588 1.89713 31 29 0 28 22
3660 6661 11.15628 0.00375 0.63302 0.31652 7 3 3 5 3
2178 2468 10.26950 0.29786 1.09243 1.76059 12 6 0 10 7
6609 7175 11.22994 0.01664 0.90648 1.17703 6 4 0 6 3
3540 6440 11.85126 0.04017 0.56919 0.20174 5 4 0 5 3
2267 2565 11.79055 0.60432 1.04766 1.46447 42 24 5 40 22
364 4161 10.26025 0.01913 0.63515 0.93419 42 33 5 36 23
2173 2440 11.32990 0.30114 1.17527 1.80277 35 19 3 26 21
348 618 10.25119 0.00537 0.63733 0.49575 40 36 4 34 25
829 976 10.00929 0.00120 0.76765 0.22381 65 34 8 63 39
2156 2283 11.71973 0.09620 0.34431 0.76668 22 16 5 18 10
2521 5270 11.33786 0.30847 0.71470 2.00056 25 20 5 22 13
6613 7181 10.97893 0.01845 1.34209 1.04305 10 6 0 2 3
3477 6402 11.29745 0.04273 0.93849 0.81613 6 2 2 4 3
983 4146 11.78416 0.01610 0.34488 0.70886 67 64 3 62 47
6605 6975 10.99721 0.00661 0.91435 0.35054 10 8 2 5 5
825 4173 10.53017 0.01052 0.58003 0.40830 59 50 8 56 38
458 4173 11.79777 0.00987 0.70634 0.34830 42 25 4 32 24
1266 4445 10.02312 0.01663 0.63539 2.57770 13 4 0 7 7
4002 4166 11.51660 0.01168 0.39607 0.52414 65 63 2 63 44
3703 7225 11.08056 0.76917 1.10352 1.53595 10 3 0 2 4
2644 5371 11.79552 0.02474 0.36043 0.31027 32 28 2 22 18
1793 4951 11.30203 0.21655 0.49940 0.36477 21 17 3 18 12
350 897 10.50898 0.00703 0.67320 0.41401 47 35 8 45 30
654 4170 10.30159 0.01147 0.76413 0.36797 37 26 6 33 22
3680 6994 10.97298 0.13900 1.38940 1.21112 18 4 1 8 6
558 974 10.01791 0.00258 0.40533 0.37949 57 50 6 55 28
350 743 10.50898 0.00703 0.56412 0.45370 46 41 3 46 33
2422 5320 10.24209 0.74014 2.50525 3.10992 49 27 5 40 26
351 4093 11.02224 0.01386 0.62935 0.40734 48 41 5 39 25
2927 5646 10.06681 0.00285 0.42953 0.64346 22 22 0 16 11
761 4175 11.52745 0.00992 0.46330 0.45800 67 60 5 62 52
6075 6128 11.38936 0.00959 0.82516 0.73754 20 13 6 18 9
508 3982 10.49489 0.01009 0.93757 0.48779 43 32 8 41 24
484 4170 10.30159 0.01147 0.73254 0.60909 39 25 3 37 21
3660 7030 11.15628 0.00375 0.54326 1.57271 10 5 1 2 3
