2000 3419 11.77103 2.29658 0.65565 2.58483 76 37 14 72 39
939 4195 10.75276 0.55559 0.44757 4.50389 72 28 32 70 15
1981 4568 11.29674 0.04255 0.76307 2.37257 85 10 3 70 42
1795 4404 10.92120 0.64557 0.75501 2.31765 85 30 1 82 31
3424 4572 11.36026 1.65936 0.70814 2.13955 172 42 15 170 109
941 4221 11.09795 0.03076 0.26020 1.98958 181 77 34 179 125
3313 4624 11.54661 1.93089 0.83184 6.58970 27 3 1 27 10
3398 4574 11.66679 2.98580 0.48064 0.35936 93 49 5 91 66
1944 4535 10.67241 0.06258 1.67039 1.53187 123 0 0 119 89
2013 3414 11.94384 2.91902 0.42480 2.31224 99 72 4 94 60
1004 4265 11.18746 0.01602 0.23688 0.90569 84 59 22 79 57
3411 4586 11.09934 2.30212 0.32191 3.08769 116 77 13 112 54
3360 4601 10.07671 3.12944 0.62262 3.17496 78 38 23 76 38
3316 4625 10.05877 1.99911 0.46472 5.90465 24 1 0 24 10
2015 4579 11.80682 1.34021 0.38874 4.25275 89 55 9 85 52
1003 4248 10.56080 0.02116 7.86468 1.17536 49 0 0 44 36
1036 4277 11.74153 0.79050 0.14066 1.03476 182 121 19 182 124
1025 4274 11.85598 0.18143 0.27357 1.35797 71 44 9 67 40
3420 4569 11.16863 1.78615 0.64797 0.89043 159 29 13 157 112
3369 4594 10.53298 3.11977 0.61839 3.78734 102 54 14 100 57
1011 4252 10.43428 0.02551 0.19166 1.08318 58 41 15 58 39
993 4259 11.01126 0.01514 0.31213 0.90569 75 47 7 70 47
2004 4562 10.60807 0.72206 0.67356 0.77833 93 20 5 90 63
1834 4412 11.87768 0.00420 0.44490 0.34264 47 22 6 45 31
1875 4467 10.31848 0.02322 0.72279 0.79426 42 5 1 34 23
3313 4629 11.68643 1.86852 0.55658 7.03280 14 3 0 14 7
1034 4260 10.88328 0.64929 0.18457 1.29392 86 58 11 79 59
3335 4630 11.35303 2.62880 0.29139 2.48365 128 102 10 128 85
926 4210 10.75146 0.07148 0.43119 2.23073 174 54 8 165 116
1910 4502 11.95305 0.07152 0.92530 1.40834 36 1 0 36 24
1813 4413 10.62826 0.04454 0.36219 1.72215 102 77 14 94 82
980 4250 10.90960 0.01631 0.13979 0.72091 70 49 12 64 43
909 4184 10.79670 1.93821 0.45819 2.80910 60 30 13 58 24
1976 4547 11.30759 0.01199 1.07145 0.69154 88 0 0 84 67
915 4178 11.78967 1.91361 0.18802 4.44647 77 51 6 69 32
953 4211 10.15524 0.05537 0.44250 2.99709 159 51 76 157 89
1840 4418 10.72135 0.02521 0.38299 1.49253 49 22 4 25 24
3341 4612 10.69718 3.02119 0.13271 2.56918 130 96 9 126 85
2006 3408 10.52550 2.96467 0.67845 2.43895 110 65 14 103 67
923 4179 11.02409 1.52544 0.34831 4.03672 128 75 37 124 79
928 4183 10.43089 1.23718 0.53474 3.49782 100 19 22 87 41
1924 4499 11.64191 0.07469 1.48424 1.01952 27 0 0 24 16
3403 4589 10.95719 2.79297 0.38781 3.15963 121 46 7 117 55
2012 3405 11.38195 2.42277 0.28145 2.01771 159 148 9 150 86
990 4240 11.05713 0.01777 0.80432 1.04193 43 6 1 28 24
914 4181 10.27047 1.83737 0.40571 3.36278 150 78 40 148 67
909 4198 11.32270 1.16772 0.40023 2.47575 70 31 32 63 45
1773 4395 10.52059 1.63534 0.51264 3.54354 34 20 1 32 15
909 4185 10.34135 1.88849 0.30343 2.84840 49 28 11 45 21
904 4191 11.88056 1.79913 0.17635 2.70429 51 29 11 49 26
1003 4247 11.85033 0.01925 8.21373 1.06569 39 0 0 35 21
945 4202 10.75995 0.16724 0.79682 3.27919 114 28 52 112 57
993 4242 11.04556 0.01593 0.10331 0.97879 66 45 13 62 35
3375 4605 10.08040 3.11669 0.68443 2.52894 62 14 10 57 28
1917 4492 11.66333 0.08720 1.23929 0.57743 34 1 0 32 18
1920 4496 10.29123 0.07388 1.22977 1.07119 35 0 0 35 13
1953 4527 11.82973 0.05470 2.07814 0.32385 37 0 0 37 22
2020 4573 11.91393 1.54531 0.59041 4.85777 35 18 3 27 14
1034 4276 10.97397 0.66361 0.11807 1.31611 144 99 7 136 95
1999 3415 11.39773 2.44775 0.65740 2.59616 102 69 15 99 51
1775 4398 11.22049 1.59651 0.60601 4.20235 62 25 0 58 33
1995 4576 11.99923 0.21194 0.73340 2.94145 107 33 2 102 71
3326 4631 10.67376 2.23366 0.59352 3.34621 52 34 9 52 23
1003 4265 11.85233 0.01634 0.20611 0.96225 51 36 6 51 33
956 4213 10.99299 0.04848 0.11303 2.46482 69 31 26 67 35
2011 3406 10.85734 2.54035 0.39020 2.10691 191 155 14 187 87
1787 4387 11.94287 1.16181 0.57554 1.82949 111 48 10 111 78
1846 4423 11.27993 0.01279 0.54408 0.74651 72 27 7 68 53
1971 4543 11.59748 0.02409 1.22617 1.04080 55 0 0 52 38
3387 4597 10.54897 3.09658 0.37877 2.68438 67 13 6 63 42
1799 4406 11.22994 0.40873 0.27404 1.59102 71 27 4 59 35
1934 4525 10.74210 0.08102 1.74464 1.19190 83 0 0 81 64
1879 4455 11.93614 0.01705 1.12994 1.27288 53 3 1 48 36
1776 4397 10.39107 1.58363 0.46749 3.25004 62 32 4 60 33
1775 4391 10.73241 1.61475 0.48353 2.54145 59 22 3 56 38
1921 4512 10.95557 0.07440 10.36880 3.74931 26 0 0 24 22
1016 4254 10.51339 0.01777 0.16301 0.82614 66 51 9 64 44
3337 4614 10.61003 2.89118 0.18909 2.16374 115 92 8 111 69
948 4226 11.02207 0.02363 0.08855 1.29150 152 112 31 146 128
931 4185 10.91660 1.12040 0.21316 3.41684 67 6 18 65 26
925 4209 10.48984 0.09126 0.47359 1.81596 127 34 16 125 73
1024 4257 10.44843 0.13301 0.14062 1.73099 84 63 9 84 63
1048 4275 11.27001 1.44258 0.56531 0.91514 77 41 18 73 34
3335 4629 10.09324 2.64073 0.21986 2.62778 105 79 9 99 69
1996 4559 10.09778 0.26574 0.76069 1.32530 103 6 1 101 58
3320 4631 11.24219 2.03471 0.50171 5.07489 17 1 2 15 6
1847 4441 11.55264 0.03036 0.57725 1.82735 62 31 1 57 30
1855 4432 10.69944 0.01525 0.72415 0.49575 110 30 0 105 76
932 4187 10.41657 1.02100 0.24315 3.95587 94 6 11 84 60
935 4217 11.30734 0.02482 0.52544 1.81359 105 32 13 103 70
1988 4554 11.73670 0.04640 0.83153 2.00369 59 5 0 54 40
1966 4539 11.40828 0.03065 1.43109 1.14055 39 0 0 39 18
3313 4625 11.22320 1.91811 0.57998 6.47454 42 6 2 40 21
3337 4613 11.86500 2.89679 0.17146 2.24455 108 77 10 108 73
1973 4545 11.03296 0.01471 1.08947 0.58484 80 1 1 67 58
1930 4505 11.57754 0.07154 1.70189 0.53082 19 0 0 17 13
927 4211 11.01240 0.05930 0.61128 2.68948 145 39 2 143 106
918 4205 11.43448 0.41236 0.17903 2.54853 82 35 32 76 45
913 4180 11.16035 1.93124 0.44204 3.36523 86 47 30 82 25
3350 4607 10.75398 3.13012 0.50996 3.10451 66 44 5 66 49
1837 4431 10.31661 0.01613 0.12838 0.87849 121 106 7 112 103
1962 4536 10.60356 0.03098 2.16413 0.98437 113 0 0 109 84
1007 4249 11.88875 0.02524 0.24543 1.08643 40 25 12 38 28
1972 4562 11.86741 0.00792 1.11170 0.47724 51 0 1 43 30
2018 4574 10.62174 1.46662 0.72300 4.30984 86 36 4 86 34
2013 4578 10.18013 1.25027 0.45935 3.38946 133 68 10 126 89
2007 3416 10.76830 2.89315 0.45348 2.33347 115 82 11 110 64
3350 4623 11.07258 3.00671 0.39201 2.67591 53 37 6 50 26
1975 4563 10.21330 0.00829 0.81195 0.47478 72 2 2 64 36
2006 3405 11.65777 2.78985 0.37985 1.78904 141 110 12 139 75
3408 4570 10.87426 2.47119 0.53122 0.48779 86 51 8 80 59
1932 4508 10.13007 0.06367 1.97040 0.73966 43 0 0 38 28
3320 4620 11.54667 2.16904 0.74029 5.70076 30 8 1 28 13
944 4200 11.37483 0.26690 0.62919 3.58834 96 17 57 94 52
1828 4408 10.70368 0.02528 0.42616 1.43176 74 39 6 72 52
1880 4457 10.42538 0.01939 0.88233 1.24017 54 4 1 50 38
3331 4631 11.33074 2.44948 0.10204 2.14722 78 64 7 74 41
2019 4574 11.28046 1.50488 0.73887 4.65716 60 25 0 60 26
2014 4578 10.50472 1.29741 0.54392 3.82531 125 49 16 121 75
3315 4624 10.75753 1.98481 0.33639 7.13724 31 3 0 29 12
1846 4439 10.12485 0.02364 0.37202 1.38253 122 90 2 120 96
1805 4392 11.92984 0.21849 0.16222 0.65132 55 46 5 55 41
1972 4561 10.60044 0.00623 1.00478 0.38967 92 0 2 84 62
967 4240 10.72533 0.01756 0.15269 0.89175 104 79 18 100 76
3342 4611 11.31307 3.04279 0.18351 2.69326 114 52 8 114 71
913 4202 11.93999 0.76753 0.35483 2.78713 41 14 19 39 18
938 4193 11.22523 0.67019 0.50303 4.08734 71 15 27 68 29
2017 4571 10.04170 1.43489 0.83199 3.90786 136 31 6 132 97
3397 4591 10.03727 3.06997 0.31618 4.45764 125 23 0 125 53
3418 4569 10.56296 1.87584 0.68632 1.20593 169 45 26 165 111
1831 4410 11.25117 0.00843 0.17966 0.52786 59 42 8 57 41
994 4259 10.21233 0.01528 0.14595 0.88779 55 34 14 49 38
995 4243 11.35005 0.01201 0.10109 0.72199 46 27 15 44 29
3324 4620 10.04451 2.28863 0.42586 3.40122 38 27 6 36 21
1045 4277 11.81589 1.32315 0.16747 1.17769 72 59 5 70 53
3399 4574 11.01889 2.94948 0.35224 0.55178 86 51 5 84 61
1859 4452 10.91428 0.01579 0.24156 0.98198 84 57 9 82 65
3374 4607 11.67237 3.12439 0.38567 1.88118 45 17 4 38 28
3352 4622 11.27447 3.01766 0.36826 2.68861 53 35 6 47 28
2003 4561 11.35958 0.65753 0.87132 0.53082 106 10 2 100 60
910 4181 11.75361 2.03191 0.42920 2.69602 118 75 25 106 56
1048 4265 11.98599 1.42818 0.16514 1.21756 58 32 8 52 30
972 4226 11.61386 0.03017 0.48915 1.68748 80 34 9 76 53
3330 4631 11.14495 2.40421 0.40897 2.15849 52 40 11 50 32
905 4192 11.45899 1.70048 0.17741 2.63968 53 32 15 53 34
3408 4587 10.94561 2.48365 0.45502 3.31139 133 77 19 127 74
1884 4476 10.86859 0.03449 0.63253 0.77833 104 26 1 97 85
2002 3408 11.74755 3.06085 0.75454 2.66932 70 46 8 67 46
1038 4262 10.10514 0.90286 0.21783 1.35133 55 38 6 51 32
2009 3409 10.07049 2.84227 0.29116 2.63567 139 110 4 131 66
971 4244 11.93306 0.02119 0.05320 0.88116 93 53 36 91 58
1050 4273 11.32841 1.49845 0.35940 0.53376 79 50 14 77 50
1960 4551 11.58699 0.02696 1.80190 0.81181 85 0 0 80 57
996 4261 11.33696 0.01223 0.21435 0.77733 50 24 13 42 31
1821 4418 10.12617 0.03128 0.23728 1.77850 68 54 2 64 52
1808 4394 11.40235 0.15463 0.11479 0.61676 55 49 3 51 41
908 4184 11.30926 1.98541 0.47788 2.99578 115 67 24 113 66
1025 4257 10.93063 0.17115 0.20134 1.79755 98 77 15 94 60
1865 4442 10.81550 0.01758 0.82523 0.68300 103 9 2 98 85
1856 4433 10.68525 0.01605 0.67630 0.50513 101 35 6 96 68
3358 4601 11.83048 3.12923 0.24345 3.14548 87 31 14 83 53
1988 4572 11.24726 0.06362 0.78800 3.37429 140 32 5 133 72
962 4236 10.44283 0.01649 0.25573 1.02717 107 82 16 105 66
972 4244 10.96688 0.02179 0.19856 0.98755 117 60 30 106 81
1864 4457 11.20748 0.01387 0.50470 0.98952 51 29 0 44 38
1876 4468 10.39770 0.02699 0.69509 1.29180 56 8 0 53 44
910 4199 11.41509 1.06317 0.33973 2.46291 58 22 23 54 30
1798 4406 11.85898 0.46166 0.30718 2.00545 66 32 1 61 45
1787 4388 10.85736 1.16898 0.73293 1.86718 110 49 16 98 60
1955 4530 10.25962 0.03967 2.02689 0.31528 57 0 0 52 37
1038 4261 11.36001 0.90229 0.29911 1.08751 32 16 6 26 15
1987 4554 11.06692 0.03716 0.74281 1.96344 61 6 5 53 45
2012 4566 10.21233 1.21747 0.79854 1.55419 226 28 8 219 180
3418 4568 11.61788 1.87514 0.69221 1.39942 178 36 21 172 91
1902 4478 10.28896 0.01911 1.21971 0.76464 142 2 0 136 117
1871 4463 10.08523 0.01647 0.54535 0.94336 81 27 4 77 58
988 4239 10.56721 0.01697 0.26862 1.03476 76 36 18 74 53
2008 3409 10.09309 2.90685 0.31136 2.62912 134 109 6 130 62
991 4241 10.65182 0.01536 0.27559 1.00561 50 25 8 47 32
1792 4388 11.09643 0.87569 0.37518 1.38395 55 39 8 55 40
907 4197 11.84313 1.31813 0.32310 2.50874 52 28 23 49 27
2018 4577 11.79739 1.46103 0.90293 4.86357 72 39 6 68 29
1845 4423 10.03944 0.01190 0.24811 0.67144 81 60 11 75 62
1833 4428 10.89598 0.00736 0.40299 0.34264 146 102 3 144 127
915 4203 11.55690 0.62720 0.12246 2.89570 116 62 43 112 80
1861 4438 10.71111 0.01766 0.85609 0.40926 106 11 0 106 81
1915 4491 10.29585 0.08084 1.07887 0.30132 31 0 0 18 17
1800 4406 10.64921 0.35751 0.30645 1.59373 91 48 2 85 62
3359 4617 10.55261 3.08446 0.40253 2.40566 62 24 11 48 45
3419 4582 10.61624 1.85010 0.42988 3.86016 61 24 13 57 22
1032 4276 11.68811 0.54189 0.04996 1.39662 161 113 9 159 121
1818 4400 11.67105 0.03280 0.20819 1.69235 118 102 10 114 76
951 4209 10.20779 0.05337 0.47810 2.90421 169 36 90 163 114
1050 4268 11.40344 1.48604 0.09349 1.06091 170 127 22 170 111
3336 4614 11.18141 2.85533 0.15360 2.24036 76 50 14 70 40
1964 4555 11.83696 0.02242 1.49506 1.23289 97 0 0 91 71
989 4240 10.18471 0.01666 0.60364 1.02870 51 7 3 46 35
933 4186 11.61900 1.06941 0.30534 3.79880 104 4 4 104 50
3318 4631 11.65608 1.98073 0.34051 5.48434 27 0 0 25 11
2015 4566 11.82640 1.35950 0.88025 2.85938 77 15 7 75 47
