0.02750 0.04463
0.02997 0.04397
0.01986 0.04208
0.02009 0.04141
0.01933 0.05055
0.02333 0.06277
0.01904 0.03647
0.02017 0.04364
0.02026 0.04418
0.03142 0.05433
0.01851 0.03957
0.01856 0.02589
0.02964 0.05657
0.01943 0.05433
0.01382 0.03142
0.02893 0.05230
0.04498 0.05928
0.02282 0.06136
0.02173 0.05138
0.02448 0.03980
0.02159 0.03580
0.02536 0.05939
0.01544 0.03750
0.01581 0.03383
0.02581 0.03574
0.02062 0.04037
0.01550 0.03032
0.02377 0.03968
0.01866 0.03867
0.01943 0.03732
0.02207 0.03565
0.01875 0.04179
0.01788 0.03426
0.03127 0.06386
0.01378 0.02312
0.01859 0.03860
0.02731 0.04732
0.02016 0.04397
0.01787 0.05210
0.03482 0.05914
0.01963 0.04249
0.01611 0.03065
0.02308 0.05190
0.01732 0.03659
0.02676 0.04781
0.01984 0.04983
0.01853 0.04250
0.01878 0.03721
0.01411 0.03508
0.02286 0.04012
0.01886 0.03923
0.01929 0.03978
0.02139 0.05199
0.01801 0.03707
0.02422 0.05234
0.01801 0.03487
0.01749 0.03780
0.02545 0.04213
0.02949 0.05454
0.02101 0.03627
0.02373 0.06153
0.01914 0.03812
0.02244 0.04249
0.01747 0.04145
0.02351 0.03756
0.02600 0.06227
0.01832 0.03256
0.02604 0.04688
0.01812 0.04145
0.02000 0.05742
0.02460 0.03834
0.02207 0.04444
0.01790 0.04336
0.01894 0.04154
0.01765 0.03940
0.01740 0.03433
0.02466 0.07586
0.01807 0.04831
0.02050 0.04260
0.01962 0.05548
0.01263 0.02207
0.02459 0.03266
0.02095 0.03714
0.02257 0.03130
0.02462 0.07210
0.02055 0.04803
0.02156 0.05880
0.02288 0.06308
0.02376 0.04947
0.01687 0.03224
0.01771 0.03333
0.01949 0.03988
0.02084 0.06054
0.01431 0.02415
0.02302 0.03961
0.02352 0.05603
0.01901 0.04363
0.01923 0.03780
0.02841 0.05424
0.02103 0.03640
0.02220 0.05697
0.01931 0.04302
0.01787 0.03837
0.01914 0.04320
0.02023 0.04552
0.01765 0.03904
0.02082 0.02980
0.02310 0.05947
0.02008 0.04949
0.03159 0.03892
0.01712 0.04074
0.01899 0.04598
0.01993 0.04222
0.03298 0.05961
0.03572 0.04661
0.01226 0.02502
0.01768 0.03599
0.02136 0.03664
0.02107 0.04898
0.01798 0.03513
0.02135 0.05480
0.01885 0.03943
0.02062 0.05581
0.01800 0.03207
0.02491 0.04161
0.01954 0.04791
0.01899 0.04057
0.01749 0.03012
0.02682 0.04483
0.02125 0.03860
0.02557 0.05794
0.02204 0.05930
0.01603 0.03056
0.03423 0.05331
0.03240 0.05996
0.01499 0.04034
0.02163 0.03486
0.02332 0.05903
0.01805 0.03643
0.02251 0.02979
0.02125 0.06568
0.01561 0.02820
0.01968 0.03979
0.03271 0.04460
0.02296 0.05878
0.02493 0.05944
0.02019 0.05658
0.02179 0.02435
0.01248 0.02399
0.02487 0.03478
0.02098 0.04116
0.02084 0.05289
0.02218 0.06228
0.02200 0.02989
0.02350 0.05842
0.01354 0.02430
0.01774 0.04206
0.01225 0.02150
0.01203 0.02141
0.01838 0.04604
0.01915 0.04011
0.02154 0.03594
0.02460 0.02994
0.02453 0.02857
0.02106 0.05631
0.02360 0.06147
0.02455 0.04270
0.03071 0.05711
0.01863 0.03960
0.02744 0.04991
0.02153 0.05599
0.02365 0.03235
0.01891 0.04295
0.01900 0.04330
0.03609 0.06494
0.02406 0.03836
0.02936 0.06237
0.02079 0.03705
0.02452 0.03799
0.01225 0.02097
0.01838 0.03654
0.03314 0.05897
0.02121 0.05816
0.02162 0.03381
0.02038 0.05539
0.01806 0.02634
0.02158 0.03440
0.01831 0.02311
0.01318 0.01899
0.02931 0.05905
0.01860 0.04150
0.02197 0.06377
0.02062 0.04653
0.02538 0.04114
0.01888 0.04019
0.02054 0.06835
0.01728 0.04225
0.01547 0.02497
0.02174 0.05452
0.02247 0.05770
0.02000 0.05514
0.01815 0.03570
0.02039 0.05958
0.01359 0.02342
0.02559 0.04647
0.02041 0.04632
0.03115 0.05116
0.02100 0.03629
0.02281 0.06299
0.02149 0.05033
0.02006 0.04262
0.03169 0.06664
0.01888 0.03538
0.02360 0.05664
0.01988 0.05500
0.02429 0.06068
0.02293 0.04992
0.01972 0.02894
0.04167 0.06114
0.01527 0.04007
0.02049 0.05038
0.01880 0.04407
0.02364 0.05321
0.02366 0.04602
0.02268 0.06398
0.01856 0.03757
0.01961 0.04552
0.02047 0.04206
0.02010 0.03713
0.01717 0.03431
0.02272 0.03841
0.02286 0.06172
0.01579 0.02844
0.01781 0.04160
0.01944 0.04705
0.01812 0.04317
0.01811 0.03579
0.01889 0.04451
0.03273 0.05577
0.02448 0.04894
0.02166 0.05614
0.02410 0.05534
0.02657 0.03798
0.02368 0.05440
0.01830 0.04123
0.02105 0.03932
0.02247 0.05242
0.03476 0.05745
0.01936 0.03363
0.02626 0.04148
0.02217 0.07537
0.02890 0.05874
0.02012 0.03666
0.02187 0.02631
0.01849 0.03961
0.02004 0.03217
0.01825 0.03456
0.02153 0.05720
0.02345 0.06690
0.01877 0.04364
0.02262 0.04917
0.02312 0.05819
0.02640 0.04350
0.01850 0.03819
0.01865 0.04665
0.01836 0.04056
0.02311 0.03500
0.02079 0.05838
0.01925 0.05264
0.01996 0.03586
0.01755 0.02248
0.02047 0.05188
0.01966 0.03102
0.01850 0.04699
0.02527 0.03695
0.01876 0.03563
0.02523 0.04927
0.02845 0.04275
0.01658 0.02524
0.02713 0.05244
0.03364 0.05924
0.01934 0.03968
0.01890 0.03372
0.02101 0.03045
0.01910 0.03998
0.01793 0.04320
0.01774 0.04063
0.02111 0.03196
0.02112 0.05516
0.02295 0.04652
0.01189 0.02225
0.03786 0.04157
0.01375 0.02524
0.02183 0.04109
0.01841 0.03226
0.01902 0.04082
0.02460 0.02454
0.02396 0.05866
0.01494 0.03078
0.02074 0.06260
0.02305 0.03783
0.01552 0.03936
0.01942 0.03550
0.01877 0.04192
0.02491 0.05265
0.02810 0.04000
0.01768 0.04307
0.01946 0.03989
0.02181 0.04214
0.01887 0.04435
0.02312 0.03705
0.03974 0.05373
0.01849 0.04495
0.02103 0.03792
0.01976 0.05316
0.02472 0.05815
0.02209 0.04816
0.02075 0.02540
0.02505 0.04429
0.02062 0.05137
0.02041 0.04587
0.01845 0.04321
0.02317 0.03928
0.02283 0.05182
0.01908 0.04372
0.02382 0.05330
0.02220 0.05821
0.01781 0.03591
0.03155 0.05727
0.02023 0.05104
0.01952 0.04422
0.02288 0.07744
0.02145 0.05924
0.01864 0.04106
0.02382 0.03595
0.02324 0.06640
0.01868 0.04243
0.01867 0.04016
0.02012 0.05040
0.02163 0.05355
0.01861 0.03669
0.02032 0.06802
0.01916 0.04045
0.02066 0.03549
0.02056 0.04431
0.01874 0.04036
0.02260 0.07527
0.02595 0.05877
0.01874 0.02954
0.01475 0.03455
0.02242 0.02954
0.02331 0.05985
0.02116 0.04950
0.03026 0.05691
0.02153 0.06375
0.02534 0.02951
0.02005 0.04240
0.02846 0.05018
0.02029 0.04629
0.02465 0.05385
0.01836 0.02363
0.01605 0.02896
0.01210 0.02165
0.02570 0.02613
0.02661 0.03735
0.01788 0.04137
0.03054 0.05899
0.02194 0.05473
0.01936 0.03691
0.01064 0.01773
0.02897 0.05003
0.02366 0.06250
0.02241 0.03917
0.02199 0.03709
0.01890 0.05420
0.02140 0.04996
0.02206 0.04092
0.03397 0.05723
0.01775 0.04118
0.01987 0.04439
0.01529 0.02360
0.02668 0.03855
0.01748 0.03327
0.02131 0.02379
0.02525 0.03441
0.02763 0.03765
0.03345 0.03103
0.02264 0.05108
0.02136 0.06294
0.02207 0.06315
0.01682 0.04081
0.01949 0.05126
0.02080 0.05563
0.01463 0.02533
0.03162 0.05575
0.02349 0.06466
0.01730 0.02745
0.01675 0.02962
0.02398 0.04349
0.02393 0.04334
0.01867 0.03317
0.02226 0.05251
0.01335 0.02521
0.02041 0.02447
0.02203 0.03631
0.02016 0.03338
0.02024 0.05293
0.01716 0.03855
0.02360 0.05374
0.02176 0.07881
0.01855 0.03657
0.02043 0.02854
0.01763 0.03886
0.02201 0.03247
0.02178 0.05927
0.01890 0.03582
0.01895 0.05384
0.01831 0.03288
0.03855 0.03962
0.02600 0.05978
0.01971 0.04206
0.02561 0.04366
0.02025 0.03917
0.02276 0.03722
0.02761 0.05971
0.02166 0.04462
0.02837 0.03791
0.02110 0.03098
0.02586 0.05478
0.01920 0.04185
0.01462 0.02454
0.02279 0.05659
0.02686 0.06260
0.02153 0.07640
0.01447 0.02406
0.01923 0.02645
0.02188 0.03770
0.01857 0.03953
0.02615 0.03573
0.02409 0.05520
0.02145 0.03997
0.02189 0.05035
0.02892 0.06372
0.02158 0.05475
0.02437 0.06300
0.02355 0.04400
0.01878 0.04423
0.01858 0.03581
0.02341 0.02689
0.02211 0.02571
0.03133 0.04438
0.01976 0.04459
0.01898 0.04097
0.01955 0.03982
0.02257 0.04888
0.02187 0.06534
0.01780 0.03720
0.02735 0.05865
0.02561 0.06796
0.02352 0.05053
0.02220 0.06062
0.02610 0.05302
0.02236 0.04003
0.01951 0.04045
0.01935 0.04078
0.01484 0.02547
0.02648 0.04628
0.01799 0.04058
0.02070 0.05907
0.01270 0.02284
0.03635 0.02400
0.02104 0.05712
0.02675 0.04730
0.02966 0.03956
0.01826 0.03839
0.01978 0.03719
0.02242 0.03484
0.02221 0.07372
0.01976 0.03036
0.01841 0.03616
0.01889 0.03563
0.01972 0.03940
0.02321 0.02404
0.01699 0.03008
0.01977 0.04153
0.02781 0.06802
0.02253 0.04581
0.01724 0.04302
0.01907 0.04719
0.01825 0.03030
0.01917 0.03405
0.02469 0.04586
0.01769 0.03422
0.02099 0.05409
0.03198 0.04426
0.01735 0.04081
0.02051 0.06148
0.03002 0.05638
0.02162 0.04406
0.01354 0.02798
0.02407 0.03820
0.03137 0.05241
0.01950 0.05158
0.01873 0.03710
0.02298 0.04171
0.02475 0.06139
0.02639 0.06030
0.01824 0.04198
0.01277 0.02688
0.01958 0.05194
0.02211 0.04212
0.01978 0.05432
0.02493 0.03650
0.02013 0.05058
0.02421 0.04061
0.02411 0.03345
0.01482 0.02300
0.02215 0.04098
0.02462 0.02855
0.03164 0.05730
0.02777 0.03945
0.01711 0.04377
0.02137 0.04826
0.01704 0.04200
0.01430 0.02755
0.02764 0.07769
0.01767 0.04362
0.02104 0.07241
0.02380 0.06129
0.01431 0.02498
0.02148 0.05205
0.02429 0.05380
0.02033 0.05444
0.02269 0.06102
0.02619 0.04464
0.02205 0.05982
0.02295 0.04225
0.01836 0.04510
0.02309 0.03630
0.01944 0.03882
0.01957 0.04608
0.01952 0.03441
0.02183 0.05499
0.02426 0.03767
0.02419 0.05213
0.02280 0.05542
0.02885 0.03678
0.01932 0.04527
0.02049 0.06925
0.01667 0.02467
0.02846 0.03656
0.02116 0.05704
0.02101 0.05933
0.01830 0.04426
0.02272 0.05933
0.02145 0.05853
0.03118 0.05293
0.02629 0.03762
0.01798 0.03996
0.01927 0.03802
0.02177 0.06614
0.01936 0.04239
0.01530 0.02761
0.01845 0.04254
0.01921 0.04247
0.02268 0.04463
0.02385 0.04935
0.02300 0.06495
0.01898 0.04545
0.02408 0.06192
0.02627 0.06382
0.01925 0.04932
0.01800 0.03716
0.01927 0.04174
0.01865 0.03561
0.02055 0.05605
0.03328 0.05946
0.01889 0.04161
0.02037 0.03921
0.03391 0.05443
0.01656 0.04072
0.01509 0.02891
0.02069 0.06130
0.02125 0.05973
0.02202 0.03383
0.01952 0.04349
0.02021 0.04709
0.02475 0.03266
0.02538 0.03611
0.02284 0.05607
0.02245 0.05466
0.01830 0.03452
0.01352 0.02732
0.02780 0.04713
0.01644 0.02975
0.02144 0.05905
0.02314 0.04747
0.02270 0.05932
0.01777 0.04421
0.02268 0.04081
0.02021 0.04559
0.04529 0.05861
0.01847 0.04332
0.03105 0.04223
0.02545 0.04079
0.02043 0.03894
0.02924 0.05890
0.01270 0.02297
0.02329 0.04356
0.02398 0.05571
0.02117 0.03600
0.02155 0.02406
0.02132 0.06567
0.02129 0.04231
0.02205 0.05780
0.02074 0.04540
0.01924 0.04203
0.01968 0.03858
0.02306 0.06126
0.01452 0.02395
0.02201 0.04639
0.01885 0.04370
0.02097 0.04249
0.02541 0.04049
0.02425 0.06055
0.01852 0.03692
0.02569 0.04539
0.01813 0.03959
0.01588 0.04292
0.01820 0.03422
0.01523 0.03273
0.02148 0.03853
0.02390 0.05931
0.01933 0.03796
0.01910 0.04571
0.01839 0.02314
0.01951 0.04496
0.02114 0.04085
0.02148 0.04064
0.02997 0.05345
0.02459 0.06011
0.01933 0.04043
0.02345 0.05010
0.03073 0.03376
0.02099 0.05508
0.01502 0.04060
0.01609 0.02354
0.02036 0.03783
0.01967 0.04054
0.02316 0.05470
0.01491 0.02339
0.01923 0.02493
0.02124 0.02792
0.01713 0.03141
0.01741 0.03667
0.02261 0.05544
0.01749 0.04041
0.02302 0.02642
0.02730 0.03990
0.02994 0.05903
0.03228 0.03920
0.01763 0.03009
0.01855 0.04144
0.01609 0.03229
0.02592 0.03886
0.02468 0.05485
0.02042 0.02902
0.02149 0.03747
0.02202 0.06521
0.02580 0.04152
0.02285 0.06231
0.01953 0.04768
0.02076 0.03985
0.01793 0.04153
0.02334 0.05396
0.01453 0.02442
0.03089 0.03815
0.01822 0.04195
0.01874 0.03744
0.01873 0.04389
0.02631 0.04091
0.02445 0.03898
0.02040 0.03761
0.02046 0.04022
0.02907 0.06569
0.01490 0.02520
0.01978 0.05007
0.02070 0.05540
0.02341 0.06259
0.01773 0.04134
0.02753 0.04411
0.02616 0.05838
0.01935 0.04495
0.03228 0.04033
0.01964 0.03923
0.01548 0.02398
0.02368 0.04546
0.02094 0.03823
0.01837 0.03973
0.01995 0.03969
0.03112 0.04237
0.01853 0.03644
0.02361 0.03319
0.01845 0.04047
0.02845 0.03785
0.01470 0.02644
0.02042 0.04041
0.02081 0.04306
0.02151 0.03489
0.01905 0.04207
0.01918 0.04131
0.02116 0.04926
0.02158 0.05619
0.02015 0.05829
0.02136 0.05680
0.01993 0.04569
0.02095 0.05518
0.02075 0.02909
0.02543 0.03790
0.01622 0.04006
0.01966 0.03324
0.02264 0.04541
0.01978 0.04013
0.03233 0.04198
0.02084 0.04243
0.02370 0.06116
0.02515 0.05923
0.01933 0.04068
0.02733 0.06042
0.01800 0.03650
0.01795 0.04343
0.01994 0.05009
0.02678 0.04272
0.01966 0.02606
0.02054 0.05842
0.01855 0.04040
0.01963 0.03777
0.01963 0.04890
0.03161 0.03542
0.02415 0.03853
0.02614 0.04292
0.01996 0.05427
0.01925 0.05039
0.01499 0.02497
0.02187 0.03958
0.02751 0.05050
0.01853 0.03384
0.02071 0.05089
0.02006 0.03967
0.02136 0.05149
0.01890 0.03815
0.01871 0.04104
0.03190 0.03851
0.01770 0.04136
0.02274 0.06017
0.01330 0.02373
0.03241 0.03110
0.01888 0.04479
0.02080 0.06043
0.01913 0.04517
0.03004 0.04789
0.02432 0.03289
0.01970 0.04600
0.02228 0.05549
0.01920 0.04310
0.02326 0.03401
0.02202 0.04133
0.01750 0.03630
0.01944 0.03903
0.01195 0.02082
0.01842 0.02493
0.02074 0.05481
0.02245 0.05742
0.02088 0.04835
0.02810 0.05815
0.01343 0.02326
0.01500 0.03864
0.01806 0.03224
0.01940 0.04028
0.02148 0.03898
0.02015 0.04166
0.02345 0.04160
0.01955 0.04185
0.02070 0.05741
0.01981 0.02413
0.01687 0.02309
0.02427 0.06320
0.02039 0.05859
0.01998 0.04570
0.01884 0.04147
0.01537 0.03425
0.01520 0.03160
0.02493 0.04076
0.01933 0.04890
0.02664 0.04116
0.01840 0.04098
0.02795 0.06352
0.01776 0.04708
0.02252 0.06651
0.02712 0.05776
0.01877 0.04460
0.02409 0.03495
0.01791 0.04392
0.01761 0.03899
0.02113 0.03823
0.02356 0.04490
0.02182 0.04492
0.02565 0.04386
0.01923 0.04889
0.02274 0.05946
0.01932 0.03642
0.02792 0.04993
0.02628 0.05460
0.01819 0.03761
0.02344 0.03853
0.01612 0.04465
0.01640 0.04290
0.01321 0.02781
0.01892 0.03017
0.02117 0.05438
0.02341 0.04420
0.02384 0.02616
0.02043 0.05145
0.01933 0.04028
0.01974 0.04277
0.02041 0.05646
0.01817 0.04358
0.02336 0.06124
0.02446 0.03882
0.01876 0.04407
0.01998 0.04755
0.02432 0.05814
0.02824 0.05510
0.02195 0.08254
0.02464 0.05546
0.01976 0.03731
0.01734 0.04377
0.02126 0.05832
0.01342 0.02883
0.01561 0.03346
0.02350 0.03747
0.01679 0.03087
0.03065 0.05300
0.01776 0.04106
0.02887 0.04193
0.01942 0.05822
0.02712 0.03606
0.01955 0.04267
0.01949 0.04258
0.02807 0.04172
0.02447 0.03647
0.01642 0.04141
0.02247 0.05830
0.02371 0.04181
0.02115 0.05202
0.02009 0.04051
0.02838 0.05013
0.02346 0.05478
0.02204 0.05753
0.02276 0.04701
0.01710 0.02987
0.01849 0.02100
0.02037 0.03778
0.03349 0.06063
0.01770 0.04075
0.04108 0.05631
0.02147 0.04735
0.02126 0.03543
0.01780 0.04245
0.02429 0.03106
0.02174 0.07683
0.01680 0.03294
0.02108 0.04206
0.02082 0.05417
0.02332 0.03921
0.01517 0.02260
0.02598 0.03591
0.02436 0.03626
0.01810 0.03782
0.02628 0.04150
0.01882 0.04158
0.02456 0.05898
0.01835 0.04318
0.01530 0.02443
0.01527 0.02086
0.02364 0.05818
0.02852 0.04229
0.02483 0.05144
0.01848 0.04222
0.01669 0.02427
0.01924 0.03707
0.02465 0.03238
0.02268 0.03771
0.02400 0.05491
0.02087 0.05767
0.02058 0.04347
0.01784 0.03316
0.02867 0.06102
0.02054 0.04310
0.02358 0.03232
0.02114 0.04465
0.01722 0.03225
0.01361 0.02002
0.01881 0.04293
0.02072 0.05323
0.02091 0.04638
0.01414 0.02210
0.03341 0.05696
0.02939 0.04242
0.01757 0.03274
0.03796 0.05550
0.02080 0.05705
0.02349 0.04603
0.02002 0.05537
0.02088 0.05385
0.02135 0.05789
0.01848 0.03708
0.01970 0.03927
0.02316 0.04349
0.02168 0.05090
0.01868 0.03727
0.02696 0.04589
0.03200 0.04631
0.02451 0.04253
0.01971 0.03899
0.02595 0.04509
0.02394 0.05673
0.01384 0.02867
0.01729 0.02457
0.01487 0.02617
0.01473 0.02461
0.02373 0.05922
0.01785 0.03198
0.01966 0.03888
0.02596 0.05226
0.02300 0.04071
0.02114 0.06742
0.01749 0.03075
0.02184 0.05875
0.01724 0.02916
0.01714 0.03796
0.02161 0.05207
0.02501 0.06051
0.01858 0.04202
0.02816 0.03335
0.02750 0.07316
0.02565 0.04522
0.02802 0.04549
0.02264 0.06604
0.01924 0.04815
0.02115 0.02404
0.02133 0.07708
0.01655 0.03138
0.02595 0.03385
0.02171 0.05986
0.02293 0.03819
0.02377 0.04155
0.02278 0.04084
0.02357 0.04903
0.02693 0.04578
0.02324 0.05503
0.02071 0.03599
0.01851 0.02696
0.01708 0.03992
0.02403 0.04462
0.02743 0.05337
0.02627 0.05562
0.01591 0.03158
0.02204 0.03602
0.02355 0.04644
0.01867 0.04651
0.02422 0.05724
0.02258 0.04338
0.01893 0.03665
0.02188 0.04590
0.02506 0.06904
0.01792 0.03600
0.02573 0.06717
0.01972 0.04086
0.02256 0.06063
0.01847 0.04503
0.01890 0.04159
0.02998 0.04309
0.01893 0.04356
0.02158 0.03924
0.01840 0.05346
0.01945 0.03985
0.01957 0.05291
0.02700 0.03871
0.02147 0.04550
0.01221 0.01951
0.02434 0.03892
0.01675 0.03648
0.03194 0.04840
0.01947 0.03750
0.02238 0.05137
0.02255 0.06495
0.01424 0.02114
0.02150 0.06405
0.02078 0.04518
