4788 7095 10.81350 3.14082 2.07735 0.90828 102 0 0 94 52 824 100.00000 0
38 3387 11.50802 0.00420 2.57332 1.16365 83 0 0 75 51 335 100.00000 0
39 8586 11.48626 0.03120 2.05612 0.50358 18 0 0 9 10 104 100.00000 0
17 3387 11.50802 0.00420 2.41810 1.07265 88 0 0 77 62 326 100.00000 0
42 3414 11.75156 0.02822 2.01566 0.26834 43 0 0 37 33 176 100.00000 0
4796 7122 11.95018 3.03352 2.18897 1.56473 54 0 0 52 20 458 100.00000 0
45 100 11.49053 0.02079 2.46566 0.54249 49 0 0 47 35 161 100.00000 0
49 3414 11.75156 0.02822 2.15217 0.28667 38 0 0 32 25 166 100.00000 0
25 8585 10.74196 0.02857 2.13133 0.87581 27 0 0 22 18 118 100.00000 0
5217 6790 11.76252 3.13150 5.78655 179.42054 6 0 0 6 3 84 100.00000 0
1366 6980 11.22658 3.09564 8.62031 1.21176 33 0 0 16 15 410 100.00000 0
1541 6820 11.95588 3.13107 13.53398 127.75348 5 0 0 5 2 104 100.00000 0
4859 7081 11.68554 3.11619 2.54969 0.56371 34 0 0 31 7 404 100.00000 0
56 8547 11.75274 0.00574 2.11111 0.81948 79 0 0 74 57 348 100.00000 0
