2000 3419 11.77103 2.29658 0.69960 2.89015 28 17 3 17 9 73 100.00000 0
939 4195 10.75276 0.55559 1.35320 4.49893 22 7 8 18 5 93 100.00000 0
1981 4568 11.29674 0.04255 0.72500 2.41135 43 27 7 32 14 106 100.00000 0
1795 4404 10.92120 0.64557 0.80701 1.90166 20 11 0 17 11 88 100.00000 0
3424 4572 11.36026 1.65936 0.89918 2.16790 84 32 4 80 39 220 100.00000 0
941 4221 11.09795 0.03076 0.48675 2.05843 60 23 15 57 45 228 100.00000 0
3398 4574 11.66679 2.98580 0.65691 0.43611 41 25 3 36 21 143 100.00000 0
1944 4535 10.67241 0.06258 1.78365 1.53951 63 0 0 61 34 204 100.00000 0
2013 3414 11.94384 2.91902 0.68930 2.31275 53 46 4 44 26 147 100.00000 0
1004 4265 11.18746 0.01602 0.19947 0.90309 35 32 3 33 25 172 100.00000 0
3411 4586 11.09934 2.30212 0.67179 3.09048 7 6 0 7 4 42 100.00000 0
3360 4601 10.07671 3.12944 0.71590 3.16038 15 8 6 13 7 78 100.00000 0
3316 4625 10.05877 1.99911 1.25382 9.47353 5 0 0 3 2 21 100.00000 0
2015 4579 11.80682 1.34021 0.34208 4.27095 28 20 8 24 17 95 100.00000 0
1003 4248 10.56080 0.02116 0.30127 0.91043 23 18 5 19 10 130 100.00000 0
1036 4277 11.74153 0.79050 0.33790 1.04230 58 33 6 51 29 259 100.00000 0
1025 4274 11.85598 0.18143 0.17140 1.40416 40 30 5 38 19 164 100.00000 0
3420 4569 11.16863 1.78615 0.90960 1.12709 60 20 11 53 33 181 100.00000 0
3369 4594 10.53298 3.11977 0.49079 3.78713 21 14 0 21 8 64 100.00000 0
1011 4252 10.43428 0.02551 0.34178 1.07556 35 32 2 32 19 182 100.00000 0
993 4259 11.01126 0.01514 0.23563 0.88204 49 37 11 43 24 190 100.00000 0
2004 4562 10.60807 0.72206 0.91139 0.78534 29 14 3 22 15 137 100.00000 0
1875 4467 10.31848 0.02322 0.56282 0.87268 49 30 2 46 29 189 100.00000 0
3313 4629 11.68643 1.86852 0.89107 7.59564 4 0 0 2 2 13 100.00000 0
1034 4260 10.88328 0.64929 0.20828 1.29180 42 38 4 38 24 160 100.00000 0
3335 4630 11.35303 2.62880 0.74377 2.48554 19 15 1 10 11 60 100.00000 0
926 4210 10.75146 0.07148 0.61693 1.97873 45 12 8 43 28 170 100.00000 0
980 4250 10.90960 0.01631 0.28477 0.71764 54 48 6 52 34 189 100.00000 0
909 4184 10.79670 1.93821 0.99194 3.17398 25 16 1 18 4 96 100.00000 0
1976 4547 11.30759 0.01199 1.11252 0.64771 32 11 0 27 20 114 100.00000 0
915 4178 11.78967 1.91361 0.44358 4.41925 32 27 4 28 14 101 100.00000 0
953 4211 10.15524 0.05537 0.96090 3.01116 42 13 26 39 20 180 100.00000 0
1840 4418 10.72135 0.02521 0.70526 1.44915 29 24 4 17 17 149 100.00000 0
3341 4612 10.69718 3.02119 0.27834 2.51155 47 38 7 37 20 119 100.00000 0
2006 3408 10.52550 2.96467 0.41077 2.42172 27 22 4 20 9 101 100.00000 0
928 4183 10.43089 1.23718 0.45138 3.53491 51 23 15 48 33 202 100.00000 0
1924 4499 11.64191 0.07469 1.32922 1.01529 38 0 3 31 22 159 100.00000 0
3403 4589 10.95719 2.79297 0.19492 3.12675 26 22 0 19 11 104 100.00000 0
2012 3405 11.38195 2.42277 0.82208 2.26001 29 27 2 20 10 134 100.00000 0
990 4240 11.05713 0.01777 0.61282 1.05832 25 14 10 22 8 170 100.00000 0
909 4198 11.32270 1.16772 0.35405 2.51746 24 16 8 19 17 98 100.00000 0
1773 4395 10.52059 1.63534 1.29640 3.05121 15 9 3 15 7 71 100.00000 0
909 4185 10.34135 1.88849 0.40345 3.49614 17 11 1 15 10 84 100.00000 0
904 4191 11.88056 1.79913 0.43471 2.54591 22 19 1 20 14 91 100.00000 0
1003 4247 11.85033 0.01925 0.17872 0.81996 30 20 10 26 13 122 100.00000 0
945 4202 10.75995 0.16724 1.05890 3.27943 46 37 6 46 19 186 100.00000 0
993 4242 11.04556 0.01593 0.66870 0.98755 29 14 12 26 14 131 100.00000 0
3375 4605 10.08040 3.11669 0.63492 2.79232 17 8 0 11 5 84 100.00000 0
1920 4496 10.29123 0.07388 1.48489 1.11276 29 3 0 24 13 167 100.00000 0
2020 4573 11.91393 1.54531 1.24745 5.35511 16 3 0 9 8 57 100.00000 0
1034 4276 10.97397 0.66361 0.16255 1.28085 99 72 15 95 48 312 100.00000 0
1999 3415 11.39773 2.44775 0.88435 2.70588 42 32 1 23 17 108 100.00000 0
1775 4398 11.22049 1.59651 0.93309 3.69173 13 5 3 9 4 62 100.00000 0
1995 4576 11.99923 0.21194 0.80387 2.94969 25 16 0 16 11 129 100.00000 0
1003 4265 11.85233 0.01634 0.07044 0.92535 39 28 11 39 21 139 100.00000 0
956 4213 10.99299 0.04848 1.00997 2.47449 31 15 10 28 12 146 100.00000 0
2011 3406 10.85734 2.54035 0.69122 2.07113 31 25 3 27 11 153 100.00000 0
1787 4387 11.94287 1.16181 0.32218 1.87513 50 40 2 41 28 150 100.00000 0
1846 4423 11.27993 0.01279 0.34503 0.74230 18 13 5 18 12 119 100.00000 0
1971 4543 11.59748 0.02409 0.92783 1.01837 57 18 3 50 38 163 100.00000 0
3387 4597 10.54897 3.09658 1.25718 2.97927 11 5 0 6 3 78 100.00000 0
1799 4406 11.22994 0.40873 0.30774 1.61447 32 20 5 26 13 172 100.00000 0
1934 4525 10.74210 0.08102 1.89688 1.25367 32 0 0 21 17 206 100.00000 0
1879 4455 11.93614 0.01705 1.09376 1.01645 31 11 2 25 16 136 100.00000 0
1775 4391 10.73241 1.61475 1.14476 2.49183 7 1 0 5 3 57 100.00000 0
1921 4512 10.95557 0.07440 1.91688 1.24364 15 0 0 15 6 141 100.00000 0
1016 4254 10.51339 0.01777 0.60554 0.99308 23 17 4 17 12 154 100.00000 0
3337 4614 10.61003 2.89118 0.40641 2.15486 30 23 6 28 12 134 100.00000 0
948 4226 11.02207 0.02363 0.14590 1.29059 52 39 12 49 29 253 100.00000 0
931 4185 10.91660 1.12040 0.11936 3.39523 46 22 15 42 23 194 100.00000 0
925 4209 10.48984 0.09126 0.43625 1.77960 44 13 15 28 22 195 100.00000 0
1024 4257 10.44843 0.13301 0.61489 2.15994 36 29 2 28 19 152 100.00000 0
1048 4275 11.27001 1.44258 0.26836 0.92323 51 40 7 46 21 230 100.00000 0
3335 4629 10.09324 2.64073 0.55191 2.59133 23 20 2 20 10 94 100.00000 0
1996 4559 10.09778 0.26574 0.88668 1.44537 38 17 3 33 20 124 100.00000 0
1847 4441 11.55264 0.03036 0.23335 1.76791 11 8 2 9 3 96 100.00000 0
1855 4432 10.69944 0.01525 1.43352 0.44411 22 1 0 16 15 163 100.00000 0
932 4187 10.41657 1.02100 0.20323 3.97523 39 12 6 27 13 159 100.00000 0
935 4217 11.30734 0.02482 0.59082 1.76614 33 6 9 27 16 154 100.00000 0
1988 4554 11.73670 0.04640 0.88170 2.00272 35 11 1 27 18 99 100.00000 0
3337 4613 11.86500 2.89679 0.35235 2.20442 20 19 0 16 12 101 100.00000 0
1973 4545 11.03296 0.01471 1.67177 0.57335 22 1 0 18 10 108 100.00000 0
1930 4505 11.57754 0.07154 1.76395 0.58950 21 0 0 16 12 137 100.00000 0
927 4211 11.01240 0.05930 0.48259 2.46434 63 11 12 61 35 236 100.00000 0
918 4205 11.43448 0.41236 0.38367 2.54530 64 48 15 64 38 214 100.00000 0
913 4180 11.16035 1.93124 0.36939 3.35229 19 14 1 11 9 100 100.00000 0
3350 4607 10.75398 3.13012 0.50472 3.10186 37 27 4 35 13 102 100.00000 0
1837 4431 10.31661 0.01613 0.19263 0.89438 29 25 4 27 19 157 100.00000 0
1007 4249 11.88875 0.02524 0.37615 1.10003 26 22 3 23 15 132 100.00000 0
1972 4562 11.86741 0.00792 1.01160 0.42058 30 9 2 23 15 120 100.00000 0
2018 4574 10.62174 1.46662 1.16612 6.31510 18 4 1 11 6 84 100.00000 0
2013 4578 10.18013 1.25027 0.50138 3.39915 28 22 4 28 19 133 100.00000 0
2007 3416 10.76830 2.89315 0.83565 2.30308 33 28 5 29 18 107 100.00000 0
3350 4623 11.07258 3.00671 1.28995 2.65741 11 9 1 9 5 66 100.00000 0
1975 4563 10.21330 0.00829 0.68965 0.47230 66 34 9 49 26 152 100.00000 0
2006 3405 11.65777 2.78985 0.82760 1.89795 24 18 3 21 8 116 100.00000 0
3408 4570 10.87426 2.47119 0.83047 0.74019 23 13 3 21 11 90 100.00000 0
3320 4620 11.54667 2.16904 0.84156 4.43906 8 5 0 4 4 20 100.00000 0
944 4200 11.37483 0.26690 1.02651 3.61335 28 20 7 26 9 147 100.00000 0
1828 4408 10.70368 0.02528 0.16698 1.43422 50 41 8 41 21 166 100.00000 0
1880 4457 10.42538 0.01939 1.32654 1.23067 28 10 4 23 12 167 100.00000 0
3331 4631 11.33074 2.44948 1.20709 5.19886 4 4 0 2 3 28 100.00000 0
2019 4574 11.28046 1.50488 1.08538 6.64612 11 1 0 5 3 70 100.00000 0
2014 4578 10.50472 1.29741 0.57234 3.81598 29 14 11 25 15 127 100.00000 0
3315 4624 10.75753 1.98481 1.37204 9.67105 6 0 0 1 4 18 100.00000 0
1846 4439 10.12485 0.02364 0.27161 1.35104 20 16 1 14 8 145 100.00000 0
1805 4392 11.92984 0.21849 0.09393 0.68528 63 59 4 59 36 225 100.00000 0
1972 4561 10.60044 0.00623 0.83456 0.31898 64 31 3 46 35 202 100.00000 0
967 4240 10.72533 0.01756 0.15268 0.90655 35 28 6 28 17 182 100.00000 0
3342 4611 11.31307 3.04279 0.75157 2.54191 28 21 2 15 11 82 100.00000 0
913 4202 11.93999 0.76753 0.69916 2.80184 41 22 19 41 20 164 100.00000 0
938 4193 11.22523 0.67019 0.91357 4.07775 20 10 5 15 5 96 100.00000 0
2017 4571 10.04170 1.43489 1.68278 5.81129 35 10 2 25 21 107 100.00000 0
3397 4591 10.03727 3.06997 1.34984 4.77241 12 4 0 10 5 63 100.00000 0
3418 4569 10.56296 1.87584 0.78583 1.22812 33 15 14 27 18 129 100.00000 0
1831 4410 11.25117 0.00843 0.22901 0.51282 17 14 0 8 9 125 100.00000 0
994 4259 10.21233 0.01528 0.24213 0.88867 54 47 7 52 33 168 100.00000 0
995 4243 11.35005 0.01201 0.20643 0.77329 28 23 5 28 14 147 100.00000 0
3324 4620 10.04451 2.28863 0.81213 3.42828 10 7 3 6 2 38 100.00000 0
1045 4277 11.81589 1.32315 0.50084 1.16936 46 36 6 44 23 186 100.00000 0
3399 4574 11.01889 2.94948 0.62294 0.39067 41 25 9 37 21 178 100.00000 0
1859 4452 10.91428 0.01579 0.62563 1.04530 46 39 1 38 30 233 100.00000 0
3374 4607 11.67237 3.12439 0.32249 1.79559 10 6 4 7 4 52 100.00000 0
3352 4622 11.27447 3.01766 0.25971 2.68409 14 13 0 10 5 73 100.00000 0
2003 4561 11.35958 0.65753 0.82847 0.62244 48 18 2 36 24 114 100.00000 0
910 4181 11.75361 2.03191 0.35217 3.66874 31 12 0 26 17 132 100.00000 0
1048 4265 11.98599 1.42818 0.61312 0.91043 49 42 4 47 28 160 100.00000 0
972 4226 11.61386 0.03017 0.55538 1.70594 30 13 8 28 15 127 100.00000 0
3330 4631 11.14495 2.40421 0.48555 2.41687 20 17 2 18 11 66 100.00000 0
905 4192 11.45899 1.70048 0.35308 2.62793 11 10 1 11 8 74 100.00000 0
3408 4587 10.94561 2.48365 0.57047 3.32084 10 9 1 8 5 37 100.00000 0
1884 4476 10.86859 0.03449 0.71955 0.82424 40 27 2 30 16 197 100.00000 0
2002 3408 11.74755 3.06085 0.41668 2.63819 29 23 5 27 12 108 100.00000 0
1038 4262 10.10514 0.90286 0.16552 1.33823 35 26 9 35 15 118 100.00000 0
2009 3409 10.07049 2.84227 0.59681 2.65844 31 24 4 25 11 105 100.00000 0
971 4244 11.93306 0.02119 0.38360 0.88779 54 41 13 51 29 227 100.00000 0
1050 4273 11.32841 1.49845 0.39555 0.48859 57 51 5 57 31 208 100.00000 0
996 4261 11.33696 0.01223 0.43468 0.74019 26 15 9 21 12 166 100.00000 0
1808 4394 11.40235 0.15463 0.25986 0.57878 48 43 3 38 27 177 100.00000 0
908 4184 11.30926 1.98541 1.27164 2.99068 13 6 0 1 0 62 100.00000 0
1025 4257 10.93063 0.17115 0.31110 1.83568 43 36 6 43 25 141 100.00000 0
1865 4442 10.81550 0.01758 1.33484 0.65072 23 2 0 11 11 169 100.00000 0
3358 4601 11.83048 3.12923 0.32937 3.08933 45 42 0 42 27 132 100.00000 0
1988 4572 11.24726 0.06362 0.60578 3.37023 55 45 2 40 29 134 100.00000 0
962 4236 10.44283 0.01649 0.41438 1.01876 50 35 12 43 24 281 100.00000 0
972 4244 10.96688 0.02179 0.21837 0.98675 60 47 9 35 26 223 100.00000 0
1864 4457 11.20748 0.01387 0.81161 1.29724 22 14 4 13 8 156 100.00000 0
1876 4468 10.39770 0.02699 0.75117 1.08390 33 15 0 31 16 181 100.00000 0
910 4199 11.41509 1.06317 0.25264 2.45607 30 20 10 28 11 142 100.00000 0
1798 4406 11.85898 0.46166 0.43384 1.65753 29 21 2 19 9 168 100.00000 0
1787 4388 10.85736 1.16898 0.47314 1.56273 38 35 2 36 16 167 100.00000 0
1038 4261 11.36001 0.90229 0.27917 1.09074 27 23 4 23 12 127 100.00000 0
1987 4554 11.06692 0.03716 0.88451 1.94159 51 20 1 42 29 138 100.00000 0
2012 4566 10.21233 1.21747 0.62911 1.56873 48 38 2 42 28 171 100.00000 0
3418 4568 11.61788 1.87514 1.05927 1.43586 34 16 13 25 14 107 100.00000 0
1902 4478 10.28896 0.01911 1.38108 0.91514 64 12 1 58 47 279 100.00000 0
1871 4463 10.08523 0.01647 0.58428 0.97518 50 38 1 45 21 219 100.00000 0
988 4239 10.56721 0.01697 0.35118 1.00093 63 60 3 60 38 209 100.00000 0
2008 3409 10.09309 2.90685 0.53292 2.61150 24 16 4 15 11 80 100.00000 0
991 4241 10.65182 0.01536 0.06921 0.95203 28 26 2 25 15 133 100.00000 0
1792 4388 11.09643 0.87569 0.43657 1.71052 31 26 3 23 18 125 100.00000 0
907 4197 11.84313 1.31813 0.30881 2.50921 11 9 2 9 7 61 100.00000 0
2018 4577 11.79739 1.46103 0.51732 4.85502 22 21 0 10 9 90 100.00000 0
1845 4423 10.03944 0.01190 0.33243 0.67377 26 21 3 21 15 123 100.00000 0
1833 4428 10.89598 0.00736 0.27374 0.17246 37 28 7 26 17 131 100.00000 0
915 4203 11.55690 0.62720 0.19971 2.91202 36 27 7 33 17 187 100.00000 0
1861 4438 10.71111 0.01766 0.41740 0.39762 17 16 0 12 8 103 100.00000 0
1915 4491 10.29585 0.08084 1.45204 0.82709 16 8 0 12 6 117 100.00000 0
1800 4406 10.64921 0.35751 0.30810 1.02793 36 29 4 28 18 167 100.00000 0
3359 4617 10.55261 3.08446 0.64731 2.43494 12 5 0 7 4 65 100.00000 0
3419 4582 10.61624 1.85010 0.34104 3.86614 24 19 4 21 15 106 100.00000 0
1032 4276 11.68811 0.54189 0.32082 1.30806 111 95 4 111 58 313 100.00000 0
1818 4400 11.67105 0.03280 0.66986 1.72488 44 40 1 31 23 187 100.00000 0
951 4209 10.20779 0.05337 0.63892 2.90380 43 20 21 41 21 168 100.00000 0
1050 4268 11.40344 1.48604 0.17086 0.97719 69 62 4 53 41 218 100.00000 0
3336 4614 11.18141 2.85533 0.35470 2.20726 32 30 1 27 13 112 100.00000 0
1964 4555 11.83696 0.02242 1.21914 1.26980 41 2 2 26 22 153 100.00000 0
989 4240 10.18471 0.01666 0.64388 1.06386 31 26 4 29 17 134 100.00000 0
933 4186 11.61900 1.06941 0.42333 3.75546 48 30 8 46 26 208 100.00000 0
2015 4566 11.82640 1.35950 0.95443 2.90825 32 13 3 28 18 151 100.00000 0
