0.01184 0.01091 0.00100
0.00815 0.00787 0.00602
0.00771 0.00760 0.00763
0.00974 0.01054 0.00106
0.00733 0.00777 0.00133
0.00972 0.01343 0.00099
0.00727 0.00694 0.01834
0.00858 0.01038 0.00221
0.01024 0.01347 0.00147
0.00879 0.01180 0.00068
0.01336 0.01444 0.00094
0.01013 0.01115 0.00785
0.01080 0.01230 0.00081
0.00924 0.01086 0.01417
0.00872 0.01046 0.00559
0.01134 0.01804 0.00089
0.01067 0.01026 0.01837
0.00789 0.00803 0.01431
0.00838 0.01111 0.00171
0.00775 0.00950 0.00095
0.01629 0.01361 0.01091
0.00793 0.00856 0.01053
0.00923 0.00995 0.01836
0.00693 0.00714 0.00205
0.00769 0.00835 0.01678
0.00703 0.00748 0.00067
0.01008 0.01143 0.00793
0.00836 0.00999 0.00075
0.00867 0.01051 0.00076
0.01232 0.01008 0.00061
0.00794 0.01015 0.01101
0.00818 0.00974 0.00277
0.00792 0.00874 0.01049
0.01552 0.01386 0.00053
0.00859 0.00934 0.00069
0.00796 0.01045 0.01735
0.00775 0.00744 0.00075
0.00862 0.00972 0.00068
0.00958 0.01255 0.00117
0.00935 0.00969 0.00063
0.00817 0.00770 0.00529
0.00563 0.00517 0.00072
0.00811 0.00965 0.00069
0.00912 0.00961 0.00079
0.00806 0.00837 0.01747
0.01344 0.01186 0.00099
0.00957 0.00928 0.00050
0.00722 0.00727 0.00054
0.00913 0.00768 0.01151
0.01117 0.01187 0.00089
0.00884 0.01081 0.00070
0.00606 0.00640 0.01567
0.01029 0.01036 0.00116
0.00714 0.00766 0.00624
0.01027 0.01071 0.01434
0.00761 0.00671 0.00052
0.00881 0.01137 0.00068
0.01005 0.00924 0.00129
0.00780 0.00772 0.00097
0.01038 0.01080 0.00884
0.00566 0.00651 0.02184
0.00830 0.01045 0.01455
0.00827 0.00816 0.00094
0.00816 0.00955 0.00103
0.01068 0.00833 0.00579
0.00880 0.00954 0.00074
0.00794 0.00849 0.00548
0.00826 0.00945 0.02115
0.00892 0.01009 0.01597
0.00802 0.00860 0.00529
0.00803 0.00834 0.00173
0.01218 0.01008 0.01030
0.00994 0.01260 0.00107
0.01838 0.01359 0.01849
0.00778 0.00752 0.00535
0.01025 0.01279 0.02438
0.00823 0.00877 0.00169
0.01122 0.01078 0.00831
0.00855 0.00947 0.00046
0.00896 0.01134 0.00074
0.00865 0.00962 0.01206
0.00883 0.00878 0.00937
0.00849 0.00890 0.00108
0.00855 0.01061 0.02052
0.00920 0.01039 0.00078
0.01131 0.01145 0.01844
0.01005 0.01319 0.02511
0.00750 0.00793 0.00907
0.00757 0.00652 0.01367
0.00894 0.01067 0.00119
0.00829 0.00873 0.01827
0.00928 0.01243 0.00687
0.01513 0.01616 0.00064
0.01495 0.01274 0.01046
0.00838 0.01010 0.00335
0.01448 0.01483 0.02809
0.01091 0.01133 0.00235
0.01011 0.01284 0.01840
0.00795 0.00727 0.01846
0.00773 0.00725 0.00079
0.00856 0.00886 0.00079
0.00792 0.00773 0.01860
0.00866 0.01019 0.00049
0.00828 0.00957 0.00454
0.00943 0.01084 0.00064
0.00858 0.00912 0.00057
0.01058 0.01359 0.03310
0.00995 0.01076 0.00124
0.00807 0.01024 0.00529
0.00803 0.00879 0.01845
0.00820 0.00981 0.01402
0.00869 0.01012 0.00125
0.00808 0.00789 0.00095
0.00868 0.01134 0.00085
0.00771 0.00912 0.00303
0.01171 0.00900 0.01725
0.00849 0.00786 0.01063
0.00787 0.00779 0.00359
0.00810 0.00934 0.00102
0.00836 0.00962 0.00064
0.00918 0.00870 0.00088
0.00850 0.01057 0.00072
0.00933 0.01198 0.00146
0.00926 0.00974 0.00263
0.00806 0.00942 0.01851
0.00900 0.01292 0.00056
0.01308 0.01221 0.00086
0.00723 0.00695 0.00524
0.01561 0.00956 0.01270
0.00932 0.01337 0.00053
0.00815 0.00944 0.00083
0.01244 0.00968 0.00055
0.00975 0.01304 0.00067
0.01199 0.01024 0.00045
0.01311 0.01005 0.00080
0.00688 0.00672 0.00771
0.00840 0.00956 0.01846
0.00911 0.01165 0.01194
0.00904 0.01099 0.00214
0.00893 0.01083 0.00095
0.00849 0.01011 0.00083
0.00887 0.01143 0.00092
0.00765 0.00795 0.00175
0.00838 0.01027 0.01844
0.01138 0.01240 0.00286
0.01040 0.00909 0.00114
0.00919 0.01041 0.00085
0.00783 0.00923 0.01069
0.00748 0.00797 0.00130
0.00943 0.01555 0.00816
0.00901 0.01091 0.00099
0.00912 0.01176 0.00058
0.00877 0.00865 0.00715
0.00788 0.00815 0.00557
0.00888 0.01083 0.01709
0.00863 0.00968 0.00061
0.00959 0.01319 0.00211
0.00724 0.00776 0.00090
0.00926 0.01340 0.00077
0.00782 0.00937 0.00064
0.01425 0.01186 0.01849
0.01036 0.01007 0.00064
0.01129 0.01032 0.01619
0.00758 0.00796 0.00059
0.00920 0.00920 0.00144
0.00817 0.01176 0.01631
0.00845 0.01046 0.00066
0.00916 0.01113 0.00976
0.00853 0.00837 0.00066
0.00878 0.00856 0.00391
0.00828 0.00953 0.02099
0.00607 0.00594 0.00078
0.00990 0.01392 0.00850
0.01028 0.01346 0.00146
0.00680 0.00579 0.01840
0.00894 0.01144 0.00088
0.01215 0.00916 0.00130
0.01315 0.01711 0.00063
0.00977 0.01007 0.00553
0.00773 0.00897 0.00763
0.00824 0.00958 0.00602
0.00895 0.01121 0.00951
0.00843 0.01078 0.00075
0.00766 0.00827 0.00127
0.00818 0.00933 0.01858
0.00769 0.00876 0.01630
0.00803 0.00920 0.00194
0.00795 0.00831 0.00147
0.01460 0.00997 0.01855
0.00831 0.01018 0.00061
0.01571 0.01136 0.00079
0.00800 0.00861 0.01456
0.00912 0.01139 0.00087
0.00903 0.01227 0.00911
0.00913 0.00991 0.01831
0.00784 0.00828 0.01443
0.00727 0.00820 0.00761
0.00866 0.00938 0.00060
0.00941 0.01304 0.00090
0.00796 0.00946 0.00050
