472 9812 11.33911 0.01522 0.73880 1.05388 32 0 0 32 23
9417 9580 11.73887 0.01360 0.45111 0.94295 100 0 2 100 79
471 853 11.73438 0.01541 0.56742 0.93795 34 0 2 34 21
173 4386 10.75450 0.01352 0.31557 0.99780 164 4 5 162 141
2608 2879 10.34603 0.00507 7.43873 0.60652 143 0 0 115 112
7398 7886 10.66289 0.01038 0.37133 0.75017 41 2 8 31 21
128 8932 11.75814 0.01427 0.68277 1.02527 70 0 0 66 56
861 5653 11.51009 0.00689 0.48975 0.61421 31 0 0 29 22
467 5526 10.98902 0.00864 0.43176 0.47724 40 0 2 38 34
5276 5640 10.24678 0.00458 0.35072 0.48939 50 6 12 50 41
9036 9578 10.73478 0.01693 0.38654 1.03703 131 5 3 129 112
4395 4781 10.26359 0.00659 0.48321 0.44235 183 2 8 179 164
10335 10462 10.03247 0.02840 10.32788 4.32481 72 0 0 66 52
467 5176 10.98905 0.00820 0.76251 0.78185 16 0 0 14 9
2621 3421 10.49943 0.00616 8.06698 0.34718 21 0 0 9 9
2622 3287 10.50040 0.00555 10.53646 0.90525 21 0 0 16 15
5210 5643 11.75281 0.00514 0.44314 0.59872 49 3 1 47 37
2903 7301 11.21096 0.01277 10.69867 6.49595 28 0 0 14 18
871 5394 11.75400 0.01364 0.20292 0.45284 28 4 5 26 22
2593 2678 11.01334 0.00400 13.36093 15.34314 43 0 0 19 22
1597 6457 11.11532 0.01370 0.54029 0.78484 69 0 6 64 52
4391 4684 11.01433 0.00882 0.50703 0.49968 74 5 1 67 57
165 4571 10.25909 0.01222 0.59870 0.36797 163 0 2 161 148
5119 5536 11.25046 0.00640 0.55108 0.63858 22 0 0 20 15
6430 6480 11.62721 0.00437 0.28770 0.26688 53 2 8 51 41
2623 3175 10.14935 0.00507 27.02817 0.28667 45 0 2 16 19
2616 3023 11.40075 0.00559 4.53767 0.31652 28 0 0 22 23
2611 2943 11.75371 0.00569 6.74365 3.60239 60 0 0 45 48
3600 7657 10.66031 0.00542 0.20733 0.35498 50 2 7 46 35
2169 6917 11.55061 0.03021 0.79338 0.21850 55 0 0 45 28
894 5685 10.37607 0.46267 0.57879 1.24238 14 0 0 14 9
3452 7324 10.46743 0.00854 11.09597 0.96672 16 0 0 11 10
1903 6683 11.91269 0.02960 0.73123 1.33764 31 0 1 27 20
868 5237 10.00870 0.01253 0.21165 0.66910 68 7 1 65 57
2622 3111 10.50040 0.00555 27.29830 0.31898 43 0 0 6 10
2963 7302 10.35164 0.01278 8.35427 2.60098 15 0 0 11 8
457 631 10.50817 0.00403 0.40766 0.54465 56 0 1 54 40
2624 3429 10.14860 0.00533 9.82614 2.59209 30 0 0 15 16
3339 3534 11.89772 0.00899 10.93065 0.51282 15 0 0 9 11
877 5629 10.28897 0.01583 0.49216 0.72145 65 0 0 59 50
456 795 11.00853 0.00572 0.39810 0.54249 43 1 0 40 30
3133 3530 10.10154 0.00994 16.80918 6.54700 15 0 0 9 12
4824 9539 10.24559 0.00723 0.45865 0.71217 161 11 32 157 125
455 689 11.76960 0.00598 0.54497 0.33804 21 0 0 21 13
2790 3512 10.84755 0.00766 10.28764 0.61992 20 0 0 18 12
118 4332 10.74991 0.01447 0.58692 0.80794 154 0 0 154 139
2609 2902 11.90940 0.00507 7.09134 1.35537 116 0 0 97 93
1701 6448 11.84707 0.00772 0.25534 0.68128 61 5 6 55 41
2592 2797 11.55707 0.00483 13.19120 0.27554 23 0 0 21 16
3629 7591 10.13326 0.47270 0.87698 1.66648 23 1 0 23 10
2789 3515 11.35806 0.00770 10.65223 0.43069 38 0 0 17 13
3702 8310 10.08429 0.11314 0.19149 0.87178 16 2 1 12 10
456 522 11.00952 0.00481 0.58031 0.65192 40 0 1 33 26
3007 7303 10.00207 0.01284 9.50565 9.82131 9 0 0 6 5
2622 3435 10.50040 0.00555 6.75176 0.80503 28 0 0 24 15
9001 9184 10.99228 0.01013 0.48488 0.75433 166 11 15 158 130
5050 9762 11.54718 0.04783 0.65989 0.23739 43 0 0 39 24
4276 8892 11.50177 0.00639 11.31961 0.30901 153 0 0 151 132
2299 7020 10.98244 0.07089 0.28515 0.80406 68 10 6 66 52
851 5644 11.00640 0.00616 0.25366 0.31279 51 4 6 43 35
9054 9579 10.99214 0.01385 0.38218 1.07009 163 2 5 157 121
3527 7334 10.33072 0.01258 0.16242 0.86048 15 0 0 10 10
4853 9359 11.76266 0.01426 0.29007 0.82992 117 2 3 114 92
1611 6472 11.35945 0.01497 0.37274 0.93920 93 9 14 87 77
3630 8094 10.84035 0.50281 1.10107 1.71349 20 0 0 13 3
186 4721 10.99973 0.01010 0.42741 1.81962 139 0 0 132 112
3631 8111 11.39162 0.53306 1.15563 2.12596 10 0 0 10 6
4820 9028 11.26952 0.00703 0.65647 0.34830 86 0 0 80 58
2188 6959 11.35103 0.16039 0.93713 3.21248 57 1 0 57 28
692 5111 11.28863 0.00535 0.58295 0.62495 20 0 0 20 17
5119 5383 11.25048 0.00606 0.41515 1.06496 21 0 1 18 14
1124 5901 11.51007 0.01466 6.91060 174.41601 21 0 0 10 12
3268 3530 10.10154 0.00994 15.30239 1.73776 18 0 0 18 18
3328 3533 11.35089 0.00962 10.52917 1.61641 20 0 0 17 13
2594 2728 10.85770 0.00365 26.23751 0.18767 24 0 0 12 8
165 4760 10.25909 0.01222 0.65064 0.40830 95 0 0 93 81
2617 3356 11.39920 0.00640 10.35514 0.36904 24 0 0 10 8
3363 3531 10.64505 0.01036 11.11407 0.64528 20 0 0 20 15
590 9826 10.52250 0.01159 0.62491 0.85409 41 0 1 41 27
4824 9365 10.00452 0.00552 0.46526 0.46562 189 11 31 187 151
9425 9580 11.73887 0.01360 0.41813 0.86457 116 3 5 109 95
2773 7297 10.00458 0.00907 8.30615 0.52786 23 0 0 14 12
2616 7313 11.35910 0.00582 13.00511 7.66631 27 0 0 8 12
450 5122 11.51102 0.00760 0.43219 0.34718 55 3 1 45 37
10334 10431 10.53211 0.02975 10.66740 3.65463 72 0 0 58 64
4260 8863 10.76318 0.00526 0.31646 0.49019 138 6 17 138 114
7398 7786 10.66289 0.01038 0.34848 0.56371 27 0 7 24 15
4997 9716 10.29714 0.01291 0.58798 0.67086 67 0 1 65 53
2006 6780 11.09054 0.01489 0.30141 0.20174 62 3 16 62 45
870 5660 10.75634 0.02053 0.36820 0.33455 29 3 1 26 20
9484 9579 10.99214 0.01385 0.39680 0.99465 138 11 5 132 106
1633 6375 10.56375 0.00699 0.48204 0.40830 54 1 1 54 40
3631 7995 11.39162 0.53306 0.38589 1.73461 8 0 1 8 5
3629 7480 10.13326 0.47270 0.84015 1.64425 17 0 0 13 6
2619 3027 11.04744 0.00711 4.08873 1.60985 55 0 0 46 41
976 5735 11.25070 0.00908 3.45656 0.51358 15 0 0 8 8
2713 7296 11.05562 0.00871 12.85849 1.06753 35 0 0 27 26
187 4436 11.98668 0.01263 0.15298 1.15961 98 3 3 91 73
5138 5638 11.48454 0.01111 0.50932 1.29724 25 1 1 20 18
5118 5568 11.74907 0.00718 0.56125 0.45456 27 0 2 27 22
190 9353 10.75013 0.00781 0.74003 0.95244 139 1 12 135 107
2623 3132 10.14935 0.00507 26.78537 0.28667 31 0 1 15 13
189 9344 11.74867 0.00898 0.95211 1.07046 74 1 1 66 48
3629 7460 10.13326 0.47270 0.80799 1.69350 27 0 0 22 8
5302 5641 10.74659 0.00486 0.23334 1.04978 47 9 6 47 36
883 5674 11.05002 0.21303 0.31027 1.21466 15 0 1 15 8
2661 3510 10.29797 0.00829 12.52965 9.88199 60 0 0 50 47
869 5393 10.50818 0.01323 0.20469 0.61676 56 6 3 54 38
3631 7855 11.39162 0.53306 1.32973 1.72737 9 0 0 4 2
2645 3509 11.35484 0.00789 12.55299 1.52880 22 0 0 10 8
9015 9571 10.95918 0.02728 0.54992 1.58610 184 5 0 182 139
2625 3058 10.14779 0.00580 4.00673 9.69716 49 0 0 37 41
8132 8247 11.40301 0.43728 0.89929 1.47034 19 1 0 19 13
766 9827 11.67985 0.01142 0.65533 0.69154 26 0 0 24 17
2614 3436 11.94936 0.00614 11.47277 0.33220 19 0 0 11 8
4853 9421 11.76266 0.01426 0.32162 0.96753 102 1 1 95 80
5685 9843 11.94565 0.55264 14.31619 31.66422 6 0 0 0 2
1421 6210 10.21098 0.01242 0.41592 0.42887 86 3 0 80 63
2616 3340 11.40075 0.00559 13.66348 0.32143 19 0 0 15 13
602 859 10.74014 0.00919 0.38515 0.49416 32 0 3 28 19
2262 7020 11.32004 0.13175 0.23198 0.38765 136 14 20 136 111
869 5500 10.50820 0.01351 0.25395 0.57267 62 3 6 55 45
1629 6375 10.56713 0.00526 0.40261 0.42796 68 1 1 64 55
9000 9169 11.74228 0.01094 0.48413 0.72954 152 8 38 148 121
5274 9830 10.42122 0.01208 0.66122 2.02294 92 11 5 90 74
4547 8969 10.01552 0.01110 0.85945 0.85821 278 0 2 276 254
186 4524 10.99973 0.01010 0.41413 1.95465 142 0 0 130 114
467 5339 10.98905 0.00820 0.43978 0.55953 15 1 0 15 12
3573 7345 10.85946 0.01122 0.34094 0.67609 25 2 3 23 13
4393 4617 10.26022 0.00778 0.64590 0.72578 213 1 1 210 177
4824 9471 10.00452 0.00552 0.53301 0.63919 201 5 21 199 169
2653 3516 11.90222 0.00796 9.31126 1.63566 53 0 0 50 41
465 5478 11.73588 0.00933 0.64676 0.61548 24 1 0 22 16
3687 8318 11.67846 0.12774 0.45254 0.39664 25 0 0 22 15
7398 8191 10.66289 0.01038 0.30422 0.40348 35 2 4 33 18
8006 8248 11.85529 0.46580 0.81853 1.33002 15 0 0 12 6
4599 8969 10.01552 0.01110 0.85466 0.94915 243 0 2 241 213
2596 2788 10.30982 0.00316 12.84854 4.24962 63 0 0 30 43
9519 9578 10.74205 0.01270 0.47476 0.80503 122 0 0 120 110
2309 7058 11.36218 0.18745 0.31718 1.37459 24 4 3 22 18
4255 8858 11.76245 0.00384 0.35067 0.32021 100 9 16 98 81
9002 9225 10.25126 0.01010 0.53883 0.66441 193 1 1 191 160
3630 7833 10.84035 0.50281 0.66371 1.68725 14 0 0 12 5
3629 7518 10.13326 0.47270 0.77851 1.63494 18 2 0 14 8
10335 10402 10.03035 0.02833 10.19767 1.62245 59 0 0 12 14
10332 10423 11.54721 0.03155 12.93904 16.26812 73 0 0 69 61
2614 3299 11.94936 0.00614 11.91054 1.13056 23 0 0 11 16
5659 9844 10.21681 0.01177 0.54973 0.84904 22 0 1 22 15
1310 6113 10.55476 0.00778 0.60379 0.34943 9 0 0 9 8
4852 9526 11.24935 0.01377 0.52604 1.22493 69 11 2 67 55
5645 9827 10.76793 0.01590 1.10465 0.87760 44 0 0 36 29
3600 8025 10.66031 0.00542 0.32285 0.40926 74 1 6 39 30
5296 5642 11.50407 0.00450 0.51489 1.07155 46 3 3 46 38
9002 9530 10.25126 0.01010 0.54718 0.95695 188 1 0 182 156
2615 3235 11.75153 0.00590 13.94386 0.36262 22 0 0 20 17
2724 3511 10.65191 0.00813 6.70404 0.47147 22 0 0 14 11
2944 3530 10.99819 0.01010 17.77925 0.56924 12 0 0 12 9
1098 5871 10.25913 0.02268 4.12084 0.98158 32 0 0 30 24
3629 7508 10.13326 0.47270 0.90566 1.69950 19 0 0 13 6
269 4914 10.50215 0.00218 0.33008 0.67144 90 4 10 81 66
7864 8246 10.95663 0.41146 0.78815 1.74742 25 1 3 21 10
2594 2837 10.85512 0.00362 13.74722 2.01052 25 0 0 6 10
2614 3337 11.94936 0.00614 9.31589 7.54774 18 0 0 5 7
7397 7643 10.85805 0.01038 0.44095 0.47560 31 0 2 29 15
9407 9580 11.73887 0.01360 0.44973 0.92577 106 2 4 104 83
1528 6331 11.32901 0.01105 14.78208 1.99351 31 0 0 23 13
5260 9818 11.53701 0.01207 1.01926 1.41278 26 1 0 24 17
3136 7324 10.46316 0.00917 15.16318 3.89360 12 0 0 6 3
3720 8345 10.30047 0.00770 0.31878 0.30774 26 4 1 26 14
3966 8565 10.79995 0.00959 0.33369 0.55532 27 2 5 21 19
7395 7789 11.91205 0.01091 0.34767 0.49099 20 0 1 15 6
467 5341 10.98905 0.00820 0.43463 0.58817 47 0 2 47 37
2624 3473 10.84936 0.00578 7.82691 4.37345 21 0 0 13 7
2743 7318 11.52442 0.01092 5.53055 0.35054 15 0 0 10 7
4821 9058 11.75490 0.00687 0.63826 0.52115 140 0 1 140 123
2624 3368 10.14860 0.00533 7.07554 0.29739 20 0 0 12 11
1800 6574 10.36030 nan 0.34197 0.42058 77 2 3 73 62
8002 8245 10.40541 0.38381 0.50868 1.80970 21 0 0 14 6
1696 6421 11.16946 0.00871 0.45679 0.69998 79 4 1 79 62
3558 7329 11.75382 0.00345 10.53667 1.40305 14 0 0 10 8
3242 7302 11.25182 0.01280 19.29991 173.49591 13 0 0 5 4
9214 9578 10.74205 0.01270 0.46711 0.98039 143 1 1 137 126
7 126 11.52326 0.02952 0.97449 1.14466 95 0 0 91 76
2601 2870 11.36221 0.00478 10.29859 0.37534 93 0 0 83 81
9000 9197 11.74228 0.01094 0.49745 0.66735 142 5 45 140 120
869 5427 10.50820 0.01351 0.25160 0.80939 78 5 7 73 63
5486 5641 10.74660 0.00471 0.25159 0.67955 74 14 10 74 58
2659 3509 10.10594 0.00837 11.13400 1.39998 35 0 0 7 16
2703 3516 11.55116 0.00778 9.41898 0.65551 44 0 0 39 28
2623 3333 10.14935 0.00507 10.42128 28.51194 28 0 2 19 21
2614 3409 11.94936 0.00614 1.40027 0.97478 23 0 0 14 14
2618 3012 11.04822 0.00697 5.94703 11.84210 43 0 0 25 33
3631 8011 11.39162 0.53306 0.63403 1.72828 9 0 1 7 4
4850 9029 10.49222 0.01688 0.38677 1.02832 167 28 4 162 136
465 5499 11.73588 0.00933 0.49843 0.58484 26 0 1 26 16
2625 3160 10.14779 0.00580 26.97411 0.32746 45 0 0 23 14
171 4805 10.49759 0.01268 0.86708 0.66852 136 0 0 134 126
7938 8248 11.85529 0.46580 0.42377 1.38706 15 0 0 9 5
9168 9579 10.99214 0.01385 0.45246 1.01876 114 4 0 112 86
2900 7302 10.00040 0.01261 11.24818 13.60635 22 0 0 1 9
