234 1662 10.63839 3.07429 0.20716 1.87889 141 18 34 133 78
2483 2533 11.04360 0.82204 0.78959 3.25931 91 21 32 89 35
2545 3865 10.48631 1.54727 0.14535 1.78026 71 14 14 67 47
2470 3874 10.50921 1.74521 0.19684 2.53281 47 6 9 45 24
783 1409 11.60208 3.07069 0.27159 1.27595 62 12 12 62 40
2472 3875 10.41003 1.78004 0.31165 2.53976 52 5 15 52 36
43 1845 10.03140 0.57334 0.31484 2.21717 67 10 11 63 27
159 1743 10.30131 3.12881 0.43148 2.60774 64 7 9 53 36
3988 4053 10.90274 0.97014 0.38202 1.50324 110 25 39 108 66
787 1439 10.61322 2.82809 0.23707 1.93836 103 7 9 99 67
762 1434 11.03832 3.13913 10.60543 179.86878 84 0 0 84 63
261 1606 10.30592 1.99024 1.05389 2.54868 46 6 5 37 24
2491 3860 10.10924 2.34001 0.06727 1.50011 61 17 8 58 37
795 1436 11.66549 2.50151 0.27640 2.78615 31 0 0 29 16
809 1396 10.51438 1.87392 0.06536 1.17437 55 13 13 52 39
25 1832 10.95749 1.13211 0.16702 1.76813 65 2 7 63 40
49 1819 11.81298 1.65135 0.21348 1.65918 103 10 18 99 58
2468 3875 11.52321 1.70104 0.33196 2.89611 47 10 8 40 24
213 1666 10.06260 3.09433 0.24501 2.38852 126 16 10 121 78
59 1818 10.49670 2.05153 0.18993 3.44946 87 5 7 79 30
3978 4036 10.03953 0.56307 0.13003 1.78268 115 33 29 111 67
700 1518 10.39746 1.65303 0.10402 0.82091 140 30 28 136 93
22 73 11.93283 1.29606 0.57654 2.27727 68 9 3 62 39
27 1840 10.78155 0.75794 0.24747 1.92376 75 4 1 73 53
98 1810 11.38976 3.08978 0.39264 4.49841 44 4 4 35 20
240 1615 11.35117 2.29083 0.47123 2.74338 39 2 0 37 27
2503 3856 11.71558 2.09171 0.49212 3.03190 45 11 17 42 25
2472 2522 11.40524 0.57343 0.72738 3.11546 127 46 26 125 44
259 1592 11.35363 1.66595 0.37122 1.69258 30 0 5 30 13
803 1430 10.87332 2.17039 0.11685 1.73911 106 10 34 104 57
27 1825 11.63714 1.38313 0.45784 2.73781 62 7 1 56 41
104 1800 11.12741 3.08154 0.46010 3.02323 187 39 21 185 121
719 1474 10.28870 2.58041 0.10676 1.57072 89 16 17 89 68
219 1656 10.31267 3.11771 0.27568 1.91234 149 5 11 135 99
261 1600 10.87417 1.80871 0.71710 2.01984 69 21 12 62 35
767 1452 10.61291 3.09450 0.22047 2.77530 50 2 6 47 28
76 1803 11.80758 3.01375 1.51632 5.31825 47 1 3 18 25
735 1494 10.23924 3.09042 0.10975 2.33548 90 9 12 74 45
212 1667 10.44215 3.09431 0.19268 2.48254 113 7 12 113 79
64 1815 10.38910 2.33657 0.56244 3.97306 75 12 6 67 34
788 1404 11.21641 2.87568 0.21600 0.47478 44 12 3 44 35
23 1836 11.09805 0.96305 0.24498 2.03298 119 5 3 117 93
29 1829 10.82961 1.23511 0.10898 1.59790 122 5 6 120 89
710 1478 11.26949 2.15776 0.27069 1.66859 97 31 7 95 67
40 1824 11.03683 1.42681 0.24335 1.86593 131 29 7 125 107
63 1815 10.68313 2.28112 0.47196 3.85854 98 13 5 96 51
4003 4059 10.49876 0.82947 0.11979 1.77718 79 23 15 79 51
109 1773 10.55399 3.07129 7.10958 175.97085 63 0 0 45 50
232 1632 10.26103 2.85519 0.15805 2.07188 100 11 3 96 46
207 1674 10.44595 3.06776 0.12890 1.78882 113 16 21 109 58
2475 3877 11.11226 1.83517 0.24611 2.54468 54 6 16 54 29
204 1698 10.55483 3.12124 0.32897 3.38553 137 2 2 135 76
136 1765 10.41799 3.13601 0.27213 1.45158 145 57 17 143 97
2483 3862 10.51057 2.13137 0.08052 0.71928 69 12 19 69 42
237 1623 10.75507 2.59879 0.34306 2.25811 71 10 5 65 48
705 1483 10.48411 1.94231 0.19114 1.42766 99 19 10 95 66
773 1421 11.23730 3.06033 0.19202 2.33163 101 7 14 86 50
785 1409 10.55820 3.01477 0.11113 1.19025 66 16 10 66 41
225 1643 11.05309 3.11120 0.11162 1.97912 108 8 19 106 73
696 1490 11.08932 1.57555 0.17453 1.46340 68 14 9 68 42
237 1659 11.16651 3.09723 0.09946 1.56498 118 25 31 115 70
247 1597 11.00671 1.75262 0.68230 3.45615 45 0 0 26 21
2125 2179 11.99988 1.36474 13.55503 88.26392 17 0 0 17 8
3998 4059 11.15614 0.91149 0.09767 1.59053 118 30 29 112 79
75 1806 10.45452 2.96528 0.41288 5.01790 49 3 8 43 24
775 1419 11.05022 3.06226 0.24639 2.39866 105 21 30 101 56
26 1833 10.74473 1.08793 0.14179 1.72465 100 5 5 95 59
241 1653 10.75470 3.12576 0.25224 1.60450 53 7 12 49 34
777 1418 10.32235 3.07488 0.05738 2.47955 131 45 27 124 74
238 1657 10.65313 3.10845 0.23523 1.54002 69 7 15 69 44
4006 4060 11.14651 0.84740 0.25528 1.52393 119 27 15 113 60
814 1405 11.43635 1.72554 0.11573 1.68911 98 16 22 93 54
2469 3874 10.81255 1.72632 0.22361 2.57009 46 7 8 40 20
28 1824 11.77994 1.41910 0.21983 2.79946 65 5 3 65 35
164 1739 10.95904 3.13862 0.31572 2.14192 41 5 5 37 16
2546 3866 10.75527 1.55958 0.17312 1.96284 65 8 13 65 40
748 1471 10.47793 3.09120 0.18160 3.14859 66 8 10 61 38
798 1397 10.22290 2.42608 0.05631 2.07622 71 27 13 66 45
731 1464 11.20526 3.02467 11.63505 2.96385 26 0 0 19 15
24 74 11.99104 1.35638 0.65846 2.59133 88 5 8 88 58
258 1593 10.72677 1.67473 0.43140 1.99586 42 10 7 37 22
2473 2526 11.84237 0.64603 0.35320 1.52161 64 8 20 64 33
228 1637 11.19047 2.98773 0.27319 2.87344 103 8 9 96 37
1912 1964 11.24225 1.41212 0.39831 2.14813 111 30 24 107 76
790 1401 11.60937 2.78097 0.16203 1.13090 36 6 1 34 26
65 1811 11.99646 2.40815 0.45781 4.10761 45 4 5 39 22
799 1433 11.09755 2.33161 0.28396 2.87848 52 7 13 45 21
2494 3858 11.24619 2.33816 0.34285 2.98845 61 9 16 52 31
36 1829 10.32213 1.22989 0.05134 1.42382 153 10 4 149 122
2509 3856 11.30012 1.80352 0.35349 2.23248 52 12 13 52 25
122 1780 11.88884 3.08297 0.42945 1.99331 84 9 24 75 60
2539 3876 10.60069 1.37735 0.29755 2.33532 66 6 14 53 36
32 1824 11.49686 1.41371 0.44684 2.49246 76 14 5 70 40
773 1422 10.60115 3.06406 0.32521 2.27142 72 4 7 65 37
44 1849 11.44283 0.43344 0.16651 1.74720 22 4 3 19 11
47 1823 10.83041 1.52392 0.18580 1.94421 121 2 5 118 85
795 1396 11.74745 2.56474 0.22130 2.12854 23 6 3 20 14
2546 3874 11.94770 1.50451 0.61721 2.11840 71 20 11 69 35
2467 3873 11.21814 1.70371 0.37903 2.64205 81 20 19 79 46
692 1507 10.50455 1.41881 0.15827 2.14302 78 15 12 76 45
172 1731 10.12747 3.12913 0.26340 1.65540 84 6 4 77 44
714 1477 10.48466 2.33867 0.18898 1.05276 90 17 18 87 60
169 1734 10.44423 3.13289 0.55373 2.30681 36 1 5 36 13
1920 1970 10.25627 1.07698 0.26235 1.47803 107 39 17 105 76
128 1755 10.99779 3.11420 0.12823 2.17817 104 30 24 104 73
769 1425 11.69638 3.06395 0.32081 2.62092 44 3 3 40 20
239 1616 11.84019 2.34024 0.27113 2.87249 35 2 6 32 21
229 1636 10.74775 2.95634 0.23510 2.83324 87 10 13 85 34
766 1454 11.72160 3.10575 14.31571 177.94691 42 0 0 29 14
250 1639 10.59495 3.01054 12.36239 172.49125 36 1 3 15 19
95 1818 11.97948 3.11935 0.39731 3.08642 77 7 6 69 37
689 1504 11.89823 1.41251 0.10887 1.84653 56 6 10 56 32
87 1841 10.81547 2.37148 0.24637 2.23336 45 0 4 34 17
238 1619 11.62750 2.44209 0.32991 2.73624 67 3 11 56 42
719 1517 11.15961 2.51282 0.19187 1.23923 55 6 13 53 36
242 1610 11.17539 2.10787 0.61659 3.01610 35 4 1 35 20
41 1847 10.93038 0.48397 0.13366 2.08018 48 5 5 48 22
183 1703 10.28267 3.12609 0.28481 2.69762 45 0 2 43 28
134 1768 11.65296 3.13946 0.28280 1.57172 92 24 19 86 43
736 1459 11.98873 3.13613 13.05048 5.06074 27 0 0 21 16
742 1483 11.93997 3.14075 14.20666 179.97202 51 1 3 49 40
3985 4049 10.28654 0.86030 0.02624 1.30386 101 28 30 99 69
796 1396 11.38104 2.52014 0.08178 1.93472 26 12 2 26 18
754 1464 10.25263 3.08156 0.19294 2.64027 66 9 6 66 45
30 1846 11.85410 0.50589 0.22192 2.13148 37 11 9 37 22
92 1789 10.95972 3.13920 0.32099 3.03138 88 23 26 88 59
810 1425 11.85194 1.88316 0.18452 1.36085 85 19 22 77 52
235 1625 11.58277 2.67429 0.30359 2.33850 86 6 2 82 59
253 1592 10.31764 1.66572 0.44594 1.90906 58 6 12 54 32
751 1468 11.00600 3.07857 0.32927 3.46871 45 6 1 45 27
809 1395 10.86295 1.87852 0.04386 1.13574 178 78 45 175 147
241 1610 11.95953 2.10807 0.51987 3.09832 47 6 3 45 28
202 1701 11.37262 3.13492 0.44047 3.46442 111 4 5 111 79
693 1508 10.12015 1.43227 0.12469 2.43879 102 26 15 102 69
36 1827 10.65459 1.30314 0.04502 1.62124 160 7 2 154 123
22 1827 11.89350 1.32124 0.09089 2.41054 63 3 0 56 38
157 1745 10.34566 3.13266 0.31405 2.39474 97 20 5 91 62
689 1506 11.91199 1.40185 0.07488 1.86509 63 4 9 57 28
31 1836 10.08956 0.94988 0.16605 1.33589 125 13 8 118 88
1909 1960 11.78008 1.45372 0.45620 2.03336 85 11 16 83 56
45 1821 11.51536 1.54494 0.15740 1.63255 108 13 10 104 66
708 1521 11.38928 2.02187 0.06521 0.86773 88 32 15 86 67
221 1650 11.71287 3.12485 0.17859 2.13038 116 28 20 116 66
702 1484 11.02941 1.81443 0.19155 0.67609 126 47 15 124 95
48 1825 10.23154 1.49288 0.10370 1.58708 88 8 7 88 58
2129 2183 11.53087 1.48958 0.59332 3.70824 28 5 3 28 18
776 1419 10.37950 3.06622 0.11888 2.47116 107 12 20 98 38
261 1622 11.94723 2.54572 0.77515 2.99081 33 0 0 31 24
263 1608 11.90766 2.04267 1.40190 2.65137 33 4 6 24 10
691 1498 11.36102 1.46338 0.14092 1.55796 105 23 6 96 65
2482 3877 10.52515 2.02142 0.11445 2.84193 33 8 7 33 19
83 1851 11.38382 1.98058 0.38701 2.26676 80 1 8 78 49
730 1464 11.94796 2.99989 6.32914 171.88100 40 0 0 40 32
2507 3877 11.68887 1.83394 0.21724 4.06842 40 7 10 36 19
782 1442 10.88623 2.98671 0.36707 2.48270 111 7 3 109 79
2477 3877 10.86826 1.88443 0.25215 2.31071 62 14 12 62 42
746 1450 11.57539 3.10554 9.23633 177.93531 56 3 6 48 41
33 1843 10.58965 0.60252 0.31366 1.86718 88 4 6 83 55
135 1766 10.40348 3.14045 0.42246 1.49567 106 18 26 95 65
770 1425 10.89268 3.06824 0.19439 2.24280 47 9 4 45 28
78 1801 11.91767 3.09133 0.53943 4.87765 44 4 1 13 14
800 1393 11.49277 2.33850 0.20126 2.32187 34 5 7 32 21
23 1835 11.08404 1.00802 0.22894 2.04775 106 5 6 101 66
805 1430 11.90323 2.06224 0.24404 1.70341 59 11 25 59 37
76 1856 10.61164 1.63661 0.51680 3.90114 76 8 4 65 30
26 1842 11.24982 0.66572 0.22067 2.22158 66 6 4 66 42
247 1645 11.33900 3.11734 0.45628 2.17799 70 2 9 63 33
794 1435 10.39528 2.54263 0.53137 2.52429 82 19 7 78 44
724 1512 10.57137 2.70496 0.42629 1.73821 53 12 9 53 29
2475 2527 11.47286 0.69885 0.20153 1.63111 54 10 13 48 32
30 1829 10.74847 1.23410 0.15157 1.72442 110 0 8 110 88
3983 4047 10.39995 0.80786 0.04334 0.82424 176 50 54 176 118
1921 1976 11.93919 1.03813 0.10380 1.01298 59 14 11 57 35
732 1500 10.22154 3.00330 0.21926 3.14946 66 9 16 63 28
1917 1970 11.11806 1.21606 0.25748 1.49200 113 29 23 113 83
253 1635 10.97831 2.89834 0.21572 1.70226 84 3 4 78 55
261 1601 10.74862 1.83826 0.81716 2.05347 98 33 21 98 54
43 1824 10.87030 1.44927 0.19051 1.74361 137 29 10 130 102
3993 4058 11.94038 1.01521 0.09542 0.97799 130 41 32 126 85
693 1496 10.83800 1.49815 0.07687 2.03529 85 10 15 76 55
811 1397 11.06975 1.79320 0.07903 0.97358 202 62 63 200 159
722 1515 11.27853 2.63641 0.16427 0.78833 55 11 6 46 41
238 1621 10.78799 2.52845 0.29884 2.45639 99 11 15 93 64
243 1606 11.45543 1.99002 0.50973 2.93452 42 1 1 37 25
246 1647 11.62065 3.13605 0.39503 1.98741 86 9 8 78 54
246 1598 11.31224 1.76964 0.38499 3.02453 47 3 1 38 26
692 1498 10.93850 1.47240 0.16424 1.69858 80 6 12 71 42
41 1822 11.48337 1.48404 0.26015 1.76103 86 4 5 86 63
35 1829 10.38252 1.22900 0.07041 1.31105 136 10 2 136 112
39 1845 10.48129 0.54484 0.06912 2.14211 18 2 0 16 5
88 1793 10.80026 3.11060 0.40270 4.14973 73 8 1 62 31
39 1821 11.84054 1.49341 0.28783 1.81078 115 10 5 107 86
2475 2525 11.01814 0.68816 0.30941 1.67958 97 21 25 97 56
248 1594 11.23981 1.71233 1.22495 5.13629 21 0 0 11 5
702 1482 11.79513 1.81207 0.32464 0.86139 72 21 9 70 45
114 1768 10.94061 3.06791 0.28196 1.76746 86 23 14 82 60
697 1518 11.21772 1.53984 0.24362 1.30476 109 35 22 101 72
28 1841 10.78248 0.70624 0.17671 1.90207 92 6 6 88 54
2486 3861 10.61364 2.21568 0.01795 0.40830 138 44 33 136 95
1913 1966 11.33390 1.37970 0.27874 1.83654 138 37 26 136 98
