5988 8036 10.63461 2.17040 0.56169 2.49811 44 0 1 42 39
4788 7095 10.81350 3.14082 2.18570 0.97759 134 0 0 131 76
1414 5052 10.33247 0.36931 0.33021 0.49653 191 12 48 187 141
5077 6904 10.86195 3.00305 0.76992 2.16609 52 1 0 45 27
5152 6832 10.06994 3.13832 0.98701 1.86320 27 0 0 27 6
1383 4966 10.28066 0.07490 0.41178 0.46981 74 4 5 68 59
5412 6699 10.68882 2.38054 0.84468 1.18960 43 0 0 36 18
283 8736 11.53186 0.06029 0.44061 0.39366 68 1 2 64 51
1444 5046 10.90901 0.33415 0.38352 0.78034 139 4 3 132 101
5416 6686 11.19655 2.12976 0.80150 0.95654 51 1 0 46 27
568 3789 11.33644 0.02823 0.30935 1.52777 68 2 3 61 27
4743 7181 10.95530 2.92613 1.69840 0.96144 20 0 0 13 7
551 3799 10.99034 0.03162 0.56078 1.17437 78 1 7 76 56
451 3708 11.51139 0.00466 0.54063 0.60068 22 0 2 20 13
1481 5085 11.31140 0.16682 0.44025 0.93628 123 6 6 117 93
1602 5348 11.99639 0.01276 0.56157 0.78584 14 0 0 3 7
6308 7718 11.32889 3.08737 0.87010 1.72329 19 0 0 14 8
38 3387 11.50802 0.00420 2.40770 0.95900 122 0 0 116 97
4678 7207 11.63310 2.48294 1.31979 2.03759 89 0 0 85 55
39 8586 11.48626 0.03120 0.74982 5.22555 19 0 1 6 7
4737 7202 11.02315 2.65492 1.47488 0.42058 24 0 0 21 11
4701 7233 10.63455 1.64708 1.50109 2.74552 88 0 0 75 46
1378 4993 10.70005 0.01567 0.56868 0.65072 107 2 2 97 71
1555 5205 10.74876 0.00984 0.25058 0.50435 18 2 2 10 13
1082 4433 11.63277 0.06594 0.28427 1.04005 171 3 7 153 135
342 8893 11.77738 0.01828 0.69753 0.99190 94 0 1 94 79
5111 6866 10.18816 3.12082 1.29985 1.72056 48 0 0 41 17
6031 8030 10.30772 3.13107 0.52840 3.71721 31 1 1 29 18
3300 8461 11.51975 0.00966 13.04110 12.18068 59 0 0 43 46
3309 8438 11.77066 0.01154 0.39606 0.57607 63 2 6 55 47
787 4003 11.50998 0.01277 0.69281 0.87492 24 0 0 18 14
570 3792 10.40776 0.02981 0.28927 1.69489 89 5 16 83 75
1524 5135 11.01220 0.00244 0.48625 0.49019 36 1 2 32 23
797 4017 10.74661 0.01164 0.24546 0.77380 33 1 1 26 24
2948 6004 10.19878 1.18354 0.46632 1.57371 32 1 0 27 23
5390 6681 11.48172 2.06655 0.77938 1.57371 80 3 5 71 31
2963 8097 10.74930 0.02549 0.28338 1.36688 25 1 9 25 14
1587 5217 10.75116 0.01148 0.26006 0.21489 62 5 7 59 31
2916 5965 10.05853 0.09146 0.46043 2.04794 42 1 6 40 21
17 3387 11.50802 0.00420 2.43888 0.59742 113 0 0 111 95
6310 7717 11.61955 3.08949 0.69529 1.61374 23 1 0 23 9
3625 8929 10.11312 0.03816 0.57971 0.82472 236 1 4 234 203
1326 7027 10.51857 2.99876 2.03396 2.18588 125 0 0 107 47
336 8867 11.13984 0.02555 0.65338 1.39858 161 2 0 155 110
1600 6738 11.81658 3.13946 1.39581 0.27554 17 0 0 17 6
1414 5015 11.07950 0.08558 0.36415 0.55249 135 12 18 122 95
737 3942 10.32301 0.84648 1.02168 1.31700 62 3 3 58 30
1482 6872 10.04486 3.12266 1.33073 1.27901 90 0 0 86 44
42 3414 11.75156 0.02822 0.80121 4.13005 28 1 0 14 17
6142 7877 11.44315 3.13854 1.48255 1.19419 70 0 0 66 39
128 3419 11.74596 0.01835 0.64333 0.57130 53 0 1 53 37
4796 7122 11.95018 3.03352 2.14804 1.72556 42 0 0 38 27
1100 4418 10.65491 0.05900 0.26573 0.59479 166 22 25 154 132
1495 5102 10.99809 0.02144 0.21697 1.00444 51 2 3 43 39
941 4172 10.52709 0.02551 0.51213 1.34407 140 4 17 137 103
2698 5646 11.29122 0.15585 11.33950 13.55265 59 0 0 56 40
504 3733 10.98126 0.01194 0.16712 0.71873 70 4 8 70 57
3277 8396 10.19108 0.42275 0.87290 1.67631 36 1 1 28 16
1522 5132 11.52055 0.00711 0.42047 0.69661 27 1 5 27 19
1449 6912 11.35509 2.89181 0.83230 2.35667 88 0 4 82 57
1237 7135 10.41648 3.08859 1.08391 1.54155 48 0 0 46 32
3223 8324 11.32034 0.02473 0.38543 0.99347 66 5 18 56 37
2934 5949 10.19149 0.03884 0.17086 2.24088 46 7 6 42 31
4771 7103 10.65832 3.09293 1.93858 1.50636 75 0 0 69 16
1537 6800 10.97155 3.13928 1.49963 2.34885 21 0 0 17 6
4736 7121 10.95820 3.11465 1.11592 1.32234 52 0 0 52 28
1012 4325 10.68182 0.02837 0.19476 1.38847 87 10 9 83 52
108 8610 10.49891 0.04796 0.30668 0.62558 47 4 8 43 33
5097 6852 11.69156 3.12546 1.55354 0.80939 39 0 0 28 14
5084 6894 10.58147 3.04418 1.18913 2.06260 152 0 0 149 106
3234 8402 11.47139 0.97493 0.49296 0.58817 37 0 0 37 23
1364 4931 11.87389 0.01883 0.63093 0.46225 155 0 3 155 108
546 3770 11.35102 0.04734 0.59376 0.92704 95 0 0 81 60
45 100 11.49053 0.02079 1.72745 1.68144 14 0 0 4 7
1637 6693 11.63501 2.20014 1.14212 1.02412 31 0 0 29 13
3168 8276 11.53381 0.07247 7.52320 6.94145 13 0 0 5 5
49 3414 11.75156 0.02822 2.08073 0.29739 29 0 0 12 15
1143 4551 10.01507 0.07036 0.49199 1.05536 247 0 2 245 190
3280 8398 11.13507 0.37005 0.42570 0.88647 23 0 1 19 11
102 3428 11.50927 0.05388 0.35389 0.53449 34 0 9 30 25
5010 6968 11.29138 2.95108 0.54826 1.58066 58 2 3 50 34
1213 7223 11.34054 1.90211 1.13647 1.16835 83 0 0 68 43
5048 6896 11.73193 2.63804 0.92876 2.31647 117 0 0 112 87
243 8697 10.88567 0.03663 0.67334 2.11341 77 3 5 75 61
4691 7164 11.27247 3.02844 1.32286 1.94219 84 0 0 67 26
3233 8398 10.80862 0.87012 0.24363 0.34718 31 6 8 29 15
880 4105 11.93766 0.04189 0.24264 2.15595 70 2 12 65 41
5994 8067 10.56765 1.58472 0.89898 2.52553 29 0 0 24 16
1213 4645 10.41249 0.08131 0.13720 1.92417 48 3 5 37 23
3279 8399 10.36215 0.33464 0.43008 1.12779 41 3 1 41 20
1215 4647 11.38444 0.07990 0.14127 1.17403 85 1 10 75 34
3200 8307 10.45604 0.16594 0.32112 1.54611 135 11 20 135 81
6037 7988 11.05039 3.13779 1.48805 3.90986 17 0 0 9 6
1624 5383 11.25008 0.02525 1.79744 3.41088 12 0 0 8 5
25 8585 10.74196 0.02857 0.84150 4.46476 43 0 3 20 28
1279 4835 10.99875 0.05521 0.59146 1.20853 81 0 5 73 43
5230 6759 11.88507 3.12304 0.87928 1.30746 125 0 0 119 78
1068 4364 11.00272 0.03437 0.42805 0.56786 88 5 5 83 66
8856 8910 10.38949 0.03636 0.53923 2.08657 141 1 1 141 96
3361 8501 10.24352 0.00476 0.26678 0.50280 79 4 7 70 53
3426 8620 11.04902 0.02550 0.20765 0.25023 72 7 12 66 51
981 4224 11.26091 0.41318 0.54227 2.59012 87 8 8 87 44
168 3467 10.54856 0.01504 0.41024 0.44762 120 0 6 108 92
5217 6790 11.76252 3.13150 11.34048 178.38869 5 0 0 1 2
5301 6767 11.10638 3.12139 11.85864 178.84090 9 0 0 9 5
532 3783 11.79261 0.01484 0.38688 0.14265 84 0 0 78 63
229 3516 11.83603 0.02063 0.58114 1.18399 45 0 2 39 25
5407 6672 11.61022 1.98239 0.77997 1.23923 49 0 1 47 23
105 3405 10.30328 0.02403 0.55259 1.09647 55 0 0 45 33
1250 7179 10.82512 3.00906 1.51730 0.34718 17 0 0 15 4
6134 7909 11.09334 3.13980 1.86076 0.54965 44 0 0 37 10
1538 6800 10.00986 3.13936 1.59391 1.78794 26 0 0 20 14
3233 8332 11.28283 0.19775 0.39427 1.86025 59 0 3 55 26
1250 7185 11.46706 2.97565 1.71316 0.39267 21 0 0 18 8
367 8881 11.25742 0.03415 0.59764 0.36691 234 0 12 229 203
8851 8903 10.87758 0.03191 0.46348 1.80059 95 1 3 92 59
7163 7227 11.30097 1.23672 0.35725 1.43477 66 4 4 63 45
1263 7139 11.60710 3.04318 1.42192 1.16028 21 0 0 15 10
1622 5377 10.00534 0.02559 0.56107 1.24207 18 1 2 13 9
1177 4562 11.54704 0.05295 0.44055 1.08246 127 6 4 125 117
3029 8133 10.50345 0.01303 0.65583 0.70721 50 0 2 33 28
1409 6925 10.24348 2.87217 0.58423 2.38212 90 0 1 80 44
2665 5613 10.83734 0.09575 0.04897 1.15012 131 23 18 129 97
1678 5403 10.94540 1.13851 1.03383 1.25117 39 0 0 37 27
5416 6678 11.92093 2.03890 0.85646 1.96044 47 0 0 43 19
2735 5688 10.25589 0.08270 0.54401 1.49043 27 0 4 21 11
1592 6749 10.57266 3.13709 0.88636 1.69720 50 0 0 42 21
1248 7191 10.42904 2.91139 1.65804 0.32385 30 0 0 26 12
1426 5071 11.44287 0.45463 0.57877 0.73329 113 3 0 103 82
192 8650 11.83438 0.01129 0.20423 0.76053 63 2 14 54 40
3047 8150 10.53539 0.03481 0.24984 1.19550 95 7 17 95 87
3469 8646 11.29900 0.00978 0.37571 0.59413 63 4 7 63 47
1213 4706 11.12573 0.09906 0.71728 2.51871 57 3 3 52 19
1099 4475 10.85715 0.05417 0.46790 0.24549 131 7 8 123 97
421 3656 11.26950 0.01192 0.28001 0.42244 318 26 54 318 296
662 3879 10.00162 0.02537 0.29713 0.37009 167 27 30 162 143
65 8585 10.74196 0.02857 0.68369 4.68375 37 0 1 26 26
869 4131 11.49482 0.00704 0.38835 0.42244 37 5 4 33 30
3261 8367 10.18055 0.90672 0.19175 1.18894 43 3 3 36 21
191 8676 10.85739 0.01627 0.34778 0.48779 61 2 11 54 41
537 3786 10.26905 0.01459 0.25515 0.40926 121 11 15 115 75
2942 6000 10.13712 1.02719 0.31263 0.97959 98 20 4 98 81
339 3582 11.07659 0.02189 0.47442 0.32865 209 5 11 209 190
4968 6996 11.42188 3.09670 10.71741 177.42960 39 0 0 18 16
2591 5585 11.46648 1.38067 0.38194 0.73382 98 5 2 98 49
976 4213 11.91001 0.44477 0.21100 2.25637 49 5 1 47 29
4910 7013 11.18828 2.99508 1.87196 1.82113 125 0 0 90 50
1655 6681 10.84117 1.78538 0.92329 1.22269 80 0 2 68 41
2958 8092 11.48210 0.04144 0.48434 1.20431 17 1 3 13 9
1132 4482 10.47787 0.07895 0.48679 0.27554 157 0 6 154 110
1408 5007 10.78992 0.08551 0.30783 0.96185 99 3 9 93 66
769 3981 10.28932 0.27680 0.58917 1.45428 30 0 2 24 20
1130 4476 11.33315 0.08089 0.37734 0.31898 156 14 40 146 114
2661 5639 10.78855 0.09797 0.41400 1.43368 148 0 16 135 124
1216 7187 11.86606 2.85067 1.35449 2.93091 69 0 0 56 22
4757 7150 10.35057 3.12753 1.67727 1.54155 13 0 0 13 6
3363 8531 10.02579 0.01563 0.19940 0.76923 117 7 19 110 89
1366 6980 11.22658 3.09564 13.53146 177.36745 159 0 0 131 75
322 8824 10.70421 0.05112 0.48115 0.26541 188 3 2 186 166
253 3533 10.07381 0.01522 0.38139 0.42796 104 10 7 104 84
1541 6820 11.95588 3.13107 19.42001 44.63142 8 0 0 2 3
3589 8857 11.26583 0.05082 0.95624 2.79876 123 2 0 123 71
1351 7022 10.63067 3.12180 1.59795 2.97730 109 0 0 103 53
1290 4812 10.21574 0.02344 0.43703 0.71873 60 1 8 50 31
7176 7230 11.12103 1.25418 0.24472 1.41941 58 6 2 58 40
2594 5597 11.45521 1.31962 0.74957 1.48938 53 0 1 48 37
2653 5634 11.79973 0.05114 0.41208 1.65375 55 2 4 49 35
3062 8165 11.55130 0.04840 0.34950 1.97734 94 12 13 82 72
4679 7225 11.35288 1.83809 1.25428 0.63858 67 0 0 65 40
4859 7081 11.68554 3.11619 9.12352 178.54357 27 0 0 16 14
3386 8531 10.75178 0.01039 0.26593 0.50358 61 5 10 61 42
1627 5326 11.75301 0.02710 0.36645 1.35248 41 0 1 37 23
6356 7620 10.42478 1.73005 0.65265 2.72390 108 0 0 104 59
4904 7044 11.76883 3.09693 1.75719 2.54745 48 0 0 42 23
1170 4608 11.71303 0.03794 0.52178 0.74965 52 1 0 42 34
1614 5367 10.98412 0.01304 0.46493 0.48939 50 1 6 46 25
3194 8343 11.41136 0.07426 0.64098 0.93083 53 1 2 51 33
3422 8616 11.77707 0.03243 0.36766 0.64346 28 1 0 23 20
7165 7229 11.66662 1.28931 0.22464 1.48411 53 5 4 49 34
914 4142 10.49397 0.00972 0.47727 0.73807 62 4 1 60 47
2901 5947 11.18402 0.03651 0.78953 2.29831 34 0 1 20 16
7162 7225 11.08314 1.16855 0.17222 0.85180 54 6 7 52 34
56 8547 11.75274 0.00574 2.12065 0.75537 65 0 0 65 55
5237 5295 11.24141 0.01397 0.22439 0.73807 24 2 2 20 17
2593 5582 11.56355 1.34431 0.62551 0.53449 107 1 4 105 57
6228 7812 11.51755 3.13286 0.42637 1.81876 59 1 4 44 39
3092 8196 11.34989 0.12846 0.43711 0.36691 22 0 1 17 14
755 4009 11.81708 0.12823 0.31218 1.85752 18 0 0 15 9
1224 4670 10.01207 0.05575 0.36977 0.60523 83 2 11 76 52
3605 8830 11.32970 0.06066 0.84871 3.40398 121 0 1 119 93
5382 6692 10.14992 2.20815 0.58792 0.93962 70 2 10 68 34
4758 7153 11.79342 3.11472 1.75026 1.62871 12 0 0 7 6
116 8583 10.99558 0.01661 0.55886 0.58684 23 1 0 23 18
1031 4314 10.09291 0.01767 0.23224 1.02679 124 14 17 120 97
3620 8883 11.31508 0.03541 1.14201 0.46981 210 0 0 210 181
3173 8280 11.97832 0.11593 0.61031 0.81661 46 0 2 44 27
4782 7130 10.77576 3.06593 1.96104 1.33472 42 0 0 29 24
1051 4371 10.37330 0.01401 0.35350 0.34035 135 7 22 133 108
991 4303 11.40733 0.34054 0.74301 0.26980 82 0 1 80 64
333 3578 10.01554 0.02137 0.55081 0.23239 334 2 2 331 305
