3393 4592 8.63680 3.13093 0.58291 3.33108 319 178 3 314 142 999 100.00000 0
3330 4619 8.45107 2.55059 0.16989 2.26019 192 181 6 185 144 1063 100.00000 0
926 4186 7.65440 1.12588 0.50871 3.34901 316 142 40 314 166 1104 100.00000 0
1795 4403 9.62318 0.65411 0.40697 2.37339 162 124 2 158 105 665 100.00000 0
990 4255 8.26395 0.01367 0.17543 0.80794 172 139 24 159 143 1097 100.00000 0
1018 4270 9.84797 0.00994 0.08261 0.71217 267 246 9 263 225 1186 100.00000 0
1790 4392 6.77667 0.99330 0.37711 2.98780 332 300 4 324 241 1172 100.00000 0
926 4208 8.89143 0.07418 0.31506 1.58684 175 73 38 175 134 823 100.00000 0
3354 4618 7.71462 3.06729 0.19088 2.62898 224 207 10 224 161 1118 100.00000 0
2010 4578 9.52399 1.08206 0.57171 2.78811 314 159 4 307 251 1069 100.00000 0
1018 4258 6.24401 0.01016 0.23661 0.61421 223 197 3 217 188 1209 100.00000 0
2007 4576 7.31160 0.89950 0.62637 2.42656 477 199 8 465 415 1447 100.00000 0
3404 4587 8.93723 2.71094 0.21084 2.82314 305 249 22 298 128 973 100.00000 0
1808 4398 6.01707 0.13994 0.17472 0.98516 502 466 17 499 460 1366 100.00000 0
911 4187 8.71515 1.69578 0.30528 3.04748 388 260 103 386 256 1133 100.00000 0
1798 4391 9.22083 0.49919 0.20163 1.60645 193 176 12 189 155 828 100.00000 0
1970 4557 7.56517 0.02216 0.98053 1.24616 287 1 0 283 251 1072 100.00000 0
1852 4443 7.87334 0.02589 0.58702 1.53544 159 62 4 155 102 965 100.00000 0
3390 4594 9.04622 3.13319 0.31441 2.30919 324 224 8 318 140 1052 100.00000 0
1872 4463 8.73272 0.01459 0.78279 0.68471 104 18 1 94 90 814 100.00000 0
3391 4580 9.07989 3.09882 0.72126 2.94091 409 66 1 409 235 1196 100.00000 0
994 4246 6.73397 0.01833 0.02933 1.02717 140 121 8 125 106 1249 100.00000 0
1956 4545 8.67988 0.03554 1.79559 0.80939 175 0 0 171 154 1008 100.00000 0
1041 4265 8.07885 1.08275 0.14477 1.28390 256 233 10 249 215 1124 100.00000 0
3386 4594 6.06026 3.09467 0.21142 2.16754 351 271 7 339 196 1188 100.00000 0
3371 4593 9.90338 3.11942 0.27345 3.81095 205 112 3 190 92 798 100.00000 0
944 4202 9.89513 0.17385 0.65805 3.49323 213 43 109 209 143 801 100.00000 0
1926 4505 6.04152 0.03401 1.64925 0.91472 129 0 0 122 114 1033 100.00000 0
3419 4580 8.79130 1.84973 0.49264 3.18125 283 117 16 276 125 1109 100.00000 0
2017 4573 9.84318 1.43066 0.66319 3.86026 314 98 7 310 197 1043 100.00000 0
919 4200 7.00792 0.57670 0.26601 3.47953 244 171 50 237 139 1089 100.00000 0
3327 4622 7.08679 2.38458 0.27551 3.52070 266 225 2 262 143 1258 100.00000 0
1787 4400 9.73048 1.13933 0.78467 4.56737 135 69 1 127 56 620 100.00000 0
3389 4581 9.27101 3.11130 0.72214 3.60098 321 27 0 317 173 1016 100.00000 0
1883 4473 8.02747 0.03275 0.85368 1.24270 199 17 0 193 172 980 100.00000 0
1936 4526 9.36030 0.06969 1.73938 1.48464 186 0 0 180 157 1005 100.00000 0
1033 4262 7.81768 0.58892 0.13744 1.34407 237 221 12 229 200 1172 100.00000 0
937 4195 9.20934 0.54870 0.64760 3.95894 117 53 35 111 43 663 100.00000 0
1856 4435 8.01529 0.01735 0.55477 0.72632 170 79 4 166 140 924 100.00000 0
1902 4480 7.54356 0.01624 1.17544 0.96469 277 4 0 271 260 1044 100.00000 0
1792 4401 8.75140 0.84427 0.44366 3.90966 179 101 1 170 75 703 100.00000 0
2002 4562 9.57504 0.59328 0.75627 0.48133 203 37 4 201 172 827 100.00000 0
1878 4467 6.34250 0.02346 0.97301 1.05906 131 9 0 127 105 903 100.00000 0
1023 4260 6.00390 0.10232 0.16900 1.37771 228 216 7 226 187 1140 100.00000 0
1015 4267 7.28971 0.02114 0.06883 0.96022 348 337 7 344 298 1203 100.00000 0
1814 4401 6.74383 0.04040 0.29726 1.60912 339 308 16 332 251 1086 100.00000 0
3400 4587 6.74993 2.91608 0.48910 2.89042 406 314 14 398 153 1232 100.00000 0
1005 4252 6.68963 0.02058 0.22505 0.89307 126 95 11 122 88 1235 100.00000 0
1781 4392 8.77306 1.45055 0.39489 2.95923 267 205 3 259 207 918 100.00000 0
3408 4586 9.63542 2.48596 0.27758 3.26207 216 157 19 210 107 812 100.00000 0
968 4227 6.51022 0.01385 0.25213 0.80842 329 239 20 319 239 1283 100.00000 0
925 4187 6.61564 1.09460 0.43993 3.59989 388 265 44 388 218 1248 100.00000 0
1855 4446 7.99869 0.01809 0.58720 1.10074 231 104 3 229 204 1084 100.00000 0
3418 4579 7.33930 1.89571 0.50509 3.09920 335 151 24 326 161 1295 100.00000 0
914 4193 6.58960 1.21734 0.07124 3.24787 448 371 58 440 359 1448 100.00000 0
939 4217 8.20233 0.03258 0.38429 2.10636 197 67 20 190 147 972 100.00000 0
948 4225 9.81477 0.02302 0.06728 1.23321 280 214 65 272 256 1030 100.00000 0
3367 4609 7.66308 3.13376 0.34088 2.60354 236 160 25 229 167 935 100.00000 0
971 4228 8.17248 0.02207 0.20802 1.30955 228 150 26 221 187 1012 100.00000 0
1831 4425 9.10926 0.01157 0.43332 0.58417 165 95 5 155 138 775 100.00000 0
2007 4564 9.73132 0.91440 0.71988 0.31652 231 45 3 229 202 942 100.00000 0
1935 4524 8.04320 0.05981 1.76129 0.92026 216 0 0 207 192 1129 100.00000 0
1851 4443 9.15835 0.02602 0.58328 1.53799 119 58 1 119 74 828 100.00000 0
1793 4399 6.00344 0.78588 0.85266 3.65045 304 230 2 296 154 985 100.00000 0
1819 4402 9.86900 0.03035 0.26690 1.63159 236 212 15 222 174 791 100.00000 0
1788 4390 8.74723 1.11374 0.35727 2.58104 376 327 6 365 277 1125 100.00000 0
1858 4449 8.09412 0.01987 0.42735 1.21466 206 121 7 202 178 1079 100.00000 0
1840 4433 9.45259 0.02093 0.42110 1.20626 182 116 6 182 140 961 100.00000 0
934 4194 7.59066 0.62320 0.39092 3.98330 197 88 29 191 116 884 100.00000 0
3423 4576 9.88284 1.69860 0.61619 2.68278 329 87 17 327 180 1075 100.00000 0
1995 4573 8.19874 0.21738 0.64117 2.59525 431 160 5 429 352 1240 100.00000 0
3354 4606 8.88241 3.13175 0.27237 3.16929 213 172 12 205 167 914 100.00000 0
3382 4597 6.40598 3.10732 0.32997 2.19089 352 299 12 344 220 1038 100.00000 0
974 4232 6.10083 0.03126 0.32678 1.82842 253 140 39 246 193 1048 100.00000 0
936 4196 7.78759 0.49680 0.32132 4.09366 164 97 30 155 100 773 100.00000 0
2011 4573 6.07904 1.15545 0.65307 2.47211 527 147 7 521 441 1662 100.00000 0
1959 4547 7.67616 0.02764 1.85313 0.94045 237 0 0 233 210 1023 100.00000 0
1023 4258 8.65107 0.10089 0.09258 1.39522 160 153 4 158 124 856 100.00000 0
3335 4626 6.56665 2.67682 0.15605 2.28585 429 413 9 427 350 1426 100.00000 0
1026 4261 6.09413 0.21550 0.10407 1.78443 282 271 5 280 241 1069 100.00000 0
1016 4256 7.89549 0.01253 0.19793 0.61739 253 223 19 245 219 1196 100.00000 0
1046 4271 8.11782 1.35420 0.20731 1.24175 328 271 33 321 247 1550 100.00000 0
1039 4265 7.00785 0.96238 0.12610 1.02029 353 319 19 351 287 1384 100.00000 0
3375 4591 8.66969 3.13325 0.22619 4.14009 261 143 1 250 127 874 100.00000 0
1827 4422 9.40476 0.02070 0.39206 1.18630 136 88 5 130 110 838 100.00000 0
1829 4424 9.95509 0.01351 0.28602 0.73595 117 93 2 115 99 780 100.00000 0
1888 4479 9.75092 0.04263 0.81535 0.83837 128 5 1 123 107 1024 100.00000 0
3335 4627 7.67409 2.66416 0.21542 2.48931 303 283 7 294 255 1332 100.00000 0
943 4202 9.04345 0.17894 0.66149 3.69183 190 62 98 187 124 908 100.00000 0
1856 4447 8.02473 0.01967 0.60319 1.17069 254 103 2 252 233 1151 100.00000 0
3401 4586 6.05246 2.86927 0.29560 2.74038 358 289 21 356 134 1271 100.00000 0
916 4201 9.49743 0.66602 0.22387 3.34761 224 175 31 218 136 904 100.00000 0
1046 4270 8.08110 1.35133 0.31401 1.14944 346 260 19 340 266 1710 100.00000 0
954 4214 8.10170 0.04030 0.13976 1.84016 205 143 50 203 137 943 100.00000 0
1861 4439 9.37518 0.01645 0.73629 0.44235 122 28 3 118 93 939 100.00000 0
3386 4583 9.07816 nan 0.36640 3.50140 250 49 1 242 89 1017 100.00000 0
1956 4546 9.95003 0.03716 1.83809 0.76821 137 0 0 133 115 1044 100.00000 0
1994 4572 7.50478 0.18450 0.65089 2.73538 457 145 3 455 347 1254 100.00000 0
3321 4625 8.14923 2.13390 0.47344 3.47874 318 236 1 316 225 1186 100.00000 0
928 4184 9.85223 1.18950 0.47644 3.27967 223 62 35 219 140 835 100.00000 0
1819 4414 6.63890 0.03547 0.31846 2.01557 233 194 12 222 159 996 100.00000 0
3367 4598 7.41095 3.12831 0.11450 3.64314 291 244 36 281 196 922 100.00000 0
1785 4395 7.05951 1.26720 0.44712 3.22974 362 276 5 360 268 1068 100.00000 0
927 4186 8.12511 1.10922 0.47547 3.33507 343 118 46 331 178 1108 100.00000 0
1964 4539 9.07427 0.02637 1.76823 1.14192 119 0 0 116 106 885 100.00000 0
1970 4558 8.84842 0.01905 1.04196 1.07556 188 0 0 176 168 908 100.00000 0
3353 4608 7.20771 3.12426 0.22532 2.83131 332 259 7 322 273 1117 100.00000 0
3389 4583 6.81935 3.11072 0.79529 3.92056 319 35 0 317 130 1116 100.00000 0
3422 4577 9.28802 1.73045 0.56023 2.13130 326 127 14 317 227 1188 100.00000 0
1965 4541 7.62324 0.02334 1.57940 1.05202 95 0 0 83 73 870 100.00000 0
3337 4627 8.41110 2.73720 0.19540 2.39048 294 267 15 290 237 1242 100.00000 0
3393 4579 8.91565 3.09203 0.49421 2.08018 409 108 2 403 311 1156 100.00000 0
1932 4521 8.11285 0.06157 1.82366 1.02832 154 0 0 145 129 995 100.00000 0
3360 4603 7.58014 3.13355 0.20577 3.40513 210 165 24 188 157 891 100.00000 0
2011 4568 7.80780 1.16306 0.78721 2.02139 506 45 15 502 457 1501 100.00000 0
1999 4562 7.92436 0.41242 0.72370 0.85409 250 32 3 248 225 907 100.00000 0
1787 4393 6.72759 1.16362 0.51116 3.43365 316 218 0 312 205 1126 100.00000 0
3346 4622 7.04455 3.00293 0.17496 2.70052 257 236 3 251 170 1217 100.00000 0
1860 4451 8.17576 0.01339 0.53019 0.82851 206 94 5 202 178 1081 100.00000 0
3330 4628 7.79198 2.43891 0.13587 2.59299 306 293 8 298 223 1282 100.00000 0
3328 4622 6.70025 2.42655 0.19554 3.17595 334 305 4 328 223 1319 100.00000 0
1789 4397 6.34986 1.03901 0.50261 3.54950 401 253 7 391 225 1222 100.00000 0
945 4222 8.89345 0.01784 0.13257 0.92196 147 104 30 143 115 935 100.00000 0
1043 4266 8.23078 1.19554 0.21294 1.55520 270 223 5 261 215 1268 100.00000 0
1788 4391 7.82780 1.10946 0.37470 2.89962 335 289 2 325 236 1110 100.00000 0
920 4185 6.82486 1.36228 0.46976 3.60858 397 370 16 387 213 1256 100.00000 0
1853 4445 9.27128 0.02284 0.74241 1.41222 136 31 1 136 114 930 100.00000 0
929 4188 7.96328 0.97924 0.16864 3.91637 305 110 30 301 182 1039 100.00000 0
1784 4393 7.59158 1.32221 0.50383 3.34936 309 233 1 301 226 1086 100.00000 0
1898 4475 9.08695 0.01274 1.17390 0.88293 88 0 2 80 72 848 100.00000 0
909 4192 9.26094 1.51882 0.12857 2.79120 312 218 56 308 244 1093 100.00000 0
999 4260 7.84470 0.01503 0.28971 0.88204 196 154 13 180 170 1084 100.00000 0
1815 4411 6.15748 0.01660 0.15884 0.33920 378 355 8 370 336 1272 100.00000 0
928 4189 6.80120 0.94094 0.23231 3.84654 301 108 8 287 212 1139 100.00000 0
1814 4411 7.02969 0.02403 0.14989 0.46140 320 306 3 320 293 1115 100.00000 0
931 4211 8.16010 0.04754 0.40799 3.06145 268 77 6 262 225 1111 100.00000 0
3392 4581 7.16500 3.09599 0.61914 3.04208 434 80 0 430 251 1271 100.00000 0
1780 4395 8.60506 1.47993 0.36231 3.01844 208 145 1 191 161 809 100.00000 0
930 4212 9.85472 0.04718 0.43014 3.05992 247 60 7 242 190 956 100.00000 0
913 4185 8.51262 1.69415 0.34759 3.24293 400 329 43 392 256 1265 100.00000 0
1994 4559 9.00022 0.18789 0.81826 1.04005 210 14 2 201 173 871 100.00000 0
921 4184 7.57744 1.36756 0.48057 3.38125 389 315 19 373 245 1191 100.00000 0
1033 4261 9.12640 0.58847 0.12751 1.32412 133 122 7 129 100 806 100.00000 0
3407 4585 7.82524 2.54112 0.13062 2.88731 308 275 11 287 161 1027 100.00000 0
3382 4598 7.62364 3.10383 0.57336 2.36381 279 203 9 265 148 940 100.00000 0
1952 4540 7.06679 0.04302 1.89618 0.88160 292 0 0 286 245 1245 100.00000 0
1840 4421 6.66566 0.02853 0.48923 1.65019 250 152 5 246 193 906 100.00000 0
1997 4561 8.09145 0.30877 0.75456 1.07956 247 36 3 245 218 982 100.00000 0
1840 4420 8.01377 0.03008 0.43115 1.73370 236 155 6 234 173 834 100.00000 0
939 4201 6.54357 0.22579 0.34418 3.78020 226 57 79 220 139 931 100.00000 0
1923 4512 8.22709 0.06081 1.64981 0.92957 103 0 0 99 79 893 100.00000 0
931 4189 8.60964 0.92168 0.37818 3.99135 214 62 9 202 143 830 100.00000 0
1822 4405 8.63956 0.01569 0.24161 1.05684 262 204 10 246 216 963 100.00000 0
3401 4588 8.59101 2.87597 0.34318 2.83255 280 246 19 265 101 955 100.00000 0
950 4212 6.43230 0.05046 0.25991 2.68307 187 81 96 183 139 947 100.00000 0
1813 4412 9.25439 0.03878 0.23550 1.17703 243 216 5 235 220 977 100.00000 0
915 4183 8.79345 1.69274 0.40096 3.55479 382 354 11 380 224 1221 100.00000 0
3418 4571 8.61646 1.87881 0.56506 1.42217 390 156 18 388 333 1362 100.00000 0
3403 4588 9.66563 2.77904 0.24459 2.79204 250 210 15 246 123 878 100.00000 0
1893 4470 9.39407 0.01889 1.31115 1.03665 120 0 0 114 105 861 100.00000 0
1996 4562 6.26575 0.26344 0.71807 0.89787 327 56 5 325 286 1137 100.00000 0
1790 4389 9.75147 0.99914 0.41960 1.99410 266 224 2 255 218 998 100.00000 0
1936 4525 8.02007 0.05996 1.78953 1.20561 215 0 0 213 194 1067 100.00000 0
948 4210 6.52849 0.05342 0.33704 2.90785 287 115 118 285 239 1101 100.00000 0
3404 4573 9.16227 2.70452 0.56240 0.33920 232 105 13 225 169 969 100.00000 0
923 4182 9.16431 1.39153 0.41574 3.49200 299 251 37 293 148 1041 100.00000 0
1847 4427 7.13885 0.00997 0.38752 0.48939 217 148 7 213 191 987 100.00000 0
918 4183 8.14197 1.54837 0.48784 3.89008 374 350 14 370 231 1203 100.00000 0
968 4226 7.73177 0.01090 0.15059 0.62558 314 248 30 304 241 1207 100.00000 0
1951 4540 8.29974 0.04683 1.76317 0.87670 221 0 0 217 190 1014 100.00000 0
3372 4595 6.50677 3.13140 0.17250 3.00570 307 243 6 305 203 1056 100.00000 0
1980 4566 9.59101 0.02759 0.81073 1.52777 187 5 2 183 147 693 100.00000 0
1795 4401 7.15068 0.65362 0.84670 3.25052 211 139 3 200 111 723 100.00000 0
3353 4619 8.18962 3.05121 0.23244 2.63121 212 175 25 204 129 1179 100.00000 0
913 4191 6.99617 1.38430 0.09089 3.43764 528 389 120 524 377 1523 100.00000 0
1043 4269 6.36696 1.19630 0.18365 1.36114 375 298 22 361 245 1689 100.00000 0
3348 4612 6.04961 3.11418 0.19064 2.87753 283 259 1 276 227 1126 100.00000 0
1850 4430 6.90954 0.01424 0.66063 0.69774 228 71 6 226 198 986 100.00000 0
3389 4582 8.03116 3.11126 0.87928 3.83645 288 31 0 284 129 1035 100.00000 0
1836 4418 6.02857 0.02093 0.29360 1.20820 334 275 7 330 297 1110 100.00000 0
925 4204 6.12473 0.18655 0.47720 2.46863 316 112 111 316 158 1213 100.00000 0
3352 4620 8.69441 3.04170 0.20057 2.58528 169 155 6 161 133 1009 100.00000 0
1808 4396 8.72400 0.14962 0.26590 0.73329 211 185 15 207 180 860 100.00000 0
982 4236 8.82297 0.01969 0.14551 1.13952 160 106 23 156 101 975 100.00000 0
1017 4269 8.98966 0.01358 0.13168 0.83837 233 211 10 231 202 1165 100.00000 0
3393 4593 9.87508 3.13648 0.69401 3.25678 269 115 2 263 152 910 100.00000 0
976 4233 6.80011 0.03551 0.48269 2.04086 218 114 18 206 166 1126 100.00000 0
1997 4574 8.37967 0.29944 0.63982 2.59239 426 171 6 426 333 1396 100.00000 0
