578 5020 11.43621 3.12303 1.45391 1.16399 4 0 0 4 2
136 5376 11.92129 3.12279 14.12928 63.87679 6 0 0 4 3
92 159 10.90026 0.22630 6.05134 6.96379 30 0 0 27 18
788 3842 10.74027 3.10179 2.20658 2.66682 15 0 0 9 2
3639 4606 10.30963 0.03521 0.35462 1.15961 57 50 5 51 37
644 4962 10.71149 3.05329 1.14573 1.81704 33 3 1 29 13
243 1953 11.63800 0.24712 0.63195 0.50358 50 37 8 41 27
3712 4655 11.93130 0.31879 0.38091 1.21820 21 16 3 16 12
2004 5259 11.67707 2.98746 12.27618 171.16887 12 4 1 2 3
2145 5124 10.08740 2.92687 1.08022 1.34319 17 6 5 7 7
1550 3198 11.41989 0.02848 0.63578 0.71052 52 39 12 52 31
2533 4712 11.80353 3.12994 1.34088 2.16284 35 0 0 28 14
833 2494 10.30965 0.05381 0.45512 0.23903 54 39 5 33 23
1007 2700 10.46347 0.00817 0.54933 0.36369 44 39 1 38 26
615 4004 10.56244 3.14075 1.66454 1.34872 21 0 0 17 9
1661 3312 11.31256 0.10250 0.42023 1.02336 27 23 1 18 18
403 2100 11.47804 0.09983 0.69118 1.77740 18 9 2 11 8
1534 3208 11.67620 0.03358 0.29366 0.45284 29 23 5 25 17
589 2288 10.95919 0.02587 0.28373 1.30536 56 48 2 44 31
550 5029 10.41016 3.09732 1.33062 3.54873 19 3 2 6 5
842 3783 11.93545 3.09398 1.47652 1.61447 17 0 0 14 8
2390 4890 11.60265 3.13811 3.38635 3.28193 13 2 0 5 3
743 4861 10.88555 3.13681 0.46899 1.67631 16 12 2 11 4
2261 4049 11.76058 3.13964 2.09571 0.67666 23 0 0 21 7
3813 4777 10.23002 0.03804 0.41788 0.05595 60 55 5 56 36
654 4922 10.28362 2.40536 1.77230 2.34518 61 2 2 61 40
582 2262 11.35520 0.02476 0.42434 0.73008 37 32 3 27 17
446 5121 10.31008 2.89163 0.85545 3.19953 10 3 1 5 3
2044 5244 10.66355 3.06308 0.71748 1.57768 33 9 14 18 8
1946 5329 11.74434 2.73203 0.84823 1.06238 22 9 3 17 15
976 2666 10.07307 0.03653 0.61680 0.27976 22 17 3 19 12
2489 4763 11.74640 3.07237 1.42108 1.85583 16 0 1 13 3
2104 5181 10.10429 3.05098 0.86237 1.48701 11 2 4 4 2
895 3724 11.70746 3.12927 1.12762 2.73165 18 4 1 12 7
438 2153 11.04805 0.07786 0.43825 0.54249 20 15 5 15 8
1000 2693 10.87926 0.02734 0.60824 1.13263 43 35 6 38 21
2282 4025 11.86480 3.13588 2.26057 1.63327 44 0 0 34 11
560 2244 10.34940 0.03513 0.34085 0.73860 51 39 9 37 19
675 3936 10.04436 2.55379 1.52714 2.62793 15 2 0 13 5
709 2368 10.67656 0.21330 0.30395 0.64163 29 24 2 24 11
2515 4752 11.43473 3.11735 1.49840 2.78783 10 1 4 8 4
3708 4652 11.12419 0.34071 0.68549 1.37145 33 29 3 26 13
356 2078 11.90709 0.05991 0.72937 0.80842 24 15 2 7 4
569 5026 10.00868 3.08333 1.11172 1.57296 9 0 2 6 4
674 2373 11.86279 0.45703 0.59190 1.09361 26 17 6 16 14
678 3930 11.71887 2.60869 1.26245 2.61808 20 2 0 17 7
2382 3936 10.91116 3.11171 7.64920 9.78307 14 0 0 3 4
925 2581 11.68842 0.04156 0.57028 1.45616 23 21 1 21 7
2572 4686 10.71264 3.08337 9.88076 17.99096 6 0 0 6 1
97 5378 11.99398 3.12519 6.48553 6.73289 17 0 0 12 12
1947 5320 11.05873 2.74457 1.27560 1.78246 17 0 2 10 8
610 4970 11.35571 3.12428 1.88124 2.31156 26 2 1 26 19
2340 3950 11.63911 2.28591 0.82294 1.96463 31 2 6 27 16
4168 5099 11.64545 0.61028 0.40848 1.54560 42 23 5 36 21
4058 5007 10.84930 0.01445 0.27601 0.27554 31 26 4 22 17
2174 5107 10.02640 3.08997 1.01342 1.73911 34 11 4 26 14
544 4094 10.20710 3.12869 1.29015 3.42737 19 2 0 17 6
437 5144 11.77698 3.00304 0.62526 2.99526 11 5 1 3 6
2493 4778 11.12138 3.11368 1.20829 2.22405 22 7 3 12 12
2427 3891 11.61145 3.12966 1.89597 1.94058 53 18 2 49 17
2355 3931 11.53232 2.54781 1.29983 1.37002 13 2 0 9 6
650 3998 11.78803 2.91330 1.07142 2.57451 15 1 0 12 3
1680 3388 11.48121 0.97328 0.87612 1.92234 64 20 11 60 31
841 3785 11.07551 3.09259 1.14157 1.23891 19 1 0 19 6
2172 5113 11.52031 3.11062 1.02247 0.86411 31 4 4 24 10
2250 4062 11.78848 3.13045 1.71052 1.52521 16 0 0 9 6
2526 3783 10.31615 3.13565 0.78444 1.90495 20 17 0 17 14
778 2458 10.79463 0.02716 0.33102 0.32385 32 25 7 24 16
3596 4535 10.11508 0.09803 0.23722 1.03892 47 44 3 43 31
429 5150 10.65522 3.00195 1.07968 1.49985 17 2 0 8 5
2182 5092 11.76291 3.12019 0.96528 2.33481 31 3 3 25 12
2076 5190 11.97962 3.03250 16.60435 173.74919 8 0 0 2 4
4171 5108 11.75264 0.77976 0.65182 1.86865 49 25 0 45 31
2416 3900 10.24818 3.13990 0.65966 4.32155 15 6 0 8 7
3596 4561 10.82686 0.02832 0.42014 1.62582 44 36 8 42 20
663 4948 11.21786 2.65241 0.53093 3.22513 17 1 1 9 1
196 5351 11.16528 3.07223 1.19820 1.42711 25 8 2 15 9
1638 3280 11.84708 0.02932 0.87108 0.42613 39 25 12 31 24
2234 4100 10.59321 3.11914 1.11042 3.77429 9 0 3 4 2
3714 4658 11.05753 0.25151 0.62372 1.13194 27 23 0 21 15
1453 3101 10.51488 0.01896 0.17425 0.53522 25 15 7 17 9
613 4006 10.80174 3.13620 2.25526 2.42495 10 1 0 5 2
459 2172 10.93767 0.20373 0.52367 0.50046 35 29 4 35 17
674 3972 10.94729 2.84530 0.85948 2.12394 20 7 1 16 9
587 2287 11.72779 0.02617 0.39360 0.62870 35 28 3 27 20
206 1926 11.39087 0.56721 1.05645 0.72632 90 70 16 84 30
3876 4847 11.90419 0.00792 0.73158 0.37949 66 46 4 55 35
940 4629 11.60252 2.19801 0.75213 1.19779 62 50 11 49 34
531 2236 10.44393 0.01136 0.41902 1.08173 35 29 5 28 19
2332 4928 10.44883 2.51728 1.20169 2.22686 43 2 3 33 26
617 2316 10.64289 0.00780 0.87452 0.45970 29 16 0 27 14
4128 5070 11.75155 0.05453 0.21809 1.10110 22 18 4 20 13
4115 5059 11.25828 0.00781 0.27515 0.45024 18 15 3 14 10
2490 3826 10.80704 3.12297 1.44201 2.06090 20 9 2 13 8
687 2341 11.94929 0.71080 0.37819 1.12779 27 22 3 20 13
2070 5218 10.22833 3.08474 2.55415 1.77630 20 3 1 7 2
942 4632 11.85576 2.23617 0.45267 0.95777 53 46 5 39 25
461 4174 11.06802 2.00171 1.06096 1.75167 46 9 16 42 16
4071 5039 11.58759 0.05218 0.56715 0.83181 23 17 1 21 15
697 4909 11.46042 3.11627 0.78973 3.14398 12 6 0 7 6
592 4028 10.66870 3.12096 1.85792 1.86907 41 2 0 38 17
1553 3201 11.06317 0.02811 0.64044 0.99544 32 25 1 26 19
4153 5107 11.61201 0.35407 0.43014 0.65132 51 45 5 49 30
566 5013 10.95632 3.09711 1.20166 1.39914 28 4 3 19 12
677 2374 11.17772 0.39846 0.52609 0.57130 25 19 4 16 10
2430 4847 10.06805 3.12970 0.82743 1.76702 67 19 11 59 14
1021 2697 10.74601 0.00637 0.55263 0.63919 37 32 1 34 23
762 4843 10.68134 3.12868 0.85494 1.82842 48 32 12 42 14
697 3948 11.22365 3.10169 0.88878 3.13463 10 6 0 8 5
347 2069 10.25467 0.05346 0.82109 0.50046 21 11 2 13 12
639 2343 11.23128 0.59822 0.83090 1.53391 41 20 8 36 18
2577 3702 11.56777 2.89834 1.14700 1.56548 12 1 0 12 7
757 2420 10.30308 0.00808 0.40078 0.38563 69 51 17 62 29
761 4824 11.60918 3.12781 3.32243 3.32343 57 1 33 49 28
310 2037 11.00547 0.08125 0.78869 0.58950 25 15 1 17 15
1431 3074 11.13807 0.30732 0.54328 1.48200 11 7 1 9 4
905 4667 10.86729 3.05894 2.22126 2.80561 12 0 2 7 3
137 5378 11.90650 3.09767 0.77369 0.64285 16 10 5 13 5
4047 4996 11.62425 0.02259 0.66685 1.26733 36 34 1 30 16
2135 5132 10.26642 3.00705 1.33793 0.44057 35 1 0 33 18
2277 4031 11.83600 3.13328 2.00300 2.04603 33 0 0 22 16
468 4159 11.03084 2.53441 1.04947 1.30985 52 11 21 41 13
1480 3131 11.43637 0.03320 0.33386 0.68756 54 47 5 50 30
2214 4103 10.80985 3.08739 2.13252 3.43786 13 0 0 10 7
4160 5108 10.66491 0.48043 0.57652 1.04042 59 43 2 57 35
3718 4684 10.02011 0.03842 0.50975 0.84395 40 37 1 28 29
634 4945 11.14350 2.87061 1.42115 2.61644 14 6 5 12 3
788 4816 10.05842 3.11728 0.71902 2.59646 24 14 4 20 8
8 159 10.90026 0.22630 5.98387 6.76614 24 0 0 18 11
486 5098 10.34994 3.03570 0.35405 2.03067 26 16 10 22 7
2177 5097 11.62230 3.06622 1.29877 1.97199 39 2 1 36 17
494 4157 11.60848 2.97025 0.63826 2.16229 11 5 0 8 4
2357 4893 10.46996 2.60736 1.26197 0.98992 20 1 1 20 11
1613 3255 11.98887 0.02737 0.42975 0.73329 55 42 8 53 29
734 3888 11.81277 3.12974 1.29539 1.68980 24 3 4 20 6
257 5284 11.46593 2.95364 1.45231 0.59281 21 1 0 16 7
692 2349 10.51250 0.52118 0.29683 1.21305 29 20 6 21 9
2563 3720 11.41264 3.13139 1.25184 1.86572 24 4 1 22 13
824 3804 11.44454 3.07048 1.41688 2.24681 28 0 0 22 12
2182 4176 10.18623 2.29928 0.52678 1.79035 45 23 7 39 18
3705 4674 11.76040 0.23167 0.49834 1.00327 20 18 1 18 12
2195 4152 11.36919 3.03954 0.93171 1.83206 5 3 0 3 1
940 4638 10.44231 2.35295 0.53250 1.49515 32 27 5 26 12
634 3981 11.78940 2.81591 1.59772 2.53744 23 0 0 21 14
1 161 11.92404 0.22584 5.66812 6.69861 19 0 0 16 10
1457 3136 11.46753 0.06903 0.60800 0.92577 35 31 4 35 20
2541 3748 10.85111 3.07535 1.17683 1.63446 31 6 0 31 17
906 4666 10.64531 3.03913 1.05653 3.72068 19 1 2 15 8
1626 3269 10.47484 0.02782 0.90651 0.47064 58 38 18 55 31
2422 4856 10.96830 3.13239 1.12733 1.69766 30 6 6 18 9
153 5375 11.47355 2.95406 0.98248 1.49698 6 2 0 6 4
670 2369 11.19629 0.49906 0.37792 1.01683 46 37 6 39 27
3733 4679 10.39465 0.03934 0.30737 1.36458 22 17 1 14 10
1396 3081 11.00135 0.55455 0.51879 0.39860 53 39 11 49 29
3958 4939 10.66157 0.69696 0.42066 0.51282 63 59 4 59 34
2529 3762 10.92583 3.09764 1.39050 2.21876 35 4 1 28 15
796 4809 11.59035 3.10642 0.57375 2.04258 23 17 4 19 9
461 4184 11.81846 1.68117 0.50436 2.16447 35 13 4 30 12
541 2226 11.49723 0.02005 0.41481 0.50513 15 12 1 10 7
802 4802 10.86504 3.10626 0.27396 1.28298 29 9 17 24 11
700 3945 11.49248 3.11606 0.74563 2.01169 6 3 1 6 3
3652 4597 10.41791 0.03204 0.69482 1.69350 68 66 1 58 25
1295 2970 11.17072 0.01139 0.40430 0.41684 34 29 3 27 18
179 5351 10.79003 3.06699 3.18571 2.02603 20 3 5 9 0
1054 2731 11.99553 0.00913 0.52984 0.96874 29 21 3 26 15
3658 4603 10.67150 0.02717 0.37640 0.80015 65 63 2 58 42
400 2118 10.44191 0.16050 0.49800 0.29074 54 43 11 50 29
2347 4944 11.84810 2.67898 0.84783 2.07132 13 0 1 9 5
2308 4957 11.53459 3.08270 0.98971 2.13991 29 10 1 17 6
1053 2731 10.83645 0.01043 0.62842 1.09002 46 35 5 42 24
887 3752 10.21932 3.08382 0.43705 1.93593 34 28 3 21 17
1477 3128 11.03882 0.01932 0.42481 0.23407 48 33 14 42 21
313 5258 10.32121 3.10810 22.82282 178.08092 11 0 1 3 3
3677 4623 10.12217 0.15192 0.22402 1.12466 90 85 3 83 58
2572 4687 11.84642 3.08366 1.26937 2.53327 6 1 0 2 2
314 2018 10.77043 0.08374 0.20684 0.67144 35 29 3 31 18
817 4786 11.00763 3.09832 0.55967 1.45023 45 28 9 30 14
1949 5317 10.78087 2.75912 1.39562 1.73416 37 1 0 35 22
1389 3031 11.51288 0.55584 0.46962 0.67027 110 81 16 102 74
5426 5536 10.62562 0.00675 0.46527 0.65192 55 40 5 51 34
723 3920 11.65564 3.13268 1.63050 2.37833 13 4 3 8 4
1285 2934 11.92193 0.01450 0.73941 0.53082 59 35 15 54 27
600 2277 11.91047 0.01061 0.67303 1.04493 49 43 2 44 33
618 2292 11.68035 0.01462 0.53950 2.46244 28 19 3 24 14
224 1937 11.76984 0.37191 0.57048 0.17246 50 35 13 47 28
270 5294 10.66483 3.11474 1.14990 0.56371 16 4 1 14 10
944 3672 11.28042 2.26879 0.33180 1.49200 74 57 9 65 26
656 4955 11.70043 2.78651 0.48911 2.59193 17 8 5 12 5
667 4904 11.18733 2.38016 0.87970 1.95204 17 2 0 17 5
2438 3861 11.49946 3.13012 3.67986 2.92101 41 0 6 23 12
2043 5246 11.85717 3.05463 0.60086 1.29028 31 12 10 26 10
409 2105 11.49739 0.10281 0.53048 0.36262 29 23 5 23 14
684 2338 11.82251 0.76163 0.35923 0.90092 35 21 12 33 21
1993 5270 11.50930 2.92640 13.13588 167.67075 12 4 0 9 4
1439 3119 11.31318 0.05056 0.24248 0.46981 20 16 4 15 9
539 4100 11.09622 3.12502 1.45980 3.88333 15 1 1 10 3
2353 4932 10.61107 2.91770 0.36427 1.90967 15 9 1 12 6
677 3969 11.13485 2.89401 1.45430 2.23458 14 3 1 12 5
3651 4621 11.06482 0.03315 0.62442 1.84674 38 26 6 26 11
590 4992 10.14524 3.12284 1.18418 2.36546 31 12 7 18 10
