2875 6465 11.37997 3.13401 1.00446 1.75680 33 12 1 28 17 184 100.00000 0
2281 4641 10.33926 2.17209 1.08179 0.74230 27 11 7 21 13 256 100.00000 0
727 2364 11.59337 0.01602 0.79621 1.51284 19 7 3 2 5 134 100.00000 0
664 2303 10.00971 0.01206 0.40949 0.60845 27 24 2 27 21 194 100.00000 0
1535 5211 10.40192 0.02752 0.51886 1.18729 86 68 15 83 46 381 100.00000 0
4453 6880 11.50391 0.01357 0.17624 0.30390 38 25 13 35 13 249 100.00000 0
363 7274 10.14497 2.99480 1.25143 1.17036 34 4 5 29 11 200 100.00000 0
5274 5634 10.73340 0.01224 0.41975 0.63242 47 38 8 41 22 335 100.00000 0
2235 7066 11.45802 3.01571 1.64107 1.34785 13 0 2 11 6 90 100.00000 0
1167 6557 11.46000 2.50050 1.10281 1.05869 29 12 8 22 12 175 100.00000 0
5165 5374 10.50349 0.00224 0.38142 0.12195 72 65 7 70 49 400 100.00000 0
179 7384 11.50242 3.05583 1.05131 0.70165 15 5 4 4 4 66 100.00000 0
3268 5988 10.64540 2.47694 1.62621 1.29210 34 2 0 25 18 191 100.00000 0
5394 5637 11.98348 0.01338 0.35414 0.81901 48 37 9 46 22 301 100.00000 0
1155 4078 10.09015 2.79338 1.36927 1.81380 25 12 5 10 6 151 100.00000 0
436 7203 10.11910 3.05139 1.57700 1.52726 32 0 0 30 7 315 100.00000 0
5161 5355 11.49891 0.00378 0.51094 0.57743 61 51 4 49 30 323 100.00000 0
875 4355 11.16602 3.04880 1.18619 1.31045 12 1 1 6 3 89 100.00000 0
2269 4611 10.62775 2.69751 0.35746 0.51510 58 32 25 50 14 364 100.00000 0
1016 2660 11.94728 0.06784 0.54137 0.73061 23 17 5 19 14 152 100.00000 0
5313 5636 11.48350 0.01362 0.51257 0.74651 47 40 6 43 24 313 100.00000 0
3644 5397 11.73552 3.13387 0.60421 0.92999 38 26 3 31 17 255 100.00000 0
5279 5633 10.23636 0.01103 0.25940 0.84673 72 61 6 64 46 390 100.00000 0
577 7082 10.86016 2.94655 1.49624 1.24584 29 2 0 21 10 148 100.00000 0
5213 5614 10.25740 0.01801 0.48111 1.09325 55 34 13 51 23 329 100.00000 0
1469 3746 10.79166 3.10909 1.08138 2.56506 34 12 5 30 9 247 100.00000 0
2614 4261 10.95837 3.10482 0.86983 2.18481 31 13 3 19 14 254 100.00000 0
277 7330 10.12963 2.89185 1.77240 1.09110 29 1 0 17 4 243 100.00000 0
175 7422 11.63325 3.04663 0.74068 1.36229 8 3 2 3 1 52 100.00000 0
2478 6856 10.93461 2.80736 1.44173 2.82854 21 7 0 19 7 165 100.00000 0
5161 5375 11.49891 0.00378 0.46030 0.51586 48 40 4 40 25 312 100.00000 0
1359 4972 11.03299 0.40695 0.40671 1.33472 45 40 2 41 24 168 100.00000 0
3173 6115 11.23794 3.13941 1.67977 1.07956 30 8 4 27 8 267 100.00000 0
3649 5644 10.94752 3.12930 0.88059 0.96022 56 32 3 54 32 192 100.00000 0
1562 3640 11.54237 3.12696 1.00357 1.12466 48 23 10 46 19 244 100.00000 0
1355 4964 10.37109 0.67761 0.97842 2.15522 32 15 3 26 18 240 100.00000 0
1065 2686 10.49684 0.03866 0.48065 0.39860 50 43 4 45 36 309 100.00000 0
4350 6789 10.15264 0.00183 0.76052 0.07913 79 56 23 75 43 461 100.00000 0
3078 6253 11.54726 3.02575 0.72907 1.57197 24 16 2 20 13 138 100.00000 0
5163 5338 11.00212 0.00293 0.71421 0.19979 78 69 8 69 49 347 100.00000 0
4626 7042 11.27092 0.67087 1.06065 0.88999 54 3 0 47 31 347 100.00000 0
327 1998 10.65641 0.27014 0.29180 0.72847 90 81 4 84 37 488 100.00000 0
2565 4307 11.82333 3.13335 1.33774 1.48094 9 3 1 7 1 79 100.00000 0
5160 5492 11.75078 0.00316 0.50057 0.27695 50 43 3 38 33 267 100.00000 0
707 6957 10.49859 3.11814 1.34064 2.40143 40 2 2 35 21 218 100.00000 0
828 2448 10.77234 0.37731 0.68855 1.77784 65 40 8 49 33 312 100.00000 0
613 2280 10.82996 0.22710 0.35872 0.28531 67 60 6 67 42 362 100.00000 0
1496 5080 10.14222 0.03047 0.27052 1.10818 136 127 8 128 68 520 100.00000 0
1592 5638 10.37175 0.21470 0.37028 0.96022 69 54 7 65 35 356 100.00000 0
3685 5117 11.23999 3.14045 0.57302 1.48359 40 18 1 33 8 334 100.00000 0
626 4597 10.96606 2.95835 1.47729 1.44021 34 10 16 26 15 200 100.00000 0
1569 3636 10.36959 3.09449 0.73300 1.33090 40 18 5 28 12 237 100.00000 0
5165 5441 10.50349 0.00224 0.29334 0.43431 77 74 2 70 47 390 100.00000 0
3672 5140 10.39466 3.13710 0.89459 0.84163 66 37 14 64 26 414 100.00000 0
2310 7002 10.28864 3.09134 1.49862 1.92966 19 0 0 13 6 103 100.00000 0
2332 4561 11.96810 3.10516 0.65365 1.51724 12 7 3 9 4 101 100.00000 0
2503 6793 10.42455 2.92093 1.48330 1.06091 25 1 2 22 12 197 100.00000 0
2458 6843 10.46713 2.51513 0.63799 0.77177 59 33 7 57 31 408 100.00000 0
681 6981 10.55501 3.13425 1.86062 2.84977 32 1 0 28 12 134 100.00000 0
698 6966 10.12844 3.12585 1.63553 3.41317 32 1 0 27 16 169 100.00000 0
739 6925 11.42306 3.13506 1.19036 1.34988 45 11 19 41 21 237 100.00000 0
845 6846 11.13680 2.78264 0.89568 2.69355 19 5 0 12 6 181 100.00000 0
5167 5547 10.00159 0.00338 0.42535 0.25641 72 57 14 72 42 391 100.00000 0
1372 3811 11.57124 3.12064 0.78825 1.87638 25 11 5 21 10 151 100.00000 0
5161 5503 11.49891 0.00378 0.82684 0.20174 59 46 5 55 37 307 100.00000 0
5165 5502 10.50349 0.00224 0.42560 0.10468 70 59 11 64 30 349 100.00000 0
5164 5334 10.75340 0.00234 0.35130 0.89351 54 46 3 46 33 349 100.00000 0
4244 6709 11.17632 0.03305 0.66306 1.13160 22 16 4 18 7 235 100.00000 0
3681 5179 11.47913 3.12039 0.48546 0.95203 44 24 15 27 14 318 100.00000 0
1318 3879 11.69506 3.13017 1.22577 3.01415 22 13 0 19 9 96 100.00000 0
1541 5570 11.59120 0.01806 0.91570 0.78335 51 23 6 46 21 306 100.00000 0
846 6803 11.65775 2.56849 0.77701 1.74451 18 3 1 10 5 125 100.00000 0
1369 3814 11.36005 3.12021 1.32987 1.87388 14 5 0 8 3 113 100.00000 0
923 4286 11.26177 3.13746 1.07949 1.67374 24 4 2 24 10 229 100.00000 0
1165 4058 10.13499 2.78017 0.54273 0.70221 25 23 1 19 11 208 100.00000 0
4112 6593 10.94380 0.01593 0.24065 0.44937 44 42 2 34 25 335 100.00000 0
296 7323 11.00445 2.94064 1.76220 1.00678 50 2 0 34 30 303 100.00000 0
1570 5283 10.92418 0.01846 0.36858 0.97237 52 44 8 49 34 322 100.00000 0
5487 5635 11.23314 0.01343 0.40480 0.68300 41 34 5 39 18 303 100.00000 0
3262 6003 10.28770 2.66573 0.98202 1.48833 32 4 1 26 11 182 100.00000 0
933 2562 10.73045 0.00316 0.80103 0.20558 33 22 11 29 14 279 100.00000 0
2281 7035 11.02438 3.11616 1.20352 1.61665 42 4 2 35 20 267 100.00000 0
871 6812 10.75492 nan 0.64319 1.26857 15 7 2 10 6 120 100.00000 0
5161 5279 11.50095 0.00365 0.56213 0.57878 54 42 7 49 28 365 100.00000 0
515 7145 10.08485 3.08925 1.22665 1.01027 17 0 4 6 5 116 100.00000 0
2189 7131 11.45305 3.00589 0.91009 0.67319 20 5 2 17 8 95 100.00000 0
3647 5432 10.10077 3.14056 0.32689 1.33969 31 23 2 17 11 287 100.00000 0
5349 5635 11.23314 0.01343 0.27401 0.70665 47 37 6 37 23 325 100.00000 0
3254 6055 10.87374 3.01573 0.84194 1.01336 47 21 6 36 18 279 100.00000 0
2286 7035 11.56521 3.04072 1.52962 2.12006 38 1 0 38 11 201 100.00000 0
1201 4011 11.60302 3.07664 0.45970 1.23954 37 30 4 35 16 265 100.00000 0
624 2263 10.84767 0.20257 0.33312 0.68242 58 56 2 58 37 370 100.00000 0
5225 5622 11.25670 0.01582 0.39166 0.60393 47 36 9 44 26 309 100.00000 0
5335 5634 10.73539 0.01218 0.30848 0.86321 56 42 8 46 29 346 100.00000 0
1542 5432 10.86400 0.01730 0.63175 0.74125 51 27 7 47 25 346 100.00000 0
2261 4627 10.36025 2.27821 0.56949 1.01414 61 36 19 50 18 432 100.00000 0
2030 7265 11.71943 2.83812 1.67495 0.70443 16 0 5 9 4 154 100.00000 0
1577 3645 10.46301 3.12169 1.25622 1.27932 72 25 12 67 42 286 100.00000 0
3068 6210 11.67118 2.76213 1.20587 0.73701 42 15 3 32 13 277 100.00000 0
2588 6742 11.68465 nan 1.07506 1.74428 21 12 2 13 6 214 100.00000 0
1520 3687 11.01113 3.12501 1.26738 1.19419 37 2 0 35 16 264 100.00000 0
176 7390 11.24530 3.05866 0.72986 1.02182 19 11 3 14 9 95 100.00000 0
2429 6879 10.10836 3.12889 0.85269 1.12779 27 21 0 21 8 170 100.00000 0
3336 5932 10.23117 3.12556 1.15133 0.66676 20 7 2 13 7 139 100.00000 0
2468 4420 10.13656 2.84177 1.98100 2.41865 24 2 9 10 7 209 100.00000 0
1177 2781 11.57526 0.78966 0.58571 0.96266 82 78 4 71 45 403 100.00000 0
4382 6812 11.11117 0.35581 0.69194 1.87847 54 44 9 50 16 377 100.00000 0
2440 4423 10.11896 3.13168 1.58111 2.28328 41 30 1 35 27 215 100.00000 0
154 7442 11.36918 3.05384 0.08714 0.75950 51 29 18 44 17 274 100.00000 0
3733 5062 11.64765 3.13182 1.10501 2.47354 87 2 13 85 56 446 100.00000 0
377 2052 11.81512 0.10181 0.32318 0.74230 48 41 6 39 18 263 100.00000 0
5168 5457 10.00092 0.00372 0.27067 0.16786 52 47 4 45 30 418 100.00000 0
1547 5145 10.99439 0.01997 0.40686 1.51594 45 34 3 37 21 306 100.00000 0
5160 5438 11.75078 0.00316 0.60847 0.34492 43 24 9 39 22 307 100.00000 0
1570 5556 10.92639 0.01845 0.57866 1.06716 56 42 4 49 33 300 100.00000 0
807 4441 10.85764 3.10993 1.07834 1.97239 25 8 3 20 13 169 100.00000 0
4495 6925 10.73172 0.01363 0.46253 1.05202 36 29 4 27 20 258 100.00000 0
4072 6552 10.84779 0.03320 0.30929 1.36859 44 27 6 32 21 193 100.00000 0
2526 4317 11.76100 3.09606 1.08761 2.09144 21 2 9 9 1 203 100.00000 0
484 7154 10.22289 3.04096 0.95822 1.10535 16 3 2 9 5 109 100.00000 0
4429 6888 10.98967 0.01919 0.57298 0.49019 36 20 16 32 10 282 100.00000 0
1320 3854 11.81582 3.13287 0.88480 1.38988 24 6 3 18 9 156 100.00000 0
5167 5422 10.00159 0.00338 0.40701 0.08847 60 56 4 54 40 359 100.00000 0
4020 6548 10.53490 0.98884 0.60206 0.48618 75 54 15 69 25 394 100.00000 0
179 7391 10.43252 3.05738 0.58715 1.12779 19 17 2 16 9 100 100.00000 0
314 1981 10.63075 0.66213 0.64578 0.78084 160 124 23 149 92 631 100.00000 0
1290 3877 10.39017 3.11550 0.76757 3.39338 26 7 3 17 8 181 100.00000 0
851 2465 11.93710 0.98657 0.44154 1.57396 29 14 3 24 14 198 100.00000 0
2313 6999 10.12550 3.09290 1.89335 1.94078 18 0 0 12 7 124 100.00000 0
3821 4987 10.80227 3.04822 0.23876 1.82542 15 6 5 7 2 113 100.00000 0
2766 4041 11.34717 2.49206 1.13818 0.91172 24 8 0 18 9 201 100.00000 0
3644 5390 11.73552 3.13387 0.41207 0.88691 27 18 5 25 12 221 100.00000 0
405 2053 10.89948 0.11932 0.73079 0.89438 26 19 5 13 14 163 100.00000 0
1257 3929 11.03190 3.13562 0.79923 2.44328 27 18 3 19 11 232 100.00000 0
169 7423 10.83834 3.03987 0.84803 1.37515 10 7 0 6 3 76 100.00000 0
1541 5450 11.59120 0.01806 0.78611 1.60766 51 23 7 40 23 294 100.00000 0
819 4396 11.04415 2.62896 0.42687 2.70675 57 7 3 48 22 397 100.00000 0
2494 4344 11.26386 2.70291 1.96083 1.56423 12 0 1 8 5 117 100.00000 0
1543 5465 10.15180 0.01764 0.31286 0.81036 50 44 5 44 27 379 100.00000 0
162 7418 11.19908 3.04783 1.32461 0.48698 30 6 23 24 15 240 100.00000 0
662 4554 11.93667 3.10649 1.08560 2.41589 16 1 2 5 6 139 100.00000 0
5320 5637 11.98348 0.01338 0.40181 0.77380 47 42 3 43 23 289 100.00000 0
2304 7020 10.21625 2.98296 1.55251 2.01188 18 0 0 12 4 141 100.00000 0
272 7343 11.49717 3.01550 1.17053 1.60328 11 0 4 4 4 69 100.00000 0
2402 4467 10.17869 3.07819 1.23265 1.49619 51 4 0 49 23 264 100.00000 0
332 7302 10.35823 3.04623 1.03661 1.05758 30 9 2 28 14 185 100.00000 0
2834 6487 10.21468 3.07224 1.36674 2.69530 11 2 0 4 5 99 100.00000 0
5166 5509 10.25254 0.00276 0.26032 0.62558 55 51 4 47 32 365 100.00000 0
5546 5637 11.98348 0.01338 0.44481 1.00949 41 33 2 26 23 271 100.00000 0
1145 4091 10.21901 3.07100 1.60595 1.96523 9 0 2 7 4 97 100.00000 0
1585 5629 10.57755 0.10222 0.35018 0.61929 47 42 4 40 21 331 100.00000 0
172 7425 11.46992 3.03980 0.88587 1.56873 15 7 6 10 6 88 100.00000 0
1397 3789 10.42634 3.13298 1.84368 2.72649 37 8 0 33 20 232 100.00000 0
3774 5017 11.82818 3.13854 0.83549 1.69050 31 8 11 29 9 243 100.00000 0
5168 5565 10.00092 0.00372 0.34227 0.16071 53 49 3 49 31 385 100.00000 0
5161 5288 11.49891 0.00378 0.57893 0.38155 52 39 9 52 30 309 100.00000 0
909 2537 11.92525 0.00578 0.32430 0.51052 27 22 3 22 15 203 100.00000 0
3661 5161 11.26315 3.13255 0.93526 0.77984 49 22 6 45 19 331 100.00000 0
892 4335 10.53773 3.08573 0.98928 1.84334 30 9 5 18 5 164 100.00000 0
3276 6028 11.28733 2.55606 1.75642 2.09816 31 4 9 27 8 207 100.00000 0
4441 6869 10.23902 0.06157 0.24354 0.64163 54 49 4 50 36 373 100.00000 0
2489 6845 11.36449 2.77400 0.26103 2.34201 28 4 0 22 11 210 100.00000 0
5412 5636 11.48350 0.01362 0.41131 0.94295 29 19 9 23 9 310 100.00000 0
2033 7264 10.45129 2.86967 1.72513 1.29694 17 2 4 13 5 189 100.00000 0
1146 4057 10.02834 2.93081 0.86067 1.01876 15 6 4 9 9 164 100.00000 0
1540 5255 11.35654 0.01825 0.49216 0.85501 53 28 6 46 29 309 100.00000 0
834 4371 10.45451 2.30124 0.81940 1.95024 42 3 0 25 10 268 100.00000 0
1458 3756 11.50085 3.07679 1.71800 2.40762 53 23 10 47 35 242 100.00000 0
1614 5663 11.83780 1.14561 0.45565 2.58331 95 38 0 89 38 343 100.00000 0
1379 3806 10.47662 3.12576 1.33657 1.94038 33 9 5 27 9 151 100.00000 0
1337 3842 11.35475 3.13005 0.80014 1.31164 34 13 8 34 15 240 100.00000 0
1542 5379 10.86400 0.01730 0.71787 0.68870 50 29 6 41 24 334 100.00000 0
5161 5447 11.49891 0.00378 0.75507 0.23903 62 49 10 57 37 378 100.00000 0
3670 5402 10.95647 3.12657 0.77839 0.80794 87 67 11 78 51 313 100.00000 0
300 7332 11.80717 3.06676 1.11342 0.73701 46 8 1 46 16 233 100.00000 0
988 4252 10.35396 3.10382 0.65272 1.37572 26 19 2 14 12 180 100.00000 0
3572 5689 10.46941 2.78770 0.86867 2.01538 50 17 11 45 20 234 100.00000 0
3646 5311 10.70784 nan 0.38846 0.66086 31 24 4 31 13 246 100.00000 0
2459 6837 11.57387 2.36822 0.52488 1.57669 63 4 1 61 21 373 100.00000 0
5162 5375 11.24999 0.00352 0.57370 0.21850 60 43 10 58 33 345 100.00000 0
5165 5285 10.50550 0.00207 0.76821 0.07402 61 31 8 58 30 302 100.00000 0
3570 5689 11.42490 2.78372 1.37949 2.11951 37 10 13 28 8 219 100.00000 0
1569 5339 10.20782 0.01841 0.24644 0.94004 52 46 5 46 29 319 100.00000 0
2335 4557 11.20360 3.10965 1.18638 2.58255 8 2 1 4 3 86 100.00000 0
