0.02422 0.03347 0.00735
0.02024 0.03213 0.02535
0.01708 0.03075 0.00956
0.02625 0.03042 0.00130
0.02746 0.02858 0.01856
0.00781 0.00793 0.00489
0.00927 0.00868 0.00371
0.01031 0.01119 0.00056
0.02177 0.02305 0.00805
0.01767 0.02621 0.01842
0.01631 0.02303 0.00097
0.00829 0.00431 0.02812
0.02083 0.03404 0.00150
0.00863 0.00885 0.02909
0.02107 0.04771 0.01887
0.01908 0.02271 0.00118
0.02192 0.02873 0.00600
0.01186 0.01249 0.00414
0.01578 0.02183 0.00077
0.00994 0.01004 0.00444
0.00886 0.00636 0.01736
0.00876 0.00839 0.02550
0.00559 0.00821 0.02235
0.02420 0.02489 0.00374
0.00840 0.00919 0.00081
0.01370 0.02222 0.02322
0.01583 0.01941 0.00239
0.00616 0.00911 0.00187
0.02417 0.02935 0.00501
0.01004 0.01015 0.00043
0.02568 0.02940 0.01866
0.02375 0.05277 0.01372
0.02242 0.04018 0.01952
0.03038 0.03705 0.00832
0.01093 0.01800 0.02394
0.01041 0.01007 0.02615
0.01837 0.02133 0.00081
0.02518 0.05295 0.00603
0.00695 0.00701 0.01846
0.00893 0.00699 0.00044
0.02425 0.03391 0.00223
0.02369 0.03985 0.01954
0.00700 0.00668 0.01838
0.00719 0.00738 0.00557
0.00648 0.00704 0.00043
0.01573 0.02349 0.01187
0.00764 0.00941 0.00284
0.02592 0.05085 0.01988
0.01750 0.03131 0.00131
0.00609 0.00703 0.01830
0.00635 0.00691 0.02020
0.00700 0.00740 0.01840
0.00747 0.00584 0.01895
0.00588 0.00561 0.00043
0.00768 0.00761 0.00042
0.00764 0.00760 0.00243
0.02150 0.03241 0.00112
0.00595 0.00571 0.01832
0.00715 0.00703 0.01841
0.03046 0.04068 0.00628
0.01730 0.02314 0.02229
0.00659 0.00641 0.00041
0.02351 0.03420 0.01917
0.01268 0.00943 0.00045
0.02152 0.03986 0.00316
0.00629 0.00873 0.02329
0.02317 0.05382 0.01940
0.01091 0.01388 0.00409
0.00665 0.00742 0.00171
0.01142 0.01123 0.00383
0.01028 0.00911 0.00062
0.01800 0.02056 0.01849
0.00549 0.00605 0.00056
0.00644 0.00664 0.00042
0.00579 0.00555 0.00043
0.01652 0.02993 0.00636
0.00970 0.00939 0.01435
0.00689 0.00640 0.00042
0.03049 0.03952 0.01890
0.00810 0.00825 0.00903
0.01377 0.01367 0.00981
0.02263 0.03310 0.01876
0.02215 0.03771 0.02203
0.00619 0.00572 0.00208
0.00621 0.00689 0.00217
0.01596 0.02276 0.00179
0.02071 0.03068 0.01382
0.00927 0.00888 0.00434
0.01044 0.01414 0.01838
0.01565 0.03055 0.00628
0.00969 0.00933 0.00322
0.00892 0.00956 0.00072
0.00916 0.00919 0.03279
0.02016 0.03035 0.00116
0.00788 0.00771 0.01945
0.00799 0.00735 0.00797
0.02191 0.03529 0.00280
0.02545 0.03528 0.01469
0.00635 0.00812 0.01431
0.01440 0.02217 0.00654
0.01729 0.03127 0.01051
0.01640 0.03149 0.01869
0.00750 0.00618 0.01832
0.00820 0.00839 0.00289
0.00848 0.00791 0.01828
0.01869 0.02029 0.00064
0.01794 0.02499 0.00262
0.00664 0.00643 0.01716
0.00670 0.00745 0.01839
0.00469 0.00637 0.00327
0.00666 0.00639 0.01379
0.01100 0.01039 0.00596
0.00776 0.00781 0.02405
0.02318 0.01974 0.00398
0.04477 0.05985 0.01947
0.01472 0.02185 0.00623
0.02134 0.03106 0.01872
0.00950 0.00870 0.00042
0.02169 0.02832 0.00110
0.00659 0.00739 0.01837
0.01355 0.02004 0.00544
0.02055 0.04896 0.01444
0.02068 0.02171 0.01448
0.01888 0.02850 0.01990
0.02238 0.03683 0.01635
0.00954 0.00782 0.02022
0.01487 0.02150 0.00066
0.02733 0.03801 0.01878
0.00746 0.00746 0.00058
0.02697 0.05505 0.01376
0.02576 0.02378 0.00097
0.02266 0.03511 0.02140
0.02147 0.04733 0.00180
0.01019 0.01228 0.02211
0.01857 0.02218 0.00131
0.02310 0.02930 0.01055
0.01662 0.02862 0.01713
0.02346 0.02999 0.00084
0.01028 0.01200 0.00122
0.02692 0.03042 0.00152
0.00993 0.00944 0.00114
0.02074 0.04363 0.02196
0.01553 0.02354 0.01875
0.00766 0.00763 0.01368
0.00636 0.00682 0.01835
0.00630 0.00552 0.00039
0.01810 0.02766 0.01518
0.02612 0.03419 0.01152
0.00743 0.00938 0.02170
0.01869 0.03447 0.01085
0.01650 0.02466 0.00378
0.01983 0.02527 0.01472
0.00694 0.00775 0.00050
0.01423 0.02427 0.01925
0.02336 0.02321 0.00970
0.01224 0.01388 0.02485
0.02288 0.02233 0.00247
0.00675 0.00775 0.01834
0.00496 0.00558 0.01915
0.00710 0.00804 0.01838
0.00638 0.00806 0.01409
0.00655 0.00642 0.00301
0.00876 0.00862 0.00128
0.00840 0.00819 0.00044
0.00995 0.00861 0.00047
0.01015 0.00953 0.00073
0.00849 0.00850 0.02676
0.00688 0.00817 0.00153
0.00746 0.00852 0.01835
0.00595 0.00575 0.00041
0.01743 0.02785 0.01211
0.00684 0.00712 0.00047
0.01688 0.02722 0.01869
0.02098 0.02304 0.00098
0.00952 0.01074 0.03310
0.00818 0.00669 0.00045
0.00715 0.00859 0.01760
0.00530 0.00708 0.00418
0.01317 0.01880 0.00414
0.00886 0.01019 0.01203
0.01521 0.01985 0.01852
0.01493 0.02166 0.01849
0.02172 0.05106 0.00417
0.01868 0.03415 0.01845
0.00620 0.00574 0.00777
0.01409 0.02088 0.00984
0.00839 0.00882 0.01869
0.02434 0.02967 0.02094
0.01629 0.02524 0.01852
0.01011 0.01061 0.02227
0.01563 0.02298 0.00108
0.02046 0.03103 0.00114
0.01093 0.01214 0.01664
0.02396 0.02922 0.01455
0.03119 0.04230 0.01875
0.01583 0.02134 0.00575
0.01914 0.03405 0.00649
0.02760 0.03141 0.01046
0.01907 0.02382 0.01458
0.00666 0.00741 0.01829
