0.50713 0.06435
0.55860 0.08016
0.63897 0.05604
0.75190 0.08795
0.38174 0.04813
0.58810 0.07721
0.37431 0.05389
0.42935 0.06558
0.69589 0.06074
0.44246 0.06563
0.53394 0.05431
0.37959 0.06224
0.26708 0.04687
0.34925 0.04955
0.46596 0.07693
0.64736 0.06456
0.54948 0.06017
0.51688 0.06351
0.38658 0.05422
0.33090 0.05783
0.59948 0.06235
0.61858 0.06418
0.62736 0.06968
0.78243 0.08708
0.51351 0.04193
0.42179 0.06646
0.50212 0.05876
0.36496 0.04930
0.57594 0.07184
0.41954 0.03686
0.86741 0.08982
0.68133 0.06833
0.46185 0.07652
0.93016 0.08529
0.50437 0.07471
0.59627 0.07955
0.73533 0.07693
0.32007 0.04101
0.44606 0.06089
0.49995 0.06977
0.49733 0.07282
0.42697 0.03630
0.39501 0.06596
0.46652 0.06938
0.68291 0.06995
0.48779 0.07243
0.50368 0.08143
0.48620 0.06288
0.46152 0.07903
0.45865 0.08816
0.64256 0.06831
0.61076 0.08425
0.68981 0.07113
0.27226 0.05323
0.40008 0.03713
0.40852 0.03920
0.73176 0.06360
0.46289 0.06819
0.55044 0.06699
0.42533 0.06011
0.56285 0.07365
0.45622 0.06508
0.40965 0.06622
0.55536 0.05602
0.60884 0.08287
0.45988 0.06608
0.61701 0.07489
0.80159 0.06856
0.83199 0.07977
0.38746 0.06389
0.76216 0.08725
0.61016 0.04681
0.54204 0.04256
0.51634 0.06724
0.51122 0.06699
0.42873 0.03737
0.56440 0.05602
0.33730 0.04099
0.58707 0.08029
0.50494 0.07836
0.57328 0.07130
0.54909 0.05552
0.56758 0.06521
0.39022 0.04944
0.67995 0.06294
0.40539 0.06362
0.76903 0.06818
0.75825 0.06628
0.51167 0.07790
0.61685 0.08227
0.81405 0.06287
0.80845 0.07917
0.38365 0.05226
0.30968 0.04087
0.85029 0.07900
0.43557 0.03698
0.61180 0.07744
0.57259 0.07710
0.49427 0.07223
0.28484 0.04339
0.78382 0.07187
0.82770 0.06537
0.61963 0.06335
0.84126 0.06598
0.46141 0.06701
0.45721 0.07330
0.43126 0.06805
0.32850 0.04040
0.81069 0.06822
0.46304 0.06362
0.40428 0.06069
0.43691 0.03696
0.36192 0.05261
0.59670 0.08226
0.81180 0.09169
0.53572 0.04133
0.37292 0.05111
0.45259 0.06749
0.45774 0.07684
0.35154 0.05400
0.77598 0.06519
0.61411 0.07490
0.85693 0.06961
0.63953 0.06713
0.28833 0.03900
0.55338 0.07713
0.52011 0.07821
0.43727 0.06040
0.41844 0.06976
0.39013 0.05488
0.81454 0.09480
0.62458 0.06522
0.67795 0.06772
0.34616 0.05266
0.58317 0.06591
0.43215 0.06478
0.66494 0.04801
0.27015 0.04942
0.32036 0.04192
0.64389 0.06934
0.49459 0.07450
0.51926 0.06745
0.60117 0.07853
0.40091 0.05286
0.47100 0.08063
0.38699 0.06404
0.43916 0.03781
0.42929 0.05923
0.49905 0.05698
0.44386 0.06782
0.66800 0.06350
0.57689 0.07139
0.84667 0.08041
0.58796 0.06746
0.78032 0.09065
0.66180 0.07333
0.47009 0.07291
0.53507 0.05593
0.68506 0.05161
0.75108 0.06384
0.28126 0.04879
0.56422 0.06593
0.59831 0.07421
0.65339 0.06225
0.59181 0.04725
0.49498 0.03915
0.51019 0.08577
0.76059 0.08671
0.59882 0.07594
0.66987 0.06640
0.50866 0.05921
0.84063 0.06881
0.49653 0.06263
0.40140 0.05422
0.42489 0.03866
0.53820 0.04161
0.67747 0.06836
0.44672 0.06745
0.68130 0.07266
0.60225 0.07325
0.49761 0.08477
0.47540 0.07067
0.79009 0.06955
0.71713 0.07846
0.55213 0.07528
0.71802 0.05946
0.41098 0.03660
0.78394 0.09369
0.33348 0.04593
0.40160 0.06515
0.53268 0.06410
0.83940 0.09393
0.60404 0.08637
0.55600 0.07083
0.31882 0.04235
0.90541 0.08766
0.62001 0.06806
0.52428 0.07786
0.38657 0.06518
0.51225 0.06364
