0.09081 0.08512
0.07680 0.07835
0.07171 0.07554
0.05822 0.07442
0.06171 0.06926
0.05906 0.08925
0.06657 0.06730
0.05549 0.07788
0.05738 0.08602
0.05595 0.07828
0.05577 0.08123
0.05598 0.07791
0.05483 0.06875
0.05487 0.08061
0.05687 0.07876
0.05819 0.09129
0.05262 0.07216
0.06667 0.07490
0.05458 0.08204
0.05832 0.07756
0.05188 0.07444
0.05886 0.07169
0.06299 0.07816
0.05438 0.06730
0.06361 0.07166
0.06635 0.07212
0.06300 0.07547
0.05529 0.07542
0.05309 0.07508
0.07246 0.07602
0.06666 0.07272
0.05248 0.07161
0.06495 0.06950
0.05495 0.08122
0.05930 0.07656
0.05665 0.07332
0.06711 0.07049
0.05381 0.07444
0.06265 0.09237
0.06385 0.07718
0.08132 0.07678
0.07469 0.05428
0.05011 0.06825
0.06157 0.07687
0.07052 0.07384
0.07060 0.07872
0.07010 0.08067
0.07887 0.07575
0.05216 0.06194
0.05523 0.07899
0.06472 0.07461
0.05208 0.06131
0.06881 0.08070
0.05398 0.06827
0.05284 0.07339
0.07422 0.07018
0.06112 0.07044
0.06523 0.08262
0.07272 0.07734
0.05405 0.07938
0.05317 0.06309
0.08194 0.07913
0.06320 0.06995
0.07177 0.07544
0.05003 0.06055
0.05640 0.07370
0.06827 0.07717
0.06039 0.07561
0.06803 0.08431
0.06560 0.08186
0.07032 0.08612
0.06056 0.07163
0.07205 0.08451
0.05641 0.07901
0.05014 0.06243
0.05692 0.07919
0.05969 0.07102
0.07124 0.07790
0.08038 0.07486
0.05378 0.07977
0.07109 0.07596
0.05534 0.06796
0.06513 0.07388
0.05539 0.07478
0.06311 0.07729
0.06309 0.08310
0.05815 0.08132
0.06986 0.08474
0.06025 0.06431
0.06516 0.08361
0.06347 0.08106
0.05841 0.08505
0.09771 0.09790
0.05360 0.07587
0.05304 0.07351
0.06377 0.07684
0.06013 0.08325
0.05468 0.08428
0.06950 0.07460
0.07990 0.07919
0.06614 0.08182
0.05250 0.06354
0.05298 0.07467
0.05349 0.07573
0.05795 0.08070
0.06622 0.08798
0.05989 0.07099
0.06837 0.07943
0.05453 0.07716
0.05963 0.07076
0.05373 0.07293
0.05056 0.07160
0.06719 0.07363
0.05259 0.07324
0.05717 0.07668
0.06476 0.06973
0.07568 0.08022
0.06714 0.07479
0.06056 0.07159
0.05679 0.06942
0.05745 0.07328
0.06346 0.08002
0.05558 0.08221
0.06868 0.07298
0.05379 0.07307
0.06122 0.08126
0.05871 0.07746
0.06810 0.07059
0.08772 0.07501
0.06934 0.08956
0.06915 0.08105
0.06144 0.07469
0.05937 0.08636
0.05924 0.07562
0.06522 0.07080
0.06544 0.06547
0.06301 0.07578
0.05522 0.07175
0.05626 0.07470
0.06046 0.08152
0.05318 0.07276
0.06029 0.08111
0.06487 0.07062
0.05114 0.07335
0.07310 0.08408
0.06791 0.08033
0.04923 0.07062
0.04962 0.07889
0.06603 0.07339
0.08189 0.08939
0.08192 0.07904
0.05416 0.07556
0.06928 0.07562
0.06567 0.07410
0.05761 0.07982
0.05495 0.07379
0.05761 0.08633
0.05630 0.07164
0.05602 0.08155
0.06069 0.07995
0.09524 0.07971
0.05138 0.07285
0.05065 0.06987
0.09449 0.07954
0.05608 0.07651
0.05577 0.07375
0.05133 0.07458
0.05810 0.07999
0.06323 0.07715
0.05907 0.07224
0.05699 0.06984
0.05859 0.06519
0.05146 0.07544
0.05568 0.07208
0.06107 0.05881
0.05285 0.07657
0.06336 0.07173
0.05876 0.08335
0.06540 0.07403
0.05814 0.07170
0.05395 0.07161
0.06587 0.07684
0.06460 0.07196
0.09008 0.07231
0.05908 0.07571
0.07954 0.07057
0.06089 0.07242
0.08017 0.07358
0.07141 0.08281
0.05232 0.07141
0.08385 0.07900
0.07532 0.07515
0.05826 0.08034
0.06699 0.08086
0.06272 0.07540
0.06740 0.07266
0.05265 0.06729
0.06765 0.08391
0.06025 0.08067
0.05290 0.07448
