0.02645 0.02432
0.01892 0.02831
0.01741 0.02953
0.03396 0.02659
0.03086 0.03360
0.01842 0.02595
0.02002 0.03150
0.02110 0.02574
0.01720 0.02909
0.03000 0.02595
0.02865 0.02417
0.02413 0.02572
0.01913 0.02610
0.02743 0.02657
0.02396 0.02497
0.02878 0.04092
0.01942 0.02800
0.01848 0.02552
0.01870 0.02699
0.01949 0.02856
0.02060 0.02974
0.02136 0.02746
0.02010 0.02934
0.02037 0.02828
0.01834 0.03381
0.02063 0.02685
0.01946 0.02368
0.01954 0.02754
0.02186 0.02348
0.02593 0.02596
0.02068 0.03069
0.01855 0.02720
0.02280 0.02484
0.01899 0.02322
0.02271 0.02427
0.02636 0.02457
0.01713 0.02430
0.03785 0.02549
0.01872 0.02172
0.01747 0.02685
0.02515 0.02823
0.02016 0.02944
0.02000 0.02883
0.02237 0.03010
0.01898 0.02748
0.01805 0.02722
0.01787 0.02896
0.01990 0.02684
0.01972 0.02624
0.01862 0.02277
0.01859 0.02864
0.02061 0.02646
0.02644 0.02483
0.01960 0.02714
0.02093 0.02568
0.03516 0.02581
0.02718 0.02598
0.02664 0.02646
0.02031 0.02368
0.02248 0.03111
0.02746 0.02386
0.02085 0.02681
0.01743 0.02609
0.01740 0.02859
0.01755 0.02576
0.02785 0.02603
0.02054 0.03853
0.02044 0.02591
0.02709 0.02715
0.02866 0.02006
0.01923 0.02814
0.03141 0.02713
0.01821 0.02629
0.01958 0.02856
0.02699 0.02729
0.01777 0.02466
0.02545 0.02535
0.02457 0.02572
0.02453 0.02631
0.01996 0.02770
0.02405 0.02340
0.01978 0.03142
0.02146 0.02574
0.01779 0.02489
0.03943 0.02613
0.01795 0.02720
0.03796 0.02712
0.03643 0.02677
0.03429 0.03011
0.01890 0.02406
0.01868 0.02610
0.01885 0.02547
0.02986 0.02950
0.02665 0.02533
0.01934 0.02873
0.01835 0.02806
0.02475 0.02597
0.01798 0.02358
0.02783 0.02521
0.02137 0.02941
0.01951 0.03001
0.02347 0.03061
0.02011 0.02439
0.01802 0.02518
0.02032 0.03107
0.02685 0.02407
0.02042 0.02976
0.02365 0.02431
0.02539 0.02474
0.03734 0.02550
0.02679 0.02633
0.02543 0.02568
0.01654 0.02480
0.02131 0.02548
0.02168 0.02514
0.02180 0.02569
0.01964 0.02915
0.01822 0.01876
0.01880 0.02393
0.02560 0.03091
0.02464 0.02576
0.02954 0.02790
0.03444 0.02616
0.02608 0.02651
0.02969 0.02987
0.01760 0.03234
0.02429 0.02714
0.02111 0.02898
0.02241 0.02352
0.02663 0.02439
0.02303 0.02365
0.02185 0.02633
0.02075 0.02684
0.02149 0.02902
0.01973 0.03067
0.02276 0.02849
0.02076 0.02589
0.02177 0.02477
0.02272 0.02970
0.01839 0.02462
0.01921 0.02820
0.02105 0.02565
0.03167 0.02444
0.02155 0.02406
0.01895 0.02888
0.01754 0.02043
0.02685 0.02511
0.02668 0.01773
0.02308 0.02538
0.02131 0.02476
0.01954 0.03128
0.01690 0.02676
0.02493 0.02402
0.02010 0.02876
0.03017 0.03239
0.01917 0.03010
0.02570 0.02572
0.01953 0.02912
0.01862 0.02190
0.02662 0.02518
0.02294 0.02668
0.02409 0.02381
0.02116 0.03040
0.02490 0.02564
0.01673 0.02543
0.02052 0.03418
0.02151 0.02504
0.02661 0.02435
0.02213 0.02644
0.02400 0.02793
0.01985 0.02877
0.01776 0.02738
0.01906 0.02757
0.02295 0.02492
0.02458 0.02616
0.02364 0.02798
0.02285 0.02094
0.02270 0.03480
0.01720 0.02660
0.02129 0.03612
0.02310 0.02292
0.02208 0.02693
0.02056 0.02475
0.02124 0.02478
0.02157 0.03189
0.02170 0.02564
0.02140 0.02848
0.01937 0.02909
0.01999 0.02976
0.02001 0.02837
0.01768 0.02637
0.02019 0.02982
0.02013 0.02823
0.02112 0.02440
0.02147 0.02445
0.01871 0.02765
0.02125 0.02575
0.02044 0.03161
0.02487 0.02673
0.01776 0.02617
