98 3788 11.81900 0.03819 9.37772 7.23877 18 0 0 5 8 415 100.00000 0
2678 5405 10.70459 0.01157 12.25204 0.78335 56 0 0 43 28 1214 100.00000 0
352 4110 10.52336 0.01361 3.50654 0.77329 14 0 0 5 4 260 100.00000 0
346 709 11.50833 0.00719 3.71832 5.26224 11 0 0 6 3 206 100.00000 0
7046 7203 11.24229 0.02743 8.72650 4.17701 12 0 0 12 11 92 100.00000 0
3265 6154 10.01053 0.00986 9.16324 1.15657 32 0 0 22 19 538 100.00000 0
3679 7107 10.26745 0.11951 2.14340 6.84791 14 0 0 9 7 62 100.00000 0
7754 7810 11.31788 0.72617 16.82202 41.60614 6 0 0 2 2 101 100.00000 0
1358 4519 11.79033 0.00498 9.69530 0.28531 16 0 0 12 5 343 100.00000 0
3660 6675 11.15628 0.00375 6.06791 5.50032 10 0 0 10 10 78 100.00000 0
6806 7202 10.99288 0.02735 9.00541 5.73723 20 0 0 20 18 144 100.00000 0
1949 5079 10.80691 0.00882 10.94036 0.49575 16 0 0 11 11 99 100.00000 0
3645 6593 11.70663 0.00345 11.83207 1.16264 12 0 0 10 8 84 100.00000 0
6603 6850 11.74586 0.00594 9.75364 2.39751 21 0 0 21 15 88 100.00000 0
2843 5563 11.77477 0.05659 8.17784 3.24341 15 0 0 13 7 466 100.00000 0
3559 6480 11.23116 0.01288 13.16841 0.73595 42 0 0 42 35 407 100.00000 0
6614 7182 10.97805 0.01904 12.23892 5.96844 23 0 0 23 18 179 100.00000 0
1211 4394 11.01681 0.01370 10.43856 2.90529 32 0 0 19 15 573 100.00000 0
1591 4756 11.77052 0.01505 18.65520 6.15969 23 0 0 15 7 451 100.00000 0
1033 4214 11.50809 0.00802 2.35055 0.95613 47 0 3 9 23 581 100.00000 0
2751 5491 11.95889 0.01155 10.55755 1.73461 55 0 0 45 37 880 100.00000 0
898 980 11.77208 0.00498 20.61263 0.29608 16 0 0 3 3 364 100.00000 0
1497 4649 10.80174 0.00434 12.09767 0.22900 12 1 0 6 4 342 100.00000 0
2172 2321 11.33265 0.27787 27.54554 15.92105 4 0 0 1 1 17 100.00000 0
2472 2581 11.22698 0.77641 12.95174 44.48486 8 0 0 6 4 61 100.00000 0
1659 4807 10.85102 0.00775 11.43928 2.51373 46 0 0 44 34 370 100.00000 0
2171 2470 11.86999 0.30255 21.13250 17.33490 3 0 0 0 2 27 100.00000 0
3535 6455 10.86530 0.03133 8.08057 0.62307 8 0 0 4 5 133 100.00000 0
3153 5872 11.09845 0.04461 8.11465 3.43832 23 0 0 14 12 428 100.00000 0
345 660 11.74965 0.00708 10.00593 10.26970 11 0 0 6 5 255 100.00000 0
7104 7204 11.73924 0.02765 8.98491 6.23108 16 0 0 11 14 118 100.00000 0
3681 7171 10.72075 0.15561 10.80598 22.92404 13 0 0 7 10 109 100.00000 0
2171 2366 11.86999 0.30255 2.46669 4.39186 6 0 0 3 2 44 100.00000 0
3526 6446 10.51057 0.03046 8.12830 1.14364 22 0 0 20 16 89 100.00000 0
2184 5300 10.80906 0.35654 40.23057 104.21038 3 0 0 0 2 11 100.00000 0
3231 6009 10.25562 0.04391 7.24688 6.28828 26 0 0 5 11 525 100.00000 0
733 979 11.51780 0.00406 3.07334 3.05210 14 0 0 11 8 338 100.00000 0
165 3828 10.68290 0.01326 12.13949 0.76002 18 0 0 16 7 523 100.00000 0
2420 5269 11.68981 0.30783 2.44034 3.64551 4 0 0 2 2 26 100.00000 0
6603 7152 11.74402 0.00648 9.84220 2.98032 24 0 0 22 22 151 100.00000 0
6606 6919 10.49518 0.00708 12.40673 4.48830 42 0 0 40 38 134 100.00000 0
6927 7202 10.99288 0.02735 9.95284 13.45458 13 0 0 10 11 74 100.00000 0
3651 6604 10.22634 0.00689 7.77760 0.73860 15 0 0 15 11 116 100.00000 0
2317 5270 10.63578 0.26030 2.67707 14.91413 8 0 0 0 3 57 100.00000 0
6603 6748 11.74586 0.00594 9.99849 3.63863 28 0 0 28 24 147 100.00000 0
2228 2559 10.88836 0.49447 9.75821 28.33124 8 0 0 5 3 58 100.00000 0
346 608 11.50244 0.00580 16.46689 7.62190 11 0 0 3 1 246 100.00000 0
6606 6982 10.49518 0.00708 10.62238 5.68486 15 0 0 15 14 67 100.00000 0
147 3815 11.45022 0.03145 7.91199 1.79885 23 0 0 6 7 397 100.00000 0
1835 4974 10.05173 0.03954 6.08413 0.79672 19 0 0 17 10 130 100.00000 0
404 977 11.52020 0.00049 22.68816 116.62431 14 0 0 7 5 310 100.00000 0
6668 7203 11.24229 0.02743 12.44241 1.10571 9 0 0 3 4 105 100.00000 0
2719 5443 11.29588 0.01172 11.31125 1.18498 47 0 0 36 33 855 100.00000 0
6604 6918 11.24828 0.00629 11.39753 1.62438 44 0 0 42 36 160 100.00000 0
1658 4806 10.82079 0.00786 10.67833 1.66507 44 0 0 40 32 359 100.00000 0
3985 4106 11.26913 0.01135 5.98414 21.72728 21 0 0 14 8 347 100.00000 0
1915 5045 11.31781 0.00580 11.25050 6.34607 12 0 0 7 4 119 100.00000 0
5975 6038 11.10028 0.00458 7.78539 6.15256 31 0 0 18 19 582 100.00000 0
8038 8089 11.01070 0.43522 2.08278 4.63996 24 0 0 19 15 263 100.00000 0
6606 6956 10.49518 0.00708 10.31641 4.24944 26 0 0 26 24 119 100.00000 0
667 4173 11.79777 0.00987 6.29660 15.82641 16 0 0 3 7 275 100.00000 0
346 654 11.50244 0.00580 2.67010 2.29695 13 0 0 8 7 255 100.00000 0
148 3816 10.81143 0.02904 7.67107 1.66554 19 1 0 10 10 341 100.00000 0
2171 2500 11.86999 0.30255 7.42969 13.53950 7 0 0 3 4 34 100.00000 0
3660 6714 11.15628 0.00375 9.99147 5.14079 12 0 0 12 11 91 100.00000 0
2455 5269 11.68981 0.30783 3.16359 12.06477 4 0 0 1 2 25 100.00000 0
6786 7201 10.24214 0.02731 8.76977 5.42036 18 0 0 14 14 136 100.00000 0
2178 2503 10.26950 0.29786 7.66299 12.37558 4 0 0 2 2 17 100.00000 0
3679 6849 10.26745 0.11951 3.19585 6.84791 16 0 0 10 12 94 100.00000 0
2052 5187 10.74936 0.02658 10.51444 1.55192 77 0 0 65 61 265 100.00000 0
111 3795 10.50595 0.01434 9.07851 0.82234 21 0 0 13 7 431 100.00000 0
460 4173 11.79777 0.00987 11.98953 0.56093 13 0 0 3 5 336 100.00000 0
457 3980 11.49638 0.01155 6.95400 15.72849 11 0 0 8 5 237 100.00000 0
2177 2412 10.26875 0.29874 4.92274 7.90157 5 0 0 3 2 38 100.00000 0
777 3985 10.24876 0.00981 12.09594 0.56924 13 0 0 8 6 294 100.00000 0
3680 6856 10.97298 0.13900 10.28470 1.00522 15 0 0 11 11 111 100.00000 0
981 4142 11.02953 0.01426 20.67629 135.01246 11 0 0 7 5 227 100.00000 0
239 3901 11.94909 0.07899 12.30414 8.54619 12 0 0 12 2 344 100.00000 0
3094 5828 11.10592 0.02019 9.96564 0.93335 15 0 0 9 4 343 100.00000 0
5977 6036 10.10704 0.00608 6.54818 1.61058 28 0 0 24 17 510 100.00000 0
2172 2464 11.68279 0.30204 8.70845 40.27071 5 0 0 1 2 27 100.00000 0
812 978 10.77040 0.00229 3.87274 0.15323 17 0 0 7 7 412 100.00000 0
5990 6111 10.58967 0.01334 18.66245 0.76719 25 0 0 20 15 538 100.00000 0
6050 6125 10.89225 0.00919 11.88980 4.49257 52 0 0 49 42 564 100.00000 0
1359 4520 11.54538 0.00724 11.16167 0.41307 20 0 0 10 7 296 100.00000 0
6603 6675 11.74586 0.00594 14.67910 6.83524 41 0 0 30 30 209 100.00000 0
6604 6789 11.24828 0.00629 11.56990 0.54608 28 0 0 26 24 161 100.00000 0
642 3979 11.99371 0.01255 11.80605 0.71162 11 0 0 4 3 252 100.00000 0
2328 5272 10.63939 0.30767 6.09494 23.89122 7 0 0 1 1 53 100.00000 0
1590 4754 10.06641 0.01400 10.14715 0.80357 16 0 0 11 8 384 100.00000 0
7149 7203 11.24229 0.02743 10.74089 5.61723 18 0 0 11 14 139 100.00000 0
2312 5320 11.43827 0.82385 18.28278 47.20287 8 0 1 3 4 58 100.00000 0
2176 2437 10.80393 0.29947 13.92485 17.15828 3 0 0 0 2 15 100.00000 0
3246 6014 10.43816 0.01363 11.82914 18.83878 23 0 0 7 8 585 100.00000 0
7112 7202 10.99288 0.02735 9.01240 6.06928 14 0 0 14 13 77 100.00000 0
2770 5509 11.06598 0.01245 13.00752 6.11427 37 0 0 15 8 784 100.00000 0
2815 5536 11.68125 0.04535 9.18821 2.59872 27 0 0 19 9 711 100.00000 0
2359 5321 10.45620 0.77092 5.59367 3.15939 4 0 0 0 1 48 100.00000 0
1942 5057 10.01155 0.01166 7.10206 4.63675 13 0 0 11 7 104 100.00000 0
6607 6923 10.24121 0.00750 10.62227 5.60654 36 0 0 36 35 131 100.00000 0
6605 7012 10.99721 0.00661 11.91234 0.68643 29 0 0 19 23 140 100.00000 0
2535 5271 11.68632 0.33918 8.84860 19.43378 3 0 0 0 0 21 100.00000 0
6731 7202 10.99288 0.02735 9.86783 10.35942 30 0 0 24 20 111 100.00000 0
1927 5040 11.80408 0.00990 12.15498 1.40889 15 0 0 15 10 124 100.00000 0
3660 6661 11.15628 0.00375 12.65519 6.65490 11 0 0 6 5 94 100.00000 0
2178 2468 10.26950 0.29786 9.82442 12.48909 4 0 0 1 3 24 100.00000 0
6609 7175 11.22994 0.01664 8.53744 4.10637 31 0 0 11 14 188 100.00000 0
3540 6440 11.85126 0.04017 12.85881 9.63443 17 0 0 9 10 121 100.00000 0
2173 2440 11.32990 0.30114 9.88642 17.25378 4 0 0 0 0 25 100.00000 0
2156 2283 11.71973 0.09620 12.10884 41.44355 10 0 0 7 5 76 100.00000 0
2521 5270 11.33786 0.30847 5.14961 37.74854 6 0 0 1 3 32 100.00000 0
6613 7181 10.97893 0.01845 11.48750 2.62391 43 0 0 39 35 184 100.00000 0
3477 6402 11.29745 0.04273 10.82225 3.40904 41 0 0 30 28 201 100.00000 0
983 4146 11.78416 0.01610 23.33179 117.82262 10 0 0 2 4 254 100.00000 0
6605 6975 10.99721 0.00661 10.14380 3.83512 30 0 0 25 23 115 100.00000 0
458 4173 11.79777 0.00987 6.86513 10.38855 16 0 0 5 5 355 100.00000 0
3703 7225 11.08056 0.76917 2.55583 57.43010 10 0 0 7 5 142 100.00000 0
350 897 10.50898 0.00703 6.57855 14.26662 19 0 0 11 10 325 100.00000 0
3680 6994 10.97298 0.13900 10.15527 1.22749 17 0 0 13 14 100 100.00000 0
2422 5320 10.24209 0.74014 17.92401 42.40688 8 0 0 3 3 92 100.00000 0
351 4093 11.02224 0.01386 9.38430 7.28615 17 0 0 6 5 326 100.00000 0
2927 5646 10.06681 0.00285 8.04364 0.92366 24 0 0 9 12 333 100.00000 0
6075 6128 11.38936 0.00959 8.36102 3.17792 17 0 0 9 8 536 100.00000 0
3660 7030 11.15628 0.00375 8.74169 11.85594 35 0 0 26 20 155 100.00000 0
