2875 6465 11.37997 3.13401 13.65156 179.57158 11 0 0 4 7 156 100.00000 0
2281 4641 10.33926 2.17209 10.41556 124.45176 7 0 0 0 1 100 100.00000 0
727 2364 11.59337 0.01602 9.75886 1.56973 24 0 0 22 16 165 100.00000 0
664 2303 10.00971 0.01206 9.52139 1.35855 4 0 0 4 0 89 100.00000 0
4453 6880 11.50391 0.01357 7.60576 0.51205 21 0 0 11 8 406 100.00000 0
5274 5634 10.73340 0.01224 13.03477 1.80103 39 0 0 14 18 466 100.00000 0
1167 6557 11.46000 2.50050 2.80206 9.51577 5 0 0 2 2 96 100.00000 0
5394 5637 11.98348 0.01338 7.74493 0.76515 28 4 1 20 18 408 100.00000 0
1155 4078 10.09015 2.79338 3.34869 1.36171 6 0 0 6 2 133 100.00000 0
5313 5636 11.48350 0.01362 12.37975 2.09424 32 0 0 25 17 454 100.00000 0
577 7082 10.86016 2.94655 10.82772 168.82435 8 0 0 1 1 147 100.00000 0
1469 3746 10.79166 3.10909 3.41820 178.13743 8 0 1 2 2 153 100.00000 0
2614 4261 10.95837 3.10482 8.74502 34.54041 13 0 0 8 6 282 100.00000 0
654 7004 11.82911 3.08382 7.22708 176.69092 8 0 0 4 2 137 100.00000 0
175 7422 11.63325 3.04663 10.44592 174.55907 8 0 0 5 5 121 100.00000 0
2169 7153 11.68474 3.04841 2.94226 174.66076 5 0 0 2 4 51 100.00000 0
3649 5644 10.94752 3.12930 2.36778 1.02527 18 0 1 7 8 218 100.00000 0
2565 4307 11.82333 3.13335 2.93554 3.81444 13 0 4 9 6 160 100.00000 0
5160 5492 11.75078 0.00316 12.72553 0.16786 17 1 1 12 4 298 100.00000 0
707 6957 10.49859 3.11814 8.63102 178.65448 7 0 0 1 2 119 100.00000 0
1592 5638 10.37175 0.21470 6.15926 21.92260 26 2 0 17 15 262 100.00000 0
2310 7002 10.28864 3.09134 2.50641 5.09977 13 0 0 5 6 116 100.00000 0
2983 6354 10.04617 3.12760 15.57314 179.20303 15 1 0 11 10 223 100.00000 0
845 6846 11.13680 2.78264 9.42480 129.89317 6 0 0 2 1 106 100.00000 0
2390 6944 11.93398 3.11034 9.59551 139.36056 6 0 0 3 2 95 100.00000 0
4244 6709 11.17632 0.03305 9.39627 1.12813 16 0 0 9 8 274 100.00000 0
3681 5179 11.47913 3.12039 2.01185 3.88403 12 1 0 9 8 198 100.00000 0
666 4579 11.96130 3.11409 10.39772 178.42269 8 0 0 8 2 162 100.00000 0
846 6803 11.65775 2.56849 13.25278 147.16388 9 0 0 0 2 154 100.00000 0
1165 4058 10.13499 2.78017 23.58716 159.29206 5 0 0 2 1 71 100.00000 0
5487 5635 11.23314 0.01343 8.61220 0.77025 35 1 0 15 19 490 100.00000 0
2281 7035 11.02438 3.11616 2.53235 2.04813 5 0 0 3 2 114 100.00000 0
871 6812 10.75492 nan 5.09472 179.97202 9 1 0 2 0 159 100.00000 0
2189 7131 11.45305 3.00589 11.33280 4.75366 11 0 0 9 3 169 100.00000 0
5349 5635 11.23314 0.01343 12.71660 0.65312 50 0 0 44 34 488 100.00000 0
1201 4011 11.60302 3.07664 3.98182 176.28006 4 0 0 0 0 114 100.00000 0
5335 5634 10.73539 0.01218 9.01939 0.70443 36 1 2 31 23 491 100.00000 0
2429 6879 10.10836 3.12889 2.86474 1.13470 15 0 0 5 6 192 100.00000 0
2468 4420 10.13656 2.84177 2.40059 4.87805 14 1 0 2 6 171 100.00000 0
1177 2781 11.57526 0.78966 11.67919 45.24404 10 0 0 2 3 245 100.00000 0
807 4441 10.85764 3.10993 5.43589 47.26659 7 0 0 3 2 149 100.00000 0
484 7154 10.22289 3.04096 23.86985 102.95558 10 0 0 2 2 84 100.00000 0
3459 5813 11.88302 3.13669 18.83151 43.04889 9 0 0 4 1 121 100.00000 0
1257 3929 11.03190 3.13562 13.78120 179.65908 5 0 0 0 2 121 100.00000 0
169 7423 10.83834 3.03987 4.99718 174.17153 6 0 0 6 2 92 100.00000 0
2494 4344 11.26386 2.70291 11.25973 154.86524 9 0 0 6 4 147 100.00000 0
162 7418 11.19908 3.04783 3.23438 7.47092 6 1 2 0 1 49 100.00000 0
5320 5637 11.98348 0.01338 11.80545 1.26733 40 0 0 40 30 387 100.00000 0
2972 6346 10.35081 3.14090 7.07242 5.90598 15 0 0 7 5 184 100.00000 0
1145 4091 10.21901 3.07100 11.77093 173.10995 9 0 0 0 3 197 100.00000 0
172 7425 11.46992 3.03980 9.23936 172.61613 8 0 0 2 1 113 100.00000 0
2489 6845 11.36449 2.77400 15.48322 158.93862 5 0 0 2 1 64 100.00000 0
5412 5636 11.48350 0.01362 11.96702 0.67086 39 0 0 28 26 418 100.00000 0
1146 4057 10.02834 2.93081 6.89168 12.48047 9 0 0 5 4 118 100.00000 0
2459 6837 11.57387 2.36822 16.25521 40.78313 8 0 0 0 3 112 100.00000 0
3570 5689 11.42490 2.78372 13.19430 159.49562 24 0 0 1 6 221 100.00000 0
1569 5339 10.20782 0.01841 11.28650 1.05388 37 1 3 32 23 415 100.00000 0
