0.03814 0.04230
0.02111 0.02921
0.02166 0.03804
0.02025 0.03670
0.01811 0.03205
0.02550 0.04472
0.03555 0.03484
0.02272 0.03925
0.02634 0.02999
0.02176 0.02984
0.02833 0.02877
0.02452 0.03476
0.02907 0.03662
0.02700 0.03838
0.02470 0.04895
0.02050 0.03878
0.01949 0.02756
0.03946 0.03462
0.02493 0.04634
0.01662 0.03344
0.02687 0.04279
0.02105 0.03480
0.02651 0.05195
0.01800 0.03493
0.03389 0.03892
0.02354 0.04465
0.02696 0.04602
0.02296 0.04920
0.02569 0.03690
0.02111 0.04213
0.01879 0.03526
0.01715 0.03302
0.02021 0.03776
0.03712 0.03413
0.02359 0.03306
0.02185 0.03345
0.04312 0.04152
0.02024 0.03803
0.02070 0.03381
0.02720 0.04082
0.02189 0.04259
0.02424 0.04495
0.02173 0.03240
0.02987 0.03475
0.02716 0.02565
0.03873 0.03220
0.02546 0.03823
0.02221 0.03189
0.02125 0.02827
0.03417 0.05259
0.02251 0.02054
0.02039 0.03514
0.02950 0.04011
0.02091 0.02939
0.02028 0.02804
0.02277 0.04097
0.02589 0.04348
0.02199 0.02974
0.02902 0.05121
0.03268 0.03418
0.02436 0.03807
0.02285 0.02659
0.02529 0.02945
0.02068 0.04105
0.02433 0.04855
0.02673 0.04793
0.02024 0.03841
0.03067 0.03096
0.02025 0.03052
0.02047 0.02049
0.02016 0.03784
0.02680 0.05267
0.02132 0.04074
0.02202 0.03201
0.01907 0.02960
0.02631 0.03284
0.02129 0.03534
0.02914 0.04899
0.02557 0.03943
0.02497 0.03407
0.03066 0.03973
0.02705 0.04367
0.02168 0.03745
0.03065 0.03467
0.02078 0.03934
0.01703 0.03364
0.02714 0.03935
0.02019 0.03536
0.01826 0.03512
0.01945 0.03375
0.03226 0.04768
0.01894 0.03642
0.02400 0.03908
0.02297 0.03898
0.02564 0.05310
0.02018 0.03109
0.03167 0.03203
0.02450 0.04860
0.01981 0.02982
0.03206 0.03964
0.04335 0.04068
0.02996 0.03288
0.04218 0.04758
0.01925 0.03582
0.02416 0.03758
0.03326 0.04936
0.03138 0.03426
0.02691 0.03092
0.01748 0.03269
0.01991 0.03201
0.02353 0.03826
0.02339 0.02916
0.03014 0.04703
0.03468 0.03238
0.04768 0.04748
0.01820 0.02899
0.02421 0.02499
0.02072 0.03856
0.02438 0.03302
0.02753 0.03250
0.04535 0.03429
0.02510 0.05315
0.02162 0.03936
0.02791 0.03759
0.02310 0.02983
0.03067 0.05200
0.02274 0.04837
0.01667 0.03385
0.02042 0.03042
0.02446 0.03323
0.02219 0.02661
0.01988 0.03745
0.02489 0.03689
0.01852 0.03944
0.02572 0.05298
0.01803 0.02863
0.03616 0.04243
0.02038 0.03705
0.01819 0.02764
0.02006 0.02709
0.03204 0.05214
0.02504 0.04955
0.02797 0.03225
0.02290 0.03545
0.02609 0.05371
0.02543 0.03802
0.04363 0.03643
0.04133 0.04433
0.01720 0.03305
0.02333 0.04567
0.01999 0.03358
0.03517 0.03682
0.02440 0.02959
0.03459 0.02899
0.02420 0.03028
0.02162 0.03464
0.02051 0.03878
0.03207 0.04932
0.02501 0.03551
0.02975 0.03352
0.02135 0.03768
0.02122 0.03931
0.03551 0.03579
0.02054 0.04217
0.02413 0.04032
0.02247 0.03831
0.02104 0.03322
0.02066 0.03999
0.02078 0.03452
0.03417 0.05347
0.01903 0.03354
0.01869 0.03163
0.02264 0.03239
0.02172 0.03265
0.02901 0.03471
0.03087 0.04897
0.02381 0.03853
0.02330 0.04520
0.02623 0.03600
0.02265 0.02991
0.02336 0.03025
0.02485 0.04662
0.02833 0.05179
0.02700 0.03176
0.02253 0.04673
0.01819 0.02628
0.01831 0.03464
0.03131 0.03382
0.02491 0.04551
0.02795 0.04953
0.02736 0.04190
0.02684 0.03273
0.01823 0.03667
0.02215 0.03723
0.03659 0.04965
0.02405 0.03811
0.02523 0.02848
0.01701 0.04789
0.02901 0.04041
0.01994 0.03233
