32 2416 11.69083 0.84080 5.73718 3.35847 30 0 0 30 19 457 100.00000 0
584 1329 11.44588 0.01643 9.49260 1.26052 21 0 0 21 15 463 100.00000 0
583 1329 10.58680 0.01714 11.43308 0.98039 24 0 0 15 15 465 100.00000 0
1535 2585 11.70529 1.43565 10.73567 14.54687 14 0 0 3 4 260 100.00000 0
866 2628 10.76031 0.04720 11.85935 1.66107 32 0 0 25 22 350 100.00000 0
884 2637 10.26543 0.12983 8.58004 145.58268 13 0 0 10 7 307 100.00000 0
543 1280 11.67295 1.66358 11.28525 49.53540 16 0 0 13 9 284 100.00000 0
775 1557 11.67465 0.07071 9.51731 53.62203 10 0 0 1 3 247 100.00000 0
573 1317 10.50901 0.02034 11.41179 1.16399 45 3 0 45 33 496 100.00000 0
865 2604 11.63693 0.01499 11.87092 0.85547 32 7 1 7 12 540 100.00000 0
856 2620 10.82168 0.01847 15.79913 1.05721 57 0 0 37 35 701 100.00000 0
849 2614 10.90120 0.00592 10.95565 0.34718 58 0 0 58 49 586 100.00000 0
1519 2578 11.66793 1.39084 11.57388 76.90491 15 0 0 7 9 228 100.00000 0
774 1500 11.20667 0.02587 10.68469 1.48359 84 6 0 71 65 628 100.00000 0
1518 2576 11.77089 1.39266 5.26123 79.79369 10 0 0 3 6 188 100.00000 0
747 1479 11.67712 0.01548 11.63597 0.88955 54 3 0 52 29 777 100.00000 0
640 1384 11.35806 0.03641 12.47412 2.08488 25 0 0 14 7 618 100.00000 0
909 2625 10.08337 1.20961 8.76590 49.05447 30 0 0 27 23 288 100.00000 0
780 2567 11.83630 1.41893 13.06370 83.05459 8 0 0 5 3 190 100.00000 0
1554 2565 11.13388 1.49976 12.77810 85.92990 33 2 1 21 24 347 100.00000 0
588 1333 11.71107 0.01540 8.98524 0.87938 35 0 0 30 22 493 100.00000 0
883 2614 10.87805 0.06420 9.03060 3.67834 72 1 1 70 48 729 100.00000 0
