0.02387 0.01986
0.02321 0.01975
0.03112 0.01447
0.02122 0.02238
0.03006 0.01674
0.02535 0.02574
0.01735 0.01358
0.03118 0.01941
0.02329 0.02061
0.03008 0.02218
0.01889 0.02478
0.01866 0.02418
0.02231 0.01830
0.02178 0.02055
0.02113 0.02296
0.02269 0.02489
0.03346 0.03552
0.02543 0.03443
0.02099 0.02477
0.04502 0.03206
0.02019 0.01823
0.02850 0.01964
0.02637 0.03049
0.02467 0.01909
0.02759 0.01842
0.02670 0.02663
0.02043 0.00936
0.02081 0.01780
0.02748 0.02182
0.01611 0.01357
0.01884 0.02478
0.02469 0.02511
0.02315 0.01797
0.01692 0.01909
0.02308 0.01850
0.02549 0.03015
0.01725 0.01880
0.01848 0.01696
0.02326 0.01945
0.03065 0.02040
0.02926 0.01859
0.02369 0.02385
0.01827 0.01799
0.01803 0.01664
0.01555 0.01282
0.03100 0.02379
0.01944 0.02174
0.02783 0.02024
0.01756 0.02375
0.02572 0.02436
0.02138 0.01708
0.02594 0.02019
0.03019 0.02043
0.02689 0.02377
0.01853 0.02774
0.02582 0.02097
0.02524 0.02913
0.01740 0.02549
0.01879 0.02423
0.02221 0.02807
0.02251 0.02176
0.02325 0.02127
0.01879 0.01957
0.04266 0.02234
0.01789 0.01615
0.01794 0.01571
0.02305 0.01841
0.02759 0.02481
0.01587 0.01544
0.02095 0.02035
0.01450 0.01277
0.04223 0.02097
0.01709 0.02245
0.01587 0.01664
0.02130 0.02076
0.02873 0.02441
0.01739 0.01712
0.02521 0.02619
0.03084 0.03122
0.01744 0.01778
0.01783 0.01498
0.02427 0.02381
0.01640 0.01539
0.02683 0.03063
0.02498 0.02530
0.02031 0.01834
0.02306 0.02076
0.02017 0.01958
0.01709 0.02187
0.02155 0.02095
0.02869 0.02754
0.03011 0.02643
0.01597 0.01563
0.02294 0.02712
0.02416 0.01980
0.03379 0.03246
0.02804 0.02663
0.02140 0.01770
0.02308 0.01699
0.01766 0.01692
0.03085 0.01410
0.02031 0.02284
0.03819 0.02992
0.03259 0.02254
0.02903 0.01629
0.01860 0.02584
0.02405 0.02576
0.01987 0.02535
0.02589 0.02366
0.01571 0.01131
0.02055 0.02008
0.02786 0.03059
0.02085 0.02195
0.01703 0.01754
0.03495 0.02493
0.02165 0.02016
0.01778 0.01819
0.02101 0.01773
0.03029 0.03352
0.01625 0.01579
0.03920 0.01882
0.02871 0.02132
0.01869 0.02210
0.01810 0.01918
0.01902 0.02449
0.01763 0.01659
0.02103 0.02365
0.02310 0.01922
0.02213 0.02080
0.02044 0.01963
0.01684 0.02105
0.02101 0.01831
0.02070 0.02220
0.01744 0.02390
0.01757 0.02032
0.02767 0.01609
0.03331 0.02261
0.01863 0.01861
0.02021 0.01851
0.02047 0.02029
0.01759 0.01565
0.03570 0.01972
0.03121 0.02845
0.02633 0.01661
0.01754 0.01767
0.02289 0.01661
0.02090 0.02033
0.02100 0.02011
0.02497 0.02058
0.01953 0.02140
0.01906 0.02460
0.02383 0.02432
0.02307 0.02784
0.02636 0.03222
0.02788 0.02055
0.02232 0.01550
0.03213 0.03370
0.02171 0.01890
0.01208 0.01238
0.02301 0.02626
0.01774 0.01786
0.02976 0.03205
0.02027 0.02102
0.02077 0.02023
0.02324 0.02690
0.02360 0.02295
0.02720 0.02943
0.02156 0.02101
0.03129 0.03098
0.02697 0.03056
0.02130 0.01858
0.02545 0.02607
0.02615 0.02420
0.02642 0.02287
0.02608 0.02344
0.01933 0.01841
0.02658 0.02374
0.02398 0.02986
0.01695 0.02177
0.02435 0.03219
0.01845 0.01734
0.02484 0.01994
0.02996 0.02090
0.02826 0.02150
0.02217 0.01940
0.01592 0.01610
0.02980 0.02406
0.04522 0.03260
0.02084 0.02315
0.02418 0.03013
0.02458 0.02367
0.01903 0.02415
0.02935 0.02142
0.01925 0.01835
0.01865 0.01836
0.02281 0.02403
0.02310 0.02523
0.02356 0.02499
0.03318 0.02724
0.01653 0.01607
