5988 8036 10.63461 2.17040 0.73138 2.71296 62 4 17 53 40
4788 7095 10.81350 3.14082 2.14615 0.96834 102 0 0 96 37
1414 5052 10.33247 0.36931 0.37092 0.43969 127 88 31 127 88
5077 6904 10.86195 3.00305 0.94079 2.49764 48 8 0 44 17
5152 6832 10.06994 3.13832 0.96672 1.86215 26 0 0 26 9
1383 4966 10.28066 0.07490 0.37802 0.36154 61 41 9 55 41
5412 6699 10.68882 2.38054 0.80699 1.70456 63 5 1 50 29
283 8736 11.53186 0.06029 0.39481 0.24708 153 100 14 149 123
1444 5046 10.90901 0.33415 0.36585 0.82992 107 53 11 103 69
5416 6686 11.19655 2.12976 0.47925 0.97478 61 30 5 46 28
568 3789 11.33644 0.02823 0.74447 1.52880 86 45 17 84 36
4743 7181 10.95530 2.92613 1.84767 0.69492 37 0 0 27 11
551 3799 10.99034 0.03162 0.61213 1.17236 93 53 15 91 66
451 3708 11.51139 0.00466 0.40620 0.36045 70 40 8 61 53
1481 5085 11.31140 0.16682 0.52258 1.11522 110 48 11 105 73
1602 5348 11.99639 0.01276 0.74900 0.95080 27 4 8 19 13
6308 7718 11.32889 3.08737 1.12176 1.76658 35 0 0 28 14
38 3387 11.50802 0.00420 2.45800 0.94709 74 0 0 72 54
4678 7207 11.63310 2.48294 1.24679 1.97774 72 0 0 66 34
39 8586 11.48626 0.03120 1.81286 0.76156 24 0 0 18 13
4737 7202 11.02315 2.65492 1.51310 0.70942 57 0 0 50 25
4701 7233 10.63455 1.64708 1.48449 2.70139 86 0 0 75 23
1378 4993 10.70005 0.01567 0.47747 0.69323 75 29 11 73 41
1555 5205 10.74876 0.00984 0.33558 0.58148 22 11 3 17 10
1082 4433 11.63277 0.06594 0.29405 0.97558 96 52 23 87 68
342 8893 11.77738 0.01828 0.92268 0.74125 120 1 0 118 99
5111 6866 10.18816 3.12082 1.38645 1.69027 69 0 0 63 22
6031 8030 10.30772 3.13107 0.64891 3.72846 20 0 8 10 10
3300 8461 11.51975 0.00966 0.19355 0.56163 77 58 5 75 59
3309 8438 11.77066 0.01154 0.26650 0.72900 66 50 5 60 48
787 4003 11.50998 0.01277 0.56180 0.82234 27 17 1 20 19
570 3792 10.40776 0.02981 0.32197 1.69674 99 57 34 90 67
1524 5135 11.01220 0.00244 0.45503 0.27411 33 16 1 31 20
797 4017 10.74661 0.01164 0.41604 0.67551 57 38 5 45 39
2948 6004 10.19878 1.18354 0.35710 1.66883 28 13 6 21 12
5390 6681 11.48172 2.06655 0.97847 1.55972 54 8 7 38 21
2963 8097 10.74930 0.02549 0.63847 1.28115 12 4 3 9 5
1587 5217 10.75116 0.01148 0.26144 0.23407 95 65 16 91 59
2916 5965 10.05853 0.09146 0.73434 2.04717 51 34 15 48 20
17 3387 11.50802 0.00420 2.31913 1.14876 70 0 0 62 46
6310 7717 11.61955 3.08949 0.76112 1.65043 18 7 3 12 7
3625 8929 10.11312 0.03816 0.61009 0.84580 181 22 62 169 155
1326 7027 10.51857 2.99876 1.96956 2.20655 104 0 0 88 37
336 8867 11.13984 0.02555 0.80724 1.38847 225 108 6 220 168
1600 6738 11.81658 3.13946 1.71486 0.48618 27 0 0 25 17
1414 5015 11.07950 0.08558 0.42201 0.49099 106 80 21 101 66
737 3942 10.32301 0.84648 0.98757 1.36143 106 12 11 103 46
1482 6872 10.04486 3.12266 1.55454 1.48490 138 2 1 128 94
42 3414 11.75156 0.02822 2.34434 1.30266 36 0 0 36 28
6142 7877 11.44315 3.13854 1.62977 1.27165 48 0 1 35 8
128 3419 11.74596 0.01835 0.64134 0.49968 62 17 2 53 48
4796 7122 11.95018 3.03352 2.18316 1.70663 64 0 0 59 30
1100 4418 10.65491 0.05900 0.35271 0.47230 124 87 17 122 98
1495 5102 10.99809 0.02144 0.49334 1.05388 47 30 1 31 28
941 4172 10.52709 0.02551 0.63428 1.35595 82 44 4 72 54
2698 5646 11.29122 0.15585 0.42045 1.11592 76 56 16 76 47
504 3733 10.98126 0.01194 0.21650 0.69661 104 79 9 102 72
3277 8396 10.19108 0.42275 0.71102 1.39718 33 12 4 25 17
1522 5132 11.52055 0.00711 0.43551 0.99426 61 32 8 57 46
1449 6912 11.35509 2.89181 0.87120 2.32305 81 27 7 72 47
1237 7135 10.41648 3.08859 1.12887 1.54256 52 3 2 50 17
3223 8324 11.32034 0.02473 0.32467 0.86908 55 36 8 53 37
2934 5949 10.19149 0.03884 0.20718 2.26019 37 25 6 34 17
4771 7103 10.65832 3.09293 1.78247 1.54408 64 0 0 51 23
1537 6800 10.97155 3.13928 1.51038 1.78004 13 0 0 11 6
4736 7121 10.95820 3.11465 1.13808 1.27072 103 0 5 101 53
1012 4325 10.68182 0.02837 0.17129 1.39662 53 42 7 53 29
108 8610 10.49891 0.04796 0.48685 0.55813 46 30 7 34 29
5097 6852 11.69156 3.12546 1.72162 1.06680 33 0 0 29 11
5084 6894 10.58147 3.04418 1.20022 1.78356 79 0 2 74 53
3234 8402 11.47139 0.97493 0.42824 0.60198 41 19 6 35 20
1364 4931 11.87389 0.01883 0.51785 0.50976 90 40 14 82 56
546 3770 11.35102 0.04734 0.67771 0.85318 108 25 5 90 70
45 100 11.49053 0.02079 2.65743 1.21949 58 0 0 53 43
1637 6693 11.63501 2.20014 0.96264 1.36659 54 0 2 49 21
3168 8276 11.53381 0.07247 0.54501 0.73489 19 5 8 9 8
49 3414 11.75156 0.02822 2.29775 0.07402 41 0 0 37 26
1143 4551 10.01507 0.07036 0.54677 1.13436 205 42 5 200 160
3280 8398 11.13507 0.37005 0.75384 1.23099 40 6 1 27 26
102 3428 11.50927 0.05388 0.15399 0.44587 69 50 13 64 53
5010 6968 11.29138 2.95108 0.51670 1.66648 69 39 6 64 43
1213 7223 11.34054 1.90211 1.22028 1.04455 120 0 0 113 67
5048 6896 11.73193 2.63804 0.98433 2.15231 75 5 0 66 45
243 8697 10.88567 0.03663 0.50125 2.09891 71 22 13 60 27
4691 7164 11.27247 3.02844 1.37614 1.67958 97 0 0 89 48
3233 8398 10.80862 0.87012 0.30576 0.21670 42 26 12 40 23
880 4105 11.93766 0.04189 0.16980 2.16537 75 56 14 62 28
5994 8067 10.56765 1.58472 1.12679 2.68249 23 0 2 17 16
1213 4645 10.41249 0.08131 0.40455 1.92763 57 37 12 57 31
3279 8399 10.36215 0.33464 0.69986 0.99268 36 13 6 34 21
1215 4647 11.38444 0.07990 0.24758 1.06753 73 40 16 71 37
3200 8307 10.45604 0.16594 0.57972 1.54484 112 80 18 108 70
6037 7988 11.05039 3.13779 1.05099 3.47784 24 0 0 20 13
1624 5383 11.25008 0.02525 0.56853 1.24207 31 13 8 27 19
25 8585 10.74196 0.02857 2.07135 0.32021 42 0 0 40 29
1279 4835 10.99875 0.05521 0.67452 1.25865 64 21 18 58 21
5230 6759 11.88507 3.12304 0.91270 1.31522 97 1 1 73 59
1068 4364 11.00272 0.03437 0.34347 0.64952 66 47 3 62 50
8856 8910 10.38949 0.03636 0.77510 2.07283 131 44 7 125 57
3361 8501 10.24352 0.00476 0.32071 0.54823 90 65 11 85 64
3426 8620 11.04902 0.02550 0.37352 0.55953 30 17 3 27 17
981 4224 11.26091 0.41318 0.92081 2.56872 78 39 8 67 25
168 3467 10.54856 0.01504 0.37067 0.19383 87 53 7 78 58
5217 6790 11.76252 3.13150 0.66875 1.79319 5 2 0 1 1
5301 6767 11.10638 3.12139 1.01542 1.10394 20 4 4 16 9
532 3783 11.79261 0.01484 0.47139 0.41965 92 35 2 66 47
229 3516 11.83603 0.02063 0.95356 1.19877 91 48 8 89 41
5407 6672 11.61022 1.98239 0.55951 1.24553 57 13 9 54 26
105 3405 10.30328 0.02403 0.59136 1.09789 76 41 1 72 47
1250 7179 10.82512 3.00906 1.54631 0.61802 40 0 0 36 10
6134 7909 11.09334 3.13980 1.89446 0.56371 60 0 0 49 28
1538 6800 10.00986 3.13936 1.44771 1.75346 18 0 0 16 10
3233 8332 11.28283 0.19775 0.85250 2.09331 54 8 4 50 19
1250 7185 11.46706 2.97565 1.75956 0.40251 36 0 0 30 13
367 8881 11.25742 0.03415 0.57070 0.40926 106 34 26 97 78
8851 8903 10.87758 0.03191 0.58961 1.78400 155 54 11 152 86
7163 7227 11.30097 1.23672 0.46233 1.44672 53 28 19 53 29
1263 7139 11.60710 3.04318 1.51831 1.21917 37 0 0 31 13
1622 5377 10.00534 0.02559 0.45283 1.21692 25 10 1 20 11
1177 4562 11.54704 0.05295 0.56925 1.33472 95 64 5 91 71
3029 8133 10.50345 0.01303 0.36437 0.43431 57 35 10 50 33
1409 6925 10.24348 2.87217 0.80403 1.69858 77 8 3 63 41
2665 5613 10.83734 0.09575 0.17550 1.15691 64 52 5 50 46
1678 5403 10.94540 1.13851 1.08750 1.24835 33 2 1 31 18
5416 6678 11.92093 2.03890 0.57720 1.64330 65 17 11 53 21
2735 5688 10.25589 0.08270 0.38501 1.39269 17 5 5 14 7
1592 6749 10.57266 3.13709 1.77697 1.68795 33 2 0 26 11
1248 7191 10.42904 2.91139 1.64524 0.38155 58 0 0 47 16
1426 5071 11.44287 0.45463 0.63934 0.64771 77 22 11 73 48
192 8650 11.83438 0.01129 0.31122 0.51434 58 29 10 54 31
3047 8150 10.53539 0.03481 0.30589 1.17902 55 38 2 48 43
3469 8646 11.29900 0.00978 0.38080 0.48698 76 47 7 70 51
1213 4706 11.12573 0.09906 0.92160 2.51404 72 32 5 50 29
1099 4475 10.85715 0.05417 0.52526 0.25023 143 71 18 141 109
421 3656 11.26950 0.01192 0.29317 0.21489 313 266 34 309 275
662 3879 10.00162 0.02537 0.30585 0.35498 125 92 21 110 62
65 8585 10.74196 0.02857 1.55067 1.05425 43 0 0 41 26
869 4131 11.49482 0.00704 0.29336 0.44850 49 35 4 47 34
3261 8367 10.18055 0.90672 0.11316 1.39606 39 8 4 35 18
191 8676 10.85739 0.01627 0.32212 0.53522 92 70 12 84 64
537 3786 10.26905 0.01459 0.23566 0.47230 93 77 10 91 72
2942 6000 10.13712 1.02719 0.53650 2.00311 33 17 2 25 22
339 3582 11.07659 0.02189 0.45533 0.37534 200 126 17 198 171
4968 6996 11.42188 3.09670 1.22560 2.91067 19 1 0 6 7
2591 5585 11.46648 1.38067 0.29733 0.62055 78 45 13 67 50
976 4213 11.91001 0.44477 0.49172 2.24193 84 53 12 65 25
4910 7013 11.18828 2.99508 1.56062 1.71121 116 0 0 96 39
1655 6681 10.84117 1.78538 1.17664 0.96672 73 13 33 55 23
2958 8092 11.48210 0.04144 0.88105 1.22365 18 11 2 16 8
1132 4482 10.47787 0.07895 0.50404 0.32626 136 91 20 136 104
1408 5007 10.78992 0.08551 0.30822 0.94667 95 55 30 88 70
769 3981 10.28932 0.27680 0.70313 1.81337 52 11 3 46 32
1130 4476 11.33315 0.08089 0.34484 0.29342 140 106 27 138 113
2661 5639 10.78855 0.09797 0.13636 0.69210 34 17 5 30 17
1216 7187 11.86606 2.85067 2.12809 2.71022 74 0 0 34 5
4757 7150 10.35057 3.12753 1.65991 1.63015 67 0 0 64 26
3363 8531 10.02579 0.01563 0.10000 0.76156 87 65 17 87 67
1366 6980 11.22658 3.09564 1.67468 1.43204 35 0 0 33 24
322 8824 10.70421 0.05112 0.51998 0.28116 231 97 6 225 204
253 3533 10.07381 0.01522 0.59376 0.75381 117 97 8 114 94
1541 6820 11.95588 3.13107 1.18532 2.39310 14 0 2 6 8
3589 8857 11.26583 0.05082 0.35997 2.77516 280 162 4 272 149
1351 7022 10.63067 3.12180 1.58960 2.84193 91 1 0 86 47
1290 4812 10.21574 0.02344 0.42378 0.82709 70 18 25 64 21
7176 7230 11.12103 1.25418 0.28889 1.45697 69 32 16 69 38
2594 5597 11.45521 1.31962 0.89804 1.68563 44 11 7 41 18
2653 5634 11.79973 0.05114 0.17202 1.60328 27 17 5 21 17
3062 8165 11.55130 0.04840 0.31201 1.76813 52 38 4 48 33
4679 7225 11.35288 1.83809 1.03668 0.65909 112 1 0 99 74
4859 7081 11.68554 3.11619 1.86166 0.53959 31 0 0 25 7
3386 8531 10.75178 0.01039 0.27498 0.50358 88 63 16 84 57
1627 5326 11.75301 0.02710 0.14879 1.11347 35 22 6 31 18
6356 7620 10.42478 1.73005 0.61071 3.02841 69 0 0 69 52
4904 7044 11.76883 3.09693 1.72882 2.57982 104 0 0 98 53
1170 4608 11.71303 0.03794 0.70430 0.46478 91 13 8 72 51
1614 5367 10.98412 0.01304 0.35637 0.51586 42 10 11 29 12
3194 8343 11.41136 0.07426 0.67869 0.93251 50 19 0 43 33
3422 8616 11.77707 0.03243 0.41262 0.43969 42 22 7 40 31
7165 7229 11.66662 1.28931 0.44406 1.62702 43 24 11 40 28
914 4142 10.49397 0.00972 0.19823 0.52563 55 40 10 49 36
2901 5947 11.18402 0.03651 0.55199 2.10933 22 7 4 15 11
7162 7225 11.08314 1.16855 0.48132 0.94460 36 21 10 33 16
56 8547 11.75274 0.00574 2.15652 0.80064 59 0 0 53 40
5237 5295 11.24141 0.01397 0.44035 0.87581 25 11 4 22 14
2593 5582 11.56355 1.34431 0.60875 0.91172 77 15 15 71 32
6228 7812 11.51755 3.13286 1.07084 1.75167 19 1 0 8 7
3092 8196 11.34989 0.12846 7.51829 7.45351 16 0 0 8 8
755 4009 11.81708 0.12823 0.29672 1.94239 46 16 5 34 29
1224 4670 10.01207 0.05575 0.33452 0.59610 81 44 18 73 45
3605 8830 11.32970 0.06066 0.83199 3.41730 194 17 14 192 146
5382 6692 10.14992 2.20815 1.09348 0.88559 65 14 29 61 33
4758 7153 11.79342 3.11472 1.71165 1.41665 24 0 0 19 9
116 8583 10.99558 0.01661 0.41296 0.77632 29 14 3 26 17
1031 4314 10.09291 0.01767 0.31832 1.00949 70 43 14 67 43
3620 8883 11.31508 0.03541 1.19345 0.47970 124 0 1 120 100
3173 8280 11.97832 0.11593 0.33065 0.88559 57 28 6 53 38
4782 7130 10.77576 3.06593 2.00696 1.54002 73 0 0 65 37
1051 4371 10.37330 0.01401 0.33503 0.50513 95 54 7 93 74
991 4303 11.40733 0.34054 0.56994 0.49653 72 15 2 68 53
333 3578 10.01554 0.02137 0.53797 0.21306 232 113 21 232 203
