115 1547 10.74453 1.81495 0.15665 4.35046 222 66 51 220 127
2449 3377 11.51103 1.06393 0.11040 2.54699 296 67 76 292 130
371 2423 11.23183 1.47320 0.10805 1.70318 269 109 34 269 196
578 3561 10.68366 1.14106 0.02774 1.47909 482 229 86 482 406
525 3499 10.48394 0.06692 0.10263 0.66735 118 27 19 118 93
2334 3288 10.21449 0.60180 0.08425 1.73009 234 47 44 229 161
391 2423 11.78355 1.43327 0.77643 3.25028 278 81 73 278 100
1403 3556 10.73074 2.22336 0.12779 0.79966 422 162 61 422 370
15 4449 11.54991 0.30032 0.09955 0.91514 307 89 39 303 249
591 1415 10.97019 3.09723 0.14768 0.58013 118 41 5 118 100
595 1404 10.35491 2.30808 0.15921 1.14739 395 102 49 395 318
444 3427 10.04481 0.90278 0.04517 1.12047 326 158 48 322 256
523 3550 11.45851 1.08776 0.07098 2.46466 236 85 49 234 183
595 1405 10.42108 2.35133 0.17059 1.12952 366 108 46 364 283
1386 3550 10.00667 2.22747 0.12405 1.41111 323 93 55 319 262
2335 3263 10.68921 1.68586 0.16203 2.77714 379 169 94 379 203
572 1420 10.90436 1.95009 0.17607 1.56598 240 64 39 240 197
410 3398 10.06667 0.08351 0.23248 2.62674 403 119 67 401 251
595 1408 10.75489 2.49652 0.13979 0.53302 336 90 31 336 277
858 3768 10.49101 0.04389 0.08991 2.19339 280 112 54 280 169
571 1421 11.45938 1.88885 0.06585 1.47830 210 75 34 210 148
547 3502 10.88783 0.11507 0.25127 1.36487 113 29 8 105 74
413 3441 10.15621 1.24783 0.71582 4.49623 274 72 74 272 112
83 4512 11.02520 0.03714 0.14103 0.88999 197 69 19 197 156
551 3501 11.73357 0.11499 0.15211 1.36171 117 25 6 111 73
158 1616 11.69931 0.12112 0.13897 0.55107 216 71 49 209 162
754 3668 10.93412 1.51079 0.22808 2.03663 280 91 81 280 159
532 3553 10.10113 1.22467 0.02562 2.20051 495 220 97 495 396
556 1407 11.72521 2.51256 0.05967 1.30866 178 50 20 168 135
428 2456 10.19883 1.06349 0.07160 4.83440 264 133 50 259 138
2464 3402 11.17440 0.09188 0.31706 2.37899 348 136 41 346 231
544 3557 11.21174 1.41059 0.05070 1.62967 311 108 65 311 248
2455 3388 11.07632 0.61450 0.22382 2.70052 321 73 73 321 172
5 4431 10.81164 0.89906 0.29589 2.74837 345 98 67 345 220
447 3464 11.48221 0.02016 0.01522 1.11768 286 95 48 282 223
1540 4534 11.82773 3.13185 0.17295 3.91907 200 64 48 200 130
395 3377 11.00395 1.18611 0.15715 2.80379 369 151 75 369 203
717 3679 11.35865 0.62154 0.48140 2.79176 296 86 54 296 164
2328 3273 10.71687 1.61371 0.15422 3.01311 262 66 65 262 159
428 3408 11.76796 1.05132 0.22356 4.24934 185 63 61 181 103
378 3364 11.72483 1.59149 0.16221 1.77630 192 63 35 192 122
786 3713 10.60311 0.03818 0.10680 0.84765 259 86 23 256 211
749 3662 11.42045 1.29293 0.11188 2.57997 245 58 69 245 108
417 3446 11.29783 1.13541 0.21148 2.22070 183 40 30 176 99
2466 3407 10.19850 0.06239 0.10898 3.49648 275 74 64 275 119
92 1565 10.98516 1.94637 0.13736 1.24017 398 173 68 398 295
958 3841 10.50947 1.13182 0.04888 0.37115 380 163 85 380 331
915 3836 10.34230 0.02788 0.03466 0.67551 242 67 51 230 198
666 3624 11.09642 0.00355 0.11346 0.18975 334 125 60 330 278
1416 3551 11.15230 3.09194 0.12344 0.47478 173 47 26 173 135
562 1406 11.63728 2.56523 0.15703 1.33969 260 85 43 260 220
678 3616 11.85252 0.00666 12.15761 0.88999 292 0 0 290 262
419 2452 10.01915 0.50459 0.04498 1.48121 468 231 73 468 416
877 3784 11.97781 0.06473 0.15935 0.66500 276 92 47 276 218
751 3666 10.34155 1.39535 0.33959 2.69907 369 129 87 369 166
391 3369 11.88995 1.48783 0.24347 3.13787 304 108 60 304 130
516 580 11.61045 0.55335 0.14169 2.10636 100 7 11 90 52
475 3464 11.97015 0.01877 0.05039 0.43069 234 72 44 223 183
148 1576 11.63775 0.08388 0.18029 1.84780 178 25 27 178 125
1408 3554 10.14746 2.55443 0.16953 0.31528 413 133 41 409 361
667 3607 11.56704 0.01346 12.02432 0.72091 243 0 0 241 220
131 4532 10.50841 1.54555 0.14181 0.92788 439 80 12 429 390
405 3389 11.91620 0.55190 0.34039 3.44026 288 96 49 286 179
125 4540 10.85627 1.44683 0.36354 1.85097 408 53 26 406 305
684 3621 11.86790 0.01961 0.13874 1.11276 182 72 29 179 153
102 4520 11.13582 0.32612 0.15566 1.00717 326 82 53 326 236
2432 3403 10.70970 0.94258 0.54985 2.58467 337 152 81 337 214
511 3528 11.00628 0.18681 0.30567 1.58190 157 24 16 157 119
826 3745 11.94841 0.05989 0.04789 0.74913 85 18 9 83 66
471 3461 11.28026 0.02688 0.06141 0.94087 197 82 37 197 149
194 1619 11.49547 0.08180 0.12863 0.06256 204 55 23 201 151
541 3503 10.04788 0.11372 0.17705 1.22397 198 51 26 198 147
18 4453 11.70835 0.16095 0.16319 1.31105 188 42 42 188 157
1399 3532 11.38021 2.97869 0.11214 0.88470 163 54 22 159 139
772 3695 11.96207 0.07969 0.14007 1.95605 273 88 54 273 191
576 1389 11.68375 3.02322 0.07026 0.48457 236 78 37 234 198
518 3542 10.83686 0.61577 0.07321 1.97159 234 55 44 234 167
2439 3364 11.02399 0.96576 0.09599 3.43479 309 86 56 305 133
412 3442 10.95368 1.31661 0.62650 4.77019 207 50 27 205 75
569 1407 10.30924 2.58635 0.07938 1.71418 329 103 50 324 268
439 3459 11.71112 0.04273 0.09316 0.74703 238 70 31 236 180
874 3782 11.16013 0.05782 0.07353 0.39167 436 187 69 434 360
132 4537 11.66718 1.54946 0.34305 2.05938 314 22 16 314 214
597 1402 11.24369 2.15792 0.24231 1.31462 331 94 30 328 270
2452 3428 11.20538 0.70663 0.35166 3.09174 272 119 56 272 177
425 2479 11.64363 0.88348 0.55674 5.83049 333 122 74 333 159
1388 3542 10.64649 2.75023 0.17588 1.52393 356 139 69 354 280
492 3499 10.18538 0.04577 0.26607 2.43992 196 53 46 196 147
659 3601 10.89804 0.02354 0.12786 1.33472 237 76 47 237 192
2379 3312 11.17297 0.02863 0.08370 0.50822 258 53 72 245 178
219 1633 10.33262 1.44979 0.10647 0.59413 489 212 81 483 425
582 1383 11.27619 2.64342 0.13128 2.01110 290 120 29 283 243
2388 3344 11.19975 0.02217 0.07953 1.26702 163 37 25 163 121
1410 3527 10.31118 2.41201 0.08508 1.84483 359 153 36 359 282
737 3657 10.15225 0.52011 0.17132 2.05538 434 128 106 434 287
2469 3445 11.11509 1.54966 0.97199 6.13801 201 33 37 197 73
429 2479 11.43009 1.10903 0.39240 4.96475 201 87 32 194 105
7 4432 11.96482 0.87808 0.25976 2.35850 275 66 56 269 174
381 3364 11.64073 1.58401 0.03868 1.64402 200 70 39 200 143
149 1578 11.24811 0.07916 0.13002 1.73393 180 38 12 180 123
213 1630 10.02511 1.19971 0.03767 0.41871 446 198 49 438 400
681 3636 10.07453 0.02479 0.06095 1.36544 256 60 55 246 194
727 3693 11.66185 1.53192 0.37473 2.68073 313 74 97 313 156
564 3557 10.75864 1.39588 0.03867 1.52393 341 143 50 341 230
1398 3535 10.94358 3.08101 0.08021 0.97639 245 80 37 239 193
213 1649 11.10205 1.46747 0.09657 1.34232 294 83 64 294 230
510 565 11.20023 0.14017 0.56457 2.17385 117 13 9 115 68
421 3447 10.49148 0.91149 0.11625 0.92535 242 71 33 240 195
542 595 10.21960 1.32607 0.07474 1.81359 445 184 78 445 360
509 563 11.52826 0.13012 0.49407 2.07415 74 8 15 71 34
598 3532 10.25474 1.26658 0.20526 1.89134 469 239 80 467 373
740 3700 10.65723 1.01638 0.07018 1.03173 492 229 92 490 399
2449 3380 10.40104 0.92095 0.29631 2.10524 358 134 84 358 183
736 3656 10.57821 0.46328 0.21478 1.67164 309 71 79 309 214
702 3658 11.19489 0.03453 0.05390 0.40154 452 189 80 450 367
405 2442 10.16858 0.40647 0.27058 2.97664 406 118 81 404 248
2436 3360 11.51892 0.82616 0.12639 1.64711 309 139 48 302 225
2447 3373 11.76464 1.16633 0.12109 2.33649 341 73 102 337 178
515 576 10.93095 0.36941 0.29954 2.32675 150 26 14 146 96
521 586 11.14252 0.89090 0.12271 2.31917 251 49 45 244 185
714 3644 11.58707 0.01470 0.04074 0.38155 320 88 57 314 262
125 1551 10.88796 1.29487 0.19150 1.85224 408 57 30 408 276
2359 3280 11.60974 0.91132 0.24710 1.88409 203 41 56 201 138
593 3518 10.65518 1.28173 0.07121 2.87358 398 180 46 398 300
546 3557 11.21914 1.41025 0.03619 1.62003 308 114 61 306 228
97 1552 11.90716 2.58595 0.30933 2.45830 209 58 26 209 111
90 1564 11.94260 2.02168 0.19528 1.15182 347 115 57 342 286
392 2424 11.74396 1.40119 0.16380 3.20394 321 81 79 317 131
601 3538 10.76442 1.13034 0.16495 1.21241 518 274 86 516 452
945 3855 10.68365 0.34359 0.09725 0.57335 191 55 22 189 155
503 3487 10.36291 0.04223 0.19197 2.05976 189 60 58 187 148
405 3433 10.01999 1.05772 0.15349 5.00367 218 80 53 212 88
2342 3260 11.49206 1.57446 0.06354 3.02181 284 88 74 284 167
2473 3443 10.71559 1.51622 1.37148 5.11550 181 50 38 179 73
396 2431 10.60505 1.07662 0.29978 2.91282 429 142 75 425 230
800 3726 10.08626 0.02419 0.06378 0.33102 321 105 65 321 256
741 3657 11.69153 0.75466 0.13264 2.86020 280 40 60 280 180
603 3541 11.22881 1.01205 0.17914 1.81294 371 139 88 371 272
564 1409 10.85084 2.42396 0.07305 1.66154 301 96 48 295 237
106 4540 10.55858 0.55062 0.13350 1.52547 398 99 82 398 309
551 1411 11.18623 2.29926 0.13978 1.59004 270 106 29 256 223
91 1562 11.53892 2.13203 0.23797 1.43913 365 179 49 365 256
400 3383 11.69340 0.89346 0.52747 2.96610 326 79 47 324 163
539 1417 11.51541 1.94865 0.18012 1.73461 171 57 30 162 138
818 3739 11.86804 0.05403 0.11902 0.74336 80 20 26 80 55
1578 4537 11.65490 1.63819 0.30714 1.61641 349 85 47 347 271
741 3702 11.61325 0.95157 0.11892 1.06680 362 156 52 360 291
743 3701 10.10380 0.82626 0.15333 1.68005 401 151 43 395 279
495 3480 11.73798 0.02048 0.18809 0.39067 162 26 26 153 124
26 4463 11.34854 0.02353 0.05193 0.82945 281 79 76 281 223
588 1378 11.81548 2.20251 0.12421 1.04455 268 100 36 266 190
566 1403 11.69155 2.72289 0.17527 1.37487 133 35 23 133 97
698 3653 10.73586 0.02149 0.10189 0.32385 241 83 37 241 206
2432 3404 11.20678 0.95801 0.48870 2.67576 348 125 97 346 182
590 1382 10.80670 2.13124 0.04179 1.50350 307 132 35 303 248
595 3519 11.19941 1.36407 0.09598 2.78474 405 175 72 405 314
12 4445 11.12199 0.44621 0.19822 0.79278 337 75 23 337 266
619 3565 10.61115 0.01832 0.11153 0.98198 260 84 73 256 197
1385 3554 10.85013 1.97478 0.10845 1.08209 348 90 56 348 284
621 3587 10.80721 0.01343 0.07830 0.15826 214 78 18 214 181
1575 4529 10.71214 1.66072 0.29733 1.41000 499 203 88 497 396
719 3681 10.97407 0.77446 0.46686 2.91913 256 56 60 256 115
1418 3522 11.60818 1.88990 0.18378 1.99586 177 56 32 173 124
919 3839 10.00787 0.03057 0.15049 0.95121 233 70 24 231 198
708 3665 10.80542 0.01654 0.19561 0.60781 473 134 121 473 396
600 3536 10.63680 1.19250 0.41115 1.70387 491 186 74 489 376
552 1416 11.26247 2.00088 0.12427 1.86383 261 73 35 259 210
1390 3540 10.87568 2.87580 0.12219 1.04680 320 98 69 320 265
221 1636 10.07077 1.52997 0.10758 0.78385 444 171 109 444 376
546 3502 10.88827 0.11496 0.25452 1.30925 120 23 11 118 79
523 588 10.95953 1.01092 0.17283 2.38294 159 27 24 156 114
650 3611 10.98224 0.02716 13.71224 1.71965 97 0 0 94 76
565 1420 11.70149 1.83120 0.17870 1.89052 126 31 20 126 104
582 3562 10.30517 0.93559 0.02451 2.11970 433 179 66 433 289
792 3718 11.26078 0.01629 0.06622 0.73008 231 64 30 224 174
567 1414 10.14103 2.16253 0.10056 2.23055 294 98 39 289 235
370 2439 11.62313 0.64640 0.17005 1.36315 300 51 15 298 249
1558 4527 10.29856 2.35834 0.09820 1.76325 436 180 64 436 296
478 3488 10.80364 0.01575 0.19690 0.67086 198 43 44 193 141
835 3775 10.17397 0.07998 0.27532 1.57520 376 112 81 376 279
535 3556 11.07096 1.37410 0.04191 1.63590 310 99 70 310 250
1402 3527 11.84386 2.78534 0.08536 1.23035 209 62 34 206 169
1420 3539 10.52194 2.19549 0.10901 0.81277 337 103 62 337 286
508 558 11.79446 0.12236 0.12682 1.55217 94 13 8 90 44
513 3531 10.48913 0.23966 0.21907 1.47167 104 18 12 98 65
539 3502 10.76934 0.11422 0.25067 1.25865 151 45 15 151 93
514 577 11.75332 0.41583 0.25243 2.42334 81 8 19 79 54
558 3501 11.84659 0.11612 0.15464 1.51155 142 26 12 138 66
377 3366 10.89388 1.57292 0.08580 2.40957 163 40 23 160 91
560 1417 11.27358 1.95091 0.14952 1.97080 170 48 21 168 118
464 3455 10.16057 0.01633 0.03652 0.90655 384 131 65 375 320
501 3509 10.82882 0.02260 0.06679 0.80113 191 55 31 182 145
1403 3534 10.20601 2.89883 0.06976 1.04867 322 136 46 320 271
106 1579 10.98190 1.08515 0.06774 1.24427 427 113 68 423 345
2455 3432 10.65047 1.00399 0.27467 4.50006 365 152 86 360 222
533 3500 11.83555 0.10438 0.12416 0.98118 95 13 11 89 60
41 4479 10.39581 0.02173 0.09873 0.44850 401 154 63 401 324
964 3856 10.91288 1.47447 0.29092 1.21176 343 63 49 341 242
100 4538 10.44230 0.21965 0.09073 1.07082 403 130 69 403 331
557 3557 11.15820 1.40951 0.03529 1.52521 365 137 56 365 284
