2000 3419 11.77103 2.29658 0.77486 2.62018 27 18 7 25 13 103 100.00000 0
939 4195 10.75276 0.55559 1.64629 4.53112 50 8 30 48 24 200 100.00000 0
1795 4404 10.92120 0.64557 0.39696 2.14740 57 28 3 52 36 169 100.00000 0
3424 4572 11.36026 1.65936 0.65054 2.13772 76 25 2 66 33 286 100.00000 0
941 4221 11.09795 0.03076 0.38954 1.98209 58 19 11 56 35 305 100.00000 0
3313 4624 11.54661 1.93089 0.89507 6.19220 23 4 1 21 11 99 100.00000 0
3398 4574 11.66679 2.98580 0.38011 0.34150 57 41 7 55 34 304 100.00000 0
2013 3414 11.94384 2.91902 0.72050 2.31545 25 13 2 19 12 194 100.00000 0
1004 4265 11.18746 0.01602 0.17457 0.90135 37 30 5 37 25 252 100.00000 0
3411 4586 11.09934 2.30212 0.26958 3.09579 80 56 17 76 44 330 100.00000 0
3360 4601 10.07671 3.12944 0.24923 3.15840 55 36 13 50 27 207 100.00000 0
3316 4625 10.05877 1.99911 0.40783 5.91593 28 0 2 26 17 95 100.00000 0
2015 4579 11.80682 1.34021 0.34005 4.25607 34 19 4 32 19 210 100.00000 0
1036 4277 11.74153 0.79050 0.17442 1.39016 71 50 3 67 45 296 100.00000 0
1025 4274 11.85598 0.18143 0.09001 1.26795 69 50 6 61 43 304 100.00000 0
3420 4569 11.16863 1.78615 0.67734 0.88116 56 9 5 54 47 217 100.00000 0
3369 4594 10.53298 3.11977 0.69578 3.88978 45 15 6 45 16 137 100.00000 0
1011 4252 10.43428 0.02551 0.23900 1.08426 46 20 20 40 21 313 100.00000 0
993 4259 11.01126 0.01514 0.30866 0.88382 25 13 6 18 11 287 100.00000 0
2004 4562 10.60807 0.72206 0.67710 0.46478 35 3 1 33 14 202 100.00000 0
1034 4260 10.88328 0.64929 0.19822 1.41499 39 22 7 35 20 227 100.00000 0
3335 4630 11.35303 2.62880 0.56900 2.47037 51 34 7 49 33 164 100.00000 0
926 4210 10.75146 0.07148 0.61982 2.07585 85 9 1 83 59 285 100.00000 0
1910 4502 11.95305 0.07152 1.28827 1.65753 36 0 0 34 24 228 100.00000 0
909 4184 10.79670 1.93821 0.27513 2.83835 43 14 12 41 17 275 100.00000 0
1976 4547 11.30759 0.01199 0.95905 0.62432 31 1 0 29 22 243 100.00000 0
915 4178 11.78967 1.91361 0.25098 4.44497 35 23 6 33 11 183 100.00000 0
953 4211 10.15524 0.05537 0.44624 3.00192 58 10 34 51 21 265 100.00000 0
3341 4612 10.69718 3.02119 0.13209 2.58710 65 27 11 63 33 244 100.00000 0
2006 3408 10.52550 2.96467 0.26250 2.42043 50 28 14 48 19 221 100.00000 0
923 4179 11.02409 1.52544 0.13110 4.00096 25 13 7 17 9 153 100.00000 0
928 4183 10.43089 1.23718 0.09517 3.59684 39 14 4 37 18 228 100.00000 0
3403 4589 10.95719 2.79297 0.67373 3.05095 60 19 19 58 27 251 100.00000 0
2012 3405 11.38195 2.42277 0.80796 2.05633 43 26 3 40 15 245 100.00000 0
990 4240 11.05713 0.01777 0.22968 1.03779 31 18 3 23 17 264 100.00000 0
914 4181 10.27047 1.83737 0.22756 3.37139 40 21 5 34 19 240 100.00000 0
909 4198 11.32270 1.16772 0.21436 2.46672 68 32 30 61 45 249 100.00000 0
1773 4395 10.52059 1.63534 0.43728 2.99343 35 17 3 35 27 128 100.00000 0
909 4185 10.34135 1.88849 0.09319 2.87848 75 45 18 69 32 265 100.00000 0
904 4191 11.88056 1.79913 0.27681 2.53265 46 31 5 42 31 183 100.00000 0
945 4202 10.75995 0.16724 1.91452 3.27907 50 19 13 44 15 210 100.00000 0
3375 4605 10.08040 3.11669 0.41784 2.37240 49 18 8 46 23 244 100.00000 0
1917 4492 11.66333 0.08720 1.16822 0.74651 17 0 0 14 11 181 100.00000 0
2020 4573 11.91393 1.54531 0.65384 4.80701 25 5 1 23 6 139 100.00000 0
1034 4276 10.97397 0.66361 0.18288 1.27962 69 49 6 59 41 335 100.00000 0
1999 3415 11.39773 2.44775 0.97127 2.62883 28 14 6 15 8 138 100.00000 0
1775 4398 11.22049 1.59651 0.52976 4.02292 67 34 2 62 46 204 100.00000 0
1995 4576 11.99923 0.21194 0.79666 2.95949 25 3 1 23 16 107 100.00000 0
3326 4631 10.67376 2.23366 0.54467 3.38460 20 13 5 18 10 96 100.00000 0
956 4213 10.99299 0.04848 0.39446 2.55757 60 27 10 53 30 288 100.00000 0
2011 3406 10.85734 2.54035 0.64252 2.08994 67 28 5 65 45 239 100.00000 0
1787 4387 11.94287 1.16181 0.34071 1.77123 70 49 0 63 54 279 100.00000 0
1846 4423 11.27993 0.01279 0.22864 0.73115 21 16 1 16 16 193 100.00000 0
1971 4543 11.59748 0.02409 1.24815 1.01837 18 0 0 16 12 170 100.00000 0
3387 4597 10.54897 3.09658 0.44506 2.67254 41 12 5 30 15 228 100.00000 0
1799 4406 11.22994 0.40873 0.25062 1.76924 28 16 3 28 19 168 100.00000 0
1776 4397 10.39107 1.58363 0.56869 4.36395 60 37 2 56 40 205 100.00000 0
1775 4391 10.73241 1.61475 0.32384 2.34535 42 24 1 38 27 205 100.00000 0
1921 4512 10.95557 0.07440 1.66854 1.12605 25 0 0 22 20 240 100.00000 0
1016 4254 10.51339 0.01777 0.29445 0.81757 39 23 9 37 23 303 100.00000 0
3337 4614 10.61003 2.89118 0.19253 2.25655 40 27 2 33 30 161 100.00000 0
948 4226 11.02207 0.02363 0.16834 1.30836 65 32 22 58 38 286 100.00000 0
931 4185 10.91660 1.12040 0.59430 3.65870 33 8 5 31 17 197 100.00000 0
925 4209 10.48984 0.09126 0.53840 2.13240 63 8 11 58 38 263 100.00000 0
1024 4257 10.44843 0.13301 0.19405 1.69558 37 24 9 34 19 277 100.00000 0
1048 4275 11.27001 1.44258 0.46513 0.92746 73 31 12 62 41 268 100.00000 0
3335 4629 10.09324 2.64073 0.48890 2.59193 53 39 8 48 32 175 100.00000 0
1996 4559 10.09778 0.26574 0.74978 1.39156 37 6 0 35 15 190 100.00000 0
3320 4631 11.24219 2.03471 0.62281 4.29510 14 10 1 14 10 40 100.00000 0
932 4187 10.41657 1.02100 1.34064 3.93821 59 7 8 59 26 233 100.00000 0
935 4217 11.30734 0.02482 0.60390 1.66742 44 6 6 38 26 240 100.00000 0
1988 4554 11.73670 0.04640 0.82342 2.12449 21 0 2 13 12 160 100.00000 0
3313 4625 11.22320 1.91811 0.44818 7.40957 15 0 0 12 8 32 100.00000 0
3337 4613 11.86500 2.89679 0.12624 2.33129 48 36 2 43 35 161 100.00000 0
927 4211 11.01240 0.05930 0.58088 2.45846 87 7 1 87 58 289 100.00000 0
918 4205 11.43448 0.41236 0.48573 2.54853 52 19 30 50 25 262 100.00000 0
913 4180 11.16035 1.93124 0.22407 3.34691 55 34 17 55 27 243 100.00000 0
3350 4607 10.75398 3.13012 0.35954 3.05159 63 39 7 58 34 191 100.00000 0
1837 4431 10.31661 0.01613 0.23332 0.89962 60 56 1 58 44 250 100.00000 0
1007 4249 11.88875 0.02524 0.19573 1.10641 41 21 12 38 23 295 100.00000 0
1972 4562 11.86741 0.00792 0.91017 0.49099 43 1 2 43 29 224 100.00000 0
2018 4574 10.62174 1.46662 0.60602 4.31629 30 11 0 26 15 169 100.00000 0
2013 4578 10.18013 1.25027 0.39340 3.39015 37 17 5 35 20 221 100.00000 0
2007 3416 10.76830 2.89315 0.84862 2.29712 23 8 6 19 17 146 100.00000 0
3350 4623 11.07258 3.00671 0.20358 2.65962 42 30 9 35 28 177 100.00000 0
1975 4563 10.21330 0.00829 0.88453 0.49337 45 1 2 45 29 205 100.00000 0
2006 3405 11.65777 2.78985 0.40081 1.78947 40 21 5 30 15 181 100.00000 0
3408 4570 10.87426 2.47119 0.40348 0.65849 29 14 2 25 19 170 100.00000 0
3320 4620 11.54667 2.16904 0.92712 4.42031 25 6 2 25 12 75 100.00000 0
944 4200 11.37483 0.26690 1.54145 3.58638 56 17 36 56 30 205 100.00000 0
3331 4631 11.33074 2.44948 0.16778 2.14995 47 31 8 37 24 188 100.00000 0
2019 4574 11.28046 1.50488 0.67814 5.06848 22 5 0 20 7 122 100.00000 0
2014 4578 10.50472 1.29741 0.69689 3.83073 50 13 0 29 25 207 100.00000 0
3315 4624 10.75753 1.98481 0.61709 6.17241 25 4 0 21 14 102 100.00000 0
1846 4439 10.12485 0.02364 0.70057 1.57271 48 17 0 46 33 365 100.00000 0
1805 4392 11.92984 0.21849 0.07303 0.66793 23 19 1 16 17 138 100.00000 0
1972 4561 10.60044 0.00623 0.98312 0.32021 38 0 0 38 30 250 100.00000 0
967 4240 10.72533 0.01756 0.29852 0.89526 60 37 7 58 48 300 100.00000 0
3342 4611 11.31307 3.04279 0.12768 2.81703 44 16 1 40 24 188 100.00000 0
913 4202 11.93999 0.76753 0.25453 2.81550 52 18 23 48 24 251 100.00000 0
2017 4571 10.04170 1.43489 0.61858 3.98133 33 12 0 28 18 241 100.00000 0
3397 4591 10.03727 3.06997 0.33822 4.89617 49 0 0 39 23 213 100.00000 0
3418 4569 10.56296 1.87584 0.60118 1.20138 110 45 10 108 69 356 100.00000 0
1831 4410 11.25117 0.00843 0.43991 4.73226 19 5 0 13 15 180 100.00000 0
994 4259 10.21233 0.01528 0.02348 0.89613 47 23 17 42 24 367 100.00000 0
3324 4620 10.04451 2.28863 0.73857 3.35194 26 12 8 26 12 115 100.00000 0
1045 4277 11.81589 1.32315 0.30759 1.19518 63 50 8 63 47 279 100.00000 0
3399 4574 11.01889 2.94948 0.64077 0.38664 56 15 6 54 30 335 100.00000 0
3374 4607 11.67237 3.12439 0.45864 1.95164 53 36 3 50 38 213 100.00000 0
3352 4622 11.27447 3.01766 0.35598 2.69777 24 15 5 24 15 119 100.00000 0
2003 4561 11.35958 0.65753 0.82211 0.41496 47 1 1 45 23 177 100.00000 0
910 4181 11.75361 2.03191 0.25379 2.68234 31 18 5 31 18 172 100.00000 0
1048 4265 11.98599 1.42818 0.17292 1.06017 90 61 15 90 64 295 100.00000 0
972 4226 11.61386 0.03017 0.37908 1.66436 41 24 5 37 27 223 100.00000 0
3330 4631 11.14495 2.40421 0.42755 2.19250 35 17 8 27 14 131 100.00000 0
905 4192 11.45899 1.70048 0.15889 2.65741 64 37 19 64 45 217 100.00000 0
3408 4587 10.94561 2.48365 0.51840 3.32955 68 29 5 68 33 249 100.00000 0
1884 4476 10.86859 0.03449 0.66704 0.79623 46 8 0 44 39 309 100.00000 0
2002 3408 11.74755 3.06085 0.49611 2.63775 27 17 6 27 12 123 100.00000 0
1038 4262 10.10514 0.90286 0.19335 1.34814 62 53 6 60 42 301 100.00000 0
2009 3409 10.07049 2.84227 0.49063 2.63180 53 38 4 53 25 241 100.00000 0
971 4244 11.93306 0.02119 0.30567 0.88249 32 13 14 30 17 196 100.00000 0
1050 4273 11.32841 1.49845 0.24373 0.58684 45 28 4 41 28 237 100.00000 0
996 4261 11.33696 0.01223 0.25248 0.76515 39 26 7 39 24 266 100.00000 0
1808 4394 11.40235 0.15463 0.42798 1.52726 44 20 0 33 30 199 100.00000 0
908 4184 11.30926 1.98541 0.41504 3.07039 36 17 11 33 17 246 100.00000 0
1865 4442 10.81550 0.01758 0.90743 0.89962 19 0 0 12 12 235 100.00000 0
3358 4601 11.83048 3.12923 0.24020 3.24691 63 39 7 57 43 253 100.00000 0
1988 4572 11.24726 0.06362 0.91255 3.38402 32 2 1 27 25 173 100.00000 0
962 4236 10.44283 0.01649 0.14823 1.12187 85 67 11 85 57 378 100.00000 0
972 4244 10.96688 0.02179 0.35312 0.99387 47 15 24 37 31 271 100.00000 0
910 4199 11.41509 1.06317 0.29796 2.45591 58 18 29 54 35 232 100.00000 0
1787 4388 10.85736 1.16898 0.24714 1.63853 89 72 8 87 66 307 100.00000 0
1038 4261 11.36001 0.90229 0.20437 1.16197 48 34 4 46 35 247 100.00000 0
1987 4554 11.06692 0.03716 0.78257 1.93997 30 0 0 30 26 179 100.00000 0
2012 4566 10.21233 1.21747 0.55962 1.52084 42 13 4 38 26 221 100.00000 0
3418 4568 11.61788 1.87514 0.91199 1.37743 76 21 6 74 43 271 100.00000 0
1902 4478 10.28896 0.01911 1.33369 0.66735 30 0 0 28 22 354 100.00000 0
2008 3409 10.09309 2.90685 0.30469 2.52708 42 26 6 40 21 225 100.00000 0
991 4241 10.65182 0.01536 0.12424 1.00794 33 22 5 31 21 279 100.00000 0
1792 4388 11.09643 0.87569 0.37955 1.38706 91 59 8 89 60 304 100.00000 0
907 4197 11.84313 1.31813 0.33203 2.51310 56 23 28 56 37 271 100.00000 0
2018 4577 11.79739 1.46103 0.57687 4.86607 34 14 6 29 11 218 100.00000 0
1833 4428 10.89598 0.00736 0.58103 0.31652 33 15 1 31 26 252 100.00000 0
915 4203 11.55690 0.62720 0.29604 2.89476 52 14 15 49 23 272 100.00000 0
1800 4406 10.64921 0.35751 0.51628 1.11065 25 8 2 25 12 190 100.00000 0
3359 4617 10.55261 3.08446 0.25560 2.29865 38 20 5 34 20 141 100.00000 0
3419 4582 10.61624 1.85010 0.44911 3.86179 62 34 4 62 27 289 100.00000 0
1032 4276 11.68811 0.54189 0.29216 1.70318 44 22 6 42 26 286 100.00000 0
1818 4400 11.67105 0.03280 0.36385 1.83291 33 20 5 28 23 284 100.00000 0
951 4209 10.20779 0.05337 0.46513 2.91309 89 36 36 85 50 310 100.00000 0
1050 4268 11.40344 1.48604 0.32158 1.06753 96 62 10 90 66 338 100.00000 0
3336 4614 11.18141 2.85533 0.45951 2.29490 26 15 4 23 12 165 100.00000 0
1964 4555 11.83696 0.02242 1.74614 1.28390 35 0 0 33 27 212 100.00000 0
989 4240 10.18471 0.01666 0.31089 0.98715 26 16 5 19 16 261 100.00000 0
933 4186 11.61900 1.06941 1.37569 3.80261 69 4 8 65 25 169 100.00000 0
2015 4566 11.82640 1.35950 0.91818 2.83048 54 16 12 54 28 250 100.00000 0
