98 3788 11.81900 0.03819 0.85000 0.16786 19 0 0 19 13 242 100.00000 0
2678 5405 10.70459 0.01157 0.23844 0.65611 37 25 5 31 22 560 100.00000 0
352 4110 10.52336 0.01361 0.29484 0.27124 38 29 2 36 28 281 100.00000 0
459 3982 10.49489 0.01009 0.61898 0.51510 44 22 6 38 28 300 100.00000 0
346 709 11.50833 0.00719 0.52296 0.62118 38 17 2 36 30 254 100.00000 0
3265 6154 10.01053 0.00986 0.69275 0.59215 48 20 5 42 32 249 100.00000 0
3679 7107 10.26745 0.11951 0.73258 1.11838 6 0 2 4 2 69 100.00000 0
555 976 11.26895 0.00154 0.53279 nan 35 14 3 33 19 311 100.00000 0
531 976 11.26895 0.00154 0.53528 0.30390 35 11 3 35 20 295 100.00000 0
420 975 10.76826 0.00183 0.55427 1.00755 33 10 0 27 20 339 100.00000 0
7754 7810 11.31788 0.72617 0.76625 2.18964 35 7 3 28 15 209 100.00000 0
3018 5736 10.49427 0.04344 0.41189 0.40445 47 30 8 47 32 322 100.00000 0
2471 5270 11.33786 0.30847 1.34776 2.07622 17 7 3 13 5 107 100.00000 0
1358 4519 11.79033 0.00498 0.40430 0.34943 51 30 5 48 39 336 100.00000 0
614 975 10.76826 0.00183 0.41606 1.03892 41 15 5 30 23 375 100.00000 0
734 4172 10.02836 0.01118 0.48856 0.53082 58 27 3 56 34 388 100.00000 0
3660 6675 11.15628 0.00375 0.64452 0.23407 7 2 0 5 2 102 100.00000 0
758 4172 10.03026 0.01108 0.48295 0.38765 46 19 5 42 24 414 100.00000 0
6806 7202 10.99288 0.02735 0.94008 0.73966 10 2 1 7 3 113 100.00000 0
2424 5270 11.33786 0.30847 0.33782 1.96702 16 5 8 16 8 117 100.00000 0
497 976 11.26895 0.00154 0.46027 0.22381 44 22 3 42 28 366 100.00000 0
6603 6850 11.74586 0.00594 0.74488 0.75017 15 3 0 12 12 114 100.00000 0
2843 5563 11.77477 0.05659 0.80562 0.73061 28 13 6 26 14 366 100.00000 0
458 4171 10.79933 0.01107 0.61543 0.66205 46 10 2 40 28 382 100.00000 0
3389 6303 10.30408 0.05438 0.56755 1.54205 11 3 1 7 4 105 100.00000 0
345 476 11.74965 0.00708 0.56177 0.46140 26 14 4 24 17 199 100.00000 0
1211 4394 11.01681 0.01370 0.38444 0.48939 21 14 2 19 14 211 100.00000 0
1591 4756 11.77052 0.01505 1.33198 3.89179 15 6 2 13 9 196 100.00000 0
1033 4214 11.50809 0.00802 0.52084 0.39762 48 22 11 48 36 227 100.00000 0
898 980 11.77208 0.00498 0.30629 0.45800 50 29 6 46 26 370 100.00000 0
1497 4649 10.80174 0.00434 0.47615 0.39565 27 15 3 25 17 179 100.00000 0
2287 5313 11.57005 0.70560 1.57330 1.90249 18 12 2 16 10 151 100.00000 0
2172 2321 11.33265 0.27787 1.58177 1.71783 10 1 0 4 3 123 100.00000 0
3246 6020 10.39814 0.01340 0.88453 0.42521 23 0 2 23 14 213 100.00000 0
3053 5787 10.69800 0.01198 0.45329 0.70721 44 28 11 42 29 318 100.00000 0
2171 2470 11.86999 0.30255 0.37775 2.21187 11 3 2 6 7 117 100.00000 0
392 974 10.01406 0.00381 0.26776 0.23407 36 25 3 34 23 334 100.00000 0
3153 5872 11.09845 0.04461 0.54277 0.52265 28 13 5 24 19 198 100.00000 0
345 660 11.74965 0.00708 0.68517 0.75121 53 11 7 53 42 272 100.00000 0
7104 7204 11.73924 0.02765 0.96467 1.02221 14 1 0 10 6 126 100.00000 0
2268 2564 11.48797 0.58047 0.48773 1.75212 29 13 8 22 18 192 100.00000 0
1697 4865 10.52734 0.00414 0.35087 0.29871 68 51 6 62 52 299 100.00000 0
2218 5305 10.48793 0.48154 0.25045 0.36369 25 16 6 25 12 172 100.00000 0
2184 5300 10.80906 0.35654 1.01705 1.47485 23 15 7 21 13 117 100.00000 0
3231 6009 10.25562 0.04391 0.81981 0.61421 37 0 1 34 19 308 100.00000 0
733 979 11.51780 0.00406 0.59752 0.30901 45 10 4 34 23 375 100.00000 0
2281 5312 11.91985 0.68669 1.26164 1.52547 11 4 2 8 4 110 100.00000 0
165 3828 10.68290 0.01326 0.51707 0.72091 28 8 6 24 12 359 100.00000 0
2420 5269 11.68981 0.30783 0.83078 1.81424 17 4 3 15 6 109 100.00000 0
337 3957 10.51725 0.00644 0.40926 0.39565 45 26 4 37 32 242 100.00000 0
6603 7152 11.74402 0.00648 1.62099 0.39762 9 0 2 6 4 103 100.00000 0
1490 4643 10.03190 0.00777 0.41216 0.54393 62 37 12 62 43 224 100.00000 0
1007 4188 10.27012 0.01706 0.36570 0.28939 121 85 16 119 109 381 100.00000 0
1759 4933 10.45872 0.70154 0.42482 0.89438 19 10 2 8 10 109 100.00000 0
6606 6919 10.49518 0.00708 0.69856 0.38359 28 6 2 28 19 165 100.00000 0
791 979 11.51970 0.00400 0.72671 0.25944 50 6 0 48 30 394 100.00000 0
2317 5270 10.63578 0.26030 0.34767 1.52495 11 4 4 9 3 87 100.00000 0
632 3982 10.49489 0.01009 0.35443 0.83697 46 22 3 46 28 300 100.00000 0
6603 6748 11.74586 0.00594 0.72381 0.85592 20 3 0 14 12 127 100.00000 0
2228 2559 10.88836 0.49447 0.66786 0.64952 18 11 1 12 11 135 100.00000 0
346 608 11.50244 0.00580 0.52477 0.36045 48 32 9 48 38 255 100.00000 0
6606 6982 10.49518 0.00708 0.59532 0.68414 11 4 2 4 5 130 100.00000 0
2862 5582 11.64744 0.02020 0.51145 0.20174 27 14 3 24 16 281 100.00000 0
147 3815 11.45022 0.03145 0.44072 0.75537 44 23 8 41 24 356 100.00000 0
1397 4571 11.51180 0.00561 0.46083 0.27836 71 42 14 71 50 540 100.00000 0
1835 4974 10.05173 0.03954 0.44518 0.45542 44 25 10 40 27 216 100.00000 0
404 977 11.52020 0.00049 0.40951 0.02798 23 11 6 21 15 337 100.00000 0
481 3982 10.49489 0.01009 0.57631 0.48618 45 20 9 41 30 303 100.00000 0
6668 7203 11.24229 0.02743 0.68758 0.49337 11 3 1 11 10 131 100.00000 0
2622 5348 10.90531 0.02185 0.68548 1.28664 41 24 6 36 22 221 100.00000 0
2719 5443 11.29588 0.01172 0.18585 0.52786 32 23 5 32 21 539 100.00000 0
6604 6918 11.24828 0.00629 0.96145 0.46478 9 0 0 6 7 107 100.00000 0
3985 4106 11.26913 0.01135 0.74320 0.40251 39 13 7 31 24 322 100.00000 0
2565 5331 10.40103 0.58587 0.62011 1.72918 47 7 1 47 24 255 100.00000 0
5975 6038 11.10028 0.00458 0.71160 0.90784 50 8 1 32 24 307 100.00000 0
8038 8089 11.01070 0.43522 0.32038 3.01792 121 49 11 119 77 697 100.00000 0
6606 6956 10.49518 0.00708 0.72777 1.23131 12 5 0 9 5 117 100.00000 0
667 4173 11.79777 0.00987 0.40937 0.44146 29 16 4 27 19 340 100.00000 0
346 654 11.50244 0.00580 0.51286 0.39565 31 17 6 26 20 256 100.00000 0
148 3816 10.81143 0.02904 0.48519 0.59413 36 20 1 34 25 288 100.00000 0
2171 2500 11.86999 0.30255 0.45880 2.10208 12 3 1 7 5 106 100.00000 0
3694 7205 10.66241 0.46041 0.53345 0.80015 13 6 2 6 5 124 100.00000 0
773 979 11.51970 0.00400 0.72421 0.39067 48 10 0 48 34 320 100.00000 0
540 974 10.01791 0.00258 0.37079 0.33804 49 28 11 49 33 364 100.00000 0
1864 4978 11.72648 0.00625 0.29550 0.47642 11 7 2 9 6 119 100.00000 0
111 3795 10.50595 0.01434 0.93503 0.85501 41 0 0 37 29 296 100.00000 0
1251 4418 10.26327 0.01129 0.41668 0.33688 44 25 6 40 31 218 100.00000 0
460 4173 11.79777 0.00987 0.58166 0.37534 28 9 3 22 15 318 100.00000 0
457 3980 11.49638 0.01155 0.52784 0.82472 27 11 5 22 20 221 100.00000 0
2177 2412 10.26875 0.29874 0.95863 2.03298 12 4 3 10 2 95 100.00000 0
777 3985 10.24876 0.00981 0.61548 0.52339 31 12 3 26 19 279 100.00000 0
3680 6856 10.97298 0.13900 0.35400 1.03022 7 0 1 3 3 106 100.00000 0
981 4142 11.02953 0.01426 0.32212 0.56786 56 37 5 50 29 370 100.00000 0
239 3901 11.94909 0.07899 0.45088 0.79917 33 18 8 25 18 195 100.00000 0
4116 4174 10.00670 0.00664 0.27691 0.22381 65 49 7 61 44 387 100.00000 0
3094 5828 11.10592 0.02019 0.28783 0.87133 25 16 1 25 21 252 100.00000 0
5977 6036 10.10704 0.00608 0.69551 0.39466 34 10 2 30 16 309 100.00000 0
2172 2464 11.68279 0.30204 1.34426 2.13001 11 5 0 4 2 86 100.00000 0
812 978 10.77040 0.00229 0.41516 0.20558 60 30 10 58 46 421 100.00000 0
5990 6111 10.58967 0.01334 0.32290 0.78335 24 17 5 24 14 266 100.00000 0
1067 4264 11.51297 0.00305 0.32982 0.18767 62 44 12 60 40 280 100.00000 0
711 4170 10.03241 0.01130 0.53519 0.42521 62 27 5 53 42 411 100.00000 0
6050 6125 10.89225 0.00919 0.76745 0.13122 29 5 6 19 12 224 100.00000 0
1359 4520 11.54538 0.00724 0.28996 0.46897 28 21 4 25 19 262 100.00000 0
6603 6675 11.74586 0.00594 0.65767 0.50590 20 3 1 20 14 150 100.00000 0
4011 4171 11.77155 0.00644 0.49553 0.34830 45 26 3 45 29 317 100.00000 0
350 917 10.50898 0.00703 0.70508 0.40638 42 11 3 36 23 305 100.00000 0
848 3984 10.74879 0.01016 0.67522 0.52786 46 12 7 39 28 323 100.00000 0
8045 8108 11.99700 1.25167 0.57219 2.46593 63 3 2 61 29 332 100.00000 0
642 3979 11.99371 0.01255 0.65660 0.64468 37 18 6 29 22 297 100.00000 0
2328 5272 10.63939 0.30767 0.93771 2.05747 19 12 4 11 9 72 100.00000 0
1590 4754 10.06641 0.01400 0.71669 0.92323 33 14 2 26 23 214 100.00000 0
464 4170 10.30159 0.01147 0.49334 0.35608 41 16 8 38 22 341 100.00000 0
7149 7203 11.24229 0.02743 0.93281 0.38664 7 2 2 7 4 105 100.00000 0
2176 2437 10.80393 0.29947 1.13058 2.24036 18 9 0 13 8 143 100.00000 0
368 967 10.00277 0.01055 0.46062 0.60652 60 38 6 55 36 353 100.00000 0
3246 6014 10.43816 0.01363 0.82451 0.77531 17 4 0 15 12 254 100.00000 0
7112 7202 10.99288 0.02735 0.65351 0.31528 8 1 2 8 4 107 100.00000 0
1553 4703 11.01707 0.02319 0.84021 1.28420 23 5 0 19 16 201 100.00000 0
2770 5509 11.06598 0.01245 0.51636 0.51434 44 29 10 42 29 492 100.00000 0
889 979 11.51970 0.00400 0.63540 0.47313 47 13 2 42 29 360 100.00000 0
2815 5536 11.68125 0.04535 0.47667 0.20936 37 20 6 35 25 465 100.00000 0
417 4172 11.29839 0.01034 0.50176 0.38155 48 21 3 46 33 328 100.00000 0
925 976 10.00929 0.00120 0.62967 0.31153 54 17 4 45 32 372 100.00000 0
6607 6923 10.24121 0.00750 0.52434 2.18588 17 4 1 12 10 173 100.00000 0
2535 5271 11.68632 0.33918 0.73394 1.93997 13 4 5 9 7 85 100.00000 0
2175 2384 10.80392 0.29987 1.47894 1.80559 21 11 2 16 7 138 100.00000 0
2178 2468 10.26950 0.29786 1.31575 1.83184 15 7 1 15 8 99 100.00000 0
6609 7175 11.22994 0.01664 0.31393 0.83181 15 3 5 12 5 193 100.00000 0
3540 6440 11.85126 0.04017 1.37182 2.10691 6 1 0 6 3 46 100.00000 0
2267 2565 11.79055 0.60432 0.86968 1.46393 26 10 4 24 17 150 100.00000 0
364 4161 10.26025 0.01913 0.34098 0.84996 46 34 5 44 30 329 100.00000 0
2173 2440 11.32990 0.30114 0.59677 2.54837 12 2 3 3 3 120 100.00000 0
348 618 10.25119 0.00537 0.55814 0.39565 58 34 8 56 44 358 100.00000 0
829 976 10.00929 0.00120 0.77573 0.62432 52 12 6 50 30 363 100.00000 0
2156 2283 11.71973 0.09620 0.66844 0.55249 16 4 4 14 11 134 100.00000 0
2521 5270 11.33786 0.30847 1.36319 2.03086 15 2 5 11 2 109 100.00000 0
6613 7181 10.97893 0.01845 1.10490 0.81565 9 1 1 4 2 129 100.00000 0
983 4146 11.78416 0.01610 0.32312 0.87670 50 25 5 44 36 332 100.00000 0
825 4173 10.53017 0.01052 0.47915 0.43521 54 28 1 45 31 315 100.00000 0
458 4173 11.79777 0.00987 0.55147 0.34492 36 11 6 32 17 358 100.00000 0
1266 4445 10.02312 0.01663 0.36249 0.26834 25 15 1 18 17 166 100.00000 0
4002 4166 11.51660 0.01168 0.52509 0.94212 34 20 3 23 23 310 100.00000 0
3703 7225 11.08056 0.76917 0.75857 1.25679 14 1 0 14 10 122 100.00000 0
2644 5371 11.79552 0.02474 0.35163 0.49099 56 33 4 52 35 320 100.00000 0
350 897 10.50898 0.00703 0.77168 0.40734 24 3 2 13 11 274 100.00000 0
654 4170 10.30159 0.01147 0.44650 0.40734 53 38 2 51 35 404 100.00000 0
558 974 10.01791 0.00258 0.39805 0.49653 38 19 5 33 18 374 100.00000 0
350 743 10.50898 0.00703 0.55141 0.40445 44 16 6 42 28 312 100.00000 0
351 4093 11.02224 0.01386 0.60322 0.69661 37 11 5 33 22 321 100.00000 0
2927 5646 10.06681 0.00285 0.38960 0.16551 33 21 7 31 23 170 100.00000 0
761 4175 11.52745 0.00992 0.55153 0.63118 59 26 12 55 38 361 100.00000 0
6075 6128 11.38936 0.00959 0.10598 0.31279 31 10 8 26 7 301 100.00000 0
508 3982 10.49489 0.01009 0.54619 0.64041 55 20 7 51 38 296 100.00000 0
484 4170 10.30159 0.01147 0.44543 0.61230 42 19 5 38 27 329 100.00000 0
