0.02561 0.04739 0.00707
0.02299 0.05411 0.02641
0.02325 0.03383 0.01790
0.01978 0.03509 0.01184
0.01846 0.02986 0.01862
0.01466 0.02242 0.01269
0.01351 0.02661 0.00138
0.02269 0.03777 0.00800
0.01860 0.03203 0.00993
0.01850 0.02762 0.02208
0.01621 0.02623 0.01943
0.02069 0.05135 0.00770
0.01287 0.03161 0.00829
0.01763 0.03557 0.01178
0.02442 0.03556 0.01599
0.02016 0.02739 0.01833
0.02291 0.04439 0.01849
0.01919 0.03775 0.01946
0.02213 0.04545 0.02050
0.01764 0.03398 0.01854
0.02370 0.04955 0.00240
0.02856 0.03979 0.02129
0.01956 0.02502 0.02352
0.01842 0.02924 0.01857
0.02076 0.02917 0.01146
0.02374 0.03609 0.01240
0.02110 0.03521 0.01708
0.01640 0.03530 0.01853
0.01442 0.03573 0.00747
0.01655 0.03639 0.01881
0.01784 0.03887 0.00548
0.01462 0.03056 0.01929
0.02444 0.03002 0.01869
0.01789 0.04192 0.01426
0.01851 0.04179 0.00211
0.01712 0.02894 0.01893
0.02522 0.04732 0.01405
0.01927 0.03402 0.00304
0.01571 0.04543 0.01432
0.01526 0.03663 0.01237
0.02197 0.04541 0.01657
0.01603 0.03375 0.02179
0.02861 0.03674 0.03616
0.01936 0.03767 0.02246
0.01920 0.02944 0.01891
0.02090 0.03707 0.02098
0.01782 0.03278 0.00736
0.02616 0.03568 0.00601
0.01679 0.02684 0.00961
0.02560 0.03095 0.00426
0.02071 0.03613 0.01864
0.02363 0.05604 0.01912
0.02014 0.03077 0.00617
0.02740 0.03515 0.01633
0.01839 0.03439 0.01887
0.02383 0.02084 0.01891
0.01412 0.02639 0.00680
0.01413 0.02924 0.01839
0.02192 0.03099 0.01894
0.01830 0.03363 0.01888
0.02335 0.05349 0.01347
0.01379 0.02752 0.01039
0.01977 0.04517 0.01859
0.02035 0.05333 0.02088
0.02023 0.03398 0.01845
0.02346 0.05564 0.01300
0.01851 0.03221 0.01035
0.01380 0.03191 0.01868
0.02295 0.03418 0.01512
0.01997 0.03153 0.01120
0.01660 0.03039 0.01866
0.01729 0.02187 0.00924
0.01521 0.02951 0.01144
0.01417 0.03525 0.00980
0.01637 0.02570 0.00712
0.01821 0.03549 0.00535
0.02045 0.03372 0.01953
0.01708 0.03203 0.03691
0.01322 0.03138 0.01610
0.01493 0.03436 0.00610
0.03068 0.03272 0.00623
0.02657 0.04168 0.02184
0.01762 0.03127 0.01284
0.01337 0.02982 0.01023
0.02361 0.05267 0.02115
0.01287 0.02973 0.01864
0.01522 0.03712 0.01496
0.02343 0.04513 0.00597
0.03574 0.04740 0.01997
0.01273 0.02992 0.01813
0.01963 0.04539 0.00448
0.01814 0.02975 0.01936
0.01615 0.02931 0.01481
0.02438 0.02539 0.01846
0.01911 0.03288 0.01861
0.02337 0.04647 0.01198
0.01756 0.03480 0.00182
0.02375 0.03471 0.01919
0.02063 0.03436 0.02238
0.01441 0.03371 0.01881
0.02060 0.03440 0.01862
0.01335 0.02844 0.00261
0.00953 0.01526 0.01912
0.01743 0.03374 0.01401
0.02086 0.03255 0.00083
0.01864 0.03406 0.00303
0.02006 0.03145 0.00262
0.01964 0.02968 0.00109
0.01564 0.03358 0.00587
0.02795 0.05332 0.02132
0.02189 0.02865 0.00407
0.02251 0.03280 0.00070
0.01363 0.02955 0.02114
0.02492 0.05188 0.01187
0.01906 0.02924 0.02193
0.02517 0.03662 0.00441
0.02314 0.04018 0.01895
0.02144 0.05453 0.01904
0.01882 0.02371 0.01835
0.01837 0.03438 0.01946
0.02013 0.04276 0.00520
0.02387 0.03537 0.01941
0.01904 0.02086 0.01889
0.01630 0.03260 0.01745
0.01623 0.03080 0.00105
0.02271 0.03562 0.01850
0.02096 0.03341 0.00644
0.02500 0.05116 0.01860
0.01869 0.03075 0.00757
0.00897 0.01488 0.00893
0.01851 0.04423 0.00763
0.01157 0.01486 0.00797
0.02665 0.04926 0.02054
0.01785 0.02837 0.02499
0.01861 0.03463 0.02610
0.01500 0.02637 0.02039
0.01693 0.03310 0.01084
0.01473 0.03550 0.01887
0.01195 0.03119 0.00559
0.00912 0.01523 0.00701
0.01654 0.02498 0.02514
0.01930 0.04489 0.00111
0.02260 0.04099 0.00674
0.01866 0.02360 0.01894
0.02308 0.02210 0.02271
0.01330 0.02838 0.02034
0.02004 0.03197 0.03718
0.02266 0.03078 0.00723
0.01668 0.04399 0.01469
0.02277 0.03081 0.03201
0.03185 0.03618 0.02087
0.02557 0.03645 0.01854
0.02230 0.02734 0.01311
0.02093 0.02258 0.00568
0.02075 0.04900 0.02038
0.02154 0.05604 0.01167
0.01293 0.03356 0.01436
0.01390 0.02254 0.00274
0.02468 0.04441 0.02089
0.01557 0.03423 0.01178
0.01851 0.03039 0.01841
0.01962 0.04159 0.01961
0.02762 0.03001 0.03836
0.02008 0.04672 0.02319
0.01987 0.04086 0.01980
0.02368 0.02126 0.00812
0.02139 0.03006 0.01075
0.01886 0.04761 0.01456
0.01914 0.04089 0.02203
0.02881 0.04785 0.01903
0.01360 0.03886 0.01871
0.01409 0.02893 0.01881
0.02046 0.03733 0.01979
0.02071 0.03753 0.01817
0.01832 0.03630 0.01928
0.01615 0.03480 0.00854
0.01624 0.03430 0.01454
0.01473 0.03188 0.01887
0.01888 0.04163 0.00148
0.01478 0.03608 0.01092
0.02435 0.04502 0.01863
0.02034 0.04217 0.00135
0.01795 0.03534 0.01647
0.01752 0.03204 0.00452
0.01543 0.02263 0.02344
0.02119 0.03706 0.01975
0.01951 0.03985 0.00974
0.01695 0.03353 0.00538
0.01991 0.05120 0.02282
0.01614 0.03899 0.01904
0.02054 0.02605 0.00599
0.02508 0.03027 0.00580
0.01476 0.03054 0.01850
0.01895 0.03701 0.01893
0.01496 0.02843 0.02121
0.01710 0.03439 0.00830
0.02128 0.05476 0.01943
0.01992 0.03413 0.00289
0.01993 0.03087 0.00870
0.02332 0.04401 0.01619
