1011 4252 10.43428 0.02551 9.37211 3.32284 28 0 0 21 13 167 100.00000 0
1003 4247 11.85033 0.01925 8.66565 1.19550 13 0 0 11 10 125 100.00000 0
1953 4527 11.82973 0.05470 2.22043 0.32984 31 0 0 29 15 141 100.00000 0
2020 4573 11.91393 1.54531 15.52529 88.53975 9 5 0 3 4 39 100.00000 0
1934 4525 10.74210 0.08102 2.03616 1.26238 36 0 0 30 22 185 100.00000 0
1962 4536 10.60356 0.03098 2.34123 1.05647 34 0 0 27 19 145 100.00000 0
1007 4249 11.88875 0.02524 10.79061 1.07956 19 0 0 15 10 154 100.00000 0
3320 4620 11.54667 2.16904 16.46376 124.27645 3 0 0 1 0 12 100.00000 0
1960 4551 11.58699 0.02696 2.59864 0.82234 29 0 0 20 7 167 100.00000 0
3318 4631 11.65608 1.98073 16.97975 136.71447 3 0 0 3 3 9 100.00000 0
