0.02421 0.05051
0.01172 0.03490
0.00362 0.00522
0.00336 0.00518
0.00941 0.02510
0.01033 0.02123
0.00226 0.00332
0.01147 0.03624
0.01377 0.03771
0.00945 0.02693
0.00413 0.00562
0.01055 0.01992
0.01201 0.02433
0.00529 0.00924
0.01536 0.02285
0.00968 0.03210
0.00852 0.02861
0.01455 0.04268
0.00182 0.00245
0.00288 0.00382
0.01050 0.04033
0.01298 0.03623
0.00912 0.02931
0.01123 0.04404
0.00985 0.02810
0.00983 0.03724
0.01084 0.02645
0.00227 0.00313
0.00184 0.00424
0.01454 0.04265
0.01001 0.03663
0.00998 0.03552
0.00532 0.01017
0.01010 0.03712
0.01498 0.04410
0.00478 0.00881
0.00918 0.01868
0.00221 0.00312
0.01074 0.04574
0.00840 0.02902
0.00892 0.02466
0.01125 0.03139
0.01179 0.04555
0.00997 0.03923
0.01269 0.03928
0.00222 0.00372
0.01036 0.03454
0.01251 0.03500
0.00482 0.00926
0.00346 0.00349
0.01107 0.03643
0.01129 0.04968
0.01005 0.03638
0.00928 0.02392
0.00911 0.02095
0.00754 0.02016
0.00664 0.00947
0.01349 0.04356
0.00919 0.02922
0.00254 0.00452
0.00949 0.01942
0.00919 0.01937
0.01418 0.04274
0.01098 0.04863
0.00189 0.00262
0.00397 0.00799
0.00956 0.03318
0.01024 0.03483
0.01129 0.02259
0.01538 0.04741
0.00394 0.00552
0.01155 0.04389
0.00946 0.03609
0.01236 0.04388
0.00642 0.00949
0.01729 0.04631
0.01245 0.03220
0.00974 0.03331
0.00537 0.00850
0.00502 0.00971
0.00253 0.00319
0.00926 0.03296
0.01141 0.03656
0.01166 0.02369
0.01424 0.04654
0.01076 0.03370
0.01030 0.03915
0.01326 0.03928
0.01192 0.04098
0.00355 0.00598
0.00177 0.00255
0.00195 0.00270
0.00183 0.00300
0.01035 0.03932
0.01012 0.03618
0.00348 0.00600
0.00971 0.03179
0.01232 0.02822
0.00901 0.02683
0.00496 0.00828
0.01212 0.02065
0.00913 0.02612
0.01337 0.03498
0.01270 0.03881
0.00594 0.01188
0.01063 0.03183
0.01089 0.01538
0.00356 0.00553
0.01591 0.03768
0.00422 0.00659
0.00978 0.03445
0.00244 0.00359
0.00241 0.00335
0.00996 0.02880
0.01215 0.03701
0.00827 0.01670
0.00365 0.00581
0.00923 0.01947
0.01532 0.05146
0.01071 0.03799
0.01059 0.02224
0.01199 0.03194
0.01211 0.03779
0.00242 0.00304
0.01209 0.04120
0.00178 0.00214
0.00697 0.01605
0.01111 0.03051
0.01356 0.03695
0.01202 0.04362
0.00938 0.01898
0.01324 0.03211
0.01196 0.04602
0.01010 0.03633
0.00671 0.01401
0.00230 0.00358
0.00198 0.00249
0.00316 0.00449
0.00200 0.00274
0.00596 0.00980
0.00548 0.00725
0.00219 0.00291
0.00183 0.00219
0.02083 0.04728
0.00959 0.03595
0.00719 0.01903
0.01219 0.04479
0.01090 0.04519
0.00995 0.03660
0.01466 0.03824
0.00500 0.00778
0.00436 0.00672
0.00996 0.02481
0.01386 0.03778
0.00910 0.03052
0.01003 0.03176
0.01169 0.02876
0.01264 0.03408
0.00953 0.03259
0.00960 0.03247
0.01035 0.04173
0.00999 0.03580
0.01334 0.02815
0.00216 0.00342
0.00313 0.00472
0.00951 0.03486
0.00863 0.02469
0.00458 0.00877
0.00264 0.00345
0.00891 0.02776
0.00369 0.00642
0.00669 0.01122
0.01263 0.03946
0.01203 0.03744
0.00187 0.00286
0.01033 0.03048
0.00447 0.00674
0.01134 0.03818
0.00189 0.00264
0.01029 0.03568
0.01242 0.02486
0.01283 0.03374
0.00979 0.03253
0.00932 0.03132
0.00965 0.02450
0.00192 0.00196
0.01132 0.03188
0.01061 0.03326
0.00470 0.00717
0.01473 0.04609
0.01233 0.03444
0.00484 0.00756
0.01449 0.03671
0.00184 0.00331
0.00408 0.00755
0.01396 0.03703
0.01102 0.04397
0.00529 0.01233
0.00630 0.01010
0.00637 0.00892
