0.06541 0.12132
0.02986 0.07571
0.03156 0.08724
0.03718 0.10346
0.03917 0.09643
0.03465 0.09317
0.04509 0.08339
0.02886 0.08466
0.02557 0.08722
0.03581 0.07618
0.02688 0.10545
0.03936 0.08758
0.03174 0.07414
0.02499 0.07763
0.03965 0.08608
0.02676 0.10349
0.02091 0.04797
0.03219 0.08737
0.03444 0.09458
0.02515 0.07673
0.03074 0.11928
0.04147 0.08197
0.03194 0.08230
0.03389 0.08400
0.02795 0.08234
0.03271 0.08741
0.03372 0.07217
0.03665 0.13080
0.03004 0.10379
0.02550 0.05439
0.03373 0.07632
0.02781 0.05419
0.03316 0.10506
0.03057 0.08635
0.03879 0.08288
0.03215 0.09246
0.03056 0.07745
0.02945 0.07306
0.03110 0.08309
0.03326 0.12368
0.03270 0.09481
0.03690 0.10777
0.03077 0.08757
0.02584 0.06874
0.02460 0.07120
0.02920 0.08385
0.03967 0.08835
0.03551 0.09542
0.03911 0.11904
0.01861 0.07384
0.02140 0.06648
0.02671 0.06617
0.02680 0.08650
0.03543 0.07597
0.02713 0.06892
0.03308 0.09824
0.04298 0.09091
0.03517 0.09565
0.03641 0.09897
0.03617 0.12503
0.04267 0.10213
0.03213 0.10781
0.04774 0.10379
0.03203 0.10128
0.03895 0.09152
0.03001 0.10638
0.05175 0.08971
0.03196 0.08924
0.04539 0.08318
0.02998 0.08735
0.05796 0.08667
0.03128 0.08621
0.03427 0.12613
0.03566 0.11804
0.02877 0.08943
0.03116 0.09094
0.03725 0.10108
0.03159 0.08828
0.03682 0.10327
0.03923 0.07892
0.02699 0.08192
0.02743 0.10801
0.03872 0.11353
0.02073 0.05363
0.03279 0.07826
0.04420 0.08280
0.02577 0.07306
0.04039 0.08905
0.02492 0.07503
0.04112 0.09843
0.03391 0.08683
0.04376 0.06046
0.02869 0.06792
0.03259 0.08563
0.02925 0.08116
0.03034 0.08302
0.02677 0.07572
0.02025 0.07208
0.03638 0.10722
0.02211 0.05581
0.02869 0.08178
0.03047 0.08542
0.02933 0.08188
0.04053 0.08868
0.02042 0.08116
0.02763 0.07401
0.03809 0.07202
0.02975 0.10305
0.03687 0.10019
0.03625 0.09092
0.03568 0.07406
0.03956 0.10219
0.03611 0.07466
0.04813 0.10780
0.03559 0.10137
0.03122 0.09365
0.03560 0.10894
0.02988 0.06691
0.02293 0.07235
0.03178 0.07284
0.03370 0.09050
0.03925 0.09171
0.03011 0.08755
0.03000 0.07629
0.05767 0.09902
0.04130 0.10409
0.02950 0.10155
0.03201 0.08515
0.03893 0.05139
0.03340 0.10302
0.02513 0.08554
0.02970 0.08735
0.02679 0.10940
0.03631 0.07677
0.01755 0.05729
0.03398 0.09302
0.03769 0.10498
0.03721 0.10275
0.02814 0.05872
0.02718 0.07757
0.03011 0.10814
0.03177 0.08173
0.02802 0.06771
0.02888 0.11351
0.03909 0.07533
0.03102 0.09028
0.03270 0.10746
0.03424 0.09925
0.03516 0.08753
0.03632 0.07116
0.02793 0.07686
0.02604 0.07145
0.02930 0.09819
0.03123 0.08116
0.04614 0.10514
0.02217 0.05149
0.03835 0.09023
0.02780 0.06904
0.03662 0.12510
0.03628 0.12358
0.04870 0.08755
0.04175 0.08084
0.04725 0.09886
0.03138 0.07361
0.05035 0.07812
0.02939 0.07815
0.03858 0.08205
0.03135 0.08775
0.04185 0.08716
0.03016 0.08101
0.04296 0.09298
0.03640 0.08783
0.03646 0.07443
0.03192 0.09365
0.03917 0.11213
0.02538 0.06534
0.02992 0.08216
0.02763 0.07347
0.02885 0.10496
0.03225 0.08995
0.04226 0.10134
0.02621 0.07703
0.02279 0.05530
0.03160 0.07791
0.02246 0.08353
0.02958 0.06594
0.03017 0.09016
0.02973 0.08665
0.02869 0.08478
0.03573 0.05380
0.03449 0.12505
0.02540 0.06219
0.03229 0.08376
0.04822 0.10600
0.03100 0.09035
0.03113 0.07275
0.03008 0.08861
0.02223 0.06104
0.02869 0.07809
0.04274 0.09921
