234 1662 10.63839 3.07429 0.15547 1.86593 147 21 29 144 80 847 100.00000 0
2483 2533 11.04360 0.82204 0.78926 3.26806 131 39 33 128 77 615 100.00000 0
2545 3865 10.48631 1.54727 0.07519 1.78268 188 53 26 186 132 621 100.00000 0
2470 3874 10.50921 1.74521 0.17142 2.49513 174 28 39 170 106 651 100.00000 0
783 1409 11.60208 3.07069 0.20183 1.16500 116 16 23 116 88 479 100.00000 0
2472 3875 10.41003 1.78004 0.14805 2.54730 122 26 30 118 72 548 100.00000 0
43 1845 10.03140 0.57334 0.15826 2.22317 132 25 14 130 62 564 100.00000 0
159 1743 10.30131 3.12881 0.42935 2.60128 137 20 19 132 80 802 100.00000 0
3988 4053 10.90274 0.97014 0.04999 1.50298 269 99 69 269 201 792 100.00000 0
787 1439 10.61322 2.82809 0.23935 1.83675 211 11 18 201 129 811 100.00000 0
261 1606 10.30592 1.99024 1.04541 2.48554 122 16 15 122 83 617 100.00000 0
2491 3860 10.10924 2.34001 0.11449 1.50090 168 44 37 166 117 599 100.00000 0
795 1436 11.66549 2.50151 0.29213 2.63879 161 5 5 159 79 701 100.00000 0
809 1396 10.51438 1.87392 0.06738 1.17736 383 178 58 377 306 1006 100.00000 0
25 1832 10.95749 1.13211 0.14074 1.80515 170 5 3 165 120 623 100.00000 0
49 1819 11.81298 1.65135 0.13194 1.65942 109 19 17 107 58 593 100.00000 0
2468 3875 11.52321 1.70104 0.23288 2.90569 85 12 19 85 51 506 100.00000 0
213 1666 10.06260 3.09433 0.18979 2.32237 241 31 21 234 165 1071 100.00000 0
59 1818 10.49670 2.05153 0.57730 3.43707 109 16 9 88 42 571 100.00000 0
3978 4036 10.03953 0.56307 0.09368 1.77960 176 60 37 176 111 636 100.00000 0
700 1518 10.39746 1.65303 0.04793 0.82519 262 121 39 260 218 793 100.00000 0
22 73 11.93283 1.29606 0.58786 2.34017 146 30 5 142 74 649 100.00000 0
27 1840 10.78155 0.75794 0.14078 1.86509 126 14 4 115 89 426 100.00000 0
98 1810 11.38976 3.08978 0.97089 4.34217 155 7 3 151 71 681 100.00000 0
240 1615 11.35117 2.29083 0.27689 2.72232 123 15 10 109 71 632 100.00000 0
2503 3856 11.71558 2.09171 0.37855 3.04761 166 39 46 162 69 829 100.00000 0
2472 2522 11.40524 0.57343 0.87568 3.08413 233 61 73 231 107 803 100.00000 0
259 1592 11.35363 1.66595 0.24151 1.63423 128 27 17 126 80 648 100.00000 0
803 1430 10.87332 2.17039 0.22659 1.74428 237 73 53 237 146 747 100.00000 0
27 1825 11.63714 1.38313 0.40857 2.81272 160 4 4 158 85 604 100.00000 0
104 1800 11.12741 3.08154 0.40529 3.02077 256 44 16 254 162 880 100.00000 0
719 1474 10.28870 2.58041 0.09844 1.54586 195 57 13 177 136 789 100.00000 0
219 1656 10.31267 3.11771 0.19390 1.97635 314 29 15 314 219 1601 100.00000 0
261 1600 10.87417 1.80871 0.82567 2.02042 181 63 46 181 113 735 100.00000 0
767 1452 10.61291 3.09450 0.25036 2.79190 104 10 20 93 49 806 100.00000 0
76 1803 11.80758 3.01375 0.30843 5.10023 61 4 11 56 16 449 100.00000 0
735 1494 10.23924 3.09042 0.27150 2.41200 151 26 20 148 74 672 100.00000 0
212 1667 10.44215 3.09431 0.25144 2.47243 208 17 15 206 112 1014 100.00000 0
64 1815 10.38910 2.33657 0.48992 3.81249 103 18 5 91 53 572 100.00000 0
788 1404 11.21641 2.87568 0.15863 0.48698 113 20 12 113 84 705 100.00000 0
23 1836 11.09805 0.96305 0.20505 2.02719 180 6 8 180 115 646 100.00000 0
29 1829 10.82961 1.23511 0.11822 1.70341 175 11 5 172 124 583 100.00000 0
710 1478 11.26949 2.15776 0.31184 1.69258 184 49 20 182 135 595 100.00000 0
40 1824 11.03683 1.42681 0.18598 1.86697 208 52 9 204 156 694 100.00000 0
63 1815 10.68313 2.28112 0.54035 3.79313 120 17 8 116 56 599 100.00000 0
4003 4059 10.49876 0.82947 0.03679 1.74720 302 137 52 299 206 885 100.00000 0
109 1773 10.55399 3.07129 0.29946 2.00526 118 19 15 114 62 1077 100.00000 0
232 1632 10.26103 2.85519 0.11009 2.13258 178 9 7 176 105 778 100.00000 0
207 1674 10.44595 3.06776 0.21943 1.74921 246 55 13 242 201 1167 100.00000 0
2475 3877 11.11226 1.83517 0.12235 2.55420 143 33 39 139 81 647 100.00000 0
204 1698 10.55483 3.12124 0.40273 3.19561 215 3 2 211 155 1016 100.00000 0
136 1765 10.41799 3.13601 0.07864 1.45723 275 106 40 265 194 1285 100.00000 0
2483 3862 10.51057 2.13137 0.11876 0.72362 241 70 66 241 188 775 100.00000 0
237 1623 10.75507 2.59879 0.32833 2.40420 117 14 16 111 85 632 100.00000 0
705 1483 10.48411 1.94231 0.07255 1.44456 300 78 41 294 229 880 100.00000 0
773 1421 11.23730 3.06033 0.10770 2.09592 296 57 50 294 204 934 100.00000 0
785 1409 10.55820 3.01477 0.06603 1.33764 180 31 17 178 132 764 100.00000 0
225 1643 11.05309 3.11120 0.09752 1.97932 152 19 28 150 92 1234 100.00000 0
696 1490 11.08932 1.57555 0.10395 1.50506 302 88 41 302 230 846 100.00000 0
237 1659 11.16651 3.09723 0.15461 1.56548 169 38 35 162 112 789 100.00000 0
247 1597 11.00671 1.75262 0.57540 3.20381 77 2 3 73 30 662 100.00000 0
2125 2179 11.99988 1.36474 0.48731 3.12537 18 3 3 18 7 218 100.00000 0
3998 4059 11.15614 0.91149 0.07367 1.55972 241 110 50 235 165 785 100.00000 0
75 1806 10.45452 2.96528 0.59146 5.02976 69 7 9 66 26 528 100.00000 0
775 1419 11.05022 3.06226 0.14218 2.39849 263 87 42 263 162 832 100.00000 0
26 1833 10.74473 1.08793 0.13436 1.73731 175 14 6 175 146 599 100.00000 0
241 1653 10.75470 3.12576 0.08992 1.58115 115 15 22 109 66 679 100.00000 0
777 1418 10.32235 3.07488 0.06879 2.48049 345 116 64 343 207 969 100.00000 0
238 1657 10.65313 3.10845 0.18849 1.55721 160 42 31 158 108 845 100.00000 0
4006 4060 11.14651 0.84740 0.06605 1.52572 272 92 36 268 195 837 100.00000 0
814 1405 11.43635 1.72554 0.12313 1.69073 244 45 42 244 149 685 100.00000 0
2469 3874 10.81255 1.72632 0.15664 2.55344 119 27 32 119 72 556 100.00000 0
28 1824 11.77994 1.41910 0.41249 2.87208 104 12 8 99 58 499 100.00000 0
164 1739 10.95904 3.13862 0.32844 2.06829 139 24 14 133 79 630 100.00000 0
2546 3866 10.75527 1.55958 0.20324 1.95845 136 25 30 134 86 549 100.00000 0
748 1471 10.47793 3.09120 0.18146 3.11219 145 30 15 141 67 760 100.00000 0
798 1397 10.22290 2.42608 0.19526 2.07113 146 47 24 141 103 556 100.00000 0
731 1464 11.20526 3.02467 0.30200 2.97454 100 30 11 96 50 609 100.00000 0
24 74 11.99104 1.35638 0.66272 2.57557 108 11 14 106 62 536 100.00000 0
258 1593 10.72677 1.67473 0.54673 1.98268 96 18 6 96 67 624 100.00000 0
2473 2526 11.84237 0.64603 0.20518 1.48833 165 53 21 162 99 633 100.00000 0
228 1637 11.19047 2.98773 0.14558 3.01480 192 14 20 186 119 1011 100.00000 0
1912 1964 11.24225 1.41212 0.12061 2.10914 146 37 28 146 100 557 100.00000 0
790 1401 11.60937 2.78097 0.16278 1.14432 94 15 10 90 52 553 100.00000 0
65 1811 11.99646 2.40815 0.55888 4.12853 62 10 6 60 28 473 100.00000 0
799 1433 11.09755 2.33161 0.56496 2.86908 170 42 31 164 83 690 100.00000 0
2494 3858 11.24619 2.33816 0.50701 2.98898 135 35 30 135 75 646 100.00000 0
36 1829 10.32213 1.22989 0.05956 1.24647 242 8 6 238 182 753 100.00000 0
2509 3856 11.30012 1.80352 0.24168 2.23318 210 53 65 205 108 834 100.00000 0
122 1780 11.88884 3.08297 0.30117 2.00135 182 35 36 182 119 1080 100.00000 0
2539 3876 10.60069 1.37735 0.19323 2.33381 124 16 31 122 80 569 100.00000 0
32 1824 11.49686 1.41371 0.39528 2.55956 153 22 11 149 92 601 100.00000 0
773 1422 10.60115 3.06406 0.14033 2.00389 280 72 34 276 177 881 100.00000 0
44 1849 11.44283 0.43344 0.36864 1.84313 44 10 2 41 21 392 100.00000 0
47 1823 10.83041 1.52392 0.13321 1.84313 116 4 2 106 69 518 100.00000 0
795 1396 11.74745 2.56474 0.17700 1.79972 109 40 12 107 85 573 100.00000 0
2546 3874 11.94770 1.50451 0.57134 2.13019 95 33 16 93 45 438 100.00000 0
2467 3873 11.21814 1.70371 0.25594 2.64856 158 33 30 156 86 604 100.00000 0
692 1507 10.50455 1.41881 0.11725 2.19856 218 39 26 213 145 748 100.00000 0
172 1731 10.12747 3.12913 0.22837 1.69720 166 10 12 166 119 730 100.00000 0
714 1477 10.48466 2.33867 0.10299 1.06165 225 54 24 223 174 836 100.00000 0
169 1734 10.44423 3.13289 0.46709 2.19196 96 8 8 85 47 577 100.00000 0
1920 1970 10.25627 1.07698 0.09724 1.45911 158 44 32 158 105 649 100.00000 0
128 1755 10.99779 3.11420 0.05004 2.19071 172 53 46 172 114 962 100.00000 0
769 1425 11.69638 3.06395 0.32732 2.14813 165 23 8 161 95 800 100.00000 0
239 1616 11.84019 2.34024 0.51513 2.84235 113 5 5 111 68 660 100.00000 0
229 1636 10.74775 2.95634 0.08462 2.89908 163 19 26 163 107 1093 100.00000 0
766 1454 11.72160 3.10575 0.24278 3.41088 57 3 5 50 32 702 100.00000 0
250 1639 10.59495 3.01054 0.43034 1.93735 83 9 4 71 36 674 100.00000 0
95 1818 11.97948 3.11935 0.46279 3.02556 97 8 2 92 62 443 100.00000 0
689 1504 11.89823 1.41251 0.27969 2.04028 124 11 10 111 84 519 100.00000 0
87 1841 10.81547 2.37148 0.16684 2.26261 85 1 3 77 44 538 100.00000 0
238 1619 11.62750 2.44209 0.42789 2.71123 127 21 18 123 63 678 100.00000 0
719 1517 11.15961 2.51282 0.05759 0.95654 146 37 26 144 112 583 100.00000 0
242 1610 11.17539 2.10787 0.21796 2.84372 119 6 8 119 66 756 100.00000 0
41 1847 10.93038 0.48397 0.51343 2.12799 92 19 13 92 39 512 100.00000 0
183 1703 10.28267 3.12609 0.25698 2.81856 124 3 6 124 70 660 100.00000 0
134 1768 11.65296 3.13946 0.29965 1.60303 207 64 19 194 112 1076 100.00000 0
742 1483 11.93997 3.14075 0.35928 2.06924 102 21 27 102 53 736 100.00000 0
3985 4049 10.28654 0.86030 0.07053 1.30416 273 66 89 271 187 785 100.00000 0
796 1396 11.38104 2.52014 0.13133 1.89155 148 46 21 148 114 524 100.00000 0
754 1464 10.25263 3.08156 0.21204 2.61254 157 22 20 157 90 1006 100.00000 0
30 1846 11.85410 0.50589 0.23538 2.13662 98 14 20 94 50 488 100.00000 0
92 1789 10.95972 3.13920 0.40264 3.02530 202 63 28 202 140 735 100.00000 0
810 1425 11.85194 1.88316 0.06453 1.36085 234 59 42 234 154 753 100.00000 0
235 1625 11.58277 2.67429 0.26206 2.45431 114 10 5 112 76 606 100.00000 0
253 1592 10.31764 1.66572 0.48001 1.94441 73 3 5 66 43 604 100.00000 0
751 1468 11.00600 3.07857 0.19959 3.47863 98 12 4 94 35 732 100.00000 0
809 1395 10.86295 1.87852 0.03602 1.13643 404 174 101 400 342 945 100.00000 0
241 1610 11.95953 2.10807 0.30743 3.06299 126 9 3 122 68 666 100.00000 0
202 1701 11.37262 3.13492 0.45503 3.41547 121 2 0 121 65 757 100.00000 0
693 1508 10.12015 1.43227 0.06128 2.42656 232 58 44 230 153 769 100.00000 0
36 1827 10.65459 1.30314 0.11334 1.68098 225 5 7 223 160 746 100.00000 0
22 1827 11.89350 1.32124 0.23246 2.56216 133 9 5 133 90 536 100.00000 0
157 1745 10.34566 3.13266 0.19101 2.42043 225 70 12 217 153 980 100.00000 0
689 1506 11.91199 1.40185 0.12174 1.88034 144 9 23 140 96 615 100.00000 0
31 1836 10.08956 0.94988 0.12785 1.47113 174 6 8 171 125 728 100.00000 0
1909 1960 11.78008 1.45372 0.20903 1.94662 171 38 44 157 110 631 100.00000 0
45 1821 11.51536 1.54494 0.17455 1.60718 145 25 17 140 79 655 100.00000 0
708 1521 11.38928 2.02187 0.04150 0.80794 143 65 14 135 113 511 100.00000 0
221 1650 11.71287 3.12485 0.12494 2.10951 178 45 40 173 125 1144 100.00000 0
702 1484 11.02941 1.81443 0.11875 0.70109 193 51 27 191 155 696 100.00000 0
48 1825 10.23154 1.49288 0.03171 1.42848 175 19 15 173 102 697 100.00000 0
2129 2183 11.53087 1.48958 0.38543 3.67589 49 17 8 45 33 263 100.00000 0
776 1419 10.37950 3.06622 0.11929 2.45224 286 101 57 284 176 888 100.00000 0
261 1622 11.94723 2.54572 0.74721 3.01792 88 0 1 88 52 586 100.00000 0
263 1608 11.90766 2.04267 0.83774 2.57527 69 10 11 60 22 626 100.00000 0
691 1498 11.36102 1.46338 0.08450 1.50922 223 41 25 221 164 782 100.00000 0
2482 3877 10.52515 2.02142 0.16905 2.84758 189 39 59 189 137 681 100.00000 0
83 1851 11.38382 1.98058 0.36308 2.24942 109 4 3 107 51 559 100.00000 0
730 1464 11.94796 2.99989 0.32972 2.75847 47 8 9 40 21 553 100.00000 0
2507 3877 11.68887 1.83394 0.25089 4.06765 105 35 22 103 64 613 100.00000 0
782 1442 10.88623 2.98671 0.37124 2.39686 164 7 8 160 93 755 100.00000 0
2477 3877 10.86826 1.88443 0.23254 2.30478 208 65 44 208 132 796 100.00000 0
746 1450 11.57539 3.10554 0.26401 2.42010 96 15 7 96 58 913 100.00000 0
33 1843 10.58965 0.60252 0.29121 2.10040 102 6 4 100 55 557 100.00000 0
135 1766 10.40348 3.14045 0.26010 1.49672 242 66 55 242 163 1147 100.00000 0
770 1425 10.89268 3.06824 0.27359 2.30936 203 29 10 198 135 821 100.00000 0
78 1801 11.91767 3.09133 0.42810 4.76535 59 11 2 59 18 343 100.00000 0
800 1393 11.49277 2.33850 0.30606 2.25585 127 26 17 125 79 554 100.00000 0
23 1835 11.08404 1.00802 0.11898 2.15195 144 10 3 140 92 569 100.00000 0
805 1430 11.90323 2.06224 0.27878 1.69927 129 27 28 129 83 565 100.00000 0
76 1856 10.61164 1.63661 0.12742 3.66992 136 12 10 116 61 616 100.00000 0
26 1842 11.24982 0.66572 0.25882 1.99567 142 11 8 134 89 524 100.00000 0
247 1645 11.33900 3.11734 0.34986 1.90105 129 8 9 125 71 751 100.00000 0
794 1435 10.39528 2.54263 0.11659 2.44200 153 25 14 151 68 685 100.00000 0
724 1512 10.57137 2.70496 0.27876 1.73821 144 37 20 144 104 611 100.00000 0
2475 2527 11.47286 0.69885 0.20585 1.66718 168 33 47 166 102 653 100.00000 0
30 1829 10.74847 1.23410 0.08170 1.61858 170 5 1 164 133 678 100.00000 0
3983 4047 10.39995 0.80786 0.04324 0.83087 340 151 66 340 292 885 100.00000 0
1921 1976 11.93919 1.03813 0.08487 1.03249 148 31 16 144 119 566 100.00000 0
732 1500 10.22154 3.00330 0.79690 3.11697 95 24 11 87 43 525 100.00000 0
1917 1970 11.11806 1.21606 0.18570 1.48227 178 40 40 178 132 688 100.00000 0
253 1635 10.97831 2.89834 0.38658 1.65091 73 5 5 71 28 556 100.00000 0
261 1601 10.74862 1.83826 0.85272 2.03471 157 54 31 149 98 710 100.00000 0
43 1824 10.87030 1.44927 0.10283 1.76214 202 53 24 202 139 723 100.00000 0
3993 4058 11.94038 1.01521 0.06059 0.89613 147 44 31 143 109 631 100.00000 0
693 1496 10.83800 1.49815 0.14014 2.02159 212 31 41 206 151 679 100.00000 0
811 1397 11.06975 1.79320 0.06289 0.97478 405 159 90 400 318 998 100.00000 0
722 1515 11.27853 2.63641 0.07339 0.78684 121 21 22 111 87 750 100.00000 0
238 1621 10.78799 2.52845 0.24995 2.46069 158 30 15 149 100 757 100.00000 0
243 1606 11.45543 1.99002 0.37525 3.15194 111 5 0 103 64 637 100.00000 0
246 1647 11.62065 3.13605 0.48847 2.25012 155 6 8 151 99 844 100.00000 0
246 1598 11.31224 1.76964 0.47724 3.02582 78 3 4 73 45 590 100.00000 0
692 1498 10.93850 1.47240 0.08231 1.67117 220 44 22 213 147 783 100.00000 0
41 1822 11.48337 1.48404 0.14760 1.82778 131 9 5 128 89 536 100.00000 0
35 1829 10.38252 1.22900 0.08860 1.22429 230 9 6 228 178 773 100.00000 0
39 1845 10.48129 0.54484 0.28424 2.14430 98 12 16 94 45 541 100.00000 0
88 1793 10.80026 3.11060 0.33912 4.41340 90 7 2 87 36 466 100.00000 0
39 1821 11.84054 1.49341 0.14454 1.83248 159 22 13 155 106 641 100.00000 0
2475 2525 11.01814 0.68816 0.23257 1.69397 262 64 63 262 160 789 100.00000 0
248 1594 11.23981 1.71233 0.21466 3.34550 78 3 1 76 46 563 100.00000 0
702 1482 11.79513 1.81207 0.06817 0.89087 231 79 23 225 181 695 100.00000 0
114 1768 10.94061 3.06791 0.30113 1.81143 208 58 31 198 155 1071 100.00000 0
697 1518 11.21772 1.53984 0.16305 1.32589 263 87 51 259 208 807 100.00000 0
28 1841 10.78248 0.70624 0.21761 1.94541 115 4 4 115 71 415 100.00000 0
2486 3861 10.61364 2.21568 0.07067 0.40830 271 100 66 266 219 857 100.00000 0
1913 1966 11.33390 1.37970 0.20794 1.82821 164 42 16 164 130 613 100.00000 0
