0.02551 0.04841
0.01747 0.03060
0.01213 0.02798
0.02041 0.03044
0.01435 0.02495
0.01503 0.02145
0.01233 0.01981
0.01397 0.02456
0.01251 0.02624
0.01139 0.02028
0.02312 0.04632
0.02030 0.02542
0.01082 0.02078
0.01656 0.03003
0.01437 0.02569
0.01527 0.04279
0.00939 0.01501
0.01752 0.02530
0.01392 0.02414
0.01497 0.03959
0.01575 0.04186
0.01206 0.02305
0.01177 0.02380
0.01290 0.02287
0.01439 0.02407
0.01259 0.02217
0.01468 0.02781
0.01547 0.03308
0.01331 0.03033
0.01251 0.01715
0.01740 0.02106
0.00829 0.01500
0.01679 0.03671
0.01634 0.02362
0.02172 0.04059
0.02089 0.03351
0.01181 0.02330
0.01497 0.02194
0.01610 0.03155
0.02493 0.04715
0.01444 0.02621
0.01834 0.04160
0.01720 0.02309
0.01864 0.03305
0.01326 0.02319
0.01881 0.02679
0.01318 0.02362
0.01508 0.02859
0.01589 0.04108
0.01681 0.03391
0.01310 0.02752
0.01179 0.02475
0.02115 0.03430
0.01440 0.04736
0.01168 0.02361
0.01303 0.02505
0.01568 0.02667
0.01627 0.02924
0.01552 0.02827
0.01501 0.03431
0.01514 0.02403
0.02050 0.03794
0.01382 0.03154
0.01427 0.03302
0.01376 0.02765
0.02125 0.03729
0.01221 0.02089
0.01526 0.02343
0.01295 0.02541
0.02017 0.02438
0.01864 0.02540
0.02083 0.02426
0.01752 0.04165
0.01562 0.03141
0.02025 0.02529
0.01417 0.03889
0.01358 0.02907
0.01519 0.02635
0.01492 0.02848
0.02126 0.03385
0.01450 0.03497
0.01618 0.04139
0.02425 0.04294
0.01068 0.01923
0.01268 0.02301
0.01157 0.02286
0.01836 0.02609
0.01840 0.03042
0.01491 0.03370
0.02198 0.02519
0.01488 0.02390
0.01104 0.01627
0.01424 0.02200
0.01501 0.02499
0.01857 0.02278
0.01417 0.03154
0.01473 0.02818
0.01538 0.03282
0.01622 0.05211
0.01002 0.01722
0.01561 0.03470
0.01360 0.02677
0.01220 0.02323
0.01785 0.02354
0.01460 0.03409
0.01808 0.02269
0.01430 0.02237
0.01762 0.04480
0.02398 0.03433
0.01512 0.02747
0.01589 0.01845
0.01432 0.02505
0.01489 0.02254
0.01781 0.03399
0.02397 0.04721
0.02192 0.03643
0.01392 0.03052
0.01962 0.02237
0.01867 0.02918
0.01437 0.01846
0.01889 0.02439
0.01700 0.02675
0.01358 0.02370
0.01195 0.02283
0.02133 0.03222
0.01607 0.02509
0.01885 0.03769
0.01397 0.02315
0.00860 0.01129
0.01343 0.02422
0.01715 0.03964
0.01961 0.02444
0.02447 0.04476
0.01160 0.01842
0.01555 0.02742
0.01388 0.03574
0.01448 0.03419
0.01645 0.03108
0.01290 0.02099
0.01815 0.02513
0.02417 0.04293
0.01275 0.02395
0.01122 0.02023
0.01794 0.04607
0.01117 0.01783
0.01608 0.02388
0.01587 0.03912
0.01519 0.02913
0.01807 0.02397
0.01136 0.01835
0.01207 0.02264
0.01266 0.02359
0.01602 0.03500
0.01234 0.02194
0.01501 0.04304
0.01230 0.01721
0.01489 0.02963
0.01834 0.02712
0.01762 0.03462
0.01658 0.03440
0.01338 0.02397
0.01183 0.02201
0.01971 0.04049
0.01093 0.02166
0.01785 0.02219
0.01154 0.02078
0.01239 0.02222
0.01382 0.02316
0.02077 0.02584
0.01415 0.03195
0.01649 0.02738
0.01247 0.02639
0.01551 0.03698
0.01282 0.02316
0.01434 0.03468
0.01129 0.02055
0.01217 0.02296
0.01604 0.02520
0.01704 0.04029
0.01488 0.02677
0.02121 0.03073
0.01278 0.02634
0.01431 0.02989
0.01677 0.02698
0.01827 0.03738
0.01186 0.01917
0.01331 0.02332
0.01607 0.02901
0.01329 0.02419
0.01317 0.01782
0.01813 0.03399
0.01554 0.02466
0.01252 0.02339
0.01874 0.03644
0.01516 0.02378
0.01133 0.01782
0.01395 0.03036
0.01769 0.03585
0.01453 0.03081
0.01557 0.02629
