0.02532 0.01773 0.00254
0.02444 0.02771 0.01904
0.01776 0.01797 0.01510
0.02165 0.02303 0.00193
0.01646 0.02002 0.01376
0.01983 0.02209 0.01676
0.01532 0.01453 0.01387
0.01881 0.02155 0.00319
0.02287 0.01400 0.00196
0.01875 0.01856 0.01904
0.01876 0.02027 0.00293
0.02607 0.01879 0.00572
0.01262 0.01448 0.00164
0.01344 0.01448 0.00888
0.01985 0.02249 0.01362
0.01706 0.01506 0.00154
0.02302 0.02529 0.02707
0.02133 0.02313 0.00823
0.01634 0.01648 0.01542
0.01369 0.01479 0.01041
0.03132 0.01626 0.01048
0.01678 0.01540 0.00236
0.01805 0.01836 0.00186
0.01649 0.01560 0.00067
0.01347 0.01647 0.00122
0.01807 0.01781 0.00727
0.02058 0.02014 0.00253
0.01350 0.01518 0.00654
0.02127 0.02410 0.00469
0.01150 0.01099 0.00102
0.01800 0.01890 0.00917
0.01715 0.01594 0.01048
0.02216 0.02547 0.01489
0.01684 0.01484 0.01654
0.02237 0.02402 0.00270
0.02402 0.02227 0.00680
0.01834 0.01778 0.01556
0.01583 0.01534 0.01546
0.03032 0.02018 0.00242
0.02147 0.02971 0.00204
0.02129 0.02569 0.01655
0.01149 0.01105 0.00130
0.02325 0.02126 0.01922
0.02019 0.02148 0.00525
0.01790 0.02027 0.01959
0.02215 0.02546 0.00342
0.02162 0.02798 0.01489
0.01875 0.02507 0.00926
0.02226 0.02587 0.01853
0.02170 0.02632 0.00123
0.01701 0.01546 0.00767
0.02197 0.02602 0.01229
0.01821 0.02128 0.00723
0.02314 0.01650 0.00935
0.01119 0.01065 0.00176
0.01461 0.01090 0.00755
0.01595 0.01641 0.00106
0.01787 0.01997 0.01855
0.02251 0.02438 0.00563
0.01730 0.01834 0.00653
0.03965 0.02152 0.00157
0.01820 0.02127 0.00619
0.02028 0.01821 0.01879
0.01746 0.01817 0.01915
0.01996 0.02680 0.00179
0.01904 0.01983 0.00409
0.02163 0.02197 0.00820
0.02925 0.01575 0.01200
0.01681 0.01526 0.01076
0.01545 0.01501 0.00364
0.01952 0.02185 0.00685
0.02153 0.01439 0.00336
0.01384 0.01655 0.00185
0.01929 0.02651 0.01290
0.02041 0.02129 0.01850
0.01175 0.01060 0.00104
0.01737 0.01580 0.00807
0.01305 0.01455 0.01061
0.01913 0.02021 0.00685
0.02152 0.03186 0.00266
0.02035 0.02348 0.00394
0.01825 0.01712 0.00237
0.02123 0.02409 0.02073
0.01944 0.01476 0.00193
0.02759 0.01878 0.00802
0.01515 0.01488 0.01828
0.01738 0.01822 0.01429
0.01921 0.01600 0.00620
0.02078 0.02502 0.00442
0.02512 0.02603 0.01658
0.01812 0.01653 0.00136
0.01919 0.01810 0.02134
0.01962 0.01478 0.00356
0.01321 0.01831 0.00270
0.01729 0.01495 0.00821
0.01203 0.01134 0.00064
0.02108 0.02407 0.01554
0.02211 0.02414 0.02151
0.02422 0.02410 0.00291
0.02262 0.01833 0.00903
0.01613 0.01404 0.02025
0.01663 0.01445 0.00231
0.01688 0.01607 0.00836
0.01736 0.02061 0.00578
0.01936 0.02042 0.00145
0.02322 0.02075 0.00305
0.03253 0.02171 0.00641
0.01260 0.01452 0.00725
0.01794 0.02079 0.00767
0.01953 0.01977 0.01948
0.01836 0.02318 0.01014
0.02269 0.01716 0.00145
0.01772 0.01473 0.01838
0.02077 0.02313 0.00655
0.01652 0.01678 0.00191
0.01369 0.01287 0.01079
0.01373 0.01495 0.00886
0.01829 0.02044 0.01411
0.04580 0.02149 0.01121
0.02051 0.01590 0.00064
0.03082 0.02489 0.01051
0.01947 0.02424 0.00182
0.01794 0.01565 0.01493
0.01838 0.01823 0.01264
0.01233 0.01455 0.01887
0.03669 0.02701 0.01452
0.03235 0.02337 0.01537
0.01801 0.02297 0.00213
0.01931 0.02229 0.00278
0.01840 0.02464 0.01653
0.01710 0.01881 0.00103
0.01700 0.01561 0.01110
0.01731 0.01603 0.00670
0.01619 0.01336 0.00119
0.02361 0.03102 0.00718
0.01891 0.02095 0.00150
0.01839 0.01665 0.01103
0.01268 0.01866 0.00118
0.01481 0.01412 0.00105
0.01915 0.02269 0.01033
0.02227 0.02622 0.00240
0.02091 0.02248 0.00186
0.01881 0.02080 0.00209
0.01581 0.01533 0.00667
0.02208 0.02645 0.00090
0.01968 0.01846 0.01731
0.01266 0.01176 0.00584
0.03171 0.01996 0.00123
0.02145 0.02244 0.00132
0.01927 0.02205 0.01903
0.01827 0.02109 0.00811
0.02414 0.02619 0.01900
0.01677 0.01537 0.00158
0.01733 0.01519 0.01052
0.01622 0.01582 0.00686
0.02013 0.02331 0.01881
0.02234 0.02489 0.00777
0.01842 0.01963 0.01280
0.03186 0.01673 0.00662
0.01701 0.01621 0.01027
0.01284 0.01459 0.00622
0.02420 0.01815 0.00265
0.01890 0.01837 0.00898
0.01822 0.01744 0.00208
0.01426 0.01306 0.01018
0.01609 0.01562 0.00966
0.02209 0.02763 0.02202
0.02016 0.02200 0.00170
0.02049 0.02229 0.00306
0.01574 0.01391 0.00166
0.03438 0.02234 0.00547
0.01767 0.01595 0.01761
0.01898 0.02034 0.00879
0.01731 0.01779 0.01051
0.01259 0.01187 0.00507
0.01400 0.01344 0.01021
0.01781 0.01727 0.00659
0.01893 0.02053 0.00324
0.03853 0.01869 0.00580
0.02183 0.03084 0.01902
0.02163 0.02737 0.00958
0.03251 0.02639 0.00120
0.01558 0.01483 0.01928
0.01544 0.01456 0.00987
0.02379 0.03054 0.00783
0.02560 0.01889 0.01870
0.01209 0.01094 0.01898
0.02035 0.02169 0.00587
0.01308 0.01365 0.00562
0.01827 0.02149 0.00168
0.02366 0.02521 0.01244
0.03869 0.02128 0.01421
0.01934 0.02181 0.00851
0.02235 0.02473 0.01349
0.01923 0.01548 0.00789
0.01651 0.01514 0.00259
0.01813 0.01690 0.00888
0.02131 0.02442 0.00433
0.01496 0.01567 0.00055
0.01948 0.02167 0.00952
