0.04596 0.03650
0.03324 0.03421
0.01972 0.02626
0.02100 0.02272
0.02000 0.02288
0.00812 0.01414
0.02066 0.02465
0.01258 0.01331
0.03641 0.02841
0.03033 0.02722
0.02429 0.02779
0.01675 0.02225
0.02616 0.02989
0.01059 0.01204
0.01903 0.02394
0.02038 0.02714
0.02171 0.02599
0.00810 0.01011
0.02016 0.02585
0.00826 0.01101
0.00159 0.00158
0.00718 0.00774
0.00277 0.00298
0.02654 0.02716
0.00600 0.00856
0.02940 0.04201
0.00458 0.00402
0.00652 0.00886
0.02031 0.02750
0.00803 0.00973
0.01723 0.02261
0.02926 0.02796
0.03246 0.02320
0.02738 0.02591
0.02829 0.02950
0.01644 0.01409
0.02155 0.02790
0.02203 0.01984
0.00941 0.00984
0.00965 0.00942
0.02323 0.02175
0.02444 0.02919
0.01320 0.01232
0.00962 0.00954
0.00849 0.00809
0.01975 0.02652
0.00332 0.00254
0.02213 0.02869
0.02808 0.02275
0.01239 0.01570
0.01228 0.01255
0.00724 0.00819
0.00195 0.00224
0.01271 0.01162
0.01063 0.01254
0.01016 0.01174
0.01897 0.01321
0.01127 0.01061
0.01148 0.01089
0.02103 0.01904
0.02250 0.02665
0.01016 0.00869
0.02641 0.02926
0.01082 0.00827
0.02267 0.02660
0.00800 0.00881
0.03266 0.02285
0.02591 0.03027
0.00518 0.00400
0.00511 0.00710
0.01098 0.01211
0.02001 0.03078
0.00405 0.00399
0.00745 0.00794
0.00974 0.01200
0.01796 0.02273
0.00978 0.00913
0.01299 0.01227
0.02345 0.03136
0.00692 0.00813
0.03093 0.04195
0.02416 0.02771
0.01890 0.01868
0.00566 0.00525
0.02160 0.01424
0.02551 0.02747
0.02686 0.02340
0.00840 0.01187
0.01828 0.02333
0.02428 0.04014
0.01443 0.01629
0.00591 0.00754
0.01466 0.01104
0.01850 0.02349
0.02489 0.01676
0.00192 0.00187
0.01938 0.01933
0.01449 0.01214
0.00578 0.00768
0.02599 0.02652
0.01785 0.02217
0.02463 0.02904
0.00694 0.00797
0.01324 0.01854
0.00798 0.00917
0.02033 0.02524
0.01953 0.02654
0.00737 0.00781
0.00972 0.01155
0.00446 0.00395
0.00633 0.00734
0.00930 0.01070
0.00154 0.00214
0.02354 0.02733
0.03323 0.02513
0.02327 0.02699
0.01807 0.02282
0.01106 0.01058
0.02349 0.02363
0.01080 0.01114
0.01958 0.02474
0.03144 0.03087
0.02822 0.02878
0.02443 0.03412
0.02331 0.01949
0.00786 0.00795
0.02379 0.02697
0.01775 0.01937
0.01134 0.01163
0.02251 0.01922
0.01939 0.02552
0.01967 0.02310
0.01820 0.01889
0.00653 0.00731
0.02269 0.02643
0.02094 0.02500
0.01954 0.02357
0.01198 0.01118
0.00873 0.00979
0.02862 0.02310
0.01084 0.01151
0.02235 0.02218
0.02149 0.02681
0.00866 0.01174
0.01313 0.01354
0.00908 0.00900
0.02161 0.02674
0.02083 0.02017
0.00972 0.01177
0.02191 0.02048
0.02582 0.03178
0.02337 0.02665
0.01079 0.01212
0.02635 0.03821
0.02258 0.02705
0.01557 0.01389
0.02386 0.02761
0.00997 0.01215
0.00165 0.00135
0.00539 0.00737
0.00544 0.00765
0.00874 0.00841
0.00980 0.01164
0.00179 0.00213
0.00757 0.00804
0.00551 0.00730
0.01016 0.00961
0.01110 0.01242
0.00400 0.00304
0.01321 0.01096
0.01999 0.02711
0.00743 0.00765
0.01922 0.02413
0.02002 0.02568
0.01020 0.01030
0.01106 0.00952
0.01076 0.01293
0.00170 0.00166
0.02006 0.03031
0.00708 0.00977
0.02132 0.02596
0.02371 0.02862
0.02041 0.02090
0.03602 0.02749
0.02248 0.02179
0.02557 0.02808
0.00443 0.00364
0.01824 0.02426
0.02017 0.02668
0.00883 0.01382
0.02136 0.02669
0.01779 0.02374
0.00988 0.01144
0.01859 0.02518
0.02230 0.02826
0.02269 0.02679
0.01936 0.02084
0.01884 0.02327
0.02344 0.02677
0.00583 0.00738
