0.06756 0.05464
0.07237 0.06102
0.10479 0.04171
0.07481 0.03394
0.09966 0.03145
0.07490 0.02472
0.05219 0.02906
0.09788 0.04044
0.10401 0.03509
0.06034 0.03076
0.04556 0.02884
0.08510 0.05698
0.04885 0.02787
0.08666 0.03681
0.10265 0.04008
0.06885 0.02982
0.06796 0.04774
0.07771 0.03812
0.08676 0.05209
0.06588 0.03300
0.07175 0.05498
0.08686 0.04487
0.06719 0.02797
0.08496 0.03173
0.07997 0.03309
0.07368 0.03967
0.09665 0.03824
0.08155 0.04127
0.05371 0.03935
0.06858 0.03997
0.08267 0.03886
0.06278 0.02823
0.09114 0.03317
0.07630 0.04187
0.08414 0.04851
0.06308 0.03209
0.07943 0.05275
0.07183 0.03709
0.06596 0.05080
0.06971 0.03894
0.08989 0.04670
0.08216 0.03263
0.09678 0.04793
0.07146 0.04183
0.08897 0.03132
0.08748 0.04256
0.07817 0.03761
0.10263 0.03829
0.07130 0.03337
0.07243 0.03560
0.08085 0.03922
0.07019 0.06355
0.06956 0.03127
0.07348 0.03773
0.06903 0.03149
0.10077 0.02468
0.04790 0.03139
0.06531 0.03305
0.08389 0.03365
0.08958 0.03654
0.10422 0.05934
0.07179 0.03267
0.08049 0.05281
0.10502 0.06323
0.08898 0.03538
0.08382 0.06114
0.06378 0.03399
0.06878 0.03451
0.10216 0.04068
0.10032 0.03783
0.09238 0.03410
0.06941 0.02777
0.07364 0.03096
0.06073 0.03343
0.07889 0.02830
0.07397 0.03800
0.07723 0.03365
0.08844 0.03467
0.05495 0.03617
0.07570 0.03546
0.11349 0.03152
0.08874 0.04744
0.09752 0.03264
0.07337 0.03272
0.10262 0.05713
0.07707 0.03469
0.06568 0.03972
0.09095 0.04935
0.08016 0.04836
0.07300 0.03454
0.08518 0.04939
0.05474 0.03261
0.07189 0.03452
0.06808 0.02725
0.07004 0.03155
0.07566 0.05772
0.08060 0.03974
0.07115 0.03244
0.08326 0.03908
0.07401 0.03551
0.05682 0.03530
0.04770 0.03104
0.07366 0.02086
0.06971 0.03453
0.08926 0.04172
0.05709 0.03089
0.06773 0.03315
0.06461 0.03331
0.07047 0.03405
0.09031 0.05719
0.09713 0.03169
0.09169 0.03884
0.05636 0.03401
0.07908 0.05856
0.04953 0.03320
0.09216 0.03972
0.08015 0.04402
0.09500 0.06104
0.06280 0.02766
0.07442 0.03643
0.09285 0.05003
0.08880 0.04127
0.07923 0.02407
0.07664 0.03511
0.05235 0.03086
0.07771 0.03575
0.06806 0.03703
0.09154 0.05781
0.07513 0.03194
0.04922 0.01987
0.08241 0.05119
0.04630 0.01947
0.07058 0.05476
0.08608 0.03151
0.08376 0.03734
0.08115 0.03037
0.05727 0.03401
0.06589 0.03902
0.06760 0.03409
0.06993 0.02099
0.04627 0.03101
0.07604 0.04937
0.06584 0.04358
0.07070 0.02278
0.07561 0.02463
0.06279 0.03093
0.08307 0.04245
0.06354 0.03349
0.07288 0.04872
0.07692 0.03276
0.09492 0.03812
0.07736 0.03528
0.06896 0.03213
0.07905 0.02123
0.09866 0.05450
0.09180 0.06121
0.08459 0.03919
0.06241 0.02154
0.06573 0.04870
0.07143 0.04042
0.08292 0.03279
0.09191 0.04338
0.08753 0.03750
0.08589 0.05633
0.08079 0.04448
0.05125 0.02360
0.07199 0.02093
0.10109 0.05521
0.09102 0.04526
0.09989 0.05600
0.05225 0.04010
0.09038 0.03107
0.08005 0.03824
0.08472 0.04588
0.08265 0.03925
0.06926 0.02962
0.07067 0.03178
0.07767 0.03337
0.09206 0.05084
0.07376 0.03893
0.07032 0.05108
0.07555 0.04657
0.05941 0.03836
0.08352 0.03616
0.07637 0.02452
0.09856 0.03757
0.06993 0.04581
0.10926 0.03709
0.08020 0.05316
0.11613 0.04153
0.07378 0.03185
0.08164 0.05842
0.08898 0.03493
0.07819 0.03249
0.07254 0.03352
0.09528 0.03934
0.09145 0.06021
0.08022 0.03506
0.05886 0.03430
0.08971 0.04446
