5466 5527 8.52410 0.00911 0.69654 0.32385 54 7 2 44 35 400 100.00000 0
1955 4340 8.40053 0.49514 0.22341 0.61294 41 15 13 39 26 253 100.00000 0
1251 3797 9.76199 0.01429 0.61620 0.44762 73 28 9 67 49 330 100.00000 0
357 5437 6.71720 0.00954 0.28293 0.58283 140 119 8 140 121 451 100.00000 0
381 5529 6.04227 0.01008 1.15049 0.47970 94 0 0 85 63 440 100.00000 0
865 3618 9.75245 0.00823 0.50192 0.22728 108 68 26 103 75 630 100.00000 0
1925 4336 9.14736 0.02333 0.59243 0.44411 31 16 6 26 14 156 100.00000 0
1270 3803 7.26056 0.00714 0.55748 0.34492 86 30 7 82 58 366 100.00000 0
2084 4487 6.71536 0.01262 0.43189 0.71873 91 65 13 89 46 666 100.00000 0
2298 4678 7.25170 0.01166 0.49306 0.68870 93 62 6 89 69 538 100.00000 0
1586 4023 8.22903 0.56014 0.79464 1.65729 16 11 1 16 5 83 100.00000 0
1112 1246 7.50543 0.01143 0.72795 0.58215 89 15 0 82 57 415 100.00000 0
367 5455 7.61950 0.01303 0.38392 0.69097 108 80 5 98 79 428 100.00000 0
2794 5149 9.28008 0.13993 0.81807 0.85042 15 1 2 6 1 75 100.00000 0
1115 3777 8.76786 0.00533 1.19074 0.49575 88 0 0 86 66 364 100.00000 0
1220 3789 7.26494 0.00069 0.75118 0.10468 77 12 1 69 50 373 100.00000 0
1060 1226 7.75271 0.00557 0.56941 0.42428 58 22 6 54 36 304 100.00000 0
3130 5458 7.91000 0.02446 0.48053 0.42244 76 28 9 74 49 366 100.00000 0
3036 5357 9.11999 0.42341 0.55132 0.72793 31 11 8 27 18 194 100.00000 0
1511 1577 9.90720 0.44567 0.24092 1.37145 36 17 9 31 20 138 100.00000 0
334 5405 8.24146 0.01036 0.21555 0.69210 82 60 4 74 60 260 100.00000 0
1907 4313 9.52075 0.01413 0.59524 0.90525 18 4 5 16 9 178 100.00000 0
890 3643 8.99316 0.01083 0.23618 0.25944 91 70 12 85 68 370 100.00000 0
1621 4045 6.27500 0.40765 0.39496 0.73701 40 23 4 37 19 186 100.00000 0
873 3615 6.25382 0.00481 0.53613 0.54249 155 96 12 147 106 697 100.00000 0
984 3738 9.26232 0.00843 0.12972 0.42336 118 99 11 107 91 386 100.00000 0
3015 5342 8.38562 0.26200 0.50491 0.44850 20 6 3 16 11 151 100.00000 0
1283 3800 6.76717 0.00804 0.30184 0.47395 133 85 12 123 87 415 100.00000 0
1943 4365 9.95923 0.93514 1.27727 1.53519 42 4 1 38 28 206 100.00000 0
821 3562 8.80925 0.00461 0.38723 0.51282 48 33 4 48 29 253 100.00000 0
391 5496 8.49828 0.00898 1.17327 0.51889 88 3 0 83 65 371 100.00000 0
355 5439 9.83357 0.01326 0.64875 0.79278 97 47 7 91 69 354 100.00000 0
2455 4837 7.89228 0.00569 0.44976 0.49416 56 29 4 48 34 360 100.00000 0
1081 1250 9.74173 0.01673 0.35945 0.71327 80 61 5 72 57 359 100.00000 0
382 3139 7.99636 0.02752 0.30734 0.58684 84 65 5 75 61 454 100.00000 0
645 3405 8.51115 0.00716 0.42635 0.53522 77 43 15 67 53 316 100.00000 0
1326 3827 9.00047 0.00673 0.48119 0.22381 45 24 7 35 28 215 100.00000 0
2725 5091 6.02154 0.13318 0.66764 0.35166 39 9 0 34 28 251 100.00000 0
378 5507 9.16758 0.00986 1.40042 0.53449 61 0 0 57 42 300 100.00000 0
2353 4734 6.26543 0.00305 0.35547 0.51434 128 86 11 126 89 568 100.00000 0
1066 3786 8.00242 0.00924 0.71844 0.98596 78 33 6 68 54 410 100.00000 0
1153 3789 8.02150 0.00512 1.13547 0.34943 86 0 0 80 63 372 100.00000 0
1949 4338 6.05826 0.28553 1.18071 1.68074 38 13 1 36 23 227 100.00000 0
563 3316 7.53095 0.02146 0.63661 1.22493 81 39 4 77 63 306 100.00000 0
1123 3789 8.02150 0.00512 1.02802 0.30901 68 3 1 64 51 350 100.00000 0
472 3228 7.51394 0.01364 0.22789 0.86230 61 37 2 53 40 296 100.00000 0
980 3734 9.75225 0.00195 0.49783 0.16313 80 42 6 74 62 303 100.00000 0
2655 5042 9.58625 0.03776 0.30211 0.22728 90 63 12 88 65 306 100.00000 0
680 3437 6.00446 0.00378 0.16398 0.17694 123 107 7 117 95 465 100.00000 0
2795 5154 6.18455 0.07368 1.15081 3.88887 8 0 0 6 4 52 100.00000 0
1404 3897 8.48566 0.04992 0.28656 0.54321 97 78 12 88 74 364 100.00000 0
404 3166 7.24326 0.07085 0.46997 0.32626 92 51 2 90 63 469 100.00000 0
367 5456 7.98907 0.01372 0.60388 0.72793 89 38 0 83 70 377 100.00000 0
367 5453 6.26847 0.01455 0.55165 0.79721 111 56 5 101 84 371 100.00000 0
326 3046 6.71798 0.39781 0.40236 0.80746 111 51 27 101 77 311 100.00000 0
1517 1577 8.52701 0.42568 0.44110 1.72760 41 16 5 27 23 156 100.00000 0
2164 4551 6.49630 0.02627 0.30777 0.65492 88 64 9 86 63 583 100.00000 0
375 5469 6.27250 0.00741 0.69202 0.41117 114 23 3 107 78 466 100.00000 0
894 3634 9.51806 0.00879 0.17645 0.58684 68 49 12 61 38 239 100.00000 0
359 3112 8.14175 0.01448 0.31548 0.74230 87 68 8 83 68 274 100.00000 0
2759 5139 7.43649 0.27210 0.28604 0.94045 11 2 1 8 4 65 100.00000 0
3051 5394 8.30458 0.17093 0.45464 0.46562 72 44 13 70 54 228 100.00000 0
616 3378 8.51900 0.00760 0.31616 0.48939 128 100 20 124 96 402 100.00000 0
1333 3845 8.75224 0.00463 0.26088 0.37430 96 83 8 94 73 333 100.00000 0
2399 4789 7.31763 0.01158 0.32741 0.62055 116 70 17 110 80 368 100.00000 0
1241 3792 7.02534 0.00669 0.71723 0.34718 104 21 1 102 75 482 100.00000 0
1553 3982 8.17526 0.10323 0.51530 1.18201 50 15 4 41 22 191 100.00000 0
1557 3985 6.40537 0.09435 0.47419 1.17270 58 21 6 53 35 234 100.00000 0
2109 4501 7.78143 0.00391 0.25756 0.23239 65 44 9 58 40 638 100.00000 0
1053 1167 9.26021 0.00716 0.97067 1.22844 45 10 6 43 27 286 100.00000 0
2340 4729 6.55729 0.01160 0.59672 0.41117 117 44 3 109 81 644 100.00000 0
1302 3810 8.74075 0.00505 0.23254 0.30132 46 38 2 43 32 213 100.00000 0
894 3635 8.00672 0.00777 0.16071 0.47478 66 42 15 62 37 258 100.00000 0
1531 3982 6.57248 0.02980 0.53608 1.44239 45 20 4 39 21 215 100.00000 0
1619 4044 6.78661 0.45822 0.16040 0.82377 40 26 6 35 23 159 100.00000 0
1060 1227 8.25245 0.00584 0.40794 0.34150 50 23 14 44 35 302 100.00000 0
400 3162 8.01967 0.07249 0.36351 0.40251 81 53 8 81 60 472 100.00000 0
2206 4598 9.82420 0.05261 0.46558 0.83697 77 47 5 73 53 464 100.00000 0
2240 4630 8.25357 0.02743 0.43245 0.28804 71 37 4 67 46 420 100.00000 0
919 3672 8.50274 0.00584 0.51557 0.41117 92 33 8 86 68 680 100.00000 0
2576 4966 9.13372 0.00709 0.31572 0.35166 81 55 14 78 58 457 100.00000 0
2602 4990 6.82383 0.00434 0.29433 0.20936 101 82 12 97 83 335 100.00000 0
1053 1152 9.26021 0.00716 0.87244 0.54249 52 4 3 52 38 262 100.00000 0
2001 4414 9.54533 0.05490 0.26044 0.71819 94 84 4 88 75 371 100.00000 0
2991 5341 8.24951 0.07074 0.23754 0.63180 13 7 2 11 6 149 100.00000 0
1054 1134 9.01028 0.00629 0.52110 0.35718 44 12 4 35 25 268 100.00000 0
2369 4750 7.04440 0.00786 0.30112 0.15826 114 87 11 114 90 475 100.00000 0
1613 4043 8.42482 0.62985 0.29725 0.66382 20 7 2 15 7 132 100.00000 0
1099 1245 6.75730 0.01017 0.41139 0.55532 93 43 4 89 69 406 100.00000 0
5467 5518 8.00669 0.00856 0.71917 0.30774 67 13 3 67 54 398 100.00000 0
1513 1571 7.47798 0.35026 0.37283 0.94128 38 19 6 36 24 204 100.00000 0
2678 5064 9.86206 0.00162 0.28561 nan 51 38 5 51 37 191 100.00000 0
918 3671 8.51270 0.00614 0.32310 0.38563 107 77 16 105 78 632 100.00000 0
1058 1125 7.51016 0.00644 0.30768 0.70554 98 64 6 92 80 393 100.00000 0
2192 4576 6.81947 0.01284 0.29353 0.71491 71 51 8 69 47 405 100.00000 0
462 3217 9.28246 0.00328 0.30916 0.36904 61 43 3 59 47 279 100.00000 0
1202 3789 8.02149 0.00476 1.10766 0.27976 67 1 0 61 41 372 100.00000 0
3127 5454 7.36950 0.02666 0.38037 0.27836 117 74 4 109 98 499 100.00000 0
1457 3944 8.24423 0.02341 0.45492 0.97679 50 22 3 44 38 262 100.00000 0
1609 4006 8.18560 0.59318 0.35845 0.53082 32 13 6 30 17 108 100.00000 0
1195 1249 8.48377 0.01335 0.46048 0.48618 65 35 3 63 49 295 100.00000 0
358 5425 6.23066 0.01145 0.45106 0.66558 153 56 12 148 107 411 100.00000 0
1089 1244 6.23462 0.01265 0.25548 0.78235 81 69 3 76 61 447 100.00000 0
3021 5369 6.08969 0.33755 0.46457 1.09002 71 57 4 67 44 320 100.00000 0
2191 4575 6.88087 0.00565 0.15847 0.23407 91 79 11 91 65 513 100.00000 0
1414 3917 6.50333 0.01266 0.31831 0.03956 37 20 4 30 25 316 100.00000 0
1974 4362 8.47521 0.35823 1.23352 2.57222 91 21 3 89 48 343 100.00000 0
2740 5099 9.14744 0.30460 1.04168 2.07377 5 2 0 0 1 50 100.00000 0
336 3057 9.56407 0.19211 0.49828 1.04230 47 24 9 41 32 184 100.00000 0
1084 3777 8.26579 0.00734 0.97407 0.69998 63 0 0 54 42 337 100.00000 0
1569 3988 6.45036 0.19158 0.28973 1.13229 36 23 1 23 19 163 100.00000 0
3093 5409 8.77087 0.02721 0.49012 0.47806 77 43 9 75 58 279 100.00000 0
1977 4391 8.22367 0.09170 0.94293 1.59324 83 70 9 83 45 354 100.00000 0
1070 1241 8.48060 0.01249 0.22828 0.70499 60 44 6 56 32 314 100.00000 0
351 5411 8.85489 0.01283 0.44979 0.80746 82 26 11 77 54 317 100.00000 0
2456 4847 6.33295 0.00711 0.24261 0.67027 94 76 6 91 68 406 100.00000 0
1244 3792 6.00392 0.00775 0.83776 0.28116 142 9 2 138 113 479 100.00000 0
1059 1120 7.01629 0.00576 0.60072 0.45111 82 18 6 75 56 395 100.00000 0
3022 5371 6.95245 0.37814 0.84987 1.20366 65 38 8 57 42 246 100.00000 0
2004 4415 7.74243 0.05097 0.41720 1.08534 101 79 5 101 65 392 100.00000 0
3118 5439 8.52154 0.02079 0.22380 0.46140 64 47 10 56 47 334 100.00000 0
1169 1250 9.00315 0.01391 0.34829 0.53595 47 18 4 45 23 286 100.00000 0
1135 3790 9.26707 0.00552 1.12638 0.50513 60 2 0 58 45 313 100.00000 0
2735 5099 6.35146 0.18763 0.66094 0.22381 6 2 3 6 2 97 100.00000 0
366 5452 6.93382 0.01344 0.31886 0.73860 94 79 7 92 74 348 100.00000 0
2418 4810 9.41963 0.00539 0.50475 0.34943 59 37 11 59 46 307 100.00000 0
1564 3985 7.72845 0.17125 0.29113 1.18333 62 40 6 58 39 227 100.00000 0
719 3466 6.54233 0.00109 0.38467 0.22029 109 65 19 107 61 367 100.00000 0
973 3727 9.50976 0.01135 0.22890 0.53229 110 89 16 108 86 390 100.00000 0
1926 4339 9.66427 0.07065 0.25669 0.56924 30 16 3 30 21 192 100.00000 0
1058 1216 7.75034 0.00519 0.29657 0.42613 107 73 11 105 89 379 100.00000 0
549 3301 9.58371 0.00598 0.56147 0.19782 40 20 3 34 23 288 100.00000 0
3143 5496 7.65373 0.02831 0.61436 0.81277 95 19 0 95 69 444 100.00000 0
1055 1126 8.51029 0.00517 0.60712 0.45628 77 17 7 75 55 342 100.00000 0
847 3598 6.75874 0.00684 0.39293 0.31898 121 79 18 119 89 505 100.00000 0
1055 1188 8.51029 0.00476 0.54637 0.29608 75 31 8 71 53 336 100.00000 0
1955 4342 7.35460 0.44857 0.79227 0.80259 41 10 4 37 21 239 100.00000 0
1628 4054 8.51445 0.24903 0.45773 0.82424 36 15 1 34 25 198 100.00000 0
330 3051 6.98986 0.28843 0.35634 0.36262 106 68 17 104 68 352 100.00000 0
478 3244 8.55082 0.01123 0.42026 0.21850 61 31 9 55 36 265 100.00000 0
1169 3788 6.50703 0.00507 0.68868 0.47478 81 18 0 79 59 446 100.00000 0
1558 3981 9.68260 0.15921 0.74902 3.09781 35 6 1 26 15 104 100.00000 0
2276 4666 9.50060 0.01420 0.67265 1.08173 47 12 0 38 27 264 100.00000 0
1632 4022 9.88485 0.75616 0.14468 1.04755 14 6 3 9 6 88 100.00000 0
1038 3766 7.49028 0.00365 0.24357 0.31898 136 98 14 130 103 411 100.00000 0
644 3404 8.26847 0.00836 0.30070 0.49575 78 59 10 74 55 329 100.00000 0
1091 3790 9.24150 0.00886 1.10175 0.69549 56 2 0 52 50 322 100.00000 0
2250 4639 6.50716 0.01777 0.51482 0.75277 125 73 4 121 95 456 100.00000 0
460 3227 8.55547 0.00774 0.60300 0.84209 100 46 21 92 66 419 100.00000 0
1532 1585 9.64092 0.52332 0.42485 1.67771 33 11 3 28 19 89 100.00000 0
2580 4970 9.12161 0.00747 0.27356 0.26834 55 36 6 49 38 339 100.00000 0
2458 4841 6.61520 0.00737 0.28547 0.20748 100 73 10 93 73 469 100.00000 0
416 3167 7.92974 0.06900 0.31664 0.56163 106 66 12 102 73 551 100.00000 0
371 3127 9.23548 0.02592 0.35771 0.88071 52 30 6 45 30 358 100.00000 0
1080 1245 7.73361 0.01370 0.22412 0.68128 94 71 9 83 56 399 100.00000 0
390 5489 8.06371 0.00844 1.00855 0.57539 124 10 0 113 77 477 100.00000 0
1128 1245 6.75732 0.01008 0.54349 0.42796 107 53 2 101 81 415 100.00000 0
1596 4034 9.35230 0.72727 0.97749 0.83509 16 3 1 8 8 88 100.00000 0
3138 5474 7.35867 0.02074 0.61854 0.42887 97 47 5 90 70 460 100.00000 0
1090 3790 9.24150 0.00900 0.76696 0.64224 63 7 2 59 48 315 100.00000 0
2561 4951 9.12415 0.00213 0.27185 0.44146 54 45 3 52 35 322 100.00000 0
325 3056 6.09919 0.22147 0.29080 1.34697 110 97 7 108 84 335 100.00000 0
2281 4670 6.99724 0.01154 0.25820 0.29871 75 54 8 71 52 372 100.00000 0
1516 1578 9.20256 0.44633 0.52425 1.43777 35 16 6 33 17 126 100.00000 0
2468 4859 6.81800 0.00578 0.18681 0.21850 64 54 7 62 48 287 100.00000 0
2747 5132 9.81470 0.37548 0.50119 1.35682 8 2 0 8 4 45 100.00000 0
2161 4557 8.83985 0.01558 0.55158 0.86953 99 47 7 95 66 525 100.00000 0
1165 1245 6.75732 0.01008 0.48645 0.55178 102 54 2 96 72 399 100.00000 0
3127 5531 8.48902 0.01415 1.02268 0.44411 66 0 0 66 49 413 100.00000 0
1050 3781 7.75338 0.00539 0.99333 0.30390 100 0 0 91 79 397 100.00000 0
