2000 3419 11.77103 2.29658 0.62619 2.59480 18 13 2 10 7
939 4195 10.75276 0.55559 1.84942 4.72613 15 2 2 10 2
1981 4568 11.29674 0.04255 0.76142 2.38573 42 23 4 37 23
1795 4404 10.92120 0.64557 0.59478 2.03721 16 14 0 10 8
3424 4572 11.36026 1.65936 0.79851 2.16609 74 34 6 69 34
941 4221 11.09795 0.03076 0.47384 2.03817 74 28 19 72 49
3313 4624 11.54661 1.93089 31.12033 110.63179 4 0 0 1 1
3398 4574 11.66679 2.98580 0.56663 0.68756 42 21 6 40 21
1944 4535 10.67241 0.06258 1.95768 1.54383 76 0 0 74 46
2013 3414 11.94384 2.91902 0.49186 2.34485 41 41 0 41 27
1004 4265 11.18746 0.01602 0.25978 0.91043 43 37 6 43 28
3411 4586 11.09934 2.30212 0.46110 3.20870 8 6 2 8 6
3360 4601 10.07671 3.12944 0.59726 3.16137 20 8 11 13 7
3316 4625 10.05877 1.99911 1.36256 4.30966 5 0 0 2 1
2015 4579 11.80682 1.34021 0.51511 4.38874 21 15 5 17 8
1003 4248 10.56080 0.02116 0.36164 0.90569 25 20 5 20 10
1036 4277 11.74153 0.79050 0.57172 0.83134 55 33 7 47 22
1025 4274 11.85598 0.18143 0.12531 1.22908 44 32 9 39 23
3420 4569 11.16863 1.78615 0.58844 0.87581 48 31 4 44 23
3369 4594 10.53298 3.11977 0.15273 3.91727 14 11 0 12 4
1011 4252 10.43428 0.02551 0.40387 1.08462 32 22 8 21 13
993 4259 11.01126 0.01514 0.29064 0.90396 43 30 12 40 22
2004 4562 10.60807 0.72206 0.77975 0.84395 35 16 4 26 15
1834 4412 11.87768 0.00420 16.21557 0.25334 8 0 0 3 4
1875 4467 10.31848 0.02322 0.61893 0.85592 47 25 2 43 24
3313 4629 11.68643 1.86852 44.33336 107.05813 2 0 0 0 0
1034 4260 10.88328 0.64929 0.39253 1.22525 53 41 10 47 30
3335 4630 11.35303 2.62880 0.68161 2.48207 15 14 1 15 12
926 4210 10.75146 0.07148 0.61962 1.98426 41 9 7 38 29
1910 4502 11.95305 0.07152 9.35621 3.52592 19 0 0 11 9
1813 4413 10.62826 0.04454 1.14812 1.99017 9 3 0 4 1
980 4250 10.90960 0.01631 0.19219 0.71764 52 46 6 52 36
909 4184 10.79670 1.93821 0.88244 3.36406 20 8 1 18 2
1976 4547 11.30759 0.01199 0.95041 0.63674 29 11 2 20 15
915 4178 11.78967 1.91361 0.44499 4.45061 26 22 4 18 11
953 4211 10.15524 0.05537 1.04232 3.00374 38 16 16 36 17
1840 4418 10.72135 0.02521 0.69601 1.45750 27 23 3 17 13
3341 4612 10.69718 3.02119 0.31879 2.46355 35 25 8 28 16
2006 3408 10.52550 2.96467 0.87024 2.43735 11 8 0 8 7
923 4179 11.02409 1.52544 0.56266 4.02574 23 11 10 21 13
928 4183 10.43089 1.23718 0.21212 3.42234 46 18 19 34 26
1924 4499 11.64191 0.07469 1.34684 1.05758 36 1 1 28 20
3403 4589 10.95719 2.79297 0.27043 3.26818 23 16 1 23 11
2012 3405 11.38195 2.42277 1.13066 2.39702 21 12 3 14 6
990 4240 11.05713 0.01777 0.75272 1.04493 29 21 8 25 12
914 4181 10.27047 1.83737 0.99144 3.43228 22 7 1 20 10
909 4198 11.32270 1.16772 0.34270 2.48994 23 20 2 21 12
1773 4395 10.52059 1.63534 1.29091 3.05646 16 12 3 14 6
909 4185 10.34135 1.88849 0.53812 3.27668 11 5 1 9 4
904 4191 11.88056 1.79913 0.41412 2.71296 18 13 4 18 11
1003 4247 11.85033 0.01925 0.83980 1.06899 15 2 3 9 8
945 4202 10.75995 0.16724 0.89700 3.27907 35 20 14 33 18
993 4242 11.04556 0.01593 0.96821 0.95327 26 10 2 23 11
3375 4605 10.08040 3.11669 1.39100 3.16990 9 2 0 5 2
1917 4492 11.66333 0.08720 1.16371 0.24866 7 2 0 3 2
1920 4496 10.29123 0.07388 1.46426 1.09860 38 3 0 38 18
1953 4527 11.82973 0.05470 2.10686 0.34150 29 0 0 27 14
2020 4573 11.91393 1.54531 0.70364 10.93191 15 0 0 8 5
1034 4276 10.97397 0.66361 0.11977 1.26052 95 76 12 95 50
1999 3415 11.39773 2.44775 0.67720 2.60309 38 34 4 35 17
1775 4398 11.22049 1.59651 1.00812 3.26962 13 6 1 6 4
1995 4576 11.99923 0.21194 0.81513 2.93838 30 18 1 23 14
3326 4631 10.67376 2.23366 12.81676 46.75576 3 0 0 0 2
1003 4265 11.85233 0.01634 0.11260 0.94045 37 21 16 37 14
956 4213 10.99299 0.04848 0.48339 2.47132 34 20 11 31 11
2011 3406 10.85734 2.54035 0.50955 2.05747 31 24 4 27 13
1787 4387 11.94287 1.16181 0.32429 1.66624 40 29 7 32 16
1846 4423 11.27993 0.01279 0.59294 0.87312 18 13 2 18 10
1971 4543 11.59748 0.02409 1.12714 1.02793 44 7 2 31 29
3387 4597 10.54897 3.09658 0.48529 2.07754 12 5 2 10 4
1799 4406 11.22994 0.40873 0.42567 1.51025 35 19 7 32 14
1934 4525 10.74210 0.08102 1.88380 1.26980 27 0 0 22 13
1879 4455 11.93614 0.01705 0.99293 1.05721 27 11 1 25 12
1776 4397 10.39107 1.58363 2.66826 7.91160 12 1 0 5 7
1775 4391 10.73241 1.61475 0.77285 2.65756 11 2 0 7 5
1921 4512 10.95557 0.07440 1.68168 1.30985 18 1 0 15 9
1016 4254 10.51339 0.01777 0.76355 0.93419 21 16 4 15 9
3337 4614 10.61003 2.89118 0.40546 2.15177 24 20 4 24 14
948 4226 11.02207 0.02363 0.14632 1.29241 57 37 19 53 37
931 4185 10.91660 1.12040 0.26111 3.48234 39 16 11 39 25
925 4209 10.48984 0.09126 0.53179 1.74249 56 23 16 41 25
1024 4257 10.44843 0.13301 0.19424 1.76325 39 34 3 31 23
1048 4275 11.27001 1.44258 0.63264 0.98636 59 40 18 50 18
3335 4629 10.09324 2.64073 0.55270 2.59344 25 24 1 25 15
1996 4559 10.09778 0.26574 0.86805 1.38027 39 13 2 28 25
3320 4631 11.24219 2.03471 6.81783 116.57997 2 0 0 2 2
1847 4441 11.55264 0.03036 0.23859 1.75145 14 11 2 11 3
1855 4432 10.69944 0.01525 10.48802 1.08282 21 0 0 14 13
932 4187 10.41657 1.02100 0.25273 3.94635 30 8 5 23 12
935 4217 11.30734 0.02482 0.65116 1.78004 33 3 0 27 17
1988 4554 11.73670 0.04640 0.96397 2.00311 42 11 1 34 19
1966 4539 11.40828 0.03065 1.27747 1.13229 26 1 1 19 14
3313 4625 11.22320 1.91811 4.29884 10.17065 3 0 0 1 1
3337 4613 11.86500 2.89679 0.42657 2.20478 26 25 0 23 17
1973 4545 11.03296 0.01471 1.38936 0.59610 26 5 2 20 9
1930 4505 11.57754 0.07154 2.18465 0.73008 20 0 0 18 9
927 4211 11.01240 0.05930 0.52363 2.50265 57 8 6 57 29
918 4205 11.43448 0.41236 0.37713 2.54591 72 54 17 72 42
913 4180 11.16035 1.93124 0.55383 3.47739 18 11 4 16 7
3350 4607 10.75398 3.13012 0.42996 3.10703 28 22 1 24 14
1837 4431 10.31661 0.01613 0.55948 0.89918 28 14 5 21 11
1962 4536 10.60356 0.03098 2.27412 1.00949 42 0 0 37 20
1007 4249 11.88875 0.02524 0.29459 1.07775 24 18 6 24 12
1972 4562 11.86741 0.00792 1.01573 0.42058 34 11 1 26 10
2018 4574 10.62174 1.46662 1.13364 4.73996 18 4 1 14 9
2013 4578 10.18013 1.25027 0.38334 3.63108 31 24 2 22 18
2007 3416 10.76830 2.89315 0.77980 2.29661 30 22 8 26 13
3350 4623 11.07258 3.00671 1.08177 2.66183 15 13 2 15 6
1975 4563 10.21330 0.00829 0.79917 0.51129 61 35 7 44 26
2006 3405 11.65777 2.78985 0.93200 2.51155 21 15 2 18 7
3408 4570 10.87426 2.47119 0.52198 0.47806 25 18 2 25 12
1932 4508 10.13007 0.06367 2.78498 0.74965 18 0 0 12 5
3320 4620 11.54667 2.16904 1.10101 5.40428 5 2 0 2 2
944 4200 11.37483 0.26690 1.65009 3.60076 25 16 7 19 8
1828 4408 10.70368 0.02528 0.23436 1.44184 43 37 4 35 15
1880 4457 10.42538 0.01939 1.12584 1.25679 28 13 3 22 13
3331 4631 11.33074 2.44948 0.36257 2.55803 5 3 2 3 2
2019 4574 11.28046 1.50488 1.15241 5.54729 10 3 0 3 4
2014 4578 10.50472 1.29741 0.66763 3.81557 25 10 8 20 14
3315 4624 10.75753 1.98481 0.29564 7.42946 4 0 0 2 2
1846 4439 10.12485 0.02364 1.21647 1.36027 15 0 0 10 9
1805 4392 11.92984 0.21849 0.10975 0.66676 56 47 8 51 29
1972 4561 10.60044 0.00623 0.95772 0.32746 63 20 4 53 31
967 4240 10.72533 0.01756 0.32342 0.90569 46 39 7 46 29
3342 4611 11.31307 3.04279 0.93335 2.53281 21 11 5 15 11
913 4202 11.93999 0.76753 0.63618 2.80044 33 12 19 29 14
938 4193 11.22523 0.67019 1.02925 4.07160 17 11 4 15 6
2017 4571 10.04170 1.43489 1.05764 3.92326 38 14 2 29 25
3397 4591 10.03727 3.06997 0.41113 5.02126 16 8 0 16 9
3418 4569 10.56296 1.87584 0.75572 1.20138 31 19 6 27 15
1831 4410 11.25117 0.00843 11.89261 0.50202 10 5 1 4 1
994 4259 10.21233 0.01528 0.23829 0.89351 52 44 6 47 31
995 4243 11.35005 0.01201 0.27953 0.73329 27 25 1 21 14
3324 4620 10.04451 2.28863 0.81498 3.91847 7 3 2 3 2
1045 4277 11.81589 1.32315 0.45790 1.17170 52 43 4 48 30
3399 4574 11.01889 2.94948 0.36108 0.47642 39 28 8 37 14
1859 4452 10.91428 0.01579 0.45821 1.04755 41 37 2 33 27
3374 4607 11.67237 3.12439 0.36425 2.07585 12 6 3 12 7
3352 4622 11.27447 3.01766 1.08684 2.69123 12 9 1 7 2
2003 4561 11.35958 0.65753 0.79825 0.61866 48 17 3 38 24
910 4181 11.75361 2.03191 0.77847 2.82411 32 5 6 26 10
1048 4265 11.98599 1.42818 0.53639 0.83650 53 51 2 51 36
972 4226 11.61386 0.03017 0.63957 1.67304 32 17 9 32 16
3330 4631 11.14495 2.40421 0.44200 2.54222 17 11 5 10 6
905 4192 11.45899 1.70048 0.42240 2.83752 12 10 2 8 6
3408 4587 10.94561 2.48365 0.36262 3.35159 12 8 4 12 5
1884 4476 10.86859 0.03449 0.58038 0.73222 47 31 2 34 16
2002 3408 11.74755 3.06085 0.47857 2.64294 26 19 3 19 10
1038 4262 10.10514 0.90286 0.25319 1.34290 39 32 7 39 19
2009 3409 10.07049 2.84227 0.44259 2.59646 33 27 2 31 17
971 4244 11.93306 0.02119 0.65336 0.89351 53 44 8 47 24
1050 4273 11.32841 1.49845 0.31433 0.47642 65 60 5 59 41
1960 4551 11.58699 0.02696 2.15592 0.83509 53 0 0 40 27
996 4261 11.33696 0.01223 0.17055 0.71052 33 26 7 31 23
1821 4418 10.12617 0.03128 12.11630 2.10115 24 0 0 24 14
1808 4394 11.40235 0.15463 0.26502 0.93041 48 45 1 34 29
908 4184 11.30926 1.98541 1.02819 3.13238 22 12 0 7 5
1025 4257 10.93063 0.17115 0.17198 1.92681 40 27 11 38 13
1865 4442 10.81550 0.01758 0.77345 0.69661 23 11 2 19 13
1856 4433 10.68525 0.01605 12.50551 0.50046 12 0 0 6 6
3358 4601 11.83048 3.12923 0.22164 3.07600 39 38 1 34 19
1988 4572 11.24726 0.06362 0.51395 3.37638 54 45 5 46 28
962 4236 10.44283 0.01649 0.08334 1.05239 52 43 7 46 29
972 4244 10.96688 0.02179 0.26800 0.98198 48 37 9 37 25
1864 4457 11.20748 0.01387 0.76474 0.86003 20 11 4 11 7
1876 4468 10.39770 0.02699 0.75857 1.10145 30 15 0 28 18
910 4199 11.41509 1.06317 0.54051 2.46783 27 21 4 18 10
1798 4406 11.85898 0.46166 0.76717 1.71919 24 13 1 15 11
1787 4388 10.85736 1.16898 0.44650 1.55696 37 32 3 35 16
1955 4530 10.25962 0.03967 2.04751 0.29074 54 0 0 49 23
1038 4261 11.36001 0.90229 0.36198 1.09217 28 23 4 25 13
1987 4554 11.06692 0.03716 0.83696 1.95344 43 10 3 36 26
2012 4566 10.21233 1.21747 0.74846 1.52161 42 30 4 38 22
3418 4568 11.61788 1.87514 0.92227 1.41000 38 21 10 36 18
1902 4478 10.28896 0.01911 1.37532 0.84116 53 11 1 48 28
1871 4463 10.08523 0.01647 0.54493 0.82803 48 32 3 39 21
988 4239 10.56721 0.01697 0.28698 0.98873 54 52 2 46 28
2008 3409 10.09309 2.90685 0.43038 2.56155 17 13 2 17 9
991 4241 10.65182 0.01536 0.58504 0.96631 33 30 3 33 16
1792 4388 11.09643 0.87569 0.53581 1.67257 27 22 1 21 13
907 4197 11.84313 1.31813 2.20988 2.59887 6 0 0 2 3
2018 4577 11.79739 1.46103 1.68766 7.20274 12 3 0 10 6
1845 4423 10.03944 0.01190 0.63387 0.67724 27 20 0 22 14
1833 4428 10.89598 0.00736 0.30523 0.16071 34 26 6 28 19
915 4203 11.55690 0.62720 0.18620 2.89989 42 24 17 36 23
1861 4438 10.71111 0.01766 1.58371 0.38359 13 3 3 9 3
1915 4491 10.29585 0.08084 1.18479 0.43879 21 6 1 19 13
1800 4406 10.64921 0.35751 0.14930 1.37828 41 28 6 28 12
3359 4617 10.55261 3.08446 0.30606 2.39490 20 14 0 18 10
3419 4582 10.61624 1.85010 1.04476 3.89159 21 8 0 10 10
1032 4276 11.68811 0.54189 0.23084 1.38451 98 86 3 94 38
1818 4400 11.67105 0.03280 0.74899 1.70226 46 33 4 37 19
951 4209 10.20779 0.05337 0.46301 2.91255 46 25 21 44 24
1050 4268 11.40344 1.48604 0.14800 1.31343 70 62 7 70 48
3336 4614 11.18141 2.85533 0.07515 2.24071 28 22 4 15 7
1964 4555 11.83696 0.02242 1.47479 1.22908 48 1 0 32 36
989 4240 10.18471 0.01666 0.50535 1.11768 32 27 3 29 17
933 4186 11.61900 1.06941 0.42353 3.78900 49 22 11 42 23
3318 4631 11.65608 1.98073 34.03058 113.48703 3 0 0 0 1
2015 4566 11.82640 1.35950 0.87563 2.85622 32 14 3 32 17
