136 5376 11.92129 3.12279 0.91541 2.01829 5 1 0 5 4 44 100.00000 0
788 3842 10.74027 3.10179 1.48271 2.84469 39 0 0 28 23 238 100.00000 0
3639 4606 10.30963 0.03521 0.42753 1.05053 142 129 8 134 81 668 100.00000 0
644 4962 10.71149 3.05329 1.12158 1.83803 40 7 3 34 12 198 100.00000 0
243 1953 11.63800 0.24712 0.73264 0.74494 80 70 6 73 52 325 100.00000 0
3712 4655 11.93130 0.31879 0.59904 0.97959 27 22 3 27 17 163 100.00000 0
2004 5259 11.67707 2.98746 1.73917 4.32663 17 2 0 8 6 110 100.00000 0
2145 5124 10.08740 2.92687 1.31101 1.05684 18 3 3 13 3 138 100.00000 0
1550 3198 11.41989 0.02848 0.57993 0.64891 38 29 3 30 23 167 100.00000 0
2533 4712 11.80353 3.12994 1.49806 2.32591 36 1 0 28 14 243 100.00000 0
833 2494 10.30965 0.05381 0.41213 0.22381 65 60 4 58 37 361 100.00000 0
1007 2700 10.46347 0.00817 0.51678 0.45628 62 48 6 56 35 300 100.00000 0
1661 3312 11.31256 0.10250 0.80132 1.27534 27 16 4 10 2 209 100.00000 0
403 2100 11.47804 0.09983 0.94301 1.57222 28 15 11 16 12 230 100.00000 0
1534 3208 11.67620 0.03358 0.28975 0.38155 31 23 8 28 13 172 100.00000 0
589 2288 10.95919 0.02587 0.38258 0.57198 44 36 7 33 27 276 100.00000 0
550 5029 10.41016 3.09732 1.33349 2.29388 17 1 0 10 6 113 100.00000 0
842 3783 11.93545 3.09398 1.71452 1.21788 26 0 0 20 11 156 100.00000 0
2390 4890 11.60265 3.13811 0.63592 2.35618 28 13 2 21 15 161 100.00000 0
743 4861 10.88555 3.13681 0.57742 1.65611 35 20 12 16 4 221 100.00000 0
2261 4049 11.76058 3.13964 1.84238 1.06386 31 0 0 24 15 145 100.00000 0
3813 4777 10.23002 0.03804 0.41042 0.14265 83 80 2 81 57 440 100.00000 0
654 4922 10.28362 2.40536 1.81288 2.56170 44 3 0 32 16 345 100.00000 0
582 2262 11.35520 0.02476 0.45410 0.71491 56 36 16 42 24 270 100.00000 0
446 5121 10.31008 2.89163 1.03710 0.96712 20 5 0 14 9 144 100.00000 0
2044 5244 10.66355 3.06308 0.99528 1.48411 32 7 1 28 18 200 100.00000 0
1946 5329 11.74434 2.73203 1.39576 1.35855 12 0 2 9 6 117 100.00000 0
976 2666 10.07307 0.03653 0.34839 0.62870 33 27 4 29 17 223 100.00000 0
2489 4763 11.74640 3.07237 1.73362 2.12228 38 0 0 36 20 253 100.00000 0
2104 5181 10.10429 3.05098 0.49782 2.63165 9 4 1 6 4 79 100.00000 0
895 3724 11.70746 3.12927 1.02764 2.81744 24 3 1 17 12 152 100.00000 0
438 2153 11.04805 0.07786 0.58717 0.51205 37 27 7 35 18 195 100.00000 0
1000 2693 10.87926 0.02734 0.44099 0.85547 41 38 3 37 27 240 100.00000 0
560 2244 10.34940 0.03513 0.23152 0.66617 41 40 1 37 22 200 100.00000 0
675 3936 10.04436 2.55379 1.72617 1.26640 26 0 0 24 14 159 100.00000 0
709 2368 10.67656 0.21330 0.54871 0.85272 39 34 2 30 20 227 100.00000 0
2515 4752 11.43473 3.11735 1.56857 4.20999 14 6 0 11 9 115 100.00000 0
3708 4652 11.12419 0.34071 0.22688 1.27718 61 57 4 53 24 255 100.00000 0
356 2078 11.90709 0.05991 0.71662 0.17246 27 15 5 15 14 198 100.00000 0
569 5026 10.00868 3.08333 0.81272 1.52110 12 5 3 7 5 66 100.00000 0
674 2373 11.86279 0.45703 1.41755 4.28880 21 16 3 10 3 126 100.00000 0
678 3930 11.71887 2.60869 1.70438 1.43477 20 0 0 15 11 139 100.00000 0
2382 3936 10.91116 3.11171 0.86550 2.03105 24 17 3 17 11 132 100.00000 0
925 2581 11.68842 0.04156 0.35321 1.45535 38 31 6 27 20 181 100.00000 0
2572 4686 10.71264 3.08337 0.66376 3.08655 4 1 0 1 2 72 100.00000 0
1947 5320 11.05873 2.74457 1.02195 1.76281 21 5 4 14 9 130 100.00000 0
610 4970 11.35571 3.12428 1.88891 2.31782 39 7 0 29 19 167 100.00000 0
2340 3950 11.63911 2.28591 0.93714 2.02526 45 0 0 38 31 237 100.00000 0
4168 5099 11.64545 0.61028 0.33361 1.82027 76 32 5 76 43 434 100.00000 0
4058 5007 10.84930 0.01445 0.32277 0.32626 64 57 5 55 40 378 100.00000 0
2174 5107 10.02640 3.08997 0.74987 1.55469 61 17 23 57 21 329 100.00000 0
544 4094 10.20710 3.12869 1.03549 3.43980 24 8 0 24 10 123 100.00000 0
437 5144 11.77698 3.00304 0.58625 1.75613 9 5 4 5 3 71 100.00000 0
2493 4778 11.12138 3.11368 0.47105 1.78531 46 30 10 31 21 290 100.00000 0
2427 3891 11.61145 3.12966 1.08716 1.90454 69 45 12 62 20 383 100.00000 0
2355 3931 11.53232 2.54781 1.79632 1.38310 33 3 0 23 7 222 100.00000 0
650 3998 11.78803 2.91330 1.01197 1.80385 16 8 4 11 4 128 100.00000 0
1680 3388 11.48121 0.97328 0.74731 2.04870 130 11 14 122 46 349 100.00000 0
841 3785 11.07551 3.09259 1.14528 1.24678 21 2 0 19 12 151 100.00000 0
2172 5113 11.52031 3.11062 0.98929 0.94253 67 8 4 54 21 308 100.00000 0
2250 4062 11.78848 3.13045 1.92454 1.50037 14 0 0 11 4 76 100.00000 0
2526 3783 10.31615 3.13565 0.92485 2.66109 22 18 0 12 10 181 100.00000 0
778 2458 10.79463 0.02716 0.46195 0.72416 82 63 3 74 52 488 100.00000 0
3596 4535 10.11508 0.09803 0.19730 1.06533 50 48 2 48 29 297 100.00000 0
429 5150 10.65522 3.00195 0.55647 1.49305 19 12 3 17 9 99 100.00000 0
2182 5092 11.76291 3.12019 1.46800 2.22915 31 6 3 27 10 236 100.00000 0
4171 5108 11.75264 0.77976 0.74407 1.64687 79 23 2 77 44 450 100.00000 0
2416 3900 10.24818 3.13990 0.91445 2.27950 36 26 2 27 14 182 100.00000 0
3596 4561 10.82686 0.02832 0.70642 1.62269 65 50 10 61 29 257 100.00000 0
663 4948 11.21786 2.65241 0.76700 3.35042 54 10 5 48 13 240 100.00000 0
196 5351 11.16528 3.07223 0.72274 1.28937 34 13 5 27 15 211 100.00000 0
1638 3280 11.84708 0.02932 1.22736 0.34035 43 18 15 34 20 173 100.00000 0
2234 4100 10.59321 3.11914 1.41093 3.71278 12 3 0 6 0 96 100.00000 0
3714 4658 11.05753 0.25151 0.55850 0.90741 21 10 4 8 7 158 100.00000 0
1453 3101 10.51488 0.01896 0.15221 0.25179 27 12 13 18 10 128 100.00000 0
613 4006 10.80174 3.13620 1.09102 1.45562 29 4 0 22 13 181 100.00000 0
459 2172 10.93767 0.20373 0.47601 0.48537 63 47 12 61 31 397 100.00000 0
674 3972 10.94729 2.84530 0.74868 2.17349 42 4 0 37 15 164 100.00000 0
587 2287 11.72779 0.02617 0.32514 1.01375 43 28 7 22 21 282 100.00000 0
206 1926 11.39087 0.56721 0.79786 0.69998 93 81 9 80 39 506 100.00000 0
3876 4847 11.90419 0.00792 0.51393 0.43701 87 66 20 78 47 429 100.00000 0
940 4629 11.60252 2.19801 0.23831 1.38197 76 53 12 72 34 487 100.00000 0
531 2236 10.44393 0.01136 0.26167 0.46309 78 75 3 73 56 315 100.00000 0
2332 4928 10.44883 2.51728 1.44276 1.85372 78 6 3 70 31 431 100.00000 0
617 2316 10.64289 0.00780 0.71514 0.46730 97 82 3 95 69 399 100.00000 0
4128 5070 11.75155 0.05453 0.33274 1.40945 15 11 2 13 8 142 100.00000 0
4115 5059 11.25828 0.00781 0.62925 1.17836 19 14 0 12 8 99 100.00000 0
2490 3826 10.80704 3.12297 0.69974 1.92152 51 15 9 32 17 275 100.00000 0
687 2341 11.94929 0.71080 0.47047 1.12396 66 45 9 47 29 247 100.00000 0
2070 5218 10.22833 3.08474 0.82909 1.42546 24 11 7 10 9 159 100.00000 0
942 4632 11.85576 2.23617 0.23223 1.48990 61 46 7 55 33 420 100.00000 0
461 4174 11.06802 2.00171 1.39479 1.65138 64 9 10 54 27 415 100.00000 0
4071 5039 11.58759 0.05218 0.88041 0.80697 19 14 1 17 9 94 100.00000 0
592 4028 10.66870 3.12096 1.73293 1.72397 27 0 0 17 10 154 100.00000 0
1553 3201 11.06317 0.02811 0.57223 0.50745 38 31 5 31 18 194 100.00000 0
4153 5107 11.61201 0.35407 0.40406 0.86547 63 58 5 51 37 339 100.00000 0
566 5013 10.95632 3.09711 1.35674 1.16231 43 1 0 39 16 189 100.00000 0
677 2374 11.17772 0.39846 0.24047 0.82709 28 21 7 26 13 162 100.00000 0
1021 2697 10.74601 0.00637 0.56128 0.55320 69 64 4 60 41 269 100.00000 0
762 4843 10.68134 3.12868 0.76383 1.96264 67 51 1 55 30 369 100.00000 0
697 3948 11.22365 3.10169 1.68075 1.69628 7 0 5 4 3 63 100.00000 0
347 2069 10.25467 0.05346 0.47025 0.59149 38 25 5 31 17 223 100.00000 0
639 2343 11.23128 0.59822 0.83035 1.27380 111 74 16 100 71 430 100.00000 0
2577 3702 11.56777 2.89834 1.48149 1.52084 17 4 4 5 5 138 100.00000 0
757 2420 10.30308 0.00808 0.38259 0.39167 111 91 19 111 71 545 100.00000 0
761 4824 11.60918 3.12781 1.20642 2.98505 100 16 10 86 50 441 100.00000 0
310 2037 11.00547 0.08125 0.28510 0.31652 27 24 2 27 15 288 100.00000 0
1431 3074 11.13807 0.30732 1.12118 1.40137 12 5 0 5 3 102 100.00000 0
905 4667 10.86729 3.05894 1.40793 2.80770 26 3 1 17 6 176 100.00000 0
4047 4996 11.62425 0.02259 0.45071 1.34581 64 57 3 52 28 300 100.00000 0
2135 5132 10.26642 3.00705 1.45571 0.46394 27 1 0 21 10 127 100.00000 0
468 4159 11.03084 2.53441 1.18840 1.08751 77 9 20 71 25 433 100.00000 0
1480 3131 11.43637 0.03320 0.43450 0.64952 48 36 8 48 27 314 100.00000 0
4160 5108 10.66491 0.48043 0.50026 0.78335 98 81 5 90 69 461 100.00000 0
3718 4684 10.02011 0.03842 0.40917 0.60652 49 43 5 45 33 316 100.00000 0
634 4945 11.14350 2.87061 1.05575 2.64308 38 1 16 24 13 226 100.00000 0
788 4816 10.05842 3.11728 0.65909 2.67547 26 13 2 18 8 242 100.00000 0
486 5098 10.34994 3.03570 0.81967 2.03028 49 34 11 38 20 258 100.00000 0
2177 5097 11.62230 3.06622 0.88349 1.95064 47 11 7 39 16 301 100.00000 0
494 4157 11.60848 2.97025 1.09723 1.88948 45 10 8 37 15 227 100.00000 0
2357 4893 10.46996 2.60736 1.05225 0.86773 47 19 2 41 22 257 100.00000 0
1613 3255 11.98887 0.02737 0.61875 0.69549 61 49 9 56 33 384 100.00000 0
734 3888 11.81277 3.12974 1.92580 2.03567 34 1 1 27 14 319 100.00000 0
257 5284 11.46593 2.95364 1.56500 0.59676 25 0 1 22 9 149 100.00000 0
692 2349 10.51250 0.52118 0.38268 1.33881 49 30 3 22 14 233 100.00000 0
2563 3720 11.41264 3.13139 1.27601 2.14320 26 5 2 18 7 143 100.00000 0
824 3804 11.44454 3.07048 1.27969 2.48522 12 0 0 5 3 165 100.00000 0
2182 4176 10.18623 2.29928 1.43736 3.25931 55 17 0 39 13 363 100.00000 0
3705 4674 11.76040 0.23167 0.45979 0.75017 22 21 1 20 15 157 100.00000 0
2195 4152 11.36919 3.03954 1.32009 1.77476 20 5 2 20 9 102 100.00000 0
940 4638 10.44231 2.35295 0.81915 1.48094 53 39 8 36 19 358 100.00000 0
634 3981 11.78940 2.81591 1.47642 2.57724 28 0 0 26 9 179 100.00000 0
1457 3136 11.46753 0.06903 0.68841 1.06973 46 39 3 39 31 264 100.00000 0
2541 3748 10.85111 3.07535 1.73787 1.72374 42 0 0 37 28 252 100.00000 0
906 4666 10.64531 3.03913 1.13109 3.15269 23 1 0 13 8 109 100.00000 0
1626 3269 10.47484 0.02782 0.88274 0.47478 138 83 34 125 75 506 100.00000 0
153 5375 11.47355 2.95406 0.53327 1.02832 9 6 1 6 4 70 100.00000 0
670 2369 11.19629 0.49906 0.65533 1.70157 53 26 2 31 21 218 100.00000 0
3733 4679 10.39465 0.03934 0.25171 0.49732 38 29 6 22 17 237 100.00000 0
1396 3081 11.00135 0.55455 0.74434 0.45197 54 45 6 50 23 282 100.00000 0
3958 4939 10.66157 0.69696 0.55299 0.46814 56 50 3 54 30 377 100.00000 0
2529 3762 10.92583 3.09764 1.46349 2.21311 74 1 1 66 39 300 100.00000 0
796 4809 11.59035 3.10642 0.66753 2.11063 31 23 0 20 16 280 100.00000 0
461 4184 11.81846 1.68117 1.07108 1.99410 58 17 2 50 25 379 100.00000 0
541 2226 11.49723 0.02005 0.43412 0.98834 38 33 4 32 22 207 100.00000 0
802 4802 10.86504 3.10626 0.51744 1.32057 45 28 5 38 18 286 100.00000 0
700 3945 11.49248 3.11606 0.88995 3.13538 7 2 1 3 2 67 100.00000 0
3652 4597 10.41791 0.03204 0.58002 1.69628 114 111 3 107 40 640 100.00000 0
1295 2970 11.17072 0.01139 0.36078 0.51282 38 30 7 33 20 265 100.00000 0
179 5351 10.79003 3.06699 0.94324 1.70387 24 4 2 10 7 195 100.00000 0
1054 2731 11.99553 0.00913 0.65095 0.47970 28 22 5 24 13 182 100.00000 0
3658 4603 10.67150 0.02717 0.28933 0.80746 117 114 3 115 78 613 100.00000 0
400 2118 10.44191 0.16050 0.47917 0.25944 25 23 2 25 13 245 100.00000 0
2347 4944 11.84810 2.67898 1.88906 2.27366 36 2 8 26 7 189 100.00000 0
2308 4957 11.53459 3.08270 1.93824 2.11267 22 0 0 20 12 149 100.00000 0
1053 2731 10.83645 0.01043 0.46824 0.57130 40 36 4 34 24 284 100.00000 0
887 3752 10.21932 3.08382 0.94539 1.82242 49 23 3 40 21 212 100.00000 0
3677 4623 10.12217 0.15192 0.30039 0.81181 142 136 5 136 101 605 100.00000 0
314 2018 10.77043 0.08374 0.30346 0.41590 40 35 4 28 17 344 100.00000 0
817 4786 11.00763 3.09832 0.51039 1.51749 54 45 6 34 13 321 100.00000 0
1949 5317 10.78087 2.75912 1.19108 2.20762 12 3 0 4 3 123 100.00000 0
1389 3031 11.51288 0.55584 0.70256 0.62932 83 55 20 81 46 360 100.00000 0
5426 5536 10.62562 0.00675 0.39974 0.89482 78 54 1 70 39 514 100.00000 0
723 3920 11.65564 3.13268 0.34073 2.48065 7 4 1 2 2 65 100.00000 0
1285 2934 11.92193 0.01450 0.55962 0.53449 56 43 11 51 35 283 100.00000 0
600 2277 11.91047 0.01061 0.31111 0.66852 49 42 7 42 30 292 100.00000 0
618 2292 11.68035 0.01462 0.76781 0.76719 51 32 2 41 28 341 100.00000 0
224 1937 11.76984 0.37191 0.64769 0.31027 44 27 14 38 15 276 100.00000 0
270 5294 10.66483 3.11474 1.03588 0.66910 14 5 0 9 8 77 100.00000 0
944 3672 11.28042 2.26879 0.15435 1.28329 110 94 15 94 50 574 100.00000 0
656 4955 11.70043 2.78651 0.93832 2.49811 45 12 12 43 15 229 100.00000 0
667 4904 11.18733 2.38016 0.99418 1.92234 25 3 0 19 7 133 100.00000 0
2043 5246 11.85717 3.05463 1.26836 1.56673 38 10 1 25 15 236 100.00000 0
409 2105 11.49739 0.10281 0.51135 0.42704 28 24 4 26 14 175 100.00000 0
684 2338 11.82251 0.76163 0.39790 0.90439 49 30 5 26 25 268 100.00000 0
1439 3119 11.31318 0.05056 0.98582 0.44937 10 5 4 8 6 106 100.00000 0
539 4100 11.09622 3.12502 1.10323 3.85112 12 4 0 8 3 69 100.00000 0
2353 4932 10.61107 2.91770 0.78897 1.46580 24 2 3 16 8 178 100.00000 0
677 3969 11.13485 2.89401 1.59319 2.35634 21 0 4 16 9 118 100.00000 0
3651 4621 11.06482 0.03315 0.83535 1.83952 98 81 10 92 29 559 100.00000 0
590 4992 10.14524 3.12284 1.30419 2.18928 35 12 1 23 19 190 100.00000 0
