574 1336 3.13002 0.06204 0.06738 0.30647 396 370 20 394 342 819 100.00000 0
794 1527 3.45019 0.27538 0.03059 0.78235 440 397 26 434 346 1341 100.00000 0
563 1319 2.15331 0.10545 0.08868 1.58288 584 548 32 576 442 1389 100.00000 0
681 1428 5.05983 0.00745 0.03906 0.42978 531 505 25 523 430 1286 100.00000 0
21 2422 2.46640 0.54536 0.01516 1.20268 799 785 13 799 651 2284 100.00000 0
786 1517 5.21479 0.05551 0.09041 1.38847 237 226 5 235 195 630 100.00000 0
15 2417 4.91440 0.78220 0.02839 1.34407 478 450 23 478 379 1764 100.00000 0
103 2497 5.72991 0.02873 0.11465 0.72036 347 328 12 345 255 1307 100.00000 0
624 1385 4.69825 0.01016 0.06659 0.52563 350 329 15 338 289 937 100.00000 0
795 1553 2.15328 0.36954 0.07154 1.15080 763 740 15 759 655 2070 100.00000 0
551 1306 2.90373 0.36545 0.08981 1.44996 478 444 34 476 377 1254 100.00000 0
687 1442 4.36962 0.01930 0.06487 0.91343 548 515 26 546 443 1190 100.00000 0
805 2582 4.87302 0.75256 0.19141 1.47299 394 376 15 391 275 1267 100.00000 0
721 1471 3.82801 0.01763 0.05124 0.60909 566 529 30 566 499 1319 100.00000 0
570 1333 3.83534 0.09553 0.07411 0.54680 454 424 16 450 392 1129 100.00000 0
793 1557 4.20266 0.32605 0.06239 1.48727 422 371 27 422 305 1459 100.00000 0
809 2574 5.18154 0.59351 0.14451 0.95532 385 352 14 381 314 1329 100.00000 0
788 1524 2.63143 0.11701 0.04967 1.45266 476 447 25 476 391 1360 100.00000 0
575 1336 2.27341 0.05053 0.02703 0.25334 514 489 23 510 467 1030 100.00000 0
28 2435 4.19840 0.08689 0.04304 0.80503 409 374 27 403 338 1412 100.00000 0
775 1527 4.45566 0.04297 0.10378 2.18050 252 231 16 248 174 791 100.00000 0
785 1554 5.95627 0.14891 0.06837 1.54002 336 306 27 332 211 1113 100.00000 0
90 2494 2.92611 0.00895 0.04435 0.45970 597 568 23 595 531 1831 100.00000 0
2308 2402 4.51150 0.20162 0.05738 1.14364 705 678 22 703 550 2162 100.00000 0
74 2479 4.17265 0.01070 0.15799 0.50513 366 333 23 360 292 1263 100.00000 0
2309 2384 3.70425 0.16113 0.07910 0.85592 852 815 32 844 716 2404 100.00000 0
78 2482 3.07580 0.01397 0.07923 0.64407 625 593 23 621 540 1786 100.00000 0
2347 2410 2.30148 0.25296 0.04068 0.24066 1038 1008 26 1038 962 2664 100.00000 0
801 2574 3.82411 0.92545 0.07013 1.09789 580 540 37 575 496 1606 100.00000 0
820 2586 2.71203 0.12065 0.08093 1.84037 482 429 29 482 314 1544 100.00000 0
561 1312 4.94602 0.02863 0.01666 1.32205 242 223 14 239 196 733 100.00000 0
589 1343 3.69489 0.00567 0.14245 0.27268 580 541 17 578 508 1097 100.00000 0
576 1330 3.66862 0.03507 0.05225 0.35054 497 458 31 489 418 1083 100.00000 0
2313 2364 2.55921 0.14003 0.05979 0.60393 926 889 35 920 794 2683 100.00000 0
80 2484 3.07751 0.01013 0.08421 0.56648 573 530 34 565 483 1635 100.00000 0
821 2579 5.57523 0.08815 0.15636 2.25533 386 353 25 377 260 1290 100.00000 0
742 1492 5.64752 0.01752 0.01873 0.12511 414 391 14 408 356 1125 100.00000 0
82 2479 4.52297 0.00590 0.05701 0.14804 373 346 21 365 314 1304 100.00000 0
546 1301 2.98296 0.75258 0.10157 0.84441 511 463 44 507 420 1390 100.00000 0
902 2629 4.35716 0.84455 0.11034 2.15286 242 217 15 242 172 637 100.00000 0
72 2470 3.53986 0.01660 0.11524 0.89219 383 347 19 377 303 1205 100.00000 0
726 1477 5.67126 0.01533 0.11875 0.60652 331 289 28 322 239 878 100.00000 0
797 1563 5.84206 0.44348 0.13299 1.82692 405 333 11 405 324 1247 100.00000 0
845 2598 2.53710 0.00639 0.03635 0.36045 618 574 30 618 528 1778 100.00000 0
583 1344 2.56712 0.00753 0.07077 0.45284 624 596 10 622 554 1177 100.00000 0
571 1322 5.53467 0.08446 0.09262 0.40251 237 218 11 235 185 825 100.00000 0
828 2586 2.62916 0.03330 0.09570 0.45542 664 627 28 662 581 1863 100.00000 0
2326 2411 2.62788 0.29383 0.02149 0.46562 949 923 24 947 856 2730 100.00000 0
551 1301 4.99033 0.61691 0.14034 1.13298 356 325 25 352 254 980 100.00000 0
2345 2417 4.97512 0.57175 0.09687 1.11487 427 401 16 425 326 1638 100.00000 0
669 1425 3.36472 0.01882 0.02572 0.90352 576 528 45 572 497 1217 100.00000 0
862 2618 4.33946 0.01895 0.13550 0.31279 389 354 26 381 318 1232 100.00000 0
2315 2409 4.00823 0.33774 0.03773 0.52860 809 782 23 807 707 2285 100.00000 0
759 1495 5.52559 0.02202 0.10564 0.32984 372 350 8 359 307 972 100.00000 0
801 1539 2.79888 0.52534 0.05088 0.61038 660 601 28 655 576 1940 100.00000 0
17 2411 5.49542 1.06465 0.05184 1.21756 526 503 21 520 434 1708 100.00000 0
881 2620 4.44194 0.02245 0.06588 0.78534 355 328 19 355 297 1082 100.00000 0
95 2500 4.18007 0.00778 0.05127 0.43790 619 593 22 617 545 1754 100.00000 0
2352 2417 4.95392 0.57463 0.12509 1.14261 395 367 16 395 253 1561 100.00000 0
897 2628 3.23550 0.59592 0.05446 0.53376 297 272 21 295 232 824 100.00000 0
908 2634 5.02731 1.19388 0.15146 1.83077 195 181 10 186 132 600 100.00000 0
553 1316 2.31977 0.07212 0.03622 1.83590 656 625 28 656 511 1545 100.00000 0
62 2461 2.85018 0.00836 0.06375 0.42244 559 532 17 557 494 1375 100.00000 0
61 2466 3.91563 0.01260 0.04212 0.72416 452 417 26 446 374 1327 100.00000 0
784 1546 4.36628 0.10261 0.09404 1.67398 358 327 15 353 258 1214 100.00000 0
790 1519 5.54493 0.14049 0.08627 1.29089 253 240 10 251 191 805 100.00000 0
528 1300 4.34486 1.79113 0.09054 2.29644 590 559 29 587 430 1387 100.00000 0
13 2414 5.88647 0.92752 0.05032 0.84256 455 427 25 455 335 1607 100.00000 0
54 2453 3.36624 0.01382 0.02307 0.72847 578 537 37 576 476 1596 100.00000 0
671 1429 5.74178 0.02516 0.10179 0.16313 344 308 19 334 258 988 100.00000 0
538 1296 3.11034 1.42571 0.10810 2.43622 587 534 53 583 395 1355 100.00000 0
786 1522 2.76529 0.07798 0.03761 1.69996 441 412 19 436 339 1200 100.00000 0
552 1321 5.72011 0.03495 0.09356 1.62221 237 203 23 233 146 769 100.00000 0
904 2634 3.54883 0.98451 0.15105 1.44076 288 269 17 288 218 766 100.00000 0
573 1328 2.71047 0.06008 0.08427 0.22381 628 595 28 628 537 1412 100.00000 0
776 1522 2.16505 0.05438 0.11761 2.35618 477 446 21 477 372 1315 100.00000 0
747 1485 5.37403 0.00666 0.06744 0.49019 561 539 12 561 488 1194 100.00000 0
662 1411 4.75951 0.00267 0.03985 0.15323 505 482 18 501 441 1105 100.00000 0
2307 2386 4.40805 0.16102 0.08709 0.76002 703 665 35 701 590 2124 100.00000 0
819 2580 3.36876 0.15697 0.10651 2.20975 471 435 29 469 310 1542 100.00000 0
873 2625 3.92674 0.05423 0.06511 0.49496 323 304 13 319 270 1035 100.00000 0
807 1561 3.39542 0.82157 0.16977 1.68888 549 497 30 541 405 1725 100.00000 0
716 1460 3.90557 0.01149 0.06532 0.58617 839 813 24 839 749 1838 100.00000 0
812 1546 5.61537 1.00614 0.13855 1.55116 254 185 2 251 191 1117 100.00000 0
116 2504 5.89940 0.03348 0.10439 1.35017 284 261 16 277 190 1150 100.00000 0
734 1477 2.06921 0.01045 0.01131 0.54608 985 942 32 979 877 1780 100.00000 0
81 2478 4.53990 0.00899 0.05091 0.37325 415 379 26 413 335 1372 100.00000 0
2311 2367 3.12057 0.15382 0.08612 0.79868 797 766 28 793 665 2393 100.00000 0
787 1522 3.10642 0.09277 0.08363 1.66929 367 348 16 365 286 1137 100.00000 0
64 2463 2.73867 0.00684 0.03557 0.40638 584 552 25 580 500 1591 100.00000 0
812 2582 2.20888 0.44697 0.04760 1.20982 642 587 37 637 510 1889 100.00000 0
640 1400 4.96538 0.01387 0.04303 0.65132 411 381 23 411 338 1024 100.00000 0
835 2590 3.40671 0.02582 0.07397 0.34943 742 696 34 737 634 1868 100.00000 0
134 2519 3.50419 0.71162 0.06965 0.76668 512 483 23 510 418 1827 100.00000 0
1559 2574 2.06574 1.50914 0.05326 0.82234 845 810 29 845 759 2083 100.00000 0
563 1325 2.62362 0.12521 0.09416 1.48990 457 427 21 457 359 1277 100.00000 0
109 2511 4.74138 0.06306 0.08352 1.06165 369 330 29 359 277 1463 100.00000 0
2363 2417 4.97442 0.57215 0.10627 1.14535 435 408 24 429 311 1637 100.00000 0
809 2577 2.11272 0.58709 0.02285 0.74178 781 730 21 777 682 2072 100.00000 0
533 1307 4.15395 1.16067 0.05527 2.61269 600 565 33 598 435 1436 100.00000 0
900 2629 3.55029 0.74448 0.14758 0.90309 360 343 16 358 283 832 100.00000 0
567 1320 3.95606 0.10618 0.05743 0.55532 424 394 24 422 347 1095 100.00000 0
858 2613 2.71649 0.01960 0.11971 0.45456 364 319 26 360 282 1255 100.00000 0
21 2425 3.04432 0.41008 0.05888 0.95613 697 669 25 682 585 2105 100.00000 0
742 1491 4.76483 0.01646 0.04992 0.07913 532 497 27 526 446 1202 100.00000 0
692 1447 5.02796 0.02343 0.11205 1.34115 636 599 31 636 465 1521 100.00000 0
2320 2410 3.09936 0.28991 0.04007 0.35388 824 795 27 824 728 2488 100.00000 0
2315 2375 2.03652 0.12222 0.04466 0.59215 1083 1035 34 1081 976 2871 100.00000 0
534 1305 3.00352 1.18887 0.02782 2.53420 636 603 30 634 428 1509 100.00000 0
540 1293 4.84238 1.46442 0.14173 2.14867 370 338 29 366 252 975 100.00000 0
801 1559 2.97087 0.58463 0.01681 1.86067 700 662 31 698 543 1847 100.00000 0
634 1387 2.63347 0.00862 0.03492 0.23903 645 600 42 645 541 1444 100.00000 0
2305 2378 5.19789 0.15568 0.06161 0.77934 692 655 33 686 579 2036 100.00000 0
734 1476 3.18880 0.01229 0.05987 0.66146 632 592 34 628 549 1448 100.00000 0
712 1462 2.49762 0.01346 0.04861 0.49337 903 872 27 901 764 2031 100.00000 0
672 1422 2.71469 0.00882 0.03195 0.50976 843 806 35 837 763 1598 100.00000 0
2311 2407 4.56135 0.30375 0.01403 0.86275 708 680 26 706 572 2064 100.00000 0
777 1531 4.52849 0.03348 0.12098 1.92112 230 206 17 228 162 915 100.00000 0
814 2578 2.85862 0.36945 0.09345 1.45750 473 436 21 469 343 1525 100.00000 0
735 1476 4.13527 0.01448 0.02458 0.80600 463 436 19 455 381 1136 100.00000 0
2361 2418 5.44016 0.62402 0.07577 1.17836 366 340 22 366 270 1454 100.00000 0
880 2628 3.48836 0.03352 0.06225 1.74069 250 220 26 248 166 752 100.00000 0
542 1294 4.80319 1.30862 0.11527 1.42985 357 311 35 351 286 1042 100.00000 0
830 2593 3.91505 0.03332 0.06651 0.47560 485 444 29 485 393 1492 100.00000 0
2313 2403 3.16487 0.19734 0.05379 0.92746 919 882 33 917 762 2508 100.00000 0
28 2423 4.76075 0.49613 0.09238 1.28359 424 410 12 422 331 1513 100.00000 0
649 1398 5.99405 0.01104 0.03220 0.61739 355 322 26 349 280 922 100.00000 0
723 1467 2.75405 0.00731 0.06446 0.18345 768 731 32 764 667 1715 100.00000 0
720 1462 5.57378 0.00770 0.08855 0.33102 390 356 29 384 315 1124 100.00000 0
710 1455 3.70632 0.01034 0.08190 0.58551 775 739 24 773 622 1932 100.00000 0
25 2423 2.63445 0.50038 0.03274 1.20723 721 697 21 715 586 2052 100.00000 0
803 2573 4.79490 0.84916 0.08886 0.39267 509 483 23 502 446 1527 100.00000 0
814 1563 5.37630 1.13021 0.20625 1.44456 344 327 13 340 245 1298 100.00000 0
146 2519 5.77023 1.35205 0.04179 0.75277 429 406 17 429 348 1432 100.00000 0
41 2441 2.82925 0.01845 0.10217 0.59938 467 438 23 460 403 1473 100.00000 0
126 2508 5.54843 0.32684 0.07495 0.16313 399 372 22 399 343 1389 100.00000 0
2349 2411 2.62280 0.29428 0.05312 0.50124 752 729 18 749 668 2373 100.00000 0
2354 2410 2.30214 0.25655 0.04606 0.27124 1003 968 33 1003 912 2608 100.00000 0
750 1488 4.94022 0.00666 0.04577 0.37430 504 470 28 493 433 1193 100.00000 0
144 2519 5.01987 1.25994 0.06209 0.90655 481 447 23 474 379 1488 100.00000 0
796 1560 4.60053 0.41437 0.10157 1.99645 353 303 7 349 240 1231 100.00000 0
2314 2389 2.27441 0.13303 0.05889 0.51964 901 869 29 899 804 2574 100.00000 0
726 1475 3.43930 0.01301 0.03574 0.53595 468 442 20 464 369 1184 100.00000 0
2320 2408 2.50654 0.21731 0.01856 0.39366 841 816 21 837 748 2604 100.00000 0
629 1388 3.07541 0.02062 0.07408 0.32385 416 385 27 412 346 1135 100.00000 0
1557 2579 3.30813 1.49600 0.21578 2.29934 401 376 23 399 262 1469 100.00000 0
1562 2579 3.61929 1.49157 0.15536 3.06184 452 419 26 452 223 1443 100.00000 0
2306 2381 4.78429 0.15920 0.05060 0.81709 635 603 26 633 510 1919 100.00000 0
773 1507 5.47445 0.06243 0.08545 0.25334 276 253 12 269 222 775 100.00000 0
815 1559 5.49960 1.17516 0.09175 1.09611 346 324 15 346 243 1299 100.00000 0
2305 2392 5.19548 0.15812 0.05758 0.81277 578 545 28 566 457 1867 100.00000 0
811 1543 5.66695 0.95642 0.01115 1.36544 302 243 14 300 244 1120 100.00000 0
596 1356 2.37306 0.00682 0.05744 0.19383 715 688 17 711 637 1392 100.00000 0
2336 2413 3.34951 0.37701 0.06263 0.95285 728 700 18 724 600 2180 100.00000 0
2357 2412 2.98697 0.33893 0.05846 0.79721 687 658 19 683 612 2174 100.00000 0
860 2608 3.81206 0.01846 0.08550 0.34150 347 311 26 345 286 1145 100.00000 0
850 2608 4.24825 0.00795 0.12121 0.39762 254 214 33 250 178 1064 100.00000 0
711 1462 3.49385 0.01333 0.04598 0.42796 707 671 30 707 587 1812 100.00000 0
528 1301 4.36882 1.73834 0.11124 2.40810 632 604 19 628 498 1373 100.00000 0
133 2520 4.64559 0.66312 0.15567 0.84673 424 392 10 419 326 1572 100.00000 0
737 1484 2.60203 0.01335 0.03664 0.22728 838 803 31 833 726 1796 100.00000 0
541 1298 2.69741 1.15233 0.08321 2.04258 584 536 40 582 390 1471 100.00000 0
555 1323 5.71412 0.04922 0.14775 2.06734 210 162 45 206 126 719 100.00000 0
801 1528 5.20548 0.50861 0.02223 0.52414 365 345 18 361 283 1141 100.00000 0
562 1312 5.53381 0.02483 0.05703 1.25928 214 188 18 212 161 646 100.00000 0
666 1423 4.15611 0.00873 0.05796 0.50358 718 678 34 718 640 1336 100.00000 0
2365 2416 4.55411 0.52387 0.06184 1.19877 495 477 18 493 403 1798 100.00000 0
554 1322 5.50045 0.03548 0.17001 1.86194 232 206 15 229 168 710 100.00000 0
142 2520 4.87826 1.15599 0.05658 0.26541 524 490 20 522 450 1678 100.00000 0
553 1309 2.46789 0.21881 0.07025 1.33119 473 434 33 467 370 1304 100.00000 0
862 2611 2.33253 0.02142 0.07422 0.57130 435 414 21 433 365 1362 100.00000 0
64 2468 2.91287 0.01605 0.09616 0.91728 439 404 30 437 321 1216 100.00000 0
811 2575 4.82532 0.50155 0.08253 0.89962 378 348 11 374 320 1350 100.00000 0
811 1545 5.36868 0.96144 0.10638 1.49069 335 240 11 333 261 1210 100.00000 0
1550 2580 5.25501 1.47112 0.06486 2.25116 330 300 17 326 232 1183 100.00000 0
2312 2380 2.85715 0.14734 0.04316 0.72632 864 832 29 864 704 2478 100.00000 0
772 1519 2.80771 0.07716 0.09065 2.48160 330 308 20 330 264 1109 100.00000 0
811 1551 4.51786 0.98524 0.11799 1.17803 419 371 17 414 353 1470 100.00000 0
1548 2571 5.89209 1.47818 0.06742 1.01259 394 369 13 392 342 1322 100.00000 0
797 1529 3.78162 0.37343 0.03118 0.28255 468 434 21 464 394 1370 100.00000 0
2315 2407 3.47594 0.27088 0.05446 0.69886 816 778 33 814 689 2343 100.00000 0
762 1512 4.99297 0.11426 0.12930 1.72828 392 365 16 392 306 905 100.00000 0
589 1350 2.96137 0.00201 0.07579 0.17694 706 676 22 704 643 1267 100.00000 0
755 1502 2.99371 0.04996 0.09949 0.15066 599 567 23 593 530 1276 100.00000 0
803 1564 5.04846 0.65894 0.16557 1.15521 445 423 11 441 334 1544 100.00000 0
19 2427 5.53178 0.33458 0.06818 0.08847 475 451 22 473 421 1676 100.00000 0
2312 2382 2.83802 0.14701 0.04543 0.74125 953 919 33 951 812 2535 100.00000 0
541 1296 3.61113 1.25744 0.18695 1.75100 434 399 33 432 328 1113 100.00000 0
143 2516 4.69621 1.20082 0.02736 1.60645 385 345 16 381 282 1365 100.00000 0
876 2626 3.44543 0.05630 0.01894 1.11417 357 343 8 355 286 968 100.00000 0
691 1438 3.96228 0.02038 0.05296 0.44587 591 562 22 583 516 1326 100.00000 0
1542 2578 5.12183 1.44924 0.08916 1.87409 281 250 16 279 177 1141 100.00000 0
893 2626 3.54775 0.42009 0.02441 0.58950 326 310 16 324 273 933 100.00000 0
808 1565 5.03796 0.86734 0.08510 1.40388 383 365 13 379 284 1387 100.00000 0
533 1306 3.71721 1.20293 0.06202 2.50139 600 549 47 595 437 1438 100.00000 0
891 2623 5.59681 0.34246 0.08991 0.68414 247 233 8 242 207 729 100.00000 0
595 1347 5.26783 0.00519 0.12153 0.38052 526 487 19 520 449 1045 100.00000 0
721 1464 4.23764 0.00795 0.05427 0.24389 509 470 33 509 435 1230 100.00000 0
632 1385 2.70913 0.00770 0.02096 0.16786 560 528 30 555 491 1249 100.00000 0
780 1543 5.52116 0.05563 0.32430 2.07358 310 282 19 310 196 886 100.00000 0
