0.06863 0.08654 0.01190
0.06564 0.11987 0.03058
0.07186 0.09775 0.01964
0.08027 0.12283 0.01146
0.04845 0.07326 0.01751
0.06758 0.11253 0.09246
0.04511 0.06904 0.00290
0.05292 0.09672 0.03164
0.07401 0.08631 0.02678
0.05416 0.09668 0.02619
0.05935 0.08777 0.01755
0.04809 0.08751 0.03483
0.03785 0.05778 0.02339
0.04230 0.06618 0.01094
0.05199 0.08959 0.01873
0.08849 0.08818 0.05673
0.06206 0.11017 0.03983
0.06280 0.10447 0.03071
0.06301 0.07930 0.03878
0.04371 0.06776 0.02674
0.06720 0.08906 0.04809
0.06542 0.09215 0.03974
0.06696 0.10132 0.01964
0.07615 0.09529 0.01662
0.05657 0.07242 0.03190
0.05023 0.07742 0.02272
0.05895 0.09460 0.00788
0.04480 0.06725 0.02228
0.06559 0.11746 0.11159
0.05274 0.05564 0.01587
0.08270 0.11111 0.02759
0.08189 0.09678 0.04130
0.05554 0.11040 0.03178
0.09073 0.09959 0.03586
0.06862 0.10964 0.04862
0.06829 0.11821 0.10786
0.07460 0.09561 0.02247
0.04134 0.05911 0.02286
0.05205 0.09413 0.03367
0.05676 0.10912 0.05784
0.05760 0.11247 0.04127
0.05200 0.05685 0.02523
0.05338 0.08722 0.04082
0.05428 0.10751 0.04392
0.07201 0.09213 0.05029
0.05763 0.11858 0.09595
0.06006 0.11548 0.01818
0.06428 0.10123 0.03789
0.05637 0.11252 0.04870
0.05558 0.10800 0.00639
0.06732 0.08661 0.04480
0.06753 0.11824 0.02708
0.06948 0.09493 0.05918
0.04014 0.06650 0.01498
0.06839 0.05486 0.01540
0.05328 0.05803 0.02455
0.07740 0.08895 0.02354
0.05472 0.09813 0.02267
0.06307 0.09275 0.02990
0.05241 0.08435 0.02630
0.06223 0.10805 0.03502
0.05307 0.08995 0.02152
0.05602 0.07035 0.03333
0.06331 0.08550 0.02253
0.07146 0.11740 0.02995
0.05181 0.09820 0.06404
0.06510 0.11835 0.06608
0.07583 0.09761 0.04141
0.08444 0.09727 0.00591
0.07635 0.07854 0.04069
0.08634 0.11765 0.00571
0.06853 0.07627 0.01840
0.05935 0.07208 0.02830
0.05971 0.10633 0.04809
0.06044 0.10304 0.05663
0.05235 0.05937 0.01276
0.06212 0.08720 0.02636
0.04163 0.06212 0.02119
0.06734 0.11311 0.05118
0.05925 0.11579 0.01319
0.06431 0.11707 0.05172
0.06076 0.08797 0.02074
0.06069 0.10329 0.04281
0.04472 0.06728 0.02798
0.06958 0.09963 0.02111
0.04945 0.07342 0.03072
0.09961 0.09895 0.00736
0.07259 0.09822 0.02097
0.05821 0.09849 0.02221
0.06948 0.11507 0.05545
0.08288 0.09901 0.02140
0.09622 0.09812 0.03045
0.04603 0.06865 0.01921
0.04313 0.06025 0.00954
0.08726 0.09590 0.02161
0.05332 0.05865 0.02285
0.06679 0.11798 0.07506
0.06281 0.11669 0.02180
0.08454 0.11227 0.04842
0.05543 0.06195 0.01930
0.07586 0.09520 0.05042
0.09363 0.09371 0.02318
0.06621 0.08880 0.05916
0.08133 0.10449 0.01397
0.05405 0.09782 0.02068
0.05793 0.09624 0.02217
0.05192 0.08915 0.02924
0.04212 0.05822 0.00368
0.08408 0.09959 0.03210
0.05280 0.09700 0.02892
0.04991 0.08595 0.02489
0.05390 0.06086 0.02928
0.06057 0.06893 0.00990
0.06784 0.12104 0.03112
0.08175 0.10068 0.00822
0.07992 0.06114 0.02347
0.05982 0.06677 0.03109
0.05364 0.09713 0.00888
0.05405 0.09458 0.01494
0.04403 0.06874 0.01313
0.09118 0.09906 0.01432
0.06417 0.10639 0.00329
0.08256 0.10547 0.04417
0.06882 0.09458 0.03477
0.03848 0.05649 0.02766
0.08060 0.11822 0.02146
0.07651 0.11455 0.00955
0.05129 0.09396 0.02084
0.05169 0.08595 0.05294
0.04942 0.08055 0.03305
0.08139 0.09729 0.02700
0.09312 0.08873 0.04225
0.07191 0.09068 0.06311
0.04348 0.06415 0.02347
0.06208 0.10764 0.03076
0.05460 0.09805 0.02537
0.06714 0.08721 0.03289
0.03978 0.06366 0.01039
0.05770 0.05685 0.01975
0.07501 0.09554 0.00478
0.08282 0.11616 0.03641
0.05742 0.10037 0.02451
0.07236 0.09915 0.01902
0.04554 0.06889 0.01626
0.05425 0.11020 0.02071
0.04828 0.08675 0.01577
0.07005 0.06319 0.01583
0.06732 0.09097 0.01684
0.06036 0.09900 0.04297
0.05617 0.09625 0.03492
0.07194 0.09038 0.02947
0.06132 0.10299 0.02841
0.08582 0.09842 0.03021
0.07920 0.09182 0.03812
0.07745 0.09762 0.04134
0.07038 0.11168 0.02049
0.05560 0.11159 0.02906
0.06044 0.08651 0.01296
0.08261 0.09163 0.02700
0.07354 0.09595 0.01089
0.03906 0.05734 0.01898
0.07577 0.09338 0.01417
0.08720 0.10323 0.05323
0.06859 0.08719 0.02699
0.06217 0.08250 0.02354
0.07548 0.06486 0.01756
0.07865 0.11124 0.02028
0.07978 0.11718 0.00892
0.06378 0.11902 0.07219
0.07076 0.08824 0.03862
0.07304 0.10020 0.03461
0.09836 0.09967 0.02299
0.05816 0.09143 0.06983
0.05107 0.08226 0.02938
0.04985 0.06188 0.07169
0.05899 0.07151 0.02860
0.07049 0.09140 0.05190
0.05397 0.09914 0.05500
0.07024 0.09042 0.03582
0.06630 0.11450 0.07611
0.05957 0.11102 0.01659
0.05570 0.10460 0.01722
0.07858 0.09954 0.04115
0.07256 0.08905 0.02613
0.06215 0.11451 0.02588
0.07275 0.09426 0.03936
0.05040 0.05570 0.02745
0.07564 0.12015 0.02249
0.04088 0.05647 0.01654
0.05005 0.08799 0.02357
0.05952 0.10851 0.02746
0.08059 0.11023 0.01960
0.07022 0.11941 0.05336
0.06226 0.10242 0.02993
0.04200 0.06174 0.00658
0.09224 0.10087 0.04675
0.06900 0.08581 0.03187
0.06985 0.11205 0.03422
0.04608 0.07375 0.01052
0.05516 0.09190 0.05255
