578 5020 11.43621 3.12303 2.42198 5.89741 10 0 0 7 5 103 100.00000 0
92 159 10.90026 0.22630 5.78274 7.29159 46 0 0 42 28 193 100.00000 0
1661 3312 11.31256 0.10250 12.24538 5.87310 42 0 0 34 24 344 100.00000 0
2104 5181 10.10429 3.05098 12.95380 6.69621 7 0 0 1 3 132 100.00000 0
2282 4025 11.86480 3.13588 2.01644 1.57619 61 0 0 53 29 317 100.00000 0
97 5378 11.99398 3.12519 6.58700 6.29015 20 0 0 17 10 126 100.00000 0
2250 4062 11.78848 3.13045 2.26375 1.93472 8 0 0 5 3 87 100.00000 0
2214 4103 10.80985 3.08739 2.14723 3.62472 10 0 0 5 4 171 100.00000 0
8 159 10.90026 0.22630 5.80309 7.21852 41 0 0 37 30 174 100.00000 0
1 161 11.92404 0.22584 5.63586 6.04890 39 0 0 33 21 146 100.00000 0
802 4802 10.86504 3.10626 2.17768 1.30566 31 3 7 24 9 350 100.00000 0
313 5258 10.32121 3.10810 18.10207 178.08092 23 0 0 13 13 202 100.00000 0
2572 4687 11.84642 3.08366 2.36442 8.74822 8 1 0 2 3 133 100.00000 0
