3379 4596 3.06757 3.11685 0.19881 2.69181 527 436 59 525 341 1459 100.00000 0
3377 4600 5.73835 3.11613 0.22447 2.61569 273 198 1 265 152 1049 100.00000 0
1932 4514 2.31354 0.01839 1.97099 1.03929 457 0 0 455 417 1407 100.00000 0
957 4222 2.07993 0.02083 0.05821 1.02374 1057 964 55 1052 984 2285 100.00000 0
1980 4563 5.80272 0.01584 0.76708 0.84302 308 21 5 300 223 1119 100.00000 0
3345 4615 4.60759 3.07433 0.16248 2.52925 393 365 9 387 312 1504 100.00000 0
932 4207 3.73307 0.03854 0.16951 1.95545 424 182 82 416 350 1568 100.00000 0
1802 4401 2.84689 0.28223 0.22794 2.21399 684 560 11 680 442 1634 100.00000 0
966 4234 4.10816 0.03535 0.15436 2.03355 427 359 45 425 329 1370 100.00000 0
930 4195 4.11959 0.58077 0.15347 4.28615 474 147 46 470 284 1475 100.00000 0
3411 4581 4.81993 2.30724 0.36544 2.98137 372 275 33 370 184 1383 100.00000 0
3375 4594 5.05414 nan 0.10033 2.97309 487 405 27 481 350 1327 100.00000 0
3368 4605 3.88414 nan 0.19480 3.22477 292 242 22 284 195 1151 100.00000 0
1864 4453 5.54169 0.01239 0.57095 0.76872 244 106 6 240 224 1167 100.00000 0
3344 4621 4.75289 2.99200 0.17484 2.40875 382 359 7 376 290 1640 100.00000 0
1805 4405 5.92310 0.18257 0.22227 1.15250 492 355 6 485 462 1317 100.00000 0
938 4202 4.99895 0.17834 0.28870 3.54862 286 100 109 280 171 1296 100.00000 0
1815 4404 3.51752 0.01779 0.16464 0.52786 720 677 22 720 686 1750 100.00000 0
3370 4605 5.51764 3.13970 0.30350 2.80407 241 173 22 238 129 982 100.00000 0
1973 4555 2.05804 0.01717 0.92726 0.97478 799 7 1 797 741 1661 100.00000 0
1885 4472 3.99889 0.02709 0.98950 0.72847 345 9 0 341 326 1223 100.00000 0
940 4213 3.23143 0.04568 0.20099 2.76329 657 290 132 653 579 1781 100.00000 0
1816 4404 4.39375 0.01180 0.16262 0.39067 642 588 33 638 584 1598 100.00000 0
1808 4405 3.71224 0.12282 0.22163 1.35970 684 619 17 680 644 1773 100.00000 0
3342 4616 5.27878 3.01701 0.16545 2.33414 331 305 9 321 280 1391 100.00000 0
1992 4563 2.76942 0.12475 0.73077 0.83228 666 66 9 664 604 1761 100.00000 0
1992 4569 4.89693 0.13078 0.69396 2.74224 523 84 9 517 396 1492 100.00000 0
1836 4426 4.79190 0.01709 0.28895 0.93293 357 294 9 355 319 1181 100.00000 0
1021 4260 5.05114 0.05192 0.12421 1.16567 313 293 6 309 252 1313 100.00000 0
936 4212 5.36135 0.04073 0.27081 2.52367 454 150 78 450 399 1455 100.00000 0
941 4207 3.25313 0.04376 0.12160 2.49936 672 364 262 670 608 1818 100.00000 0
1804 4396 5.98400 0.23635 0.09652 0.65132 339 321 11 332 304 1111 100.00000 0
3407 4581 2.63777 2.54445 0.23539 2.86799 631 498 42 627 366 1784 100.00000 0
3366 4605 2.67270 3.13816 0.12633 3.14597 455 375 36 446 334 1426 100.00000 0
1956 4542 4.87598 0.02969 1.87804 0.92366 518 0 0 518 480 1644 100.00000 0
3364 4606 2.50042 3.13522 0.17124 3.23967 552 405 50 538 426 1494 100.00000 0
1966 4546 2.48627 0.01766 1.41284 0.98437 457 0 0 457 419 1493 100.00000 0
1985 4564 3.24301 0.02504 0.69494 1.42519 598 86 7 594 527 1667 100.00000 0
1819 4413 5.28161 0.03071 0.31461 1.75122 325 279 22 320 247 1150 100.00000 0
3351 4613 3.20617 3.11513 0.14189 2.75449 391 381 7 387 299 1473 100.00000 0
3396 4581 4.51186 3.06225 0.46078 2.80533 496 322 32 489 248 1582 100.00000 0
1812 4403 2.37027 0.05612 0.13833 0.74230 943 907 27 939 904 2055 100.00000 0
3376 4595 3.24687 3.13228 0.07204 2.88934 629 548 50 629 465 1573 100.00000 0
3350 4616 3.03758 3.09140 0.14253 2.69108 452 436 7 438 353 1784 100.00000 0
915 4190 5.94560 1.33742 0.07908 3.50666 526 498 21 520 356 1613 100.00000 0
1805 4404 4.58205 0.18369 0.14050 0.99623 702 610 6 696 658 1677 100.00000 0
938 4214 5.82629 0.02993 0.24985 1.68470 396 183 78 388 334 1368 100.00000 0
1843 4432 4.50551 0.01343 0.39686 0.75069 416 300 7 412 377 1314 100.00000 0
1001 4253 2.71878 0.01987 0.06918 1.00132 455 435 13 453 414 1684 100.00000 0
3396 4582 3.45366 3.06220 0.57970 3.30144 600 414 42 591 324 1659 100.00000 0
3387 4587 3.71471 3.12399 0.26390 3.78300 567 86 0 561 273 1662 100.00000 0
1877 4465 4.84899 0.01529 0.78271 0.59872 306 38 1 298 264 1069 100.00000 0
1794 4398 4.53297 0.72685 0.80749 2.97953 370 292 3 364 203 1137 100.00000 0
1028 4264 3.02073 0.30935 0.16414 1.38423 622 575 21 620 461 2017 100.00000 0
1034 4271 4.46507 0.64992 0.12184 0.89131 746 639 7 744 678 2547 100.00000 0
1002 4259 4.48902 0.00978 0.11083 0.57675 331 294 31 327 284 1521 100.00000 0
983 4241 3.47070 0.01763 0.17807 1.04904 324 297 6 320 260 1515 100.00000 0
1977 4553 4.55473 0.00944 0.88357 0.54249 440 9 1 440 416 1332 100.00000 0
1963 4549 5.47282 0.01983 1.68690 1.02565 340 0 0 338 297 1355 100.00000 0
1021 4262 2.39108 0.05359 0.12120 1.28146 634 612 21 634 532 1922 100.00000 0
3337 4624 5.08818 2.77569 0.14113 2.00623 458 438 5 450 387 1621 100.00000 0
919 4197 5.09184 0.74367 0.20199 3.75265 405 303 56 397 269 1557 100.00000 0
1008 4262 4.56583 0.01756 0.09518 1.00327 367 332 20 358 281 1460 100.00000 0
3354 4612 2.67685 3.11910 0.20371 2.72793 487 447 10 478 368 1640 100.00000 0
3358 4609 2.75362 3.13017 0.13137 2.35750 485 452 24 476 411 1554 100.00000 0
1027 4264 2.55122 0.25903 0.12202 1.41637 640 623 9 638 487 2054 100.00000 0
1886 4472 2.70688 0.02718 0.98372 0.72954 481 9 0 477 446 1429 100.00000 0
1994 4569 3.71549 0.18801 0.66472 2.48601 648 129 8 644 475 1563 100.00000 0
1955 4536 2.60014 0.01406 1.97583 0.77025 501 0 0 495 456 1639 100.00000 0
1887 4473 2.77902 0.02958 1.01052 0.82898 448 7 1 445 421 1410 100.00000 0
3365 4601 5.62088 3.12954 0.07204 3.24679 253 205 44 245 198 1008 100.00000 0
983 4242 2.20853 0.01560 0.15056 0.96185 465 434 12 460 395 1653 100.00000 0
1832 4416 4.19764 0.00594 0.34549 0.36045 303 225 5 295 275 1108 100.00000 0
1971 4554 2.76820 0.01759 1.05383 1.00327 813 0 0 811 783 1787 100.00000 0
983 4247 4.18277 0.02119 0.08619 1.13608 295 255 31 291 242 1431 100.00000 0
1860 4448 4.05783 0.01715 0.55138 1.01143 509 264 6 507 477 1526 100.00000 0
993 4255 5.75422 0.01711 0.19673 1.02336 253 195 30 247 191 1316 100.00000 0
1856 4445 5.34891 0.01552 0.67912 0.89263 410 116 3 394 380 1385 100.00000 0
3370 4604 4.38692 nan 0.26344 2.95181 326 269 9 322 184 1191 100.00000 0
1938 4523 2.86704 0.02038 1.90331 0.81805 940 0 0 936 885 1935 100.00000 0
1921 4507 4.01117 0.02883 1.49670 0.89263 213 0 0 211 195 1123 100.00000 0
3342 4623 5.96657 2.93237 0.16669 2.33850 383 358 10 373 291 1410 100.00000 0
944 4211 2.06276 0.04954 0.10880 2.81188 637 290 264 637 552 1835 100.00000 0
3376 4598 2.90434 3.12247 0.20723 2.85732 520 461 40 516 351 1519 100.00000 0
1017 4259 4.44251 0.00584 0.04777 0.40445 463 446 10 456 413 1741 100.00000 0
1917 4499 2.14134 0.03089 1.27431 0.60393 431 0 0 424 409 1369 100.00000 0
952 4217 3.08756 0.03741 0.05928 1.88637 755 615 117 747 684 1934 100.00000 0
1854 4441 2.60391 0.02110 0.61240 1.18564 705 291 2 701 641 1687 100.00000 0
3337 4620 4.20705 2.82506 0.20557 2.12633 432 386 8 430 387 1720 100.00000 0
1980 4554 5.84093 0.02156 0.85583 1.18234 263 12 3 259 230 1083 100.00000 0
1004 4261 5.81588 0.00796 0.08989 0.48537 274 256 12 272 233 1367 100.00000 0
3408 4575 4.56492 2.48266 0.42317 1.18564 597 380 34 593 441 1912 100.00000 0
953 4224 4.04029 0.02151 0.04987 1.11663 673 592 64 671 618 1730 100.00000 0
932 4199 2.66463 0.34335 0.14643 3.65195 505 195 48 497 372 1763 100.00000 0
3417 4576 5.38924 1.94147 0.53549 2.45479 522 233 47 509 332 1685 100.00000 0
1831 4420 2.38282 0.01636 0.27320 0.93628 617 543 8 615 574 1514 100.00000 0
1999 4570 2.35087 0.41090 0.65087 2.55221 683 181 8 677 546 1738 100.00000 0
1993 4562 4.59764 0.15298 0.73587 0.65492 390 47 5 385 348 1363 100.00000 0
1847 4435 3.56124 0.02357 0.54573 1.33325 687 391 4 685 627 1648 100.00000 0
1837 4426 3.62379 0.01301 0.31553 0.71327 550 456 22 548 502 1402 100.00000 0
918 4192 4.30525 1.08215 0.21977 4.02477 478 422 35 467 275 1673 100.00000 0
1862 4443 5.38179 0.01355 0.85377 0.64407 319 50 4 311 280 1244 100.00000 0
3329 4624 5.55115 2.44485 0.14763 1.99371 436 417 4 424 383 1498 100.00000 0
1864 4447 2.73268 0.01417 0.63619 0.79179 695 287 7 685 649 1799 100.00000 0
3359 4608 2.94602 3.13331 0.16033 2.47860 489 431 35 487 401 1635 100.00000 0
1832 4421 2.61259 0.01525 0.21335 0.87088 509 478 12 500 471 1331 100.00000 0
1802 4403 5.30259 0.28230 0.16427 1.45481 549 488 9 541 483 1316 100.00000 0
1948 4533 3.05441 0.02270 1.84451 0.82329 806 0 0 801 751 1755 100.00000 0
3406 4575 5.52920 2.59390 0.36862 1.33823 580 381 34 575 474 1691 100.00000 0
1794 4393 5.73638 0.74347 0.39232 2.33515 296 265 14 287 205 1087 100.00000 0
3381 4597 5.57489 3.10848 0.25864 2.28019 352 280 20 348 246 1168 100.00000 0
927 4201 2.42105 0.27455 0.06375 3.05685 562 180 125 551 358 1803 100.00000 0
1870 4458 4.37915 0.01702 0.67710 1.03439 436 148 4 432 414 1427 100.00000 0
1804 4402 2.70805 0.21708 0.18338 1.57545 821 750 14 815 676 1812 100.00000 0
920 4199 5.65502 0.58728 0.25647 3.52048 380 266 83 378 198 1410 100.00000 0
3384 4587 5.78847 3.11289 0.46036 4.88600 530 27 0 524 273 1498 100.00000 0
1042 4271 5.79122 1.14266 0.13983 1.34639 544 504 16 540 453 1949 100.00000 0
3379 4594 2.51571 3.12265 0.06315 2.94916 566 473 70 561 343 1412 100.00000 0
965 4226 4.89964 0.03519 0.18687 1.97675 459 386 33 455 336 1351 100.00000 0
1032 4271 5.04014 0.52815 0.09209 0.87312 626 561 6 619 562 2274 100.00000 0
922 4193 2.58316 0.84986 0.08179 3.38576 759 697 50 753 506 2094 100.00000 0
1827 4417 2.66857 0.01773 0.23714 1.03476 657 585 17 646 615 1573 100.00000 0
1932 4511 5.99200 0.03733 1.96343 0.84488 131 0 0 129 110 967 100.00000 0
1791 4396 4.96283 0.92591 0.52275 2.80910 387 314 5 387 234 1379 100.00000 0
1819 4406 4.38006 0.02101 0.12868 1.23162 623 588 23 606 526 1425 100.00000 0
3417 4574 5.92493 1.93668 0.50500 1.82885 572 294 22 572 427 1821 100.00000 0
1997 4569 2.06371 0.30823 0.69188 2.26624 794 156 4 794 653 2034 100.00000 0
965 4233 3.79000 0.05214 0.15593 2.99892 467 395 33 463 333 1495 100.00000 0
1927 4509 2.18467 0.01323 1.72406 0.86321 455 0 0 455 430 1371 100.00000 0
2000 4566 3.49969 0.46966 0.77905 1.29059 703 57 4 699 651 1924 100.00000 0
3336 4624 4.90380 2.73983 0.20393 2.03182 370 351 8 362 300 1534 100.00000 0
1812 4402 3.71244 0.05567 0.11901 0.96914 655 611 31 653 600 1613 100.00000 0
1826 4417 3.71126 0.01368 0.33393 0.78932 524 389 21 522 481 1409 100.00000 0
1947 4534 5.52577 0.03654 1.77725 1.18498 295 0 0 293 268 1325 100.00000 0
3391 4590 4.91310 3.12072 0.08921 2.85718 557 440 4 550 262 1463 100.00000 0
1990 4561 4.06399 0.07423 0.75418 1.09682 405 37 6 399 366 1449 100.00000 0
3382 4590 3.95872 nan 0.17245 3.55600 570 264 1 568 319 1491 100.00000 0
1808 4400 3.33180 0.13318 0.11132 1.52624 819 781 11 810 643 1817 100.00000 0
3398 4586 4.47951 2.99211 0.28418 2.97585 502 432 14 498 243 1580 100.00000 0
3341 4623 5.49849 2.90948 0.15112 2.24716 364 347 7 359 287 1415 100.00000 0
3352 4612 3.50134 3.11695 0.11570 2.76385 413 398 6 405 329 1482 100.00000 0
1037 4265 5.96620 0.83623 0.10183 0.89351 373 353 12 369 329 1532 100.00000 0
3415 4577 4.17718 2.05452 0.42699 2.31190 612 415 43 608 395 1892 100.00000 0
3336 4622 3.94688 2.76517 0.12836 2.25915 396 377 9 388 311 1627 100.00000 0
935 4210 4.21931 0.04446 0.22634 2.88392 581 251 32 579 492 1631 100.00000 0
934 4211 5.92656 0.04361 0.30855 2.92851 456 182 19 450 389 1437 100.00000 0
1013 4257 5.02307 0.01719 0.16916 0.83463 296 265 19 290 254 1468 100.00000 0
1027 4268 2.85143 0.25255 0.09398 0.92957 888 843 21 880 753 2567 100.00000 0
1950 4536 4.37253 0.03261 1.88845 0.81373 520 0 0 514 477 1469 100.00000 0
1983 4557 4.38550 0.03031 0.77150 1.67304 339 23 10 330 298 1296 100.00000 0
3369 4603 2.78898 nan 0.12287 3.24377 440 407 14 438 315 1325 100.00000 0
939 4213 4.02105 0.04321 0.21516 2.64234 524 204 82 522 440 1611 100.00000 0
928 4193 4.19020 0.71279 0.11277 3.76442 603 281 44 589 412 1692 100.00000 0
3367 4605 3.19100 nan 0.15443 3.22197 486 375 50 484 289 1440 100.00000 0
1006 4260 3.17352 0.01074 0.13512 0.59807 457 428 17 451 427 1693 100.00000 0
1950 4534 2.05453 0.02032 1.90998 0.78285 1470 0 0 1464 1410 2269 100.00000 0
1940 4527 5.36384 0.04178 1.80678 1.57271 339 0 0 337 300 1321 100.00000 0
988 4243 5.50307 0.00724 0.10779 0.48214 274 240 21 268 233 1418 100.00000 0
3416 4577 4.90709 1.99711 0.44690 2.37685 515 339 31 515 327 1727 100.00000 0
980 4237 5.66090 0.01429 0.23525 0.85957 279 215 12 271 233 1219 100.00000 0
3353 4615 3.59431 3.09729 0.18252 2.63121 447 434 8 442 330 1636 100.00000 0
948 4211 5.58186 0.05349 0.25510 2.90838 367 164 167 359 279 1254 100.00000 0
939 4204 4.21181 0.10731 0.20137 3.37557 405 181 119 401 284 1408 100.00000 0
1025 4262 4.30256 0.17419 0.13615 1.64877 374 357 13 360 266 1539 100.00000 0
921 4188 5.07067 1.16553 0.18970 3.55060 541 503 14 537 351 1591 100.00000 0
1789 4394 5.83329 1.04782 0.50651 3.18297 367 270 4 361 241 1270 100.00000 0
969 4231 2.46560 0.01372 0.22705 0.81132 747 639 49 741 596 1790 100.00000 0
947 4211 4.69146 0.05469 0.17668 2.98347 400 192 178 400 282 1335 100.00000 0
1946 4527 3.15198 0.02371 1.94593 0.62055 382 0 0 382 357 1341 100.00000 0
1948 4529 3.04454 0.01955 1.96690 0.80113 541 0 0 534 496 1441 100.00000 0
1029 4270 4.70876 0.35792 0.07516 1.06128 662 594 7 656 566 2304 100.00000 0
1909 4490 3.53703 0.02874 1.07569 1.18993 299 7 0 293 275 1296 100.00000 0
1841 4424 3.81046 0.02016 0.38245 1.16365 586 436 11 582 539 1430 100.00000 0
1809 4400 4.06679 0.11507 0.16563 1.59937 704 671 10 698 535 1659 100.00000 0
3342 4621 3.93826 2.95707 0.16710 2.49277 381 362 6 377 276 1568 100.00000 0
1962 4548 5.45815 0.02101 1.92796 1.04193 364 0 0 358 344 1253 100.00000 0
1852 4439 2.51870 0.01951 0.59671 1.08858 644 317 5 641 588 1634 100.00000 0
1821 4409 2.19306 0.02836 0.24142 1.63542 781 727 10 772 636 1636 100.00000 0
1968 4545 5.85623 0.01811 1.19117 0.87849 154 1 0 143 125 940 100.00000 0
1826 4418 5.06205 0.01967 0.25682 1.13815 369 309 24 369 333 1209 100.00000 0
1992 4567 2.39780 0.12726 0.69920 1.89940 736 83 23 731 612 1908 100.00000 0
1850 4437 2.41158 0.01296 0.56598 0.59610 836 390 12 830 786 1845 100.00000 0
928 4191 5.51475 0.83082 0.18843 4.13706 296 113 14 292 191 1178 100.00000 0
1816 4409 2.57415 0.01702 0.18406 0.81757 847 813 17 837 782 1768 100.00000 0
928 4194 3.53284 0.65383 0.18142 3.78248 572 261 55 564 415 1641 100.00000 0
1014 4263 2.43433 0.01603 0.11212 0.86773 592 562 22 579 502 2015 100.00000 0
1904 4490 3.61574 0.04058 1.02747 1.29724 386 4 1 386 356 1435 100.00000 0
1017 4266 4.94690 0.01423 0.06514 0.76208 459 446 10 457 410 1669 100.00000 0
1957 4538 2.43783 0.01767 1.94609 0.95080 660 0 0 652 630 1688 100.00000 0
1793 4393 5.71952 0.80694 0.38759 2.53250 356 333 7 348 226 1234 100.00000 0
1981 4557 2.85437 0.02473 0.83057 1.36315 529 23 2 519 489 1463 100.00000 0
3361 4611 4.85890 3.12154 0.20351 2.51871 334 269 25 327 248 1372 100.00000 0
3343 4621 4.30124 2.97615 0.17721 2.47259 346 318 12 338 245 1482 100.00000 0
1887 4475 5.52774 0.03398 0.91669 0.80649 274 14 0 272 243 1084 100.00000 0
918 4189 5.00122 1.25191 0.22911 3.78331 564 529 21 560 303 1639 100.00000 0
940 4215 5.28558 0.03252 0.27459 1.99782 380 124 68 378 313 1345 100.00000 0
1792 4398 5.67944 0.85368 0.74600 3.54729 346 228 4 340 173 1063 100.00000 0
3349 4617 3.36082 3.07780 0.16353 2.75960 467 449 4 463 358 1774 100.00000 0
