0.05289 0.03412
0.02180 0.02077
0.02637 0.02287
0.02908 0.02736
0.02855 0.03644
0.02993 0.02738
0.02613 0.02319
0.02708 0.02556
0.02195 0.02309
0.02274 0.02851
0.02668 0.02770
0.02617 0.03076
0.03262 0.02670
0.02471 0.02575
0.03734 0.02536
0.02235 0.02610
0.01560 0.01452
0.04179 0.03158
0.02800 0.02699
0.02492 0.02196
0.02963 0.03259
0.03063 0.02520
0.02340 0.02568
0.02970 0.02689
0.04109 0.02392
0.03673 0.02995
0.02129 0.02395
0.03845 0.03300
0.02563 0.02685
0.01539 0.01251
0.02510 0.02522
0.01873 0.01740
0.03251 0.02637
0.02694 0.03032
0.02959 0.02092
0.02761 0.02820
0.01987 0.02451
0.02167 0.02403
0.02168 0.02517
0.03825 0.03546
0.02731 0.02733
0.02521 0.02794
0.03139 0.03094
0.01502 0.01644
0.02370 0.02089
0.02051 0.02577
0.02659 0.03172
0.02786 0.02802
0.02780 0.02685
0.02524 0.02470
0.02368 0.02310
0.02037 0.02057
0.03008 0.02824
0.02667 0.02027
0.02018 0.02319
0.02645 0.03143
0.02826 0.03160
0.03082 0.02670
0.02253 0.02433
0.03427 0.03603
0.02782 0.02794
0.02530 0.02811
0.02350 0.02565
0.02996 0.02718
0.02777 0.02414
0.02802 0.01970
0.03193 0.02203
0.03213 0.03200
0.02402 0.02382
0.02719 0.03125
0.03234 0.03054
0.03358 0.03175
0.03442 0.03461
0.03786 0.03281
0.02803 0.03109
0.02083 0.02735
0.02910 0.02531
0.02747 0.03110
0.02788 0.02505
0.02080 0.02348
0.02307 0.02493
0.03684 0.01783
0.03089 0.03341
0.01672 0.01200
0.02425 0.02829
0.02701 0.02611
0.01911 0.02115
0.02331 0.02432
0.01917 0.02272
0.03095 0.02470
0.03437 0.03092
0.02111 0.01659
0.02525 0.01850
0.02309 0.02538
0.03468 0.02529
0.03388 0.01921
0.03253 0.02338
0.01973 0.02309
0.02075 0.02388
0.01606 0.01327
0.03514 0.01867
0.02591 0.02945
0.03213 0.02551
0.02719 0.03078
0.02154 0.01956
0.02403 0.02161
0.02392 0.02151
0.02547 0.02643
0.02749 0.03250
0.03190 0.02771
0.02411 0.02138
0.02689 0.02350
0.02580 0.02862
0.03169 0.02746
0.02201 0.02833
0.02804 0.02456
0.02545 0.02339
0.02861 0.02013
0.02163 0.02366
0.02631 0.02327
0.02779 0.03141
0.04137 0.03342
0.03654 0.03073
0.02324 0.02486
0.02722 0.02575
0.02979 0.02570
0.02534 0.02505
0.02289 0.02653
0.01516 0.01333
0.03001 0.02722
0.02045 0.02402
0.03222 0.03175
0.03244 0.02936
0.02338 0.02472
0.01750 0.01605
0.02997 0.03289
0.02848 0.02845
0.02299 0.02624
0.01938 0.02176
0.02620 0.02370
0.03188 0.03037
0.02292 0.02613
0.02085 0.02178
0.02425 0.02936
0.02378 0.01842
0.02724 0.03093
0.02941 0.02882
0.02755 0.02571
0.02763 0.03184
0.03065 0.01975
0.02327 0.02944
0.02209 0.02813
0.02412 0.02697
0.02363 0.02586
0.02472 0.02407
0.01665 0.01342
0.02922 0.02615
0.02589 0.01845
0.02900 0.03398
0.03072 0.03413
0.02617 0.03033
0.02513 0.02481
0.02844 0.03314
0.02557 0.02238
0.02386 0.02376
0.02229 0.02690
0.03096 0.02925
0.02736 0.03043
0.03022 0.03074
0.02099 0.02501
0.05456 0.03275
0.03128 0.02674
0.01931 0.02227
0.04197 0.02677
0.03249 0.02638
0.02358 0.01816
0.03296 0.02487
0.02938 0.02250
0.03233 0.02620
0.03777 0.03258
0.02971 0.02536
0.02543 0.02416
0.01899 0.02075
0.02175 0.02301
0.01905 0.02196
0.01783 0.02089
0.02788 0.03052
0.03105 0.03180
0.02601 0.02949
0.01826 0.01216
0.05036 0.03238
0.01828 0.01577
0.02357 0.02560
0.03186 0.02729
0.04182 0.03206
0.02314 0.02081
0.03437 0.03058
0.01582 0.01499
0.02744 0.03114
0.02921 0.02560
