578 5020 11.43621 3.12303 19.60259 2.68424 20 0 0 16 10
136 5376 11.92129 3.12279 0.32449 0.91000 11 1 0 5 3
92 159 10.90026 0.22630 5.78910 6.80498 26 0 0 20 11
788 3842 10.74027 3.10179 1.45165 2.64427 95 0 0 85 57
3639 4606 10.30963 0.03521 0.18697 1.05869 89 69 14 85 65
644 4962 10.71149 3.05329 1.32832 1.75301 21 0 0 17 7
243 1953 11.63800 0.24712 0.43155 0.80064 60 31 11 52 44
3712 4655 11.93130 0.31879 0.18499 0.78135 23 14 5 18 16
2004 5259 11.67707 2.98746 4.30522 7.99944 45 0 0 28 14
2145 5124 10.08740 2.92687 1.19522 1.28481 55 0 0 50 26
1550 3198 11.41989 0.02848 0.66444 0.60909 61 20 17 61 46
2533 4712 11.80353 3.12994 1.24025 2.16247 118 0 0 114 78
833 2494 10.30965 0.05381 0.33478 0.96874 64 44 4 58 49
1007 2700 10.46347 0.00817 0.41021 0.61102 57 31 4 57 44
615 4004 10.56244 3.14075 5.59658 5.43300 39 0 0 26 21
1661 3312 11.31256 0.10250 0.31069 1.25336 43 21 4 33 20
403 2100 11.47804 0.09983 8.08832 3.49390 36 0 0 31 20
1534 3208 11.67620 0.03358 0.31954 0.34264 41 22 5 38 26
589 2288 10.95919 0.02587 0.26193 0.83743 87 49 17 85 64
550 5029 10.41016 3.09732 1.58558 2.17529 82 0 0 78 37
842 3783 11.93545 3.09398 1.19684 1.21788 35 0 0 29 15
2390 4890 11.60265 3.13811 0.67698 2.43928 18 3 4 16 11
743 4861 10.88555 3.13681 1.19949 1.86362 53 9 4 51 26
2261 4049 11.76058 3.13964 1.95731 0.56093 47 0 0 39 19
3813 4777 10.23002 0.03804 0.47346 0.55036 42 21 5 35 26
654 4922 10.28362 2.40536 0.96129 2.29269 116 1 0 113 54
582 2262 11.35520 0.02476 0.48489 0.70554 59 26 8 57 39
446 5121 10.31008 2.89163 0.96716 0.66146 18 0 1 14 7
2044 5244 10.66355 3.06308 0.66856 1.48543 45 3 3 36 11
1946 5329 11.74434 2.73203 1.07334 1.45643 14 0 1 10 6
976 2666 10.07307 0.03653 0.60829 1.44996 28 17 4 28 17
2489 4763 11.74640 3.07237 1.50116 1.85203 74 0 0 67 45
2104 5181 10.10429 3.05098 17.98743 21.65120 17 0 0 13 12
895 3724 11.70746 3.12927 1.52207 2.93772 56 1 0 51 30
438 2153 11.04805 0.07786 0.59294 0.46730 43 17 4 37 27
1000 2693 10.87926 0.02734 0.71240 1.06533 27 6 3 25 15
2282 4025 11.86480 3.13588 2.16946 1.58239 56 0 0 51 22
560 2244 10.34940 0.03513 0.51640 1.07119 58 15 2 53 33
675 3936 10.04436 2.55379 1.21674 1.66929 108 2 0 102 83
709 2368 10.67656 0.21330 0.50682 0.49811 75 50 4 73 53
2515 4752 11.43473 3.11735 22.36830 19.54978 11 0 0 3 0
3708 4652 11.12419 0.34071 0.54081 1.54155 25 18 3 19 13
356 2078 11.90709 0.05991 8.72106 5.15738 35 0 0 25 18
569 5026 10.00868 3.08333 4.71857 176.66199 9 0 0 5 5
674 2373 11.86279 0.45703 0.50614 0.64468 63 40 6 63 46
678 3930 11.71887 2.60869 1.29091 1.37288 95 0 0 87 54
2382 3936 10.91116 3.11171 1.29007 2.07717 26 0 0 21 11
925 2581 11.68842 0.04156 0.60562 1.59250 26 15 0 26 16
2572 4686 10.71264 3.08337 10.85594 174.59017 26 0 0 20 15
97 5378 11.99398 3.12519 6.67784 7.37017 20 0 0 17 9
1947 5320 11.05873 2.74457 1.17857 1.73099 24 0 0 20 13
610 4970 11.35571 3.12428 1.76297 2.57982 68 1 0 60 37
2340 3950 11.63911 2.28591 0.64349 1.40667 95 7 14 91 57
4168 5099 11.64545 0.61028 0.47571 1.26548 62 30 4 57 38
4058 5007 10.84930 0.01445 0.33906 0.27695 57 35 2 51 37
2174 5107 10.02640 3.08997 0.63154 1.52649 27 7 7 22 14
544 4094 10.20710 3.12869 1.37433 3.42486 39 0 0 33 11
437 5144 11.77698 3.00304 1.04400 1.90988 25 4 1 20 13
2493 4778 11.12138 3.11368 11.84748 178.39941 26 0 0 22 20
2427 3891 11.61145 3.12966 0.80255 1.98189 77 18 3 75 39
2355 3931 11.53232 2.54781 1.29106 1.34028 92 0 0 77 59
650 3998 11.78803 2.91330 4.54153 3.33190 9 0 0 7 3
1680 3388 11.48121 0.97328 0.76015 1.76813 106 25 2 104 64
841 3785 11.07551 3.09259 1.35959 1.27072 82 0 0 82 58
2172 5113 11.52031 3.11062 1.56993 0.73382 16 0 0 10 7
2250 4062 11.78848 3.13045 1.97365 1.49724 45 0 0 39 25
2526 3783 10.31615 3.13565 0.49554 1.83270 33 15 2 33 16
778 2458 10.79463 0.02716 10.47777 3.79921 114 0 0 112 86
3596 4535 10.11508 0.09803 0.24104 1.18960 70 50 5 65 47
429 5150 10.65522 3.00195 0.60650 1.19485 35 7 6 33 26
2182 5092 11.76291 3.12019 1.21547 2.24263 23 0 0 17 7
2076 5190 11.97962 3.03250 1.61478 1.12466 72 0 0 66 49
4171 5108 11.75264 0.77976 0.57859 1.72646 48 8 0 48 34
2416 3900 10.24818 3.13990 0.91291 1.90207 41 3 2 37 16
3596 4561 10.82686 0.02832 0.59400 1.61834 52 21 10 46 18
663 4948 11.21786 2.65241 0.37308 3.30049 12 1 1 9 3
196 5351 11.16528 3.07223 0.76363 1.41222 35 9 4 35 15
1638 3280 11.84708 0.02932 0.48595 0.21306 40 12 6 40 22
2234 4100 10.59321 3.11914 1.17023 3.71805 24 0 0 24 9
3714 4658 11.05753 0.25151 0.40588 0.65671 24 14 1 19 15
1453 3101 10.51488 0.01896 0.38355 1.19485 21 10 4 16 8
613 4006 10.80174 3.13620 1.09928 1.46367 39 0 0 35 23
459 2172 10.93767 0.20373 0.50737 0.50358 50 16 9 48 32
674 3972 10.94729 2.84530 0.65995 1.79559 20 3 0 18 14
587 2287 11.72779 0.02617 0.48712 0.79031 49 8 14 45 28
206 1926 11.39087 0.56721 0.56284 0.86547 119 58 9 113 58
3876 4847 11.90419 0.00792 0.69807 0.56232 115 26 17 107 79
940 4629 11.60252 2.19801 0.49455 1.26980 104 53 14 104 52
531 2236 10.44393 0.01136 0.30285 0.43251 40 24 3 37 29
2332 4928 10.44883 2.51728 0.88593 1.99488 126 9 2 122 51
617 2316 10.64289 0.00780 0.74038 0.43701 37 9 8 29 20
4128 5070 11.75155 0.05453 0.13786 1.17969 36 32 2 34 28
4115 5059 11.25828 0.00781 13.19402 6.61014 31 0 0 24 25
2490 3826 10.80704 3.12297 0.85991 1.93067 38 8 4 33 14
687 2341 11.94929 0.71080 0.37463 1.39662 38 9 11 27 21
2070 5218 10.22833 3.08474 1.11312 1.30236 39 3 3 34 15
942 4632 11.85576 2.23617 0.30936 0.92535 67 36 4 65 39
461 4174 11.06802 2.00171 0.82549 1.69904 61 3 17 54 24
4071 5039 11.58759 0.05218 0.67192 0.60781 24 11 6 16 12
697 4909 11.46042 3.11627 0.66203 1.48200 27 6 1 23 18
592 4028 10.66870 3.12096 1.94961 2.11452 107 0 1 101 66
1553 3201 11.06317 0.02811 0.37401 0.53814 34 19 9 34 19
4153 5107 11.61201 0.35407 0.32072 1.09289 33 17 2 31 21
566 5013 10.95632 3.09711 1.66994 1.16028 62 0 0 58 31
677 2374 11.17772 0.39846 0.61202 1.09146 102 36 18 93 83
2430 4847 10.06805 3.12970 0.74050 1.71714 152 22 8 148 86
1021 2697 10.74601 0.00637 0.47068 0.34264 49 21 10 46 36
762 4843 10.68134 3.12868 0.81456 1.92722 125 40 9 122 45
697 3948 11.22365 3.10169 0.47351 1.85730 33 9 0 21 23
347 2069 10.25467 0.05346 0.42796 0.66323 45 20 8 41 22
639 2343 11.23128 0.59822 0.72473 1.45508 88 15 7 79 63
2577 3702 11.56777 2.89834 0.94504 1.30596 48 0 1 36 31
757 2420 10.30308 0.00808 0.37962 0.36691 130 77 27 126 78
761 4824 11.60918 3.12781 1.10753 2.88595 161 5 2 153 65
310 2037 11.00547 0.08125 0.27813 0.28255 43 27 8 38 24
1431 3074 11.13807 0.30732 0.11637 1.13677 23 13 4 17 13
905 4667 10.86729 3.05894 1.22233 2.77403 97 0 0 93 37
137 5378 11.90650 3.09767 0.57473 3.39246 14 1 0 11 6
4047 4996 11.62425 0.02259 0.34496 1.31105 63 51 4 58 40
2135 5132 10.26642 3.00705 1.61599 0.95859 43 0 0 41 24
2277 4031 11.83600 3.13328 1.67296 1.94983 85 0 0 85 43
468 4159 11.03084 2.53441 1.21155 1.05795 72 4 18 59 31
1480 3131 11.43637 0.03320 0.39559 0.27836 80 45 23 78 49
2214 4103 10.80985 3.08739 1.74204 3.41822 102 0 0 95 44
4160 5108 10.66491 0.48043 0.46121 0.92620 42 21 1 38 26
3718 4684 10.02011 0.03842 0.42631 0.56579 36 20 7 34 25
634 4945 11.14350 2.87061 1.57220 2.65476 56 0 0 52 23
788 4816 10.05842 3.11728 10.03873 178.60759 32 1 0 27 20
8 159 10.90026 0.22630 4.62756 5.83492 24 0 0 18 12
486 5098 10.34994 3.03570 0.76272 2.04947 30 15 1 26 9
2177 5097 11.62230 3.06622 1.38584 2.22651 43 4 2 38 19
494 4157 11.60848 2.97025 0.75809 1.62221 16 3 0 16 10
2357 4893 10.46996 2.60736 1.27659 0.98357 105 0 0 99 73
1613 3255 11.98887 0.02737 0.56784 0.69041 44 14 19 35 25
734 3888 11.81277 3.12974 2.44999 3.24317 121 0 0 100 73
257 5284 11.46593 2.95364 1.28327 1.68144 74 4 1 69 37
692 2349 10.51250 0.52118 0.28503 1.47113 48 13 9 46 32
2563 3720 11.41264 3.13139 1.23549 1.88180 65 0 0 60 43
824 3804 11.44454 3.07048 1.17714 2.38162 82 4 0 73 44
2182 4176 10.18623 2.29928 1.09440 1.93533 38 3 4 36 12
3705 4674 11.76040 0.23167 11.54335 0.69998 37 0 0 24 23
2195 4152 11.36919 3.03954 12.19392 174.15373 9 0 0 5 6
940 4638 10.44231 2.35295 0.33465 1.48833 86 48 9 79 44
634 3981 11.78940 2.81591 1.41258 2.66829 70 0 0 66 34
1 161 11.92404 0.22584 10.88750 31.85118 16 0 0 11 7
1457 3136 11.46753 0.06903 0.62852 0.88470 68 34 8 59 36
2541 3748 10.85111 3.07535 1.25531 1.03098 112 0 0 105 68
906 4666 10.64531 3.03913 1.16993 3.13350 99 1 0 95 43
1626 3269 10.47484 0.02782 0.57569 0.53302 83 29 19 81 50
2422 4856 10.96830 3.13239 0.87034 1.74944 82 10 17 80 40
153 5375 11.47355 2.95406 0.59229 0.81996 19 8 0 19 10
670 2369 11.19629 0.49906 0.28552 0.99936 90 32 26 74 62
3733 4679 10.39465 0.03934 0.43313 0.81325 54 30 6 46 39
1396 3081 11.00135 0.55455 0.73313 0.37115 70 9 17 60 37
3958 4939 10.66157 0.69696 0.68046 0.50668 92 29 15 90 55
2529 3762 10.92583 3.09764 1.45204 2.29115 161 0 0 155 88
796 4809 11.59035 3.10642 0.49216 2.08074 29 10 4 23 14
461 4184 11.81846 1.68117 0.63593 1.69720 41 8 12 39 24
541 2226 11.49723 0.02005 0.33888 0.65730 19 11 4 19 16
802 4802 10.86504 3.10626 0.66567 1.27534 48 5 6 38 20
700 3945 11.49248 3.11606 0.36267 1.82928 41 29 5 37 27
3652 4597 10.41791 0.03204 0.59646 1.69743 42 22 7 42 23
1295 2970 11.17072 0.01139 0.63013 0.62055 28 16 5 22 14
179 5351 10.79003 3.06699 0.91400 1.70823 26 1 4 17 8
1054 2731 11.99553 0.00913 0.30586 0.92788 66 38 11 64 41
3658 4603 10.67150 0.02717 0.40652 0.95039 42 28 4 42 25
400 2118 10.44191 0.16050 0.65869 0.28804 46 15 2 42 29
2347 4944 11.84810 2.67898 15.80533 134.71713 7 2 1 3 4
2308 4957 11.53459 3.08270 1.04038 2.11766 95 7 1 89 36
1053 2731 10.83645 0.01043 0.40799 0.68700 85 50 8 83 64
887 3752 10.21932 3.08382 0.52894 1.81855 119 50 5 108 69
1477 3128 11.03882 0.01932 0.57540 0.25793 72 17 11 72 44
313 5258 10.32121 3.10810 0.99142 1.63470 17 0 0 12 10
3677 4623 10.12217 0.15192 0.29322 0.90439 119 73 4 114 89
2572 4687 11.84642 3.08366 10.82913 175.81035 22 0 0 22 15
314 2018 10.77043 0.08374 9.35212 4.62330 57 0 0 51 39
817 4786 11.00763 3.09832 0.58422 1.46980 41 5 3 35 32
1949 5317 10.78087 2.75912 1.20990 1.74338 27 0 1 21 13
1389 3031 11.51288 0.55584 0.44458 0.84116 57 21 9 53 41
5426 5536 10.62562 0.00675 0.52205 0.34035 89 39 8 87 65
723 3920 11.65564 3.13268 0.72555 2.32389 63 20 3 52 29
1285 2934 11.92193 0.01450 0.52653 0.53741 116 49 12 116 81
600 2277 11.91047 0.01061 0.49186 0.70721 53 22 19 50 39
618 2292 11.68035 0.01462 11.13191 2.39048 48 0 0 48 39
224 1937 11.76984 0.37191 0.39431 0.45370 76 41 19 70 51
270 5294 10.66483 3.11474 1.14081 0.33102 30 1 1 17 14
944 3672 11.28042 2.26879 0.25164 1.39493 82 38 18 78 39
656 4955 11.70043 2.78651 0.54180 2.72706 10 2 0 6 4
667 4904 11.18733 2.38016 0.84153 1.60425 43 0 0 36 26
2438 3861 11.49946 3.13012 1.36561 2.78530 132 0 0 124 65
2043 5246 11.85717 3.05463 0.87914 1.27564 39 1 1 31 22
409 2105 11.49739 0.10281 9.26709 5.93439 27 0 0 27 17
684 2338 11.82251 0.76163 0.27845 1.02793 57 29 10 54 46
1993 5270 11.50930 2.92640 1.01053 1.93634 48 9 1 48 28
1439 3119 11.31318 0.05056 24.50345 2.89570 35 0 0 15 11
539 4100 11.09622 3.12502 1.40858 3.84094 13 0 0 13 5
2353 4932 10.61107 2.91770 0.32491 2.45096 25 6 0 19 21
677 3969 11.13485 2.89401 1.15166 0.97478 20 1 2 12 9
3651 4621 11.06482 0.03315 0.69516 1.85245 75 11 2 73 43
590 4992 10.14524 3.12284 1.14048 2.27985 81 4 6 73 44
