446 3199 11.02616 0.00596 0.33797 0.25488 21 18 2 19 13
970 3710 10.50514 0.01346 0.54800 0.61230 43 31 5 21 19
1932 4317 10.24720 0.01068 0.69178 0.51889 24 19 4 22 14
1942 4324 11.27231 0.12341 0.29447 0.75796 35 30 2 28 22
2096 4487 10.74992 0.00701 0.77620 0.50668 59 52 3 47 34
1454 3957 11.80910 0.01935 0.16910 1.20268 32 25 4 22 18
1694 4117 11.30909 0.00928 11.61848 1.76835 13 0 0 8 7
1051 1145 10.51026 0.00644 0.38166 0.75017 25 19 0 6 13
1107 3775 11.26470 0.00539 1.36045 0.87223 26 2 0 19 9
2035 4446 10.53792 0.01252 0.19645 0.66441 82 79 3 76 53
2704 5091 10.10636 0.09356 1.12136 1.69073 26 20 1 17 11
3070 5383 11.59731 0.26178 0.71788 1.26362 57 43 9 46 27
1056 3769 11.75448 0.00359 0.43661 0.71107 15 7 3 13 5
1418 3923 10.01073 0.00138 0.23528 0.12511 54 43 9 42 28
863 3602 11.00605 0.01536 0.49982 0.98039 86 78 4 80 55
1198 1254 10.99298 0.01512 0.67462 0.55673 43 41 2 37 29
969 3708 11.49496 0.01151 1.27074 0.71601 27 7 1 23 17
1058 3770 11.00069 0.00455 0.82668 0.29475 32 14 3 23 17
1803 4199 10.20604 0.00478 9.97108 5.69746 5 0 0 1 2
3002 5329 11.24773 0.15329 0.57924 0.31027 32 26 3 22 18
989 3744 10.75920 0.00297 0.45763 0.31153 82 66 10 64 47
1120 3775 11.26472 0.00530 1.53578 0.50590 19 0 0 12 8
2558 4949 10.39393 0.00345 0.43233 0.47560 28 19 7 21 11
1067 1246 11.49210 0.01362 0.77815 0.68013 38 30 6 32 25
3056 5372 10.55450 0.38601 0.81130 1.89527 64 47 7 48 26
1052 1161 10.01027 0.00747 0.34950 0.48457 35 27 2 31 22
336 3055 10.74307 0.21789 0.50174 0.79081 75 60 13 58 40
1720 4123 11.29892 0.00635 11.43990 0.37325 41 0 0 41 33
2814 5187 11.02520 0.00400 11.95009 0.82329 9 0 0 7 6
1003 3742 10.76483 0.00843 0.56267 0.82139 65 52 2 38 36
1048 1113 11.51041 0.00244 0.75204 0.20936 25 18 1 17 15
1113 3775 11.26470 0.00539 1.26323 0.33688 16 2 0 8 7
1495 3992 10.85976 0.23470 0.33827 0.29342 19 16 2 14 10
1001 3755 10.25983 0.00183 0.41317 0.36369 71 56 6 43 30
1102 3775 11.26470 0.00539 1.15370 1.56523 19 5 2 7 4
1553 4011 10.80385 0.57161 0.64430 2.91255 17 9 3 17 6
2010 4402 11.86821 0.04910 0.39054 0.26393 97 87 4 61 59
2970 5322 11.53833 0.00662 0.54052 0.36904 10 7 1 10 5
511 3263 11.07284 0.00692 0.36228 0.42613 23 20 2 17 13
47 113 10.99051 0.03942 2.69145 0.49732 34 0 0 18 19
3054 5400 11.55357 0.20042 0.68215 0.97478 69 66 3 59 41
3100 5414 10.79741 0.01700 0.36736 0.70053 48 35 2 29 23
1065 1242 10.48048 0.01185 0.81380 0.65492 42 30 8 37 24
1029 3759 11.25482 0.00535 0.72803 0.43521 30 20 1 25 14
2308 4686 10.49719 0.01559 0.37690 0.42887 89 84 2 75 60
2775 5129 10.23692 0.33622 9.94261 19.26383 4 0 0 4 3
3124 5524 11.50189 0.01605 1.32038 0.35827 79 4 0 67 49
3121 5439 11.56932 0.02335 0.66389 0.24708 60 36 13 35 21
1537 3978 10.38453 0.07665 0.80042 0.92493 14 10 0 9 8
1690 4113 11.30715 0.01186 11.41806 0.97478 19 0 0 19 11
1002 3757 11.75166 0.00129 0.53141 0.53229 37 19 8 15 14
2246 4637 10.01888 0.01909 0.33331 0.31279 49 48 1 42 37
1049 1203 11.26035 0.00239 0.56591 0.51889 30 23 0 28 24
320 5366 10.75665 0.79781 0.90153 0.74651 68 45 14 47 28
329 3042 11.13383 0.48890 0.95308 1.25523 45 33 4 38 23
868 3622 10.74057 0.00640 0.32463 0.16551 35 29 5 29 20
1971 4352 11.57330 0.73683 2.22284 2.67913 115 96 19 108 77
1375 3884 11.01959 0.00937 0.47562 0.17246 29 23 2 17 15
2555 4932 10.74375 0.00857 0.36374 0.45970 29 25 4 23 16
2846 5195 11.52873 0.00229 0.36784 0.24389 9 7 2 9 5
1971 4390 11.22194 0.18731 0.63636 1.69743 71 69 1 46 41
330 3042 11.89167 0.48724 0.85262 1.42299 31 18 7 31 16
906 3645 11.25419 0.01686 0.26264 0.36262 47 47 0 39 33
472 3226 10.54192 0.01195 0.53617 0.61294 41 35 3 33 25
1861 4252 10.12168 0.00840 13.04296 1.63877 13 0 0 11 5
2871 5218 10.03769 0.00338 0.43744 0.40348 26 26 0 24 23
3125 5447 10.41026 0.02566 0.74221 0.56993 94 57 2 59 55
1058 3786 11.25808 0.00569 0.86141 1.06238 30 20 2 19 17
529 3295 11.02476 0.00714 0.41795 0.40251 66 58 7 52 39
423 3190 10.02565 0.01005 0.32417 0.34492 41 38 3 32 22
1960 4340 10.84285 0.70812 0.66767 1.70364 83 75 1 70 55
1356 3852 10.25012 0.00530 0.61382 1.85583 26 22 3 12 11
1328 3842 10.26192 0.00507 0.42628 0.47724 39 25 5 20 14
3105 5447 10.00645 0.00929 0.55463 0.49337 59 47 5 43 28
1975 4357 11.54103 0.60550 1.70747 2.72434 106 54 24 89 40
651 3412 10.50757 0.00586 0.53117 0.12195 39 35 3 34 20
652 3413 10.76508 0.00644 0.45426 0.22381 57 50 4 47 31
3142 5474 11.17581 0.03018 0.44072 0.38967 38 31 1 20 11
1511 4003 10.99090 0.47855 0.51845 2.22493 12 9 0 7 6
1972 4355 10.76133 0.63999 2.29281 2.54130 132 35 52 118 63
2976 5328 11.52206 0.01192 0.29654 0.44411 8 7 1 6 4
351 3106 11.52178 0.00999 0.21226 0.84580 35 30 0 21 17
1225 3776 11.25022 0.00491 1.28709 0.62558 37 12 0 28 18
704 3449 11.29301 0.00249 0.43804 0.34150 43 38 4 41 25
377 5502 10.60948 0.01007 1.34933 0.56093 29 1 0 22 17
2495 4887 10.14791 0.00517 0.38731 0.15577 41 37 3 36 22
2207 4600 11.34770 0.05430 0.58912 0.90005 100 93 2 76 54
2343 4721 10.51235 0.00517 0.38125 0.51129 148 140 4 135 114
888 3642 10.50225 0.01011 0.63908 0.95573 30 21 8 19 15
1568 4018 11.68686 0.66333 1.13896 2.94198 31 7 0 27 8
1896 4285 10.67246 0.00808 0.39780 0.48698 8 4 1 3 4
2824 5195 10.82246 0.00557 9.73718 0.31153 6 0 0 6 5
2949 5301 11.77692 0.00817 13.23749 0.45885 3 0 0 3 2
773 3514 11.32082 0.00129 0.75953 1.62172 10 5 2 5 4
1127 3775 11.26472 0.00530 1.13498 0.51358 29 0 0 21 7
1577 4024 11.70227 0.76675 1.15695 2.22633 24 0 0 19 15
1319 3821 10.50052 0.00563 0.36160 0.80746 27 26 1 22 21
1096 1252 10.00167 0.01499 0.60251 0.48133 51 45 6 42 24
678 3439 11.99753 0.00837 0.53106 0.46478 42 40 1 42 24
1632 4062 11.73529 0.16274 0.63267 0.97237 23 13 1 16 10
2501 4880 10.48971 0.00420 0.71241 0.65012 52 40 5 46 32
693 3453 11.50229 0.01429 0.51602 0.81373 72 65 6 70 46
3125 5497 10.24809 0.01476 1.42309 0.49099 62 2 0 54 36
839 3578 11.56268 0.02128 0.80555 0.93461 43 37 3 41 31
1511 1578 10.45149 0.46218 0.60894 2.11803 16 8 2 10 7
3147 5499 11.71772 0.03787 1.24511 0.35718 27 3 0 22 13
2123 4512 10.27032 0.01380 0.24975 0.57743 131 126 5 129 94
1930 4350 11.51540 0.39810 1.09669 1.79275 36 28 6 33 23
1093 1252 10.00168 0.01625 0.69059 0.69886 45 38 2 34 24
1595 4035 10.34610 0.78671 0.51273 0.65671 27 12 6 27 14
1065 1243 10.74199 0.01196 0.62008 0.76413 43 32 5 32 18
1678 4101 10.60637 0.00473 10.54287 0.90049 21 0 0 18 12
1731 4150 10.74545 0.01004 10.55465 0.71491 24 0 0 22 15
338 5414 10.27427 0.02548 0.41734 1.27564 39 29 1 34 23
388 3128 11.69964 0.01924 0.35763 0.61866 44 40 3 32 20
316 3029 10.56039 0.84519 0.97458 0.80162 32 19 5 19 13
2703 5092 11.59335 0.11077 1.12604 2.32389 32 16 4 19 15
2673 5044 10.73859 0.00372 0.40708 0.42978 116 99 14 103 80
442 3211 11.05614 0.00653 0.56190 0.38359 25 16 2 16 12
326 5396 10.55699 0.09433 0.41839 0.92408 50 48 0 43 29
2010 4404 10.28962 0.03874 0.34822 0.25023 106 105 1 94 73
386 5465 11.19806 0.01207 0.82512 0.66969 48 22 2 42 29
1048 1195 11.51041 0.00207 0.41638 0.74546 27 17 1 21 15
1704 4108 10.20067 0.00592 10.20594 0.40154 26 0 0 23 19
1051 1160 10.51026 0.00644 0.68595 0.50124 24 21 0 17 12
1754 4170 10.40560 0.00843 10.60245 0.55532 17 0 0 17 12
1471 3972 11.25818 0.00450 0.63025 0.24866 32 25 4 28 17
332 3047 11.16904 0.36433 0.80281 1.29995 51 39 8 24 23
1049 1215 11.50055 0.00285 0.55611 0.22900 32 28 2 18 17
3111 5458 11.50593 0.01367 0.47677 0.41965 64 42 6 31 24
3055 5371 10.67709 0.40379 0.54098 1.79013 81 71 6 67 22
1204 1254 10.99298 0.01512 1.08155 1.17303 33 32 0 25 16
521 3273 10.33115 0.01285 0.51556 0.86818 56 48 3 40 31
1050 1129 10.76029 0.00453 0.74651 0.77278 31 24 6 31 18
3043 5359 11.30984 0.54182 0.73997 1.11627 64 61 3 60 33
1839 4247 11.66186 0.01073 11.76203 1.30146 8 0 0 6 6
1789 4186 10.81665 0.00602 18.25714 0.34378 7 0 0 7 3
1938 4359 10.03699 0.73822 0.52680 2.24367 99 64 2 88 72
1777 4175 11.51850 0.01008 11.45583 0.46562 30 0 0 28 20
3016 5371 10.13344 0.51162 0.47654 0.21850 84 68 16 69 36
1578 4024 11.23628 0.75030 6.25245 42.98904 11 0 1 9 4
2963 5314 10.80238 0.00244 1.53178 2.32423 6 2 2 1 3
2752 5106 11.59131 0.41535 0.88020 0.84256 13 9 2 10 6
422 3172 10.60913 0.05959 0.40830 0.20367 52 47 5 48 33
1055 3785 10.78185 0.00437 0.28604 0.31153 33 28 3 28 22
3050 5366 10.69881 0.47771 0.95748 1.23765 79 66 11 65 48
520 3272 10.27988 0.01279 0.37913 0.74860 66 58 7 58 37
467 3220 11.78841 0.00335 1.05798 0.77783 17 7 3 6 6
2382 4774 10.64422 0.00514 0.30608 0.17471 111 107 4 100 80
1048 1213 11.75047 0.00162 0.75943 0.84580 28 8 0 16 18
1543 4011 11.93215 0.62597 0.18046 35.86549 7 1 1 0 3
1419 3925 11.75246 0.00120 0.30930 0.11869 61 54 7 55 32
2050 4459 10.40223 0.02128 0.51973 1.23606 99 87 6 83 58
394 5511 11.79437 0.00900 1.37766 2.12099 23 7 4 13 7
1167 1254 10.99297 0.01526 0.54237 0.59347 60 56 3 48 34
1086 1254 10.98311 0.01724 0.67239 0.81996 35 30 2 23 20
335 5411 11.55337 0.02904 0.28430 0.98198 23 18 3 15 10
662 3423 11.53666 0.00639 0.57714 0.36477 29 22 5 20 17
1153 1254 10.99297 0.01526 0.61647 0.60133 35 32 3 28 20
1071 1247 10.73242 0.01508 0.57519 0.72199 50 49 1 46 30
496 3263 11.27277 0.00598 0.64366 0.29342 26 21 3 19 15
1059 1234 10.25041 0.00633 0.24799 0.55602 34 29 4 29 21
336 3084 10.31649 0.01402 0.33868 0.80503 56 55 1 42 37
1825 4234 11.44950 0.00745 11.53969 0.28255 23 0 0 23 21
1657 4083 11.65928 0.00783 0.50708 0.17246 63 54 6 49 36
3131 5454 11.60886 0.02456 0.82600 1.29604 57 33 4 15 24
964 3704 10.24505 0.00637 0.32806 0.28939 40 37 3 36 22
1567 3982 10.67882 0.25332 1.16121 2.32136 24 2 1 15 7
1888 4294 10.34762 0.00359 0.30183 0.29475 7 6 0 4 4
696 3455 10.52626 0.01177 0.50952 0.67724 54 47 2 52 30
1430 3934 10.00150 0.00530 0.37544 0.48618 65 58 6 46 37
1530 3977 11.13217 0.07572 0.69535 0.91600 16 12 1 14 9
1345 3841 11.49144 0.00659 0.35647 0.65492 23 20 1 20 15
1052 1122 10.01027 0.00747 0.43097 0.42428 39 33 2 33 18
1812 4222 11.66152 0.00557 11.92255 0.37115 8 0 0 8 7
2188 4582 11.16398 0.03299 0.74412 1.12605 90 83 5 70 49
1666 4063 11.50654 0.00437 0.14186 0.20174 36 32 3 25 19
380 3118 11.94649 0.02089 0.33777 1.11241 33 24 2 25 19
2751 5137 10.97802 0.42162 1.94098 1.14535 5 1 1 5 2
1106 3775 11.26470 0.00539 1.00789 0.36477 21 2 0 19 10
2036 4448 11.95592 0.01199 0.37543 0.65909 70 68 2 63 43
2060 4452 11.96203 0.02507 1.11343 1.44780 110 92 5 96 60
1188 1255 11.49280 0.01448 0.65015 0.45800 40 36 4 32 22
2579 4955 10.98833 0.00378 0.31234 0.21670 33 30 3 26 20
2073 4465 11.23283 0.01626 0.61046 1.18927 53 44 1 34 29
2746 5133 11.03307 0.42693 0.56548 0.80891 8 3 1 4 2
3147 5501 11.71978 0.03761 1.59469 0.85226 34 2 0 21 21
350 5434 11.77858 0.00808 0.43807 0.47970 39 32 5 34 22
1532 1590 11.75203 0.63469 0.40565 2.14393 9 5 1 5 5
454 3208 10.26967 0.00934 0.20421 0.48457 43 30 12 35 18
2099 4503 10.40626 0.00801 0.45269 0.43969 106 96 9 92 64
1610 4048 11.70743 0.80451 1.01376 0.83463 18 4 0 11 4
374 3111 11.47244 0.01277 0.19534 0.78833 60 40 12 32 25
1850 4257 10.75598 0.00921 7.55358 1.90434 10 0 0 10 5
1579 4022 10.25019 0.65877 0.22839 2.07528 21 6 1 17 10
1061 1239 10.74874 0.00923 0.68120 0.86230 45 40 3 36 28
512 3278 10.28714 0.00869 0.08993 0.77177 34 27 1 17 15
1531 3978 10.10436 0.06843 0.67334 0.88204 18 11 2 8 11
1506 4001 11.45928 0.43469 0.74801 5.20722 10 2 0 2 2
3005 5363 11.84593 0.46872 0.55286 0.19180 63 41 5 28 22
