4788 7095 10.81350 3.14082 2.18938 0.92788 135 0 0 130 77 1219 100.00000 0
38 3387 11.50802 0.00420 2.40893 0.88999 125 0 0 125 105 427 100.00000 0
17 3387 11.50802 0.00420 2.44299 0.65252 106 0 0 102 90 383 100.00000 0
1326 7027 10.51857 2.99876 2.04827 2.17457 125 0 0 106 49 1521 100.00000 0
4796 7122 11.95018 3.03352 2.11355 1.65517 39 0 0 35 28 523 100.00000 0
4771 7103 10.65832 3.09293 2.03218 1.46820 76 0 0 67 23 862 100.00000 0
3168 8276 11.53381 0.07247 8.11199 10.93828 11 0 0 6 2 273 100.00000 0
5217 6790 11.76252 3.13150 12.70130 179.42054 8 1 0 5 3 187 100.00000 0
5301 6767 11.10638 3.12139 8.22074 1.53417 9 0 0 1 1 175 100.00000 0
4968 6996 11.42188 3.09670 5.91565 177.42960 37 0 0 33 19 679 100.00000 0
1366 6980 11.22658 3.09564 13.87143 177.36745 155 0 0 153 77 1508 100.00000 0
1541 6820 11.95588 3.13107 20.43977 179.40686 10 0 0 2 2 243 100.00000 0
4859 7081 11.68554 3.11619 16.37196 31.15516 21 0 0 10 11 620 100.00000 0
56 8547 11.75274 0.00574 2.18872 0.74125 65 0 0 65 49 364 100.00000 0
