0.01246 0.01153 0.00103
0.00808 0.00802 0.01844
0.00785 0.00785 0.00071
0.00828 0.01039 0.00117
0.01449 0.01021 0.00214
0.01774 0.01486 0.01561
0.00717 0.00791 0.00056
0.00842 0.01034 0.00129
0.01484 0.01394 0.00081
0.01057 0.01569 0.02482
0.00926 0.01137 0.00711
0.02111 0.01608 0.00691
0.01184 0.01072 0.01212
0.01011 0.01563 0.01389
0.00873 0.01116 0.00560
0.00940 0.01352 0.00094
0.00819 0.01074 0.00068
0.00759 0.00829 0.01133
0.00913 0.01110 0.00103
0.00804 0.00979 0.00875
0.00881 0.01062 0.01834
0.00792 0.00889 0.00101
0.00929 0.01016 0.00050
0.00683 0.00724 0.00555
0.00786 0.00841 0.01429
0.00693 0.00786 0.00593
0.00988 0.01071 0.00081
0.00816 0.01006 0.00976
0.00873 0.01055 0.00068
0.00947 0.01234 0.01331
0.00835 0.00906 0.00514
0.00845 0.01172 0.00418
0.00790 0.00858 0.01693
0.01009 0.01709 0.01808
0.00879 0.00991 0.00583
0.01939 0.01378 0.00607
0.00745 0.00751 0.00077
0.00859 0.00988 0.00060
0.00993 0.01266 0.00845
0.00951 0.00988 0.01838
0.00858 0.00904 0.00059
0.00906 0.00732 0.02138
0.00834 0.00915 0.00057
0.00895 0.00997 0.00968
0.00773 0.00858 0.01836
0.00916 0.01133 0.00655
0.00807 0.00889 0.01837
0.00910 0.00967 0.02961
0.00759 0.00786 0.00061
0.01097 0.01205 0.00079
0.00856 0.01169 0.00219
0.00671 0.00712 0.00743
0.01414 0.01545 0.00113
0.00799 0.00843 0.00983
0.00853 0.01083 0.01848
0.00733 0.00748 0.01834
0.00834 0.00966 0.00084
0.00799 0.00923 0.00127
0.00802 0.00835 0.00266
0.01029 0.01128 0.00125
0.00560 0.00604 0.00090
0.00815 0.01032 0.00298
0.00871 0.00848 0.00928
0.00822 0.00975 0.01842
0.00760 0.00785 0.00408
0.00812 0.00984 0.00069
0.01170 0.01335 0.00857
0.00967 0.00994 0.00534
0.01202 0.01243 0.00088
0.00853 0.00891 0.00081
0.01647 0.01416 0.00101
0.00819 0.00917 0.01360
0.00957 0.01280 0.01859
0.01193 0.01773 0.00085
0.00988 0.01118 0.02502
0.00956 0.01165 0.01619
0.00859 0.00982 0.00067
0.00788 0.00751 0.00624
0.00908 0.00987 0.00762
0.00893 0.01177 0.00531
0.00858 0.00931 0.00110
0.00755 0.00868 0.00163
0.00833 0.00916 0.01764
0.00862 0.01060 0.00155
0.00958 0.01055 0.00894
0.01122 0.01222 0.01445
0.00965 0.01429 0.00088
0.00742 0.00850 0.01852
0.00644 0.00623 0.00059
0.00921 0.01144 0.01868
0.00858 0.00979 0.02328
0.01078 0.01293 0.02147
0.00939 0.00903 0.00074
0.02482 0.01570 0.01878
0.00834 0.00910 0.00098
0.00999 0.01030 0.00045
0.01001 0.01135 0.00065
0.01023 0.01358 0.01058
0.01298 0.01105 0.00078
0.00778 0.00789 0.00080
0.00856 0.00937 0.00585
0.00667 0.00760 0.00898
0.00815 0.01026 0.01845
0.00816 0.01024 0.00603
0.00988 0.01149 0.01841
0.00851 0.00955 0.00510
0.00808 0.00960 0.00088
0.00963 0.01119 0.01872
0.00834 0.01067 0.00081
0.00795 0.00927 0.00088
0.00835 0.01009 0.00720
0.01057 0.01030 0.00114
0.00801 0.00978 0.00724
0.00816 0.00941 0.00092
0.00817 0.00921 0.00193
0.00773 0.00863 0.00709
0.00841 0.00787 0.01283
0.00801 0.00803 0.00670
0.00816 0.00968 0.00130
0.00831 0.00985 0.01839
0.00790 0.00854 0.02561
0.00863 0.01274 0.01245
0.00952 0.01244 0.01019
0.00876 0.00999 0.01840
0.00799 0.00988 0.00647
0.00876 0.01146 0.00061
0.01032 0.01082 0.01713
0.00761 0.00700 0.01504
0.00834 0.01019 0.01919
0.00955 0.01361 0.00212
0.00822 0.00893 0.00076
0.00919 0.00978 0.00050
0.02065 0.02348 0.01315
0.00893 0.01006 0.00651
0.01238 0.01003 0.00091
0.00740 0.00683 0.00097
0.01291 0.01538 0.01087
0.00798 0.00991 0.00086
0.00875 0.01135 0.00103
0.01169 0.01074 0.00096
0.00886 0.01046 0.01853
0.00855 0.01305 0.01142
0.00798 0.00772 0.00391
0.00990 0.01081 0.01770
0.00886 0.01023 0.00301
0.01003 0.00941 0.01643
0.00914 0.00963 0.00146
0.01675 0.01161 0.00615
0.00782 0.00822 0.01080
0.01242 0.01227 0.01850
0.00880 0.01127 0.00088
0.00877 0.01187 0.00059
0.01352 0.01067 0.01878
0.00814 0.00814 0.00441
0.01467 0.01183 0.00080
0.00926 0.01016 0.01833
0.00986 0.01383 0.00572
0.00816 0.00821 0.00074
0.00883 0.01144 0.00922
0.00795 0.00931 0.00075
0.00835 0.01050 0.00856
0.01442 0.01176 0.00079
0.01676 0.01542 0.00065
0.00724 0.00816 0.00068
0.00826 0.00928 0.00144
0.00845 0.01006 0.00073
0.00820 0.01050 0.01391
0.00953 0.01164 0.00553
0.00790 0.00869 0.00593
0.01480 0.01165 0.00105
0.01289 0.01166 0.00873
0.00629 0.00611 0.01838
0.00845 0.01317 0.02283
0.00804 0.00954 0.00351
0.00582 0.00562 0.01835
0.00882 0.01205 0.00078
0.00789 0.00790 0.00100
0.00909 0.01167 0.01411
0.00737 0.00753 0.00095
0.00770 0.00986 0.01570
0.00805 0.00941 0.00223
0.00933 0.01176 0.01399
0.00883 0.01094 0.00069
0.01108 0.01036 0.01000
0.01024 0.01009 0.00644
0.00918 0.00916 0.00907
0.01089 0.00977 0.00081
0.00835 0.00871 0.02156
0.00820 0.00837 0.01848
0.00803 0.01041 0.00509
0.00818 0.00931 0.01688
0.00826 0.00860 0.00111
0.00905 0.01275 0.00925
0.00957 0.01032 0.01033
0.01247 0.01054 0.00055
0.00906 0.00893 0.01450
0.00854 0.00893 0.01424
0.00827 0.00984 0.00068
0.00877 0.01154 0.00078
0.00785 0.00961 0.00259
