6603 6850 11.74586 0.00594 4.28239 3.01558 7 2 0 2 2 97 100.00000 0
3559 6480 11.23116 0.01288 18.84950 179.84677 17 0 0 17 9 181 100.00000 0
2429 5323 11.68318 0.82280 2.42170 2.68307 36 28 5 29 20 135 100.00000 0
2472 2581 11.22698 0.77641 2.17300 2.79162 48 38 1 46 30 189 100.00000 0
2171 2470 11.86999 0.30255 2.91456 2.99317 18 11 4 12 11 70 100.00000 0
3535 6455 10.86530 0.03133 37.33786 1.79231 4 0 0 1 1 34 100.00000 0
2476 5321 10.45620 0.77092 3.31592 3.94417 43 34 4 33 21 186 100.00000 0
2411 5323 11.68318 0.82280 2.37867 2.70660 52 36 6 33 26 173 100.00000 0
3651 6604 10.22634 0.00689 4.78394 17.84317 5 0 0 3 4 66 100.00000 0
2317 5270 10.63578 0.26030 15.11811 14.91413 12 4 0 7 7 85 100.00000 0
2495 5320 10.24209 0.74014 2.48164 3.18678 42 36 4 34 23 167 100.00000 0
2320 5321 10.76751 0.80012 2.45450 2.71108 39 33 2 35 17 167 100.00000 0
2488 5323 11.68318 0.82280 2.49761 2.74053 46 38 6 35 24 179 100.00000 0
1915 5045 11.31781 0.00580 10.31633 0.28531 10 0 0 7 5 48 100.00000 0
2171 2500 11.86999 0.30255 3.13845 2.04181 4 0 0 1 1 38 100.00000 0
