2608 2879 10.34603 0.00507 7.18089 1.33060 34 0 0 26 23 150 100.00000 0
2621 3421 10.49943 0.00616 6.41803 1.70318 13 0 0 6 7 115 100.00000 0
2622 3287 10.50040 0.00555 8.02132 1.61277 13 0 0 1 4 86 100.00000 0
2903 7301 11.21096 0.01277 6.59019 0.52414 6 0 0 3 3 55 100.00000 0
2593 2678 11.01334 0.00400 11.99985 4.38758 10 0 0 3 3 95 100.00000 0
2616 3023 11.40075 0.00559 11.74371 14.23615 13 0 0 4 6 100 100.00000 0
2611 2943 11.75371 0.00569 6.10344 0.57811 32 0 0 23 19 114 100.00000 0
3452 7324 10.46743 0.00854 12.05836 6.46229 5 0 0 1 3 43 100.00000 0
2622 3111 10.50040 0.00555 25.72649 0.31898 14 2 0 3 4 102 100.00000 0
2963 7302 10.35164 0.01278 6.87767 0.72847 7 0 0 4 3 64 100.00000 0
2624 3429 10.14860 0.00533 10.30572 6.90137 11 0 0 4 4 103 100.00000 0
3339 3534 11.89772 0.00899 18.13088 0.62432 8 0 0 8 5 53 100.00000 0
3133 3530 10.10154 0.00994 13.37448 0.65968 3 0 0 3 2 41 100.00000 0
2790 3512 10.84755 0.00766 14.05551 0.44235 11 0 0 9 4 72 100.00000 0
2609 2902 11.90940 0.00507 6.84532 0.48376 13 0 0 13 11 109 100.00000 0
2592 2797 11.55707 0.00483 15.89826 0.64650 11 0 0 9 4 116 100.00000 0
2789 3515 11.35806 0.00770 7.51836 3.62093 10 0 0 6 7 93 100.00000 0
3007 7303 10.00207 0.01284 4.11737 0.73701 7 2 0 4 4 64 100.00000 0
2622 3435 10.50040 0.00555 7.11369 1.14535 20 0 0 16 10 131 100.00000 0
1124 5901 11.51007 0.01466 10.71272 0.74336 6 0 0 6 4 52 100.00000 0
3268 3530 10.10154 0.00994 17.59013 0.56371 6 0 0 6 4 43 100.00000 0
3328 3533 11.35089 0.00962 6.49996 0.97879 7 0 0 4 4 72 100.00000 0
2594 2728 10.85770 0.00365 8.75212 7.23769 14 0 0 6 6 138 100.00000 0
2617 3356 11.39920 0.00640 6.85021 0.77632 15 0 0 13 7 116 100.00000 0
3363 3531 10.64505 0.01036 10.29816 1.06899 9 0 0 9 6 71 100.00000 0
2773 7297 10.00458 0.00907 14.14359 0.52786 7 0 0 0 2 73 100.00000 0
2619 3027 11.04744 0.00711 3.51349 2.10413 12 0 0 12 5 117 100.00000 0
976 5735 11.25070 0.00908 10.40395 3.57435 7 0 0 5 5 50 100.00000 0
2713 7296 11.05562 0.00871 14.69646 0.50358 11 0 0 3 3 93 100.00000 0
2623 3132 10.14935 0.00507 24.83624 0.28667 15 3 0 9 5 111 100.00000 0
2661 3510 10.29797 0.00829 12.23347 1.69581 20 0 0 10 10 95 100.00000 0
2645 3509 11.35484 0.00789 12.66426 4.69043 13 0 0 9 4 83 100.00000 0
2625 3058 10.14779 0.00580 2.98485 4.14803 15 3 0 4 8 99 100.00000 0
2614 3436 11.94936 0.00614 7.91438 2.65697 13 0 0 6 8 146 100.00000 0
5685 9843 11.94565 0.55264 30.57517 31.66422 5 0 0 1 0 51 100.00000 0
2616 3340 11.40075 0.00559 7.78476 1.09789 15 0 0 13 10 105 100.00000 0
2653 3516 11.90222 0.00796 15.24143 11.19009 15 0 0 8 12 79 100.00000 0
2596 2788 10.30982 0.00316 9.65423 2.92262 17 0 0 6 9 136 100.00000 0
2614 3299 11.94936 0.00614 11.28213 13.30552 15 0 0 5 6 144 100.00000 0
2615 3235 11.75153 0.00590 14.18814 0.70276 12 0 0 10 8 61 100.00000 0
2724 3511 10.65191 0.00813 11.58143 11.38654 7 0 0 3 2 58 100.00000 0
2944 3530 10.99819 0.01010 28.26434 39.92150 4 0 0 2 1 36 100.00000 0
2594 2837 10.85512 0.00362 22.32169 127.08041 11 0 0 2 2 77 100.00000 0
2614 3337 11.94936 0.00614 11.42546 1.39156 13 0 0 11 7 118 100.00000 0
3136 7324 10.46316 0.00917 14.00209 1.23353 11 0 0 6 7 73 100.00000 0
7395 7789 11.91205 0.01091 5.43326 8.79658 12 1 0 4 4 148 100.00000 0
2624 3473 10.84936 0.00578 8.41190 0.59807 10 0 0 8 8 86 100.00000 0
2743 7318 11.52442 0.01092 14.87851 4.07833 8 0 0 2 3 54 100.00000 0
2624 3368 10.14860 0.00533 7.25362 0.57471 12 0 0 6 7 115 100.00000 0
3242 7302 11.25182 0.01280 2.96421 0.72900 7 0 0 3 4 77 100.00000 0
2601 2870 11.36221 0.00478 10.72708 3.22744 18 0 0 14 10 100 100.00000 0
2659 3509 10.10594 0.00837 12.25094 9.21452 29 0 0 15 16 113 100.00000 0
2703 3516 11.55116 0.00778 13.88269 0.46646 11 0 0 6 7 87 100.00000 0
2623 3333 10.14935 0.00507 8.18675 0.47478 17 0 0 8 10 102 100.00000 0
2618 3012 11.04822 0.00697 3.97288 0.40926 23 0 0 16 14 110 100.00000 0
2625 3160 10.14779 0.00580 26.75377 0.32746 13 0 1 3 4 113 100.00000 0
2900 7302 10.00040 0.01261 8.80637 169.59675 5 0 0 1 1 48 100.00000 0
2624 3036 10.14860 0.00533 27.55588 0.31404 24 4 1 8 8 146 100.00000 0
2903 7323 10.49989 0.00929 18.25570 0.53302 14 0 0 2 5 92 100.00000 0
2621 3239 10.49943 0.00616 7.05778 16.38686 24 4 0 8 12 143 100.00000 0
3178 3532 10.83988 0.01021 16.30440 1.23162 8 0 0 1 2 67 100.00000 0
3216 3533 11.35089 0.00962 8.71152 1.40806 8 0 0 6 6 56 100.00000 0
2994 3533 11.35089 0.00962 9.21692 0.54823 4 0 0 4 4 26 100.00000 0
2638 3499 10.65463 0.00639 14.10033 0.51434 10 0 0 8 5 86 100.00000 0
2623 3340 10.14935 0.00507 8.03178 0.40445 10 0 0 3 5 107 100.00000 0
2766 3513 11.19836 0.00769 11.93141 13.19494 8 0 0 8 7 86 100.00000 0
2591 2685 11.75304 0.00478 16.34063 0.51129 12 0 0 12 7 86 100.00000 0
2560 7291 10.46993 0.00755 10.26014 3.81701 11 0 0 3 4 83 100.00000 0
3221 3534 11.89772 0.00899 18.48012 1.47220 5 0 0 2 3 37 100.00000 0
2614 3319 11.94936 0.00614 6.10408 0.33688 9 0 0 9 8 100 100.00000 0
2608 2892 11.40058 0.00535 7.14211 1.24490 33 0 0 23 18 120 100.00000 0
2624 3305 10.14860 0.00533 9.34906 3.68791 22 0 0 13 10 119 100.00000 0
2919 3531 11.54145 0.01103 9.76291 178.68136 4 0 0 2 2 44 100.00000 0
3243 3533 11.35089 0.00962 11.83302 1.05869 6 0 0 6 4 56 100.00000 0
2614 2984 11.59824 0.00576 28.92910 0.32746 15 0 1 2 4 92 100.00000 0
2619 3348 11.04744 0.00711 30.05239 0.41022 14 2 0 8 9 104 100.00000 0
2616 3085 11.40075 0.00559 5.36453 179.56210 12 0 0 12 8 85 100.00000 0
2810 3509 10.10734 0.00786 7.71346 1.88409 10 0 0 0 3 80 100.00000 0
2623 3404 10.14935 0.00507 4.59189 0.28667 5 0 0 2 3 40 100.00000 0
3222 3530 10.10154 0.00994 32.97398 0.56371 4 0 0 4 3 26 100.00000 0
3247 3532 10.83988 0.01021 10.87095 0.57471 11 0 0 9 9 71 100.00000 0
1031 5795 10.01165 0.00736 7.17401 5.42224 11 0 0 8 7 54 100.00000 0
2765 7317 10.46484 0.01036 6.27086 173.11490 10 0 0 6 3 72 100.00000 0
3527 7310 11.90997 0.01191 7.72299 0.68185 7 0 0 5 3 56 100.00000 0
2616 2995 11.40075 0.00559 7.14422 0.91086 14 0 0 9 5 125 100.00000 0
2592 2763 11.55707 0.00483 14.14459 0.26095 16 0 0 16 14 120 100.00000 0
2658 3514 11.35596 0.00808 14.44496 0.75173 17 0 0 17 13 109 100.00000 0
2628 3500 11.90141 0.00716 13.15120 3.88212 10 0 0 6 6 74 100.00000 0
2856 3517 11.01213 0.00682 17.56881 0.38765 10 0 1 8 2 64 100.00000 0
2852 3514 10.11400 0.00600 6.23770 1.55343 17 0 0 12 11 101 100.00000 0
3200 3534 11.89772 0.00899 55.15760 77.75548 4 0 0 1 2 20 100.00000 0
3110 7325 11.33439 0.00879 12.40903 0.98118 7 0 0 4 4 36 100.00000 0
3469 3531 10.49128 0.00969 35.73355 1.93836 5 0 0 2 4 53 100.00000 0
1088 5881 10.68634 0.03785 9.95537 179.85463 20 0 0 18 9 302 100.00000 0
2614 3233 11.94936 0.00614 5.48584 2.28070 13 0 0 10 8 88 100.00000 0
3100 7303 10.00207 0.01284 7.25007 0.73701 4 0 1 1 2 30 100.00000 0
2811 7317 10.46484 0.01036 7.03629 9.94111 5 0 0 1 3 87 100.00000 0
2870 3520 10.14857 0.00631 18.62231 0.35388 8 0 0 4 2 85 100.00000 0
2886 7300 10.85581 0.01145 7.79528 0.65252 6 0 0 6 6 35 100.00000 0
3109 3531 10.64505 0.01036 48.73621 158.83662 4 0 0 4 3 56 100.00000 0
2832 3512 10.84966 0.00673 15.36971 0.91514 11 0 0 11 8 82 100.00000 0
3439 3533 11.35089 0.00962 7.32919 0.54823 5 1 1 5 3 43 100.00000 0
3209 7302 11.25182 0.01280 6.24598 0.72900 4 0 0 4 2 33 100.00000 0
2623 3197 10.14935 0.00507 7.87845 1.12535 12 0 0 2 3 63 100.00000 0
1130 5934 10.50945 0.01253 27.16775 149.25753 7 0 0 2 3 43 100.00000 0
1236 6006 11.07533 0.27850 2.05308 3.82991 4 0 0 1 2 68 100.00000 0
3421 7302 11.25182 0.01280 9.89887 0.72900 7 0 0 5 3 59 100.00000 0
3394 3532 10.83988 0.01021 33.57060 0.58215 3 0 0 3 2 32 100.00000 0
2622 3118 10.50040 0.00555 7.92958 1.59446 15 0 0 9 10 125 100.00000 0
3111 3534 11.89772 0.00899 18.80004 7.28610 6 0 0 1 2 56 100.00000 0
2591 2673 11.75304 0.00478 13.89901 1.02221 16 0 0 4 8 104 100.00000 0
3202 3531 10.64505 0.01036 13.83406 0.59149 5 0 0 2 3 42 100.00000 0
2615 2970 10.85053 0.00602 8.53927 0.35608 12 0 0 12 5 91 100.00000 0
2581 7302 11.00750 0.00849 22.71079 0.48537 9 1 0 2 0 69 100.00000 0
2621 3172 10.49943 0.00616 27.21032 0.35608 15 1 0 2 5 109 100.00000 0
2879 3527 11.70980 0.00873 32.13501 0.49889 11 0 0 5 5 76 100.00000 0
3631 7437 11.62314 0.53278 2.07705 1.70915 16 4 3 14 4 182 100.00000 0
2621 3016 10.49943 0.00616 6.72898 31.69281 7 0 0 4 3 67 100.00000 0
2808 3508 10.10801 0.00721 20.01230 0.42613 14 2 6 14 4 97 100.00000 0
2616 2925 10.50298 0.00519 13.95524 3.75233 10 0 0 7 4 64 100.00000 0
2871 7320 10.31260 0.00952 11.35637 1.49907 6 0 0 2 3 48 100.00000 0
2974 3530 10.64907 0.00932 18.48011 3.04311 7 0 0 7 4 54 100.00000 0
2621 3056 10.49943 0.00616 2.81237 0.47806 18 3 0 11 12 105 100.00000 0
2619 3341 11.04744 0.00711 9.45320 4.29938 19 0 0 13 13 115 100.00000 0
2611 2929 11.75371 0.00569 8.00988 2.01130 19 0 0 14 10 85 100.00000 0
3127 7302 11.25182 0.01280 17.90219 159.92896 5 0 0 0 2 60 100.00000 0
2854 3514 10.11459 0.00600 12.31999 37.01751 4 0 0 2 3 40 100.00000 0
2624 3230 10.14860 0.00533 7.30591 0.45111 23 0 0 17 12 136 100.00000 0
2624 3270 10.14860 0.00533 7.40192 0.88337 13 0 0 9 7 108 100.00000 0
2620 3188 10.69699 0.00657 28.48316 0.38257 16 3 0 9 8 101 100.00000 0
5118 5582 11.74907 0.00718 11.71109 17.42940 7 0 0 1 1 85 100.00000 0
3156 7302 11.25182 0.01280 11.22478 0.72900 6 0 0 6 4 58 100.00000 0
2625 3098 10.14779 0.00580 27.41325 0.32746 17 2 0 2 4 101 100.00000 0
2591 2643 10.50398 0.00498 13.31502 1.25305 14 0 0 7 7 126 100.00000 0
3359 7303 10.00207 0.01284 9.59556 0.91813 11 0 0 7 7 85 100.00000 0
3362 7324 10.46316 0.00917 6.65331 0.52414 10 2 0 7 7 66 100.00000 0
2623 3425 10.14935 0.00507 2.43584 6.75006 8 3 1 2 4 87 100.00000 0
990 5774 11.76288 0.00664 11.94352 1.17902 15 0 0 15 14 46 100.00000 0
2620 3391 10.69699 0.00657 9.09066 5.16596 21 0 0 13 12 122 100.00000 0
2620 3425 10.69699 0.00657 8.45849 0.49575 19 0 0 17 11 131 100.00000 0
3255 3530 10.10154 0.00994 11.63654 15.57324 11 0 0 4 4 75 100.00000 0
2860 7319 10.31426 0.01040 17.45884 29.34621 6 0 0 3 3 41 100.00000 0
3292 3533 11.35089 0.00962 8.63933 1.26548 6 0 0 1 3 57 100.00000 0
2925 3529 10.48889 0.01004 11.63870 178.58986 4 0 0 2 1 41 100.00000 0
2776 7317 10.46484 0.01036 4.26492 2.44617 12 0 0 12 7 106 100.00000 0
2765 3514 11.35736 0.00763 8.16964 1.36114 11 0 0 11 7 75 100.00000 0
2641 3500 10.46155 0.00608 12.06664 0.34943 5 0 0 5 3 23 100.00000 0
2624 3024 10.14860 0.00533 9.73352 9.26586 19 0 0 10 8 112 100.00000 0
2622 3105 10.50040 0.00555 6.72040 0.63551 15 0 0 15 7 122 100.00000 0
869 5270 10.50818 0.01323 17.90669 67.01497 6 0 0 3 2 75 100.00000 0
2835 7318 11.52700 0.01066 13.12608 0.91343 6 0 0 1 3 52 100.00000 0
3140 3533 11.35089 0.00962 6.73446 0.54823 6 0 0 2 3 62 100.00000 0
2753 3510 10.29935 0.00826 4.18484 0.92873 10 0 0 4 4 92 100.00000 0
2870 3521 10.50049 0.00644 18.23008 24.22309 10 0 0 8 4 62 100.00000 0
2612 2905 11.40448 0.00640 5.81326 1.93310 19 0 0 6 9 109 100.00000 0
2619 2973 10.49690 0.00752 10.48010 2.41022 12 0 0 4 4 108 100.00000 0
2659 3516 11.54981 0.00820 9.56565 1.97833 12 0 0 10 6 77 100.00000 0
3331 3531 10.64505 0.01036 14.86391 179.49178 4 0 0 4 3 33 100.00000 0
3171 7325 11.33439 0.00879 12.94707 1.48332 13 0 0 6 7 52 100.00000 0
2406 7152 10.21644 0.00297 8.21974 0.90525 10 0 0 6 7 86 100.00000 0
2593 2722 11.01334 0.00400 12.59096 0.22381 20 0 0 17 6 111 100.00000 0
2617 3242 11.39920 0.00640 26.96399 6.18422 7 0 0 7 6 68 100.00000 0
2735 3514 11.35736 0.00763 6.27033 7.19571 13 0 0 4 6 113 100.00000 0
2622 3064 10.50040 0.00555 7.36012 0.33338 13 0 0 8 7 94 100.00000 0
2378 7125 11.65631 0.00805 11.16483 1.38875 10 0 0 7 6 84 100.00000 0
3027 7325 11.33439 0.00879 15.94218 0.63180 8 0 0 2 6 59 100.00000 0
2621 3455 10.49651 0.00678 14.63394 1.51362 8 0 0 8 5 63 100.00000 0
2978 7325 11.87847 0.00871 9.89487 0.50202 4 0 0 4 2 24 100.00000 0
2693 7317 10.46484 0.01036 17.33547 179.53396 10 0 0 8 4 106 100.00000 0
993 5777 11.75173 0.00655 11.97782 1.75703 14 0 0 9 9 45 100.00000 0
2613 2914 11.40238 0.00661 5.60191 0.64468 17 0 0 7 9 103 100.00000 0
2927 7323 10.30498 0.00920 28.58393 0.52934 7 0 0 0 2 57 100.00000 0
2617 3205 11.39920 0.00640 10.13702 2.72218 16 0 0 4 7 94 100.00000 0
2620 3440 10.69699 0.00657 7.97558 1.20982 11 0 0 6 6 105 100.00000 0
3307 3533 11.35089 0.00962 9.95599 0.54823 6 0 0 3 2 44 100.00000 0
3388 3530 10.10154 0.00994 11.11258 172.49862 5 0 0 5 3 37 100.00000 0
2624 3401 10.14860 0.00533 7.66466 2.41978 7 0 0 7 5 62 100.00000 0
2615 2918 10.85402 0.00557 27.62296 0.33220 13 3 0 2 6 102 100.00000 0
3445 3533 11.35089 0.00962 34.30134 119.85197 2 0 0 2 1 11 100.00000 0
2802 7297 10.00458 0.00907 11.45633 0.52712 12 0 0 10 5 130 100.00000 0
2623 3477 10.85079 0.00537 7.44939 1.17103 11 0 0 7 7 114 100.00000 0
2614 2893 10.14868 0.00598 5.72213 2.67693 27 0 0 25 23 86 100.00000 0
2624 3152 10.14860 0.00533 6.76949 0.79721 23 0 0 18 13 145 100.00000 0
3452 7325 11.33867 0.00826 11.61100 3.20626 3 0 0 3 3 29 100.00000 0
3004 7325 11.33439 0.00879 9.88591 0.50668 6 0 0 3 4 40 100.00000 0
3359 3531 10.64505 0.01036 14.82658 19.97448 7 0 0 1 2 53 100.00000 0
2622 3283 10.50040 0.00555 10.66578 0.35388 12 0 0 12 8 79 100.00000 0
2617 3421 11.39920 0.00640 2.37295 0.39267 11 0 0 8 7 94 100.00000 0
2594 2839 10.85518 0.00372 26.25603 0.19782 12 0 0 5 3 100 100.00000 0
2618 3164 11.04822 0.00697 7.35342 0.39762 13 0 0 11 7 83 100.00000 0
2617 3393 11.39920 0.00640 15.86352 178.73700 6 0 0 3 4 86 100.00000 0
2619 3112 11.04744 0.00711 13.96121 1.30206 11 0 0 11 7 92 100.00000 0
3063 7325 11.33439 0.00879 8.50288 168.12946 3 0 0 3 3 21 100.00000 0
2596 2855 11.55354 0.00448 12.38434 0.82756 29 0 0 20 14 131 100.00000 0
3343 3533 11.35089 0.00962 46.96379 0.54823 3 0 0 0 1 38 100.00000 0
2625 3391 10.14779 0.00580 12.70135 0.74703 21 0 0 21 16 97 100.00000 0
3321 7324 10.46316 0.00917 14.87686 0.38765 4 0 0 4 3 48 100.00000 0
2821 3512 10.84755 0.00766 10.18042 0.48376 10 0 0 6 4 59 100.00000 0
2597 2856 11.00747 0.00458 11.61545 0.87804 23 0 0 12 12 100 100.00000 0
2625 3236 10.14779 0.00580 11.72308 2.85595 30 0 0 28 21 101 100.00000 0
2618 3107 11.04822 0.00697 4.00368 0.42978 21 0 0 11 13 132 100.00000 0
3325 7302 11.25182 0.01280 13.75687 2.13900 10 0 0 10 7 92 100.00000 0
3004 7302 11.25182 0.01280 13.69558 0.61230 9 0 0 9 6 77 100.00000 0
2445 7192 10.18759 0.01708 33.90481 0.97719 11 0 0 0 3 97 100.00000 0
2617 3221 11.39920 0.00640 7.04927 1.34523 15 0 0 7 5 103 100.00000 0
7395 7823 11.91205 0.01091 3.56061 2.33448 15 1 0 7 7 203 100.00000 0
1003 5785 10.25155 0.00411 24.50493 0.22029 12 0 0 0 4 60 100.00000 0
2619 3052 11.04744 0.00711 7.36064 0.39762 12 0 0 6 8 86 100.00000 0
2600 2861 11.00807 0.00510 12.27105 7.35407 16 0 0 16 14 109 100.00000 0
2616 3275 11.40075 0.00559 8.33179 0.32626 11 0 0 8 4 67 100.00000 0
2590 2644 10.85631 0.00403 13.81611 4.98161 9 0 0 3 6 75 100.00000 0
2869 7320 10.50788 0.00967 11.22112 0.44411 7 0 0 4 4 53 100.00000 0
2616 3011 11.40075 0.00559 8.16652 0.54894 9 0 0 6 5 76 100.00000 0
2594 2753 10.85770 0.00365 11.62987 3.96141 10 0 0 1 3 100 100.00000 0
2619 3200 11.04744 0.00711 7.99592 0.94045 21 0 0 12 12 109 100.00000 0
2618 3165 11.04822 0.00697 11.32148 0.40056 17 0 0 8 8 100 100.00000 0
2615 3191 11.75153 0.00590 6.97244 0.35498 30 0 0 30 23 122 100.00000 0
3425 7324 10.46316 0.00917 6.15833 1.14295 6 0 0 3 4 76 100.00000 0
2620 3250 10.69699 0.00657 8.16149 2.98058 14 0 0 12 7 102 100.00000 0
2702 7317 10.46484 0.01036 5.77215 0.78385 14 0 0 12 6 116 100.00000 0
3176 3530 10.10154 0.00994 8.69509 179.46478 7 0 0 4 2 65 100.00000 0
2622 3098 10.50040 0.00555 25.96150 0.31898 10 4 1 3 4 89 100.00000 0
2621 3245 10.49943 0.00616 8.88073 6.25783 8 0 0 3 2 51 100.00000 0
2594 2820 10.85770 0.00365 10.73811 2.92824 13 0 0 11 11 88 100.00000 0
2598 2845 10.14928 0.00352 11.84507 0.87670 30 0 0 9 13 117 100.00000 0
2741 3508 10.10801 0.00721 14.86469 0.42613 11 0 0 9 5 100 100.00000 0
2617 3077 11.39920 0.00640 11.01806 12.26077 15 0 0 15 13 114 100.00000 0
2488 7235 11.10808 0.06018 15.70490 2.01538 4 0 0 4 2 48 100.00000 0
3147 7303 10.00207 0.01284 6.13211 0.73701 7 0 0 4 4 77 100.00000 0
2624 3146 10.14860 0.00533 27.47346 0.31404 20 6 0 1 9 137 100.00000 0
3201 3532 10.83988 0.01021 16.79191 3.26758 7 0 0 3 4 59 100.00000 0
2631 3483 10.46984 0.00473 25.17856 0.26541 9 1 4 3 4 55 100.00000 0
942 5728 10.28147 0.13587 14.06734 55.67327 10 0 0 2 5 109 100.00000 0
2891 7300 11.40538 0.01197 11.48792 0.68185 7 0 0 5 3 50 100.00000 0
2844 3514 11.00809 0.00635 14.35202 0.36262 13 0 0 7 1 99 100.00000 0
2564 7293 10.27584 0.00468 10.70375 6.57766 16 0 0 11 8 84 100.00000 0
3415 7324 10.46316 0.00917 7.77002 2.99552 4 0 0 4 4 38 100.00000 0
3381 7302 11.25182 0.01280 21.20707 0.72900 5 0 0 5 4 61 100.00000 0
1104 5901 10.29736 0.05081 4.14290 1.06054 7 0 0 5 3 50 100.00000 0
3311 3531 10.64505 0.01036 9.85940 0.59149 5 0 0 5 3 38 100.00000 0
1175 5951 11.55029 0.02720 8.39633 13.81227 8 0 0 3 3 62 100.00000 0
2616 3274 11.40075 0.00559 7.98586 0.36369 11 0 0 11 6 77 100.00000 0
