0.01796 0.03076 0.00172
0.03927 0.03649 0.00808
0.01824 0.01898 0.02016
0.01336 0.01724 0.00100
0.01144 0.01418 0.00056
0.00943 0.00997 0.00113
0.00976 0.01577 0.00604
0.01708 0.02404 0.01926
0.01149 0.01523 0.00847
0.01442 0.02351 0.00133
0.01826 0.01701 0.00223
0.02342 0.03722 0.01885
0.01032 0.01503 0.00179
0.01571 0.01895 0.02107
0.01436 0.01718 0.02098
0.01383 0.02470 0.00190
0.02170 0.02300 0.00536
0.01139 0.02249 0.01022
0.02159 0.03077 0.01972
0.01258 0.02642 0.00106
0.01677 0.02897 0.00121
0.01402 0.02338 0.01961
0.01469 0.01283 0.00157
0.01718 0.02011 0.01867
0.01113 0.01547 0.01916
0.01394 0.02095 0.01876
0.01701 0.01782 0.00574
0.01198 0.02101 0.00916
0.01150 0.02074 0.01150
0.01196 0.02125 0.01991
0.01267 0.01897 0.01852
0.01183 0.01439 0.00802
0.01276 0.01430 0.01857
0.01228 0.01984 0.01845
0.01285 0.02669 0.01837
0.01150 0.01650 0.01069
0.01754 0.03953 0.00397
0.01444 0.01944 0.00961
0.02268 0.02911 0.01840
0.01471 0.03172 0.00134
0.01567 0.02526 0.00685
0.01557 0.01627 0.01927
0.01779 0.02463 0.02186
0.01253 0.02034 0.01953
0.01254 0.01529 0.00656
0.01576 0.02260 0.00260
0.01225 0.01780 0.00771
0.01334 0.01640 0.01081
0.01201 0.01867 0.01847
0.01188 0.01720 0.00545
0.01722 0.02853 0.00155
0.02507 0.02137 0.00573
0.01786 0.01740 0.01903
0.01342 0.01733 0.00157
0.01096 0.01565 0.01870
0.01114 0.01047 0.00834
0.01475 0.02130 0.00793
0.01161 0.01960 0.01865
0.01440 0.02141 0.02042
0.01243 0.01637 0.00628
0.03058 0.03589 0.01026
0.01444 0.02408 0.00095
0.01715 0.02931 0.00975
0.02802 0.03423 0.01171
0.02247 0.01572 0.01910
0.01965 0.03327 0.02394
0.01131 0.01765 0.01856
0.01261 0.01859 0.00959
0.01852 0.01705 0.00648
0.01392 0.01804 0.01404
0.01094 0.02034 0.01436
0.01094 0.01439 0.00866
0.01031 0.01732 0.01934
0.01058 0.01819 0.00056
0.01154 0.01726 0.01850
0.01068 0.02024 0.00077
0.01085 0.01843 0.00069
0.01842 0.01819 0.01088
0.01400 0.02371 0.01409
0.01271 0.02443 0.00127
0.01483 0.01610 0.02451
0.01424 0.02285 0.01929
0.01155 0.01507 0.00117
0.01593 0.02664 0.01001
0.01995 0.03124 0.00656
0.01679 0.02825 0.00104
0.01474 0.02084 0.01905
0.02037 0.02751 0.01411
0.01562 0.03356 0.00202
0.01273 0.02026 0.01421
0.01501 0.02500 0.01691
0.01467 0.01962 0.00155
0.01949 0.01965 0.01655
0.01235 0.01910 0.02527
0.01441 0.01988 0.01838
0.01901 0.02959 0.00238
0.01945 0.02229 0.01041
0.01456 0.02609 0.02286
0.01371 0.01987 0.01645
0.01090 0.01980 0.01859
0.01176 0.01872 0.00387
0.01196 0.01827 0.00646
0.01347 0.01376 0.00632
0.01421 0.01658 0.01468
0.01246 0.01854 0.00320
0.01231 0.01642 0.01872
0.01176 0.02075 0.01904
0.01524 0.01861 0.01483
0.01454 0.02129 0.00089
0.01673 0.03191 0.01878
0.01208 0.01643 0.01050
0.01321 0.01480 0.01849
0.01009 0.02017 0.00605
0.02652 0.03306 0.00688
0.01452 0.01741 0.01998
0.01322 0.02051 0.01952
0.01458 0.02339 0.00768
0.02537 0.03160 0.01502
0.01210 0.01373 0.01306
0.01696 0.01781 0.01841
0.01730 0.02572 0.01886
0.01623 0.02153 0.01940
0.00969 0.01043 0.00078
0.01223 0.01880 0.01848
0.01130 0.01760 0.00385
0.01211 0.01626 0.01850
0.01167 0.01800 0.01859
0.01929 0.03075 0.01916
0.01747 0.01912 0.00406
0.00719 0.00947 0.01409
0.01419 0.02822 0.00720
0.01200 0.00968 0.01524
0.01858 0.02892 0.00814
0.01557 0.01799 0.01249
0.01639 0.01862 0.02289
0.01290 0.02048 0.01018
0.01608 0.02058 0.00331
0.01830 0.02724 0.00561
0.01327 0.02962 0.01872
0.00888 0.01144 0.01497
0.01049 0.01634 0.00385
0.01800 0.02732 0.01850
0.01324 0.02228 0.00495
0.01316 0.01307 0.02097
0.01128 0.01193 0.01691
0.01097 0.01784 0.00286
0.02126 0.02208 0.01154
0.01157 0.01904 0.01960
0.01285 0.02971 0.01901
0.01215 0.01606 0.01159
0.01370 0.01711 0.01916
0.01279 0.01650 0.01888
0.01480 0.02100 0.00571
0.01120 0.00888 0.00073
0.01631 0.03200 0.01975
0.02185 0.03358 0.00280
0.01576 0.02415 0.00375
0.01209 0.01291 0.02290
0.01666 0.02472 0.00952
0.01469 0.02351 0.01642
0.01257 0.01482 0.01845
0.01414 0.02303 0.00282
0.01709 0.02081 0.01079
0.02883 0.03401 0.00439
0.02095 0.02312 0.01460
0.01390 0.01556 0.00076
0.01041 0.00916 0.00509
0.01545 0.03163 0.01875
0.01474 0.02789 0.01590
0.01648 0.03083 0.00173
0.01550 0.02485 0.00686
0.01456 0.01645 0.01011
0.01200 0.01760 0.01103
0.01525 0.02568 0.01982
0.01363 0.01866 0.01098
0.00995 0.01551 0.00100
0.01454 0.01903 0.00666
0.01070 0.01788 0.00138
0.01434 0.02287 0.01874
0.01202 0.02047 0.00617
0.01960 0.02840 0.01851
0.01507 0.02438 0.02121
0.01151 0.02176 0.02063
0.01318 0.01827 0.00066
0.01454 0.01521 0.00344
0.01503 0.01777 0.01320
0.01832 0.02509 0.01840
0.01183 0.01674 0.00349
0.01598 0.02881 0.00874
0.01539 0.02166 0.01680
0.00995 0.01476 0.01224
0.02149 0.02982 0.01853
0.01241 0.01746 0.00535
0.01659 0.01792 0.00313
0.01261 0.01748 0.01937
0.01096 0.01961 0.01871
0.02430 0.03544 0.01489
0.01486 0.02163 0.00273
0.01561 0.01883 0.00760
0.01697 0.03183 0.02020
