2000 3419 11.77103 2.29658 0.64417 2.58679 123 4 2 123 51 456 100.00000 0
939 4195 10.75276 0.55559 0.34724 4.51163 129 23 17 125 73 666 100.00000 0
1981 4568 11.29674 0.04255 0.70929 2.37718 77 0 0 71 54 358 100.00000 0
1795 4404 10.92120 0.64557 0.23667 2.12652 186 9 4 184 116 646 100.00000 0
3424 4572 11.36026 1.65936 0.65402 2.13881 153 0 1 151 99 485 100.00000 0
941 4221 11.09795 0.03076 0.30589 1.84653 324 47 22 320 283 1155 100.00000 0
3313 4624 11.54661 1.93089 0.24602 6.42846 115 0 0 111 48 315 100.00000 0
3398 4574 11.66679 2.98580 0.51106 0.41401 231 0 0 225 187 816 100.00000 0
2013 3414 11.94384 2.91902 0.44194 2.31021 159 9 2 156 84 593 100.00000 0
1004 4265 11.18746 0.01602 0.23919 0.90396 80 13 9 80 51 894 100.00000 0
3411 4586 11.09934 2.30212 0.35484 3.08997 142 4 6 142 78 518 100.00000 0
3360 4601 10.07671 3.12944 0.16680 3.16013 216 63 29 212 171 773 100.00000 0
3316 4625 10.05877 1.99911 0.43989 6.06094 202 0 0 202 106 455 100.00000 0
2015 4579 11.80682 1.34021 0.60569 4.25027 159 1 1 157 110 534 100.00000 0
1003 4248 10.56080 0.02116 0.13484 0.90828 99 25 15 97 69 1307 100.00000 0
1036 4277 11.74153 0.79050 0.16105 1.18729 217 29 13 215 181 812 100.00000 0
1025 4274 11.85598 0.18143 0.12668 1.53085 245 22 12 241 207 881 100.00000 0
3420 4569 11.16863 1.78615 0.62012 0.87670 235 0 0 235 200 610 100.00000 0
3369 4594 10.53298 3.11977 0.44815 3.81875 246 14 11 244 171 872 100.00000 0
1011 4252 10.43428 0.02551 0.12975 1.11417 141 52 17 139 110 1287 100.00000 0
993 4259 11.01126 0.01514 0.33293 0.95940 143 3 11 138 104 1324 100.00000 0
2004 4562 10.60807 0.72206 0.71517 0.72954 134 1 0 134 120 515 100.00000 0
1834 4412 11.87768 0.00420 0.26448 0.70776 142 13 3 142 128 746 100.00000 0
3313 4629 11.68643 1.86852 0.57956 7.06797 136 0 0 136 72 355 100.00000 0
1034 4260 10.88328 0.64929 0.08136 1.35595 141 25 21 137 101 764 100.00000 0
3335 4630 11.35303 2.62880 0.38848 2.48821 144 16 22 140 105 420 100.00000 0
926 4210 10.75146 0.07148 0.37358 2.40452 343 28 16 343 297 1055 100.00000 0
1910 4502 11.95305 0.07152 1.10492 1.44537 109 0 0 100 96 941 100.00000 0
1813 4413 10.62826 0.04454 0.28916 1.72533 132 22 4 128 116 744 100.00000 0
909 4184 10.79670 1.93821 0.19025 2.80645 235 6 29 235 151 729 100.00000 0
1976 4547 11.30759 0.01199 0.92044 0.78435 184 0 0 180 165 871 100.00000 0
915 4178 11.78967 1.91361 0.37904 4.40140 338 45 70 336 182 823 100.00000 0
953 4211 10.15524 0.05537 0.49186 2.99474 424 32 26 422 367 1137 100.00000 0
1840 4418 10.72135 0.02521 0.35880 1.44996 170 27 4 170 157 935 100.00000 0
3341 4612 10.69718 3.02119 0.26025 2.57861 155 4 6 153 116 516 100.00000 0
2006 3408 10.52550 2.96467 0.36345 2.42818 205 13 11 201 99 660 100.00000 0
923 4179 11.02409 1.52544 0.42764 4.01864 374 71 47 370 218 832 100.00000 0
928 4183 10.43089 1.23718 0.37302 3.42988 257 48 27 252 174 630 100.00000 0
3403 4589 10.95719 2.79297 0.18924 3.21126 245 7 7 234 138 799 100.00000 0
2012 3405 11.38195 2.42277 0.28339 2.01868 238 62 22 238 144 733 100.00000 0
990 4240 11.05713 0.01777 0.15280 1.03703 150 32 8 148 131 1530 100.00000 0
914 4181 10.27047 1.83737 0.55803 3.37069 387 14 89 385 197 966 100.00000 0
909 4198 11.32270 1.16772 0.22192 2.46768 217 25 65 217 171 640 100.00000 0
1773 4395 10.52059 1.63534 0.48798 3.20967 340 6 5 340 225 831 100.00000 0
909 4185 10.34135 1.88849 0.11316 2.85129 235 8 55 233 153 716 100.00000 0
904 4191 11.88056 1.79913 0.15098 2.58982 95 1 17 84 57 450 100.00000 0
945 4202 10.75995 0.16724 0.61791 3.28122 201 3 2 199 146 914 100.00000 0
993 4242 11.04556 0.01593 0.07055 0.94336 174 53 5 174 157 1451 100.00000 0
3375 4605 10.08040 3.11669 0.59502 2.49795 206 5 26 206 153 779 100.00000 0
1917 4492 11.66333 0.08720 1.46930 1.43204 165 0 0 161 146 1162 100.00000 0
2020 4573 11.91393 1.54531 0.73823 4.80318 101 0 1 99 58 469 100.00000 0
1034 4276 10.97397 0.66361 0.21289 1.66272 302 47 8 302 238 943 100.00000 0
1999 3415 11.39773 2.44775 0.29309 2.59646 182 35 7 176 97 496 100.00000 0
1775 4398 11.22049 1.59651 0.32908 3.74993 242 7 1 242 165 664 100.00000 0
1995 4576 11.99923 0.21194 0.68632 2.93612 162 0 0 158 115 510 100.00000 0
3326 4631 10.67376 2.23366 0.68414 3.35182 266 70 54 264 197 518 100.00000 0
956 4213 10.99299 0.04848 0.30788 2.46736 265 7 20 261 212 927 100.00000 0
2011 3406 10.85734 2.54035 0.45920 2.08563 277 42 9 275 162 746 100.00000 0
1787 4387 11.94287 1.16181 0.28398 1.73754 327 25 9 327 291 813 100.00000 0
1846 4423 11.27993 0.01279 0.57991 0.81084 183 1 0 183 177 1111 100.00000 0
1971 4543 11.59748 0.02409 1.29223 1.15758 93 0 0 93 83 718 100.00000 0
3387 4597 10.54897 3.09658 0.30515 2.48774 221 2 21 219 103 859 100.00000 0
1799 4406 11.22994 0.40873 0.22717 1.23258 92 10 2 85 68 491 100.00000 0
1879 4455 11.93614 0.01705 0.99499 1.22109 137 0 0 137 128 1024 100.00000 0
1776 4397 10.39107 1.58363 0.30735 3.23676 243 14 2 243 149 683 100.00000 0
1775 4391 10.73241 1.61475 0.38579 2.49183 362 3 3 360 316 807 100.00000 0
1016 4254 10.51339 0.01777 0.09238 0.82945 158 20 24 151 119 1208 100.00000 0
3337 4614 10.61003 2.89118 0.20113 2.20407 119 15 15 117 94 420 100.00000 0
948 4226 11.02207 0.02363 0.10287 1.30326 334 68 55 334 308 886 100.00000 0
931 4185 10.91660 1.12040 0.40467 3.42691 124 10 15 118 81 482 100.00000 0
925 4209 10.48984 0.09126 0.28830 1.94541 242 25 9 236 205 944 100.00000 0
1024 4257 10.44843 0.13301 0.23984 1.64996 75 19 6 75 56 957 100.00000 0
1048 4275 11.27001 1.44258 0.35107 0.91514 230 14 26 225 179 775 100.00000 0
3335 4629 10.09324 2.64073 0.31383 2.70978 159 17 15 153 115 474 100.00000 0
1996 4559 10.09778 0.26574 0.77467 1.32589 88 0 0 79 77 467 100.00000 0
3320 4631 11.24219 2.03471 0.50981 4.52403 256 0 1 254 167 549 100.00000 0
932 4187 10.41657 1.02100 0.37712 3.91887 206 18 13 200 134 641 100.00000 0
935 4217 11.30734 0.02482 0.39691 1.59667 310 42 23 306 258 1065 100.00000 0
1988 4554 11.73670 0.04640 0.91619 2.00838 112 0 0 112 98 583 100.00000 0
3313 4625 11.22320 1.91811 0.88352 6.45500 79 1 1 76 30 254 100.00000 0
3337 4613 11.86500 2.89679 0.12524 2.28293 100 15 5 98 78 377 100.00000 0
1973 4545 11.03296 0.01471 1.13786 0.61230 114 0 0 114 101 699 100.00000 0
927 4211 11.01240 0.05930 0.44944 2.59963 299 14 7 289 256 968 100.00000 0
918 4205 11.43448 0.41236 0.19776 2.54561 234 21 39 228 165 680 100.00000 0
913 4180 11.16035 1.93124 0.66344 3.34714 290 10 68 290 163 805 100.00000 0
3350 4607 10.75398 3.13012 0.41119 3.04633 99 7 2 97 57 511 100.00000 0
1837 4431 10.31661 0.01613 0.27150 0.97879 290 55 16 285 278 1366 100.00000 0
1972 4562 11.86741 0.00792 0.90437 0.54751 147 0 0 137 125 742 100.00000 0
2018 4574 10.62174 1.46662 0.63250 4.33404 176 0 4 174 76 603 100.00000 0
2013 4578 10.18013 1.25027 0.62347 3.39154 192 0 0 190 143 628 100.00000 0
2007 3416 10.76830 2.89315 0.57770 2.29865 197 21 34 195 130 531 100.00000 0
3350 4623 11.07258 3.00671 0.24080 2.65373 80 11 5 75 56 364 100.00000 0
1975 4563 10.21330 0.00829 0.80282 0.53741 206 0 0 204 184 805 100.00000 0
2006 3405 11.65777 2.78985 0.54427 1.79013 242 24 9 240 132 656 100.00000 0
3408 4570 10.87426 2.47119 0.48983 0.48133 260 3 1 258 218 806 100.00000 0
3320 4620 11.54667 2.16904 0.75810 4.76378 105 0 0 101 36 320 100.00000 0
944 4200 11.37483 0.26690 0.78172 3.65366 192 7 11 192 153 854 100.00000 0
1828 4408 10.70368 0.02528 0.16825 1.42875 204 59 14 204 190 782 100.00000 0
1880 4457 10.42538 0.01939 0.94011 1.13298 255 0 0 249 230 1196 100.00000 0
3331 4631 11.33074 2.44948 0.34793 2.16447 264 84 50 261 229 548 100.00000 0
2019 4574 11.28046 1.50488 0.65215 4.66556 94 0 2 90 32 468 100.00000 0
2014 4578 10.50472 1.29741 0.64593 3.82080 196 0 0 186 117 675 100.00000 0
3315 4624 10.75753 1.98481 0.64417 6.24209 151 0 0 151 85 426 100.00000 0
1846 4439 10.12485 0.02364 0.51303 1.39072 147 0 0 147 135 1242 100.00000 0
1805 4392 11.92984 0.21849 0.11334 0.64163 49 17 1 45 40 383 100.00000 0
1972 4561 10.60044 0.00623 0.91397 0.65671 221 0 0 214 195 916 100.00000 0
967 4240 10.72533 0.01756 0.08534 0.96753 269 61 23 269 219 1094 100.00000 0
3342 4611 11.31307 3.04279 0.08110 2.64042 157 5 8 152 116 569 100.00000 0
913 4202 11.93999 0.76753 0.37492 2.78615 183 18 44 180 126 625 100.00000 0
938 4193 11.22523 0.67019 0.39201 4.04980 158 17 16 152 116 638 100.00000 0
2017 4571 10.04170 1.43489 1.03776 3.92964 203 0 2 200 117 757 100.00000 0
3397 4591 10.03727 3.06997 0.25985 4.38383 183 2 5 183 84 791 100.00000 0
3418 4569 10.56296 1.87584 0.61840 1.21176 280 0 0 277 234 774 100.00000 0
1831 4410 11.25117 0.00843 0.24850 0.49019 164 43 4 161 149 785 100.00000 0
994 4259 10.21233 0.01528 0.21266 0.89307 211 16 36 202 158 1476 100.00000 0
3324 4620 10.04451 2.28863 0.44798 3.37557 163 31 27 161 90 404 100.00000 0
1045 4277 11.81589 1.32315 0.27162 1.18167 198 19 24 198 144 775 100.00000 0
3399 4574 11.01889 2.94948 0.45398 0.48214 271 3 2 269 221 785 100.00000 0
3374 4607 11.67237 3.12439 0.41629 1.99154 145 26 11 141 116 715 100.00000 0
3352 4622 11.27447 3.01766 0.10773 2.68832 92 7 13 90 60 421 100.00000 0
2003 4561 11.35958 0.65753 0.90368 1.09110 98 0 0 89 74 394 100.00000 0
910 4181 11.75361 2.03191 0.08111 2.68846 197 15 37 197 120 623 100.00000 0
1048 4265 11.98599 1.42818 0.32083 0.93461 210 11 24 204 169 868 100.00000 0
972 4226 11.61386 0.03017 0.28082 1.74854 222 18 5 217 191 850 100.00000 0
3330 4631 11.14495 2.40421 0.46045 2.18122 165 57 35 163 145 424 100.00000 0
905 4192 11.45899 1.70048 0.15466 2.63864 111 9 16 107 79 528 100.00000 0
3408 4587 10.94561 2.48365 0.56133 3.30192 186 10 7 181 90 670 100.00000 0
1884 4476 10.86859 0.03449 0.71310 0.79130 226 0 0 223 213 1133 100.00000 0
2002 3408 11.74755 3.06085 0.32401 2.64797 110 12 3 108 53 391 100.00000 0
1038 4262 10.10514 0.90286 0.17251 1.36085 297 115 45 295 249 897 100.00000 0
2009 3409 10.07049 2.84227 0.58672 2.54314 342 25 6 340 186 842 100.00000 0
971 4244 11.93306 0.02119 0.08796 0.89131 169 34 20 167 142 1210 100.00000 0
1050 4273 11.32841 1.49845 0.21438 0.53229 113 17 13 109 87 649 100.00000 0
1960 4551 11.58699 0.02696 1.89724 0.81901 145 0 0 145 128 926 100.00000 0
1821 4418 10.12617 0.03128 0.27423 1.76481 301 64 7 301 275 961 100.00000 0
1808 4394 11.40235 0.15463 0.13515 0.70443 123 44 12 120 104 444 100.00000 0
908 4184 11.30926 1.98541 0.27559 2.97098 230 3 29 226 151 702 100.00000 0
1025 4257 10.93063 0.17115 0.15630 1.80819 85 11 7 83 59 846 100.00000 0
1856 4433 10.68525 0.01605 0.73146 0.66676 80 0 0 78 73 978 100.00000 0
3358 4601 11.83048 3.12923 0.17208 3.06644 215 24 9 211 183 764 100.00000 0
1988 4572 11.24726 0.06362 0.73944 3.37232 175 0 0 171 118 495 100.00000 0
962 4236 10.44283 0.01649 0.12649 1.05462 291 51 20 289 241 1076 100.00000 0
972 4244 10.96688 0.02179 0.12229 0.98198 192 32 22 190 149 1355 100.00000 0
1876 4468 10.39770 0.02699 0.76392 1.05425 234 0 0 234 219 1033 100.00000 0
910 4199 11.41509 1.06317 0.18116 2.45894 165 23 49 165 117 532 100.00000 0
1798 4406 11.85898 0.46166 0.35244 1.48543 178 7 4 167 133 598 100.00000 0
1787 4388 10.85736 1.16898 0.26463 1.66554 410 54 13 406 354 1002 100.00000 0
1038 4261 11.36001 0.90229 0.18135 1.11908 194 46 35 194 157 673 100.00000 0
1987 4554 11.06692 0.03716 0.86742 1.93836 131 0 0 127 119 705 100.00000 0
2012 4566 10.21233 1.21747 0.70915 1.54155 367 0 0 363 320 978 100.00000 0
3418 4568 11.61788 1.87514 0.69014 1.43722 221 0 0 221 169 649 100.00000 0
1902 4478 10.28896 0.01911 1.24745 0.68586 293 0 0 289 280 1205 100.00000 0
1871 4463 10.08523 0.01647 0.64020 0.70276 144 0 0 141 132 1082 100.00000 0
988 4239 10.56721 0.01697 0.22332 0.98992 193 42 6 189 160 1612 100.00000 0
2008 3409 10.09309 2.90685 0.43119 2.55987 360 25 26 360 202 882 100.00000 0
991 4241 10.65182 0.01536 0.11717 0.92069 234 73 10 232 209 1495 100.00000 0
1792 4388 11.09643 0.87569 0.30957 1.38988 320 30 12 316 266 914 100.00000 0
907 4197 11.84313 1.31813 0.21494 2.55298 166 3 38 162 117 583 100.00000 0
2018 4577 11.79739 1.46103 0.78641 4.85494 133 0 0 129 82 539 100.00000 0
1845 4423 10.03944 0.01190 0.50817 0.71052 186 4 0 184 168 1118 100.00000 0
1833 4428 10.89598 0.00736 0.28823 0.15826 143 28 4 143 132 938 100.00000 0
915 4203 11.55690 0.62720 0.22799 2.89476 276 22 40 271 218 690 100.00000 0
1861 4438 10.71111 0.01766 0.76718 0.36691 128 0 0 126 117 1157 100.00000 0
1915 4491 10.29585 0.08084 1.30933 0.56717 199 0 0 199 186 1168 100.00000 0
1800 4406 10.64921 0.35751 0.19411 1.20268 117 12 4 115 95 641 100.00000 0
3359 4617 10.55261 3.08446 0.18600 2.44968 198 21 14 196 150 506 100.00000 0
3419 4582 10.61624 1.85010 0.46596 3.86087 192 0 4 192 103 524 100.00000 0
1032 4276 11.68811 0.54189 0.14395 1.50272 253 25 13 249 195 1018 100.00000 0
1818 4400 11.67105 0.03280 0.22707 1.76259 121 33 22 121 101 525 100.00000 0
951 4209 10.20779 0.05337 0.46682 2.90380 288 13 24 288 224 1101 100.00000 0
1050 4268 11.40344 1.48604 0.32813 0.97639 112 7 12 110 82 763 100.00000 0
3336 4614 11.18141 2.85533 0.27835 2.25082 155 11 22 155 116 471 100.00000 0
1964 4555 11.83696 0.02242 1.50436 1.42051 321 0 0 321 290 1083 100.00000 0
989 4240 10.18471 0.01666 0.19538 0.98198 167 43 11 167 146 1350 100.00000 0
933 4186 11.61900 1.06941 0.39017 3.80632 169 4 14 166 105 544 100.00000 0
3318 4631 11.65608 1.98073 0.50395 5.92156 214 0 0 209 154 411 100.00000 0
2015 4566 11.82640 1.35950 1.00475 2.86403 297 0 2 297 221 817 100.00000 0
