234 1662 10.63839 3.07429 0.13299 1.86278 69 65 4 69 34 327 100.00000 0
2483 2533 11.04360 0.82204 0.95366 3.27429 45 42 2 39 17 155 100.00000 0
2545 3865 10.48631 1.54727 0.18154 1.77012 71 61 10 71 42 178 100.00000 0
2470 3874 10.50921 1.74521 0.50072 2.50405 26 19 7 26 10 108 100.00000 0
783 1409 11.60208 3.07069 0.09916 1.13367 45 38 7 43 20 148 100.00000 0
2472 3875 10.41003 1.78004 0.80374 2.54037 32 26 5 24 13 156 100.00000 0
43 1845 10.03140 0.57334 0.42349 2.27331 61 54 4 59 31 294 100.00000 0
159 1743 10.30131 3.12881 0.20899 2.42366 49 39 5 41 18 236 100.00000 0
3988 4053 10.90274 0.97014 0.27196 1.50766 85 76 9 79 38 280 100.00000 0
787 1439 10.61322 2.82809 0.65271 1.75078 43 38 1 37 18 136 100.00000 0
762 1434 11.03832 3.13913 0.22119 1.48806 88 81 7 82 41 266 100.00000 0
261 1606 10.30592 1.99024 0.32672 2.44409 32 23 1 25 10 210 100.00000 0
2491 3860 10.10924 2.34001 0.67860 1.52880 20 16 3 16 7 87 100.00000 0
795 1436 11.66549 2.50151 0.45310 2.68540 35 32 0 26 17 107 100.00000 0
809 1396 10.51438 1.87392 0.13086 1.17437 31 27 3 28 20 114 100.00000 0
25 1832 10.95749 1.13211 0.13013 1.84610 65 47 5 63 27 246 100.00000 0
49 1819 11.81298 1.65135 0.40766 1.72601 59 44 11 59 20 267 100.00000 0
2468 3875 11.52321 1.70104 0.95591 2.89611 16 13 3 16 5 91 100.00000 0
213 1666 10.06260 3.09433 0.13187 2.32608 55 41 14 51 23 296 100.00000 0
59 1818 10.49670 2.05153 1.01918 3.45162 43 22 7 39 17 160 100.00000 0
3978 4036 10.03953 0.56307 0.75274 1.76724 67 59 8 65 19 192 100.00000 0
700 1518 10.39746 1.65303 0.18621 0.91429 60 57 2 56 34 220 100.00000 0
22 73 11.93283 1.29606 0.34310 2.37240 37 26 7 33 16 199 100.00000 0
27 1840 10.78155 0.75794 0.25043 1.87868 49 34 7 49 21 275 100.00000 0
98 1810 11.38976 3.08978 0.87958 4.31575 15 10 1 13 5 134 100.00000 0
240 1615 11.35117 2.29083 0.72083 2.67840 26 22 4 24 6 172 100.00000 0
2503 3856 11.71558 2.09171 0.67931 3.03976 22 21 0 20 13 88 100.00000 0
2472 2522 11.40524 0.57343 0.95852 3.08058 19 16 2 17 6 71 100.00000 0
259 1592 11.35363 1.66595 0.96102 1.78356 35 24 4 31 12 209 100.00000 0
803 1430 10.87332 2.17039 0.15142 1.75145 38 32 6 34 17 144 100.00000 0
27 1825 11.63714 1.38313 0.43709 2.79820 74 52 6 74 26 287 100.00000 0
104 1800 11.12741 3.08154 0.37931 3.08667 58 43 6 56 19 232 100.00000 0
719 1474 10.28870 2.58041 0.06858 1.60961 76 72 3 74 39 244 100.00000 0
219 1656 10.31267 3.11771 0.26772 1.89134 73 67 2 63 33 385 100.00000 0
261 1600 10.87417 1.80871 0.92626 2.02642 22 20 2 18 5 155 100.00000 0
767 1452 10.61291 3.09450 0.30867 2.90353 47 38 3 29 22 218 100.00000 0
76 1803 11.80758 3.01375 1.90450 5.06461 22 17 1 19 7 91 100.00000 0
735 1494 10.23924 3.09042 0.21357 2.32473 33 32 1 29 16 105 100.00000 0
212 1667 10.44215 3.09431 0.37509 2.45702 43 38 5 39 15 294 100.00000 0
64 1815 10.38910 2.33657 1.77058 3.86999 37 18 4 31 10 203 100.00000 0
788 1404 11.21641 2.87568 0.28763 0.48537 45 37 7 43 23 169 100.00000 0
23 1836 11.09805 0.96305 0.42034 2.09013 27 8 7 23 6 169 100.00000 0
29 1829 10.82961 1.23511 0.42831 1.69027 59 35 6 53 23 307 100.00000 0
710 1478 11.26949 2.15776 0.43631 1.66836 75 72 3 63 28 207 100.00000 0
40 1824 11.03683 1.42681 0.15193 1.85182 65 45 18 63 26 257 100.00000 0
63 1815 10.68313 2.28112 1.45455 3.83093 24 16 2 22 8 161 100.00000 0
4003 4059 10.49876 0.82947 0.26946 1.74630 96 89 7 92 46 286 100.00000 0
109 1773 10.55399 3.07129 0.21003 2.00135 78 73 5 78 20 343 100.00000 0
232 1632 10.26103 2.85519 0.36491 2.13111 74 51 4 74 31 325 100.00000 0
207 1674 10.44595 3.06776 0.17802 1.74136 67 56 9 59 25 381 100.00000 0
2475 3877 11.11226 1.83517 0.58971 2.54422 21 20 1 19 8 105 100.00000 0
204 1698 10.55483 3.12124 0.29762 3.03809 65 31 3 63 20 353 100.00000 0
136 1765 10.41799 3.13601 0.14952 1.44021 91 88 3 87 41 354 100.00000 0
2483 3862 10.51057 2.13137 0.15210 0.69942 34 29 5 32 18 109 100.00000 0
237 1623 10.75507 2.59879 0.97831 2.41622 54 43 3 54 19 212 100.00000 0
705 1483 10.48411 1.94231 0.23510 1.40889 85 83 1 77 32 224 100.00000 0
773 1421 11.23730 3.06033 0.34202 2.09462 50 44 5 45 23 180 100.00000 0
785 1409 10.55820 3.01477 0.18291 1.18366 34 27 7 31 12 132 100.00000 0
225 1643 11.05309 3.11120 0.18056 1.95003 76 63 10 76 31 371 100.00000 0
696 1490 11.08932 1.57555 0.29642 1.44293 54 53 1 52 18 147 100.00000 0
237 1659 11.16651 3.09723 0.37991 1.56523 45 41 4 36 17 298 100.00000 0
247 1597 11.00671 1.75262 1.68840 3.42165 20 3 1 14 6 192 100.00000 0
2125 2179 11.99988 1.36474 0.40324 8.89099 6 2 0 4 4 30 100.00000 0
3998 4059 11.15614 0.91149 0.24259 1.55821 106 101 5 104 45 306 100.00000 0
775 1419 11.05022 3.06226 0.35808 2.39539 43 34 9 41 22 168 100.00000 0
26 1833 10.74473 1.08793 0.27885 1.71919 76 53 13 70 32 256 100.00000 0
241 1653 10.75470 3.12576 0.21320 1.57991 54 50 4 50 29 292 100.00000 0
777 1418 10.32235 3.07488 0.31639 2.48002 43 42 1 41 25 165 100.00000 0
238 1657 10.65313 3.10845 0.15638 1.55671 57 52 5 55 32 273 100.00000 0
4006 4060 11.14651 0.84740 0.21852 1.52572 102 96 6 100 52 267 100.00000 0
814 1405 11.43635 1.72554 0.33841 1.73528 43 41 1 40 21 136 100.00000 0
2469 3874 10.81255 1.72632 0.34403 2.62406 28 21 6 28 14 117 100.00000 0
28 1824 11.77994 1.41910 0.14896 2.85951 81 67 7 77 34 282 100.00000 0
164 1739 10.95904 3.13862 0.14542 2.03375 38 31 7 34 11 179 100.00000 0
2546 3866 10.75527 1.55958 0.11759 1.95725 45 40 4 45 21 149 100.00000 0
748 1471 10.47793 3.09120 0.39017 3.10388 42 36 5 35 11 152 100.00000 0
798 1397 10.22290 2.42608 0.68349 2.07113 40 34 4 34 14 157 100.00000 0
731 1464 11.20526 3.02467 0.46350 2.97203 83 67 13 77 29 251 100.00000 0
24 74 11.99104 1.35638 0.44538 2.61539 54 41 7 47 15 206 100.00000 0
258 1593 10.72677 1.67473 0.30866 1.99056 33 32 1 27 9 181 100.00000 0
2473 2526 11.84237 0.64603 0.56125 1.50506 36 31 4 34 14 139 100.00000 0
228 1637 11.19047 2.98773 0.24951 2.96200 41 33 4 41 16 226 100.00000 0
1912 1964 11.24225 1.41212 0.72073 2.10729 67 59 8 67 31 227 100.00000 0
790 1401 11.60937 2.78097 0.44446 1.44076 25 23 0 15 8 88 100.00000 0
65 1811 11.99646 2.40815 0.09477 4.11742 34 28 5 32 8 152 100.00000 0
799 1433 11.09755 2.33161 0.55380 2.92007 39 32 6 36 14 113 100.00000 0
2494 3858 11.24619 2.33816 1.13674 2.99657 13 12 1 11 3 66 100.00000 0
36 1829 10.32213 1.22989 0.16082 1.33472 80 57 7 78 45 289 100.00000 0
2509 3856 11.30012 1.80352 0.32393 2.22844 43 31 11 35 14 114 100.00000 0
122 1780 11.88884 3.08297 0.12923 1.99508 45 28 16 38 18 366 100.00000 0
2539 3876 10.60069 1.37735 1.03161 2.32911 40 39 1 38 16 147 100.00000 0
32 1824 11.49686 1.41371 0.46337 2.53976 76 51 18 67 30 267 100.00000 0
773 1422 10.60115 3.06406 0.32920 1.98899 68 63 4 59 38 204 100.00000 0
44 1849 11.44283 0.43344 0.21000 1.72101 46 38 7 42 17 202 100.00000 0
47 1823 10.83041 1.52392 0.19065 1.90351 79 44 6 77 32 277 100.00000 0
795 1396 11.74745 2.56474 0.14442 1.75747 25 23 2 23 12 110 100.00000 0
2546 3874 11.94770 1.50451 0.46247 2.13991 24 22 2 22 12 128 100.00000 0
2467 3873 11.21814 1.70371 0.40466 2.64264 31 26 5 27 13 131 100.00000 0
692 1507 10.50455 1.41881 0.42622 2.17511 50 46 3 47 21 189 100.00000 0
172 1731 10.12747 3.12913 0.25326 1.66742 22 17 2 15 8 130 100.00000 0
714 1477 10.48466 2.33867 0.04124 1.05053 112 104 6 109 49 274 100.00000 0
169 1734 10.44423 3.13289 0.98305 2.15958 40 37 3 36 14 230 100.00000 0
1920 1970 10.25627 1.07698 0.11927 1.46260 38 35 3 34 22 187 100.00000 0
128 1755 10.99779 3.11420 0.43686 2.22264 77 63 4 63 21 295 100.00000 0
769 1425 11.69638 3.06395 0.29477 1.95445 92 88 3 79 27 267 100.00000 0
239 1616 11.84019 2.34024 0.97524 3.35345 14 2 0 8 5 183 100.00000 0
229 1636 10.74775 2.95634 1.55681 2.88500 38 27 5 36 10 241 100.00000 0
766 1454 11.72160 3.10575 0.48571 3.62817 30 22 4 19 10 134 100.00000 0
250 1639 10.59495 3.01054 0.20665 1.82885 42 34 6 35 12 218 100.00000 0
95 1818 11.97948 3.11935 0.57720 2.99160 34 24 4 32 14 155 100.00000 0
689 1504 11.89823 1.41251 0.20018 1.84271 44 40 2 39 15 152 100.00000 0
87 1841 10.81547 2.37148 0.45628 2.26313 23 20 3 20 10 101 100.00000 0
238 1619 11.62750 2.44209 1.16457 2.72850 23 17 3 17 4 154 100.00000 0
719 1517 11.15961 2.51282 0.38650 1.04642 26 22 4 26 12 109 100.00000 0
242 1610 11.17539 2.10787 0.63755 2.74666 28 12 6 24 10 214 100.00000 0
41 1847 10.93038 0.48397 0.52647 2.19820 36 25 3 36 15 187 100.00000 0
183 1703 10.28267 3.12609 0.50678 2.93171 61 23 1 59 26 238 100.00000 0
134 1768 11.65296 3.13946 0.40286 1.54611 75 65 7 72 30 326 100.00000 0
736 1459 11.98873 3.13613 0.06662 2.98845 74 66 6 68 28 214 100.00000 0
742 1483 11.93997 3.14075 0.26419 2.05500 30 25 5 30 16 119 100.00000 0
3985 4049 10.28654 0.86030 0.10958 1.27962 51 47 4 49 27 200 100.00000 0
796 1396 11.38104 2.52014 0.24016 1.94883 24 19 3 14 11 91 100.00000 0
754 1464 10.25263 3.08156 0.51374 2.64812 45 35 3 32 25 190 100.00000 0
30 1846 11.85410 0.50589 0.52365 2.14028 56 48 8 56 19 262 100.00000 0
92 1789 10.95972 3.13920 0.78316 3.02802 32 23 8 30 12 177 100.00000 0
810 1425 11.85194 1.88316 1.02923 1.36171 31 26 4 25 11 136 100.00000 0
235 1625 11.58277 2.67429 0.33590 2.40322 62 41 7 60 21 351 100.00000 0
253 1592 10.31764 1.66572 0.33923 2.02970 36 28 2 30 14 213 100.00000 0
751 1468 11.00600 3.07857 0.30539 3.43102 53 43 7 47 27 153 100.00000 0
809 1395 10.86295 1.87852 0.55727 1.12744 42 38 1 35 20 127 100.00000 0
241 1610 11.95953 2.10807 0.63391 3.05685 26 13 1 16 6 184 100.00000 0
202 1701 11.37262 3.13492 0.30923 3.61769 45 8 0 42 12 242 100.00000 0
693 1508 10.12015 1.43227 0.28356 2.39670 54 42 9 45 23 194 100.00000 0
36 1827 10.65459 1.30314 0.14150 1.61544 78 43 7 68 43 254 100.00000 0
22 1827 11.89350 1.32124 0.13809 2.63715 61 29 1 55 30 226 100.00000 0
157 1745 10.34566 3.13266 0.42992 2.38409 37 36 0 33 26 149 100.00000 0
689 1506 11.91199 1.40185 0.51264 1.76103 68 64 4 66 36 159 100.00000 0
31 1836 10.08956 0.94988 0.22446 1.56473 76 50 12 76 26 317 100.00000 0
1909 1960 11.78008 1.45372 0.22290 1.93775 30 25 5 25 11 148 100.00000 0
45 1821 11.51536 1.54494 0.12239 1.61253 60 50 7 57 23 257 100.00000 0
708 1521 11.38928 2.02187 0.14722 0.76872 32 27 4 26 15 104 100.00000 0
221 1650 11.71287 3.12485 0.08269 2.11933 46 39 6 40 22 275 100.00000 0
702 1484 11.02941 1.81443 0.25956 0.68700 94 86 8 89 51 248 100.00000 0
48 1825 10.23154 1.49288 0.50675 1.40750 82 73 8 82 32 294 100.00000 0
776 1419 10.37950 3.06622 0.43197 2.45511 54 45 9 52 18 204 100.00000 0
261 1622 11.94723 2.54572 0.51141 2.99029 45 16 1 38 15 192 100.00000 0
263 1608 11.90766 2.04267 0.53630 2.52507 29 24 3 24 9 139 100.00000 0
691 1498 11.36102 1.46338 0.11730 1.46554 33 29 3 27 12 124 100.00000 0
2482 3877 10.52515 2.02142 0.66630 3.00400 14 12 2 14 7 80 100.00000 0
83 1851 11.38382 1.98058 0.50024 2.27744 26 20 5 21 11 166 100.00000 0
730 1464 11.94796 2.99989 0.45676 2.73452 63 56 7 54 22 177 100.00000 0
2507 3877 11.68887 1.83394 0.70961 4.07400 26 23 3 24 12 99 100.00000 0
782 1442 10.88623 2.98671 0.46738 2.27813 43 34 4 39 18 172 100.00000 0
2477 3877 10.86826 1.88443 0.50596 2.32843 29 27 2 27 12 118 100.00000 0
746 1450 11.57539 3.10554 0.25103 2.54099 40 37 1 35 17 134 100.00000 0
33 1843 10.58965 0.60252 0.05040 1.93795 69 43 8 67 34 270 100.00000 0
135 1766 10.40348 3.14045 0.14379 1.49567 93 86 7 93 45 364 100.00000 0
770 1425 10.89268 3.06824 0.30093 2.27142 95 93 2 91 49 258 100.00000 0
78 1801 11.91767 3.09133 1.91700 4.75852 19 11 5 19 7 92 100.00000 0
800 1393 11.49277 2.33850 0.46697 2.23808 33 27 5 25 8 109 100.00000 0
23 1835 11.08404 1.00802 0.24310 2.04373 51 39 7 49 17 229 100.00000 0
805 1430 11.90323 2.06224 0.09713 1.73731 49 45 4 47 24 178 100.00000 0
76 1856 10.61164 1.63661 0.64021 3.64680 25 19 5 22 7 138 100.00000 0
26 1842 11.24982 0.66572 0.84778 2.01208 51 47 1 46 16 280 100.00000 0
247 1645 11.33900 3.11734 0.42414 1.91315 38 18 4 36 14 253 100.00000 0
794 1435 10.39528 2.54263 0.46717 2.41054 52 43 9 46 19 169 100.00000 0
724 1512 10.57137 2.70496 0.27748 1.74024 47 44 3 37 26 169 100.00000 0
2475 2527 11.47286 0.69885 0.44575 1.67725 28 25 3 28 9 124 100.00000 0
30 1829 10.74847 1.23410 0.07707 1.65847 75 49 6 69 35 295 100.00000 0
3983 4047 10.39995 0.80786 0.14706 0.82234 64 56 7 59 37 214 100.00000 0
1921 1976 11.93919 1.03813 0.10029 1.04680 25 23 2 21 10 117 100.00000 0
732 1500 10.22154 3.00330 0.37513 3.10261 53 50 3 51 22 148 100.00000 0
1917 1970 11.11806 1.21606 0.22637 1.51543 41 34 7 34 23 216 100.00000 0
253 1635 10.97831 2.89834 0.50159 1.65138 54 50 4 50 32 236 100.00000 0
261 1601 10.74862 1.83826 0.28162 2.02100 21 19 2 17 7 170 100.00000 0
43 1824 10.87030 1.44927 0.50386 1.74383 69 58 9 67 34 280 100.00000 0
3993 4058 11.94038 1.01521 0.64416 0.89657 84 79 5 80 36 281 100.00000 0
693 1496 10.83800 1.49815 0.29401 2.03855 50 46 4 48 30 139 100.00000 0
811 1397 11.06975 1.79320 0.35609 0.97116 22 20 2 20 7 90 100.00000 0
722 1515 11.27853 2.63641 0.14091 0.80406 36 33 3 36 18 123 100.00000 0
238 1621 10.78799 2.52845 0.60174 2.44537 47 39 6 38 15 258 100.00000 0
243 1606 11.45543 1.99002 1.41331 2.62167 28 8 1 21 7 196 100.00000 0
246 1647 11.62065 3.13605 0.14120 2.09723 58 44 2 58 28 274 100.00000 0
246 1598 11.31224 1.76964 0.76997 3.06669 22 7 1 22 5 147 100.00000 0
692 1498 10.93850 1.47240 0.14552 1.64402 50 44 6 41 20 180 100.00000 0
41 1822 11.48337 1.48404 0.52799 1.78356 51 36 12 51 19 228 100.00000 0
35 1829 10.38252 1.22900 0.03615 1.21531 88 60 13 83 40 353 100.00000 0
39 1845 10.48129 0.54484 0.47975 2.14649 42 34 6 38 19 232 100.00000 0
39 1821 11.84054 1.49341 0.12950 1.83077 43 34 8 40 16 181 100.00000 0
2475 2525 11.01814 0.68816 0.08930 1.67023 36 32 4 34 10 114 100.00000 0
248 1594 11.23981 1.71233 0.54628 3.61238 19 8 0 15 4 110 100.00000 0
702 1482 11.79513 1.81207 0.39256 0.87581 59 49 10 59 32 203 100.00000 0
114 1768 10.94061 3.06791 0.94118 1.77189 113 103 7 107 36 433 100.00000 0
697 1518 11.21772 1.53984 0.21063 1.30806 66 60 6 64 34 208 100.00000 0
28 1841 10.78248 0.70624 0.85007 1.85794 29 17 4 29 7 168 100.00000 0
2486 3861 10.61364 2.21568 0.19283 0.41684 33 32 1 31 24 142 100.00000 0
1913 1966 11.33390 1.37970 0.65977 1.81575 47 38 9 47 19 214 100.00000 0
