2678 5405 10.70459 0.01157 0.58913 1.22780 26 12 7 18 9 558 100.00000 0
459 3982 10.49489 0.01009 0.87344 0.58148 17 4 3 9 3 234 100.00000 0
346 709 11.50833 0.00719 0.96972 1.11908 13 2 1 3 3 173 100.00000 0
3679 7107 10.26745 0.11951 0.99433 1.07301 6 1 0 1 1 72 100.00000 0
531 976 11.26895 0.00154 0.59622 0.42336 17 6 2 13 9 282 100.00000 0
420 975 10.76826 0.00183 0.51675 0.47478 16 5 0 13 8 301 100.00000 0
7754 7810 11.31788 0.72617 1.22236 2.22915 11 2 2 9 4 74 100.00000 0
3018 5736 10.49427 0.04344 0.49193 0.55107 25 10 1 21 19 363 100.00000 0
614 975 10.76826 0.00183 0.79246 0.20174 20 3 0 18 7 287 100.00000 0
734 4172 10.02836 0.01118 0.66454 0.41117 25 3 2 21 12 290 100.00000 0
2424 5270 11.33786 0.30847 0.31771 1.95945 7 3 2 4 3 45 100.00000 0
458 4171 10.79933 0.01107 0.30182 0.38967 18 10 1 14 9 283 100.00000 0
3389 6303 10.30408 0.05438 1.34423 1.53570 13 5 1 8 4 118 100.00000 0
345 476 11.74965 0.00708 0.52061 0.60909 12 1 3 10 4 230 100.00000 0
1033 4214 11.50809 0.00802 0.87075 2.03721 27 17 5 22 18 293 100.00000 0
2751 5491 11.95889 0.01155 0.32426 1.05684 19 8 3 9 11 453 100.00000 0
1497 4649 10.80174 0.00434 1.37038 6.37166 12 0 0 10 5 232 100.00000 0
3053 5787 10.69800 0.01198 0.50883 1.36143 24 9 5 22 12 310 100.00000 0
2268 2564 11.48797 0.58047 0.84957 1.73506 6 0 0 4 3 35 100.00000 0
2411 5323 11.68318 0.82280 0.48334 3.05159 6 3 2 6 4 44 100.00000 0
1697 4865 10.52734 0.00414 0.49220 0.79721 21 9 3 9 13 172 100.00000 0
2218 5305 10.48793 0.48154 0.52749 0.47313 8 4 3 6 4 79 100.00000 0
733 979 11.51780 0.00406 0.54843 0.99740 14 0 1 7 7 181 100.00000 0
2420 5269 11.68981 0.30783 1.01963 3.70887 4 0 1 4 2 30 100.00000 0
1007 4188 10.27012 0.01706 0.76321 2.02739 17 0 0 12 11 236 100.00000 0
6606 6919 10.49518 0.00708 0.60100 4.37256 8 0 1 4 5 63 100.00000 0
632 3982 10.49489 0.01009 0.40397 0.75069 20 8 4 13 10 219 100.00000 0
2228 2559 10.88836 0.49447 0.86803 3.43741 4 1 1 1 1 32 100.00000 0
346 608 11.50244 0.00580 0.69977 0.47147 14 7 3 5 5 175 100.00000 0
2862 5582 11.64744 0.02020 0.40736 0.19782 24 14 3 19 15 317 100.00000 0
404 977 11.52020 0.00049 0.20805 0.63674 17 7 4 13 7 281 100.00000 0
481 3982 10.49489 0.01009 0.74303 0.53522 23 6 4 17 15 250 100.00000 0
2622 5348 10.90531 0.02185 0.49026 1.98958 29 9 0 20 18 268 100.00000 0
6604 6918 11.24828 0.00629 0.87747 1.77630 12 0 0 7 6 77 100.00000 0
2565 5331 10.40103 0.58587 0.53004 1.66742 20 7 0 17 13 120 100.00000 0
8038 8089 11.01070 0.43522 0.54846 4.13725 23 0 3 21 13 194 100.00000 0
6606 6956 10.49518 0.00708 0.91781 0.36477 10 0 2 8 6 56 100.00000 0
346 654 11.50244 0.00580 1.02919 0.86094 18 4 6 14 8 224 100.00000 0
148 3816 10.81143 0.02904 0.49031 0.86683 21 3 5 17 7 209 100.00000 0
3694 7205 10.66241 0.46041 0.30368 0.56023 10 5 4 10 4 86 100.00000 0
773 979 11.51970 0.00400 0.75948 2.35817 18 3 0 10 9 327 100.00000 0
3679 6849 10.26745 0.11951 0.74669 1.08390 7 2 3 7 4 51 100.00000 0
1251 4418 10.26327 0.01129 0.96066 0.89875 23 7 1 20 13 265 100.00000 0
460 4173 11.79777 0.00987 0.91204 0.57471 14 1 1 12 7 214 100.00000 0
457 3980 11.49638 0.01155 0.66193 1.37373 15 1 5 8 5 185 100.00000 0
777 3985 10.24876 0.00981 0.89365 0.56855 20 2 8 15 11 254 100.00000 0
3680 6856 10.97298 0.13900 1.83775 3.95686 6 0 1 0 2 40 100.00000 0
4116 4174 10.00670 0.00664 1.15746 1.16500 25 3 4 14 9 278 100.00000 0
1067 4264 11.51297 0.00305 0.67156 0.31528 24 10 10 21 18 244 100.00000 0
711 4170 10.03241 0.01130 0.74103 0.76002 13 8 0 11 10 61 100.00000 0
8045 8108 11.99700 1.25167 0.47561 2.45240 21 1 1 21 11 155 100.00000 0
642 3979 11.99371 0.01255 0.57567 0.61739 10 1 3 10 4 177 100.00000 0
464 4170 10.30159 0.01147 0.94102 0.58950 14 2 2 14 7 201 100.00000 0
2176 2437 10.80393 0.29947 1.68664 3.23882 10 0 0 7 5 47 100.00000 0
368 967 10.00277 0.01055 0.38016 0.61866 26 16 2 19 12 298 100.00000 0
3246 6014 10.43816 0.01363 1.03079 1.19845 19 0 1 13 7 305 100.00000 0
889 979 11.51970 0.00400 0.78041 0.57061 14 1 0 12 5 204 100.00000 0
2815 5536 11.68125 0.04535 0.67955 0.96550 13 2 1 6 5 474 100.00000 0
417 4172 11.29839 0.01034 0.35467 0.84302 17 5 3 9 8 256 100.00000 0
6607 6923 10.24121 0.00750 0.59571 0.38866 10 3 5 10 4 51 100.00000 0
6605 7012 10.99721 0.00661 0.41412 1.87492 4 0 1 0 2 27 100.00000 0
2175 2384 10.80392 0.29987 1.53976 3.96378 10 0 0 7 7 55 100.00000 0
2267 2565 11.79055 0.60432 0.65880 1.51543 10 3 0 7 5 54 100.00000 0
364 4161 10.26025 0.01913 1.26144 0.78235 17 8 6 17 7 281 100.00000 0
348 618 10.25119 0.00537 0.36407 0.54104 27 10 2 23 14 223 100.00000 0
829 976 10.00929 0.00120 1.46283 1.45804 19 1 1 10 8 270 100.00000 0
2521 5270 11.33786 0.30847 0.72408 2.29388 6 2 3 6 4 35 100.00000 0
983 4146 11.78416 0.01610 0.65079 3.05416 14 0 1 6 6 216 100.00000 0
825 4173 10.53017 0.01052 0.52885 1.30506 20 4 2 18 6 292 100.00000 0
1266 4445 10.02312 0.01663 0.43444 0.26834 23 12 3 18 14 235 100.00000 0
4002 4166 11.51660 0.01168 0.88784 1.16500 19 5 2 14 9 234 100.00000 0
3703 7225 11.08056 0.76917 0.63479 1.40277 8 1 0 8 6 65 100.00000 0
2644 5371 11.79552 0.02474 0.63864 0.40542 17 3 2 5 8 343 100.00000 0
1793 4951 11.30203 0.21655 0.79662 0.87670 10 0 0 8 4 42 100.00000 0
350 897 10.50898 0.00703 0.93434 1.47724 16 4 1 14 7 210 100.00000 0
654 4170 10.30159 0.01147 0.66570 0.79917 8 3 0 8 3 36 100.00000 0
351 4093 11.02224 0.01386 1.04752 0.46309 15 5 8 12 6 224 100.00000 0
761 4175 11.52745 0.00992 0.46063 0.55249 31 13 7 27 16 266 100.00000 0
508 3982 10.49489 0.01009 0.74436 0.49099 12 3 1 8 6 199 100.00000 0
484 4170 10.30159 0.01147 1.12184 1.30656 17 5 0 9 7 283 100.00000 0
