4649 7128 11.93529 0.01771 0.31014 0.74756 43 21 6 33 18 649 100.00000 0
4443 6873 11.02617 0.13158 0.66108 1.23099 43 10 11 31 21 414 100.00000 0
3752 6201 11.84601 0.01524 1.50244 0.88911 131 22 18 131 77 440 100.00000 0
3405 8189 10.93333 0.10502 0.44152 0.20174 70 44 9 68 48 356 100.00000 0
4033 6441 11.05593 0.01655 0.48818 0.38052 118 73 21 107 83 541 100.00000 0
3778 6226 11.41256 0.00648 0.44243 0.33338 117 52 52 111 71 491 100.00000 0
4234 6629 10.38452 0.95194 0.40969 2.74138 78 18 3 67 37 508 100.00000 0
341 6194 11.39597 0.01120 0.41290 0.62432 154 136 10 146 124 457 100.00000 0
4556 7022 11.67597 0.04317 0.41825 1.00249 117 83 15 114 88 750 100.00000 0
1030 6875 10.81849 0.03005 0.70270 1.69697 71 48 6 69 42 464 100.00000 0
1824 5095 11.64103 0.49415 0.55829 1.53289 47 9 12 43 27 212 100.00000 0
1293 7098 10.97255 0.13699 0.53600 1.25741 87 40 19 77 56 741 100.00000 0
3944 6376 10.55855 0.01206 0.20221 0.44762 114 89 11 112 87 415 100.00000 0
933 6775 10.03800 0.02212 0.24824 1.26517 89 65 16 83 56 359 100.00000 0
3226 5718 11.80412 0.00926 0.36059 0.33338 40 23 8 40 18 343 100.00000 0
5 3556 11.91419 0.08272 1.56236 4.76510 51 0 4 46 34 345 100.00000 0
1037 6884 11.48712 0.05677 1.28763 3.21479 45 31 4 35 18 348 100.00000 0
854 6658 10.16083 0.77211 0.70080 1.55243 61 22 1 59 45 269 100.00000 0
3211 5675 11.04988 0.02595 0.65079 2.18552 10 3 0 7 2 112 100.00000 0
4006 6416 10.55317 0.01427 0.39266 0.33920 117 80 19 111 82 440 100.00000 0
1327 7122 11.84251 0.19411 0.68885 1.08894 57 13 1 50 19 534 100.00000 0
3441 5888 10.38024 0.05419 0.63233 0.57403 81 27 15 71 60 286 100.00000 0
3266 5757 11.29562 0.01351 0.48937 0.67260 58 31 10 52 38 302 100.00000 0
3472 8296 11.49471 0.85820 0.82558 1.77850 75 55 10 73 34 240 100.00000 0
487 3918 11.58653 0.02687 0.15280 1.50506 397 255 89 393 343 887 100.00000 0
3322 5781 11.59386 0.11993 0.23487 0.38563 29 20 5 25 19 167 100.00000 0
5826 8140 11.38702 0.09844 0.43751 0.25793 45 24 11 40 28 245 100.00000 0
3157 5660 11.31970 0.01270 0.24967 0.51586 76 53 12 66 49 330 100.00000 0
445 3851 11.41232 0.02741 0.33470 0.97959 161 112 27 157 94 462 100.00000 0
348 3764 11.18328 0.01051 0.44008 0.61548 95 58 18 86 72 417 100.00000 0
573 3994 10.54113 0.01101 0.34039 0.57878 146 87 25 142 83 502 100.00000 0
3411 5862 11.81740 0.13350 0.49288 0.77380 88 42 12 86 70 329 100.00000 0
19 6003 11.16368 0.08689 1.41699 4.90776 49 1 1 41 30 297 100.00000 0
2937 5428 10.42640 0.10762 0.18207 1.32264 35 23 4 30 17 233 100.00000 0
4521 6959 11.11017 0.03566 0.66543 2.04756 104 72 18 94 32 558 100.00000 0
1141 6949 11.29022 0.03130 0.57909 0.98118 55 7 1 45 30 489 100.00000 0
896 6739 11.57555 0.02756 0.39015 1.55217 73 35 9 64 32 371 100.00000 0
3560 8381 10.83840 0.01306 0.87125 1.07484 42 8 12 33 25 261 100.00000 0
239 3667 10.32744 0.02300 0.37755 0.27124 108 80 19 106 76 387 100.00000 0
526 6349 10.28858 0.01488 0.16200 0.67202 238 205 14 227 200 625 100.00000 0
3375 8160 10.99334 0.01145 0.53097 0.58350 30 12 8 22 16 232 100.00000 0
3314 5773 11.31026 0.07349 0.26872 0.45197 41 28 7 37 24 214 100.00000 0
559 3981 10.86277 0.03455 0.46149 1.88554 132 75 11 120 85 424 100.00000 0
1281 4628 10.24919 0.05233 0.48095 0.35936 177 97 12 173 147 716 100.00000 0
2822 5288 10.11718 0.99854 0.82933 2.12596 109 48 31 107 47 428 100.00000 0
1110 6954 11.90834 0.16183 0.35861 2.30953 83 21 6 79 45 505 100.00000 0
15 8354 10.42549 0.08890 1.33173 5.07211 69 0 2 61 47 365 100.00000 0
4519 6987 11.85878 0.01741 0.43309 0.34264 163 103 22 159 128 723 100.00000 0
776 4195 10.11140 0.04594 1.86078 2.61359 55 37 15 43 16 443 100.00000 0
3232 5723 11.55818 0.00925 0.40826 0.53522 52 33 8 47 38 548 100.00000 0
765 6594 11.82502 0.01343 0.52211 0.47478 53 23 16 53 36 312 100.00000 0
3513 5945 10.58476 0.26278 0.67793 1.22237 75 33 10 65 50 349 100.00000 0
4300 6721 11.58170 0.02701 0.92951 1.54002 58 34 14 53 33 286 100.00000 0
4424 6849 10.83068 0.02346 0.63106 1.32648 91 41 16 79 62 515 100.00000 0
1065 4462 11.83476 0.46310 1.57754 2.33146 75 52 7 70 28 466 100.00000 0
40 3554 10.16073 0.08193 1.77027 4.74202 84 0 0 63 50 367 100.00000 0
152 3611 10.02994 0.02145 0.42248 0.81132 77 56 9 72 51 416 100.00000 0
4555 6996 10.93425 0.01149 0.49154 0.67260 98 57 3 88 63 676 100.00000 0
3221 5712 10.05706 0.00902 0.36955 0.48698 43 28 10 43 31 252 100.00000 0
4223 6612 11.68749 0.55818 0.58096 1.81488 138 30 6 133 92 681 100.00000 0
52 6004 11.91533 0.08659 1.55963 4.88527 59 0 0 59 45 329 100.00000 0
4050 6483 11.87272 0.02902 0.43151 0.89918 135 111 13 131 82 562 100.00000 0
1574 4917 11.39291 0.44359 0.28448 0.77531 75 47 17 62 48 465 100.00000 0
76 6006 11.60326 0.05192 0.32117 2.72462 53 7 11 49 29 296 100.00000 0
5748 8053 11.41390 0.06130 0.14388 3.50107 54 35 14 40 22 291 100.00000 0
5811 8149 10.59780 0.10994 0.20986 0.08847 27 13 4 18 13 197 100.00000 0
19 8354 10.42549 0.08890 1.27535 5.07242 63 0 1 57 46 350 100.00000 0
697 4085 10.47655 0.03896 0.69311 1.99528 133 87 15 112 48 1056 100.00000 0
658 6469 11.31732 0.02886 0.29648 0.94874 101 62 30 93 66 545 100.00000 0
265 3714 10.63420 0.00750 0.62725 0.20748 109 47 31 107 77 453 100.00000 0
12 8322 11.21823 0.08738 1.59400 4.82751 76 0 0 72 51 344 100.00000 0
1354 7152 11.74554 0.25290 0.92286 4.89617 67 12 1 56 16 608 100.00000 0
982 4354 10.08860 0.02051 0.12866 1.16298 66 47 12 57 31 377 100.00000 0
588 6407 11.08082 0.01992 0.63154 0.94045 141 67 12 127 89 474 100.00000 0
4449 6918 10.30606 0.50423 0.97744 1.02488 88 56 12 82 41 579 100.00000 0
4413 6834 11.83096 0.03588 1.02390 2.05271 71 28 5 52 31 347 100.00000 0
435 3869 11.33370 0.02385 0.19808 0.54176 156 129 9 154 133 449 100.00000 0
1462 4785 10.81402 0.13086 0.68729 0.61992 199 72 36 195 129 1428 100.00000 0
940 6784 10.78474 0.01877 0.36757 1.07046 82 45 16 66 27 386 100.00000 0
1288 4634 10.10573 0.04631 0.36686 0.63304 99 77 13 97 74 843 100.00000 0
3382 8192 10.37690 0.07589 0.13252 0.27976 41 23 9 33 23 227 100.00000 0
388 3800 11.93879 0.01249 0.34069 0.67840 151 105 22 143 118 527 100.00000 0
232 6100 10.33315 0.02395 0.40755 0.58884 102 71 11 100 85 361 100.00000 0
1623 4923 10.71171 0.25053 0.47129 0.72900 86 42 20 81 48 522 100.00000 0
31 6002 10.15824 0.08518 1.32010 4.76313 67 0 0 56 37 303 100.00000 0
126 8406 10.34363 0.00614 0.70407 0.31775 65 15 27 58 50 283 100.00000 0
183 8449 10.06505 0.01437 0.24363 0.82091 103 75 20 99 57 449 100.00000 0
184 3641 11.34454 0.02533 0.15467 1.66130 63 29 11 59 45 252 100.00000 0
5873 8193 10.06865 0.10818 0.25611 0.47642 105 64 22 105 73 370 100.00000 0
3490 8256 10.33907 0.79211 0.45623 0.98834 62 35 11 53 39 238 100.00000 0
5681 7959 10.04026 1.55400 0.77393 2.75079 23 12 0 17 11 166 100.00000 0
6014 8389 10.08883 0.01310 0.51420 0.71819 57 16 34 55 35 341 100.00000 0
126 3566 10.05762 0.01112 0.50664 0.62558 98 53 16 96 72 335 100.00000 0
5996 8328 11.54457 0.00744 0.54443 0.48537 95 42 17 88 68 389 100.00000 0
3217 5709 10.30701 0.00868 0.28604 0.73489 64 37 12 58 48 209 100.00000 0
6076 8526 10.06636 0.02268 0.49400 1.11065 41 23 3 36 26 207 100.00000 0
1650 4977 10.03832 0.01948 0.51531 1.07119 42 20 11 28 20 315 100.00000 0
3246 5734 10.05621 0.01453 0.37366 0.69097 61 29 13 54 33 547 100.00000 0
4090 6495 11.19621 0.02463 0.31141 0.87715 61 31 17 43 30 695 100.00000 0
3568 8355 11.78559 0.00563 0.37269 0.29475 79 57 5 73 59 373 100.00000 0
913 4293 10.06906 0.02383 0.52905 1.43149 102 69 14 96 73 392 100.00000 0
1153 6989 10.13440 0.00970 0.31542 0.48295 179 137 21 177 150 816 100.00000 0
373 6221 11.64406 0.00891 0.41070 0.48859 166 113 17 157 129 591 100.00000 0
3404 8188 11.05766 0.10109 0.42761 0.14537 66 36 13 61 46 353 100.00000 0
485 6314 10.04627 0.02404 0.25982 0.61230 407 340 30 395 359 984 100.00000 0
3243 8055 11.06274 0.01484 0.45884 0.83181 43 22 8 37 18 495 100.00000 0
187 6085 10.80929 0.02337 0.63804 1.72238 21 9 5 18 14 135 100.00000 0
1025 4422 10.31478 0.02083 0.35410 1.03401 135 99 14 127 95 573 100.00000 0
3396 8208 10.93773 0.12645 0.07530 0.90482 79 48 19 79 53 277 100.00000 0
6107 8595 11.39122 0.03060 0.66753 0.66910 83 15 8 76 53 305 100.00000 0
3843 6284 11.17433 0.02301 0.97683 0.90828 184 81 62 174 63 571 100.00000 0
4457 6890 10.49150 0.41907 1.26577 2.94703 84 40 14 77 30 544 100.00000 0
359 3800 10.63139 0.01759 0.17587 1.00522 219 153 47 217 185 655 100.00000 0
1543 4854 11.95271 0.16610 0.58765 1.46500 89 43 21 82 37 644 100.00000 0
5796 8133 10.43753 0.14704 0.29590 0.41496 95 75 13 80 69 362 100.00000 0
3686 8576 10.83173 0.01491 0.32635 0.46981 67 45 11 56 48 332 100.00000 0
2828 5329 11.49547 0.72360 0.72515 2.18785 28 2 0 25 17 169 100.00000 0
33 95 10.63715 0.07637 1.27845 4.36179 66 1 3 64 40 338 100.00000 0
1276 7108 10.84387 0.05532 0.43699 0.56093 94 66 14 94 68 717 100.00000 0
1553 4891 10.45509 0.24500 0.47466 0.64710 120 62 22 116 84 597 100.00000 0
832 6624 11.04188 0.83572 0.62499 1.94622 105 36 0 94 44 460 100.00000 0
5695 8031 11.79649 0.01054 0.48505 1.29241 33 22 4 30 19 168 100.00000 0
41 3555 11.17761 0.08304 1.59288 4.76888 63 0 0 55 40 293 100.00000 0
1006 4374 11.13627 0.04693 0.31699 2.69239 110 60 29 110 72 424 100.00000 0
4551 7017 11.68665 0.03921 0.56457 0.66205 64 31 11 60 45 507 100.00000 0
3284 5741 11.28120 0.01391 0.64049 1.08282 50 23 12 38 24 289 100.00000 0
5672 7996 10.28090 0.14077 0.78129 2.10989 33 20 3 27 17 174 100.00000 0
5916 8282 10.87892 0.81725 0.59081 0.90482 52 34 9 50 30 199 100.00000 0
4098 6503 10.78399 0.04512 0.15763 2.43011 117 82 27 100 37 957 100.00000 0
854 4225 11.73332 1.04119 0.36681 2.33431 69 8 0 57 52 290 100.00000 0
731 4116 11.05272 0.01700 0.55470 0.55391 75 46 7 75 56 734 100.00000 0
3536 8317 10.27139 0.02715 0.32902 0.42058 91 58 17 87 62 390 100.00000 0
3498 5924 11.98702 0.97594 0.76868 1.23099 65 28 10 61 35 226 100.00000 0
6053 8466 10.56577 0.02281 0.46866 0.58950 119 78 35 113 100 464 100.00000 0
5766 8071 11.97288 0.04725 0.65470 2.80463 55 33 12 48 28 319 100.00000 0
4441 6910 10.14122 0.47717 0.86098 2.07905 143 120 11 143 52 580 100.00000 0
418 3828 10.29530 0.05376 0.42601 3.03499 331 250 45 331 201 759 100.00000 0
29 3527 10.69874 0.08715 1.32162 5.05912 65 5 2 57 43 343 100.00000 0
4053 6485 11.17804 0.03804 0.10565 1.83590 85 44 32 78 50 447 100.00000 0
4142 6566 10.16146 0.08733 0.42198 0.71217 110 67 20 108 73 734 100.00000 0
3216 7981 11.85666 0.74872 0.89173 0.61485 10 0 0 10 8 127 100.00000 0
3113 5617 10.05663 0.01209 0.30219 0.41307 62 44 11 62 47 304 100.00000 0
783 6618 11.04949 0.22715 0.68260 0.65432 74 23 27 70 46 579 100.00000 0
3663 6090 11.56746 0.02210 0.38559 0.70886 70 45 12 68 50 217 100.00000 0
3293 5752 10.61418 0.03534 0.35969 2.01790 57 36 13 53 26 304 100.00000 0
523 3924 10.79563 0.02087 0.30323 0.15826 258 204 22 252 214 651 100.00000 0
1692 5012 10.28561 0.00741 0.49671 0.64528 35 19 5 29 22 142 100.00000 0
343 6219 10.09782 0.00714 0.44972 0.17694 139 101 10 133 119 550 100.00000 0
599 3996 10.03216 0.02180 0.36359 0.43521 128 93 12 125 101 412 100.00000 0
5675 8001 10.09544 0.06131 1.11164 2.76867 17 4 2 9 4 148 100.00000 0
551 6396 11.65850 0.06585 0.39768 3.79952 156 75 31 140 79 443 100.00000 0
1690 5010 10.04298 0.00544 0.38974 0.70886 34 18 11 32 24 184 100.00000 0
1227 7056 10.03183 0.05889 0.41550 0.13122 173 114 19 173 145 963 100.00000 0
4111 6539 10.20334 0.06865 0.64862 0.28939 105 37 4 94 73 726 100.00000 0
1254 4604 10.85307 0.04707 0.62027 0.84950 158 94 28 152 122 875 100.00000 0
4497 6965 10.74697 0.02188 0.48193 1.23385 57 13 4 55 30 432 100.00000 0
3 8354 10.42549 0.08890 1.37972 5.07852 50 1 1 35 30 304 100.00000 0
5666 7957 11.07263 1.59438 0.34940 2.15867 27 9 1 23 9 195 100.00000 0
4226 6617 10.93077 0.65447 0.58584 2.03740 82 8 1 69 54 507 100.00000 0
569 3991 11.36056 0.02684 0.44823 1.46045 89 40 14 68 45 350 100.00000 0
143 6027 10.32329 0.01450 0.38913 0.84811 63 33 20 54 37 376 100.00000 0
179 3609 11.79688 0.01474 0.43529 0.80406 110 62 16 106 73 518 100.00000 0
1554 4864 11.48628 0.21263 0.28145 1.09432 83 41 20 75 59 548 100.00000 0
89 8333 11.01928 0.02395 0.34445 0.79525 80 59 4 78 63 379 100.00000 0
22 8355 10.68106 0.09103 1.57523 5.20473 70 0 0 63 46 379 100.00000 0
981 6788 11.51908 0.02512 0.72177 1.41499 70 33 18 65 29 403 100.00000 0
4014 6422 11.51188 0.03176 0.64929 1.38055 104 64 18 92 61 350 100.00000 0
52 3555 11.17761 0.08304 1.52908 4.82613 72 0 2 63 51 387 100.00000 0
3588 8387 10.27868 0.00328 0.29088 0.14537 103 78 10 97 75 287 100.00000 0
3232 8008 10.80129 0.00840 0.40097 0.25023 23 10 4 19 13 198 100.00000 0
583 3981 10.27124 0.01730 0.25852 0.88911 118 85 19 116 94 429 100.00000 0
4435 6905 11.38197 0.38724 1.19000 2.60699 69 39 6 65 20 490 100.00000 0
4399 6857 10.26603 0.03781 1.11993 2.17331 137 103 23 126 80 563 100.00000 0
5891 8208 11.12651 0.12271 0.61368 1.88471 69 50 7 64 47 286 100.00000 0
1623 4956 10.78291 0.02586 0.48714 1.01645 64 29 11 60 35 594 100.00000 0
3339 5822 10.38137 0.11192 0.40832 0.64163 27 12 5 24 15 191 100.00000 0
34 95 10.63715 0.07637 1.57435 4.36359 63 0 0 59 35 355 100.00000 0
3320 8103 10.59609 0.10287 0.31353 0.28255 26 17 7 26 16 171 100.00000 0
4278 6695 11.81124 0.00851 0.67401 0.67551 42 16 6 36 27 238 100.00000 0
1845 5125 11.28235 1.16774 0.47309 0.48939 45 11 3 41 22 285 100.00000 0
1213 7045 11.83461 0.06877 0.43355 0.42978 134 104 21 128 111 983 100.00000 0
5680 7957 10.56065 1.57333 0.34626 2.59947 34 9 12 16 4 216 100.00000 0
5724 8030 10.80381 0.01483 0.36431 0.61038 41 25 7 27 22 510 100.00000 0
602 4022 10.02787 0.02106 0.21627 0.91685 157 136 14 144 113 473 100.00000 0
5673 8001 11.60502 0.06474 0.44277 2.25568 26 11 8 22 12 205 100.00000 0
4044 6477 11.89692 0.04528 0.31140 2.06715 113 45 32 109 81 517 100.00000 0
608 6450 11.59272 0.01759 0.09128 0.31153 130 97 23 122 82 557 100.00000 0
4198 6641 10.61259 0.56086 0.87468 1.37288 117 21 19 113 75 709 100.00000 0
3299 5788 11.83617 0.10469 0.51153 0.96144 49 27 5 45 31 238 100.00000 0
3229 5689 11.96084 0.05460 0.94738 3.11005 17 10 0 13 11 115 100.00000 0
33 3554 10.16073 0.08193 1.76570 4.70178 83 0 0 69 51 343 100.00000 0
807 4190 11.48508 0.15506 0.35256 1.38875 104 42 33 100 75 677 100.00000 0
3493 8309 11.86674 0.32454 0.50327 1.55922 51 31 4 46 31 256 100.00000 0
152 6033 11.33923 0.01341 0.52324 0.82044 61 15 16 55 36 346 100.00000 0
4670 7154 11.58319 0.21279 0.37455 3.39015 71 9 7 61 22 526 100.00000 0
3523 5955 11.03610 0.06987 0.56419 0.65492 81 22 2 77 57 334 100.00000 0
1206 4583 10.65921 0.05138 0.27405 0.52712 118 91 23 114 95 940 100.00000 0
3509 8280 11.67359 0.57119 1.21582 1.62943 31 7 6 23 17 209 100.00000 0
888 6732 11.29920 0.02043 0.64603 1.15182 59 28 6 47 38 300 100.00000 0
242 3670 10.09476 0.01918 0.20518 0.38052 89 70 16 89 68 363 100.00000 0
4475 6908 11.95545 0.46588 0.43518 0.86366 122 73 14 115 75 577 100.00000 0
1834 5129 11.47486 0.80088 0.52887 1.92275 40 26 7 27 18 170 100.00000 0
6061 8491 10.07766 0.01748 0.56442 0.58283 67 33 7 63 52 327 100.00000 0
906 6747 10.32162 0.01739 0.23436 0.82614 76 49 11 68 59 340 100.00000 0
75 3529 11.70882 0.05949 0.43303 3.38090 78 40 10 70 47 361 100.00000 0
90 3538 10.52453 0.01905 0.49587 0.95162 73 50 8 60 51 294 100.00000 0
5861 8179 11.27461 0.07823 0.59202 0.58215 27 8 4 20 15 225 100.00000 0
119 8361 10.77372 0.00463 0.26755 0.33338 78 53 10 78 50 300 100.00000 0
770 4189 10.82118 0.04318 0.49752 2.35252 91 65 14 87 32 549 100.00000 0
1062 6868 11.77400 0.10202 0.63574 1.48648 45 26 8 41 25 325 100.00000 0
376 6247 10.65025 0.01323 0.24141 0.62307 183 128 29 181 154 599 100.00000 0
3441 8222 10.38196 0.05459 0.74391 0.60845 64 13 8 58 33 310 100.00000 0
4401 6824 10.09339 0.02393 0.33723 1.41527 108 68 24 98 79 345 100.00000 0
158 3594 10.03936 0.00689 0.63711 0.43251 62 31 12 54 35 349 100.00000 0
1397 4725 11.59969 0.06671 0.84485 1.36773 100 53 13 92 40 784 100.00000 0
3803 6249 11.97541 0.01328 0.36624 0.76310 162 73 53 160 138 489 100.00000 0
1404 4732 11.75651 0.07770 0.51921 1.23511 88 28 27 81 40 927 100.00000 0
744 4129 11.55064 0.01622 0.31013 0.57061 111 82 13 103 85 635 100.00000 0
3193 8003 10.57789 0.04100 0.72264 1.39914 21 5 2 14 8 163 100.00000 0
3433 8215 10.49045 0.10792 0.43497 1.15080 66 34 13 62 30 316 100.00000 0
4313 6735 11.57251 0.01708 0.33326 0.98596 79 49 16 75 59 299 100.00000 0
502 3904 10.10470 0.03322 0.46483 1.80602 438 200 41 438 321 972 100.00000 0
5752 8057 10.74542 0.03414 0.75404 1.98268 57 20 2 57 36 306 100.00000 0
225 8587 11.34026 0.03905 0.76663 0.97959 67 11 2 58 43 305 100.00000 0
775 6606 11.60599 0.10012 1.26815 2.77671 74 50 14 74 35 397 100.00000 0
1219 4573 10.05122 0.05602 0.24806 0.31898 157 126 24 150 117 1089 100.00000 0
1134 6942 11.57274 0.11722 0.19571 1.72578 81 45 14 79 43 499 100.00000 0
734 4118 11.78747 0.01628 0.32662 0.58283 79 56 8 63 49 605 100.00000 0
3488 8305 11.52779 0.46896 0.78734 1.66389 49 36 6 45 28 221 100.00000 0
3516 8291 11.07584 0.23123 0.59126 0.81805 108 30 7 98 78 352 100.00000 0
5882 8201 10.29158 0.11234 0.57836 0.32865 154 61 17 154 114 453 100.00000 0
300 3747 11.82207 0.02923 1.01150 1.63446 113 80 10 111 62 495 100.00000 0
3960 6368 11.54440 0.01153 0.38717 0.34150 117 68 6 115 89 376 100.00000 0
1818 5123 11.50358 0.30616 0.50600 0.56924 62 32 9 58 28 412 100.00000 0
54 6002 10.15824 0.08518 1.31020 4.76855 65 0 0 49 42 299 100.00000 0
1220 4595 10.37625 0.04302 0.40335 0.44235 152 113 21 146 113 1074 100.00000 0
2982 5453 10.73762 0.10389 0.11970 0.65012 115 84 26 107 79 501 100.00000 0
6007 8343 11.53365 0.00666 0.25231 0.14265 65 30 16 61 35 308 100.00000 0
97 8374 10.84757 0.03174 0.54511 1.42134 86 22 24 80 63 399 100.00000 0
4122 6524 11.25582 0.01553 0.15954 0.64346 86 46 25 75 56 848 100.00000 0
5693 7980 10.60243 0.80202 0.34766 2.13680 37 4 5 27 13 247 100.00000 0
566 3963 11.63173 0.04583 1.11619 2.65107 114 70 17 106 33 381 100.00000 0
96 3567 10.55780 0.02842 0.33104 0.87581 109 66 16 103 86 427 100.00000 0
3844 6286 11.59591 0.03559 0.31090 1.72986 174 78 38 166 137 505 100.00000 0
4406 6867 10.06327 0.01493 0.43528 1.14500 105 48 8 97 75 518 100.00000 0
1759 5077 11.05073 0.02335 0.42007 1.02259 35 12 7 32 21 184 100.00000 0
251 6138 10.88007 0.00409 0.48480 0.30001 79 47 9 68 50 374 100.00000 0
901 6716 10.29038 0.01930 0.29390 0.96510 86 73 9 86 61 314 100.00000 0
3669 8606 11.94698 0.03538 0.83148 1.27534 89 11 3 87 59 327 100.00000 0
3554 8371 10.57406 0.01544 0.43824 0.87670 111 50 23 106 84 424 100.00000 0
5980 8309 11.53211 0.01050 0.39474 0.63735 88 55 7 76 60 363 100.00000 0
444 3877 11.58837 0.02328 0.28569 0.35608 331 294 23 327 298 759 100.00000 0
1570 4877 11.06207 0.28868 0.43869 0.36477 162 105 50 155 119 696 100.00000 0
1582 4885 11.10249 0.35051 0.42295 0.93125 123 57 33 117 91 547 100.00000 0
824 6680 11.14864 1.09622 1.61255 3.05416 53 26 2 37 20 286 100.00000 0
3626 8446 11.06516 0.01502 0.12108 0.81325 100 79 13 91 68 493 100.00000 0
1516 4833 10.89623 0.11575 1.22134 2.54145 92 1 2 90 69 638 100.00000 0
3452 8280 10.56542 0.72364 0.75172 1.31045 73 55 9 68 38 260 100.00000 0
2995 5493 10.03637 0.12679 0.11758 0.86139 185 132 32 170 149 702 100.00000 0
339 6193 10.86458 0.01013 0.47480 0.57471 141 96 13 135 120 501 100.00000 0
5852 8169 11.07321 0.04098 0.58721 0.59083 24 7 3 19 12 212 100.00000 0
1743 5034 10.79872 0.00948 0.45895 0.27836 66 35 16 64 43 418 100.00000 0
4427 6855 10.07321 0.03060 0.71682 1.75435 92 51 21 88 59 557 100.00000 0
896 4275 10.54133 0.01441 0.34880 0.86728 59 39 8 44 38 245 100.00000 0
3203 5700 11.62361 0.03696 0.48274 2.03740 20 9 5 18 10 184 100.00000 0
4618 7089 11.42717 0.04178 0.17725 1.24929 178 110 59 178 126 810 100.00000 0
3593 6026 11.84972 0.01754 0.65653 1.02412 85 17 34 69 44 430 100.00000 0
317 6196 10.05874 0.01766 0.36553 0.93461 155 109 23 151 119 587 100.00000 0
1350 7150 10.09211 0.19037 0.80947 3.16731 106 19 1 93 33 871 100.00000 0
1020 6825 10.86620 0.03654 0.21094 2.08093 84 58 17 80 54 374 100.00000 0
2825 5327 11.58802 0.85107 0.75161 3.18088 37 8 1 37 20 199 100.00000 0
1050 6897 10.54192 0.16186 0.44918 1.37459 55 21 13 53 24 436 100.00000 0
2944 5409 11.50545 0.13140 0.32878 2.27813 40 16 11 35 13 207 100.00000 0
3163 5635 11.31273 0.00372 0.56311 0.25944 38 15 7 31 27 190 100.00000 0
3583 8377 11.79234 0.00623 0.12887 0.36154 64 49 6 64 43 312 100.00000 0
1205 4559 10.99324 0.03899 0.39614 0.32746 127 92 6 121 95 891 100.00000 0
3433 8252 10.20910 0.14929 0.53979 1.56323 79 37 19 72 34 380 100.00000 0
4250 6659 10.06033 0.69808 0.55114 1.90578 49 17 3 38 26 300 100.00000 0
862 4274 10.82494 0.01119 0.18005 0.57198 59 49 5 53 43 265 100.00000 0
1184 7017 10.80919 0.04047 0.47092 0.80697 105 68 19 99 73 625 100.00000 0
247 8576 11.08158 0.01155 0.44394 0.46730 91 40 5 76 57 378 100.00000 0
790 6631 10.94714 0.38737 0.44088 0.59215 146 54 38 138 116 685 100.00000 0
375 3814 10.33423 0.01334 0.30388 0.58684 219 115 34 217 180 596 100.00000 0
933 6777 11.28610 0.02168 0.29933 1.23796 90 49 33 85 53 333 100.00000 0
1313 7145 11.08072 0.06704 0.63666 1.33060 108 28 24 108 69 738 100.00000 0
927 4307 10.05975 0.02445 0.14324 1.48253 73 48 9 69 39 325 100.00000 0
3940 6373 11.31032 0.01520 0.39176 0.42428 136 86 31 127 97 424 100.00000 0
3485 5957 10.39124 0.54719 1.09620 1.76503 45 24 3 42 24 254 100.00000 0
1417 4744 11.62814 0.06172 0.49256 0.78534 89 39 19 84 45 817 100.00000 0
1835 5126 10.32566 0.83598 0.71379 0.74703 52 4 1 50 32 193 100.00000 0
569 6387 11.50234 0.02894 0.14465 1.44915 120 101 8 111 69 456 100.00000 0
5910 8224 11.79879 0.02330 0.37583 0.48214 62 27 19 56 42 354 100.00000 0
1088 6896 11.71790 0.49275 0.77986 2.38721 74 49 9 63 29 484 100.00000 0
1829 5099 11.12817 0.65385 0.76199 1.53773 35 12 9 33 12 166 100.00000 0
2877 5335 10.05487 0.09880 0.35154 1.73393 43 20 4 28 17 258 100.00000 0
4330 6782 10.21639 0.05023 1.06610 2.87807 70 47 7 62 35 332 100.00000 0
4144 6544 10.22157 0.06509 0.29280 0.34605 105 74 8 96 77 591 100.00000 0
782 6577 11.80515 0.00813 0.38235 0.60909 62 31 15 56 42 522 100.00000 0
843 4215 11.23248 1.31988 0.24733 0.96672 50 31 14 38 24 365 100.00000 0
378 3791 11.18317 0.00882 0.23541 0.50046 179 119 29 171 109 626 100.00000 0
3954 6387 11.04187 0.00872 0.45651 0.33102 160 102 17 148 133 446 100.00000 0
3399 8183 11.50808 0.08293 0.46931 0.60587 58 23 5 49 32 337 100.00000 0
835 6626 11.24531 0.97257 0.40107 2.27417 87 20 2 65 29 396 100.00000 0
5867 8213 10.04040 0.10678 0.44555 0.89875 67 25 9 64 33 302 100.00000 0
5857 8203 11.99544 0.11608 0.21785 0.59872 54 32 15 52 26 353 100.00000 0
809 6666 10.55957 1.21926 0.27347 1.24772 90 25 15 78 44 486 100.00000 0
3227 5718 11.05404 0.00836 0.42540 0.27411 71 38 7 67 52 454 100.00000 0
3851 6266 11.84080 0.01939 0.62624 1.10853 209 193 6 205 126 518 100.00000 0
3120 5602 10.31719 0.01549 0.46558 0.73913 79 39 19 77 53 399 100.00000 0
3183 5654 10.29756 0.01385 0.25993 0.83275 80 51 17 66 41 370 100.00000 0
4620 7090 10.51619 0.04794 0.34827 1.21853 204 100 61 196 139 840 100.00000 0
1242 7073 11.98005 0.02460 0.48546 0.68070 172 129 36 169 133 959 100.00000 0
922 6738 10.06093 0.02352 0.18175 1.36257 108 80 19 108 69 451 100.00000 0
1620 4954 11.29816 0.03842 0.42235 0.65132 56 38 13 50 32 461 100.00000 0
3636 8471 11.02316 0.01696 0.47806 0.97839 57 29 4 57 48 273 100.00000 0
969 4339 11.83219 0.01618 0.45556 0.96631 65 39 14 58 44 307 100.00000 0
1117 6928 10.35108 0.28472 0.28485 0.28667 117 78 26 112 87 562 100.00000 0
202 8491 11.28967 0.01806 0.54824 0.71217 70 25 5 65 52 228 100.00000 0
13 6003 11.16368 0.08689 1.53259 4.95741 61 0 4 59 37 351 100.00000 0
4258 6670 10.84025 0.28798 0.64467 1.47299 47 12 2 36 29 230 100.00000 0
525 3949 10.28926 0.00394 0.47039 0.17914 174 110 12 170 141 483 100.00000 0
4022 6454 10.10167 0.03085 0.29074 1.28207 135 106 16 118 81 643 100.00000 0
1076 4434 11.75863 0.34157 0.88234 2.17169 49 22 3 42 15 442 100.00000 0
345 6197 11.91641 0.00588 0.27915 0.30901 214 157 32 210 185 572 100.00000 0
4575 7017 10.75047 0.04677 0.41784 0.41022 74 40 26 72 51 947 100.00000 0
1664 4963 11.56252 0.00974 0.43628 0.68070 32 8 16 26 7 283 100.00000 0
6097 8520 11.53912 0.03043 0.32005 0.41022 51 27 3 44 40 195 100.00000 0
3517 5982 11.02623 0.01268 0.53016 0.78135 86 56 12 77 62 356 100.00000 0
3670 8616 11.94400 0.03324 0.87811 1.25523 51 6 1 44 28 260 100.00000 0
823 6679 10.56109 1.13170 1.03004 3.33777 69 19 4 55 39 323 100.00000 0
1308 7140 11.03506 0.06745 0.40889 0.88559 73 36 16 59 45 749 100.00000 0
231 8626 11.14976 0.03085 0.82620 0.94874 71 2 2 67 46 298 100.00000 0
1810 5120 11.82487 0.12704 0.43531 0.51813 56 35 3 43 36 429 100.00000 0
860 4232 11.95602 0.68489 1.07519 2.76414 49 6 5 41 25 264 100.00000 0
3370 5850 10.85829 0.04188 0.35003 0.58551 30 17 2 21 17 208 100.00000 0
1355 7169 11.79607 1.01009 1.22857 2.66124 91 1 0 79 47 669 100.00000 0
3115 5620 10.57258 0.01128 0.44288 0.50124 63 35 11 61 45 316 100.00000 0
4199 6641 10.10962 0.55710 0.98004 1.26671 126 41 35 118 66 690 100.00000 0
4093 6524 11.56369 0.04300 0.39053 1.84058 78 29 15 70 24 942 100.00000 0
3604 6038 10.54003 0.01989 0.41965 0.57743 76 47 7 68 46 441 100.00000 0
6061 8493 10.56796 0.02057 0.43753 0.81613 65 38 11 63 46 337 100.00000 0
3515 5947 10.56424 0.21138 0.30374 1.15420 83 45 5 80 62 364 100.00000 0
282 3731 11.85085 0.01153 0.74342 0.31279 134 29 8 126 103 428 100.00000 0
858 6660 11.75508 0.70864 0.69360 2.57146 46 2 3 36 23 232 100.00000 0
3713 6138 11.37741 0.00434 0.62798 0.31898 74 32 31 68 51 383 100.00000 0
1354 7161 10.06117 0.61476 1.33825 2.73323 112 0 0 103 47 811 100.00000 0
3317 5804 11.90603 0.16742 0.35605 0.62620 51 32 8 49 40 249 100.00000 0
307 6165 10.38220 0.00890 0.34682 0.55673 78 55 9 74 54 380 100.00000 0
2906 5368 11.23408 0.13401 0.38159 0.99308 74 45 13 68 44 442 100.00000 0
629 6445 10.78690 0.02445 0.13425 0.81036 116 98 14 109 90 556 100.00000 0
2996 5469 11.48016 0.14195 0.60387 0.64528 166 104 33 162 106 728 100.00000 0
3638 8480 10.21529 0.04040 0.51695 2.30342 93 66 9 84 55 334 100.00000 0
13 3556 11.91419 0.08272 1.50671 4.73781 57 0 1 54 29 352 100.00000 0
1798 5110 10.52818 0.03389 0.48665 0.40056 31 18 2 31 22 189 100.00000 0
4511 6949 10.12092 0.04495 0.41858 1.25990 57 21 2 47 28 463 100.00000 0
4634 7108 11.17452 0.05149 0.45961 0.42704 66 29 11 60 39 701 100.00000 0
6099 8523 11.78056 0.03292 0.36308 0.54032 57 36 7 50 42 173 100.00000 0
1386 4739 11.67838 0.05610 0.35547 0.97237 144 106 11 140 74 899 100.00000 0
934 6747 11.80744 0.00810 0.51805 0.16786 60 27 7 56 41 280 100.00000 0
3629 6083 10.09158 0.04256 0.08922 2.14831 80 45 21 71 58 295 100.00000 0
485 6338 10.81305 0.02054 0.40183 0.97076 409 190 45 403 365 814 100.00000 0
27 95 10.63715 0.07637 1.40163 4.39169 62 0 1 56 43 315 100.00000 0
4197 6587 11.98225 0.05822 1.30123 3.08756 71 14 7 67 30 280 100.00000 0
1597 4897 11.20179 0.39293 0.27218 0.45542 103 68 13 97 69 479 100.00000 0
3424 8207 10.49700 0.14661 0.27949 0.35054 61 49 3 59 46 240 100.00000 0
793 6635 10.04454 0.44498 0.87070 0.98834 110 65 24 108 65 762 100.00000 0
3327 5811 10.27630 0.14968 0.76723 0.42244 57 15 7 50 35 253 100.00000 0
1555 4896 11.96241 0.31056 0.57946 0.47147 82 28 33 65 44 528 100.00000 0
3408 8192 10.95769 0.11688 0.34921 0.34605 54 33 13 54 37 301 100.00000 0
1015 4415 11.54795 0.03062 1.09758 1.77277 126 65 32 110 82 560 100.00000 0
63 8355 10.68106 0.09103 0.68632 5.21519 111 18 27 109 87 416 100.00000 0
996 4397 10.53603 0.01744 0.24782 1.09432 99 72 13 96 50 423 100.00000 0
1587 4888 11.54450 0.38484 0.27453 1.86886 92 56 26 81 49 553 100.00000 0
965 6774 10.51955 0.02675 0.68793 1.52213 91 41 3 81 62 357 100.00000 0
3482 8301 11.18570 0.63871 1.09266 2.14940 58 15 1 47 36 206 100.00000 0
5713 8050 11.05706 0.01500 0.32923 0.85363 44 23 9 42 18 492 100.00000 0
5923 8290 10.97969 0.91878 1.01675 1.65540 68 47 8 61 35 301 100.00000 0
1174 6984 10.20666 0.00409 0.34249 0.29739 164 128 7 162 124 747 100.00000 0
88 3562 10.05297 0.02622 0.28874 0.87492 126 74 16 124 101 428 100.00000 0
435 6271 11.30664 0.04786 1.62923 2.74081 136 68 17 123 50 481 100.00000 0
5911 8227 10.08817 0.00629 0.75304 0.36691 62 9 10 50 31 328 100.00000 0
1054 6860 11.00037 0.05494 0.67123 2.60880 84 71 6 67 56 444 100.00000 0
3747 6172 10.04489 0.03265 0.90911 1.76236 113 94 13 109 48 501 100.00000 0
1415 4743 11.16351 0.06020 0.38041 0.26244 83 38 31 77 38 837 100.00000 0
4203 6655 11.62120 0.93868 1.01714 1.44591 109 35 29 100 40 620 100.00000 0
706 6535 10.87729 0.05081 0.46217 0.64710 68 31 22 57 40 880 100.00000 0
51 8354 10.42549 0.08890 1.26563 5.10346 61 0 5 59 41 354 100.00000 0
805 4232 10.71861 1.08341 0.17166 1.70272 110 12 1 96 49 566 100.00000 0
1200 4578 11.07086 0.05643 0.11393 0.74336 129 113 11 127 99 990 100.00000 0
1019 6822 11.79946 0.00787 0.28112 0.46981 64 44 13 64 43 289 100.00000 0
431 6269 10.18970 0.03106 0.60948 1.78509 220 134 71 212 189 567 100.00000 0
5889 8206 11.54064 0.12090 0.19719 0.65849 75 51 10 71 50 322 100.00000 0
1176 7010 10.98411 0.01942 0.56016 0.40542 69 30 17 60 53 576 100.00000 0
3393 5849 10.25992 0.05975 0.37819 0.52265 35 10 10 25 13 210 100.00000 0
3227 8040 11.04993 0.00758 0.40302 0.34150 51 29 5 44 30 426 100.00000 0
735 6562 11.87322 0.10238 0.20755 0.34830 77 52 11 73 50 578 100.00000 0
4383 6803 11.82226 0.00919 0.28507 0.51889 67 55 7 56 43 308 100.00000 0
3415 5865 11.96042 0.14598 0.54794 0.80162 66 19 10 60 30 312 100.00000 0
4617 7088 11.68593 0.03989 0.48051 1.24207 208 51 24 203 146 887 100.00000 0
555 3953 11.29780 0.00500 0.39391 0.28531 141 88 15 124 103 484 100.00000 0
3494 8261 10.32786 0.84450 0.56942 0.92450 69 35 14 67 41 277 100.00000 0
4175 6569 10.76588 0.04020 0.44017 1.38536 93 46 8 91 37 632 100.00000 0
777 6610 11.95343 0.13201 1.35154 1.50090 95 23 44 85 55 567 100.00000 0
18 6002 10.15824 0.08518 1.80314 4.82848 63 0 0 63 44 307 100.00000 0
1679 5001 10.30938 0.00836 0.35902 0.41022 40 22 9 33 26 301 100.00000 0
3741 6165 11.12580 0.01241 0.30066 0.65432 77 46 15 68 51 357 100.00000 0
2941 5408 10.10670 0.11241 0.36580 1.53926 62 28 24 54 42 293 100.00000 0
4575 7016 11.55066 0.04994 0.29409 0.41496 66 44 10 63 53 887 100.00000 0
4101 6505 11.17219 0.02302 0.35755 0.97679 106 79 20 100 65 974 100.00000 0
863 4276 11.82132 0.01284 0.30931 0.73435 60 47 5 51 34 250 100.00000 0
1266 7098 11.50069 0.04319 0.37714 0.44675 104 66 33 98 80 574 100.00000 0
405 3844 11.89822 0.01995 0.06804 1.14329 248 156 73 246 194 542 100.00000 0
1431 4778 10.08740 0.05200 0.14217 1.11100 122 83 32 120 71 976 100.00000 0
6057 8482 10.59773 0.02001 0.69527 0.57539 65 11 2 52 37 404 100.00000 0
4500 6970 11.95816 0.01556 0.44211 0.36477 62 30 10 56 42 410 100.00000 0
1630 4961 10.04311 0.01789 0.54724 0.99229 53 30 13 49 30 428 100.00000 0
4248 6701 10.80934 0.09706 0.18855 0.92366 81 43 5 70 51 275 100.00000 0
822 6612 11.82297 0.47416 0.86388 1.47140 118 36 7 111 58 652 100.00000 0
1240 7046 10.58703 0.03363 0.25045 0.16551 135 112 17 133 106 832 100.00000 0
1238 7043 11.50007 0.04572 0.39641 0.24708 117 81 29 113 95 745 100.00000 0
1352 4680 11.16338 0.07388 0.98220 2.44841 48 21 11 48 14 541 100.00000 0
1048 4443 10.01963 0.11494 0.50594 0.89131 50 32 6 48 28 462 100.00000 0
4149 6546 11.75701 0.06709 0.57758 0.27554 111 57 12 103 70 556 100.00000 0
3467 8238 10.30200 0.34843 0.27993 1.39381 90 48 7 86 44 413 100.00000 0
2877 5334 10.78263 0.10554 0.63413 2.51419 57 30 4 51 33 322 100.00000 0
3360 5820 10.04295 0.04827 0.24462 0.82044 14 6 0 11 9 145 100.00000 0
2812 5319 10.80781 1.32962 0.96958 2.79176 45 22 6 41 18 212 100.00000 0
504 3905 11.36986 0.03855 0.25841 2.13368 451 371 25 439 330 908 100.00000 0
2817 5286 10.89557 1.19035 0.72626 2.81522 120 71 29 118 46 465 100.00000 0
886 4264 10.82123 0.01830 0.57099 1.05795 39 22 9 25 20 197 100.00000 0
1395 4723 11.60573 0.06129 0.33284 1.38225 101 72 13 91 39 818 100.00000 0
5721 8058 10.30681 0.00755 0.43998 0.43160 40 20 9 38 21 362 100.00000 0
3061 5543 10.82975 0.01982 0.50929 0.24708 41 17 3 36 28 210 100.00000 0
90 3537 11.27951 0.01901 0.36577 0.82709 107 73 13 107 79 385 100.00000 0
1226 7057 11.51148 0.06513 0.61308 0.11191 115 25 11 113 83 834 100.00000 0
936 4342 10.04138 0.02588 0.44620 1.48622 96 60 6 85 64 340 100.00000 0
3212 8024 10.08204 0.02262 0.08378 1.29905 19 6 9 19 10 140 100.00000 0
4514 6950 11.93704 0.03190 0.19650 0.97839 72 49 7 70 46 471 100.00000 0
3559 5993 11.79916 0.01380 0.40901 0.76515 46 29 4 40 27 304 100.00000 0
1569 4876 11.15431 0.28925 0.41891 0.38155 91 56 22 85 63 593 100.00000 0
857 6706 11.52233 0.02981 0.48237 1.35912 61 42 3 49 26 222 100.00000 0
1376 4704 11.71837 0.01437 0.52261 0.62994 52 34 8 43 33 537 100.00000 0
230 3682 11.07784 0.03192 0.37825 0.70997 126 93 22 122 93 405 100.00000 0
3686 8575 11.07517 0.01573 0.28712 0.47970 65 39 8 61 41 305 100.00000 0
21 96 10.90444 0.07666 1.94306 4.38472 70 0 0 61 42 292 100.00000 0
6082 8538 10.58280 0.03315 0.45127 1.66577 67 29 8 63 51 237 100.00000 0
4190 6623 10.60970 0.28406 0.36562 0.84116 95 45 32 81 65 576 100.00000 0
4317 6766 10.05652 0.00908 0.42638 0.53229 79 41 21 79 66 302 100.00000 0
4344 6797 10.82993 0.01997 0.45186 1.12257 105 44 26 97 63 384 100.00000 0
673 4063 10.71439 0.03053 0.87142 1.58511 82 40 8 74 46 542 100.00000 0
773 4192 10.42629 0.01763 0.23631 0.77430 70 29 26 64 41 549 100.00000 0
4499 6936 10.16436 0.20035 0.45064 1.09002 115 24 7 111 74 588 100.00000 0
3191 5689 11.15718 0.06191 0.33084 3.40318 23 9 8 17 9 156 100.00000 0
3404 8218 11.49465 0.12744 0.27654 0.68984 99 51 36 97 42 420 100.00000 0
2934 5426 10.96822 0.12069 0.16425 1.44401 18 10 4 18 11 145 100.00000 0
246 6112 10.61026 0.01875 0.61769 0.14537 83 19 10 75 54 321 100.00000 0
829 6617 11.98697 0.75618 0.91189 1.85836 91 17 7 82 49 469 100.00000 0
3424 5908 11.68576 0.01334 0.52804 0.76208 59 27 16 53 29 310 100.00000 0
4598 7042 10.04679 0.04608 0.43705 0.34150 184 134 37 184 141 1189 100.00000 0
1145 6984 11.47530 0.01261 0.31900 0.30001 166 122 24 164 144 624 100.00000 0
2905 5368 10.12237 0.12576 0.64602 0.85134 79 20 6 72 60 393 100.00000 0
997 6837 10.82001 0.00926 0.33218 0.47642 79 55 11 71 61 368 100.00000 0
900 6714 10.79823 0.01619 0.35248 0.75381 56 37 4 46 36 309 100.00000 0
211 8560 11.82371 0.02670 0.49117 0.35277 77 39 7 75 50 302 100.00000 0
1124 6967 11.92794 0.02379 0.37308 1.33237 43 21 3 33 23 433 100.00000 0
874 4249 11.78046 0.07066 0.52448 1.12257 56 19 1 42 33 224 100.00000 0
7 6004 11.91533 0.08659 1.67491 4.87918 57 0 2 49 34 336 100.00000 0
3028 5506 11.29912 0.01742 0.46094 0.45800 27 11 7 22 10 246 100.00000 0
477 6330 10.03445 0.01160 0.53663 0.16071 395 175 83 388 228 949 100.00000 0
3574 8403 11.59576 0.00777 0.67384 0.29342 65 16 17 58 42 379 100.00000 0
53 8354 10.42549 0.08890 1.21907 5.08777 67 1 9 46 37 331 100.00000 0
118 8358 11.78707 0.00535 0.50323 0.14537 58 32 5 56 42 308 100.00000 0
3665 8587 11.61846 0.03761 0.79512 0.83228 82 18 2 76 48 358 100.00000 0
3617 8494 11.04121 0.01562 0.45778 0.89657 67 20 10 65 35 310 100.00000 0
4131 6557 10.64384 0.11332 0.26100 0.51434 115 96 11 110 88 617 100.00000 0
3696 6123 10.38105 0.01104 0.46775 0.54823 87 55 22 81 64 384 100.00000 0
3575 8402 10.58058 0.00664 0.62820 0.14804 81 21 23 78 63 363 100.00000 0
3302 8083 11.31826 0.01830 0.57997 1.04792 29 19 6 25 20 222 100.00000 0
324 3768 11.90004 0.01300 0.16455 0.72900 153 124 20 147 109 488 100.00000 0
1313 4648 11.60437 0.02631 0.49607 1.17570 51 12 5 47 25 558 100.00000 0
1324 4655 11.94980 0.08244 0.43802 0.39067 62 29 21 54 23 580 100.00000 0
26 8322 11.21823 0.08738 1.61954 4.82670 81 0 0 79 61 336 100.00000 0
170 8427 11.55333 0.00802 0.45962 0.50280 95 38 24 90 67 408 100.00000 0
337 6214 10.33366 0.00792 0.45849 0.38563 112 33 9 110 86 415 100.00000 0
3594 6050 10.53541 0.01196 0.25516 0.59479 74 54 12 61 44 385 100.00000 0
5888 8242 11.93846 0.04184 0.46696 0.75796 64 41 11 62 42 291 100.00000 0
4045 6478 11.99400 0.06368 0.85597 3.29539 85 36 20 75 30 503 100.00000 0
3244 5732 10.30559 0.01753 0.45323 0.94874 39 23 4 29 21 648 100.00000 0
5705 8042 11.30831 0.00359 0.43180 0.57267 50 24 10 45 31 452 100.00000 0
989 4360 10.57007 0.01092 0.20259 0.64285 56 40 10 48 34 297 100.00000 0
2815 5284 11.84804 1.25689 0.39903 1.79929 124 51 51 119 88 446 100.00000 0
4163 6558 11.86092 0.08478 0.34459 0.77380 81 49 9 70 53 723 100.00000 0
38 8321 11.71935 0.08786 1.47460 4.91414 62 0 0 53 38 360 100.00000 0
5664 7960 11.17222 1.56346 0.46493 1.61301 28 11 4 20 7 195 100.00000 0
230 6120 11.07482 0.02851 0.42086 0.64771 83 48 5 79 46 335 100.00000 0
46 5975 11.71974 0.08796 1.37991 5.02874 74 7 5 56 43 364 100.00000 0
98 3568 10.31570 0.03124 0.25562 1.11838 81 43 20 79 51 351 100.00000 0
4489 6923 11.96194 0.36309 0.44305 0.41117 56 21 10 49 32 536 100.00000 0
932 6777 11.79670 0.02084 0.44000 1.18762 58 29 14 51 35 251 100.00000 0
163 6065 10.53897 0.01476 0.15204 0.84256 109 80 18 94 75 422 100.00000 0
5779 8117 11.88062 0.10165 0.88317 1.38790 13 7 0 9 9 126 100.00000 0
126 6012 11.31925 0.01415 0.59449 0.78534 48 17 13 46 29 251 100.00000 0
4080 6512 11.92966 0.02209 0.73559 0.78534 60 18 20 51 23 560 100.00000 0
935 4342 10.79931 0.02420 0.26477 1.41720 98 66 16 94 67 354 100.00000 0
4182 6576 10.27127 0.01461 0.34820 1.02182 57 25 6 51 29 432 100.00000 0
194 6067 10.00759 0.03375 0.47092 1.74988 102 68 11 94 75 327 100.00000 0
5852 8196 11.30147 0.09290 0.35284 0.27976 50 27 10 40 34 277 100.00000 0
6108 8545 10.03377 0.03615 0.43294 1.23226 163 101 10 161 92 483 100.00000 0
694 4081 11.51456 0.03302 0.47885 1.61495 81 32 13 73 50 632 100.00000 0
1084 4442 11.43778 0.44002 1.03217 2.02197 81 41 14 79 32 469 100.00000 0
1301 7135 11.94605 0.03956 0.44314 0.99190 57 16 21 44 22 705 100.00000 0
747 4164 11.34089 0.02288 0.53729 1.01799 113 59 11 106 75 701 100.00000 0
5989 8320 11.29444 0.02020 0.44811 0.34150 72 42 5 68 53 390 100.00000 0
191 8527 10.55632 0.02028 0.24224 0.95244 41 20 5 39 21 186 100.00000 0
1146 4531 10.86885 0.00691 0.07711 0.36477 161 142 8 152 124 679 100.00000 0
3491 5918 11.12059 0.92264 0.25083 1.02565 61 28 8 53 21 228 100.00000 0
3297 8107 10.31131 0.06742 0.58221 0.44323 48 23 11 44 30 209 100.00000 0
3821 6265 11.89294 0.00998 0.43848 0.41871 248 163 27 240 219 608 100.00000 0
4453 6886 10.20800 0.34411 1.47084 2.89813 56 28 4 38 17 442 100.00000 0
2875 5330 11.65500 0.10191 0.49863 1.66624 33 12 7 31 17 271 100.00000 0
3506 8278 10.27224 0.61599 0.96159 1.47618 64 14 3 62 38 290 100.00000 0
1152 4536 10.87426 0.00841 0.17113 0.40830 176 155 11 170 147 711 100.00000 0
1019 6861 10.36775 0.04033 0.37498 2.26641 144 100 14 131 95 552 100.00000 0
852 4222 11.75870 1.17759 0.78145 2.10282 63 13 8 56 37 342 100.00000 0
4550 7014 10.08905 0.02991 0.45034 0.49258 110 76 17 104 86 671 100.00000 0
81 6007 10.82772 0.03786 0.37004 1.72828 80 18 14 78 61 304 100.00000 0
4688 7141 10.79725 0.09989 0.60977 1.25959 112 31 7 108 78 785 100.00000 0
5780 8116 10.32591 0.08746 0.74683 0.62994 20 6 2 20 13 129 100.00000 0
5690 7972 11.24869 1.19187 0.61066 2.18767 16 3 0 16 7 151 100.00000 0
645 4064 10.58817 0.03570 0.54068 1.19877 122 83 15 120 56 585 100.00000 0
3209 5705 11.73246 0.04790 1.84802 2.93238 17 1 0 9 4 177 100.00000 0
1302 4670 10.88515 0.10983 0.37947 0.41022 69 37 12 61 35 751 100.00000 0
4434 6903 10.86671 0.32929 0.49710 2.36215 75 40 15 69 19 531 100.00000 0
6027 8411 10.34432 0.01095 0.55044 0.55461 86 33 36 82 61 501 100.00000 0
3672 8628 10.15473 0.02419 0.89736 0.84580 74 8 1 67 46 357 100.00000 0
787 6624 10.51679 0.29803 0.42587 0.84209 84 35 32 82 64 626 100.00000 0
3412 5892 10.46421 0.10261 1.11994 1.81898 124 62 39 120 79 465 100.00000 0
4271 6686 11.76668 0.03749 0.36604 1.43231 59 34 8 51 29 251 100.00000 0
4536 7002 11.21779 0.01674 0.48214 0.17017 133 82 45 131 108 691 100.00000 0
655 4074 11.88165 0.04502 0.84751 1.95965 75 34 15 68 39 579 100.00000 0
794 6590 10.78632 0.02658 0.55606 0.20558 97 36 42 91 62 347 100.00000 0
3578 6036 11.31638 0.00437 0.39582 0.23739 88 50 21 81 59 313 100.00000 0
3853 6268 11.67897 0.01169 0.40477 0.72900 153 107 26 139 114 471 100.00000 0
5839 8156 10.28840 0.00895 0.42158 0.38461 57 30 6 49 35 266 100.00000 0
3496 8263 10.61920 0.87245 0.68271 0.77984 54 23 9 50 25 249 100.00000 0
71 8356 10.65717 0.07923 0.37890 4.50424 84 9 14 74 53 395 100.00000 0
3019 5495 11.84814 0.09387 0.76545 0.78684 29 8 13 27 11 209 100.00000 0
67 8356 11.42262 0.08977 0.41348 5.12163 88 7 19 77 70 378 100.00000 0
4694 7171 11.91603 1.08011 1.34173 3.65495 94 0 0 87 47 632 100.00000 0
3479 8300 11.63174 0.72213 1.16471 1.93472 49 32 12 44 24 223 100.00000 0
890 4297 10.57270 0.01525 0.44945 1.00249 51 33 2 41 29 245 100.00000 0
4519 6958 10.48675 0.04288 0.24632 2.45639 88 63 16 86 40 511 100.00000 0
3253 8033 10.55084 0.02138 0.34817 0.79229 55 25 13 48 23 417 100.00000 0
3233 5722 10.05561 0.00837 0.41505 0.48618 54 34 4 52 39 585 100.00000 0
1011 4412 11.61999 0.03984 0.47333 2.27021 99 40 16 88 42 336 100.00000 0
3403 8186 11.95970 0.10475 0.57177 0.41117 60 23 14 54 40 332 100.00000 0
1769 5055 11.28901 0.01368 1.19054 1.32382 9 1 0 3 1 94 100.00000 0
813 4196 10.27107 0.31136 0.67758 1.11557 111 59 11 107 75 800 100.00000 0
337 6190 11.99823 0.02877 0.59779 1.64806 131 45 37 125 95 463 100.00000 0
879 4255 11.58058 0.01837 0.52374 0.66441 66 38 13 49 42 215 100.00000 0
1356 7157 11.35552 0.42409 0.89503 3.41203 77 5 0 66 35 794 100.00000 0
3141 5619 10.04192 0.00999 0.48806 0.55320 40 20 9 38 22 246 100.00000 0
3688 8581 10.77607 0.01615 0.59823 0.64831 60 7 3 60 36 322 100.00000 0
3 3527 10.69874 0.08715 1.37420 5.07621 85 8 3 78 65 401 100.00000 0
4679 7128 11.92444 0.15322 0.68818 2.04928 59 3 8 55 20 610 100.00000 0
17 8354 10.42549 0.08890 1.42853 5.10016 71 0 2 64 49 327 100.00000 0
3418 5899 10.75990 0.05430 0.43463 0.55953 85 50 16 74 50 346 100.00000 0
3694 8611 10.30151 0.01699 0.54253 0.84719 112 34 10 103 75 456 100.00000 0
4334 6787 10.89896 0.05043 0.59640 2.88921 102 77 10 90 33 346 100.00000 0
2843 5296 11.98439 0.22230 1.15640 0.50046 30 0 6 19 6 183 100.00000 0
6036 8428 11.07382 0.01619 0.72645 0.48698 48 20 22 46 32 389 100.00000 0
3519 5982 10.01785 0.01139 0.40230 0.65790 112 82 6 103 88 385 100.00000 0
4222 6678 10.71974 1.12931 1.63771 3.24003 99 60 2 82 41 385 100.00000 0
3338 5797 11.70865 0.16661 0.37998 0.38257 31 19 3 27 19 202 100.00000 0
1817 5122 11.00807 0.28013 0.41195 0.74860 92 35 11 88 50 490 100.00000 0
3937 6370 11.30088 0.01489 0.39745 0.12511 119 70 12 109 94 450 100.00000 0
3834 6252 11.11399 0.00879 0.40392 0.32021 285 229 37 283 259 604 100.00000 0
262 6127 10.12118 0.00629 0.36887 0.29608 122 82 18 114 81 422 100.00000 0
805 6599 11.08517 0.06857 0.20945 0.79574 125 85 12 119 95 505 100.00000 0
54 3555 11.17761 0.08304 1.32288 4.78168 79 0 5 77 64 375 100.00000 0
1316 7148 11.21556 0.02424 0.05384 1.59250 69 26 1 58 24 644 100.00000 0
350 6227 11.47039 0.03358 0.14974 1.91908 126 89 29 123 85 473 100.00000 0
3356 8167 11.85002 0.00861 0.41641 0.47724 37 20 4 37 26 208 100.00000 0
56 8323 10.44660 0.08790 1.11287 4.89713 102 15 3 88 65 349 100.00000 0
1688 5008 10.05448 0.00473 0.97633 1.33060 13 1 1 9 9 108 100.00000 0
232 8626 10.39943 0.02740 0.93104 0.72091 80 5 2 76 51 312 100.00000 0
1019 4385 11.30734 0.00362 0.64807 1.08426 57 24 13 51 34 322 100.00000 0
12 3554 10.16073 0.08193 1.82605 4.74169 69 0 0 62 40 348 100.00000 0
1259 7089 10.17850 0.03907 0.18030 1.31522 186 132 43 182 133 983 100.00000 0
1101 4492 10.97132 0.30559 0.54376 0.50668 96 47 29 91 63 575 100.00000 0
406 3817 10.68190 0.00285 0.58023 0.15066 277 129 61 275 245 555 100.00000 0
427 3836 10.10827 0.02228 0.38204 1.15961 299 90 111 294 263 692 100.00000 0
1107 4496 10.03849 0.21244 0.33830 0.72308 113 66 14 106 81 618 100.00000 0
3397 5876 11.17791 0.12837 0.44991 0.93293 80 42 7 74 47 300 100.00000 0
3743 6192 11.42357 0.01229 0.28241 0.73382 139 98 34 136 100 473 100.00000 0
50 8356 11.68410 0.09219 1.32885 5.31117 65 0 1 61 47 337 100.00000 0
1172 4528 11.23902 0.00677 0.30740 0.41307 163 133 10 161 128 764 100.00000 0
515 3941 10.78219 0.01453 0.32779 0.74703 223 164 13 216 183 652 100.00000 0
328 6206 10.34873 0.00473 0.58462 0.52265 174 101 49 164 138 565 100.00000 0
5930 8295 10.48039 0.77560 1.52335 2.10561 76 54 16 65 29 259 100.00000 0
4538 7003 10.25960 0.01855 0.41883 0.07913 89 55 15 83 61 733 100.00000 0
5980 8342 10.53476 0.01544 0.41583 0.88071 101 59 14 97 77 394 100.00000 0
835 6628 10.59328 0.94880 0.24027 1.97477 88 29 7 73 37 501 100.00000 0
196 8474 11.73941 0.03220 0.47151 1.77718 58 47 8 56 29 181 100.00000 0
114 6002 11.79759 0.02173 0.41761 0.46981 73 49 14 67 60 324 100.00000 0
3415 8230 11.03273 0.08633 0.24220 1.41000 60 34 19 58 31 308 100.00000 0
1361 4716 10.25723 0.02354 0.52316 0.73275 63 34 5 57 36 533 100.00000 0
3788 6210 11.60108 0.01813 0.46209 1.04493 161 80 7 159 119 527 100.00000 0
5708 8045 11.05194 0.00844 0.59279 0.50358 37 17 11 24 19 562 100.00000 0
1594 4933 10.63521 0.38766 0.23418 0.78932 74 30 23 72 53 461 100.00000 0
546 3968 10.03437 0.00891 0.30167 0.54249 133 93 16 105 83 412 100.00000 0
3411 5891 10.57404 0.10610 0.69713 1.79777 93 75 11 88 61 379 100.00000 0
3521 8333 11.53947 0.01228 0.42231 0.73382 68 41 3 59 49 313 100.00000 0
4156 6554 10.36725 0.08691 0.20036 0.59347 122 87 17 110 78 712 100.00000 0
3612 8424 10.53352 0.00824 0.59340 0.33455 99 33 6 95 59 478 100.00000 0
3026 5505 10.04294 0.02208 0.88447 2.78825 32 17 3 32 19 258 100.00000 0
3420 5903 11.28957 0.03778 0.77121 0.84116 62 20 22 60 30 311 100.00000 0
353 3795 11.15845 0.00985 0.51827 0.55743 162 85 68 160 100 593 100.00000 0
5729 8035 11.06442 0.01960 0.31266 1.17236 53 31 8 41 25 530 100.00000 0
48 8355 10.68106 0.09103 1.78454 5.23117 94 0 0 88 74 366 100.00000 0
894 4302 11.82886 0.02866 0.41274 1.63614 63 42 13 53 36 276 100.00000 0
3468 5903 11.25558 0.36297 0.38503 1.37970 49 27 9 43 24 267 100.00000 0
1203 4557 11.21547 0.03812 0.27651 0.63735 132 108 12 129 94 914 100.00000 0
2871 5365 11.45202 0.13804 0.48806 1.32323 34 11 7 21 14 189 100.00000 0
24 6003 11.16368 0.08689 1.44656 4.89841 57 0 0 53 34 371 100.00000 0
25 6004 11.91533 0.08659 1.67772 4.83821 53 0 0 49 36 339 100.00000 0
5789 8126 10.70181 0.13007 0.39269 0.61929 74 38 13 66 49 341 100.00000 0
570 3992 11.31868 0.01007 0.36206 0.33688 116 77 18 99 66 460 100.00000 0
384 3798 10.17119 0.01872 0.42427 1.04867 240 184 33 236 121 679 100.00000 0
1551 4862 10.86334 0.18147 0.38084 1.07338 100 61 19 96 69 827 100.00000 0
3455 8284 11.09629 0.81536 0.97060 1.52418 65 46 5 59 40 253 100.00000 0
3554 8338 10.02509 0.00673 0.44225 0.17471 96 59 15 88 69 388 100.00000 0
3694 8620 10.05073 0.01712 0.47894 0.93293 102 32 4 98 70 474 100.00000 0
3744 6192 10.14872 0.01751 0.69609 0.99701 152 29 25 148 102 517 100.00000 0
1007 6850 11.74076 0.05526 1.80273 3.42245 52 21 3 24 18 284 100.00000 0
1192 4571 11.06073 0.05624 0.56738 0.24066 118 62 25 114 81 934 100.00000 0
3997 6407 10.81964 0.01861 0.20837 0.89962 96 75 13 89 57 411 100.00000 0
220 8527 11.53402 0.02570 0.36807 0.63180 70 32 7 65 43 264 100.00000 0
4691 7144 11.06085 0.09236 0.54656 1.05165 100 26 14 96 58 785 100.00000 0
797 6652 11.86018 0.86355 1.58669 1.85815 71 19 11 60 22 556 100.00000 0
4578 7043 10.15353 0.05916 0.44005 0.30647 170 97 56 168 141 1051 100.00000 0
2971 5439 11.71542 0.11856 0.54914 0.43611 50 32 11 39 30 400 100.00000 0
5948 8262 11.30229 0.92820 0.87754 1.02946 51 24 12 49 21 241 100.00000 0
823 4247 10.99368 1.09927 0.83711 2.70400 70 22 1 58 34 397 100.00000 0
4392 6814 10.37710 0.04177 0.49483 2.39670 69 49 11 56 30 390 100.00000 0
206 8549 10.56503 0.02505 0.34123 0.85134 59 41 10 57 42 191 100.00000 0
3947 6381 11.54609 0.00565 0.64717 0.39565 91 15 6 87 66 352 100.00000 0
1808 5116 10.32361 0.09815 0.26789 0.52115 69 46 9 62 39 444 100.00000 0
745 4162 11.23566 0.01839 0.36900 0.59807 95 61 13 87 67 742 100.00000 0
845 6641 10.85321 1.17063 0.59002 2.05900 85 69 5 74 51 360 100.00000 0
237 8557 10.75948 0.03777 0.43143 1.18366 80 28 11 77 49 311 100.00000 0
2995 5494 11.01773 0.13809 0.09867 0.96631 190 146 22 186 169 602 100.00000 0
2922 5385 11.42792 0.12891 0.40298 0.56510 128 82 15 124 89 566 100.00000 0
213 6106 10.81648 0.03354 0.37880 0.73860 84 65 16 82 64 357 100.00000 0
3471 8241 10.05605 0.42558 0.31574 1.35624 83 43 17 76 45 372 100.00000 0
3023 5525 11.30460 0.03243 0.19728 0.78135 34 18 8 28 19 179 100.00000 0
240 6107 10.57902 0.02158 0.41178 0.24866 100 67 18 100 64 377 100.00000 0
3246 5735 10.80625 0.01475 0.21463 0.67260 51 42 3 42 35 431 100.00000 0
1006 6848 11.48072 0.05593 1.23655 3.21223 42 29 8 38 20 255 100.00000 0
4391 6850 11.99346 0.05637 1.45305 3.24377 66 33 1 51 28 276 100.00000 0
3432 8214 10.83575 0.11654 0.57999 1.51852 87 53 19 84 51 367 100.00000 0
11 8356 11.68410 0.09219 1.46529 5.29720 61 0 2 53 41 361 100.00000 0
330 3747 11.96077 0.02603 0.28709 1.47060 157 98 27 157 113 513 100.00000 0
1218 7048 10.48621 0.06130 0.28341 0.36045 140 107 22 140 119 1080 100.00000 0
1028 6871 10.31021 0.02372 0.57151 1.30326 99 67 17 97 76 514 100.00000 0
144 6027 11.08011 0.01469 0.43442 0.87312 60 30 12 49 30 443 100.00000 0
4143 6542 11.00473 0.05494 0.41775 0.23903 108 77 17 105 84 533 100.00000 0
317 3737 10.72711 0.01064 0.55885 0.61166 87 26 46 83 62 423 100.00000 0
3727 6175 11.20884 0.00703 0.51518 0.34035 75 30 10 57 42 422 100.00000 0
854 4228 10.54970 0.87722 0.67681 2.41184 61 10 1 57 39 283 100.00000 0
6085 8543 10.07909 0.02741 0.81903 1.27901 70 22 10 66 48 222 100.00000 0
3388 8173 10.72531 0.04433 0.26298 0.67260 30 17 2 26 15 225 100.00000 0
4316 6766 10.80995 0.00820 0.33026 0.53887 74 54 9 68 59 336 100.00000 0
2838 5333 10.05327 0.33284 0.76687 3.06886 30 7 2 24 16 222 100.00000 0
5714 8015 11.81357 0.01103 0.53237 0.56648 22 11 1 16 15 168 100.00000 0
831 4207 11.07756 0.97060 0.94974 2.44713 88 14 1 82 32 509 100.00000 0
3329 5813 10.40661 0.15248 0.57827 0.27695 48 21 10 46 26 239 100.00000 0
840 4257 10.83510 0.31933 1.09130 2.21063 55 7 0 49 33 260 100.00000 0
3976 6409 10.19416 0.05238 0.93254 2.99395 186 129 23 162 49 523 100.00000 0
4488 6956 10.78667 0.08279 0.48500 1.45938 99 28 2 92 40 591 100.00000 0
3171 5671 10.80618 0.03061 0.44029 1.79100 51 25 7 43 19 273 100.00000 0
4690 7167 10.01777 0.88211 0.83415 2.55052 103 1 0 94 64 838 100.00000 0
17 97 11.65282 0.07556 1.73920 4.47807 30 0 0 30 21 235 100.00000 0
244 3672 10.35263 0.01548 0.29089 0.28667 107 78 20 103 68 411 100.00000 0
3205 7961 11.54774 1.52720 0.99486 2.41087 27 9 6 17 11 197 100.00000 0
3493 5922 10.17235 0.88339 0.41034 0.64528 62 36 15 58 32 293 100.00000 0
3475 8241 11.25367 0.52186 0.50357 1.53289 68 18 8 68 37 330 100.00000 0
3556 8374 10.58186 0.01857 0.40984 1.08209 87 42 24 81 71 380 100.00000 0
4460 6891 11.82759 0.48682 0.21928 2.36877 95 70 12 93 34 524 100.00000 0
28 6002 10.15824 0.08518 1.63129 4.79845 71 0 0 66 32 339 100.00000 0
333 6187 11.09440 0.04134 1.02086 2.36447 150 131 14 139 88 499 100.00000 0
2810 5319 11.46269 1.38000 0.66141 2.35485 36 17 7 32 19 211 100.00000 0
3254 8065 10.48192 0.04023 1.02765 2.30342 57 33 10 51 27 378 100.00000 0
835 6624 11.92746 0.99794 0.34488 1.63710 57 24 5 39 13 380 100.00000 0
1848 5122 11.67617 1.26055 1.01033 0.29208 52 3 0 48 22 223 100.00000 0
5932 8242 11.34380 0.59427 0.47716 1.87930 42 9 2 38 21 251 100.00000 0
5815 8153 10.36298 0.07409 0.61051 0.18557 33 10 9 31 16 282 100.00000 0
4698 7168 11.61293 0.95323 1.35131 2.86567 75 0 0 69 50 606 100.00000 0
3481 8298 10.01057 0.63954 1.26478 2.19606 69 34 6 65 31 305 100.00000 0
3515 5948 10.04705 0.18632 0.23250 1.28146 100 74 2 98 73 366 100.00000 0
554 3953 10.29191 0.00249 0.25334 0.30519 138 102 18 122 98 515 100.00000 0
3449 8281 11.99241 0.79592 0.59328 1.33589 63 25 1 59 36 221 100.00000 0
5701 8036 10.30074 0.01282 0.21944 1.07666 55 24 7 48 33 430 100.00000 0
80 5982 10.25174 0.03750 0.45571 1.95685 91 37 11 80 71 400 100.00000 0
529 3929 11.04477 0.02287 0.07536 0.68984 174 137 18 158 142 526 100.00000 0
1271 7104 11.85997 0.04687 0.45416 0.23739 88 51 10 83 66 474 100.00000 0
944 4321 10.28506 0.00758 0.35602 0.54249 70 44 15 66 51 290 100.00000 0
1200 7008 10.50578 0.03243 0.43953 0.82709 150 102 10 148 113 668 100.00000 0
3560 8346 10.28223 0.00732 0.26612 0.77278 81 48 6 77 65 294 100.00000 0
3517 8329 11.29076 0.01649 0.47719 0.92620 97 62 5 82 70 387 100.00000 0
4414 6835 11.79140 0.03634 0.89200 2.07339 76 52 11 67 31 449 100.00000 0
826 4202 11.90858 0.78757 0.85749 1.82134 97 32 1 89 41 594 100.00000 0
474 3877 10.81588 0.03117 0.47589 0.54536 306 100 45 300 274 749 100.00000 0
4463 6896 11.03640 0.48116 0.83066 2.32271 108 81 19 92 57 528 100.00000 0
1175 7009 10.98069 0.01836 0.50123 0.45024 114 65 18 107 77 676 100.00000 0
3796 6218 10.86108 0.01799 0.45162 0.93879 173 91 23 171 145 705 100.00000 0
299 6157 11.66567 0.00146 0.37721 0.19782 84 60 14 82 61 398 100.00000 0
3430 8211 11.36499 0.13510 0.26629 0.75329 84 59 12 77 53 353 100.00000 0
108 8348 11.77689 0.01807 0.32886 0.28804 82 54 9 76 59 289 100.00000 0
3201 7960 10.55811 1.54597 1.41193 1.86760 42 7 6 29 11 193 100.00000 0
770 6598 10.78825 0.05183 1.13196 2.49214 88 18 49 86 39 313 100.00000 0
542 6362 11.34233 0.00904 0.54194 0.29342 76 35 4 65 52 350 100.00000 0
3520 5983 10.03054 0.01068 0.34680 0.64041 104 76 4 98 78 408 100.00000 0
4412 6876 10.81298 0.03496 0.77002 2.01907 72 31 17 61 44 548 100.00000 0
131 3594 11.58091 0.01008 0.13914 0.52934 63 43 11 61 39 431 100.00000 0
591 3987 11.79468 0.01376 0.32709 0.30647 89 61 16 79 61 359 100.00000 0
1175 6985 10.44201 0.00496 0.21396 0.35166 161 142 9 155 131 732 100.00000 0
6123 8576 10.09044 0.01868 0.52576 0.79328 88 34 5 86 60 379 100.00000 0
229 8599 10.86458 0.03397 0.73378 0.95654 62 7 1 59 35 335 100.00000 0
156 6060 11.54667 0.00904 0.35574 0.51052 73 41 11 71 47 390 100.00000 0
3505 5936 10.27107 0.59114 0.99513 2.01790 81 43 5 68 39 298 100.00000 0
895 4302 11.07511 0.02717 0.10832 1.56248 67 52 9 62 35 304 100.00000 0
936 4343 10.77481 0.02917 0.32665 1.67047 81 49 9 73 55 300 100.00000 0
3247 8057 10.05345 0.00947 0.32525 0.76002 57 28 8 46 31 395 100.00000 0
5793 8131 11.64261 0.15343 0.24279 0.50745 72 50 13 62 44 274 100.00000 0
198 6070 10.30582 0.01832 0.55094 0.51813 73 32 15 71 48 296 100.00000 0
40 3526 11.45155 0.08675 1.31760 4.96381 92 3 0 85 67 348 100.00000 0
4274 6724 10.54885 0.01353 0.35470 0.81132 82 74 3 80 68 312 100.00000 0
1749 5066 10.25890 0.01917 0.68840 1.33998 40 15 5 33 23 200 100.00000 0
905 6748 11.83507 0.01805 0.28615 0.81613 86 57 10 81 59 404 100.00000 0
2837 5295 10.37096 0.39863 0.58549 1.16365 36 18 7 34 22 230 100.00000 0
1047 4443 10.52185 0.11651 0.69981 0.99740 51 18 15 44 21 433 100.00000 0
3210 5705 11.01817 0.02131 1.08271 1.23606 37 8 10 37 24 222 100.00000 0
847 6698 11.59036 0.11202 0.22000 1.69950 55 22 11 46 38 237 100.00000 0
4150 6547 11.47719 0.07132 0.41499 0.39366 83 42 12 77 51 534 100.00000 0
3140 5617 11.55831 0.00646 0.48937 0.35054 42 25 8 40 28 240 100.00000 0
114 3556 10.03877 0.01467 0.54032 0.38155 82 31 11 78 60 375 100.00000 0
2823 5287 11.05759 0.95796 0.99259 2.43671 103 62 20 101 42 381 100.00000 0
4150 6548 10.93881 0.07609 0.10895 0.33102 105 86 8 101 76 586 100.00000 0
3514 8326 11.53106 0.02458 0.45227 1.13436 76 46 10 68 49 318 100.00000 0
230 8612 11.97770 0.03411 0.75464 1.03967 78 16 1 68 51 316 100.00000 0
130 6038 10.82600 0.01307 0.38642 0.62432 64 28 15 61 41 396 100.00000 0
4579 7020 11.48471 0.05451 0.54221 0.74441 107 46 6 107 76 911 100.00000 0
4120 6523 10.21740 0.01397 0.50886 0.54751 80 31 23 77 52 857 100.00000 0
1796 5078 11.31349 0.02437 0.56414 1.12883 37 11 6 33 23 160 100.00000 0
5900 8217 10.75057 0.07888 0.58677 0.78534 92 53 19 92 57 391 100.00000 0
18 8321 11.71935 0.08786 1.54540 4.89489 68 0 0 55 45 323 100.00000 0
1644 4945 10.28733 0.02014 0.43161 1.00794 53 32 13 49 28 538 100.00000 0
2828 5328 11.02152 0.72549 0.56858 2.49560 29 5 1 24 23 170 100.00000 0
3559 8345 10.02903 0.00450 0.27474 0.24866 83 53 16 77 51 330 100.00000 0
326 6180 11.43891 0.02183 0.27942 1.14671 127 85 36 120 86 438 100.00000 0
4067 6499 11.42957 0.02066 0.40629 0.59083 54 27 9 52 39 387 100.00000 0
22 5977 10.44463 0.08837 1.56165 5.04687 108 0 0 97 73 393 100.00000 0
1477 4798 10.88182 0.16838 0.41031 2.17996 154 86 52 133 43 1451 100.00000 0
1192 4547 11.37252 0.02122 0.38817 0.28116 78 55 18 78 57 555 100.00000 0
5884 8203 10.28297 0.10918 0.30978 0.27554 110 78 22 106 71 437 100.00000 0
3002 5501 10.12157 0.11749 0.32432 0.55602 80 53 8 80 57 295 100.00000 0
1069 6877 10.56896 0.21443 0.76299 1.38480 40 8 2 26 18 362 100.00000 0
3358 8143 11.08320 0.07730 0.48143 0.34830 50 29 11 48 38 225 100.00000 0
928 4307 10.81564 0.02508 0.19404 1.43722 37 23 9 27 16 224 100.00000 0
4637 7084 11.51906 0.12909 0.12423 0.24389 177 158 10 169 136 690 100.00000 0
3168 5641 10.45902 0.05814 0.84284 3.34293 65 41 13 57 39 259 100.00000 0
1696 5016 10.79386 0.01181 1.53348 5.50460 16 1 3 10 5 190 100.00000 0
3805 6250 11.44453 0.01371 0.08698 0.78534 172 122 38 172 129 447 100.00000 0
1121 4510 11.20815 0.03923 0.59765 1.57694 81 53 8 72 28 501 100.00000 0
128 8373 10.27482 0.00713 0.27043 0.32865 61 48 4 55 45 253 100.00000 0
1208 7014 11.64376 0.05191 0.49469 0.68700 79 35 4 77 57 906 100.00000 0
5666 7987 11.42931 0.46070 0.12037 1.14739 14 5 4 14 7 152 100.00000 0
4462 6930 10.09635 0.39350 0.38783 0.80162 81 44 8 65 39 554 100.00000 0
199 3627 11.34327 0.02686 0.28997 1.34581 78 56 10 71 62 261 100.00000 0
1848 5113 11.36233 1.26925 0.91547 0.69998 24 0 0 24 16 150 100.00000 0
6062 8495 10.05048 0.02030 0.78872 0.90309 87 13 5 83 54 358 100.00000 0
6102 8578 11.32231 0.03779 0.59808 1.28176 79 17 7 77 53 356 100.00000 0
3240 8051 10.55561 0.01848 0.24260 0.99465 49 24 13 43 19 563 100.00000 0
1841 5125 10.00390 1.03489 0.49277 0.78833 55 36 4 53 36 394 100.00000 0
2 5977 10.44463 0.08837 1.61148 5.02336 117 0 0 112 92 405 100.00000 0
3306 8117 11.41928 0.11324 0.68835 0.50976 15 5 3 11 7 152 100.00000 0
3562 5997 11.28793 0.00799 0.31334 0.55532 65 49 8 61 46 293 100.00000 0
668 6479 10.01242 0.05275 0.33728 2.83835 87 63 10 73 34 674 100.00000 0
1271 4642 11.91588 0.05548 0.35218 0.37115 99 68 13 89 80 534 100.00000 0
875 6686 10.76493 0.03145 0.49211 1.37715 68 34 3 60 34 208 100.00000 0
804 4233 11.48684 1.15770 0.86291 2.05938 74 0 0 58 26 428 100.00000 0
4206 6660 11.32072 1.08353 1.22778 1.33852 91 12 28 89 36 445 100.00000 0
4239 6633 11.66600 1.14765 0.44006 1.96005 77 12 3 63 48 506 100.00000 0
4215 6604 11.84010 0.27930 0.60513 0.91685 119 25 3 115 90 628 100.00000 0
1232 7038 10.49540 0.05271 0.44557 0.15826 111 67 17 107 83 953 100.00000 0
535 3935 10.80598 0.01698 0.38160 0.42151 73 39 4 56 48 363 100.00000 0
1447 4794 11.79347 0.06134 0.56872 0.48618 176 78 44 176 108 1396 100.00000 0
3626 8444 11.82786 0.01831 0.14473 1.03060 116 86 17 109 78 482 100.00000 0
3464 8290 10.92311 0.87358 0.86975 1.48622 68 54 4 63 42 268 100.00000 0
57 5976 10.94839 0.08818 0.94650 5.02913 97 16 15 89 76 335 100.00000 0
635 6474 10.29188 0.05077 0.81254 2.72074 99 31 2 95 51 502 100.00000 0
6121 8568 11.60606 0.03005 0.82887 0.85455 103 3 1 94 72 388 100.00000 0
4425 6891 10.28180 0.07254 0.99984 1.51103 55 21 5 45 24 396 100.00000 0
4291 6740 11.07208 0.02654 0.57070 1.49358 79 51 6 75 38 380 100.00000 0
1671 4971 10.55556 0.00468 0.51717 0.58950 86 39 22 75 58 465 100.00000 0
915 6756 10.07000 0.02168 0.34711 1.22109 61 45 4 59 38 237 100.00000 0
5815 8128 10.96311 0.15905 0.37159 0.61676 30 15 2 25 20 190 100.00000 0
3476 5906 11.82988 0.54437 0.50877 1.41333 55 19 5 51 28 274 100.00000 0
1234 7065 11.73786 0.04912 0.16039 0.40251 136 107 21 136 100 887 100.00000 0
1760 5079 11.54675 0.02623 0.47698 1.19877 73 32 14 64 42 410 100.00000 0
3456 5941 10.54846 0.83963 0.63096 1.36602 48 25 2 44 27 228 100.00000 0
20 96 10.90444 0.07666 1.83591 4.38419 61 0 0 54 38 297 100.00000 0
3218 8033 11.81656 0.01002 0.39002 0.58551 25 13 6 25 14 152 100.00000 0
3458 8288 11.62139 0.90926 0.77490 1.79668 56 24 4 48 28 261 100.00000 0
3488 5960 11.76074 0.46835 1.06907 1.81833 44 20 5 35 22 229 100.00000 0
625 6441 10.80436 0.02018 0.45395 0.43611 134 85 34 126 95 582 100.00000 0
5940 8303 10.25350 0.42666 1.12276 2.52708 63 34 2 57 30 276 100.00000 0
1678 4977 11.30254 0.01561 0.68606 1.66225 32 10 8 19 20 255 100.00000 0
3354 5813 11.15566 0.10147 0.42383 0.27976 30 14 9 30 15 202 100.00000 0
781 6615 11.41478 0.19190 0.33476 0.53008 91 52 31 87 57 593 100.00000 0
3728 6175 10.42580 0.00677 0.35661 0.29208 77 53 10 67 54 354 100.00000 0
72 3556 10.63333 0.06779 0.09193 3.82684 89 17 30 87 67 384 100.00000 0
3466 5947 10.61069 0.88625 0.98436 1.09647 50 31 5 47 27 244 100.00000 0
414 3852 11.61898 0.00481 0.20235 0.31153 280 250 22 272 187 600 100.00000 0
1357 7158 11.90608 0.46834 1.10927 3.39454 82 0 0 67 22 690 100.00000 0
4432 6860 10.75489 0.04327 0.69685 2.41978 76 47 10 76 46 400 100.00000 0
577 3975 10.41872 0.07390 1.31270 4.22234 144 119 5 113 45 471 100.00000 0
3729 6176 10.13780 0.00691 0.59463 0.53595 69 32 8 56 46 416 100.00000 0
2853 5347 10.84278 0.02613 0.44650 1.52521 71 23 18 69 41 392 100.00000 0
4196 6642 11.86308 0.58951 0.95442 1.37116 105 27 21 103 51 705 100.00000 0
3032 5510 11.80371 0.00954 0.25840 0.71272 25 14 6 23 12 168 100.00000 0
5993 8359 10.82874 0.01994 0.26714 1.14466 68 51 9 62 48 322 100.00000 0
1174 4529 11.62334 0.00437 0.35449 0.21850 154 119 17 152 120 711 100.00000 0
1269 4617 11.26839 0.05223 0.37446 1.17437 167 93 37 163 112 950 100.00000 0
1148 4505 10.67617 0.04458 0.27820 2.22598 115 65 35 111 72 524 100.00000 0
4568 7033 10.76104 0.04241 0.18969 0.67840 144 108 27 142 106 1052 100.00000 0
3638 8536 11.63537 0.04659 0.18933 2.10227 59 33 14 54 25 235 100.00000 0
953 4328 10.03402 0.02693 0.25024 1.55015 78 46 6 76 44 317 100.00000 0
3039 5519 10.81282 0.01439 0.10748 0.78435 56 47 5 46 34 421 100.00000 0
332 3774 10.60249 0.00293 0.39673 0.20367 145 103 18 145 125 429 100.00000 0
1217 7047 10.38466 0.06106 0.30030 0.33455 123 92 24 118 102 1029 100.00000 0
4145 6570 11.06544 0.07268 0.35553 0.89962 85 37 17 81 48 763 100.00000 0
3652 8558 10.61426 0.02860 0.74716 0.08847 111 14 4 111 89 369 100.00000 0
8568 8620 11.64043 0.02864 0.76600 0.44762 85 10 18 83 62 312 100.00000 0
1585 4925 10.13962 0.41913 0.18860 1.51362 84 56 22 82 47 430 100.00000 0
8571 8622 10.35050 0.02300 0.51200 0.61992 76 18 3 73 49 330 100.00000 0
622 4016 11.58135 0.02190 0.41421 0.34605 115 50 15 110 77 544 100.00000 0
25 3527 10.69874 0.08715 1.43437 5.03668 99 6 2 87 68 396 100.00000 0
1678 4978 10.30170 0.01645 0.29266 0.48618 77 58 15 72 56 417 100.00000 0
4393 6849 10.27426 0.03474 1.20840 1.99095 126 53 43 112 85 441 100.00000 0
4239 6695 11.87314 0.32965 0.58439 2.36049 68 4 2 63 52 258 100.00000 0
4566 7032 11.55100 0.04405 0.21654 0.69436 113 85 16 104 66 829 100.00000 0
2818 5320 10.18759 1.13637 1.19624 3.33965 56 19 8 52 20 254 100.00000 0
6103 8578 10.34174 0.03783 0.52046 1.38931 115 49 6 113 76 414 100.00000 0
5691 7977 10.49527 0.96255 0.61300 1.64830 22 2 1 16 7 182 100.00000 0
1139 4525 11.32801 0.02004 0.46392 0.61485 118 82 11 109 78 546 100.00000 0
3901 6313 10.79735 0.03322 0.25976 0.54680 326 279 37 319 261 902 100.00000 0
3467 8235 11.83041 0.34762 0.65661 1.36888 44 10 7 40 30 295 100.00000 0
1790 5075 10.05199 0.02306 0.63567 1.17170 15 4 2 11 6 144 100.00000 0
3221 7988 11.94729 0.38894 0.36352 2.23913 13 0 1 6 4 139 100.00000 0
679 4096 11.81582 0.05296 0.17836 2.83131 66 29 24 59 23 627 100.00000 0
1556 4894 10.07964 0.25191 0.40804 0.55391 139 73 42 135 85 601 100.00000 0
6100 8574 11.87540 0.03428 0.34796 0.54823 73 40 16 63 50 345 100.00000 0
3406 5859 10.73099 0.10577 0.51568 0.39958 101 42 17 97 53 379 100.00000 0
1465 4787 11.57765 0.14625 0.22433 0.61802 208 112 61 199 91 1403 100.00000 0
5964 8288 11.38284 0.32126 0.61599 1.38451 58 11 1 54 35 278 100.00000 0
3811 6232 11.13025 0.01783 0.58128 0.92366 242 193 18 240 125 710 100.00000 0
3238 8014 11.56209 0.01390 0.24728 1.02679 12 6 2 4 6 162 100.00000 0
3505 8274 11.58198 0.73429 1.06967 1.53110 50 21 10 45 25 218 100.00000 0
456 6314 11.80794 0.02211 0.29634 0.33102 372 324 28 363 321 799 100.00000 0
1222 7027 11.89115 0.06849 0.36133 0.34492 122 87 15 120 101 824 100.00000 0
14 8323 10.44660 0.08790 1.50661 4.89337 99 0 0 93 75 378 100.00000 0
453 6286 11.11730 0.02635 0.38876 0.66146 174 92 13 165 148 602 100.00000 0
1526 4840 11.79281 0.11537 0.61899 1.88533 103 44 13 95 70 581 100.00000 0
14 8354 10.42549 0.08890 1.50423 5.09493 80 1 1 76 51 358 100.00000 0
6012 8351 11.03950 0.01115 0.25040 0.32626 110 96 12 110 89 359 100.00000 0
134 3596 11.04964 0.00790 0.46981 0.46981 98 52 29 91 65 586 100.00000 0
1742 5033 11.05140 0.00974 0.30270 0.33804 80 43 31 78 45 472 100.00000 0
5669 7994 11.73722 0.20265 0.79068 1.63183 25 11 3 14 14 200 100.00000 0
837 4212 10.11926 1.15162 0.61019 1.46233 91 16 32 75 29 496 100.00000 0
48 3556 11.91419 0.08272 1.64737 4.77463 53 0 0 45 36 262 100.00000 0
1641 4942 10.53911 0.02941 0.38276 1.03741 83 56 11 77 48 546 100.00000 0
556 3979 11.50835 0.02271 0.19577 1.13021 149 119 12 137 90 528 100.00000 0
6129 8590 11.83460 0.02093 0.73814 0.70221 97 17 1 93 74 390 100.00000 0
790 4215 11.50968 0.36024 0.44065 1.45750 114 16 8 109 83 671 100.00000 0
1408 4737 10.62725 0.07448 0.95353 1.68400 123 76 28 115 53 857 100.00000 0
1771 5088 11.33900 0.02402 0.41377 1.35133 45 21 8 34 19 302 100.00000 0
1340 4668 11.51434 0.11175 1.18598 3.26135 65 34 18 57 19 606 100.00000 0
3490 5961 10.94376 0.40446 0.81218 1.82134 47 12 4 40 22 247 100.00000 0
6008 8346 10.53549 0.01042 0.29733 0.40251 80 57 10 75 58 342 100.00000 0
25 5976 10.94839 0.08818 1.35531 5.02625 114 6 0 110 84 378 100.00000 0
5677 7953 11.60459 1.58757 1.78365 2.97216 18 1 2 15 8 137 100.00000 0
1240 7070 10.98859 0.02876 0.59134 0.50046 198 102 44 196 161 964 100.00000 0
1573 4878 11.73885 0.31975 0.45710 0.22728 138 68 38 134 100 604 100.00000 0
1443 4768 11.41899 0.05521 0.28833 0.24708 137 95 24 133 82 955 100.00000 0
3772 6196 10.61138 0.00507 0.58431 0.35054 130 32 12 128 96 481 100.00000 0
3434 5921 11.79742 0.19849 0.68452 1.44239 57 23 13 53 20 355 100.00000 0
337 3780 11.63957 0.00602 0.08389 0.39565 106 91 9 102 83 398 100.00000 0
5821 8159 10.37626 0.02674 0.30039 0.05595 31 20 4 29 22 220 100.00000 0
3410 5889 10.12870 0.09792 0.37453 0.45284 103 83 8 100 72 335 100.00000 0
368 3809 11.62104 0.01839 0.30360 0.94378 211 80 61 207 176 553 100.00000 0
3515 8290 10.83520 0.26014 0.50403 0.76156 92 42 7 90 62 332 100.00000 0
232 8611 10.15131 0.02717 0.68728 0.61357 115 34 4 113 90 405 100.00000 0
398 6243 10.67180 0.00403 0.41802 0.21489 252 202 42 250 216 566 100.00000 0
3445 5933 11.34035 0.62639 0.60681 1.79144 33 7 0 30 19 212 100.00000 0
3750 6174 11.15937 0.03884 0.27375 2.13625 127 61 47 125 68 456 100.00000 0
718 4103 11.01906 0.01958 0.37695 0.86185 69 27 2 65 44 736 100.00000 0
130 6016 10.55314 0.00623 0.56160 0.41307 58 22 30 56 39 285 100.00000 0
3483 8249 10.32176 0.67782 0.48345 0.88823 53 21 10 47 24 291 100.00000 0
352 6205 10.14084 0.00352 0.39228 0.13122 151 98 27 147 124 564 100.00000 0
5777 8113 10.38647 0.07776 0.64416 0.25334 21 8 3 17 10 176 100.00000 0
842 4212 11.80433 1.39022 0.49950 0.65849 73 10 14 52 32 422 100.00000 0
3341 5824 10.60921 0.09948 0.32999 0.22381 23 17 2 19 14 188 100.00000 0
3581 8375 11.27949 0.00372 0.32573 0.22900 40 25 7 36 24 230 100.00000 0
837 4256 11.67455 0.47173 1.34231 2.77629 50 7 1 42 25 194 100.00000 0
1592 4932 10.89508 0.41604 0.91883 0.99347 99 44 43 85 47 446 100.00000 0
416 6281 11.42172 0.02630 0.37663 1.49043 230 61 46 228 203 509 100.00000 0
3956 6365 10.80457 0.01284 0.45641 0.46646 112 76 6 106 88 428 100.00000 0
5694 7983 10.42559 0.63718 0.45964 1.99880 8 0 1 5 3 127 100.00000 0
1302 7104 11.84486 0.12643 0.42878 1.00755 46 16 4 39 28 525 100.00000 0
993 6833 10.74766 0.03952 0.04624 2.26451 82 50 24 77 45 373 100.00000 0
5772 8109 11.07729 0.06387 0.46000 0.36369 47 32 8 45 29 218 100.00000 0
994 4397 11.54525 0.01937 0.31130 1.13505 70 46 9 68 38 390 100.00000 0
979 4349 10.97049 0.05101 0.89128 2.90380 71 28 2 62 20 346 100.00000 0
6076 8528 11.06342 0.02579 0.54936 0.84996 70 38 7 68 50 259 100.00000 0
4031 6465 11.84114 0.03097 0.41068 0.52190 93 47 10 82 58 451 100.00000 0
198 8539 11.29721 0.03608 0.28760 1.59839 25 12 3 21 15 157 100.00000 0
664 4056 10.66674 0.03426 0.40987 1.68144 110 31 36 101 32 617 100.00000 0
2800 5313 10.55085 1.49986 0.53994 0.65968 59 8 7 54 32 286 100.00000 0
3280 8091 10.52171 0.03113 0.58765 1.23575 46 28 7 40 20 295 100.00000 0
4479 6914 11.40135 0.38304 0.35090 1.19845 117 80 22 114 80 573 100.00000 0
775 6603 10.27110 0.07699 1.34688 2.68861 109 56 11 100 57 497 100.00000 0
884 6729 11.55734 0.01232 0.36892 0.68813 39 25 5 33 22 201 100.00000 0
3124 5604 11.81542 0.01296 0.34325 0.87223 50 20 12 45 33 342 100.00000 0
1247 4619 10.49894 0.06622 0.41454 0.54176 146 121 20 144 112 1023 100.00000 0
2964 5430 11.94019 0.13825 0.57272 0.81181 42 15 10 33 20 281 100.00000 0
963 6805 11.53346 0.01772 0.68412 1.11943 82 30 16 75 42 360 100.00000 0
707 6511 10.76590 0.03310 0.52962 1.59029 116 76 32 106 46 1016 100.00000 0
540 6360 11.29259 0.00896 0.54591 0.07913 106 40 18 97 76 426 100.00000 0
3207 5702 10.99612 0.04179 0.65388 2.42753 26 17 3 26 13 161 100.00000 0
5987 8351 11.04004 0.01128 0.33182 0.84719 88 72 1 80 70 393 100.00000 0
256 8624 10.55043 0.01797 0.80131 0.77126 108 12 3 102 67 420 100.00000 0
4504 6973 11.76000 0.02506 0.40391 0.82614 102 41 14 98 74 536 100.00000 0
483 6312 10.03919 0.02718 0.59623 0.46730 359 105 29 349 313 888 100.00000 0
4258 6709 10.31467 0.02177 0.48288 1.38621 72 46 9 60 49 236 100.00000 0
403 3842 11.97315 0.05419 0.60017 3.10085 295 185 2 289 139 660 100.00000 0
3432 8251 10.15549 0.13143 0.61115 1.93047 76 39 20 64 29 294 100.00000 0
3187 7993 10.23639 0.22893 0.88791 1.43204 49 24 9 44 22 229 100.00000 0
5887 8237 10.19899 0.06076 0.30324 0.96712 101 60 24 95 67 398 100.00000 0
378 3818 11.86961 0.01217 0.36578 0.57607 190 136 8 180 150 532 100.00000 0
14 6002 10.15824 0.08518 1.35329 4.76806 69 0 0 62 48 326 100.00000 0
4443 6914 11.59265 0.55069 0.77607 2.01480 57 41 8 48 18 435 100.00000 0
3456 8284 10.73121 0.79991 0.93905 1.50896 57 31 7 49 28 245 100.00000 0
1017 6822 10.79037 0.01078 0.38918 0.68013 70 43 7 62 39 320 100.00000 0
554 6398 10.84623 0.02147 1.04298 1.22812 113 33 27 89 37 445 100.00000 0
3417 8201 10.04308 0.13410 0.46424 0.31652 127 35 11 127 79 441 100.00000 0
3614 8488 11.82083 0.00355 0.58224 0.68357 64 7 3 56 38 321 100.00000 0
851 4221 11.99350 1.21604 0.64121 3.00674 39 19 8 28 14 263 100.00000 0
1457 4802 10.75408 0.01919 0.41534 0.46981 156 91 18 152 119 1378 100.00000 0
4231 6687 11.14149 0.72330 0.62246 2.67956 54 3 1 44 40 210 100.00000 0
5660 7966 11.95996 1.42718 0.50169 1.03967 28 10 4 26 9 188 100.00000 0
968 6777 10.32032 0.01548 0.37783 0.88116 106 86 17 102 78 392 100.00000 0
172 3604 11.30849 0.00706 0.33499 0.30001 83 53 13 70 51 450 100.00000 0
4033 6442 10.34048 0.02316 0.42353 1.08318 139 100 30 135 79 580 100.00000 0
1622 4955 10.79326 0.02883 0.28088 0.82234 87 56 14 70 53 559 100.00000 0
1727 5019 11.81301 0.00631 0.57627 0.70776 15 5 1 11 12 109 100.00000 0
5759 8064 11.31324 0.01111 0.40226 0.65072 54 27 19 50 34 281 100.00000 0
4149 6548 10.18708 0.07694 0.15640 0.16551 120 111 5 116 96 643 100.00000 0
914 6728 11.56884 0.01806 0.38668 1.15657 70 43 11 64 37 295 100.00000 0
251 6137 10.13903 0.00362 0.30696 0.25944 72 53 9 68 56 350 100.00000 0
1173 4554 10.86326 0.01402 0.34046 0.48779 85 55 18 78 60 644 100.00000 0
825 6681 11.34770 1.05732 1.11427 2.93718 101 39 2 75 58 351 100.00000 0
4234 6687 10.10473 0.55572 0.90531 2.30919 78 6 2 73 56 262 100.00000 0
4395 6853 10.62929 0.04657 1.15082 2.67679 94 17 6 88 33 402 100.00000 0
1464 4809 11.80834 0.01640 0.34213 0.85272 163 75 35 159 105 1390 100.00000 0
741 6541 10.70612 0.04748 0.28940 0.15826 115 88 9 109 86 588 100.00000 0
27 8321 11.71935 0.08786 1.46715 4.85478 59 0 0 51 36 307 100.00000 0
3533 5968 10.27463 0.01680 0.30509 0.71162 132 100 16 125 105 394 100.00000 0
4227 6621 10.04397 0.66712 0.44497 1.93937 134 18 0 116 69 698 100.00000 0
2920 5412 10.76057 0.13239 0.74946 0.49732 56 24 10 54 28 383 100.00000 0
4364 6784 11.57868 0.01186 0.19680 0.80842 80 50 12 69 38 350 100.00000 0
4252 6706 11.76326 0.05502 0.30174 1.78356 60 28 2 42 26 266 100.00000 0
1223 7054 11.26549 0.06594 0.47242 0.47970 189 113 35 187 154 1068 100.00000 0
2789 5296 11.23055 1.52879 0.70300 0.50899 43 0 6 28 13 239 100.00000 0
3766 6213 10.14807 0.00784 0.23497 0.40926 156 118 18 150 127 534 100.00000 0
519 6342 11.04175 0.00974 0.37158 0.38052 389 335 29 382 343 875 100.00000 0
3685 6112 10.57937 0.02342 0.45498 0.11191 75 38 10 69 46 283 100.00000 0
145 8397 10.03555 0.00637 0.35558 0.36369 87 59 7 81 64 532 100.00000 0
592 6410 11.27869 0.01843 0.31384 0.66969 158 107 20 147 107 523 100.00000 0
4643 7091 11.66184 0.14487 0.45135 0.59083 88 62 12 84 69 507 100.00000 0
6012 8389 11.84797 0.01513 0.65615 0.89962 35 8 20 28 20 197 100.00000 0
247 8575 11.32508 0.01191 0.61531 0.15577 71 20 2 65 50 325 100.00000 0
6038 8429 10.04683 0.02173 0.78904 1.00054 76 38 24 69 48 413 100.00000 0
1023 6866 10.05840 0.01626 0.58050 0.70554 113 49 5 106 85 592 100.00000 0
3236 8014 10.06240 0.01359 0.51546 0.95613 30 8 2 23 17 189 100.00000 0
108 8385 10.60795 0.02814 0.57196 1.20756 29 6 12 23 22 230 100.00000 0
