5988 8036 10.63461 2.17040 0.80362 2.46688 33 1 1 26 15 202 100.00000 0
1414 5052 10.33247 0.36931 0.35552 0.78034 94 57 18 87 69 492 100.00000 0
5077 6904 10.86195 3.00305 0.51187 2.29593 11 4 1 11 5 146 100.00000 0
5152 6832 10.06994 3.13832 1.08750 1.88513 16 2 0 2 2 205 100.00000 0
1383 4966 10.28066 0.07490 0.41362 0.54104 27 13 8 23 16 239 100.00000 0
5412 6699 10.68882 2.38054 1.29880 1.80775 17 1 0 12 6 242 100.00000 0
283 8736 11.53186 0.06029 0.45968 0.17246 35 21 5 27 21 253 100.00000 0
1444 5046 10.90901 0.33415 0.38418 0.78135 75 47 7 68 54 376 100.00000 0
5416 6686 11.19655 2.12976 0.57008 1.09110 16 8 2 16 7 209 100.00000 0
568 3789 11.33644 0.02823 0.40239 1.52367 26 11 4 26 11 248 100.00000 0
4743 7181 10.95530 2.92613 1.60132 0.72739 19 0 0 16 6 281 100.00000 0
551 3799 10.99034 0.03162 0.53359 1.19943 42 24 8 39 27 337 100.00000 0
451 3708 11.51139 0.00466 0.56261 0.55249 25 11 2 17 14 176 100.00000 0
1481 5085 11.31140 0.16682 0.39627 0.80697 85 49 5 83 63 466 100.00000 0
6308 7718 11.32889 3.08737 1.03132 1.73054 32 0 0 29 11 228 100.00000 0
4678 7207 11.63310 2.48294 1.28374 1.92051 36 0 0 32 18 400 100.00000 0
4737 7202 11.02315 2.65492 1.41939 0.25488 15 0 0 11 7 253 100.00000 0
4701 7233 10.63455 1.64708 1.41773 2.63284 42 0 1 33 12 478 100.00000 0
1378 4993 10.70005 0.01567 0.58983 0.71655 35 10 3 33 20 335 100.00000 0
1555 5205 10.74876 0.00984 0.77135 0.77329 11 6 2 6 4 99 100.00000 0
1082 4433 11.63277 0.06594 0.39849 0.93753 68 27 19 58 46 681 100.00000 0
342 8893 11.77738 0.01828 0.82991 0.75950 50 4 0 50 34 205 100.00000 0
5111 6866 10.18816 3.12082 1.97084 1.81078 39 0 0 37 12 280 100.00000 0
6031 8030 10.30772 3.13107 0.25585 3.73895 15 4 5 11 6 145 100.00000 0
3300 8461 11.51975 0.00966 0.32167 0.88470 43 25 10 41 32 264 100.00000 0
3309 8438 11.77066 0.01154 0.39511 0.85729 31 21 3 27 20 220 100.00000 0
787 4003 11.50998 0.01277 0.39401 1.04941 12 9 0 10 11 116 100.00000 0
570 3792 10.40776 0.02981 0.32284 1.69581 41 21 11 33 23 353 100.00000 0
1524 5135 11.01220 0.00244 0.34276 0.33804 34 24 1 32 24 219 100.00000 0
797 4017 10.74661 0.01164 0.32144 0.81373 27 20 2 27 18 192 100.00000 0
2948 6004 10.19878 1.18354 0.25982 3.30571 15 3 0 10 12 144 100.00000 0
5390 6681 11.48172 2.06655 0.92786 1.53161 27 3 4 21 12 206 100.00000 0
2963 8097 10.74930 0.02549 0.66719 1.60206 12 6 3 7 5 142 100.00000 0
1587 5217 10.75116 0.01148 0.40164 0.27124 42 22 12 35 18 393 100.00000 0
2916 5965 10.05853 0.09146 0.39495 2.17187 21 11 2 21 8 176 100.00000 0
6310 7717 11.61955 3.08949 0.56934 1.67701 36 16 3 34 12 234 100.00000 0
3625 8929 10.11312 0.03816 0.71469 0.90222 106 7 35 102 81 404 100.00000 0
336 8867 11.13984 0.02555 0.82783 1.41693 64 27 1 60 35 234 100.00000 0
1600 6738 11.81658 3.13946 1.39631 0.30774 13 0 0 9 5 106 100.00000 0
1414 5015 11.07950 0.08558 0.34985 0.54393 57 39 10 54 37 380 100.00000 0
737 3942 10.32301 0.84648 0.95088 1.54028 59 8 9 57 34 352 100.00000 0
1482 6872 10.04486 3.12266 1.30137 1.51852 48 2 0 39 22 437 100.00000 0
6142 7877 11.44315 3.13854 1.13860 1.20138 39 1 2 17 10 620 100.00000 0
128 3419 11.74596 0.01835 0.59274 0.49575 16 5 0 16 12 165 100.00000 0
1100 4418 10.65491 0.05900 0.25770 0.55953 54 40 10 52 40 556 100.00000 0
1495 5102 10.99809 0.02144 0.29422 1.15995 25 18 2 25 17 428 100.00000 0
941 4172 10.52709 0.02551 0.55620 1.35624 53 31 7 46 34 258 100.00000 0
2698 5646 11.29122 0.15585 0.35549 1.10358 29 19 5 20 17 273 100.00000 0
504 3733 10.98126 0.01194 0.15894 0.81229 33 22 1 24 18 195 100.00000 0
3277 8396 10.19108 0.42275 0.58907 1.55369 18 6 3 10 6 168 100.00000 0
1522 5132 11.52055 0.00711 0.41783 0.78285 13 9 2 10 10 184 100.00000 0
1449 6912 11.35509 2.89181 0.73733 2.18516 27 6 4 21 11 303 100.00000 0
1237 7135 10.41648 3.08859 1.34909 1.36516 35 0 1 24 13 403 100.00000 0
3223 8324 11.32034 0.02473 0.48940 0.83883 33 19 8 24 20 215 100.00000 0
2934 5949 10.19149 0.03884 0.16548 2.40648 12 5 1 8 9 168 100.00000 0
4771 7103 10.65832 3.09293 1.70683 1.47034 58 0 0 52 22 627 100.00000 0
4736 7121 10.95820 3.11465 1.05682 1.55394 54 0 1 52 31 415 100.00000 0
1012 4325 10.68182 0.02837 0.59337 2.14156 21 8 1 17 10 317 100.00000 0
108 8610 10.49891 0.04796 0.28226 0.54894 32 28 3 32 27 133 100.00000 0
5097 6852 11.69156 3.12546 1.72931 1.11171 32 0 0 32 16 342 100.00000 0
5084 6894 10.58147 3.04418 1.29160 2.11618 40 2 1 36 28 251 100.00000 0
3234 8402 11.47139 0.97493 1.46586 1.03401 5 1 0 5 1 79 100.00000 0
1364 4931 11.87389 0.01883 0.41974 0.82329 61 26 11 59 40 615 100.00000 0
546 3770 11.35102 0.04734 0.63123 0.89613 46 10 3 34 23 390 100.00000 0
1637 6693 11.63501 2.20014 0.79136 0.97599 24 4 2 20 13 195 100.00000 0
3168 8276 11.53381 0.07247 0.38630 0.93125 16 7 1 10 8 158 100.00000 0
1143 4551 10.01507 0.07036 0.43960 1.06569 98 33 4 90 61 733 100.00000 0
3280 8398 11.13507 0.37005 0.84085 1.30656 20 3 1 17 13 102 100.00000 0
102 3428 11.50927 0.05388 0.73942 0.44937 16 2 2 14 9 111 100.00000 0
5010 6968 11.29138 2.95108 0.59307 1.64758 35 20 1 35 26 154 100.00000 0
1213 7223 11.34054 1.90211 1.26912 1.03439 59 0 0 56 29 472 100.00000 0
5048 6896 11.73193 2.63804 0.95990 2.60504 53 1 3 53 39 260 100.00000 0
243 8697 10.88567 0.03663 0.68466 2.11563 40 17 10 35 20 349 100.00000 0
4691 7164 11.27247 3.02844 1.55859 1.90598 43 0 2 35 19 496 100.00000 0
3233 8398 10.80862 0.87012 0.21778 0.19383 15 6 6 11 4 140 100.00000 0
880 4105 11.93766 0.04189 0.39036 2.32742 39 30 3 35 24 238 100.00000 0
5994 8067 10.56765 1.58472 0.93419 2.91927 16 2 1 13 8 151 100.00000 0
1213 4645 10.41249 0.08131 0.60221 1.92742 39 27 6 35 21 498 100.00000 0
3279 8399 10.36215 0.33464 0.73200 1.20268 25 5 8 19 11 177 100.00000 0
1215 4647 11.38444 0.07990 0.54711 1.27134 53 23 11 47 20 436 100.00000 0
3200 8307 10.45604 0.16594 0.59971 1.54687 90 71 15 85 63 308 100.00000 0
6037 7988 11.05039 3.13779 1.30066 3.58616 11 0 0 9 5 149 100.00000 0
1624 5383 11.25008 0.02525 0.38428 1.42464 22 9 4 20 6 175 100.00000 0
25 8585 10.74196 0.02857 1.79264 3.86473 10 0 0 5 4 125 100.00000 0
1279 4835 10.99875 0.05521 0.36060 1.23796 49 25 10 45 22 603 100.00000 0
5230 6759 11.88507 3.12304 0.81089 1.30686 74 0 2 63 37 357 100.00000 0
1068 4364 11.00272 0.03437 0.36080 0.50046 58 41 6 56 45 524 100.00000 0
8856 8910 10.38949 0.03636 0.47359 2.11285 75 20 10 71 46 252 100.00000 0
3361 8501 10.24352 0.00476 0.27967 0.28667 39 26 8 37 26 320 100.00000 0
3426 8620 11.04902 0.02550 0.27015 0.30132 17 13 1 14 10 137 100.00000 0
981 4224 11.26091 0.41318 1.11430 2.57618 30 17 4 27 10 271 100.00000 0
168 3467 10.54856 0.01504 0.45883 0.15826 25 7 7 19 9 153 100.00000 0
5301 6767 11.10638 3.12139 1.49882 1.76192 10 1 2 7 3 149 100.00000 0
532 3783 11.79261 0.01484 0.52840 0.23239 34 14 3 28 21 281 100.00000 0
229 3516 11.83603 0.02063 0.50530 1.19714 32 14 4 25 18 162 100.00000 0
5407 6672 11.61022 1.98239 0.84795 1.31908 17 0 2 14 7 260 100.00000 0
105 3405 10.30328 0.02403 0.53122 1.18729 17 6 4 15 9 140 100.00000 0
1250 7179 10.82512 3.00906 1.23533 0.65132 17 2 0 7 3 277 100.00000 0
6134 7909 11.09334 3.13980 1.92872 0.65849 41 0 0 34 19 593 100.00000 0
1538 6800 10.00986 3.13936 1.53632 1.91356 11 0 0 7 5 122 100.00000 0
3233 8332 11.28283 0.19775 0.42204 1.76148 36 12 8 36 13 227 100.00000 0
1250 7185 11.46706 2.97565 1.74934 1.26517 14 0 0 11 3 240 100.00000 0
367 8881 11.25742 0.03415 0.71154 0.43431 72 15 12 65 55 308 100.00000 0
8851 8903 10.87758 0.03191 0.62188 1.82285 81 25 9 79 40 246 100.00000 0
7163 7227 11.30097 1.23672 0.32586 1.54560 18 8 5 18 12 166 100.00000 0
1263 7139 11.60710 3.04318 1.48591 1.33090 29 0 0 24 17 339 100.00000 0
1622 5377 10.00534 0.02559 0.57692 1.39718 20 9 2 14 10 150 100.00000 0
1177 4562 11.54704 0.05295 0.47303 1.03439 48 30 7 40 27 372 100.00000 0
3029 8133 10.50345 0.01303 0.37325 0.74860 33 14 3 21 18 567 100.00000 0
1409 6925 10.24348 2.87217 0.74264 2.28139 41 2 2 35 23 330 100.00000 0
2665 5613 10.83734 0.09575 0.09190 1.15521 54 47 4 49 37 288 100.00000 0
1678 5403 10.94540 1.13851 0.75516 1.36344 17 0 0 11 8 158 100.00000 0
5416 6678 11.92093 2.03890 1.19946 1.66836 9 0 0 6 4 197 100.00000 0
2735 5688 10.25589 0.08270 0.39375 1.39493 21 13 4 13 11 241 100.00000 0
1592 6749 10.57266 3.13709 0.71528 1.67538 24 1 0 20 8 224 100.00000 0
1248 7191 10.42904 2.91139 1.74545 0.58617 39 0 0 30 12 307 100.00000 0
1426 5071 11.44287 0.45463 0.67134 0.75121 46 13 4 41 33 322 100.00000 0
192 8650 11.83438 0.01129 0.46828 0.56786 19 10 4 19 13 184 100.00000 0
3047 8150 10.53539 0.03481 0.20095 1.16668 46 32 5 38 27 331 100.00000 0
3469 8646 11.29900 0.00978 0.38679 1.02144 32 14 5 28 21 220 100.00000 0
1213 4706 11.12573 0.09906 0.85233 2.66124 40 10 4 36 20 521 100.00000 0
1099 4475 10.85715 0.05417 0.39001 0.22381 59 41 4 59 51 527 100.00000 0
421 3656 11.26950 0.01192 0.23020 0.27268 119 97 14 110 96 474 100.00000 0
662 3879 10.00162 0.02537 0.40750 0.49099 55 35 6 51 35 492 100.00000 0
65 8585 10.74196 0.02857 1.61989 0.80064 6 0 0 3 3 98 100.00000 0
869 4131 11.49482 0.00704 0.38837 0.32626 48 32 9 46 35 250 100.00000 0
3261 8367 10.18055 0.90672 0.20863 1.71509 27 13 3 22 14 176 100.00000 0
191 8676 10.85739 0.01627 0.70807 0.62307 29 14 3 21 18 200 100.00000 0
537 3786 10.26905 0.01459 0.32228 0.38866 67 40 13 52 41 413 100.00000 0
2942 6000 10.13712 1.02719 0.27711 1.50090 26 13 1 21 16 156 100.00000 0
339 3582 11.07659 0.02189 0.44098 0.45111 99 63 11 90 82 263 100.00000 0
2591 5585 11.46648 1.38067 0.49230 0.68643 43 15 7 35 20 268 100.00000 0
976 4213 11.91001 0.44477 0.37408 2.25949 32 17 7 30 12 250 100.00000 0
4910 7013 11.18828 2.99508 1.61814 1.81790 75 0 0 71 24 1019 100.00000 0
1655 6681 10.84117 1.78538 0.74985 1.10500 39 5 13 34 14 349 100.00000 0
2958 8092 11.48210 0.04144 0.99171 1.59888 10 1 1 5 4 125 100.00000 0
1132 4482 10.47787 0.07895 0.50899 0.22728 92 52 8 90 67 828 100.00000 0
1408 5007 10.78992 0.08551 0.27792 0.95121 66 30 28 64 39 552 100.00000 0
769 3981 10.28932 0.27680 0.42889 2.00935 7 1 1 5 4 59 100.00000 0
1130 4476 11.33315 0.08089 0.40412 0.37325 64 29 12 60 38 585 100.00000 0
2661 5639 10.78855 0.09797 0.45519 1.09754 35 14 3 33 21 168 100.00000 0
1216 7187 11.86606 2.85067 1.32148 2.69994 55 0 0 37 10 609 100.00000 0
4757 7150 10.35057 3.12753 1.45595 1.46900 20 0 0 16 3 289 100.00000 0
3363 8531 10.02579 0.01563 0.18800 0.75950 33 18 9 31 17 209 100.00000 0
322 8824 10.70421 0.05112 0.52947 0.38765 85 29 5 85 64 297 100.00000 0
253 3533 10.07381 0.01522 0.38518 0.42704 50 42 5 48 35 285 100.00000 0
1541 6820 11.95588 3.13107 1.20357 2.51092 7 0 3 1 0 133 100.00000 0
3589 8857 11.26583 0.05082 0.90890 2.77276 70 36 4 65 30 242 100.00000 0
1351 7022 10.63067 3.12180 1.58767 3.30476 58 0 0 48 27 906 100.00000 0
1290 4812 10.21574 0.02344 0.50759 0.90741 50 11 22 48 13 666 100.00000 0
7176 7230 11.12103 1.25418 0.29235 1.41858 36 27 4 32 18 297 100.00000 0
2594 5597 11.45521 1.31962 0.69425 1.32795 26 6 8 21 9 156 100.00000 0
2653 5634 11.79973 0.05114 1.47152 5.76218 14 0 0 7 4 159 100.00000 0
3062 8165 11.55130 0.04840 0.35089 1.86046 69 51 7 69 54 397 100.00000 0
4679 7225 11.35288 1.83809 1.21136 0.41307 44 0 0 40 17 465 100.00000 0
3386 8531 10.75178 0.01039 0.52136 0.54393 37 15 16 32 20 272 100.00000 0
1627 5326 11.75301 0.02710 0.52014 1.16028 11 4 4 9 6 166 100.00000 0
6356 7620 10.42478 1.73005 0.69819 2.88975 38 1 0 32 11 366 100.00000 0
4904 7044 11.76883 3.09693 1.87964 2.43059 71 1 0 65 36 835 100.00000 0
1170 4608 11.71303 0.03794 0.55654 0.61038 59 5 11 52 25 453 100.00000 0
1614 5367 10.98412 0.01304 0.26860 0.58684 17 8 2 14 10 285 100.00000 0
3194 8343 11.41136 0.07426 0.58903 0.95039 40 24 1 36 28 219 100.00000 0
3422 8616 11.77707 0.03243 0.35669 0.47642 25 11 5 25 16 142 100.00000 0
7165 7229 11.66662 1.28931 0.10519 1.51543 30 23 4 28 16 279 100.00000 0
914 4142 10.49397 0.00972 0.36551 0.63980 29 14 7 25 20 182 100.00000 0
2901 5947 11.18402 0.03651 0.93188 2.08919 22 4 8 16 7 191 100.00000 0
7162 7225 11.08314 1.16855 0.27569 0.91514 28 12 5 23 13 258 100.00000 0
5237 5295 11.24141 0.01397 0.33790 0.78084 19 9 6 16 12 173 100.00000 0
2593 5582 11.56355 1.34431 0.65868 0.54751 45 11 14 41 19 233 100.00000 0
6228 7812 11.51755 3.13286 0.83556 3.23676 26 3 1 3 4 392 100.00000 0
755 4009 11.81708 0.12823 0.46643 1.66272 22 6 3 20 13 119 100.00000 0
1224 4670 10.01207 0.05575 0.35891 0.71764 47 20 12 43 22 630 100.00000 0
3605 8830 11.32970 0.06066 0.79768 3.40214 76 8 9 76 58 211 100.00000 0
5382 6692 10.14992 2.20815 1.06014 1.20203 23 1 5 18 12 151 100.00000 0
4758 7153 11.79342 3.11472 1.60937 1.74069 17 0 0 10 5 254 100.00000 0
116 8583 10.99558 0.01661 0.47505 2.97756 10 0 2 5 4 83 100.00000 0
1031 4314 10.09291 0.01767 0.23095 1.01683 34 19 6 32 22 320 100.00000 0
3620 8883 11.31508 0.03541 1.43604 0.60198 60 0 0 52 39 278 100.00000 0
3173 8280 11.97832 0.11593 0.52097 1.12082 27 7 7 27 14 217 100.00000 0
1051 4371 10.37330 0.01401 0.27013 0.13122 44 33 6 42 31 404 100.00000 0
991 4303 11.40733 0.34054 0.68345 0.29475 45 11 4 39 22 409 100.00000 0
333 3578 10.01554 0.02137 0.52304 0.21122 143 81 8 140 122 367 100.00000 0
