446 3199 11.02616 0.00596 3.80463 0.34378 6 0 0 2 1 100 100.00000 0
970 3710 10.50514 0.01346 2.61562 1.91540 10 0 0 5 4 118 100.00000 0
1932 4317 10.24720 0.01068 17.81905 5.15358 7 0 0 7 3 45 100.00000 0
2096 4487 10.74992 0.00701 2.03886 0.40542 21 0 0 13 12 512 100.00000 0
1694 4117 11.30909 0.00928 11.14548 2.48396 22 0 0 15 16 80 100.00000 0
1051 1145 10.51026 0.00644 7.52373 0.36045 10 0 0 6 4 171 100.00000 0
1107 3775 11.26470 0.00539 8.67802 17.83679 9 0 0 3 3 203 100.00000 0
2035 4446 10.53792 0.01252 11.58515 4.62576 16 0 0 9 8 348 100.00000 0
3070 5383 11.59731 0.26178 14.27418 14.99884 7 1 0 4 3 108 100.00000 0
1056 3769 11.75448 0.00359 3.19593 0.20748 6 1 0 0 2 73 100.00000 0
1418 3923 10.01073 0.00138 10.15892 1.02832 22 0 0 17 13 152 100.00000 0
1058 3770 11.00069 0.00455 7.96310 0.25793 9 1 0 9 4 171 100.00000 0
1803 4199 10.20604 0.00478 9.92693 2.21081 22 0 0 17 14 73 100.00000 0
3002 5329 11.24773 0.15329 11.88099 12.82198 8 0 0 3 4 61 100.00000 0
1120 3775 11.26472 0.00530 17.11735 0.31279 9 0 0 3 2 170 100.00000 0
2558 4949 10.39393 0.00345 6.98834 1.87451 16 0 0 14 8 191 100.00000 0
3056 5372 10.55450 0.38601 1.38979 22.11687 9 0 0 2 5 153 100.00000 0
1052 1161 10.01027 0.00747 10.32262 0.42058 16 3 4 4 5 209 100.00000 0
1720 4123 11.29892 0.00635 11.11487 1.26300 19 0 0 17 15 78 100.00000 0
2814 5187 11.02520 0.00400 10.15409 0.41496 25 0 0 25 20 90 100.00000 0
1048 1113 11.51041 0.00244 13.90552 0.16786 11 0 0 8 4 186 100.00000 0
1113 3775 11.26470 0.00539 10.84543 23.92204 10 0 0 1 1 210 100.00000 0
1495 3992 10.85976 0.23470 16.50272 13.44721 6 1 0 1 2 80 100.00000 0
1001 3755 10.25983 0.00183 10.85722 0.25641 13 0 0 13 5 199 100.00000 0
1102 3775 11.26470 0.00539 11.86234 0.31279 8 0 0 5 5 160 100.00000 0
2970 5322 11.53833 0.00662 10.51472 0.92408 5 0 0 3 3 55 100.00000 0
511 3263 11.07284 0.00692 10.31966 0.40056 8 0 0 2 3 188 100.00000 0
47 113 10.99051 0.03942 9.63256 13.40408 6 0 0 4 4 99 100.00000 0
3054 5400 11.55357 0.20042 10.48772 14.87448 5 0 0 1 1 80 100.00000 0
3100 5414 10.79741 0.01700 9.59902 1.55217 6 0 0 1 2 117 100.00000 0
1065 1242 10.48048 0.01185 10.98554 11.63137 10 0 0 5 4 172 100.00000 0
1029 3759 11.25482 0.00535 19.23051 0.30261 7 0 0 3 3 130 100.00000 0
2308 4686 10.49719 0.01559 8.76612 0.41496 13 0 0 11 5 324 100.00000 0
2775 5129 10.23692 0.33622 10.26025 17.90296 8 0 0 5 7 40 100.00000 0
3124 5524 11.50189 0.01605 14.01970 90.49419 14 0 0 5 4 219 100.00000 0
3121 5439 11.56932 0.02335 12.79020 0.89700 11 0 0 6 4 194 100.00000 0
1690 4113 11.30715 0.01186 11.21359 0.41212 23 0 0 18 18 67 100.00000 0
1002 3757 11.75166 0.00129 8.21339 0.55743 11 0 0 4 1 167 100.00000 0
2246 4637 10.01888 0.01909 13.83456 3.67930 12 0 0 1 5 214 100.00000 0
1049 1203 11.26035 0.00239 9.18033 0.14265 9 1 0 4 4 165 100.00000 0
329 3042 11.13383 0.48890 27.92361 170.35015 6 0 0 2 1 103 100.00000 0
1375 3884 11.01959 0.00937 11.40153 0.52712 8 0 0 1 3 187 100.00000 0
2555 4932 10.74375 0.00857 10.69324 1.24270 11 0 0 6 5 153 100.00000 0
2846 5195 11.52873 0.00229 11.40773 0.92281 10 0 0 10 8 63 100.00000 0
330 3042 11.89167 0.48724 39.47062 27.91704 3 0 0 0 2 33 100.00000 0
906 3645 11.25419 0.01686 3.42000 27.67988 9 0 0 4 4 189 100.00000 0
472 3226 10.54192 0.01195 10.88719 1.99959 8 0 0 1 1 171 100.00000 0
1861 4252 10.12168 0.00840 8.78966 0.76464 16 0 0 14 12 78 100.00000 0
2871 5218 10.03769 0.00338 11.21626 5.68700 9 0 0 6 4 108 100.00000 0
3125 5447 10.41026 0.02566 2.06631 1.46714 9 0 0 2 2 191 100.00000 0
1058 3786 11.25808 0.00569 12.97632 0.33338 9 0 0 2 2 179 100.00000 0
529 3295 11.02476 0.00714 1.66554 13.02156 6 0 0 2 2 94 100.00000 0
1960 4340 10.84285 0.70812 4.45032 26.21410 4 2 0 2 2 38 100.00000 0
1356 3852 10.25012 0.00530 12.59172 0.30132 10 0 0 8 6 196 100.00000 0
3105 5447 10.00645 0.00929 10.39467 14.38919 8 0 0 3 3 138 100.00000 0
651 3412 10.50757 0.00586 8.31317 0.20936 16 0 0 14 10 220 100.00000 0
652 3413 10.76508 0.00644 10.43242 3.26255 10 0 0 2 1 206 100.00000 0
3142 5474 11.17581 0.03018 9.50569 2.93945 9 0 0 3 4 237 100.00000 0
2976 5328 11.52206 0.01192 9.65741 0.63304 12 0 0 12 9 74 100.00000 0
351 3106 11.52178 0.00999 25.86171 0.58081 5 0 0 1 2 93 100.00000 0
1225 3776 11.25022 0.00491 14.73905 10.23312 10 0 0 3 3 157 100.00000 0
377 5502 10.60948 0.01007 6.47709 0.57198 8 1 0 1 2 148 100.00000 0
2207 4600 11.34770 0.05430 12.10719 1.59594 6 0 0 2 2 170 100.00000 0
1896 4285 10.67246 0.00808 10.82412 1.85393 8 0 0 2 3 80 100.00000 0
2824 5195 10.82246 0.00557 10.85558 0.52489 20 0 0 18 17 87 100.00000 0
2949 5301 11.77692 0.00817 11.94141 1.18564 31 0 0 29 26 92 100.00000 0
773 3514 11.32082 0.00129 11.75876 nan 9 0 0 2 4 181 100.00000 0
1127 3775 11.26472 0.00530 15.84290 0.31279 7 0 0 2 1 112 100.00000 0
1577 4024 11.70227 0.76675 21.21044 43.93166 8 1 0 2 2 42 100.00000 0
1319 3821 10.50052 0.00563 18.07150 11.82855 4 0 0 4 2 93 100.00000 0
678 3439 11.99753 0.00837 6.46332 3.31517 6 0 0 3 5 108 100.00000 0
1632 4062 11.73529 0.16274 10.47928 4.98319 11 0 0 7 7 94 100.00000 0
3125 5497 10.24809 0.01476 12.35248 5.61248 13 0 0 7 5 224 100.00000 0
839 3578 11.56268 0.02128 10.46449 1.22013 6 0 0 6 3 123 100.00000 0
2123 4512 10.27032 0.01380 10.74822 3.40766 16 0 0 11 10 384 100.00000 0
1930 4350 11.51540 0.39810 43.89049 22.80960 5 0 0 0 2 37 100.00000 0
1595 4035 10.34610 0.78671 5.43581 32.73597 8 1 0 0 3 39 100.00000 0
1678 4101 10.60637 0.00473 10.82163 3.27453 19 0 0 16 15 84 100.00000 0
1731 4150 10.74545 0.01004 10.74534 0.55391 26 0 0 26 23 100 100.00000 0
338 5414 10.27427 0.02548 8.01413 6.27754 5 0 0 1 1 83 100.00000 0
2703 5092 11.59335 0.11077 5.98206 11.41618 6 0 0 6 3 74 100.00000 0
442 3211 11.05614 0.00653 16.04680 0.37742 7 0 0 5 2 158 100.00000 0
326 5396 10.55699 0.09433 12.91547 5.40392 9 0 0 3 3 106 100.00000 0
386 5465 11.19806 0.01207 2.04388 10.55070 11 2 0 4 3 156 100.00000 0
1048 1195 11.51041 0.00207 10.94952 0.14537 10 0 0 1 1 170 100.00000 0
1704 4108 10.20067 0.00592 10.11517 1.00327 31 0 0 31 26 86 100.00000 0
1754 4170 10.40560 0.00843 10.53976 0.63056 22 0 0 20 15 73 100.00000 0
1471 3972 11.25818 0.00450 13.60302 11.32900 9 0 0 5 3 90 100.00000 0
1049 1215 11.50055 0.00285 12.27871 0.57743 11 0 0 8 5 199 100.00000 0
3111 5458 11.50593 0.01367 12.72392 0.20367 11 0 0 1 3 190 100.00000 0
3055 5371 10.67709 0.40379 3.28078 23.13568 8 0 0 3 5 111 100.00000 0
1204 1254 10.99298 0.01512 4.61996 12.48031 11 2 1 7 5 247 100.00000 0
521 3273 10.33115 0.01285 11.75380 2.61464 10 0 0 10 3 222 100.00000 0
1050 1129 10.76029 0.00453 19.48805 0.25023 9 0 0 4 4 176 100.00000 0
3043 5359 11.30984 0.54182 3.82438 9.43394 6 0 0 3 4 80 100.00000 0
1839 4247 11.66186 0.01073 12.02417 0.43160 14 0 0 11 12 61 100.00000 0
1789 4186 10.81665 0.00602 10.82190 0.33338 14 0 0 14 10 58 100.00000 0
1777 4175 11.51850 0.01008 11.19742 0.57130 31 0 0 29 25 136 100.00000 0
3016 5371 10.13344 0.51162 5.43414 0.82614 5 0 0 1 2 45 100.00000 0
2963 5314 10.80238 0.00244 9.70013 0.41778 11 0 0 11 11 61 100.00000 0
2752 5106 11.59131 0.41535 3.75242 0.91856 3 0 1 3 2 15 100.00000 0
1055 3785 10.78185 0.00437 17.52181 0.25334 9 0 0 1 2 161 100.00000 0
3050 5366 10.69881 0.47771 0.81385 27.37100 10 0 0 1 3 126 100.00000 0
520 3272 10.27988 0.01279 9.41693 0.99544 11 0 0 7 4 240 100.00000 0
467 3220 11.78841 0.00335 14.56602 0.17914 4 0 0 0 0 90 100.00000 0
2382 4774 10.64422 0.00514 10.70993 5.39252 12 0 0 6 5 262 100.00000 0
1048 1213 11.75047 0.00162 6.94156 19.51448 9 1 0 1 0 165 100.00000 0
1419 3925 11.75246 0.00120 10.19493 0.19782 15 0 0 15 10 115 100.00000 0
2050 4459 10.40223 0.02128 15.94217 1.22269 17 0 0 3 2 511 100.00000 0
335 5411 11.55337 0.02904 2.82847 7.79896 6 0 0 6 4 101 100.00000 0
496 3263 11.27277 0.00598 8.12705 4.89977 6 0 0 0 2 142 100.00000 0
1059 1234 10.25041 0.00633 7.42759 24.80632 10 0 0 5 5 170 100.00000 0
336 3084 10.31649 0.01402 2.90003 5.68638 10 1 1 5 2 83 100.00000 0
1825 4234 11.44950 0.00745 10.82556 0.15826 23 0 0 23 16 105 100.00000 0
1657 4083 11.65928 0.00783 10.69656 1.89960 11 0 0 6 7 92 100.00000 0
3131 5454 11.60886 0.02456 6.12410 8.57341 11 0 0 4 4 223 100.00000 0
964 3704 10.24505 0.00637 3.34324 0.36477 9 0 0 9 5 168 100.00000 0
1888 4294 10.34762 0.00359 10.71949 1.00171 16 0 0 13 12 87 100.00000 0
1430 3934 10.00150 0.00530 5.78142 3.12274 14 0 0 8 8 152 100.00000 0
1530 3977 11.13217 0.07572 9.75385 7.90564 13 0 0 7 9 101 100.00000 0
1052 1122 10.01027 0.00747 8.38646 6.30242 10 0 0 7 2 181 100.00000 0
1812 4222 11.66152 0.00557 10.37031 1.93472 17 0 0 17 9 88 100.00000 0
2188 4582 11.16398 0.03299 2.53258 10.56218 10 4 2 3 4 201 100.00000 0
1666 4063 11.50654 0.00437 11.59048 2.46561 20 0 0 17 13 124 100.00000 0
2751 5137 10.97802 0.42162 6.35973 16.96962 6 0 0 6 4 35 100.00000 0
1106 3775 11.26470 0.00539 15.66191 0.31279 14 0 0 12 6 194 100.00000 0
2060 4452 11.96203 0.02507 15.72309 1.43749 19 0 0 11 8 492 100.00000 0
2073 4465 11.23283 0.01626 7.21850 1.08643 17 0 0 7 7 448 100.00000 0
2746 5133 11.03307 0.42693 15.40826 24.46145 3 0 0 0 1 11 100.00000 0
3147 5501 11.71978 0.03761 17.24079 7.02845 10 0 0 6 2 204 100.00000 0
350 5434 11.77858 0.00808 7.88021 9.43753 8 0 0 1 1 116 100.00000 0
2099 4503 10.40626 0.00801 13.47017 0.47147 18 0 0 11 9 376 100.00000 0
1610 4048 11.70743 0.80451 8.57434 46.09490 5 1 0 2 1 26 100.00000 0
1850 4257 10.75598 0.00921 9.68202 1.45884 15 0 0 15 13 75 100.00000 0
1579 4022 10.25019 0.65877 3.11317 8.79574 10 0 0 5 3 54 100.00000 0
1061 1239 10.74874 0.00923 6.77590 10.54189 9 0 0 5 2 187 100.00000 0
512 3278 10.28714 0.00869 9.30383 0.48939 10 0 0 4 3 213 100.00000 0
3005 5363 11.84593 0.46872 16.86678 77.84534 4 0 0 1 1 56 100.00000 0
