2000 3419 11.77103 2.29658 0.25808 2.58695 46 2 4 42 31
939 4195 10.75276 0.55559 0.48964 4.49144 69 9 8 62 40
1981 4568 11.29674 0.04255 0.72980 2.46625 48 0 0 38 34
1795 4404 10.92120 0.64557 0.26620 2.20868 76 3 0 76 48
3424 4572 11.36026 1.65936 0.69354 2.13900 125 0 1 125 84
941 4221 11.09795 0.03076 0.33061 2.11711 162 11 15 162 130
3313 4624 11.54661 1.93089 1.09401 6.90689 52 0 0 50 17
3398 4574 11.66679 2.98580 0.49933 0.34492 92 2 0 88 70
1944 4535 10.67241 0.06258 11.29313 4.43270 168 0 0 166 137
2013 3414 11.94384 2.91902 0.35228 2.41038 45 4 1 39 20
1004 4265 11.18746 0.01602 9.18287 5.34243 84 0 0 68 64
3411 4586 11.09934 2.30212 0.34046 3.10249 95 3 3 93 52
3360 4601 10.07671 3.12944 0.17344 3.18100 181 36 15 173 108
3316 4625 10.05877 1.99911 0.37108 5.98497 154 0 0 152 81
2015 4579 11.80682 1.34021 0.47999 4.26039 41 1 0 41 23
1003 4248 10.56080 0.02116 10.85000 2.30529 207 0 0 190 158
1036 4277 11.74153 0.79050 0.11744 1.13849 101 13 8 95 68
1025 4274 11.85598 0.18143 0.17018 1.37116 79 10 6 70 52
3420 4569 11.16863 1.78615 0.62016 0.88911 122 0 0 122 101
3369 4594 10.53298 3.11977 0.41102 3.90094 157 10 9 155 118
1011 4252 10.43428 0.02551 10.29238 1.34232 224 0 0 213 172
993 4259 11.01126 0.01514 11.54825 1.73054 146 0 0 144 115
2004 4562 10.60807 0.72206 0.81347 0.60133 17 0 0 12 10
1834 4412 11.87768 0.00420 9.79507 0.75692 107 0 0 105 87
1875 4467 10.31848 0.02322 10.05548 0.73966 185 0 0 181 158
3313 4629 11.68643 1.86852 0.66374 6.93189 93 1 0 87 43
1034 4260 10.88328 0.64929 0.15411 1.22717 103 13 17 103 60
3335 4630 11.35303 2.62880 0.49965 2.47417 60 7 7 56 42
926 4210 10.75146 0.07148 0.32615 2.26330 162 16 23 158 129
1910 4502 11.95305 0.07152 11.78023 5.22945 156 0 0 152 137
1813 4413 10.62826 0.04454 9.74874 2.40778 80 0 0 68 56
980 4250 10.90960 0.01631 10.42650 1.21241 201 0 0 193 149
909 4184 10.79670 1.93821 0.28365 2.80044 118 2 11 116 69
1976 4547 11.30759 0.01199 0.85201 1.41333 108 0 0 106 84
915 4178 11.78967 1.91361 0.51658 4.40255 117 7 8 113 43
953 4211 10.15524 0.05537 0.50965 3.01311 176 5 15 174 139
1840 4418 10.72135 0.02521 9.53911 1.45293 123 0 0 109 106
3341 4612 10.69718 3.02119 0.07549 2.52848 65 7 2 65 46
2006 3408 10.52550 2.96467 0.37020 2.43430 126 4 3 119 73
923 4179 11.02409 1.52544 0.51756 4.00086 137 20 14 137 61
928 4183 10.43089 1.23718 0.17696 3.54641 119 16 2 119 62
1924 4499 11.64191 0.07469 11.89628 4.66136 217 0 0 213 196
3403 4589 10.95719 2.79297 0.62644 2.90959 56 3 2 54 38
2012 3405 11.38195 2.42277 0.15496 2.02313 69 8 8 67 38
990 4240 11.05713 0.01777 11.01355 1.06054 226 0 0 224 206
914 4181 10.27047 1.83737 0.51075 3.35894 164 14 25 164 100
909 4198 11.32270 1.16772 0.20218 2.51170 63 5 10 61 36
1773 4395 10.52059 1.63534 0.51080 3.28885 165 5 6 165 113
909 4185 10.34135 1.88849 0.13661 2.83752 125 10 29 122 63
904 4191 11.88056 1.79913 0.26431 2.65387 36 1 2 34 23
1003 4247 11.85033 0.01925 11.56026 0.81901 203 0 0 203 183
945 4202 10.75995 0.16724 9.16200 4.00291 39 0 0 33 25
993 4242 11.04556 0.01593 10.71492 1.44699 270 0 0 268 243
3375 4605 10.08040 3.11669 0.61160 2.47148 129 12 10 123 88
1917 4492 11.66333 0.08720 12.17258 4.54855 85 0 0 85 72
1920 4496 10.29123 0.07388 10.52227 4.25616 205 0 0 205 180
1953 4527 11.82973 0.05470 11.31081 3.72331 98 0 0 96 73
2020 4573 11.91393 1.54531 0.77875 4.83367 55 1 0 53 31
1034 4276 10.97397 0.66361 0.22795 1.64020 156 20 2 150 118
1999 3415 11.39773 2.44775 9.37534 140.24560 36 0 0 27 23
1775 4398 11.22049 1.59651 0.38013 3.47401 142 2 4 142 90
1995 4576 11.99923 0.21194 0.95857 3.37962 49 0 0 45 38
3326 4631 10.67376 2.23366 0.75777 3.40812 135 34 31 129 93
1003 4265 11.85233 0.01634 10.74221 7.97265 76 0 0 74 51
956 4213 10.99299 0.04848 0.28616 2.44713 185 10 14 185 142
2011 3406 10.85734 2.54035 0.29612 2.06621 68 8 5 66 41
1787 4387 11.94287 1.16181 0.32708 1.82392 195 15 0 195 172
1846 4423 11.27993 0.01279 11.18890 0.74599 71 0 0 64 55
1971 4543 11.59748 0.02409 9.91333 1.20268 89 0 0 78 53
3387 4597 10.54897 3.09658 0.31005 2.66990 121 2 10 112 72
1799 4406 11.22994 0.40873 4.58031 31.50912 38 4 1 17 21
1934 4525 10.74210 0.08102 11.24810 4.21166 194 0 0 194 179
1879 4455 11.93614 0.01705 11.86463 0.98118 224 0 0 216 189
1776 4397 10.39107 1.58363 0.36578 3.30026 146 3 5 146 80
1775 4391 10.73241 1.61475 0.42754 2.48947 201 0 3 201 133
1921 4512 10.95557 0.07440 11.00833 4.64739 233 0 0 228 221
1016 4254 10.51339 0.01777 11.90641 0.83743 140 0 0 140 92
3337 4614 10.61003 2.89118 0.30277 2.32995 40 2 2 37 30
948 4226 11.02207 0.02363 0.08440 1.31938 243 32 40 243 192
931 4185 10.91660 1.12040 0.43611 3.38483 93 4 8 89 54
925 4209 10.48984 0.09126 0.37433 2.06241 124 19 4 120 90
1024 4257 10.44843 0.13301 11.38846 3.50398 60 0 0 53 39
1048 4275 11.27001 1.44258 0.23906 0.91984 76 6 12 73 60
3335 4629 10.09324 2.64073 0.25146 2.61464 88 15 13 88 60
1996 4559 10.09778 0.26574 16.56905 15.22561 24 0 0 19 17
3320 4631 11.24219 2.03471 0.54032 4.49553 189 1 3 186 128
1847 4441 11.55264 0.03036 10.39239 1.75413 158 0 0 158 141
1855 4432 10.69944 0.01525 10.35630 0.73754 128 0 0 118 102
932 4187 10.41657 1.02100 0.23068 4.02399 127 5 7 121 88
935 4217 11.30734 0.02482 0.45641 1.72828 141 7 5 139 115
1988 4554 11.73670 0.04640 10.58065 2.00076 69 0 0 64 53
1966 4539 11.40828 0.03065 11.55934 2.96267 142 0 0 117 102
3313 4625 11.22320 1.91811 0.44691 6.42059 87 1 0 87 40
3337 4613 11.86500 2.89679 0.31131 2.49434 33 1 0 30 22
1973 4545 11.03296 0.01471 10.11258 1.71646 107 0 0 103 85
1930 4505 11.57754 0.07154 11.50606 4.46037 266 0 0 266 249
927 4211 11.01240 0.05930 0.44899 2.91819 176 7 5 172 150
918 4205 11.43448 0.41236 0.18982 2.59103 117 10 4 102 75
913 4180 11.16035 1.93124 0.64831 3.34269 128 5 18 120 68
3350 4607 10.75398 3.13012 0.37230 3.00752 99 12 14 97 64
1837 4431 10.31661 0.01613 10.03945 0.87536 135 0 0 129 103
1962 4536 10.60356 0.03098 10.92510 8.00150 98 0 0 89 63
1007 4249 11.88875 0.02524 10.88392 1.39774 153 0 0 148 120
1972 4562 11.86741 0.00792 11.72366 0.75641 100 0 0 94 68
2018 4574 10.62174 1.46662 1.20553 4.31502 103 1 1 98 47
2013 4578 10.18013 1.25027 0.65926 3.41065 40 1 0 36 25
2007 3416 10.76830 2.89315 0.28817 2.53482 35 2 3 29 14
3350 4623 11.07258 3.00671 0.28306 2.65358 47 8 5 45 30
1975 4563 10.21330 0.00829 0.86491 0.87849 87 0 0 87 78
2006 3405 11.65777 2.78985 0.35641 1.79057 90 4 2 88 61
3408 4570 10.87426 2.47119 0.49876 0.49178 165 2 1 163 138
1932 4508 10.13007 0.06367 9.74714 3.72962 197 0 0 197 178
3320 4620 11.54667 2.16904 0.68493 4.68684 54 1 4 54 20
944 4200 11.37483 0.26690 8.21507 3.90856 69 0 0 59 44
1828 4408 10.70368 0.02528 9.57560 1.44780 86 0 0 76 54
1880 4457 10.42538 0.01939 9.69045 1.19485 143 0 0 143 134
3331 4631 11.33074 2.44948 0.39667 2.18624 115 42 16 115 77
2019 4574 11.28046 1.50488 0.69659 4.71318 55 1 4 55 26
2014 4578 10.50472 1.29741 0.67836 3.87040 38 1 1 31 20
3315 4624 10.75753 1.98481 0.50026 6.16923 56 1 0 56 26
1846 4439 10.12485 0.02364 11.05520 1.41333 106 0 0 106 88
1805 4392 11.92984 0.21849 0.09672 0.64468 50 18 3 48 33
1972 4561 10.60044 0.00623 0.96321 0.36691 111 0 0 111 91
967 4240 10.72533 0.01756 0.14590 1.12292 85 14 8 81 63
3342 4611 11.31307 3.04279 0.30353 2.83269 100 4 6 100 74
913 4202 11.93999 0.76753 0.41892 2.79064 99 8 25 97 54
938 4193 11.22523 0.67019 0.61827 4.02244 19 1 2 17 18
2017 4571 10.04170 1.43489 1.01411 3.90395 114 0 2 112 80
3397 4591 10.03727 3.06997 0.66597 4.59917 68 0 1 65 30
3418 4569 10.56296 1.87584 0.55730 1.22173 124 3 2 122 97
1831 4410 11.25117 0.00843 9.96250 0.56924 93 0 0 89 73
994 4259 10.21233 0.01528 11.21733 0.88955 197 0 0 195 166
995 4243 11.35005 0.01201 11.29044 0.71436 171 0 0 168 121
3324 4620 10.04451 2.28863 0.37111 3.40007 63 10 6 63 32
1045 4277 11.81589 1.32315 0.38088 1.22717 66 7 3 66 55
3399 4574 11.01889 2.94948 0.47654 0.40926 113 0 1 109 86
1859 4452 10.91428 0.01579 10.51539 1.11487 244 0 0 242 212
3374 4607 11.67237 3.12439 0.45457 1.94983 147 20 8 145 113
3352 4622 11.27447 3.01766 9.10721 12.23759 32 0 0 17 13
2003 4561 11.35958 0.65753 0.75956 0.40734 40 0 0 38 29
910 4181 11.75361 2.03191 0.25625 2.68569 97 5 14 95 51
1048 4265 11.98599 1.42818 0.32101 1.00093 162 6 24 162 138
972 4226 11.61386 0.03017 0.24528 1.75613 141 18 3 130 120
3330 4631 11.14495 2.40421 0.49587 2.15958 98 19 27 96 72
905 4192 11.45899 1.70048 0.26211 2.70790 65 4 10 63 41
3408 4587 10.94561 2.48365 0.54185 3.30867 136 9 10 136 74
1884 4476 10.86859 0.03449 10.68112 0.97558 180 0 0 175 150
2002 3408 11.74755 3.06085 0.37629 2.66036 33 6 0 29 16
1038 4262 10.10514 0.90286 0.21987 1.42382 189 56 26 187 147
2009 3409 10.07049 2.84227 0.39058 2.54314 100 3 2 100 69
971 4244 11.93306 0.02119 13.79695 1.22876 147 3 0 145 107
1050 4273 11.32841 1.49845 0.12864 0.43341 23 2 3 19 15
1960 4551 11.58699 0.02696 11.53214 1.80298 86 0 0 80 58
996 4261 11.33696 0.01223 12.10870 0.71764 127 0 0 123 90
1821 4418 10.12617 0.03128 0.28592 1.76857 121 26 8 116 102
1808 4394 11.40235 0.15463 0.21306 0.79672 39 8 2 35 31
908 4184 11.30926 1.98541 0.26974 2.96689 100 1 6 98 54
1025 4257 10.93063 0.17115 8.94346 30.02681 55 0 0 46 43
1865 4442 10.81550 0.01758 10.72665 0.69605 195 0 0 187 162
1856 4433 10.68525 0.01605 10.52961 0.69942 160 0 0 160 135
3358 4601 11.83048 3.12923 0.23818 3.07027 127 9 5 121 78
1988 4572 11.24726 0.06362 0.75410 3.39315 127 0 0 120 70
962 4236 10.44283 0.01649 0.10847 1.04568 199 33 12 192 166
972 4244 10.96688 0.02179 11.25338 1.60864 118 0 0 114 95
1864 4457 11.20748 0.01387 10.69872 0.95859 161 0 0 159 147
1876 4468 10.39770 0.02699 10.30667 1.14021 213 0 0 211 196
910 4199 11.41509 1.06317 0.38858 2.47433 35 0 8 31 19
1798 4406 11.85898 0.46166 0.33886 1.47220 57 4 1 49 42
1787 4388 10.85736 1.16898 0.30948 1.74383 217 18 6 217 185
1955 4530 10.25962 0.03967 9.73758 3.34726 124 0 0 120 94
1038 4261 11.36001 0.90229 0.19254 1.12605 101 27 26 99 80
1987 4554 11.06692 0.03716 10.71857 1.96722 85 0 0 75 67
2012 4566 10.21233 1.21747 0.87317 1.97714 151 0 0 145 125
3418 4568 11.61788 1.87514 0.66531 1.37345 96 0 0 94 78
1902 4478 10.28896 0.01911 1.22985 0.72578 145 0 0 145 136
1871 4463 10.08523 0.01647 10.29534 1.01336 153 0 0 153 137
988 4239 10.56721 0.01697 10.52208 0.99150 239 0 0 237 206
2008 3409 10.09309 2.90685 0.38507 2.57922 144 15 5 142 90
991 4241 10.65182 0.01536 10.39682 1.13090 234 0 0 224 187
1792 4388 11.09643 0.87569 0.26645 1.38706 246 28 7 239 203
907 4197 11.84313 1.31813 0.27293 2.57633 26 0 1 20 12
2018 4577 11.79739 1.46103 1.38642 4.87604 49 0 2 49 22
1845 4423 10.03944 0.01190 9.35955 1.06128 105 0 0 100 80
1833 4428 10.89598 0.00736 10.52025 0.41117 135 0 0 135 116
915 4203 11.55690 0.62720 0.30746 2.89962 103 5 13 101 74
1861 4438 10.71111 0.01766 9.64443 0.36045 131 0 0 127 112
1915 4491 10.29585 0.08084 10.60596 3.98428 132 0 0 132 118
1800 4406 10.64921 0.35751 7.80277 6.80694 50 0 0 43 35
3359 4617 10.55261 3.08446 0.23723 2.33950 136 8 6 132 88
3419 4582 10.61624 1.85010 0.49200 3.86128 34 3 1 30 19
1032 4276 11.68811 0.54189 0.18935 1.67164 89 11 1 86 70
1818 4400 11.67105 0.03280 10.40958 6.57062 79 0 0 68 65
951 4209 10.20779 0.05337 9.68320 2.90556 110 0 0 110 96
1050 4268 11.40344 1.48604 0.33114 1.31671 89 7 22 89 52
3336 4614 11.18141 2.85533 0.30476 2.20851 59 8 4 54 35
1964 4555 11.83696 0.02242 11.03347 1.32795 110 0 0 106 82
989 4240 10.18471 0.01666 10.49485 1.35999 283 0 0 269 209
933 4186 11.61900 1.06941 0.33666 3.86979 78 3 2 74 45
3318 4631 11.65608 1.98073 0.48733 6.13616 136 0 0 136 97
2015 4566 11.82640 1.35950 0.89258 2.85307 88 0 2 79 59
