115 1547 10.74453 1.81495 0.16980 4.36296 24 22 2 22 9
2449 3377 11.51103 1.06393 0.46903 2.54637 51 47 4 51 17
371 2423 11.23183 1.47320 0.12775 1.73009 31 29 1 25 18
578 3561 10.68366 1.14106 0.17745 1.47140 73 70 3 73 47
525 3499 10.48394 0.06692 0.30422 0.68185 61 52 8 57 37
2334 3288 10.21449 0.60180 0.17027 1.79231 53 42 9 46 23
391 2423 11.78355 1.43327 1.35200 3.25016 34 29 5 32 11
1403 3556 10.73074 2.22336 0.18836 0.79868 66 61 5 64 38
15 4449 11.54991 0.30032 0.26910 0.94460 38 28 9 36 18
591 1415 10.97019 3.09723 0.19116 0.68242 39 35 3 32 23
595 1404 10.35491 2.30808 0.17632 1.14842 75 65 10 73 39
444 3427 10.04481 0.90278 0.25386 1.11347 64 64 0 64 36
523 3550 11.45851 1.08776 0.15635 2.46641 28 19 8 25 18
595 1405 10.42108 2.35133 0.27612 1.13367 73 65 6 63 33
1386 3550 10.00667 2.22747 0.26299 1.47989 49 45 4 47 23
2335 3263 10.68921 1.68586 1.19510 2.78136 35 31 3 29 9
572 1420 10.90436 1.95009 0.28212 1.56598 22 20 1 20 7
410 3398 10.06667 0.08351 0.25381 2.62629 54 53 1 52 37
595 1408 10.75489 2.49652 0.25440 0.56163 78 76 2 74 53
858 3768 10.49101 0.04389 0.18489 2.18337 77 68 9 75 31
571 1421 11.45938 1.88885 0.29449 1.47034 34 31 3 30 19
547 3502 10.88783 0.11507 0.28269 1.36773 57 56 1 52 26
413 3441 10.15621 1.24783 22.23412 71.49560 12 0 0 8 5
83 4512 11.02520 0.03714 0.32735 0.93251 51 45 5 47 25
551 3501 11.73357 0.11499 0.34786 1.36602 40 39 1 33 12
158 1616 11.69931 0.12112 0.38547 0.62307 33 26 7 31 14
754 3668 10.93412 1.51079 0.16780 2.03951 46 35 11 46 20
532 3553 10.10113 1.22467 0.26057 2.20531 25 20 5 23 7
556 1407 11.72521 2.51256 0.19942 1.31284 38 30 8 32 20
428 2456 10.19883 1.06349 0.15007 4.83416 46 41 4 43 23
2464 3402 11.17440 0.09188 0.24165 2.38080 38 33 5 36 22
544 3557 11.21174 1.41059 0.29796 1.67795 24 17 6 20 11
2455 3388 11.07632 0.61450 0.28642 2.70226 76 69 7 76 45
5 4431 10.81164 0.89906 0.29451 2.74623 32 26 6 32 9
447 3464 11.48221 0.02016 0.29475 1.23099 32 29 3 28 18
1540 4534 11.82773 3.13185 0.23081 3.91757 46 43 3 46 27
395 3377 11.00395 1.18611 0.47623 2.80421 50 49 1 48 24
717 3679 11.35865 0.62154 0.56408 2.78080 29 22 7 27 8
2328 3273 10.71687 1.61371 0.83622 3.01324 54 49 4 54 27
428 3408 11.76796 1.05132 0.31316 4.24888 28 24 3 24 11
378 3364 11.72483 1.59149 0.60222 1.76901 29 26 3 27 11
786 3713 10.60311 0.03818 0.33693 0.81613 36 32 3 34 23
749 3662 11.42045 1.29293 0.34553 2.57663 38 30 7 36 15
417 3446 11.29783 1.13541 0.83431 2.29746 24 18 3 20 8
2466 3407 10.19850 0.06239 0.81157 3.49592 31 27 4 31 12
92 1565 10.98516 1.94637 0.14030 1.27380 64 61 3 60 28
958 3841 10.50947 1.13182 0.31740 0.46981 25 25 0 23 15
915 3836 10.34230 0.02788 0.24442 0.72199 28 24 3 25 17
666 3624 11.09642 0.00355 0.44473 0.26834 28 19 8 25 11
1416 3551 11.15230 3.09194 0.28132 0.49019 50 46 4 43 30
562 1406 11.63728 2.56523 0.46541 1.33823 46 44 2 44 22
678 3616 11.85252 0.00666 0.38544 0.40734 24 21 1 17 10
419 2452 10.01915 0.50459 0.27784 1.48490 57 51 5 52 34
877 3784 11.97781 0.06473 0.46110 0.66793 72 68 4 70 33
751 3666 10.34155 1.39535 0.49994 2.69660 30 26 4 28 8
391 3369 11.88995 1.48783 0.36528 3.13325 34 30 3 32 14
516 580 11.61045 0.55335 0.25890 2.10747 58 51 5 48 36
475 3464 11.97015 0.01877 0.19842 0.50745 78 69 5 71 42
148 1576 11.63775 0.08388 0.28344 1.84674 72 62 8 72 38
1408 3554 10.14746 2.55443 0.17256 0.33338 87 83 4 83 46
667 3607 11.56704 0.01346 0.58170 0.90957 32 28 3 25 14
131 4532 10.50841 1.54555 0.20614 0.96185 70 56 6 68 34
405 3389 11.91620 0.55190 0.27190 3.43832 60 53 7 60 24
125 4540 10.85627 1.44683 0.24969 1.83824 44 37 6 44 19
684 3621 11.86790 0.01961 0.14733 1.11417 36 29 7 34 15
102 4520 11.13582 0.32612 0.26608 1.17603 48 42 5 41 18
2432 3403 10.70970 0.94258 0.15921 2.58846 55 51 4 55 29
511 3528 11.00628 0.18681 0.31730 1.58486 58 54 4 58 30
826 3745 11.94841 0.05989 0.18400 0.73595 37 33 4 37 22
471 3461 11.28026 0.02688 0.25677 0.93419 44 41 3 39 21
194 1619 11.49547 0.08180 0.30106 0.14265 48 43 5 40 26
541 3503 10.04788 0.11372 0.10372 1.21724 70 63 7 70 36
18 4453 11.70835 0.16095 0.24727 1.29875 46 43 3 44 25
1399 3532 11.38021 2.97869 0.18994 0.79278 60 49 9 52 30
772 3695 11.96207 0.07969 0.17904 1.95465 68 61 7 61 32
576 1389 11.68375 3.02322 0.11001 0.48779 53 49 3 42 29
518 3542 10.83686 0.61577 0.13785 1.97437 45 36 8 43 26
2439 3364 11.02399 0.96576 0.57113 3.42211 35 26 8 33 11
412 3442 10.95368 1.31661 0.79704 4.77610 12 9 2 9 7
569 1407 10.30924 2.58635 0.04929 1.73054 45 41 3 36 24
439 3459 11.71112 0.04273 0.25663 0.77531 51 44 5 43 29
874 3782 11.16013 0.05782 0.20815 0.39167 83 68 14 70 34
132 4537 11.66718 1.54946 0.60456 2.09947 67 57 8 65 26
597 1402 11.24369 2.15792 0.23279 1.30806 98 94 4 98 63
2452 3428 11.20538 0.70663 0.45193 3.07829 43 41 1 40 21
425 2479 11.64363 0.88348 0.11755 5.83439 24 21 3 22 6
1388 3542 10.64649 2.75023 0.28222 1.49253 60 49 10 56 26
492 3499 10.18538 0.04577 0.39241 2.44088 30 26 3 26 16
659 3601 10.89804 0.02354 0.29958 1.40834 26 23 1 22 11
2379 3312 11.17297 0.02863 0.30392 0.49258 64 57 7 62 28
219 1633 10.33262 1.44979 0.24459 0.75069 33 32 1 33 20
582 1383 11.27619 2.64342 0.39058 2.01071 58 52 5 53 22
2388 3344 11.19975 0.02217 0.49511 1.33589 36 27 9 36 12
1410 3527 10.31118 2.41201 0.33096 1.85203 58 53 5 56 31
737 3657 10.15225 0.52011 0.09081 2.04909 46 43 3 46 25
2469 3445 11.11509 1.54966 9.34963 8.77834 4 0 0 1 3
429 2479 11.43009 1.10903 1.11307 4.97169 10 10 0 10 5
7 4432 11.96482 0.87808 0.40945 2.36149 31 22 9 29 15
381 3364 11.64073 1.58401 0.43646 1.70203 40 35 3 38 16
149 1578 11.24811 0.07916 0.42307 1.73031 51 44 6 46 26
213 1630 10.02511 1.19971 0.17579 0.49575 53 50 3 53 33
681 3636 10.07453 0.02479 0.30366 1.36945 65 52 13 63 30
727 3693 11.66185 1.53192 0.52161 2.71700 20 15 5 17 8
564 3557 10.75864 1.39588 0.73696 1.52316 30 28 2 28 15
1398 3535 10.94358 3.08101 0.01955 0.94170 32 30 2 32 19
213 1649 11.10205 1.46747 0.29826 1.32618 53 48 5 46 31
510 565 11.20023 0.14017 0.55708 2.15958 62 54 8 62 29
421 3447 10.49148 0.91149 0.45222 0.83743 64 55 8 58 37
542 595 10.21960 1.32607 0.16395 1.81359 36 33 2 31 18
509 563 11.52826 0.13012 0.90980 2.06696 50 45 5 50 21
598 3532 10.25474 1.26658 0.11175 1.89424 41 34 7 37 19
740 3700 10.65723 1.01638 0.20046 1.04080 58 53 5 56 27
2449 3380 10.40104 0.92095 0.44793 2.10264 62 55 7 58 18
736 3656 10.57821 0.46328 0.20095 1.67164 45 33 11 42 23
702 3658 11.19489 0.03453 0.07537 0.40926 107 105 2 105 76
405 2442 10.16858 0.40647 0.40303 2.97769 54 49 5 49 27
2436 3360 11.51892 0.82616 0.60846 1.64782 33 26 7 30 12
2447 3373 11.76464 1.16633 1.06828 2.33213 64 60 4 64 35
515 576 10.93095 0.36941 0.14506 2.32102 76 71 5 72 40
521 586 11.14252 0.89090 0.14224 2.33347 24 16 8 21 12
714 3644 11.58707 0.01470 0.20575 0.39958 51 48 3 49 26
125 1551 10.88796 1.29487 0.18122 1.91479 39 36 3 39 18
2359 3280 11.60974 0.91132 0.34472 1.89548 63 58 5 61 32
593 3518 10.65518 1.28173 0.58239 2.88392 32 31 1 32 13
546 3557 11.21914 1.41025 0.41790 1.63063 20 15 5 20 6
97 1552 11.90716 2.58595 0.29462 2.47005 29 26 2 23 14
90 1564 11.94260 2.02168 0.26854 1.12117 73 66 7 73 37
392 2424 11.74396 1.40119 0.36678 3.20736 34 22 12 30 17
601 3538 10.76442 1.13034 0.19889 1.21949 67 63 4 64 37
945 3855 10.68365 0.34359 0.18976 0.65312 34 32 2 28 20
503 3487 10.36291 0.04223 0.42682 2.06507 42 27 11 33 16
405 3433 10.01999 1.05772 0.39524 4.99944 26 23 1 24 13
2342 3260 11.49206 1.57446 0.17966 3.02414 24 18 6 20 5
2473 3443 10.71559 1.51622 11.64345 86.87309 6 0 0 6 3
396 2431 10.60505 1.07662 0.19303 2.90906 54 44 10 52 23
800 3726 10.08626 0.02419 0.14359 0.42244 63 57 5 56 37
741 3657 11.69153 0.75466 0.33222 2.84028 26 19 6 24 10
603 3541 11.22881 1.01205 0.15658 1.81316 68 60 8 66 38
564 1409 10.85084 2.42396 0.10733 1.69050 53 51 2 53 30
106 4540 10.55858 0.55062 0.30009 1.56323 58 52 4 51 37
551 1411 11.18623 2.29926 0.23872 1.60230 57 50 6 55 28
91 1562 11.53892 2.13203 0.44077 1.45104 61 49 12 59 31
400 3383 11.69340 0.89346 0.22411 2.96306 68 63 5 68 37
539 1417 11.51541 1.94865 0.20556 1.72170 21 17 4 17 11
818 3739 11.86804 0.05403 0.34932 0.74125 35 32 3 32 16
1578 4537 11.65490 1.63819 0.39235 1.64497 51 49 2 48 18
741 3702 11.61325 0.95157 0.29735 1.06238 51 48 3 47 20
743 3701 10.10380 0.82626 0.20933 1.69003 80 74 5 78 41
495 3480 11.73798 0.02048 0.23434 0.39067 66 53 13 59 32
26 4463 11.34854 0.02353 0.23743 0.82282 44 40 3 38 27
588 1378 11.81548 2.20251 0.20839 1.04380 51 45 6 51 26
566 1403 11.69155 2.72289 0.16861 1.41333 32 30 2 32 14
698 3653 10.73586 0.02149 0.10987 0.30647 64 54 10 62 35
2432 3404 11.20678 0.95801 0.06233 2.68278 50 43 7 50 22
590 1382 10.80670 2.13124 0.14877 1.52572 49 44 5 47 26
595 3519 11.19941 1.36407 0.14878 2.79148 41 35 5 37 13
12 4445 11.12199 0.44621 0.34109 0.79917 70 62 7 64 40
619 3565 10.61115 0.01832 0.22341 1.01991 32 27 4 29 16
1385 3554 10.85013 1.97478 0.20012 1.08028 47 41 5 44 30
621 3587 10.80721 0.01343 0.10637 0.13988 46 43 3 46 31
1575 4529 10.71214 1.66072 0.65114 1.41913 49 42 7 47 19
719 3681 10.97407 0.77446 0.45718 2.92275 28 22 6 28 10
1418 3522 11.60818 1.88990 0.67635 1.98781 31 26 3 22 13
919 3839 10.00787 0.03057 0.25939 0.95368 39 34 4 34 19
708 3665 10.80542 0.01654 0.17352 0.61421 83 72 11 81 46
600 3536 10.63680 1.19250 0.34557 1.70433 51 43 8 46 25
552 1416 11.26247 2.00088 0.41689 1.86467 24 21 3 21 13
1390 3540 10.87568 2.87580 0.14653 1.06238 66 60 6 62 33
221 1636 10.07077 1.52997 0.06325 0.77934 37 34 3 33 21
546 3502 10.88827 0.11496 0.44782 1.30686 52 46 5 52 24
523 588 10.95953 1.01092 0.32430 2.39130 62 60 2 56 34
650 3611 10.98224 0.02716 0.37818 1.40193 47 37 10 45 20
565 1420 11.70149 1.83120 0.85160 1.89052 25 18 7 25 11
582 3562 10.30517 0.93559 0.22931 2.12228 73 66 7 68 37
792 3718 11.26078 0.01629 0.88305 0.72199 25 17 8 23 12
567 1414 10.14103 2.16253 0.19369 2.23037 50 44 5 44 22
370 2439 11.62313 0.64640 0.30117 1.26548 53 47 5 53 20
1558 4527 10.29856 2.35834 0.52420 1.77167 35 35 0 33 12
478 3488 10.80364 0.01575 0.10603 0.64163 55 51 3 53 30
835 3775 10.17397 0.07998 0.14655 1.59324 96 93 2 92 47
535 3556 11.07096 1.37410 0.33296 1.63423 21 19 2 19 9
1402 3527 11.84386 2.78534 0.23870 1.21047 28 23 3 17 10
1420 3539 10.52194 2.19549 0.29924 0.80649 41 34 6 39 22
508 558 11.79446 0.12236 0.41286 1.55116 55 52 3 53 25
513 3531 10.48913 0.23966 0.18648 1.45616 48 42 5 45 24
539 3502 10.76934 0.11422 0.49843 1.25803 64 54 10 62 26
514 577 11.75332 0.41583 0.15466 2.42334 54 48 5 51 28
558 3501 11.84659 0.11612 0.40461 1.49724 33 29 4 27 12
377 3366 10.89388 1.57292 0.34973 2.40908 35 31 4 31 14
560 1417 11.27358 1.95091 0.16033 2.00311 40 38 2 34 19
464 3455 10.16057 0.01633 0.17166 0.90612 42 35 5 34 21
501 3509 10.82882 0.02260 0.18600 0.81661 58 47 11 54 26
1403 3534 10.20601 2.89883 0.17809 1.07082 65 62 3 59 38
106 1579 10.98190 1.08515 0.24364 1.27962 84 77 6 82 50
2455 3432 10.65047 1.00399 0.08351 4.51328 23 16 6 23 10
533 3500 11.83555 0.10438 0.21190 0.96266 48 46 2 41 19
41 4479 10.39581 0.02173 0.22064 0.48779 45 38 7 41 18
964 3856 10.91288 1.47447 0.16449 1.22493 45 34 11 36 15
100 4538 10.44230 0.21965 0.09306 1.05610 50 47 1 43 30
557 3557 11.15820 1.40951 0.22670 1.52239 18 13 5 15 7
