4788 7095 10.81350 3.14082 2.18420 0.70997 76 0 0 72 32 681 100.00000 0
5152 6832 10.06994 3.13832 2.36357 2.65771 52 0 0 49 40 260 100.00000 0
5412 6699 10.68882 2.38054 2.05009 1.67771 64 26 7 40 9 321 100.00000 0
4743 7181 10.95530 2.92613 2.27798 3.81752 27 0 0 19 9 275 100.00000 0
38 3387 11.50802 0.00420 2.28431 0.66205 106 0 0 98 78 442 100.00000 0
39 8586 11.48626 0.03120 2.35460 1.35797 20 0 0 15 12 109 100.00000 0
4737 7202 11.02315 2.65492 2.04991 0.23739 103 0 2 97 69 377 100.00000 0
4701 7233 10.63455 1.64708 2.01696 2.50499 129 0 0 115 52 459 100.00000 0
5111 6866 10.18816 3.12082 2.65448 2.08055 24 0 0 17 6 216 100.00000 0
1326 7027 10.51857 2.99876 2.20759 2.26831 135 0 0 118 60 785 100.00000 0
1482 6872 10.04486 3.12266 2.05955 1.12917 49 1 3 42 26 258 100.00000 0
42 3414 11.75156 0.02822 2.15479 0.81084 32 0 0 28 17 133 100.00000 0
6142 7877 11.44315 3.13854 2.28827 1.28054 82 10 0 66 21 505 100.00000 0
4796 7122 11.95018 3.03352 2.18575 1.69281 65 0 0 52 20 502 100.00000 0
1537 6800 10.97155 3.13928 10.82779 14.40649 8 0 1 1 2 40 100.00000 0
5097 6852 11.69156 3.12546 3.19449 8.56162 18 0 0 14 3 222 100.00000 0
45 100 11.49053 0.02079 2.27629 0.45197 26 0 0 23 17 100 100.00000 0
49 3414 11.75156 0.02822 2.02860 0.53082 48 0 0 37 26 164 100.00000 0
5217 6790 11.76252 3.13150 9.81569 179.42054 4 0 0 0 2 38 100.00000 0
5416 6678 11.92093 2.03890 2.09078 1.63925 65 48 8 54 14 399 100.00000 0
1248 7191 10.42904 2.91139 2.17124 0.33220 76 0 0 58 27 428 100.00000 0
1216 7187 11.86606 2.85067 2.33286 2.86990 144 0 0 100 65 582 100.00000 0
1541 6820 11.95588 3.13107 3.29766 111.31458 4 0 0 4 2 39 100.00000 0
4679 7225 11.35288 1.83809 2.05869 1.03892 51 11 1 36 28 364 100.00000 0
56 8547 11.75274 0.00574 2.00363 0.55107 95 0 0 82 69 419 100.00000 0
4782 7130 10.77576 3.06593 2.15957 1.44591 97 0 0 77 38 537 100.00000 0
