0.01015 0.01087 0.00069
0.00842 0.00846 0.00245
0.00710 0.00724 0.01837
0.00840 0.01016 0.00098
0.00645 0.00805 0.00657
0.01665 0.02330 0.00102
0.00585 0.00680 0.00056
0.01397 0.01387 0.01229
0.00785 0.01256 0.00542
0.00745 0.01102 0.01850
0.00865 0.01083 0.00364
0.00840 0.01087 0.00183
0.00680 0.00889 0.01764
0.00752 0.01077 0.00290
0.00847 0.01078 0.01069
0.00849 0.01262 0.01848
0.00971 0.01301 0.00128
0.00644 0.00821 0.00080
0.01017 0.01121 0.01856
0.00682 0.00915 0.00128
0.00908 0.01084 0.00197
0.00670 0.00886 0.00145
0.00776 0.00981 0.00047
0.00591 0.00729 0.00106
0.00756 0.00870 0.00880
0.00600 0.00745 0.00593
0.00709 0.01115 0.01851
0.00719 0.01039 0.00061
0.00717 0.01079 0.00062
0.00777 0.00983 0.00217
0.00827 0.00964 0.00064
0.00808 0.00998 0.00693
0.00680 0.00862 0.00122
0.00850 0.01244 0.00062
0.00690 0.00938 0.00081
0.00662 0.00899 0.00166
0.00640 0.00765 0.01146
0.00698 0.00999 0.00523
0.01219 0.01470 0.00121
0.00965 0.01008 0.00067
0.00644 0.00757 0.00063
0.00490 0.00535 0.01415
0.00700 0.00935 0.00627
0.00749 0.00987 0.01839
0.00684 0.00847 0.00050
0.00763 0.01096 0.00091
0.00668 0.00823 0.01099
0.00603 0.00690 0.00062
0.00516 0.00641 0.00051
0.00723 0.01109 0.00713
0.01087 0.01188 0.01838
0.00546 0.00667 0.01832
0.00748 0.01017 0.00102
0.00662 0.00917 0.01046
0.00709 0.01058 0.00085
0.00901 0.00948 0.00105
0.01398 0.01204 0.00068
0.00653 0.00842 0.00117
0.00822 0.00849 0.00087
0.00739 0.01222 0.01036
0.00494 0.00628 0.01772
0.00691 0.00987 0.00124
0.00632 0.00842 0.00860
0.00686 0.00946 0.00074
0.00507 0.00670 0.00059
0.00708 0.00920 0.00053
0.00651 0.00840 0.00839
0.00638 0.00952 0.00960
0.00845 0.00955 0.01845
0.00732 0.00839 0.01769
0.00709 0.00830 0.00083
0.00849 0.00938 0.00110
0.01096 0.01268 0.00102
0.00752 0.01080 0.00062
0.00676 0.00819 0.01416
0.00867 0.01172 0.00138
0.00703 0.01000 0.00055
0.00654 0.00786 0.01292
0.00723 0.00914 0.00041
0.00742 0.01142 0.01839
0.00704 0.01019 0.00109
0.00777 0.00904 0.00800
0.00675 0.00909 0.00253
0.00717 0.01017 0.01858
0.00758 0.01020 0.00102
0.00876 0.01254 0.00528
0.00752 0.01144 0.02448
0.00623 0.00793 0.00077
0.00506 0.00617 0.01834
0.00786 0.01091 0.00111
0.00712 0.00864 0.01832
0.00777 0.01134 0.00075
0.00925 0.00926 0.00098
0.00766 0.01188 0.01068
0.01085 0.01309 0.01134
0.00991 0.00977 0.01831
0.00852 0.01108 0.00186
0.00795 0.01294 0.00055
0.00975 0.01001 0.02721
0.00928 0.00880 0.00156
0.00886 0.01256 0.00923
0.00571 0.00744 0.00083
0.00696 0.01045 0.00058
0.00833 0.01319 0.03827
0.00753 0.01117 0.00054
0.00682 0.00915 0.00070
0.00676 0.00948 0.01005
0.00811 0.01097 0.00617
0.00692 0.01014 0.01835
0.00684 0.00937 0.01086
0.00711 0.01029 0.01419
0.00680 0.00990 0.01851
0.00674 0.00897 0.00074
0.00704 0.00949 0.00076
0.00654 0.00909 0.00815
0.00642 0.00839 0.01261
0.00669 0.00782 0.00689
0.00642 0.00750 0.00622
0.00689 0.00980 0.00839
0.00695 0.00975 0.00509
0.00999 0.01020 0.00069
0.00873 0.01048 0.00056
0.00783 0.01222 0.00575
0.00878 0.01030 0.00051
0.00681 0.00968 0.00434
0.00786 0.01119 0.01377
0.00832 0.01172 0.02587
0.00638 0.00675 0.01396
0.00689 0.00937 0.01849
0.00764 0.01101 0.00114
0.00644 0.00858 0.00364
0.01116 0.00997 0.02213
0.00856 0.01255 0.00056
0.01405 0.01234 0.00046
0.00649 0.00837 0.00517
0.00581 0.00651 0.00084
0.00718 0.01000 0.02406
0.01067 0.01324 0.00075
0.01116 0.01288 0.01845
0.00751 0.01026 0.00068
0.00709 0.01025 0.00425
0.00737 0.01036 0.00058
0.00642 0.00771 0.01864
0.00723 0.01093 0.00702
0.00737 0.00901 0.01400
0.00685 0.00909 0.01846
0.00695 0.00942 0.00547
0.00713 0.00914 0.00118
0.00635 0.00760 0.00866
0.00808 0.01137 0.01576
0.00772 0.01082 0.00376
0.00750 0.01140 0.00055
0.00634 0.00914 0.03020
0.00724 0.00829 0.00164
0.00756 0.01078 0.00122
0.01013 0.01371 0.00069
0.00800 0.01222 0.00141
0.00597 0.00852 0.00064
0.00737 0.01020 0.01844
0.00675 0.00906 0.01844
0.00729 0.01080 0.00515
0.00690 0.00994 0.01128
0.00671 0.01048 0.02251
0.00626 0.00784 0.00412
0.00704 0.01018 0.00122
0.00963 0.01050 0.00553
0.01231 0.01717 0.00061
0.00854 0.01185 0.00508
0.00808 0.00856 0.01403
0.00666 0.00897 0.00095
0.01248 0.01232 0.00097
0.00602 0.00655 0.01063
0.00703 0.01031 0.00066
0.00807 0.01033 0.01699
0.00533 0.00539 0.00057
0.01124 0.01318 0.01406
0.00656 0.00843 0.01835
0.00736 0.01063 0.00055
0.00638 0.00898 0.01131
0.00702 0.00912 0.00125
0.00655 0.00960 0.00964
0.00718 0.01204 0.02289
0.00709 0.01032 0.00427
0.00641 0.00850 0.01859
0.00691 0.00963 0.00199
0.00814 0.00916 0.00137
0.00698 0.00935 0.00069
0.00646 0.00849 0.00648
0.00673 0.00775 0.00077
0.01043 0.01290 0.00838
0.00655 0.00878 0.00085
0.00645 0.00842 0.01005
0.00800 0.01144 0.00075
0.00745 0.00969 0.00779
0.00730 0.00991 0.00062
0.00637 0.00839 0.01853
0.00896 0.00956 0.01851
0.00751 0.00933 0.00072
0.00912 0.01108 0.00054
0.00695 0.01018 0.00055
