3313 4624 11.54661 1.93089 5.26901 18.84339 3 1 0 3 2 14 100.00000 0
1011 4252 10.43428 0.02551 9.63817 1.19845 21 0 0 17 6 140 100.00000 0
1834 4412 11.87768 0.00420 12.18154 0.75847 8 0 0 8 5 75 100.00000 0
1953 4527 11.82973 0.05470 2.11197 0.26688 26 0 0 20 14 135 100.00000 0
1846 4423 11.27993 0.01279 2.08153 0.91685 16 0 0 8 7 157 100.00000 0
1934 4525 10.74210 0.08102 2.01924 1.25054 39 0 0 36 25 209 100.00000 0
3320 4631 11.24219 2.03471 40.12847 116.57997 3 1 0 0 2 12 100.00000 0
1962 4536 10.60356 0.03098 2.07758 0.99032 30 0 0 27 20 127 100.00000 0
1932 4508 10.13007 0.06367 2.15140 0.57811 27 0 0 23 19 166 100.00000 0
3315 4624 10.75753 1.98481 6.80836 113.72093 3 0 0 0 2 9 100.00000 0
1960 4551 11.58699 0.02696 2.52173 0.83087 26 0 0 11 6 178 100.00000 0
