5988 8036 10.63461 2.17040 1.10055 2.68628 40 14 5 27 20
4788 7095 10.81350 3.14082 2.34066 1.32854 79 0 0 69 40
1414 5052 10.33247 0.36931 0.38901 0.42151 93 88 2 82 57
5077 6904 10.86195 3.00305 0.83329 2.38409 32 11 3 32 9
5152 6832 10.06994 3.13832 1.76596 1.86236 48 5 1 41 36
1383 4966 10.28066 0.07490 0.35669 0.50513 42 24 4 29 15
5412 6699 10.68882 2.38054 2.09372 1.50402 51 17 5 40 16
283 8736 11.53186 0.06029 0.46243 0.04846 101 91 6 97 74
1444 5046 10.90901 0.33415 0.18067 0.79031 66 59 5 47 30
5416 6686 11.19655 2.12976 1.79864 1.41665 38 16 8 12 9
568 3789 11.33644 0.02823 0.80626 1.53136 66 55 4 59 23
4743 7181 10.95530 2.92613 1.74884 0.90741 37 0 0 31 12
551 3799 10.99034 0.03162 0.59850 1.31403 55 34 17 44 33
451 3708 11.51139 0.00466 0.30186 0.54249 51 44 6 46 27
1481 5085 11.31140 0.16682 0.41712 1.04080 70 61 6 64 40
1602 5348 11.99639 0.01276 0.48768 1.09361 8 7 0 5 5
6308 7718 11.32889 3.08737 1.00694 1.75189 27 10 1 21 7
38 3387 11.50802 0.00420 2.19676 0.62558 102 0 0 91 65
4678 7207 11.63310 2.48294 1.87669 1.86130 79 0 0 71 42
39 8586 11.48626 0.03120 1.94144 0.70554 24 0 0 22 17
4737 7202 11.02315 2.65492 2.14185 0.23739 71 0 0 69 49
4701 7233 10.63455 1.64708 2.06615 2.52646 98 1 9 69 21
1378 4993 10.70005 0.01567 0.52399 0.73115 61 50 9 51 41
1555 5205 10.74876 0.00984 0.63882 0.60909 24 19 2 22 12
1082 4433 11.63277 0.06594 0.26264 0.93628 52 43 9 52 30
342 8893 11.77738 0.01828 0.84831 0.79868 63 39 2 57 38
5111 6866 10.18816 3.12082 2.22694 1.87304 28 0 2 24 9
6031 8030 10.30772 3.13107 0.77208 3.84155 28 11 13 12 9
3300 8461 11.51975 0.00966 0.07788 0.54823 72 68 4 51 46
3309 8438 11.77066 0.01154 0.15550 0.57335 55 47 4 45 32
787 4003 11.50998 0.01277 0.50510 0.72145 29 24 0 15 15
570 3792 10.40776 0.02981 0.15758 1.69558 96 87 9 94 68
1524 5135 11.01220 0.00244 0.33825 0.81805 62 54 5 48 40
797 4017 10.74661 0.01164 0.32256 0.68185 38 35 3 36 25
2948 6004 10.19878 1.18354 0.33934 2.29763 15 4 2 6 7
5390 6681 11.48172 2.06655 1.48486 1.58511 46 24 14 27 10
2963 8097 10.74930 0.02549 0.77091 1.31343 25 21 3 21 8
1587 5217 10.75116 0.01148 0.28160 0.21850 86 81 2 79 53
2916 5965 10.05853 0.09146 0.74376 2.04641 53 48 4 46 28
17 3387 11.50802 0.00420 2.21433 0.56093 91 0 0 76 66
6310 7717 11.61955 3.08949 1.20580 1.61204 26 15 5 21 9
3625 8929 10.11312 0.03816 0.55429 0.81757 119 90 17 108 81
1326 7027 10.51857 2.99876 2.25802 2.26278 118 0 0 91 39
336 8867 11.13984 0.02555 0.72924 1.38931 133 117 6 116 87
1600 6738 11.81658 3.13946 1.69117 0.51586 24 0 0 14 11
1414 5015 11.07950 0.08558 0.46176 0.98079 64 53 1 64 51
737 3942 10.32301 0.84648 0.91376 1.32648 106 69 11 69 52
1482 6872 10.04486 3.12266 2.23271 1.42793 37 2 1 27 14
42 3414 11.75156 0.02822 1.62487 0.15066 23 0 0 18 13
6142 7877 11.44315 3.13854 2.09762 1.27319 72 8 1 62 25
128 3419 11.74596 0.01835 0.65283 0.50822 65 57 3 62 54
4796 7122 11.95018 3.03352 2.02223 1.61762 62 0 0 51 22
1100 4418 10.65491 0.05900 0.68179 0.47888 47 34 7 35 21
1495 5102 10.99809 0.02144 0.58714 1.00678 21 11 4 7 3
941 4172 10.52709 0.02551 0.33433 1.34115 33 30 3 31 12
2698 5646 11.29122 0.15585 0.41678 1.08858 40 37 3 40 24
504 3733 10.98126 0.01194 0.26498 0.68756 76 72 3 56 46
3277 8396 10.19108 0.42275 1.00962 1.79078 55 35 2 49 37
1522 5132 11.52055 0.00711 0.47858 1.82735 45 40 3 40 29
1449 6912 11.35509 2.89181 0.95952 2.82854 50 22 5 40 25
1237 7135 10.41648 3.08859 1.42126 1.52084 43 3 4 35 14
3223 8324 11.32034 0.02473 0.31894 0.84904 43 39 4 39 29
2934 5949 10.19149 0.03884 0.69940 2.42753 61 53 2 48 30
4771 7103 10.65832 3.09293 1.69916 1.28968 111 0 0 101 37
1537 6800 10.97155 3.13928 8.24451 179.86878 9 0 0 5 5
4736 7121 10.95820 3.11465 1.07165 1.26455 91 12 3 86 35
1012 4325 10.68182 0.02837 0.41962 1.44184 35 33 2 30 14
108 8610 10.49891 0.04796 0.71693 1.49410 27 20 1 23 12
5097 6852 11.69156 3.12546 2.65500 1.57296 15 0 0 8 5
5084 6894 10.58147 3.04418 1.33578 2.60925 20 10 0 7 10
3234 8402 11.47139 0.97493 0.75368 0.64346 45 32 13 41 15
1364 4931 11.87389 0.01883 0.44478 0.42244 73 62 6 57 35
546 3770 11.35102 0.04734 0.67512 0.87715 38 24 11 24 23
45 100 11.49053 0.02079 2.28810 1.25616 15 0 0 11 10
1637 6693 11.63501 2.20014 1.22800 1.07484 11 3 1 5 2
3168 8276 11.53381 0.07247 0.35067 0.73595 24 15 9 22 12
49 3414 11.75156 0.02822 1.67544 0.30001 31 0 0 26 22
1143 4551 10.01507 0.07036 0.54961 1.28846 166 118 3 162 115
3280 8398 11.13507 0.37005 0.89180 1.27257 49 23 2 38 36
102 3428 11.50927 0.05388 0.31573 0.90222 62 60 2 54 37
5010 6968 11.29138 2.95108 1.81649 4.90257 42 25 8 29 28
1213 7223 11.34054 1.90211 2.06689 1.03590 104 1 2 96 48
5048 6896 11.73193 2.63804 1.21375 3.26495 24 0 2 15 8
243 8697 10.88567 0.03663 0.63386 2.10375 136 126 8 132 86
4691 7164 11.27247 3.02844 1.44741 1.82778 128 7 9 108 79
3233 8398 10.80862 0.87012 0.50979 0.92873 49 39 2 34 27
880 4105 11.93766 0.04189 1.07499 2.16772 35 21 9 25 10
5994 8067 10.56765 1.58472 0.45470 2.62107 25 7 13 18 11
1213 4645 10.41249 0.08131 0.30024 1.96443 81 67 11 51 26
3279 8399 10.36215 0.33464 0.76665 1.99998 59 36 4 42 38
1215 4647 11.38444 0.07990 0.13320 1.30925 40 27 5 38 21
3200 8307 10.45604 0.16594 0.42431 1.53289 44 37 6 36 22
6037 7988 11.05039 3.13779 1.17062 3.47728 15 1 6 15 3
1624 5383 11.25008 0.02525 0.30560 1.15691 26 18 7 22 10
25 8585 10.74196 0.02857 2.38953 0.32506 16 0 0 7 10
1279 4835 10.99875 0.05521 1.10843 1.38027 30 17 4 20 11
5230 6759 11.88507 3.12304 0.69582 1.32943 19 11 1 17 5
1068 4364 11.00272 0.03437 0.38992 0.50590 65 62 3 65 54
8856 8910 10.38949 0.03636 0.78876 2.06999 125 104 3 104 38
3361 8501 10.24352 0.00476 0.37098 0.49653 49 42 4 37 32
3426 8620 11.04902 0.02550 0.42962 0.49099 40 33 5 31 26
981 4224 11.26091 0.41318 1.09789 2.57238 94 84 7 86 39
168 3467 10.54856 0.01504 0.43804 0.08847 104 101 2 100 74
5217 6790 11.76252 3.13150 13.04408 179.42054 4 0 0 1 0
5301 6767 11.10638 3.12139 0.95474 1.17969 23 5 1 19 8
532 3783 11.79261 0.01484 0.62982 0.45628 45 38 4 40 30
229 3516 11.83603 0.02063 0.80516 1.18762 141 133 7 130 80
5407 6672 11.61022 1.98239 2.15146 1.35306 57 29 11 38 16
105 3405 10.30328 0.02403 0.42943 1.11627 52 51 0 44 30
1250 7179 10.82512 3.00906 1.38314 1.27840 44 15 5 34 20
6134 7909 11.09334 3.13980 1.82245 0.51510 83 0 2 71 25
1538 6800 10.00986 3.13936 0.83533 2.07585 6 2 0 2 1
3233 8332 11.28283 0.19775 0.38541 1.85583 54 27 4 50 16
1250 7185 11.46706 2.97565 2.05830 0.75744 44 1 0 40 13
367 8881 11.25742 0.03415 0.67104 0.40251 61 48 5 46 35
8851 8903 10.87758 0.03191 0.45716 1.81531 117 103 3 101 47
7163 7227 11.30097 1.23672 0.62994 1.44807 113 106 7 111 81
1263 7139 11.60710 3.04318 1.64666 1.27011 72 3 1 47 22
1622 5377 10.00534 0.02559 0.41851 1.30176 31 29 1 27 20
1177 4562 11.54704 0.05295 0.51200 1.12848 29 22 3 25 13
3029 8133 10.50345 0.01303 0.72186 0.57878 46 39 1 34 34
1409 6925 10.24348 2.87217 1.22904 1.36945 25 1 1 18 7
2665 5613 10.83734 0.09575 0.15200 1.16902 24 22 2 24 15
1678 5403 10.94540 1.13851 1.38616 0.48537 22 1 0 13 10
5416 6678 11.92093 2.03890 0.84926 1.90372 63 35 5 32 20
2735 5688 10.25589 0.08270 0.71150 1.28755 12 7 0 6 6
1592 6749 10.57266 3.13709 1.68875 1.77233 22 7 1 18 9
1248 7191 10.42904 2.91139 2.20699 0.57267 78 0 0 62 26
1426 5071 11.44287 0.45463 0.58479 1.00833 45 26 8 37 18
192 8650 11.83438 0.01129 0.22252 0.48457 63 57 6 63 31
3047 8150 10.53539 0.03481 0.27818 1.15012 58 55 3 56 35
3469 8646 11.29900 0.00978 0.23457 0.38257 71 67 4 69 53
1213 4706 11.12573 0.09906 0.37718 2.50671 99 95 4 78 46
1099 4475 10.85715 0.05417 0.43290 0.22029 70 60 10 70 35
421 3656 11.26950 0.01192 0.32154 0.58350 239 227 11 229 183
662 3879 10.00162 0.02537 0.28893 0.34035 111 104 7 109 68
65 8585 10.74196 0.02857 1.40594 0.47642 30 3 0 20 13
869 4131 11.49482 0.00704 0.28584 0.51586 50 46 0 46 30
3261 8367 10.18055 0.90672 0.23387 1.01529 53 41 4 49 31
191 8676 10.85739 0.01627 0.16311 0.48779 69 65 4 56 37
537 3786 10.26905 0.01459 0.26644 0.40830 52 48 2 39 32
2942 6000 10.13712 1.02719 0.21151 1.02106 34 27 5 30 20
339 3582 11.07659 0.02189 0.65517 0.32506 99 83 10 88 63
4968 6996 11.42188 3.09670 6.56421 177.42960 13 0 0 6 3
2591 5585 11.46648 1.38067 0.67208 0.92493 36 24 5 32 12
976 4213 11.91001 0.44477 1.27552 2.22176 96 92 1 92 37
4910 7013 11.18828 2.99508 1.50646 1.84970 56 0 0 47 19
1655 6681 10.84117 1.78538 1.30856 0.99111 83 41 26 67 20
2958 8092 11.48210 0.04144 0.41991 1.18663 20 18 2 17 7
1132 4482 10.47787 0.07895 0.42278 0.45714 107 93 9 103 63
1408 5007 10.78992 0.08551 0.23900 0.93670 63 57 6 63 47
769 3981 10.28932 0.27680 0.87487 1.93391 37 8 2 17 19
1130 4476 11.33315 0.08089 0.37178 0.39565 105 99 6 101 75
2661 5639 10.78855 0.09797 0.37100 0.56648 29 24 3 22 20
1216 7187 11.86606 2.85067 2.72042 2.89354 104 1 0 69 44
4757 7150 10.35057 3.12753 1.55240 1.82692 71 0 0 53 21
3363 8531 10.02579 0.01563 0.15763 0.76053 77 74 3 69 49
1366 6980 11.22658 3.09564 1.38244 1.96144 27 0 0 20 14
322 8824 10.70421 0.05112 0.52436 0.14804 136 125 4 130 97
253 3533 10.07381 0.01522 0.52036 0.42978 95 89 4 81 59
1541 6820 11.95588 3.13107 5.42492 5.30164 5 0 1 2 2
3589 8857 11.26583 0.05082 0.33854 2.77333 113 108 3 102 55
1351 7022 10.63067 3.12180 1.62078 2.84400 56 0 0 45 14
1290 4812 10.21574 0.02344 0.42509 0.73382 86 53 22 77 30
7176 7230 11.12103 1.25418 0.87050 1.43749 91 84 7 89 63
2594 5597 11.45521 1.31962 1.03433 1.48094 21 19 1 18 13
2653 5634 11.79973 0.05114 0.88410 1.47698 16 8 1 6 2
3062 8165 11.55130 0.04840 0.36625 1.77894 30 24 4 20 9
4679 7225 11.35288 1.83809 1.80455 0.60003 96 0 1 93 64
4859 7081 11.68554 3.11619 1.82811 0.49019 60 0 0 49 15
3386 8531 10.75178 0.01039 0.04651 0.51586 66 59 7 60 36
1627 5326 11.75301 0.02710 1.08821 1.18167 19 10 4 11 7
6356 7620 10.42478 1.73005 0.65355 2.78150 25 5 2 25 16
4904 7044 11.76883 3.09693 1.81745 2.49387 135 3 0 117 56
1170 4608 11.71303 0.03794 0.60229 1.02641 36 22 4 26 13
1614 5367 10.98412 0.01304 0.74907 0.48779 22 13 4 10 6
3194 8343 11.41136 0.07426 0.89505 1.06386 37 29 1 37 21
3422 8616 11.77707 0.03243 0.57989 0.44057 39 34 1 35 27
7165 7229 11.66662 1.28931 1.08428 1.58807 47 26 1 45 32
914 4142 10.49397 0.00972 0.38297 0.54536 36 32 1 34 18
2901 5947 11.18402 0.03651 0.44298 2.70327 22 17 0 10 8
7162 7225 11.08314 1.16855 0.48435 0.85684 90 81 9 90 54
56 8547 11.75274 0.00574 2.03305 0.59479 89 0 0 82 56
5237 5295 11.24141 0.01397 0.98921 1.50090 15 6 5 11 3
2593 5582 11.56355 1.34431 1.00451 2.14685 38 25 6 32 19
6228 7812 11.51755 3.13286 0.89228 2.00467 11 5 0 8 3
3092 8196 11.34989 0.12846 0.31399 0.47313 14 13 1 12 5
755 4009 11.81708 0.12823 0.18999 1.93148 37 24 7 25 14
1224 4670 10.01207 0.05575 0.18640 0.59742 98 94 4 92 67
3605 8830 11.32970 0.06066 1.00791 3.42463 79 31 5 70 58
5382 6692 10.14992 2.20815 0.68828 0.98039 33 20 11 28 11
4758 7153 11.79342 3.11472 1.97208 1.41499 70 2 0 46 28
116 8583 10.99558 0.01661 0.31278 0.68128 30 29 1 25 19
1031 4314 10.09291 0.01767 0.10999 1.00949 30 23 7 20 15
3620 8883 11.31508 0.03541 1.07866 0.45885 120 25 7 113 102
3173 8280 11.97832 0.11593 0.47007 1.33530 53 29 6 42 30
4782 7130 10.77576 3.06593 2.18630 1.68284 93 0 0 81 31
1051 4371 10.37330 0.01401 0.37217 0.15323 87 83 2 85 56
991 4303 11.40733 0.34054 0.66443 0.43251 98 68 8 96 73
333 3578 10.01554 0.02137 0.60037 0.42613 117 102 8 111 94
