578 5020 11.43621 3.12303 1.17150 1.12082 4 1 0 4 2 37 100.00000 0
136 5376 11.92129 3.12279 1.14725 1.69581 11 2 5 11 2 59 100.00000 0
788 3842 10.74027 3.10179 1.51626 2.64501 23 1 0 17 7 186 100.00000 0
3639 4606 10.30963 0.03521 0.54158 1.05499 58 49 8 46 36 526 100.00000 0
644 4962 10.71149 3.05329 0.94230 1.75524 26 6 3 20 8 150 100.00000 0
243 1953 11.63800 0.24712 0.43085 0.52115 34 31 3 29 16 230 100.00000 0
3712 4655 11.93130 0.31879 0.41215 0.84209 20 15 2 15 8 150 100.00000 0
2145 5124 10.08740 2.92687 1.31282 1.25336 16 2 1 10 8 103 100.00000 0
1550 3198 11.41989 0.02848 0.56183 0.86411 37 32 1 32 18 155 100.00000 0
2533 4712 11.80353 3.12994 1.59977 2.35551 23 1 0 19 10 186 100.00000 0
833 2494 10.30965 0.05381 0.37734 0.23407 51 44 4 38 32 283 100.00000 0
1007 2700 10.46347 0.00817 0.21725 0.98079 37 31 3 28 16 287 100.00000 0
615 4004 10.56244 3.14075 1.97166 1.53417 19 1 1 13 9 147 100.00000 0
1661 3312 11.31256 0.10250 0.28685 0.98755 24 17 5 16 6 190 100.00000 0
1534 3208 11.67620 0.03358 0.15498 0.38765 28 21 7 23 15 172 100.00000 0
589 2288 10.95919 0.02587 0.25387 0.63489 39 30 9 39 21 299 100.00000 0
550 5029 10.41016 3.09732 1.07175 2.17529 16 6 2 10 3 133 100.00000 0
842 3783 11.93545 3.09398 1.88490 1.86949 12 0 0 9 5 92 100.00000 0
2390 4890 11.60265 3.13811 0.68208 2.62376 13 2 1 6 3 102 100.00000 0
743 4861 10.88555 3.13681 0.96687 1.93896 23 6 2 7 2 169 100.00000 0
3813 4777 10.23002 0.03804 0.44477 0.16786 54 46 7 48 32 314 100.00000 0
582 2262 11.35520 0.02476 0.58705 0.69436 36 28 6 34 22 249 100.00000 0
446 5121 10.31008 2.89163 1.67843 0.83463 17 2 3 9 4 115 100.00000 0
2044 5244 10.66355 3.06308 0.64984 1.55469 32 13 9 24 15 220 100.00000 0
1946 5329 11.74434 2.73203 0.97148 1.30206 19 4 3 19 11 132 100.00000 0
976 2666 10.07307 0.03653 0.69915 2.22229 34 27 1 23 18 201 100.00000 0
2489 4763 11.74640 3.07237 0.72368 2.08450 16 1 1 14 4 134 100.00000 0
2104 5181 10.10429 3.05098 0.31265 1.04117 14 10 4 12 8 103 100.00000 0
895 3724 11.70746 3.12927 0.61052 2.93798 18 11 2 16 8 118 100.00000 0
438 2153 11.04805 0.07786 1.44041 4.13498 25 18 2 13 12 156 100.00000 0
1000 2693 10.87926 0.02734 0.44928 0.85821 40 31 3 31 20 221 100.00000 0
560 2244 10.34940 0.03513 0.24969 0.69605 55 52 3 55 35 221 100.00000 0
675 3936 10.04436 2.55379 1.45646 1.45535 18 0 0 8 6 160 100.00000 0
709 2368 10.67656 0.21330 0.36055 0.55883 27 22 1 14 15 231 100.00000 0
3708 4652 11.12419 0.34071 0.40411 1.26207 41 35 5 31 22 218 100.00000 0
356 2078 11.90709 0.05991 0.82826 0.35166 19 12 3 13 6 177 100.00000 0
569 5026 10.00868 3.08333 0.55845 4.56437 6 0 0 2 2 54 100.00000 0
674 2373 11.86279 0.45703 0.84022 2.29797 18 10 6 8 8 131 100.00000 0
678 3930 11.71887 2.60869 1.49984 1.49174 15 0 1 12 8 120 100.00000 0
925 2581 11.68842 0.04156 0.31925 1.46393 31 23 4 28 14 179 100.00000 0
2572 4686 10.71264 3.08337 1.60580 3.03009 7 1 1 1 1 41 100.00000 0
610 4970 11.35571 3.12428 0.85737 1.95565 29 9 4 24 14 145 100.00000 0
2340 3950 11.63911 2.28591 0.83740 2.35085 33 2 2 25 9 205 100.00000 0
4168 5099 11.64545 0.61028 0.42340 1.67328 54 24 7 46 32 326 100.00000 0
4058 5007 10.84930 0.01445 0.47158 0.36045 27 19 6 17 8 289 100.00000 0
2174 5107 10.02640 3.08997 0.86046 1.53238 41 14 12 30 15 241 100.00000 0
544 4094 10.20710 3.12869 1.39242 3.42131 16 1 1 12 5 67 100.00000 0
2493 4778 11.12138 3.11368 0.78955 3.07167 15 4 4 2 3 201 100.00000 0
2427 3891 11.61145 3.12966 0.92590 1.97378 39 8 2 37 13 319 100.00000 0
2355 3931 11.53232 2.54781 0.81089 1.85139 16 7 1 8 3 150 100.00000 0
650 3998 11.78803 2.91330 1.23513 1.56047 16 2 2 12 6 114 100.00000 0
1680 3388 11.48121 0.97328 0.94788 1.87430 86 15 1 83 47 321 100.00000 0
841 3785 11.07551 3.09259 1.54298 1.22461 12 0 0 10 6 140 100.00000 0
2172 5113 11.52031 3.11062 0.80268 0.92746 42 7 5 36 20 182 100.00000 0
2526 3783 10.31615 3.13565 1.99975 3.64175 11 1 0 4 5 133 100.00000 0
778 2458 10.79463 0.02716 0.50819 0.30132 45 36 6 37 19 305 100.00000 0
3596 4535 10.11508 0.09803 0.21863 1.34377 43 38 2 43 26 226 100.00000 0
429 5150 10.65522 3.00195 0.36272 2.81800 15 4 1 9 4 83 100.00000 0
2182 5092 11.76291 3.12019 1.02397 2.35701 23 4 5 11 7 195 100.00000 0
4171 5108 11.75264 0.77976 0.65039 1.85962 52 17 1 46 22 242 100.00000 0
2416 3900 10.24818 3.13990 1.59556 2.01635 22 3 1 13 5 142 100.00000 0
3596 4561 10.82686 0.02832 1.13624 1.75747 33 14 8 29 16 204 100.00000 0
663 4948 11.21786 2.65241 1.49835 3.27799 16 3 1 11 5 109 100.00000 0
196 5351 11.16528 3.07223 0.85790 1.67795 29 14 4 24 10 153 100.00000 0
1638 3280 11.84708 0.02932 0.63176 0.23573 54 42 11 50 31 247 100.00000 0
2234 4100 10.59321 3.11914 0.87090 3.71404 11 2 4 5 0 52 100.00000 0
3714 4658 11.05753 0.25151 0.35952 0.09279 28 20 2 19 11 158 100.00000 0
1453 3101 10.51488 0.01896 0.46037 0.46562 31 15 12 21 9 132 100.00000 0
613 4006 10.80174 3.13620 1.64973 1.41527 14 0 0 12 5 125 100.00000 0
459 2172 10.93767 0.20373 0.44950 0.55883 56 43 7 51 29 355 100.00000 0
674 3972 10.94729 2.84530 0.79497 1.63087 27 5 3 16 8 169 100.00000 0
587 2287 11.72779 0.02617 0.15376 0.68471 37 24 7 25 12 281 100.00000 0
206 1926 11.39087 0.56721 0.93414 0.77934 69 26 25 65 29 418 100.00000 0
3876 4847 11.90419 0.00792 0.46246 0.38765 54 49 4 52 25 328 100.00000 0
940 4629 11.60252 2.19801 0.61374 1.18432 66 63 3 58 33 312 100.00000 0
531 2236 10.44393 0.01136 0.24915 0.39366 46 42 4 42 32 242 100.00000 0
2332 4928 10.44883 2.51728 1.68266 2.01654 52 0 0 50 22 329 100.00000 0
617 2316 10.64289 0.00780 0.88539 1.09074 29 21 3 20 17 313 100.00000 0
4128 5070 11.75155 0.05453 0.34857 1.08894 31 29 1 18 15 172 100.00000 0
4115 5059 11.25828 0.00781 0.23998 0.79917 18 17 1 15 9 110 100.00000 0
2490 3826 10.80704 3.12297 0.47521 2.00662 17 14 0 11 7 158 100.00000 0
687 2341 11.94929 0.71080 0.24300 1.12535 38 27 8 26 13 181 100.00000 0
2070 5218 10.22833 3.08474 0.37785 1.73416 17 9 3 11 6 136 100.00000 0
942 4632 11.85576 2.23617 0.34631 0.84580 61 54 4 52 35 341 100.00000 0
461 4174 11.06802 2.00171 1.36752 1.77211 42 5 4 42 18 320 100.00000 0
697 4909 11.46042 3.11627 0.89452 4.20244 10 6 0 4 6 74 100.00000 0
592 4028 10.66870 3.12096 1.56787 1.72510 29 1 0 25 12 179 100.00000 0
1553 3201 11.06317 0.02811 0.57377 0.47230 29 23 4 29 17 203 100.00000 0
4153 5107 11.61201 0.35407 0.74212 0.93125 47 40 2 38 24 296 100.00000 0
566 5013 10.95632 3.09711 1.38002 2.35119 16 1 4 8 5 94 100.00000 0
677 2374 11.17772 0.39846 0.44193 0.56441 34 25 9 25 14 213 100.00000 0
2430 4847 10.06805 3.12970 0.73534 1.83590 103 37 12 91 23 495 100.00000 0
1021 2697 10.74601 0.00637 0.52891 0.31404 56 41 13 52 28 237 100.00000 0
762 4843 10.68134 3.12868 0.56316 1.82649 50 34 7 41 23 341 100.00000 0
347 2069 10.25467 0.05346 1.34536 2.76697 18 4 1 11 10 203 100.00000 0
639 2343 11.23128 0.59822 0.82678 1.34203 60 32 11 46 31 271 100.00000 0
2577 3702 11.56777 2.89834 1.27879 1.06569 11 2 0 5 4 111 100.00000 0
757 2420 10.30308 0.00808 0.34997 0.98477 53 41 4 39 21 415 100.00000 0
761 4824 11.60918 3.12781 1.01335 2.88256 63 15 3 54 23 356 100.00000 0
310 2037 11.00547 0.08125 0.19800 0.81757 30 25 4 30 19 269 100.00000 0
1431 3074 11.13807 0.30732 0.85319 1.37487 13 7 3 11 7 95 100.00000 0
905 4667 10.86729 3.05894 1.59621 2.87453 9 0 0 4 3 97 100.00000 0
137 5378 11.90650 3.09767 0.76152 0.96955 19 10 0 12 9 94 100.00000 0
4047 4996 11.62425 0.02259 0.29312 1.28512 35 31 2 30 17 182 100.00000 0
2135 5132 10.26642 3.00705 1.70251 0.46055 21 0 0 17 6 129 100.00000 0
2277 4031 11.83600 3.13328 1.47531 1.97794 30 0 1 13 10 176 100.00000 0
468 4159 11.03084 2.53441 1.09551 1.17935 55 9 23 49 17 343 100.00000 0
1480 3131 11.43637 0.03320 0.53803 0.68357 69 59 3 65 49 391 100.00000 0
4160 5108 10.66491 0.48043 0.40563 1.13021 64 49 3 60 47 276 100.00000 0
3718 4684 10.02011 0.03842 0.45096 0.66086 29 27 1 25 15 251 100.00000 0
634 4945 11.14350 2.87061 0.99185 2.64723 18 4 11 13 6 150 100.00000 0
788 4816 10.05842 3.11728 0.98218 2.58255 17 13 0 14 5 241 100.00000 0
486 5098 10.34994 3.03570 0.50606 2.09331 23 9 14 19 9 127 100.00000 0
2177 5097 11.62230 3.06622 1.15544 1.95364 34 2 0 34 12 215 100.00000 0
494 4157 11.60848 2.97025 1.10937 1.85330 24 5 1 14 9 157 100.00000 0
2357 4893 10.46996 2.60736 1.23477 1.21241 16 1 0 7 3 162 100.00000 0
1613 3255 11.98887 0.02737 0.79428 0.77126 46 30 11 40 19 320 100.00000 0
257 5284 11.46593 2.95364 1.26314 0.70942 21 2 0 16 7 137 100.00000 0
692 2349 10.51250 0.52118 0.73411 1.22333 32 16 0 21 15 173 100.00000 0
2563 3720 11.41264 3.13139 0.99160 2.21116 16 3 3 14 9 114 100.00000 0
824 3804 11.44454 3.07048 1.20935 2.33565 29 1 0 17 9 257 100.00000 0
2182 4176 10.18623 2.29928 0.75208 2.96861 39 8 0 26 16 275 100.00000 0
3705 4674 11.76040 0.23167 0.29460 0.64650 37 27 9 30 22 258 100.00000 0
2195 4152 11.36919 3.03954 0.66189 1.66671 19 10 3 9 3 108 100.00000 0
940 4638 10.44231 2.35295 0.68049 1.47883 59 52 7 55 24 300 100.00000 0
634 3981 11.78940 2.81591 1.30489 2.57405 21 0 1 14 6 178 100.00000 0
1457 3136 11.46753 0.06903 0.64980 0.92662 34 21 4 30 18 248 100.00000 0
2541 3748 10.85111 3.07535 1.45740 1.35451 22 0 0 17 12 198 100.00000 0
906 4666 10.64531 3.03913 1.28092 3.05480 16 1 0 12 3 119 100.00000 0
1626 3269 10.47484 0.02782 0.68531 0.47888 50 38 8 40 26 346 100.00000 0
670 2369 11.19629 0.49906 0.68157 1.12257 27 16 2 13 9 158 100.00000 0
3733 4679 10.39465 0.03934 0.24136 0.54751 28 24 2 23 11 266 100.00000 0
1396 3081 11.00135 0.55455 0.75767 0.39167 41 26 10 36 17 251 100.00000 0
3958 4939 10.66157 0.69696 0.66220 0.71819 41 34 4 32 23 346 100.00000 0
2529 3762 10.92583 3.09764 1.67636 2.40729 38 0 0 30 13 205 100.00000 0
796 4809 11.59035 3.10642 0.66130 2.03009 28 17 3 24 10 224 100.00000 0
461 4184 11.81846 1.68117 0.93768 2.16139 42 12 5 38 13 261 100.00000 0
802 4802 10.86504 3.10626 1.17050 1.27718 26 8 15 15 7 241 100.00000 0
700 3945 11.49248 3.11606 1.25861 5.11182 10 3 0 2 3 72 100.00000 0
3652 4597 10.41791 0.03204 0.46019 1.72646 70 65 5 65 37 516 100.00000 0
1295 2970 11.17072 0.01139 0.30015 0.60263 26 22 0 12 17 223 100.00000 0
179 5351 10.79003 3.06699 1.15089 1.69581 17 5 5 15 4 128 100.00000 0
1054 2731 11.99553 0.00913 0.30567 0.56993 24 19 4 22 8 180 100.00000 0
3658 4603 10.67150 0.02717 0.31467 0.78534 73 67 4 68 42 421 100.00000 0
400 2118 10.44191 0.16050 0.41555 0.41871 40 38 1 36 20 192 100.00000 0
2347 4944 11.84810 2.67898 1.62309 2.42091 19 1 1 12 6 103 100.00000 0
2308 4957 11.53459 3.08270 0.84952 2.17871 43 25 2 37 23 230 100.00000 0
1053 2731 10.83645 0.01043 0.36598 0.62683 38 34 3 34 16 214 100.00000 0
887 3752 10.21932 3.08382 0.80932 1.83462 27 18 0 22 10 190 100.00000 0
1477 3128 11.03882 0.01932 0.46236 0.16071 45 30 14 34 16 291 100.00000 0
3677 4623 10.12217 0.15192 0.35614 0.74965 95 86 7 89 70 482 100.00000 0
314 2018 10.77043 0.08374 0.56870 0.98158 32 24 3 24 11 289 100.00000 0
817 4786 11.00763 3.09832 1.44629 3.23434 31 3 4 17 12 288 100.00000 0
1389 3031 11.51288 0.55584 0.30329 0.93335 94 75 9 89 61 329 100.00000 0
5426 5536 10.62562 0.00675 0.46294 0.34264 38 30 7 35 14 341 100.00000 0
723 3920 11.65564 3.13268 0.66884 2.26745 14 5 2 7 5 128 100.00000 0
1285 2934 11.92193 0.01450 0.78669 0.61166 34 23 9 30 18 227 100.00000 0
600 2277 11.91047 0.01061 0.34133 0.49416 44 42 2 42 26 285 100.00000 0
618 2292 11.68035 0.01462 0.40823 0.85912 25 14 9 13 6 289 100.00000 0
224 1937 11.76984 0.37191 0.51560 0.78235 45 33 6 28 23 279 100.00000 0
270 5294 10.66483 3.11474 0.82812 0.49811 21 13 0 19 12 92 100.00000 0
944 3672 11.28042 2.26879 0.17736 1.39606 86 74 10 77 31 447 100.00000 0
656 4955 11.70043 2.78651 1.01882 2.38097 23 13 2 16 8 152 100.00000 0
667 4904 11.18733 2.38016 1.26886 1.52239 15 1 0 7 6 160 100.00000 0
2043 5246 11.85717 3.05463 0.45667 1.27441 31 19 7 20 7 173 100.00000 0
409 2105 11.49739 0.10281 1.01193 0.81565 32 12 4 23 17 147 100.00000 0
684 2338 11.82251 0.76163 0.52842 0.88735 32 20 6 20 10 207 100.00000 0
1993 5270 11.50930 2.92640 0.30087 1.90762 12 9 2 6 2 90 100.00000 0
1439 3119 11.31318 0.05056 0.49958 0.56510 13 9 0 2 6 126 100.00000 0
539 4100 11.09622 3.12502 1.41028 3.81013 15 0 0 12 6 77 100.00000 0
2353 4932 10.61107 2.91770 0.40600 1.45481 28 15 1 19 9 133 100.00000 0
677 3969 11.13485 2.89401 1.06526 1.87430 16 4 5 16 8 111 100.00000 0
3651 4621 11.06482 0.03315 0.88947 1.85646 57 42 7 47 19 373 100.00000 0
590 4992 10.14524 3.12284 1.38316 2.17799 34 15 3 30 17 235 100.00000 0
