0.06080 0.09859 0.01857
0.06535 0.11459 0.01182
0.03649 0.08723 0.02865
0.03803 0.09004 0.02863
0.03579 0.08206 0.02023
0.03424 0.09009 0.02079
0.04944 0.10107 0.01307
0.06252 0.11084 0.01105
0.05630 0.08072 0.02415
0.05863 0.12689 0.00543
0.04805 0.09537 0.01729
0.04640 0.11355 0.01891
0.06363 0.13280 0.01404
0.04526 0.08054 0.03425
0.03477 0.07810 0.02002
0.03542 0.07848 0.03964
0.04796 0.08903 0.02390
0.03652 0.09051 0.01916
0.04990 0.10380 0.00923
0.04272 0.10863 0.00489
0.03502 0.07554 0.01154
0.03552 0.09010 0.00855
0.05226 0.10998 0.00199
0.06513 0.13803 0.01211
0.03761 0.09205 0.04020
0.03646 0.08504 0.03159
0.05774 0.12148 0.00650
0.05435 0.09964 0.00740
0.03539 0.08885 0.01543
0.04713 0.08232 0.03758
0.05311 0.10587 0.01052
0.06923 0.10904 0.01924
0.05300 0.10876 0.01201
0.06362 0.09947 0.01871
0.04850 0.11217 0.01841
0.04989 0.11158 0.02103
0.04749 0.08121 0.01796
0.05802 0.11787 0.00256
0.04537 0.11023 0.00778
0.03711 0.08961 0.02400
0.03535 0.08240 0.03981
0.05991 0.12013 0.00684
0.06013 0.10892 0.01650
0.05826 0.11770 0.01916
0.03599 0.06723 0.01883
0.03742 0.08911 0.00966
0.03608 0.09020 0.01099
0.03741 0.07818 0.01474
0.05150 0.10052 0.00187
0.05787 0.14013 0.02393
0.04904 0.10544 0.02144
0.04835 0.10832 0.00161
0.04876 0.11729 0.00285
0.04687 0.08036 0.03931
0.03452 0.08012 0.03978
0.04816 0.11195 0.01103
0.04821 0.11328 0.01856
0.03538 0.08969 0.01991
0.04679 0.10159 0.00806
0.04562 0.12812 0.01944
0.03659 0.08349 0.03950
0.04475 0.11419 0.00899
0.06153 0.12942 0.00954
0.07174 0.12829 0.01074
0.06020 0.12448 0.01879
0.06257 0.12984 0.00308
0.05857 0.12416 0.01906
0.03583 0.08233 0.04172
0.03827 0.07994 0.02943
0.03615 0.08014 0.03604
0.07275 0.10376 0.00951
0.06399 0.12075 0.01996
0.06145 0.08573 0.00236
0.03436 0.08976 0.01278
0.03942 0.08891 0.01604
0.06389 0.11698 0.01969
0.03408 0.07960 0.02863
0.05431 0.11497 0.00212
0.04449 0.10697 0.02175
0.04670 0.10505 0.01156
0.04506 0.08066 0.03028
0.04992 0.11017 0.01916
0.03668 0.08018 0.02296
0.03875 0.08357 0.01584
0.06503 0.11330 0.00185
0.04254 0.09635 0.00314
0.04675 0.08947 0.02641
0.05505 0.12154 0.01598
0.04279 0.09911 0.01956
0.05773 0.08349 0.00224
0.05754 0.09753 0.01215
0.06273 0.10548 0.00391
0.05957 0.13467 0.01359
0.05559 0.08940 0.02597
0.06664 0.13149 0.01262
0.04134 0.08540 0.00369
0.03605 0.09123 0.01934
0.04238 0.08920 0.00347
0.04218 0.07951 0.01364
0.03789 0.09001 0.01285
0.03488 0.07060 0.02178
0.04896 0.12410 0.01014
0.07620 0.10895 0.01525
0.03509 0.08666 0.00563
0.05990 0.08917 0.01028
0.03498 0.08940 0.02380
0.06093 0.11379 0.00942
0.04460 0.10396 0.02183
0.04566 0.10696 0.00317
0.04883 0.10384 0.00855
0.07090 0.11715 0.00990
0.03499 0.07602 0.01943
0.06810 0.12848 0.00539
0.05546 0.13435 0.00922
0.05513 0.11155 0.01893
0.03513 0.08369 0.04193
0.06045 0.12734 0.01321
0.05944 0.13951 0.00914
0.06555 0.09786 0.00178
0.04068 0.09856 0.01927
0.03589 0.08474 0.05580
0.06069 0.13365 0.00485
0.03770 0.08836 0.01294
0.03914 0.09032 0.02285
0.03535 0.09179 0.02059
0.03704 0.09129 0.03056
0.04456 0.11004 0.01193
0.03489 0.08513 0.04877
0.04935 0.10289 0.01718
0.06545 0.11141 0.00544
0.05511 0.10650 0.01660
0.05233 0.10813 0.00739
0.05376 0.10497 0.00133
0.05415 0.12102 0.00349
0.04654 0.10771 0.00220
0.05045 0.10067 0.01631
0.05206 0.08471 0.03186
0.05567 0.13532 0.00282
0.04618 0.10922 0.02115
0.04110 0.08299 0.00181
0.04960 0.08364 0.03692
0.04154 0.09272 0.04252
0.05925 0.13029 0.00457
0.05406 0.10845 0.01938
0.04301 0.11358 0.01605
0.05862 0.12303 0.00285
0.03710 0.08984 0.01390
0.03727 0.08682 0.02209
0.05898 0.13044 0.01428
0.04525 0.10730 0.01958
0.04469 0.11503 0.01070
0.04505 0.07955 0.03170
0.04035 0.08983 0.01747
0.04552 0.09760 0.01873
0.05306 0.10032 0.01859
0.06365 0.11622 0.00671
0.04708 0.09646 0.02017
0.05285 0.10300 0.01236
0.04128 0.09078 0.01237
0.05124 0.10755 0.01451
0.04399 0.09145 0.02334
0.03436 0.08890 0.00526
0.05185 0.11444 0.01871
0.03533 0.06611 0.01834
0.03539 0.08836 0.02702
0.05215 0.11394 0.01867
0.05279 0.12806 0.00274
0.05751 0.11917 0.01073
0.06782 0.12836 0.00423
0.05713 0.11299 0.01822
0.06397 0.12756 0.01941
0.05411 0.12027 0.01652
0.03600 0.08587 0.06767
0.03557 0.08180 0.03387
0.05500 0.11433 0.00987
0.05345 0.11997 0.00260
0.03625 0.08202 0.04019
0.04672 0.11104 0.01515
0.04728 0.08711 0.01780
0.05390 0.08596 0.03579
0.03510 0.08893 0.01819
0.03539 0.08075 0.02308
0.04764 0.10701 0.02079
0.03461 0.09076 0.00391
0.05113 0.10843 0.01098
0.04530 0.10245 0.02965
0.03437 0.08977 0.02717
0.04581 0.11790 0.01977
0.05755 0.11518 0.02261
0.03652 0.08473 0.04636
0.05886 0.11054 0.01484
0.03541 0.07934 0.03324
0.03406 0.07888 0.03548
0.04870 0.09864 0.02034
0.03432 0.08962 0.02935
0.03610 0.09172 0.02924
0.04451 0.11614 0.00804
0.05006 0.07181 0.00598
0.04166 0.08025 0.01381
0.03674 0.09047 0.02622
