98 3788 11.81900 0.03819 9.99498 1.25741 12 0 0 2 3 270 100.00000 0
352 4110 10.52336 0.01361 8.96111 0.29871 13 0 0 7 2 245 100.00000 0
7046 7203 11.24229 0.02743 9.18726 4.06216 4 0 0 4 4 27 100.00000 0
3265 6154 10.01053 0.00986 9.34498 4.71767 23 0 0 8 11 298 100.00000 0
420 975 10.76826 0.00183 12.75175 0.08847 16 0 0 7 4 312 100.00000 0
2471 5270 11.33786 0.30847 15.37165 19.01302 5 0 0 0 2 31 100.00000 0
1358 4519 11.79033 0.00498 8.92807 0.28531 13 0 0 3 4 161 100.00000 0
3660 6675 11.15628 0.00375 4.51067 11.60868 6 0 0 6 3 64 100.00000 0
758 4172 10.03026 0.01108 12.09383 0.63180 18 0 0 15 7 327 100.00000 0
6806 7202 10.99288 0.02735 11.36294 10.35015 9 0 0 9 8 75 100.00000 0
1949 5079 10.80691 0.00882 10.95178 1.24929 8 0 0 5 3 53 100.00000 0
3645 6593 11.70663 0.00345 12.92197 9.85026 3 0 0 3 3 19 100.00000 0
497 976 11.26895 0.00154 11.29032 nan 18 1 0 6 3 276 100.00000 0
2843 5563 11.77477 0.05659 11.44059 21.08834 12 0 0 0 3 341 100.00000 0
3559 6480 11.23116 0.01288 7.23406 5.42809 23 0 0 13 11 234 100.00000 0
6614 7182 10.97805 0.01904 12.24222 1.33764 11 0 0 11 6 96 100.00000 0
458 4171 10.79933 0.01107 3.78573 31.51195 18 0 0 0 2 274 100.00000 0
345 476 11.74965 0.00708 2.49457 4.63464 12 1 0 3 3 230 100.00000 0
1211 4394 11.01681 0.01370 13.05737 1.85836 16 0 0 13 9 330 100.00000 0
1591 4756 11.77052 0.01505 10.64597 0.86683 12 0 0 2 3 222 100.00000 0
2751 5491 11.95889 0.01155 10.29618 0.59083 19 0 0 11 10 447 100.00000 0
2429 5323 11.68318 0.82280 13.21333 29.59093 5 0 0 1 1 38 100.00000 0
898 980 11.77208 0.00498 8.51008 0.29608 19 0 0 9 4 286 100.00000 0
1497 4649 10.80174 0.00434 15.29246 2.67489 11 0 0 6 3 205 100.00000 0
2172 2321 11.33265 0.27787 3.38792 10.20074 6 1 0 0 3 35 100.00000 0
3246 6020 10.39814 0.01340 8.11122 0.31898 17 0 0 9 8 316 100.00000 0
2472 2581 11.22698 0.77641 16.00248 44.48486 5 0 0 0 0 29 100.00000 0
1659 4807 10.85102 0.00775 9.62449 6.06126 21 0 0 21 16 133 100.00000 0
2171 2470 11.86999 0.30255 10.32445 19.37562 7 0 0 7 3 43 100.00000 0
392 974 10.01406 0.00381 3.73578 0.21306 22 0 0 5 6 317 100.00000 0
3535 6455 10.86530 0.03133 12.13826 0.22555 9 0 0 9 5 67 100.00000 0
3153 5872 11.09845 0.04461 7.92289 2.55727 15 0 0 9 7 264 100.00000 0
7104 7204 11.73924 0.02765 9.52125 12.34986 6 0 0 3 4 64 100.00000 0
3681 7171 10.72075 0.15561 8.13600 9.02077 7 0 0 7 5 40 100.00000 0
3526 6446 10.51057 0.03046 7.10793 6.69498 6 0 0 4 3 37 100.00000 0
2476 5321 10.45620 0.77092 14.16176 53.10931 4 0 0 2 2 37 100.00000 0
2411 5323 11.68318 0.82280 16.60683 47.14282 5 0 0 5 4 45 100.00000 0
2184 5300 10.80906 0.35654 11.76626 42.44098 4 0 0 1 1 32 100.00000 0
3231 6009 10.25562 0.04391 7.57649 2.51482 22 0 0 3 3 265 100.00000 0
733 979 11.51780 0.00406 12.99642 0.24228 17 2 1 12 9 242 100.00000 0
2281 5312 11.91985 0.68669 9.02050 39.34424 6 0 0 2 2 40 100.00000 0
165 3828 10.68290 0.01326 8.44520 15.37097 12 0 0 7 7 248 100.00000 0
2420 5269 11.68981 0.30783 13.36982 17.63739 5 0 0 2 3 32 100.00000 0
337 3957 10.51725 0.00644 10.17040 4.91781 14 0 0 9 6 227 100.00000 0
6603 7152 11.74402 0.00648 10.04608 0.81181 9 0 0 6 5 41 100.00000 0
1490 4643 10.03190 0.00777 3.64772 0.45284 12 1 0 4 5 196 100.00000 0
1759 4933 10.45872 0.70154 20.09169 40.19523 7 0 2 0 2 27 100.00000 0
6606 6919 10.49518 0.00708 2.34986 12.74840 8 0 1 2 5 63 100.00000 0
6927 7202 10.99288 0.02735 9.82628 13.19296 8 0 0 3 4 68 100.00000 0
791 979 11.51970 0.00400 12.53346 0.24549 23 2 1 8 8 274 100.00000 0
3651 6604 10.22634 0.00689 22.41203 0.40734 5 0 0 1 1 41 100.00000 0
2317 5270 10.63578 0.26030 10.48006 14.91413 5 0 0 0 1 20 100.00000 0
2495 5320 10.24209 0.74014 31.44981 42.40688 4 0 0 0 1 36 100.00000 0
6603 6748 11.74586 0.00594 9.90393 2.82217 9 0 0 9 6 39 100.00000 0
2228 2559 10.88836 0.49447 17.04061 107.75113 3 0 0 1 2 28 100.00000 0
6606 6982 10.49518 0.00708 9.61239 0.44937 7 0 0 4 5 38 100.00000 0
147 3815 11.45022 0.03145 7.48762 0.88999 12 0 0 6 3 189 100.00000 0
1397 4571 11.51180 0.00561 4.84497 0.33804 17 0 0 17 9 407 100.00000 0
1835 4974 10.05173 0.03954 4.71414 18.37209 11 0 0 9 4 100 100.00000 0
2320 5321 10.76751 0.80012 9.76252 14.29342 4 0 0 0 0 21 100.00000 0
6668 7203 11.24229 0.02743 13.59722 1.56848 7 0 0 7 7 68 100.00000 0
2719 5443 11.29588 0.01172 11.86025 0.51738 26 0 0 19 13 446 100.00000 0
2488 5323 11.68318 0.82280 9.71451 11.15724 8 0 0 3 0 28 100.00000 0
1658 4806 10.82079 0.00786 10.63452 0.40348 25 0 0 21 17 195 100.00000 0
3985 4106 11.26913 0.01135 8.23583 6.80832 13 0 0 1 3 225 100.00000 0
1915 5045 11.31781 0.00580 2.32839 4.03478 6 0 2 0 2 35 100.00000 0
5975 6038 11.10028 0.00458 7.42653 5.18504 17 0 0 11 10 236 100.00000 0
6606 6956 10.49518 0.00708 10.12412 5.16847 6 0 0 6 5 48 100.00000 0
667 4173 11.79777 0.00987 17.55996 0.56093 20 1 0 9 7 245 100.00000 0
2171 2500 11.86999 0.30255 9.40094 26.24283 5 0 0 1 2 35 100.00000 0
3660 6714 11.15628 0.00375 12.92838 0.22029 3 0 0 3 2 24 100.00000 0
6786 7201 10.24214 0.02731 22.50741 1.56498 8 0 1 5 3 63 100.00000 0
1864 4978 11.72648 0.00625 10.21636 0.34718 9 2 0 4 3 75 100.00000 0
2178 2503 10.26950 0.29786 3.84224 3.80045 5 0 1 2 2 33 100.00000 0
2052 5187 10.74936 0.02658 10.93738 4.83027 32 0 0 19 16 119 100.00000 0
111 3795 10.50595 0.01434 8.26020 0.82234 14 1 0 7 7 236 100.00000 0
2177 2412 10.26875 0.29874 2.15395 2.18588 4 0 0 1 2 27 100.00000 0
3680 6856 10.97298 0.13900 3.38207 7.96462 5 0 0 5 2 53 100.00000 0
981 4142 11.02953 0.01426 2.64947 4.91534 14 3 0 9 4 245 100.00000 0
3094 5828 11.10592 0.02019 6.67911 15.75922 11 1 0 7 5 293 100.00000 0
5990 6111 10.58967 0.01334 7.45016 1.36085 22 0 0 19 9 330 100.00000 0
2511 2583 11.93117 0.82358 9.42025 8.59167 7 0 2 2 2 28 100.00000 0
6050 6125 10.89225 0.00919 11.58979 1.74764 18 0 0 13 10 374 100.00000 0
1359 4520 11.54538 0.00724 10.42315 0.41307 14 0 0 3 1 237 100.00000 0
6603 6675 11.74586 0.00594 11.28498 0.25023 9 0 0 1 4 51 100.00000 0
4011 4171 11.77155 0.00644 4.40261 9.27727 16 2 0 10 8 262 100.00000 0
848 3984 10.74879 0.01016 6.62261 17.57669 21 6 1 1 7 226 100.00000 0
6604 6789 11.24828 0.00629 7.04718 4.55458 3 0 0 0 1 22 100.00000 0
2328 5272 10.63939 0.30767 18.19174 17.62814 5 0 0 1 2 41 100.00000 0
1590 4754 10.06641 0.01400 9.32905 0.80357 13 1 0 8 5 272 100.00000 0
7149 7203 11.24229 0.02743 13.10798 9.99883 9 0 0 9 7 84 100.00000 0
2312 5320 11.43827 0.82385 9.09154 2.53049 3 0 0 3 2 19 100.00000 0
3246 6014 10.43816 0.01363 8.98660 1.84037 20 0 0 10 10 327 100.00000 0
7112 7202 10.99288 0.02735 23.31150 1.56573 12 0 1 5 5 92 100.00000 0
1553 4703 11.01707 0.02319 12.40300 1.32589 17 0 0 7 3 226 100.00000 0
2335 2582 11.44621 0.80088 34.33986 45.88724 9 0 0 4 1 38 100.00000 0
417 4172 11.29839 0.01034 10.06840 0.58950 17 3 2 7 8 248 100.00000 0
2359 5321 10.45620 0.77092 7.57721 4.03624 6 0 0 3 3 28 100.00000 0
925 976 10.00929 0.00120 2.44804 0.08847 13 0 0 6 5 237 100.00000 0
2337 5323 11.68318 0.82280 14.40681 52.70791 5 0 0 5 3 37 100.00000 0
1942 5057 10.01155 0.01166 14.39202 0.65252 6 0 0 3 5 30 100.00000 0
6605 7012 10.99721 0.00661 2.89237 1.74091 4 1 0 0 0 40 100.00000 0
6731 7202 10.99288 0.02735 9.58458 9.62774 18 0 0 16 14 108 100.00000 0
1927 5040 11.80408 0.00990 4.29228 2.16392 7 0 0 3 3 38 100.00000 0
3660 6661 11.15628 0.00375 7.48016 0.84395 8 0 0 3 3 53 100.00000 0
2178 2468 10.26950 0.29786 8.67474 24.87122 8 0 0 0 0 40 100.00000 0
6609 7175 11.22994 0.01664 8.36349 1.01182 16 0 0 10 14 76 100.00000 0
3540 6440 11.85126 0.04017 15.73998 2.30206 7 0 0 7 3 50 100.00000 0
2173 2440 11.32990 0.30114 6.84213 21.90133 7 0 0 3 3 55 100.00000 0
829 976 10.00929 0.00120 4.54961 0.08847 17 0 0 10 6 283 100.00000 0
2156 2283 11.71973 0.09620 17.47287 5.51285 4 0 0 1 3 34 100.00000 0
6613 7181 10.97893 0.01845 5.04220 16.50259 11 0 0 7 8 93 100.00000 0
3477 6402 11.29745 0.04273 9.75968 3.12399 9 0 0 9 8 49 100.00000 0
6605 6975 10.99721 0.00661 10.21892 3.46566 7 0 0 3 4 50 100.00000 0
458 4173 11.79777 0.00987 10.78778 0.56093 14 0 0 4 7 202 100.00000 0
3680 6994 10.97298 0.13900 8.65892 22.55783 8 0 0 1 3 70 100.00000 0
558 974 10.01791 0.00258 13.08189 113.32785 17 0 1 3 1 297 100.00000 0
350 743 10.50898 0.00703 3.20189 5.11573 13 1 0 7 6 210 100.00000 0
2422 5320 10.24209 0.74014 9.82096 13.12871 5 0 1 3 2 45 100.00000 0
2927 5646 10.06681 0.00285 2.90395 0.14804 17 2 0 9 7 189 100.00000 0
6075 6128 11.38936 0.00959 15.20213 5.09316 15 0 0 6 4 295 100.00000 0
3660 7030 11.15628 0.00375 20.11939 0.22029 3 0 0 0 2 16 100.00000 0
