3639 4606 10.30963 0.03521 0.23591 1.10853 20 13 5 18 10 293 100.00000 0
644 4962 10.71149 3.05329 1.39047 1.84483 11 0 0 11 6 170 100.00000 0
243 1953 11.63800 0.24712 0.63941 0.65611 27 6 5 25 13 228 100.00000 0
2145 5124 10.08740 2.92687 0.87536 1.04717 10 0 0 7 6 116 100.00000 0
1550 3198 11.41989 0.02848 0.45965 0.94626 13 4 3 8 6 221 100.00000 0
833 2494 10.30965 0.05381 0.29949 0.61294 21 7 6 16 7 265 100.00000 0
1007 2700 10.46347 0.00817 0.58453 0.89307 22 8 2 22 15 224 100.00000 0
1661 3312 11.31256 0.10250 0.58970 0.93167 25 6 6 23 10 252 100.00000 0
1534 3208 11.67620 0.03358 0.20174 0.64407 16 6 4 14 6 230 100.00000 0
589 2288 10.95919 0.02587 0.20449 0.53814 16 13 3 16 11 255 100.00000 0
842 3783 11.93545 3.09398 0.52074 5.74399 7 1 0 4 3 174 100.00000 0
2390 4890 11.60265 3.13811 0.47259 2.31190 6 1 0 6 4 134 100.00000 0
2261 4049 11.76058 3.13964 1.17417 1.59643 11 0 0 9 9 106 100.00000 0
3813 4777 10.23002 0.03804 0.23282 0.27695 12 2 0 4 3 248 100.00000 0
654 4922 10.28362 2.40536 1.22511 2.59405 16 0 0 14 3 249 100.00000 0
446 5121 10.31008 2.89163 0.90739 1.03287 13 0 2 11 2 132 100.00000 0
438 2153 11.04805 0.07786 0.78352 2.21558 14 1 2 3 5 167 100.00000 0
2515 4752 11.43473 3.11735 1.25255 1.55192 7 0 0 4 4 190 100.00000 0
3708 4652 11.12419 0.34071 0.50581 1.30806 6 1 2 2 2 91 100.00000 0
678 3930 11.71887 2.60869 1.09580 1.90865 14 1 0 14 9 205 100.00000 0
925 2581 11.68842 0.04156 0.39420 1.45831 10 3 1 0 3 123 100.00000 0
1947 5320 11.05873 2.74457 1.52905 2.19142 19 0 3 17 6 142 100.00000 0
610 4970 11.35571 3.12428 1.14857 3.43262 19 2 2 6 4 189 100.00000 0
2340 3950 11.63911 2.28591 0.94984 2.79386 10 2 0 10 4 156 100.00000 0
4058 5007 10.84930 0.01445 0.24888 1.93715 9 3 0 9 7 129 100.00000 0
544 4094 10.20710 3.12869 1.94239 4.95583 11 0 0 8 5 137 100.00000 0
2493 4778 11.12138 3.11368 0.55512 2.47765 12 0 0 4 2 192 100.00000 0
2427 3891 11.61145 3.12966 1.16704 2.38031 19 3 0 15 8 258 100.00000 0
1680 3388 11.48121 0.97328 1.25217 2.02623 15 2 2 12 2 126 100.00000 0
841 3785 11.07551 3.09259 1.72819 1.33618 7 0 0 4 2 204 100.00000 0
3596 4535 10.11508 0.09803 0.18717 1.34290 13 9 1 8 6 161 100.00000 0
2182 5092 11.76291 3.12019 1.62058 2.97309 6 0 0 1 0 69 100.00000 0
4171 5108 11.75264 0.77976 1.11106 0.89787 7 0 0 5 3 79 100.00000 0
3596 4561 10.82686 0.02832 0.94791 1.60815 12 5 0 7 4 208 100.00000 0
196 5351 11.16528 3.07223 0.73411 2.03298 13 3 0 8 3 98 100.00000 0
1638 3280 11.84708 0.02932 0.69087 0.65192 18 6 2 12 12 166 100.00000 0
459 2172 10.93767 0.20373 0.29096 5.41168 11 2 0 1 1 155 100.00000 0
587 2287 11.72779 0.02617 0.92977 0.95777 15 1 10 11 5 236 100.00000 0
206 1926 11.39087 0.56721 0.66227 0.91856 9 1 1 5 5 125 100.00000 0
3876 4847 11.90419 0.00792 0.94307 0.48939 29 8 13 27 11 400 100.00000 0
2332 4928 10.44883 2.51728 0.43785 2.91443 19 3 2 13 7 224 100.00000 0
617 2316 10.64289 0.00780 0.62017 0.43611 13 5 0 11 8 224 100.00000 0
4115 5059 11.25828 0.00781 0.38881 0.25334 9 4 3 4 4 115 100.00000 0
2490 3826 10.80704 3.12297 0.63617 1.98899 13 3 0 7 3 269 100.00000 0
2070 5218 10.22833 3.08474 1.24931 1.55771 15 2 3 9 3 143 100.00000 0
942 4632 11.85576 2.23617 0.84130 1.45723 8 0 4 3 3 159 100.00000 0
461 4174 11.06802 2.00171 0.97883 1.41969 7 0 2 2 3 98 100.00000 0
4071 5039 11.58759 0.05218 0.61527 0.60909 8 5 0 5 6 87 100.00000 0
592 4028 10.66870 3.12096 1.89135 2.35019 16 0 0 14 4 157 100.00000 0
1553 3201 11.06317 0.02811 0.58826 0.57743 10 2 2 8 4 197 100.00000 0
677 2374 11.17772 0.39846 0.72770 1.39044 13 4 2 10 6 183 100.00000 0
2430 4847 10.06805 3.12970 0.94786 1.83184 27 6 1 16 10 392 100.00000 0
762 4843 10.68134 3.12868 1.51099 1.86886 41 9 9 34 12 516 100.00000 0
347 2069 10.25467 0.05346 0.97416 3.28885 23 7 3 19 12 199 100.00000 0
757 2420 10.30308 0.00808 1.12492 0.40734 33 10 16 31 15 427 100.00000 0
761 4824 11.60918 3.12781 0.64450 2.89097 14 0 2 9 4 284 100.00000 0
310 2037 11.00547 0.08125 0.34157 0.69661 14 4 6 12 3 247 100.00000 0
1431 3074 11.13807 0.30732 0.73152 1.03136 11 3 2 8 4 182 100.00000 0
4047 4996 11.62425 0.02259 1.82119 1.86215 9 0 0 9 4 110 100.00000 0
2135 5132 10.26642 3.00705 0.77996 2.56292 7 1 1 3 2 129 100.00000 0
2277 4031 11.83600 3.13328 1.77647 1.90701 9 0 0 5 2 127 100.00000 0
468 4159 11.03084 2.53441 1.45015 1.06165 5 0 0 5 2 122 100.00000 0
3718 4684 10.02011 0.03842 0.69556 0.61802 9 3 4 7 3 184 100.00000 0
634 4945 11.14350 2.87061 1.01427 2.79484 14 1 0 12 4 165 100.00000 0
2177 5097 11.62230 3.06622 1.58333 2.28876 8 1 0 5 4 124 100.00000 0
1613 3255 11.98887 0.02737 1.36900 2.29985 7 3 0 1 1 184 100.00000 0
734 3888 11.81277 3.12974 1.11144 1.65611 15 2 0 9 4 270 100.00000 0
824 3804 11.44454 3.07048 1.25356 2.25499 18 0 1 13 10 243 100.00000 0
2182 4176 10.18623 2.29928 1.00569 2.21947 6 1 0 6 3 78 100.00000 0
634 3981 11.78940 2.81591 1.48311 6.04345 12 1 1 2 1 170 100.00000 0
1457 3136 11.46753 0.06903 0.75869 0.87268 15 0 3 12 4 283 100.00000 0
906 4666 10.64531 3.03913 1.25969 3.78175 10 1 1 8 4 135 100.00000 0
1626 3269 10.47484 0.02782 0.64335 0.50124 13 3 3 8 10 196 100.00000 0
153 5375 11.47355 2.95406 0.73400 1.16096 9 2 1 9 5 76 100.00000 0
3733 4679 10.39465 0.03934 0.66386 1.93047 6 2 1 3 3 140 100.00000 0
1396 3081 11.00135 0.55455 1.64701 0.73275 12 0 4 8 2 213 100.00000 0
3958 4939 10.66157 0.69696 1.72522 0.80113 6 1 1 4 3 112 100.00000 0
2529 3762 10.92583 3.09764 1.53382 2.25880 10 0 0 10 4 223 100.00000 0
796 4809 11.59035 3.10642 1.03918 2.12523 14 1 1 11 4 299 100.00000 0
461 4184 11.81846 1.68117 1.25499 1.01259 10 0 2 0 1 128 100.00000 0
802 4802 10.86504 3.10626 0.26873 1.28451 18 9 3 10 10 310 100.00000 0
3652 4597 10.41791 0.03204 0.67661 1.72101 16 9 1 8 10 252 100.00000 0
1295 2970 11.17072 0.01139 1.33103 1.61495 9 1 0 2 2 226 100.00000 0
1054 2731 11.99553 0.00913 0.50996 0.61166 12 7 5 12 7 218 100.00000 0
3658 4603 10.67150 0.02717 0.49532 0.99780 13 7 4 9 8 233 100.00000 0
400 2118 10.44191 0.16050 0.46894 1.09217 11 7 2 8 5 177 100.00000 0
2308 4957 11.53459 3.08270 0.91228 2.17960 21 0 2 15 9 265 100.00000 0
1053 2731 10.83645 0.01043 0.46729 0.78684 13 5 4 13 7 227 100.00000 0
1477 3128 11.03882 0.01932 0.44041 1.99292 37 2 4 21 14 458 100.00000 0
3677 4623 10.12217 0.15192 0.24768 0.93125 11 6 4 11 5 183 100.00000 0
314 2018 10.77043 0.08374 0.17174 0.74808 18 11 2 15 10 335 100.00000 0
817 4786 11.00763 3.09832 0.61783 1.48780 14 1 2 12 7 266 100.00000 0
1949 5317 10.78087 2.75912 1.35151 1.81316 24 0 0 19 10 158 100.00000 0
1389 3031 11.51288 0.55584 0.59183 1.10712 17 8 5 12 5 165 100.00000 0
5426 5536 10.62562 0.00675 0.82747 3.31115 16 3 1 11 7 451 100.00000 0
1285 2934 11.92193 0.01450 0.42377 0.53741 27 6 11 19 12 271 100.00000 0
224 1937 11.76984 0.37191 0.46426 0.45800 12 5 3 10 8 127 100.00000 0
656 4955 11.70043 2.78651 0.85461 3.57259 9 0 1 3 4 151 100.00000 0
2438 3861 11.49946 3.13012 1.31417 2.80896 13 0 0 10 4 292 100.00000 0
2043 5246 11.85717 3.05463 0.65264 1.48094 17 2 1 14 8 211 100.00000 0
409 2105 11.49739 0.10281 0.47529 0.55883 10 4 1 10 5 165 100.00000 0
1439 3119 11.31318 0.05056 0.73312 1.29422 9 1 2 6 3 196 100.00000 0
2353 4932 10.61107 2.91770 0.89159 1.53544 6 0 2 2 2 110 100.00000 0
590 4992 10.14524 3.12284 0.75937 2.17835 20 1 4 11 6 158 100.00000 0
