98 3788 11.81900 0.03819 0.78048 0.12511 22 0 0 16 7 347 100.00000 0
352 4110 10.52336 0.01361 0.17613 0.85318 17 0 0 14 11 279 100.00000 0
459 3982 10.49489 0.01009 0.53630 0.92323 27 0 4 23 13 303 100.00000 0
555 976 11.26895 0.00154 0.48767 1.11206 21 0 1 21 14 264 100.00000 0
531 976 11.26895 0.00154 0.47559 0.51662 33 0 2 29 25 355 100.00000 0
420 975 10.76826 0.00183 0.43940 0.09691 19 1 0 17 12 283 100.00000 0
7754 7810 11.31788 0.72617 1.07868 2.18910 11 0 0 6 3 96 100.00000 0
3018 5736 10.49427 0.04344 0.31886 0.69210 25 0 3 23 16 505 100.00000 0
2471 5270 11.33786 0.30847 1.24441 5.91500 7 0 1 3 2 29 100.00000 0
734 4172 10.02836 0.01118 0.47045 0.53229 32 0 2 32 20 359 100.00000 0
758 4172 10.03026 0.01108 0.59663 0.99268 25 0 4 23 14 348 100.00000 0
497 976 11.26895 0.00154 0.52506 0.48939 36 2 0 34 21 304 100.00000 0
2843 5563 11.77477 0.05659 0.25149 0.91514 17 1 0 15 10 499 100.00000 0
458 4171 10.79933 0.01107 0.48814 0.49889 19 0 0 14 12 345 100.00000 0
3389 6303 10.30408 0.05438 0.66288 1.50688 18 0 0 18 13 132 100.00000 0
345 476 11.74965 0.00708 0.63775 0.43341 19 0 2 19 13 227 100.00000 0
2429 5323 11.68318 0.82280 0.59832 2.82826 17 0 0 17 13 86 100.00000 0
898 980 11.77208 0.00498 1.25283 2.17888 19 0 0 19 10 293 100.00000 0
3246 6020 10.39814 0.01340 1.07075 0.34150 20 0 0 12 9 430 100.00000 0
3053 5787 10.69800 0.01198 0.26387 0.64346 18 1 0 16 10 452 100.00000 0
2472 2581 11.22698 0.77641 1.29869 6.61429 8 0 0 1 0 63 100.00000 0
2171 2470 11.86999 0.30255 0.43424 2.27400 10 0 1 10 6 39 100.00000 0
392 974 10.01406 0.00381 0.47113 0.59215 29 1 0 22 20 357 100.00000 0
2268 2564 11.48797 0.58047 0.74515 3.09908 9 0 0 3 6 66 100.00000 0
2411 5323 11.68318 0.82280 0.48220 3.82336 8 0 0 8 8 54 100.00000 0
1697 4865 10.52734 0.00414 0.32269 0.22206 53 1 6 48 39 300 100.00000 0
2218 5305 10.48793 0.48154 0.22525 0.70721 10 0 0 6 7 88 100.00000 0
3231 6009 10.25562 0.04391 1.22960 0.94004 28 2 0 18 17 508 100.00000 0
2281 5312 11.91985 0.68669 0.24342 3.03706 10 0 0 10 4 41 100.00000 0
2420 5269 11.68981 0.30783 0.32247 3.21138 6 0 0 2 3 33 100.00000 0
337 3957 10.51725 0.00644 0.51793 2.04832 29 1 3 29 19 327 100.00000 0
1007 4188 10.27012 0.01706 0.26048 0.51434 28 0 2 21 16 301 100.00000 0
1759 4933 10.45872 0.70154 0.28624 1.33178 32 4 5 26 26 79 100.00000 0
791 979 11.51970 0.00400 0.60667 1.15284 17 0 2 17 11 251 100.00000 0
2317 5270 10.63578 0.26030 0.31498 2.50249 9 0 0 6 5 39 100.00000 0
2495 5320 10.24209 0.74014 1.55992 9.81754 11 0 1 9 5 61 100.00000 0
632 3982 10.49489 0.01009 0.13255 0.97478 19 0 3 14 8 252 100.00000 0
346 608 11.50244 0.00580 0.43230 0.73222 17 0 1 14 9 216 100.00000 0
2862 5582 11.64744 0.02020 0.52637 0.47147 21 0 1 21 14 236 100.00000 0
1397 4571 11.51180 0.00561 0.59647 0.88027 23 1 0 23 17 397 100.00000 0
2320 5321 10.76751 0.80012 0.59327 2.64516 7 0 1 7 5 51 100.00000 0
404 977 11.52020 0.00049 0.25573 0.86592 17 0 2 15 12 290 100.00000 0
481 3982 10.49489 0.01009 0.40731 1.39072 21 0 3 17 11 243 100.00000 0
2622 5348 10.90531 0.02185 0.24734 1.25492 25 2 1 19 15 372 100.00000 0
2488 5323 11.68318 0.82280 0.64553 2.70631 14 0 0 14 10 55 100.00000 0
2565 5331 10.40103 0.58587 0.35696 1.53366 44 6 2 44 32 218 100.00000 0
8038 8089 11.01070 0.43522 0.44634 3.06669 78 1 8 78 43 408 100.00000 0
667 4173 11.79777 0.00987 0.45342 0.67027 20 1 1 17 14 276 100.00000 0
346 654 11.50244 0.00580 0.56987 0.37220 18 0 6 18 15 293 100.00000 0
148 3816 10.81143 0.02904 0.16246 1.19354 17 0 0 10 9 337 100.00000 0
2171 2500 11.86999 0.30255 1.22301 2.05462 8 0 0 3 5 42 100.00000 0
773 979 11.51970 0.00400 0.97927 1.35653 20 1 0 18 10 323 100.00000 0
540 974 10.01791 0.00258 0.09225 0.93962 20 0 1 18 5 348 100.00000 0
1251 4418 10.26327 0.01129 0.28976 0.45111 57 5 9 48 40 454 100.00000 0
460 4173 11.79777 0.00987 0.46799 0.38359 16 1 3 14 9 334 100.00000 0
457 3980 11.49638 0.01155 0.55655 2.27486 12 0 1 7 6 233 100.00000 0
2177 2412 10.26875 0.29874 1.24022 4.21640 5 0 0 3 1 36 100.00000 0
777 3985 10.24876 0.00981 0.40340 0.72199 33 0 5 33 25 331 100.00000 0
981 4142 11.02953 0.01426 1.63702 1.91643 17 0 0 3 6 264 100.00000 0
4116 4174 10.00670 0.00664 0.51740 3.81660 20 0 4 18 10 252 100.00000 0
812 978 10.77040 0.00229 0.63397 0.67319 19 1 1 15 16 316 100.00000 0
2511 2583 11.93117 0.82358 0.42861 2.73165 25 1 2 22 15 97 100.00000 0
1067 4264 11.51297 0.00305 0.43217 1.47618 40 3 10 36 28 576 100.00000 0
711 4170 10.03241 0.01130 0.32096 1.22237 24 0 3 15 12 360 100.00000 0
4011 4171 11.77155 0.00644 0.54098 1.11627 18 1 0 9 13 306 100.00000 0
350 917 10.50898 0.00703 0.39113 0.73701 18 0 0 16 12 174 100.00000 0
848 3984 10.74879 0.01016 0.40435 0.80939 30 0 1 28 19 306 100.00000 0
8045 8108 11.99700 1.25167 0.41148 2.23353 46 0 1 42 28 270 100.00000 0
642 3979 11.99371 0.01255 0.66082 0.68984 16 0 0 14 11 275 100.00000 0
1590 4754 10.06641 0.01400 0.82332 0.58884 19 0 0 14 5 394 100.00000 0
2312 5320 11.43827 0.82385 0.45562 2.39523 11 0 1 6 4 45 100.00000 0
368 967 10.00277 0.01055 0.41178 0.59742 23 0 1 20 16 315 100.00000 0
2335 2582 11.44621 0.80088 0.54097 4.75868 17 0 1 14 12 104 100.00000 0
2815 5536 11.68125 0.04535 0.98952 6.64387 25 2 1 15 12 628 100.00000 0
925 976 10.00929 0.00120 0.45595 0.69661 32 2 1 26 24 329 100.00000 0
2337 5323 11.68318 0.82280 0.65084 4.48122 10 0 0 7 7 73 100.00000 0
2535 5271 11.68632 0.33918 1.40401 4.06505 5 0 0 2 2 24 100.00000 0
1927 5040 11.80408 0.00990 0.82000 0.56786 12 0 0 10 6 127 100.00000 0
2178 2468 10.26950 0.29786 0.90579 7.38172 7 0 0 1 2 42 100.00000 0
2267 2565 11.79055 0.60432 0.66503 1.65847 24 1 0 22 19 88 100.00000 0
364 4161 10.26025 0.01913 0.31840 0.91429 22 2 2 20 17 293 100.00000 0
348 618 10.25119 0.00537 0.35501 0.68643 24 1 3 22 19 248 100.00000 0
829 976 10.00929 0.00120 0.48886 0.87133 44 1 2 42 29 369 100.00000 0
983 4146 11.78416 0.01610 0.36581 0.79278 16 0 2 16 13 303 100.00000 0
825 4173 10.53017 0.01052 0.57124 0.72632 31 1 1 26 14 296 100.00000 0
458 4173 11.79777 0.00987 0.44306 0.48698 20 0 0 14 13 331 100.00000 0
4002 4166 11.51660 0.01168 0.63181 0.70443 18 0 0 14 13 259 100.00000 0
1793 4951 11.30203 0.21655 0.56554 3.07052 24 1 2 19 16 78 100.00000 0
350 897 10.50898 0.00703 0.54882 0.69436 18 0 2 15 11 267 100.00000 0
654 4170 10.30159 0.01147 0.95441 2.90313 24 0 0 18 11 345 100.00000 0
558 974 10.01791 0.00258 0.28000 0.37742 20 2 0 15 12 302 100.00000 0
350 743 10.50898 0.00703 0.42699 0.92111 20 1 0 10 7 289 100.00000 0
351 4093 11.02224 0.01386 0.77840 1.37544 14 0 0 8 8 259 100.00000 0
508 3982 10.49489 0.01009 0.59373 0.50202 27 0 1 19 18 206 100.00000 0
484 4170 10.30159 0.01147 0.52282 0.36045 32 2 0 26 23 412 100.00000 0
