115 1547 10.74453 1.81495 0.07450 4.34866 36 34 2 36 23 109 100.00000 0
2449 3377 11.51103 1.06393 1.35012 2.57420 49 47 2 49 18 150 100.00000 0
371 2423 11.23183 1.47320 0.40082 1.73483 26 21 4 24 8 91 100.00000 0
578 3561 10.68366 1.14106 0.06490 1.47406 95 87 8 95 62 202 100.00000 0
525 3499 10.48394 0.06692 0.32974 0.66441 39 30 7 34 23 129 100.00000 0
2334 3288 10.21449 0.60180 0.14128 1.73731 60 55 5 60 28 192 100.00000 0
391 2423 11.78355 1.43327 1.51374 3.25004 53 45 8 48 13 143 100.00000 0
1403 3556 10.73074 2.22336 0.19198 0.79525 86 80 6 86 62 186 100.00000 0
15 4449 11.54991 0.30032 0.28284 0.92111 41 33 8 32 21 152 100.00000 0
591 1415 10.97019 3.09723 0.31090 0.59545 37 33 4 35 19 128 100.00000 0
595 1404 10.35491 2.30808 0.26478 1.17136 69 61 8 67 38 171 100.00000 0
444 3427 10.04481 0.90278 0.35354 1.12848 56 50 6 51 24 193 100.00000 0
523 3550 11.45851 1.08776 0.26914 2.49905 31 30 1 27 16 116 100.00000 0
595 1405 10.42108 2.35133 0.19992 1.12883 76 71 5 74 41 196 100.00000 0
1386 3550 10.00667 2.22747 0.17870 1.42930 47 42 5 47 24 143 100.00000 0
2335 3263 10.68921 1.68586 0.49380 2.77996 45 43 2 45 14 141 100.00000 0
572 1420 10.90436 1.95009 0.47862 1.68005 30 27 2 27 14 91 100.00000 0
410 3398 10.06667 0.08351 0.21376 2.62912 55 48 7 55 34 161 100.00000 0
595 1408 10.75489 2.49652 0.27694 0.53376 88 81 6 83 47 191 100.00000 0
858 3768 10.49101 0.04389 0.18177 2.18283 47 42 5 42 19 138 100.00000 0
571 1421 11.45938 1.88885 0.33191 1.45938 27 25 2 27 10 92 100.00000 0
547 3502 10.88783 0.11507 0.11010 1.36257 64 57 7 64 28 140 100.00000 0
413 3441 10.15621 1.24783 1.15160 4.62737 13 8 3 8 5 85 100.00000 0
83 4512 11.02520 0.03714 0.28946 0.88823 52 45 7 50 27 202 100.00000 0
551 3501 11.73357 0.11499 0.48280 1.36602 39 34 4 37 18 137 100.00000 0
158 1616 11.69931 0.12112 0.29712 0.52638 41 35 5 34 22 104 100.00000 0
754 3668 10.93412 1.51079 0.12255 2.04622 49 43 3 46 20 164 100.00000 0
532 3553 10.10113 1.22467 0.14660 2.19785 46 37 9 44 22 138 100.00000 0
556 1407 11.72521 2.51256 0.10503 1.38875 40 36 3 40 22 146 100.00000 0
428 2456 10.19883 1.06349 0.14512 4.83092 51 46 5 49 26 106 100.00000 0
2464 3402 11.17440 0.09188 0.17903 2.38704 39 38 0 34 27 115 100.00000 0
544 3557 11.21174 1.41059 0.25048 1.65895 29 24 5 26 15 112 100.00000 0
2455 3388 11.07632 0.61450 0.30097 2.70602 79 74 5 77 43 198 100.00000 0
5 4431 10.81164 0.89906 0.84909 2.74595 36 30 6 36 15 149 100.00000 0
447 3464 11.48221 0.02016 0.40532 1.25054 43 36 6 40 18 176 100.00000 0
1540 4534 11.82773 3.13185 0.08227 3.91747 66 65 1 62 31 154 100.00000 0
395 3377 11.00395 1.18611 0.11172 2.80114 75 70 5 73 30 171 100.00000 0
717 3679 11.35865 0.62154 0.90281 2.80016 18 17 1 14 5 72 100.00000 0
2328 3273 10.71687 1.61371 1.04417 3.01324 43 40 3 36 20 145 100.00000 0
428 3408 11.76796 1.05132 0.23118 4.25109 52 51 1 48 30 116 100.00000 0
378 3364 11.72483 1.59149 0.08785 1.78772 20 16 4 20 7 82 100.00000 0
786 3713 10.60311 0.03818 0.20692 0.86275 36 32 4 34 19 104 100.00000 0
749 3662 11.42045 1.29293 0.80704 2.63686 31 23 7 28 10 95 100.00000 0
417 3446 11.29783 1.13541 0.45478 2.27038 27 20 5 16 9 111 100.00000 0
2466 3407 10.19850 0.06239 0.51710 3.49413 31 27 2 25 11 91 100.00000 0
92 1565 10.98516 1.94637 0.18046 1.24960 47 42 5 47 16 147 100.00000 0
958 3841 10.50947 1.13182 0.23833 0.61676 35 33 1 30 16 100 100.00000 0
915 3836 10.34230 0.02788 0.20051 0.76208 30 27 3 22 15 76 100.00000 0
666 3624 11.09642 0.00355 0.15380 0.20558 28 24 4 24 11 136 100.00000 0
1416 3551 11.15230 3.09194 0.15395 0.48457 63 60 3 61 42 164 100.00000 0
562 1406 11.63728 2.56523 0.23090 1.33940 45 41 4 45 26 147 100.00000 0
678 3616 11.85252 0.00666 0.40908 0.37325 16 15 1 16 7 117 100.00000 0
419 2452 10.01915 0.50459 0.23098 1.47512 64 56 8 64 36 171 100.00000 0
877 3784 11.97781 0.06473 0.12087 0.66910 81 66 14 81 25 164 100.00000 0
751 3666 10.34155 1.39535 0.53065 2.70935 33 27 4 31 14 90 100.00000 0
391 3369 11.88995 1.48783 0.91968 3.19476 35 30 4 33 8 117 100.00000 0
516 580 11.61045 0.55335 0.05794 2.11507 51 46 5 43 30 148 100.00000 0
475 3464 11.97015 0.01877 0.15554 0.43521 74 71 3 72 47 172 100.00000 0
148 1576 11.63775 0.08388 0.21636 1.85456 56 46 8 56 27 141 100.00000 0
1408 3554 10.14746 2.55443 0.21179 0.35498 82 79 3 82 48 203 100.00000 0
667 3607 11.56704 0.01346 0.11892 0.71873 49 43 6 42 22 152 100.00000 0
131 4532 10.50841 1.54555 0.06406 0.93795 86 77 4 84 50 232 100.00000 0
405 3389 11.91620 0.55190 0.10336 3.44037 59 54 5 54 28 140 100.00000 0
125 4540 10.85627 1.44683 0.34536 1.83590 56 47 9 49 25 176 100.00000 0
684 3621 11.86790 0.01961 0.09022 1.16096 35 29 6 33 18 121 100.00000 0
102 4520 11.13582 0.32612 0.43536 1.03287 39 30 9 35 15 120 100.00000 0
2432 3403 10.70970 0.94258 0.77222 2.58619 57 52 5 55 23 159 100.00000 0
511 3528 11.00628 0.18681 0.19844 1.59299 45 35 10 42 18 142 100.00000 0
826 3745 11.94841 0.05989 0.34229 0.73489 29 27 1 29 13 131 100.00000 0
471 3461 11.28026 0.02688 0.08201 0.93419 46 43 3 44 23 142 100.00000 0
194 1619 11.49547 0.08180 0.03118 0.06256 47 39 7 40 23 147 100.00000 0
541 3503 10.04788 0.11372 0.13959 1.22333 57 53 3 50 27 125 100.00000 0
18 4453 11.70835 0.16095 0.27036 1.29604 63 57 6 54 28 180 100.00000 0
1399 3532 11.38021 2.97869 0.14332 0.72308 79 66 12 76 41 223 100.00000 0
772 3695 11.96207 0.07969 0.14518 1.95405 61 54 7 59 38 132 100.00000 0
576 1389 11.68375 3.02322 0.27240 0.55320 55 46 9 53 32 188 100.00000 0
518 3542 10.83686 0.61577 0.12432 1.97239 60 56 4 60 31 148 100.00000 0
2439 3364 11.02399 0.96576 0.72684 3.44299 52 47 4 50 22 147 100.00000 0
412 3442 10.95368 1.31661 0.36755 4.78766 17 12 5 14 7 73 100.00000 0
569 1407 10.30924 2.58635 0.26532 1.75814 53 42 10 53 26 136 100.00000 0
439 3459 11.71112 0.04273 0.29181 0.73329 46 41 5 46 19 177 100.00000 0
874 3782 11.16013 0.05782 0.23712 0.52039 85 78 7 79 53 207 100.00000 0
132 4537 11.66718 1.54946 0.47251 2.08337 75 69 3 71 37 158 100.00000 0
597 1402 11.24369 2.15792 0.30155 1.34581 68 58 10 66 33 148 100.00000 0
2452 3428 11.20538 0.70663 0.51901 3.09301 46 40 6 40 24 124 100.00000 0
425 2479 11.64363 0.88348 1.82270 5.96404 13 9 3 8 3 98 100.00000 0
1388 3542 10.64649 2.75023 0.60320 1.53442 57 50 6 52 24 181 100.00000 0
492 3499 10.18538 0.04577 0.14495 2.44505 30 29 1 28 19 129 100.00000 0
659 3601 10.89804 0.02354 0.48363 1.32825 24 20 3 17 11 113 100.00000 0
2379 3312 11.17297 0.02863 0.08499 0.55036 69 57 10 67 34 197 100.00000 0
219 1633 10.33262 1.44979 0.07195 0.61294 28 27 1 20 18 79 100.00000 0
582 1383 11.27619 2.64342 0.44221 2.07150 50 49 1 48 24 171 100.00000 0
2388 3344 11.19975 0.02217 0.18406 1.33178 47 36 9 41 26 140 100.00000 0
1410 3527 10.31118 2.41201 0.21525 1.84462 57 48 9 57 31 154 100.00000 0
737 3657 10.15225 0.52011 0.25629 2.06090 52 46 5 50 26 140 100.00000 0
429 2479 11.43009 1.10903 0.30116 4.96286 24 21 3 20 7 91 100.00000 0
7 4432 11.96482 0.87808 0.40676 2.35784 28 27 1 26 9 145 100.00000 0
381 3364 11.64073 1.58401 0.41238 1.64473 40 34 3 31 16 134 100.00000 0
149 1578 11.24811 0.07916 0.18644 1.73731 57 51 5 57 31 130 100.00000 0
213 1630 10.02511 1.19971 0.27911 0.46394 31 28 2 26 19 107 100.00000 0
681 3636 10.07453 0.02479 0.13680 1.36544 72 62 9 69 36 177 100.00000 0
727 3693 11.66185 1.53192 0.69924 2.74866 25 23 2 25 6 74 100.00000 0
564 3557 10.75864 1.39588 0.30118 1.52495 41 40 1 38 16 131 100.00000 0
1398 3535 10.94358 3.08101 0.23582 0.93125 53 50 3 47 27 186 100.00000 0
213 1649 11.10205 1.46747 0.37380 1.32559 52 45 7 50 29 129 100.00000 0
510 565 11.20023 0.14017 0.46543 2.15903 51 40 11 47 24 130 100.00000 0
421 3447 10.49148 0.91149 0.19428 0.77430 47 46 1 45 25 194 100.00000 0
542 595 10.21960 1.32607 0.24115 1.82027 37 28 9 32 21 123 100.00000 0
509 563 11.52826 0.13012 0.47724 2.06980 50 45 3 44 30 118 100.00000 0
598 3532 10.25474 1.26658 0.07795 1.89300 64 52 12 64 29 166 100.00000 0
740 3700 10.65723 1.01638 0.20461 1.04380 60 53 7 56 26 153 100.00000 0
2449 3380 10.40104 0.92095 0.39537 2.10338 61 57 4 58 18 167 100.00000 0
736 3656 10.57821 0.46328 0.58921 1.67678 55 45 10 51 22 166 100.00000 0
702 3658 11.19489 0.03453 0.11264 0.43160 118 110 8 118 80 266 100.00000 0
405 2442 10.16858 0.40647 0.20892 2.97848 54 48 6 54 23 159 100.00000 0
2436 3360 11.51892 0.82616 0.49874 1.64806 38 34 4 34 19 142 100.00000 0
2447 3373 11.76464 1.16633 1.01313 2.33414 59 55 4 55 27 161 100.00000 0
515 576 10.93095 0.36941 0.29289 2.32102 70 64 5 67 29 152 100.00000 0
521 586 11.14252 0.89090 0.42164 2.33347 45 41 4 42 20 119 100.00000 0
714 3644 11.58707 0.01470 0.30227 0.40348 53 52 1 45 28 167 100.00000 0
125 1551 10.88796 1.29487 0.28263 1.92884 34 29 3 31 14 97 100.00000 0
2359 3280 11.60974 0.91132 0.39538 1.88492 73 70 1 62 30 214 100.00000 0
593 3518 10.65518 1.28173 0.28685 2.87303 38 29 9 34 16 96 100.00000 0
546 3557 11.21914 1.41025 0.13052 1.61737 25 16 9 25 13 83 100.00000 0
97 1552 11.90716 2.58595 0.32102 2.47354 45 40 5 39 24 139 100.00000 0
90 1564 11.94260 2.02168 0.22093 1.12187 68 63 5 62 32 159 100.00000 0
392 2424 11.74396 1.40119 0.49997 3.20369 37 34 3 35 16 118 100.00000 0
601 3538 10.76442 1.13034 0.28150 1.21434 68 65 2 63 40 177 100.00000 0
945 3855 10.68365 0.34359 0.39306 0.57607 29 23 5 21 10 99 100.00000 0
503 3487 10.36291 0.04223 0.48168 2.05633 41 31 10 38 23 142 100.00000 0
405 3433 10.01999 1.05772 0.13102 5.00735 39 35 2 32 23 110 100.00000 0
2342 3260 11.49206 1.57446 0.73070 3.03228 39 34 4 35 12 157 100.00000 0
2473 3443 10.71559 1.51622 0.27521 5.10699 7 4 1 3 1 44 100.00000 0
396 2431 10.60505 1.07662 0.24334 2.90299 68 61 7 66 43 166 100.00000 0
800 3726 10.08626 0.02419 0.18276 0.37009 74 72 2 68 44 160 100.00000 0
741 3657 11.69153 0.75466 0.64072 2.85321 31 28 3 29 10 92 100.00000 0
603 3541 11.22881 1.01205 0.26672 1.80970 72 62 10 69 39 188 100.00000 0
564 1409 10.85084 2.42396 0.31088 1.67865 76 70 6 68 43 170 100.00000 0
106 4540 10.55858 0.55062 0.32272 1.55997 48 41 6 46 26 175 100.00000 0
551 1411 11.18623 2.29926 0.23844 1.60572 53 49 4 44 24 155 100.00000 0
91 1562 11.53892 2.13203 0.76830 1.46206 70 65 5 70 28 158 100.00000 0
400 3383 11.69340 0.89346 0.20983 2.96214 59 55 4 57 27 167 100.00000 0
539 1417 11.51541 1.94865 0.17106 1.72850 38 35 3 32 23 130 100.00000 0
818 3739 11.86804 0.05403 0.27261 0.74860 32 26 6 32 15 121 100.00000 0
1578 4537 11.65490 1.63819 0.41033 1.65611 59 54 3 59 30 158 100.00000 0
741 3702 11.61325 0.95157 0.31416 1.06091 85 80 5 83 43 196 100.00000 0
743 3701 10.10380 0.82626 0.22794 1.68051 74 68 6 65 29 163 100.00000 0
495 3480 11.73798 0.02048 0.24927 0.32264 56 44 11 51 34 147 100.00000 0
26 4463 11.34854 0.02353 0.13910 0.84858 36 33 3 32 19 138 100.00000 0
588 1378 11.81548 2.20251 0.40776 1.05721 71 65 6 69 34 207 100.00000 0
566 1403 11.69155 2.72289 0.29835 1.40556 39 36 3 37 21 150 100.00000 0
698 3653 10.73586 0.02149 0.15238 0.27976 71 64 7 67 42 182 100.00000 0
2432 3404 11.20678 0.95801 0.82293 2.67752 71 65 6 67 29 191 100.00000 0
590 1382 10.80670 2.13124 0.23922 1.53442 52 47 5 50 24 157 100.00000 0
595 3519 11.19941 1.36407 0.32675 2.78685 35 31 4 31 19 110 100.00000 0
12 4445 11.12199 0.44621 0.23256 0.77025 41 38 3 37 24 181 100.00000 0
619 3565 10.61115 0.01832 0.09928 0.96672 32 24 8 32 16 155 100.00000 0
1385 3554 10.85013 1.97478 0.23015 1.06899 57 51 6 52 30 183 100.00000 0
621 3587 10.80721 0.01343 0.10871 0.13417 37 33 4 30 19 201 100.00000 0
1575 4529 10.71214 1.66072 0.41090 1.37857 59 55 4 55 28 147 100.00000 0
719 3681 10.97407 0.77446 0.48772 2.92342 35 30 5 33 12 100 100.00000 0
1418 3522 11.60818 1.88990 0.37445 1.98623 27 22 4 22 11 111 100.00000 0
919 3839 10.00787 0.03057 0.44845 0.99819 45 42 2 45 26 137 100.00000 0
708 3665 10.80542 0.01654 0.09397 0.60716 119 116 3 115 68 246 100.00000 0
600 3536 10.63680 1.19250 0.44842 1.70594 46 38 6 40 24 146 100.00000 0
552 1416 11.26247 2.00088 0.47948 1.86991 49 41 8 49 21 150 100.00000 0
1390 3540 10.87568 2.87580 0.20942 1.02450 61 55 6 59 33 190 100.00000 0
221 1636 10.07077 1.52997 0.06422 0.82803 55 52 3 45 30 131 100.00000 0
546 3502 10.88827 0.11496 0.22123 1.30716 57 48 9 53 20 147 100.00000 0
523 588 10.95953 1.01092 0.35392 2.38392 65 56 9 65 37 146 100.00000 0
650 3611 10.98224 0.02716 0.50881 1.40500 36 34 2 36 20 130 100.00000 0
565 1420 11.70149 1.83120 0.18040 1.91683 23 19 3 21 12 88 100.00000 0
582 3562 10.30517 0.93559 0.24013 2.12449 85 78 7 81 35 201 100.00000 0
792 3718 11.26078 0.01629 0.12897 0.74546 24 20 4 18 14 91 100.00000 0
567 1414 10.14103 2.16253 0.12990 2.23073 65 55 9 61 29 173 100.00000 0
370 2439 11.62313 0.64640 0.37558 1.28329 74 72 2 70 31 176 100.00000 0
1558 4527 10.29856 2.35834 0.38915 1.76370 35 31 2 27 15 110 100.00000 0
478 3488 10.80364 0.01575 0.15626 0.63919 41 35 6 41 24 124 100.00000 0
835 3775 10.17397 0.07998 0.24169 1.57793 98 88 10 94 37 215 100.00000 0
535 3556 11.07096 1.37410 0.13908 1.64544 39 30 9 37 24 104 100.00000 0
1402 3527 11.84386 2.78534 0.11145 1.23416 30 26 4 30 17 123 100.00000 0
1420 3539 10.52194 2.19549 0.15683 0.84209 47 42 5 45 31 161 100.00000 0
508 558 11.79446 0.12236 0.31327 1.55167 68 62 6 60 30 156 100.00000 0
513 3531 10.48913 0.23966 0.35018 1.45670 59 48 10 50 30 143 100.00000 0
539 3502 10.76934 0.11422 0.20496 1.26548 49 39 10 49 23 136 100.00000 0
514 577 11.75332 0.41583 0.26854 2.42366 64 57 6 60 18 145 100.00000 0
558 3501 11.84659 0.11612 0.64676 1.49148 26 16 4 21 11 115 100.00000 0
377 3366 10.89388 1.57292 1.53403 2.40778 25 24 1 25 8 83 100.00000 0
560 1417 11.27358 1.95091 0.13895 1.98189 27 27 0 27 14 68 100.00000 0
464 3455 10.16057 0.01633 0.26195 0.90525 51 45 5 45 21 175 100.00000 0
501 3509 10.82882 0.02260 0.51194 0.81901 41 31 8 37 17 140 100.00000 0
1403 3534 10.20601 2.89883 0.25684 1.06716 67 59 8 61 32 228 100.00000 0
106 1579 10.98190 1.08515 0.17606 1.27226 81 64 15 73 34 193 100.00000 0
2455 3432 10.65047 1.00399 0.16471 4.48873 41 35 4 35 25 100 100.00000 0
533 3500 11.83555 0.10438 0.36610 0.94791 28 22 6 26 13 134 100.00000 0
41 4479 10.39581 0.02173 0.33472 0.41022 26 21 2 17 12 129 100.00000 0
964 3856 10.91288 1.47447 0.42362 1.21499 58 53 5 56 28 153 100.00000 0
100 4538 10.44230 0.21965 0.43453 1.05684 47 41 6 39 20 140 100.00000 0
557 3557 11.15820 1.40951 1.35566 1.53519 12 7 2 5 4 64 100.00000 0
