2000 3419 11.77103 2.29658 0.78993 2.73223 35 24 5 23 14
939 4195 10.75276 0.55559 1.56836 4.50006 29 12 13 29 10
1981 4568 11.29674 0.04255 0.74966 2.38917 39 30 2 39 22
1795 4404 10.92120 0.64557 1.21940 1.99998 12 0 0 6 3
3424 4572 11.36026 1.65936 0.73494 2.14284 85 41 26 81 41
941 4221 11.09795 0.03076 0.39561 1.99331 51 21 19 51 22
3313 4624 11.54661 1.93089 17.77105 44.67319 3 0 0 1 1
3398 4574 11.66679 2.98580 0.66915 0.41496 39 23 5 32 17
1944 4535 10.67241 0.06258 1.96795 1.57768 50 0 0 44 30
2013 3414 11.94384 2.91902 0.29481 2.32877 17 13 4 15 10
1004 4265 11.18746 0.01602 0.64663 0.90135 26 16 10 24 9
3411 4586 11.09934 2.30212 0.43009 3.08959 20 18 2 20 8
3360 4601 10.07671 3.12944 0.41963 3.16817 32 27 3 28 16
3316 4625 10.05877 1.99911 0.48266 4.79134 7 3 0 5 3
2015 4579 11.80682 1.34021 0.87924 4.26691 17 13 3 15 5
1003 4248 10.56080 0.02116 0.28561 0.92957 27 20 6 19 10
1036 4277 11.74153 0.79050 0.20862 1.15555 87 73 7 80 46
1025 4274 11.85598 0.18143 0.15660 1.41913 30 19 4 20 13
3420 4569 11.16863 1.78615 0.90657 0.87849 36 23 9 34 20
3369 4594 10.53298 3.11977 0.53992 3.74429 26 19 0 16 10
1011 4252 10.43428 0.02551 0.25786 1.09647 32 28 3 32 13
993 4259 11.01126 0.01514 0.44226 0.88603 34 25 8 30 13
2004 4562 10.60807 0.72206 0.62656 0.43341 52 25 10 35 19
1834 4412 11.87768 0.00420 17.25758 0.22029 7 0 0 7 5
1875 4467 10.31848 0.02322 0.74360 0.97799 34 21 0 32 21
3313 4629 11.68643 1.86852 0.78703 7.14921 6 2 0 3 2
1034 4260 10.88328 0.64929 0.66570 1.23035 34 26 6 30 14
3335 4630 11.35303 2.62880 0.53821 2.47132 42 41 1 38 21
926 4210 10.75146 0.07148 0.55871 2.22158 65 23 5 63 38
1910 4502 11.95305 0.07152 1.23735 1.41665 20 2 0 17 9
1813 4413 10.62826 0.04454 0.47338 1.71669 30 25 2 23 14
980 4250 10.90960 0.01631 0.55074 0.72199 49 37 6 37 26
909 4184 10.79670 1.93821 0.38512 2.99853 37 34 2 24 21
1976 4547 11.30759 0.01199 1.17703 0.65730 32 8 0 25 16
915 4178 11.78967 1.91361 0.16153 4.66018 30 29 0 28 17
953 4211 10.15524 0.05537 0.32801 2.98439 49 24 23 45 17
1840 4418 10.72135 0.02521 0.56674 1.50220 18 16 1 15 11
3341 4612 10.69718 3.02119 0.25307 2.50374 44 36 4 44 23
2006 3408 10.52550 2.96467 0.82458 2.42624 63 56 4 58 32
923 4179 11.02409 1.52544 0.33225 4.03488 32 16 15 30 15
928 4183 10.43089 1.23718 0.37575 3.44912 32 13 12 29 17
1924 4499 11.64191 0.07469 1.47070 1.03098 34 0 0 34 14
3403 4589 10.95719 2.79297 0.28782 3.13438 40 31 2 40 19
2012 3405 11.38195 2.42277 0.60085 2.03028 29 26 3 16 11
990 4240 11.05713 0.01777 0.64444 1.10287 24 13 0 19 13
914 4181 10.27047 1.83737 0.28433 3.35112 33 30 3 31 16
909 4198 11.32270 1.16772 0.60864 2.57724 16 6 4 9 9
1773 4395 10.52059 1.63534 0.36263 3.14348 25 18 4 23 12
909 4185 10.34135 1.88849 0.32350 2.90191 25 21 2 21 10
904 4191 11.88056 1.79913 0.24785 2.56903 26 21 5 21 12
1003 4247 11.85033 0.01925 0.25970 0.82091 23 19 4 23 10
945 4202 10.75995 0.16724 0.61012 3.28181 38 26 12 34 12
993 4242 11.04556 0.01593 0.42463 0.96591 34 31 2 34 20
3375 4605 10.08040 3.11669 0.58071 2.30580 25 12 4 14 7
1917 4492 11.66333 0.08720 6.89393 4.99850 7 0 0 2 3
1920 4496 10.29123 0.07388 1.50791 1.26826 40 1 4 33 19
1953 4527 11.82973 0.05470 2.27087 0.46394 24 0 0 14 6
2020 4573 11.91393 1.54531 0.70822 4.96996 9 4 1 3 5
1034 4276 10.97397 0.66361 0.34662 1.33735 78 70 2 74 51
1999 3415 11.39773 2.44775 0.59425 2.80435 34 25 6 26 16
1775 4398 11.22049 1.59651 0.54113 3.53457 30 28 1 25 19
1995 4576 11.99923 0.21194 0.88241 2.93532 46 33 3 38 21
3326 4631 10.67376 2.23366 0.71542 3.37696 20 18 2 20 9
1003 4265 11.85233 0.01634 0.20033 0.92450 41 35 6 41 28
956 4213 10.99299 0.04848 0.26392 2.45575 27 14 10 15 11
2011 3406 10.85734 2.54035 0.81072 2.04488 38 27 4 34 12
1787 4387 11.94287 1.16181 0.62579 1.67631 39 21 6 35 14
1846 4423 11.27993 0.01279 0.87375 0.73061 23 10 2 23 10
1971 4543 11.59748 0.02409 1.10491 1.02870 55 14 1 45 24
3387 4597 10.54897 3.09658 0.62140 2.64131 37 13 2 28 14
1799 4406 11.22994 0.40873 0.55756 1.67538 27 20 1 24 14
1934 4525 10.74210 0.08102 1.80746 1.16969 33 0 0 31 20
1879 4455 11.93614 0.01705 0.90837 1.06643 35 12 0 20 16
1776 4397 10.39107 1.58363 0.41953 3.30429 22 17 2 20 11
1775 4391 10.73241 1.61475 0.95664 3.16817 35 8 4 27 18
1921 4512 10.95557 0.07440 1.46980 1.08534 21 0 0 21 12
1016 4254 10.51339 0.01777 0.30543 0.82898 19 16 2 19 11
3337 4614 10.61003 2.89118 0.23760 2.14940 42 38 4 35 22
948 4226 11.02207 0.02363 0.07754 1.27595 75 64 11 75 51
931 4185 10.91660 1.12040 0.18805 3.44640 43 21 12 39 17
925 4209 10.48984 0.09126 0.39872 1.66295 36 12 14 31 13
1024 4257 10.44843 0.13301 0.35662 1.66060 25 23 2 19 11
1048 4275 11.27001 1.44258 0.09323 0.92535 55 49 5 51 31
3335 4629 10.09324 2.64073 0.48361 2.59752 48 44 4 42 21
1996 4559 10.09778 0.26574 1.08420 1.35133 59 23 8 43 23
3320 4631 11.24219 2.03471 9.82714 25.04426 2 0 0 2 2
1847 4441 11.55264 0.03036 1.00101 1.78400 19 14 2 15 5
1855 4432 10.69944 0.01525 0.65965 0.45284 23 15 3 19 13
932 4187 10.41657 1.02100 0.24305 4.02244 37 17 3 32 14
935 4217 11.30734 0.02482 0.43540 1.81013 44 20 11 38 20
1988 4554 11.73670 0.04640 0.87791 2.00193 42 19 3 40 31
1966 4539 11.40828 0.03065 1.77086 1.16500 30 1 1 20 12
3313 4625 11.22320 1.91811 1.58187 4.72754 4 1 0 1 2
3337 4613 11.86500 2.89679 0.33282 2.20531 35 29 3 29 19
1973 4545 11.03296 0.01471 1.37050 0.87982 32 5 0 27 17
1930 4505 11.57754 0.07154 1.72514 0.38967 21 0 0 19 14
927 4211 11.01240 0.05930 0.58516 2.50562 60 16 6 57 29
918 4205 11.43448 0.41236 0.45867 2.55543 60 39 20 56 31
913 4180 11.16035 1.93124 0.50807 3.45899 36 27 5 27 16
3350 4607 10.75398 3.13012 0.17886 2.99839 40 38 0 34 18
1837 4431 10.31661 0.01613 0.49130 0.87581 31 24 3 27 17
1962 4536 10.60356 0.03098 2.20751 1.00717 34 0 0 29 19
1007 4249 11.88875 0.02524 0.24151 1.13332 17 14 1 12 8
1972 4562 11.86741 0.00792 0.84310 0.42058 43 15 4 33 21
2018 4574 10.62174 1.46662 0.94723 4.35190 22 14 1 16 9
2013 4578 10.18013 1.25027 0.28676 3.38853 21 19 2 13 9
2007 3416 10.76830 2.89315 0.81950 2.29132 27 24 3 23 13
3350 4623 11.07258 3.00671 0.21661 2.65579 24 20 3 21 10
1975 4563 10.21330 0.00829 0.78238 0.47642 47 26 5 32 24
2006 3405 11.65777 2.78985 0.64532 1.79144 50 47 1 42 18
3408 4570 10.87426 2.47119 0.66180 0.58684 40 34 3 32 22
1932 4508 10.13007 0.06367 2.06399 0.57607 17 0 0 11 7
3320 4620 11.54667 2.16904 0.97712 3.99135 8 6 0 2 3
944 4200 11.37483 0.26690 0.75548 3.58561 34 18 4 23 12
1828 4408 10.70368 0.02528 0.47157 1.42903 33 29 1 24 16
1880 4457 10.42538 0.01939 1.00172 1.19091 28 12 0 25 15
3331 4631 11.33074 2.44948 0.26526 2.18373 27 26 1 24 12
2019 4574 11.28046 1.50488 1.01342 4.74549 9 4 0 5 5
2014 4578 10.50472 1.29741 0.53607 3.83594 21 17 2 17 10
3315 4624 10.75753 1.98481 0.86937 5.03412 8 0 0 6 3
1846 4439 10.12485 0.02364 0.82253 1.47512 24 18 1 22 11
1805 4392 11.92984 0.21849 0.13909 0.68756 37 33 3 34 20
1972 4561 10.60044 0.00623 0.81092 0.33102 57 32 5 55 33
967 4240 10.72533 0.01756 0.15748 0.89700 54 40 14 50 29
3342 4611 11.31307 3.04279 0.07677 2.69704 28 17 1 25 13
913 4202 11.93999 0.76753 0.72561 2.78600 36 21 15 33 13
938 4193 11.22523 0.67019 1.77832 4.06100 29 9 14 25 7
2017 4571 10.04170 1.43489 0.94116 4.04603 19 10 0 17 12
3397 4591 10.03727 3.06997 1.23722 5.00750 26 3 0 20 12
3418 4569 10.56296 1.87584 0.70239 1.28998 38 22 11 33 18
1831 4410 11.25117 0.00843 0.39973 0.90525 25 18 2 11 12
994 4259 10.21233 0.01528 7.32878 1.02641 35 0 0 31 25
995 4243 11.35005 0.01201 0.58470 0.72524 26 17 6 21 10
3324 4620 10.04451 2.28863 1.09202 5.44806 24 18 3 21 16
1045 4277 11.81589 1.32315 0.11715 1.18564 41 35 4 39 22
3399 4574 11.01889 2.94948 0.43511 0.48698 40 36 4 36 19
1859 4452 10.91428 0.01579 0.26203 1.04941 45 40 4 45 29
3374 4607 11.67237 3.12439 0.42900 1.89217 24 11 4 18 7
3352 4622 11.27447 3.01766 0.52674 2.69777 15 13 1 13 5
2003 4561 11.35958 0.65753 0.96675 1.39465 37 15 2 25 19
910 4181 11.75361 2.03191 0.51413 2.77925 38 32 3 31 7
1048 4265 11.98599 1.42818 0.33924 1.04380 46 41 3 46 29
972 4226 11.61386 0.03017 0.50145 1.67304 23 16 5 21 14
3330 4631 11.14495 2.40421 0.40322 2.15704 40 38 2 36 22
905 4192 11.45899 1.70048 0.99783 2.68861 16 7 2 13 6
3408 4587 10.94561 2.48365 0.42437 3.37510 20 18 1 17 9
1884 4476 10.86859 0.03449 0.70887 0.96995 24 19 0 19 15
2002 3408 11.74755 3.06085 0.87708 2.79386 27 21 3 13 10
1038 4262 10.10514 0.90286 0.23191 1.38423 20 8 7 8 4
2009 3409 10.07049 2.84227 0.51713 2.61659 31 22 1 29 11
971 4244 11.93306 0.02119 0.23473 0.93712 50 41 8 35 21
1050 4273 11.32841 1.49845 0.28334 0.46309 48 45 3 46 27
1960 4551 11.58699 0.02696 2.04997 0.82898 44 0 0 33 25
996 4261 11.33696 0.01223 0.32588 0.75744 21 14 4 10 9
1821 4418 10.12617 0.03128 0.67407 2.60699 20 10 2 9 6
1808 4394 11.40235 0.15463 0.27445 0.64771 59 49 5 35 31
908 4184 11.30926 1.98541 0.58331 3.02155 28 26 1 20 8
1025 4257 10.93063 0.17115 0.10226 1.75903 32 31 1 32 24
1865 4442 10.81550 0.01758 0.71384 0.75225 38 18 1 24 24
1856 4433 10.68525 0.01605 9.49892 0.93125 20 1 0 16 15
3358 4601 11.83048 3.12923 0.29870 3.11018 39 33 6 37 16
1988 4572 11.24726 0.06362 0.59788 3.37475 62 55 0 58 34
962 4236 10.44283 0.01649 0.38274 1.06569 75 64 9 71 45
972 4244 10.96688 0.02179 0.17347 0.97999 54 42 11 52 34
1864 4457 11.20748 0.01387 0.66239 0.94419 22 18 0 20 14
1876 4468 10.39770 0.02699 0.80499 1.09575 34 16 0 34 20
910 4199 11.41509 1.06317 0.11537 2.45607 29 20 9 29 15
1798 4406 11.85898 0.46166 0.59502 1.91704 32 28 0 28 15
1787 4388 10.85736 1.16898 1.00444 1.58708 46 40 3 46 17
1955 4530 10.25962 0.03967 2.02382 0.28393 34 1 0 23 16
1038 4261 11.36001 0.90229 1.61049 2.76612 12 5 0 12 7
1987 4554 11.06692 0.03716 1.09821 1.95685 38 7 1 30 24
2012 4566 10.21233 1.21747 0.67059 1.53391 51 38 5 47 30
3418 4568 11.61788 1.87514 0.56060 1.64235 41 29 7 41 20
1902 4478 10.28896 0.01911 1.72845 0.66793 34 0 0 21 17
1871 4463 10.08523 0.01647 0.50941 0.94212 35 28 0 35 23
988 4239 10.56721 0.01697 0.34157 1.00054 44 37 7 37 22
2008 3409 10.09309 2.90685 0.33523 2.67898 33 30 1 33 13
991 4241 10.65182 0.01536 0.22730 0.91000 33 30 3 33 23
1792 4388 11.09643 0.87569 0.56529 1.60864 38 35 3 34 15
907 4197 11.84313 1.31813 0.60653 2.52724 34 22 5 25 19
2018 4577 11.79739 1.46103 0.81763 5.16581 20 11 2 14 9
1845 4423 10.03944 0.01190 0.32171 0.67144 42 35 6 35 17
1833 4428 10.89598 0.00736 0.51573 0.16071 33 29 0 26 20
915 4203 11.55690 0.62720 0.23346 2.89476 30 22 7 28 13
1861 4438 10.71111 0.01766 0.76604 0.53959 22 17 0 17 13
1915 4491 10.29585 0.08084 1.47320 0.68013 20 0 0 15 6
1800 4406 10.64921 0.35751 0.23418 1.28329 31 26 2 25 18
3359 4617 10.55261 3.08446 0.35520 2.37553 28 18 4 28 13
3419 4582 10.61624 1.85010 0.77704 3.88554 25 15 3 23 6
1032 4276 11.68811 0.54189 0.16002 1.39998 103 85 4 101 52
1818 4400 11.67105 0.03280 0.63822 1.76746 47 41 3 42 30
951 4209 10.20779 0.05337 0.62080 2.90502 67 27 40 59 35
1050 4268 11.40344 1.48604 0.29628 1.03779 70 51 15 70 39
3336 4614 11.18141 2.85533 0.40240 2.20726 32 28 2 30 20
1964 4555 11.83696 0.02242 1.42837 1.22908 45 0 0 36 27
989 4240 10.18471 0.01666 0.61665 0.98992 21 14 1 21 9
933 4186 11.61900 1.06941 0.10767 3.85702 57 23 8 55 31
3318 4631 11.65608 1.98073 1.15551 4.89153 5 2 0 5 3
2015 4566 11.82640 1.35950 0.72059 2.83324 26 22 0 18 12
