4788 7095 10.81350 3.14082 2.10477 0.93712 154 0 0 142 72 916 100.00000 0
38 3387 11.50802 0.00420 2.48267 0.76053 78 0 0 70 51 325 100.00000 0
4737 7202 11.02315 2.65492 2.19648 0.49653 54 0 1 49 25 365 100.00000 0
17 3387 11.50802 0.00420 2.50465 0.95244 66 0 0 61 39 342 100.00000 0
42 3414 11.75156 0.02822 2.27408 1.05202 56 0 0 50 42 175 100.00000 0
4796 7122 11.95018 3.03352 2.24586 1.84164 75 0 0 67 36 549 100.00000 0
45 100 11.49053 0.02079 2.70842 0.77430 51 0 0 43 36 181 100.00000 0
49 3414 11.75156 0.02822 2.21483 0.78634 39 0 0 32 31 173 100.00000 0
25 8585 10.74196 0.02857 2.41467 1.69535 35 0 0 35 26 178 100.00000 0
5217 6790 11.76252 3.13150 30.70780 147.57553 4 0 0 1 2 56 100.00000 0
1250 7185 11.46706 2.97565 2.10012 1.01645 43 0 0 41 15 422 100.00000 0
1592 6749 10.57266 3.13709 2.05968 1.71144 29 0 1 18 12 248 100.00000 0
1248 7191 10.42904 2.91139 2.21453 0.36045 60 0 0 58 28 392 100.00000 0
4968 6996 11.42188 3.09670 10.93232 177.42960 27 0 0 25 13 289 100.00000 0
1216 7187 11.86606 2.85067 2.20236 2.80728 81 0 0 43 22 617 100.00000 0
1541 6820 11.95588 3.13107 12.13881 179.40686 6 0 0 2 2 95 100.00000 0
4859 7081 11.68554 3.11619 2.11053 0.53082 84 0 0 76 20 514 100.00000 0
6356 7620 10.42478 1.73005 4.26214 2.74081 60 0 0 53 29 389 100.00000 0
56 8547 11.75274 0.00574 2.16142 0.83930 107 0 0 103 81 450 100.00000 0
