578 5020 11.43621 3.12303 18.76153 178.93578 4 0 0 1 2 42 100.00000 0
92 159 10.90026 0.22630 6.08562 6.58017 21 0 0 15 13 120 100.00000 0
2004 5259 11.67707 2.98746 2.67950 11.05654 7 0 0 4 2 77 100.00000 0
615 4004 10.56244 3.14075 2.39644 2.14430 21 0 0 21 10 150 100.00000 0
2390 4890 11.60265 3.13811 2.62961 2.71901 9 0 2 5 3 65 100.00000 0
2261 4049 11.76058 3.13964 2.32375 1.13367 14 0 0 8 7 147 100.00000 0
654 4922 10.28362 2.40536 2.11138 2.36761 59 1 0 53 31 343 100.00000 0
2282 4025 11.86480 3.13588 2.04114 1.70502 34 0 0 32 11 207 100.00000 0
2515 4752 11.43473 3.11735 23.62832 156.35729 5 0 0 5 2 72 100.00000 0
2572 4686 10.71264 3.08337 27.42748 176.66375 3 0 0 3 2 77 100.00000 0
97 5378 11.99398 3.12519 6.92521 8.31196 19 0 0 17 8 84 100.00000 0
437 5144 11.77698 3.00304 2.15768 4.55027 5 2 0 3 3 61 100.00000 0
2250 4062 11.78848 3.13045 2.20096 3.07867 9 0 0 4 3 86 100.00000 0
2076 5190 11.97962 3.03250 13.92681 37.13039 5 1 0 1 2 44 100.00000 0
2416 3900 10.24818 3.13990 2.21714 2.14430 22 2 1 14 7 144 100.00000 0
8 159 10.90026 0.22630 6.03803 6.85152 25 0 0 13 15 112 100.00000 0
734 3888 11.81277 3.12974 2.12459 1.70548 18 0 6 7 2 166 100.00000 0
1 161 11.92404 0.22584 6.01739 6.57957 7 0 0 5 3 59 100.00000 0
2422 4856 10.96830 3.13239 2.68058 1.64830 26 2 7 18 8 183 100.00000 0
541 2226 11.49723 0.02005 9.38847 1.14705 12 0 0 7 4 136 100.00000 0
700 3945 11.49248 3.11606 10.14862 178.53981 8 1 0 3 4 63 100.00000 0
313 5258 10.32121 3.10810 8.18101 178.08092 14 0 0 3 4 128 100.00000 0
2572 4687 11.84642 3.08366 14.02796 15.38555 5 0 0 1 1 78 100.00000 0
723 3920 11.65564 3.13268 2.03876 2.17511 15 3 8 10 6 147 100.00000 0
2438 3861 11.49946 3.13012 3.68365 3.02103 54 0 21 35 21 323 100.00000 0
