578 5020 11.43621 3.12303 17.51429 178.93578 3 0 0 1 2
136 5376 11.92129 3.12279 0.81298 3.33202 6 4 1 2 3
92 159 10.90026 0.22630 6.34941 8.08138 31 0 0 14 14
788 3842 10.74027 3.10179 1.24243 2.76824 22 2 1 12 8
3639 4606 10.30963 0.03521 0.24277 1.05053 94 89 5 86 52
644 4962 10.71149 3.05329 0.87313 1.75435 34 20 5 28 15
243 1953 11.63800 0.24712 0.28599 0.78185 36 32 1 24 16
3712 4655 11.93130 0.31879 0.51694 0.19584 27 21 6 17 11
2004 5259 11.67707 2.98746 1.75187 0.87312 12 0 1 9 6
2145 5124 10.08740 2.92687 1.15640 1.11838 22 3 2 13 8
1550 3198 11.41989 0.02848 0.50077 0.63858 54 49 3 47 38
2533 4712 11.80353 3.12994 1.46788 2.16447 49 0 0 42 20
833 2494 10.30965 0.05381 0.33736 0.20174 70 62 4 51 45
1007 2700 10.46347 0.00817 0.49253 0.35608 53 47 3 53 42
615 4004 10.56244 3.14075 1.72356 1.35855 22 1 0 13 8
1661 3312 11.31256 0.10250 0.51736 1.18531 24 12 8 17 10
403 2100 11.47804 0.09983 0.84263 1.59594 18 8 3 15 8
1534 3208 11.67620 0.03358 0.14709 0.34035 43 41 2 32 20
589 2288 10.95919 0.02587 0.25086 0.73807 39 27 9 31 18
550 5029 10.41016 3.09732 1.56836 3.17385 24 0 1 20 6
842 3783 11.93545 3.09398 1.25429 1.23162 14 0 0 7 4
2390 4890 11.60265 3.13811 0.84801 2.41525 10 3 0 6 4
743 4861 10.88555 3.13681 1.03798 1.82177 22 7 3 4 2
2261 4049 11.76058 3.13964 1.81247 0.56093 21 0 0 16 11
3813 4777 10.23002 0.03804 0.47933 0.05595 45 38 4 41 24
654 4922 10.28362 2.40536 1.71046 2.90663 57 3 2 31 30
582 2262 11.35520 0.02476 0.62945 0.72739 54 37 10 44 26
446 5121 10.31008 2.89163 1.16267 0.75433 27 6 0 23 11
2044 5244 10.66355 3.06308 0.86175 1.84674 33 5 1 20 15
1946 5329 11.74434 2.73203 1.32048 1.32471 16 3 0 7 4
976 2666 10.07307 0.03653 0.31060 0.77278 30 21 7 20 15
2489 4763 11.74640 3.07237 1.59295 1.73167 24 0 0 19 7
2104 5181 10.10429 3.05098 0.73902 1.38677 10 5 1 7 3
895 3724 11.70746 3.12927 1.09099 3.63787 11 2 1 9 6
438 2153 11.04805 0.07786 0.52051 0.77076 33 27 3 22 17
1000 2693 10.87926 0.02734 0.53971 0.84580 34 27 3 22 16
2282 4025 11.86480 3.13588 1.49337 1.60279 33 1 0 26 12
560 2244 10.34940 0.03513 0.50018 0.67377 56 46 5 41 26
675 3936 10.04436 2.55379 1.14056 1.49017 29 3 0 25 14
709 2368 10.67656 0.21330 0.51762 0.80064 44 35 4 40 19
2515 4752 11.43473 3.11735 0.81349 1.61034 13 7 2 8 8
3708 4652 11.12419 0.34071 0.84380 1.31194 39 29 8 34 22
356 2078 11.90709 0.05991 0.34139 0.22029 28 15 10 17 9
569 5026 10.00868 3.08333 1.77861 1.57967 9 0 1 7 4
674 2373 11.86279 0.45703 0.44449 0.49968 34 32 2 26 22
678 3930 11.71887 2.60869 1.17583 1.55066 13 4 0 9 3
2382 3936 10.91116 3.11171 3.12850 3.34621 17 8 1 7 6
925 2581 11.68842 0.04156 0.41831 1.45508 30 29 1 24 14
2572 4686 10.71264 3.08337 30.74589 176.66375 6 2 1 2 2
97 5378 11.99398 3.12519 7.67863 9.85800 9 0 0 9 7
1947 5320 11.05873 2.74457 1.33235 1.76591 18 0 1 10 8
610 4970 11.35571 3.12428 1.25925 1.95044 29 3 0 20 15
2340 3950 11.63911 2.28591 1.13843 1.98741 30 1 0 24 15
4168 5099 11.64545 0.61028 0.21340 1.82435 66 24 11 61 29
4058 5007 10.84930 0.01445 0.17542 0.27554 35 32 2 25 16
2174 5107 10.02640 3.08997 1.03975 1.54662 71 26 15 64 26
544 4094 10.20710 3.12869 1.35757 3.40996 9 0 1 7 4
437 5144 11.77698 3.00304 0.78333 1.83355 20 14 4 20 7
2493 4778 11.12138 3.11368 0.93831 1.97437 33 27 0 33 11
2427 3891 11.61145 3.12966 1.99974 1.92051 49 30 12 44 14
2355 3931 11.53232 2.54781 1.03542 1.16163 23 5 0 23 13
650 3998 11.78803 2.91330 0.94864 1.74226 19 4 5 17 4
1680 3388 11.48121 0.97328 0.91975 1.76236 96 11 1 91 43
841 3785 11.07551 3.09259 1.79659 2.23143 14 0 0 9 8
2172 5113 11.52031 3.11062 0.80657 0.93920 43 9 2 30 19
2250 4062 11.78848 3.13045 2.05033 1.59373 14 0 0 10 6
2526 3783 10.31615 3.13565 0.79291 2.46434 9 2 1 6 5
778 2458 10.79463 0.02716 0.37801 0.55673 46 34 5 38 28
3596 4535 10.11508 0.09803 0.14901 1.11908 40 37 2 31 20
429 5150 10.65522 3.00195 0.63434 1.43531 19 10 3 10 5
2182 5092 11.76291 3.12019 0.90581 2.19695 30 12 5 26 8
2076 5190 11.97962 3.03250 5.06420 4.95820 9 0 0 6 5
4171 5108 11.75264 0.77976 0.69741 1.77564 65 14 0 65 37
2416 3900 10.24818 3.13990 1.29359 2.28448 35 13 2 27 12
3596 4561 10.82686 0.02832 0.56479 1.61228 47 34 5 42 21
663 4948 11.21786 2.65241 1.32620 3.19745 14 1 4 7 3
196 5351 11.16528 3.07223 1.00848 1.44428 35 8 5 31 16
1638 3280 11.84708 0.02932 0.60243 0.27268 42 33 9 42 24
2234 4100 10.59321 3.11914 1.42084 3.71425 20 1 0 16 8
3714 4658 11.05753 0.25151 0.51320 0.53376 27 21 3 20 11
1453 3101 10.51488 0.01896 0.26101 0.38765 33 13 19 21 5
613 4006 10.80174 3.13620 0.98907 1.41941 28 11 3 15 9
459 2172 10.93767 0.20373 0.33773 0.50822 71 66 4 63 47
674 3972 10.94729 2.84530 0.74346 1.98367 27 8 2 17 11
587 2287 11.72779 0.02617 0.34831 0.37742 47 31 16 43 25
206 1926 11.39087 0.56721 1.06992 0.77430 82 59 11 71 40
3876 4847 11.90419 0.00792 0.69758 0.49811 57 39 9 51 29
940 4629 11.60252 2.19801 0.98400 1.82177 78 59 12 59 20
531 2236 10.44393 0.01136 0.29037 0.41401 47 38 9 32 23
2332 4928 10.44883 2.51728 1.04810 1.88596 59 0 1 56 20
617 2316 10.64289 0.00780 0.82982 0.53814 56 37 7 49 30
4128 5070 11.75155 0.05453 0.27642 1.25554 28 23 4 19 15
4115 5059 11.25828 0.00781 0.33033 0.46478 21 17 4 18 9
2490 3826 10.80704 3.12297 1.65814 2.76272 20 5 0 12 7
687 2341 11.94929 0.71080 0.26272 1.21434 49 41 6 30 30
2070 5218 10.22833 3.08474 1.67250 1.36888 25 12 6 15 5
942 4632 11.85576 2.23617 0.33462 0.94045 57 46 4 46 26
461 4174 11.06802 2.00171 1.51267 2.17042 67 13 4 65 27
4071 5039 11.58759 0.05218 0.88051 0.92154 10 6 3 8 7
697 4909 11.46042 3.11627 0.74439 1.84631 5 2 0 5 3
592 4028 10.66870 3.12096 1.78693 1.72192 30 0 0 24 9
1553 3201 11.06317 0.02811 0.45066 0.46646 27 22 4 22 11
4153 5107 11.61201 0.35407 0.37490 0.65730 65 58 4 58 37
566 5013 10.95632 3.09711 1.54103 1.35422 29 0 0 23 9
677 2374 11.17772 0.39846 0.62062 0.82803 31 22 2 25 14
2430 4847 10.06805 3.12970 1.44994 1.80103 106 38 17 96 20
1021 2697 10.74601 0.00637 0.50984 0.43341 66 58 6 59 37
762 4843 10.68134 3.12868 0.69346 1.83227 52 27 5 41 24
697 3948 11.22365 3.10169 1.05063 2.10673 9 4 1 9 5
347 2069 10.25467 0.05346 0.39213 0.85547 28 16 6 21 8
639 2343 11.23128 0.59822 0.79068 1.53085 81 42 7 67 50
2577 3702 11.56777 2.89834 0.93217 1.65138 13 3 0 11 5
757 2420 10.30308 0.00808 0.32072 0.36477 66 54 12 62 27
761 4824 11.60918 3.12781 1.01214 2.88554 78 12 4 71 34
310 2037 11.00547 0.08125 0.28919 0.27124 36 34 2 32 23
1431 3074 11.13807 0.30732 0.76075 3.07600 8 6 0 1 2
905 4667 10.86729 3.05894 1.59014 2.72836 17 1 0 8 5
137 5378 11.90650 3.09767 0.43452 1.78224 22 16 2 20 14
4047 4996 11.62425 0.02259 0.27193 1.26424 60 57 3 53 31
2135 5132 10.26642 3.00705 1.13811 0.46897 13 4 0 9 5
2277 4031 11.83600 3.13328 0.86307 2.00037 40 1 6 35 21
468 4159 11.03084 2.53441 0.84581 1.07155 70 12 34 63 22
1480 3131 11.43637 0.03320 0.34964 0.25023 57 57 0 48 36
2214 4103 10.80985 3.08739 1.99680 3.40571 29 1 0 20 9
4160 5108 10.66491 0.48043 0.50476 0.81661 66 45 6 60 31
3718 4684 10.02011 0.03842 0.75919 0.75069 47 42 3 42 34
634 4945 11.14350 2.87061 0.93816 2.62331 29 8 10 23 5
788 4816 10.05842 3.11728 0.60054 2.60339 40 31 3 25 15
8 159 10.90026 0.22630 5.70031 6.17165 22 0 0 19 15
486 5098 10.34994 3.03570 0.59895 2.01907 36 25 3 32 9
2177 5097 11.62230 3.06622 1.09576 1.94963 36 2 4 31 16
494 4157 11.60848 2.97025 1.13108 1.54662 34 6 6 26 12
2357 4893 10.46996 2.60736 0.86427 1.50246 34 8 2 28 13
1613 3255 11.98887 0.02737 0.60584 0.84765 52 36 14 50 33
734 3888 11.81277 3.12974 1.21217 1.53033 27 0 8 19 4
257 5284 11.46593 2.95364 1.81172 4.31811 11 3 0 6 2
692 2349 10.51250 0.52118 0.42713 1.30566 57 51 3 55 40
2563 3720 11.41264 3.13139 1.23143 2.14886 25 1 5 19 12
824 3804 11.44454 3.07048 1.26608 2.25516 16 1 1 10 3
2182 4176 10.18623 2.29928 0.90213 2.15377 60 24 8 49 17
3705 4674 11.76040 0.23167 0.55471 0.92450 35 29 5 31 17
2195 4152 11.36919 3.03954 1.46858 1.84356 21 5 6 13 7
940 4638 10.44231 2.35295 0.72040 1.49227 45 37 2 41 24
634 3981 11.78940 2.81591 1.27781 2.67254 17 1 0 9 6
1 161 11.92404 0.22584 5.75625 6.51734 18 0 0 12 10
1457 3136 11.46753 0.06903 0.33584 1.12813 32 26 1 23 16
2541 3748 10.85111 3.07535 1.75527 0.96995 27 0 0 21 12
906 4666 10.64531 3.03913 1.60843 3.41363 15 0 0 4 2
1626 3269 10.47484 0.02782 0.54078 0.51738 66 40 26 66 33
2422 4856 10.96830 3.13239 0.76896 1.63996 28 10 12 24 8
153 5375 11.47355 2.95406 0.69992 1.28359 13 7 2 5 7
670 2369 11.19629 0.49906 0.22663 0.95940 64 58 4 57 47
3733 4679 10.39465 0.03934 0.23607 0.50513 43 39 4 30 22
1396 3081 11.00135 0.55455 0.84809 0.39067 46 32 6 41 21
3958 4939 10.66157 0.69696 0.52349 0.47642 57 42 8 55 24
2529 3762 10.92583 3.09764 1.74786 2.81411 43 1 0 39 20
796 4809 11.59035 3.10642 0.67522 2.81244 21 12 2 16 9
461 4184 11.81846 1.68117 0.60432 2.42220 53 17 0 50 17
541 2226 11.49723 0.02005 1.01668 3.43627 10 3 0 1 4
802 4802 10.86504 3.10626 0.46559 1.27595 43 23 6 28 15
700 3945 11.49248 3.11606 0.87096 3.74146 6 2 0 4 1
3652 4597 10.41791 0.03204 0.70449 1.70686 101 95 4 94 46
1295 2970 11.17072 0.01139 0.63230 0.43160 45 38 6 39 21
179 5351 10.79003 3.06699 0.93300 1.72873 28 5 4 22 8
1054 2731 11.99553 0.00913 0.41271 0.63612 28 26 2 24 17
3658 4603 10.67150 0.02717 0.37222 0.84163 91 87 3 87 61
400 2118 10.44191 0.16050 0.70529 0.27411 41 26 7 32 25
2347 4944 11.84810 2.67898 1.64734 2.07358 22 3 5 15 7
2308 4957 11.53459 3.08270 1.36782 2.12191 46 17 3 41 25
1053 2731 10.83645 0.01043 0.32472 0.59872 42 37 3 40 23
887 3752 10.21932 3.08382 0.48183 2.04143 39 25 4 37 19
1477 3128 11.03882 0.01932 0.59136 0.34718 39 27 4 39 23
313 5258 10.32121 3.10810 21.22320 38.21773 10 0 0 3 0
3677 4623 10.12217 0.15192 0.29845 0.88514 110 101 7 108 79
2572 4687 11.84642 3.08366 26.35192 140.45437 5 0 0 1 1
314 2018 10.77043 0.08374 0.39728 0.74494 40 29 1 28 18
817 4786 11.00763 3.09832 0.92262 1.47379 40 18 7 17 7
1949 5317 10.78087 2.75912 1.48336 1.73416 18 0 0 14 7
1389 3031 11.51288 0.55584 0.61307 0.53229 92 75 4 92 60
5426 5536 10.62562 0.00675 0.33466 0.41307 50 49 1 41 35
723 3920 11.65564 3.13268 0.59831 2.41330 12 9 1 7 6
1285 2934 11.92193 0.01450 0.57561 0.53082 46 33 11 40 25
600 2277 11.91047 0.01061 0.24331 0.74651 56 48 6 47 29
618 2292 11.68035 0.01462 0.46533 0.76361 50 45 5 45 35
224 1937 11.76984 0.37191 0.60531 0.19782 63 47 15 59 31
270 5294 10.66483 3.11474 0.79035 0.78534 14 6 0 9 5
944 3672 11.28042 2.26879 0.39697 1.37259 120 114 5 118 62
656 4955 11.70043 2.78651 1.59168 2.44344 26 3 8 22 9
667 4904 11.18733 2.38016 1.10458 2.74295 16 2 0 8 1
2438 3861 11.49946 3.13012 3.62876 2.90232 76 0 21 72 43
2043 5246 11.85717 3.05463 0.56544 1.31343 41 18 10 34 14
409 2105 11.49739 0.10281 0.76319 0.35166 27 15 10 19 14
684 2338 11.82251 0.76163 0.44744 1.13643 50 36 3 39 24
1993 5270 11.50930 2.92640 1.69693 7.84578 9 5 0 5 4
1439 3119 11.31318 0.05056 0.35967 0.57335 16 12 3 11 4
539 4100 11.09622 3.12502 1.40402 3.90926 16 0 0 10 5
2353 4932 10.61107 2.91770 0.75325 1.01375 19 4 8 17 6
677 3969 11.13485 2.89401 1.10046 2.00662 19 5 2 14 8
3651 4621 11.06482 0.03315 0.57265 1.84207 65 51 9 65 19
590 4992 10.14524 3.12284 1.26246 2.25082 24 11 4 17 11
