136 5376 11.92129 3.12279 1.18053 2.11081 21 0 0 16 11 177 100.00000 0
788 3842 10.74027 3.10179 1.34010 2.64930 39 0 0 39 17 576 100.00000 0
3639 4606 10.30963 0.03521 0.18184 1.11206 41 0 2 38 23 504 100.00000 0
243 1953 11.63800 0.24712 0.47550 0.72954 47 0 2 44 29 427 100.00000 0
2004 5259 11.67707 2.98746 1.77976 0.95162 25 0 0 14 17 280 100.00000 0
2145 5124 10.08740 2.92687 1.21323 1.02374 32 0 0 20 15 299 100.00000 0
1550 3198 11.41989 0.02848 0.57614 0.66323 25 0 1 17 10 467 100.00000 0
2533 4712 11.80353 3.12994 1.44301 2.20371 31 0 0 27 18 428 100.00000 0
833 2494 10.30965 0.05381 0.38142 0.60133 46 0 0 40 27 472 100.00000 0
1007 2700 10.46347 0.00817 0.52993 0.79770 67 0 1 62 46 517 100.00000 0
615 4004 10.56244 3.14075 1.27832 1.33911 28 0 0 24 16 396 100.00000 0
1661 3312 11.31256 0.10250 0.42202 1.56673 73 2 1 65 40 709 100.00000 0
403 2100 11.47804 0.09983 0.54972 0.82614 31 1 2 27 17 458 100.00000 0
1534 3208 11.67620 0.03358 0.10346 0.47230 43 2 4 38 23 565 100.00000 0
550 5029 10.41016 3.09732 1.06144 2.20318 17 0 0 17 12 210 100.00000 0
2390 4890 11.60265 3.13811 0.85071 6.83753 15 0 0 8 9 295 100.00000 0
743 4861 10.88555 3.13681 0.83964 1.67818 22 1 0 10 6 410 100.00000 0
3813 4777 10.23002 0.03804 0.42139 1.07009 59 3 6 52 43 644 100.00000 0
654 4922 10.28362 2.40536 0.97442 2.06279 112 1 0 100 78 578 100.00000 0
446 5121 10.31008 2.89163 1.09288 0.93712 39 0 0 39 16 292 100.00000 0
2044 5244 10.66355 3.06308 0.90081 1.47751 36 0 0 23 23 425 100.00000 0
1946 5329 11.74434 2.73203 0.98802 1.07992 83 0 0 79 63 236 100.00000 0
2489 4763 11.74640 3.07237 1.26296 1.73167 27 0 0 25 15 373 100.00000 0
2104 5181 10.10429 3.05098 0.54940 2.08582 25 0 1 18 16 350 100.00000 0
895 3724 11.70746 3.12927 1.23209 2.73566 11 0 0 11 6 286 100.00000 0
438 2153 11.04805 0.07786 0.26499 0.55320 57 2 5 41 32 391 100.00000 0
1000 2693 10.87926 0.02734 0.50932 0.84023 25 0 1 23 17 435 100.00000 0
560 2244 10.34940 0.03513 0.33680 1.05721 14 0 0 10 9 181 100.00000 0
675 3936 10.04436 2.55379 1.17561 1.28846 85 0 0 81 71 475 100.00000 0
2515 4752 11.43473 3.11735 0.70590 1.50063 25 0 0 23 13 383 100.00000 0
3708 4652 11.12419 0.34071 0.36681 1.44996 36 5 11 28 29 312 100.00000 0
569 5026 10.00868 3.08333 1.20163 1.51543 30 0 0 28 24 232 100.00000 0
674 2373 11.86279 0.45703 0.50866 0.50435 17 0 1 12 7 352 100.00000 0
678 3930 11.71887 2.60869 1.12852 1.42601 33 0 0 27 19 369 100.00000 0
2382 3936 10.91116 3.11171 0.98464 2.24420 26 0 0 26 15 362 100.00000 0
925 2581 11.68842 0.04156 0.23775 1.87868 27 3 3 22 13 298 100.00000 0
2572 4686 10.71264 3.08337 0.85807 1.87764 12 0 0 9 10 349 100.00000 0
1947 5320 11.05873 2.74457 1.19320 1.75055 89 0 0 86 63 335 100.00000 0
610 4970 11.35571 3.12428 1.44529 1.97477 40 0 0 36 26 454 100.00000 0
2340 3950 11.63911 2.28591 0.79182 1.48622 56 0 0 49 38 391 100.00000 0
4168 5099 11.64545 0.61028 0.47170 2.37735 10 0 0 10 7 141 100.00000 0
4058 5007 10.84930 0.01445 0.36154 0.50358 45 0 4 40 29 438 100.00000 0
2174 5107 10.02640 3.08997 0.99420 1.87764 15 0 0 13 9 166 100.00000 0
544 4094 10.20710 3.12869 1.36362 3.41099 38 0 0 38 29 320 100.00000 0
437 5144 11.77698 3.00304 0.75129 1.73619 30 0 1 30 18 319 100.00000 0
2493 4778 11.12138 3.11368 1.04715 1.87930 54 0 0 42 27 464 100.00000 0
2427 3891 11.61145 3.12966 0.84909 1.92234 54 0 0 47 25 458 100.00000 0
2355 3931 11.53232 2.54781 1.15537 1.21208 29 0 0 25 14 360 100.00000 0
650 3998 11.78803 2.91330 0.95745 1.54712 19 0 0 13 7 339 100.00000 0
1680 3388 11.48121 0.97328 0.77582 1.53315 30 0 1 28 13 226 100.00000 0
841 3785 11.07551 3.09259 1.19919 1.22493 41 0 0 35 28 466 100.00000 0
2172 5113 11.52031 3.11062 1.10013 1.17636 19 0 0 11 9 172 100.00000 0
2250 4062 11.78848 3.13045 1.80150 1.59446 17 0 0 15 14 242 100.00000 0
2526 3783 10.31615 3.13565 0.86784 2.82203 18 1 0 16 10 361 100.00000 0
778 2458 10.79463 0.02716 0.42152 0.74913 43 0 7 36 29 935 100.00000 0
3596 4535 10.11508 0.09803 0.32397 1.08028 40 7 6 36 28 342 100.00000 0
2182 5092 11.76291 3.12019 1.06948 2.73867 15 0 0 10 10 187 100.00000 0
2076 5190 11.97962 3.03250 1.62428 1.48648 23 0 0 19 13 370 100.00000 0
4171 5108 11.75264 0.77976 0.73180 3.46871 10 0 0 10 7 144 100.00000 0
2416 3900 10.24818 3.13990 1.29064 1.92437 19 0 0 11 3 367 100.00000 0
3596 4561 10.82686 0.02832 0.74109 1.63805 33 1 1 31 14 313 100.00000 0
663 4948 11.21786 2.65241 0.17787 3.08502 22 3 3 22 15 254 100.00000 0
196 5351 11.16528 3.07223 0.81951 1.50402 44 2 4 38 28 263 100.00000 0
1638 3280 11.84708 0.02932 0.46493 0.45024 28 0 4 23 20 260 100.00000 0
2234 4100 10.59321 3.11914 0.50794 3.76910 13 0 0 11 4 263 100.00000 0
3714 4658 11.05753 0.25151 0.43389 1.22621 20 4 1 14 12 278 100.00000 0
613 4006 10.80174 3.13620 1.44357 1.45455 33 0 0 31 20 465 100.00000 0
459 2172 10.93767 0.20373 0.44019 0.49968 18 0 1 16 9 244 100.00000 0
674 3972 10.94729 2.84530 0.56675 2.52414 13 0 0 13 10 126 100.00000 0
206 1926 11.39087 0.56721 0.60737 0.90741 45 0 0 42 32 277 100.00000 0
3876 4847 11.90419 0.00792 0.77413 0.71655 88 1 3 86 53 701 100.00000 0
940 4629 11.60252 2.19801 0.28612 1.25367 11 2 1 8 6 304 100.00000 0
531 2236 10.44393 0.01136 0.39247 1.49829 43 2 2 43 31 344 100.00000 0
2332 4928 10.44883 2.51728 0.96742 2.33498 88 0 0 82 42 516 100.00000 0
4128 5070 11.75155 0.05453 0.25908 1.16835 17 0 1 17 14 256 100.00000 0
4115 5059 11.25828 0.00781 0.33512 0.30390 24 1 3 20 20 290 100.00000 0
2490 3826 10.80704 3.12297 0.74073 1.96603 34 0 0 34 19 477 100.00000 0
687 2341 11.94929 0.71080 0.41986 1.26980 42 0 4 35 27 311 100.00000 0
2070 5218 10.22833 3.08474 0.87112 1.33823 32 0 0 20 15 275 100.00000 0
942 4632 11.85576 2.23617 0.42920 0.93879 8 0 0 3 3 255 100.00000 0
461 4174 11.06802 2.00171 0.83852 1.78224 14 0 0 9 5 174 100.00000 0
4071 5039 11.58759 0.05218 0.69829 0.98834 25 0 6 25 20 253 100.00000 0
697 4909 11.46042 3.11627 0.55001 1.54180 41 1 1 39 28 406 100.00000 0
592 4028 10.66870 3.12096 1.68905 1.72714 47 0 0 44 29 502 100.00000 0
4153 5107 11.61201 0.35407 0.34963 1.24710 15 1 0 15 8 241 100.00000 0
677 2374 11.17772 0.39846 0.44199 0.91129 20 0 2 20 13 381 100.00000 0
2430 4847 10.06805 3.12970 0.65058 1.78443 92 0 0 83 41 829 100.00000 0
1021 2697 10.74601 0.00637 0.51655 0.83977 44 2 2 41 33 399 100.00000 0
762 4843 10.68134 3.12868 0.79199 1.81704 105 0 0 103 41 920 100.00000 0
697 3948 11.22365 3.10169 0.40978 1.70272 29 1 0 27 19 374 100.00000 0
347 2069 10.25467 0.05346 0.30066 0.31153 83 1 7 74 55 518 100.00000 0
639 2343 11.23128 0.59822 0.62929 1.34407 21 1 2 17 11 371 100.00000 0
2577 3702 11.56777 2.89834 0.80863 0.80015 15 0 0 15 10 277 100.00000 0
757 2420 10.30308 0.00808 0.58219 0.54823 63 1 10 59 31 873 100.00000 0
761 4824 11.60918 3.12781 1.04312 3.03151 66 0 1 50 22 670 100.00000 0
310 2037 11.00547 0.08125 0.25531 0.23739 45 4 2 42 22 699 100.00000 0
1431 3074 11.13807 0.30732 0.49385 1.07666 42 1 7 40 23 399 100.00000 0
905 4667 10.86729 3.05894 1.82708 2.72735 10 0 0 2 3 252 100.00000 0
137 5378 11.90650 3.09767 0.42249 0.71382 15 0 1 9 9 138 100.00000 0
4047 4996 11.62425 0.02259 0.35074 1.57495 40 0 1 36 28 330 100.00000 0
2135 5132 10.26642 3.00705 1.26264 1.11452 31 0 0 25 16 287 100.00000 0
2277 4031 11.83600 3.13328 1.20661 1.89010 30 0 1 25 15 353 100.00000 0
468 4159 11.03084 2.53441 0.75076 3.23289 9 0 0 6 3 208 100.00000 0
1480 3131 11.43637 0.03320 0.47923 0.34378 103 1 12 88 64 1664 100.00000 0
2214 4103 10.80985 3.08739 1.78869 3.40548 27 0 0 22 16 312 100.00000 0
4160 5108 10.66491 0.48043 0.66969 2.17042 35 5 2 33 24 245 100.00000 0
634 4945 11.14350 2.87061 1.35143 2.63388 62 0 0 58 28 484 100.00000 0
788 4816 10.05842 3.11728 1.00652 2.58831 58 0 0 50 25 589 100.00000 0
486 5098 10.34994 3.03570 1.17032 2.02739 19 1 0 15 9 196 100.00000 0
2177 5097 11.62230 3.06622 1.43861 2.30970 28 0 0 25 13 218 100.00000 0
494 4157 11.60848 2.97025 0.56580 1.80602 16 0 0 13 10 150 100.00000 0
2357 4893 10.46996 2.60736 0.97528 0.73382 40 0 0 38 26 406 100.00000 0
1613 3255 11.98887 0.02737 0.70293 0.80746 24 0 2 20 15 396 100.00000 0
734 3888 11.81277 3.12974 1.23293 1.63063 54 0 0 48 23 594 100.00000 0
257 5284 11.46593 2.95364 1.23897 1.19681 29 0 0 19 17 415 100.00000 0
692 2349 10.51250 0.52118 0.36629 1.73325 36 0 2 34 26 391 100.00000 0
2563 3720 11.41264 3.13139 1.31597 1.87116 24 0 0 20 13 238 100.00000 0
824 3804 11.44454 3.07048 1.33367 2.25012 74 0 0 71 44 475 100.00000 0
2182 4176 10.18623 2.29928 0.67968 2.37108 10 0 0 10 4 150 100.00000 0
3705 4674 11.76040 0.23167 0.67133 2.11563 11 1 0 11 5 289 100.00000 0
2195 4152 11.36919 3.03954 0.46314 2.04794 21 1 1 21 11 164 100.00000 0
940 4638 10.44231 2.35295 0.60949 1.69212 17 0 0 14 11 298 100.00000 0
634 3981 11.78940 2.81591 0.96609 8.25635 34 3 2 12 9 377 100.00000 0
1457 3136 11.46753 0.06903 0.53584 0.99268 57 1 5 46 35 717 100.00000 0
2541 3748 10.85111 3.07535 1.18768 1.14329 34 0 0 32 16 466 100.00000 0
906 4666 10.64531 3.03913 0.93407 3.70687 11 0 0 11 7 289 100.00000 0
1626 3269 10.47484 0.02782 0.59213 0.46646 20 0 4 18 12 339 100.00000 0
2422 4856 10.96830 3.13239 1.20181 1.64449 25 0 0 21 8 346 100.00000 0
153 5375 11.47355 2.95406 0.41851 1.41056 9 0 1 9 4 89 100.00000 0
670 2369 11.19629 0.49906 0.33353 0.88027 43 0 4 43 24 335 100.00000 0
3733 4679 10.39465 0.03934 0.27295 0.98636 21 2 5 19 10 482 100.00000 0
1396 3081 11.00135 0.55455 0.50793 0.45542 71 0 1 62 34 528 100.00000 0
3958 4939 10.66157 0.69696 0.56160 0.46814 22 0 2 18 10 288 100.00000 0
2529 3762 10.92583 3.09764 1.45239 2.21099 22 0 0 13 4 387 100.00000 0
796 4809 11.59035 3.10642 0.38722 2.17996 25 0 1 20 11 589 100.00000 0
461 4184 11.81846 1.68117 0.78579 1.02793 16 0 1 12 10 183 100.00000 0
541 2226 11.49723 0.02005 0.37823 1.30416 27 1 3 27 17 311 100.00000 0
802 4802 10.86504 3.10626 0.65462 1.55091 28 0 0 28 16 587 100.00000 0
700 3945 11.49248 3.11606 0.40343 1.82220 15 0 0 13 9 403 100.00000 0
3652 4597 10.41791 0.03204 0.59655 1.72510 42 3 4 34 24 458 100.00000 0
1295 2970 11.17072 0.01139 0.62117 0.47806 38 0 1 10 17 554 100.00000 0
179 5351 10.79003 3.06699 0.40390 1.90002 66 0 0 60 39 394 100.00000 0
1054 2731 11.99553 0.00913 0.37789 0.47313 38 2 2 34 23 539 100.00000 0
3658 4603 10.67150 0.02717 0.47919 0.79770 46 3 5 44 33 446 100.00000 0
400 2118 10.44191 0.16050 0.54477 1.10818 35 0 4 35 25 559 100.00000 0
2308 4957 11.53459 3.08270 0.90281 2.11211 57 0 0 51 20 584 100.00000 0
1053 2731 10.83645 0.01043 0.39168 0.60523 87 3 6 85 61 667 100.00000 0
887 3752 10.21932 3.08382 0.62000 1.80320 17 1 0 15 11 387 100.00000 0
1477 3128 11.03882 0.01932 0.65451 0.30901 79 0 0 75 54 1243 100.00000 0
313 5258 10.32121 3.10810 0.95644 3.25582 16 0 0 2 7 209 100.00000 0
3677 4623 10.12217 0.15192 0.41939 1.12952 36 0 5 32 19 329 100.00000 0
314 2018 10.77043 0.08374 0.21670 0.39366 53 3 9 35 30 833 100.00000 0
817 4786 11.00763 3.09832 0.46179 3.47525 26 0 1 19 12 384 100.00000 0
1949 5317 10.78087 2.75912 1.18223 1.77123 77 0 0 70 46 373 100.00000 0
1389 3031 11.51288 0.55584 0.22167 0.49258 90 7 22 84 49 590 100.00000 0
5426 5536 10.62562 0.00675 0.35548 1.42601 41 1 4 28 21 756 100.00000 0
723 3920 11.65564 3.13268 0.79090 2.17403 38 0 0 34 20 512 100.00000 0
1285 2934 11.92193 0.01450 0.69740 0.57471 68 0 1 68 39 531 100.00000 0
600 2277 11.91047 0.01061 0.75739 2.49936 19 0 1 4 5 408 100.00000 0
224 1937 11.76984 0.37191 0.26931 0.57335 27 0 2 24 15 284 100.00000 0
270 5294 10.66483 3.11474 0.81756 0.87492 35 0 0 22 20 303 100.00000 0
944 3672 11.28042 2.26879 0.90725 1.28451 9 0 0 3 4 307 100.00000 0
656 4955 11.70043 2.78651 0.51942 2.66036 46 1 0 40 13 338 100.00000 0
667 4904 11.18733 2.38016 1.04501 1.32707 74 0 0 74 57 483 100.00000 0
2438 3861 11.49946 3.13012 1.56530 2.84551 76 0 0 72 42 657 100.00000 0
2043 5246 11.85717 3.05463 0.98201 1.28786 23 0 0 16 10 384 100.00000 0
684 2338 11.82251 0.76163 0.46131 1.82906 21 0 3 18 16 254 100.00000 0
1993 5270 11.50930 2.92640 0.94453 1.93917 42 0 1 35 22 537 100.00000 0
539 4100 11.09622 3.12502 1.59334 4.31557 19 0 0 10 9 251 100.00000 0
2353 4932 10.61107 2.91770 0.50174 1.04080 22 0 1 18 16 153 100.00000 0
677 3969 11.13485 2.89401 0.98540 7.49494 31 8 3 26 22 167 100.00000 0
3651 4621 11.06482 0.03315 0.57708 1.96344 21 0 1 17 12 444 100.00000 0
590 4992 10.14524 3.12284 1.07214 2.57831 49 0 1 43 27 409 100.00000 0
