352 4110 10.52336 0.01361 24.38151 0.77329 6 3 1 2 3 111 100.00000 0
7046 7203 11.24229 0.02743 25.83824 1.56848 5 0 0 3 3 46 100.00000 0
3265 6154 10.01053 0.00986 7.91119 7.15908 8 0 0 5 5 155 100.00000 0
3679 7107 10.26745 0.11951 11.57799 4.55956 6 0 0 4 2 58 100.00000 0
531 976 11.26895 0.00154 8.53463 nan 11 0 0 5 6 242 100.00000 0
7754 7810 11.31788 0.72617 4.26049 3.09250 4 0 0 4 1 91 100.00000 0
3018 5736 10.49427 0.04344 3.04293 1.84101 9 0 0 3 2 220 100.00000 0
2471 5270 11.33786 0.30847 12.94126 16.40067 5 0 0 1 3 49 100.00000 0
1358 4519 11.79033 0.00498 11.04583 19.14572 6 0 0 2 3 120 100.00000 0
734 4172 10.02836 0.01118 2.93673 3.35626 13 0 2 9 4 308 100.00000 0
3660 6675 11.15628 0.00375 12.82467 17.94398 4 0 0 4 2 53 100.00000 0
6806 7202 10.99288 0.02735 15.85821 33.80228 6 0 0 1 3 62 100.00000 0
1949 5079 10.80691 0.00882 11.28815 1.63087 9 0 0 2 5 50 100.00000 0
2424 5270 11.33786 0.30847 4.22087 10.56859 5 0 0 0 1 38 100.00000 0
3645 6593 11.70663 0.00345 17.68468 0.20558 3 0 0 3 3 11 100.00000 0
497 976 11.26895 0.00154 4.28805 34.45777 8 0 0 2 1 200 100.00000 0
6603 6850 11.74586 0.00594 22.00549 0.34943 7 0 0 3 5 63 100.00000 0
2843 5563 11.77477 0.05659 8.17039 1.51414 9 0 0 6 4 263 100.00000 0
3559 6480 11.23116 0.01288 11.80875 19.35055 13 0 0 4 8 127 100.00000 0
6614 7182 10.97805 0.01904 13.71330 19.81348 15 0 0 10 13 79 100.00000 0
1591 4756 11.77052 0.01505 5.17948 0.86683 8 0 0 1 2 167 100.00000 0
1033 4214 11.50809 0.00802 6.06846 0.46309 8 0 0 4 2 140 100.00000 0
2751 5491 11.95889 0.01155 11.05850 2.56277 23 0 0 16 14 355 100.00000 0
1497 4649 10.80174 0.00434 12.94642 10.05622 7 0 0 4 3 162 100.00000 0
3246 6020 10.39814 0.01340 11.16660 21.12669 9 0 0 6 3 181 100.00000 0
2472 2581 11.22698 0.77641 2.62292 8.28717 6 0 0 0 2 51 100.00000 0
1659 4807 10.85102 0.00775 14.67226 1.27779 12 0 0 10 10 93 100.00000 0
2171 2470 11.86999 0.30255 22.77678 85.16487 6 0 0 1 3 48 100.00000 0
3535 6455 10.86530 0.03133 22.44273 1.79231 4 0 0 1 2 44 100.00000 0
3153 5872 11.09845 0.04461 7.95538 0.53814 8 0 0 5 3 144 100.00000 0
7104 7204 11.73924 0.02765 7.22626 7.38278 4 0 0 4 3 50 100.00000 0
2171 2366 11.86999 0.30255 3.04836 4.23161 4 0 0 0 2 34 100.00000 0
3526 6446 10.51057 0.03046 7.89182 1.66130 5 0 0 2 3 35 100.00000 0
2476 5321 10.45620 0.77092 2.55692 2.95433 6 2 2 3 2 59 100.00000 0
3231 6009 10.25562 0.04391 9.25531 17.13956 13 1 1 2 4 224 100.00000 0
733 979 11.51780 0.00406 4.66746 12.74620 6 0 0 2 3 117 100.00000 0
2281 5312 11.91985 0.68669 10.73320 39.34424 8 0 0 0 1 58 100.00000 0
165 3828 10.68290 0.01326 4.02590 0.76002 9 1 1 4 2 223 100.00000 0
1759 4933 10.45872 0.70154 2.86671 14.35958 7 3 1 4 4 36 100.00000 0
6927 7202 10.99288 0.02735 4.92545 2.95579 7 0 0 5 4 50 100.00000 0
3651 6604 10.22634 0.00689 18.12022 0.40734 6 0 0 4 3 34 100.00000 0
2317 5270 10.63578 0.26030 9.04598 14.91413 6 0 0 0 0 62 100.00000 0
2495 5320 10.24209 0.74014 11.44995 27.22968 5 0 0 2 1 59 100.00000 0
6603 6748 11.74586 0.00594 2.35800 10.69726 6 0 0 2 2 47 100.00000 0
346 608 11.50244 0.00580 2.24514 3.51491 11 0 2 9 4 143 100.00000 0
1835 4974 10.05173 0.03954 4.84567 16.68976 9 0 0 7 4 63 100.00000 0
6668 7203 11.24229 0.02743 12.43335 6.29731 4 0 0 2 3 59 100.00000 0
2719 5443 11.29588 0.01172 10.62542 0.50822 19 0 0 19 14 392 100.00000 0
2488 5323 11.68318 0.82280 60.33439 47.14282 4 0 0 4 3 45 100.00000 0
1658 4806 10.82079 0.00786 8.46255 0.35936 11 0 0 11 10 127 100.00000 0
1915 5045 11.31781 0.00580 2.10395 0.71217 6 0 0 4 4 32 100.00000 0
5975 6038 11.10028 0.00458 8.98684 11.98517 16 0 0 6 6 240 100.00000 0
2171 2500 11.86999 0.30255 7.27187 3.56095 5 0 0 3 0 44 100.00000 0
3694 7205 10.66241 0.46041 6.13669 6.73918 5 0 0 0 1 92 100.00000 0
3660 6714 11.15628 0.00375 9.87583 60.72370 4 1 1 4 2 30 100.00000 0
2455 5269 11.68981 0.30783 3.11626 17.63739 7 0 0 7 2 38 100.00000 0
6786 7201 10.24214 0.02731 11.20716 0.33572 7 0 0 4 2 72 100.00000 0
1864 4978 11.72648 0.00625 6.56625 0.34718 7 0 0 4 5 89 100.00000 0
2178 2503 10.26950 0.29786 6.28422 1.76968 5 0 0 0 3 40 100.00000 0
3679 6849 10.26745 0.11951 2.30296 6.84791 8 0 0 4 4 86 100.00000 0
2052 5187 10.74936 0.02658 9.01389 2.46530 17 0 0 11 13 92 100.00000 0
111 3795 10.50595 0.01434 10.77255 4.56815 10 0 0 5 5 244 100.00000 0
460 4173 11.79777 0.00987 4.52950 8.96147 10 0 0 5 4 225 100.00000 0
2177 2412 10.26875 0.29874 14.61714 17.11632 5 0 0 2 2 55 100.00000 0
3680 6856 10.97298 0.13900 7.41777 7.96462 5 0 0 1 2 70 100.00000 0
4116 4174 10.00670 0.00664 8.32853 9.57384 7 3 0 1 3 99 100.00000 0
5977 6036 10.10704 0.00608 7.92506 2.86088 8 0 0 2 4 138 100.00000 0
2172 2464 11.68279 0.30204 13.88695 17.30542 6 0 0 0 1 38 100.00000 0
812 978 10.77040 0.00229 18.13014 0.15323 13 0 0 9 9 229 100.00000 0
5990 6111 10.58967 0.01334 7.32272 6.71446 13 0 0 10 6 205 100.00000 0
2511 2583 11.93117 0.82358 21.98020 47.18743 4 0 0 0 2 42 100.00000 0
1067 4264 11.51297 0.00305 16.53627 0.18131 11 0 0 3 3 218 100.00000 0
6050 6125 10.89225 0.00919 12.20557 2.69719 12 0 0 5 5 227 100.00000 0
1359 4520 11.54538 0.00724 12.92470 2.37586 9 0 0 9 5 150 100.00000 0
6603 6675 11.74586 0.00594 12.34294 20.01850 6 0 0 6 4 47 100.00000 0
848 3984 10.74879 0.01016 15.68272 173.70748 6 0 0 1 0 146 100.00000 0
2328 5272 10.63939 0.30767 5.95528 11.02162 5 0 0 2 2 21 100.00000 0
1590 4754 10.06641 0.01400 12.82749 0.80357 7 0 0 4 3 139 100.00000 0
7149 7203 11.24229 0.02743 6.54670 10.70885 6 0 0 1 3 79 100.00000 0
2312 5320 11.43827 0.82385 5.17735 14.08946 4 0 0 4 3 61 100.00000 0
2176 2437 10.80393 0.29947 4.41224 7.99630 9 0 0 2 2 58 100.00000 0
7112 7202 10.99288 0.02735 22.87033 1.56573 9 0 0 6 6 78 100.00000 0
1553 4703 11.01707 0.02319 15.82987 1.32589 5 0 0 0 1 99 100.00000 0
2770 5509 11.06598 0.01245 11.06642 1.31433 21 0 0 13 11 342 100.00000 0
2335 2582 11.44621 0.80088 3.35535 4.29747 5 2 1 5 1 45 100.00000 0
2815 5536 11.68125 0.04535 14.37196 2.59872 9 0 0 6 3 383 100.00000 0
2359 5321 10.45620 0.77092 41.09395 44.17052 4 0 0 0 2 44 100.00000 0
925 976 10.00929 0.00120 4.95485 0.08847 13 0 0 2 5 286 100.00000 0
2337 5323 11.68318 0.82280 10.94992 19.50577 5 0 0 0 1 41 100.00000 0
1942 5057 10.01155 0.01166 8.15850 2.97058 7 0 0 7 5 52 100.00000 0
6605 7012 10.99721 0.00661 2.59998 9.17965 5 0 0 1 1 54 100.00000 0
2535 5271 11.68632 0.33918 9.21090 19.43378 5 0 0 2 2 33 100.00000 0
6731 7202 10.99288 0.02735 7.23128 1.56573 5 0 0 1 3 59 100.00000 0
1927 5040 11.80408 0.00990 14.01575 1.49619 7 0 0 2 3 58 100.00000 0
3660 6661 11.15628 0.00375 12.38956 42.49343 5 0 0 5 2 78 100.00000 0
6609 7175 11.22994 0.01664 8.52124 3.32449 11 0 0 5 4 67 100.00000 0
2156 2283 11.71973 0.09620 13.71168 32.67887 4 0 1 1 2 29 100.00000 0
6613 7181 10.97893 0.01845 11.73021 0.83039 6 0 0 3 4 64 100.00000 0
3477 6402 11.29745 0.04273 7.36403 7.74821 4 0 0 0 0 24 100.00000 0
6605 6975 10.99721 0.00661 9.72109 3.60109 11 0 0 7 7 69 100.00000 0
458 4173 11.79777 0.00987 2.18638 6.76619 12 0 0 1 3 215 100.00000 0
1793 4951 11.30203 0.21655 17.43728 12.40750 3 1 0 3 2 19 100.00000 0
3680 6994 10.97298 0.13900 6.18069 7.96462 4 0 0 1 2 54 100.00000 0
350 743 10.50898 0.00703 4.04653 6.32372 9 0 0 5 0 169 100.00000 0
2422 5320 10.24209 0.74014 6.94005 7.75150 5 0 0 0 0 52 100.00000 0
351 4093 11.02224 0.01386 2.27711 0.59872 7 0 1 0 2 149 100.00000 0
2927 5646 10.06681 0.00285 10.35262 34.44574 11 0 0 0 4 155 100.00000 0
6075 6128 11.38936 0.00959 15.19270 7.53416 12 0 0 2 1 220 100.00000 0
3660 7030 11.15628 0.00375 16.34315 0.22029 6 0 0 1 3 42 100.00000 0
