0.05610 0.02653 0.00186
0.02055 0.01809 0.00742
0.01829 0.01805 0.00543
0.02365 0.02413 0.01520
0.01677 0.02250 0.00306
0.01942 0.02819 0.02061
0.01616 0.01689 0.01919
0.01689 0.02432 0.00357
0.01976 0.02761 0.01465
0.01720 0.02337 0.01767
0.01702 0.02709 0.01537
0.02111 0.02412 0.02341
0.01627 0.01982 0.00142
0.01747 0.02423 0.00359
0.01782 0.02924 0.00442
0.03181 0.02831 0.00405
0.01610 0.02692 0.00996
0.01712 0.01827 0.01378
0.02498 0.02385 0.00914
0.01634 0.02597 0.00180
0.02108 0.02236 0.00096
0.01638 0.01956 0.00362
0.03151 0.02267 0.01855
0.01486 0.01628 0.02381
0.01677 0.02164 0.00319
0.02720 0.02103 0.00178
0.01702 0.02744 0.00655
0.03062 0.02405 0.01999
0.01921 0.03071 0.00852
0.02001 0.02087 0.00237
0.01660 0.01827 0.00599
0.01559 0.02069 0.00157
0.01802 0.01816 0.01155
0.01963 0.02899 0.00735
0.01794 0.02082 0.01960
0.01674 0.02397 0.00218
0.01661 0.01644 0.01166
0.01731 0.02663 0.00164
0.01950 0.02852 0.00820
0.02963 0.02145 0.00185
0.03095 0.01803 0.00703
0.01214 0.01188 0.01905
0.01675 0.02248 0.00133
0.01865 0.02169 0.01920
0.02864 0.01856 0.00583
0.02578 0.02410 0.00371
0.01914 0.02039 0.00211
0.01661 0.01708 0.01029
0.01225 0.01359 0.00205
0.01728 0.02312 0.00996
0.01737 0.02448 0.00176
0.01218 0.01369 0.00879
0.01893 0.02821 0.00638
0.01513 0.01753 0.01690
0.01673 0.02455 0.00203
0.01757 0.01673 0.01446
0.01689 0.01974 0.00148
0.02425 0.02005 0.00923
0.01802 0.01915 0.01933
0.01745 0.02353 0.00704
0.01222 0.01370 0.00901
0.01854 0.02804 0.00998
0.01595 0.01927 0.00195
0.02006 0.02383 0.00660
0.01868 0.01728 0.00551
0.01832 0.02201 0.01069
0.02021 0.02518 0.00374
0.01696 0.02653 0.02145
0.01934 0.02189 0.00140
0.01721 0.01974 0.01569
0.02559 0.02196 0.01587
0.01636 0.02065 0.00269
0.01806 0.02652 0.00620
0.01810 0.02399 0.00223
0.01489 0.01723 0.00477
0.01793 0.02564 0.00337
0.03100 0.02095 0.00634
0.02437 0.02137 0.00710
0.02706 0.02083 0.01436
0.02303 0.02541 0.01940
0.01741 0.02282 0.01229
0.01559 0.01871 0.02186
0.01753 0.02406 0.00180
0.01622 0.02156 0.01524
0.03142 0.02187 0.01182
0.02234 0.02543 0.01085
0.01836 0.02430 0.00343
0.02027 0.02873 0.01020
0.02009 0.01602 0.00414
0.02140 0.02416 0.00398
0.01730 0.02021 0.01940
0.01858 0.02593 0.01190
0.02341 0.02340 0.00173
0.01888 0.02496 0.01916
0.01710 0.02061 0.01180
0.02058 0.02342 0.00057
0.02717 0.02482 0.00080
0.02028 0.02797 0.00255
0.01867 0.01809 0.00918
0.01878 0.02034 0.00145
0.01821 0.02149 0.00295
0.01329 0.01733 0.01631
0.01761 0.02187 0.00216
0.01667 0.02062 0.00131
0.01781 0.02421 0.00292
0.01836 0.02376 0.00681
0.01675 0.02152 0.00891
0.01986 0.02358 0.00363
0.02183 0.02933 0.01087
0.01682 0.02549 0.01052
0.01679 0.02140 0.00557
0.01800 0.02166 0.02186
0.01826 0.01916 0.00563
0.01713 0.02050 0.00476
0.01705 0.01933 0.00756
0.01602 0.01726 0.00812
0.02534 0.01824 0.01188
0.01889 0.01740 0.00316
0.01665 0.02028 0.01003
0.01869 0.02343 0.01946
0.01658 0.01992 0.00201
0.02493 0.02513 0.00774
0.01824 0.03124 0.00723
0.02617 0.02285 0.00582
0.01697 0.02120 0.00621
0.01910 0.02402 0.00769
0.01800 0.02287 0.00715
0.02207 0.02069 0.00208
0.01632 0.02135 0.00606
0.02138 0.02571 0.01206
0.03057 0.02073 0.00164
0.02233 0.02127 0.01877
0.02935 0.02715 0.00605
0.01879 0.02109 0.01405
0.01690 0.01828 0.00453
0.01666 0.01744 0.00436
0.02159 0.02335 0.00175
0.01649 0.02635 0.00187
0.01731 0.02399 0.00204
0.02534 0.02412 0.01411
0.01678 0.02439 0.00169
0.01827 0.02800 0.00794
0.01697 0.01759 0.00311
0.01718 0.02830 0.00392
0.02089 0.02187 0.00094
0.01860 0.02013 0.00293
0.01757 0.02024 0.02197
0.01768 0.01991 0.00702
0.02541 0.01870 0.00247
0.01922 0.02570 0.00772
0.02676 0.02427 0.00388
0.01743 0.02424 0.01692
0.02267 0.01934 0.01040
0.01731 0.02121 0.00702
0.01829 0.02825 0.00723
0.01624 0.02198 0.00962
0.01976 0.02770 0.01960
0.01421 0.01705 0.00215
0.01788 0.02662 0.01131
0.01714 0.02139 0.00777
0.01921 0.02127 0.00405
0.01956 0.02128 0.00182
0.01653 0.03079 0.00162
0.02650 0.01924 0.01215
0.01657 0.02020 0.01132
0.03562 0.02250 0.00503
0.01799 0.02322 0.01852
0.01841 0.02526 0.01214
0.01716 0.01989 0.00851
0.01630 0.02310 0.00871
0.01701 0.02096 0.01945
0.01268 0.01442 0.00250
0.01669 0.02315 0.01992
0.01664 0.02041 0.01911
0.01632 0.01497 0.01031
0.01712 0.02458 0.00206
0.01808 0.02280 0.00201
0.01801 0.02337 0.00574
0.01530 0.01823 0.00278
0.01530 0.01880 0.01162
0.01618 0.02141 0.00737
0.01761 0.03062 0.00149
0.01672 0.02252 0.01391
0.01611 0.02113 0.02021
0.01643 0.02106 0.00250
0.02303 0.01948 0.00523
0.01688 0.02061 0.01918
0.01904 0.01878 0.00789
0.01861 0.01902 0.01287
0.01655 0.02229 0.00874
0.01782 0.02043 0.00395
0.01779 0.02366 0.01627
0.01812 0.02434 0.00322
0.02276 0.02298 0.01100
0.02595 0.02167 0.00658
0.01700 0.02329 0.00499
0.01563 0.01849 0.00175
0.02332 0.02283 0.01665
0.03076 0.02938 0.00194
0.01573 0.02058 0.00600
