578 5020 11.43621 3.12303 1.12493 0.93083 45 0 0 40 21 338 100.00000 0
136 5376 11.92129 3.12279 0.50608 0.74965 53 1 1 46 31 277 100.00000 0
788 3842 10.74027 3.10179 1.33653 2.68219 47 0 0 41 24 609 100.00000 0
3639 4606 10.30963 0.03521 0.23981 1.06091 124 2 9 114 95 584 100.00000 0
644 4962 10.71149 3.05329 0.81143 2.03221 58 1 0 56 31 450 100.00000 0
243 1953 11.63800 0.24712 0.59662 0.57675 88 1 0 85 75 537 100.00000 0
3712 4655 11.93130 0.31879 0.46349 0.74546 12 0 0 9 6 231 100.00000 0
2145 5124 10.08740 2.92687 1.13056 1.04755 62 0 0 60 33 372 100.00000 0
1550 3198 11.41989 0.02848 0.67456 0.68185 56 0 4 50 44 512 100.00000 0
2533 4712 11.80353 3.12994 1.25345 2.17547 24 0 0 24 12 460 100.00000 0
833 2494 10.30965 0.05381 0.39494 0.30390 76 0 6 68 55 541 100.00000 0
1007 2700 10.46347 0.00817 0.60026 0.39565 74 0 0 69 43 518 100.00000 0
615 4004 10.56244 3.14075 1.44047 1.45884 54 0 0 49 23 567 100.00000 0
403 2100 11.47804 0.09983 0.43428 0.37115 44 2 8 42 28 507 100.00000 0
1534 3208 11.67620 0.03358 0.24015 0.34492 87 1 8 78 48 634 100.00000 0
589 2288 10.95919 0.02587 0.42593 0.65492 31 0 3 29 19 431 100.00000 0
550 5029 10.41016 3.09732 1.32108 2.20744 37 0 0 35 15 210 100.00000 0
842 3783 11.93545 3.09398 1.70396 1.41748 35 0 0 24 17 532 100.00000 0
2390 4890 11.60265 3.13811 0.86255 2.53760 30 0 1 30 14 349 100.00000 0
743 4861 10.88555 3.13681 0.86404 2.32911 33 1 2 31 14 572 100.00000 0
2261 4049 11.76058 3.13964 1.65245 1.62991 52 0 0 52 31 474 100.00000 0
3813 4777 10.23002 0.03804 0.36006 0.09691 51 2 0 47 32 618 100.00000 0
654 4922 10.28362 2.40536 1.03429 2.00076 175 0 0 149 120 850 100.00000 0
582 2262 11.35520 0.02476 0.32091 0.74546 60 2 4 50 46 533 100.00000 0
446 5121 10.31008 2.89163 1.03622 0.55883 45 0 0 45 27 346 100.00000 0
2044 5244 10.66355 3.06308 0.56918 1.51155 45 0 0 37 26 558 100.00000 0
1946 5329 11.74434 2.73203 0.84367 1.17303 143 0 0 136 108 379 100.00000 0
976 2666 10.07307 0.03653 0.35954 0.36045 29 1 5 20 18 445 100.00000 0
2489 4763 11.74640 3.07237 0.87941 1.74966 26 0 0 21 13 314 100.00000 0
2104 5181 10.10429 3.05098 0.36543 1.13918 29 1 1 12 17 392 100.00000 0
895 3724 11.70746 3.12927 1.27697 2.72103 22 0 0 19 9 303 100.00000 0
438 2153 11.04805 0.07786 0.54284 0.61802 77 1 3 65 58 481 100.00000 0
1000 2693 10.87926 0.02734 0.66817 1.12047 43 0 1 39 35 449 100.00000 0
560 2244 10.34940 0.03513 0.20447 0.64468 46 2 3 42 32 273 100.00000 0
675 3936 10.04436 2.55379 1.22291 1.26052 98 0 0 96 73 410 100.00000 0
709 2368 10.67656 0.21330 0.43143 0.50046 38 0 0 36 27 423 100.00000 0
2515 4752 11.43473 3.11735 0.94150 1.69904 13 0 0 8 5 386 100.00000 0
3708 4652 11.12419 0.34071 0.45201 1.48253 45 3 11 43 36 318 100.00000 0
356 2078 11.90709 0.05991 0.43564 0.25023 72 1 0 63 49 589 100.00000 0
569 5026 10.00868 3.08333 1.34778 1.52829 77 0 0 75 47 351 100.00000 0
674 2373 11.86279 0.45703 0.57111 1.45401 29 0 2 26 20 272 100.00000 0
678 3930 11.71887 2.60869 1.06956 1.40221 40 0 0 36 27 309 100.00000 0
2382 3936 10.91116 3.11171 1.09554 2.28311 36 0 0 36 16 358 100.00000 0
925 2581 11.68842 0.04156 0.23798 1.50896 25 4 0 17 14 249 100.00000 0
1947 5320 11.05873 2.74457 1.20007 1.71304 75 0 0 73 58 349 100.00000 0
610 4970 11.35571 3.12428 1.67781 2.00330 35 0 1 24 17 479 100.00000 0
2340 3950 11.63911 2.28591 0.71426 1.44753 128 0 0 124 97 673 100.00000 0
4168 5099 11.64545 0.61028 0.32376 1.49724 26 1 0 22 14 197 100.00000 0
4058 5007 10.84930 0.01445 0.36191 1.20496 106 4 5 98 74 852 100.00000 0
2174 5107 10.02640 3.08997 1.36631 1.78794 26 0 0 26 12 246 100.00000 0
544 4094 10.20710 3.12869 1.43422 3.50844 34 0 0 28 13 292 100.00000 0
437 5144 11.77698 3.00304 0.47209 1.77586 36 0 1 25 16 429 100.00000 0
2493 4778 11.12138 3.11368 0.93166 2.07547 42 1 0 34 17 476 100.00000 0
2427 3891 11.61145 3.12966 0.72596 1.99115 77 0 0 72 38 666 100.00000 0
2355 3931 11.53232 2.54781 1.13096 1.11171 40 0 0 38 28 384 100.00000 0
650 3998 11.78803 2.91330 0.87038 1.76059 23 0 0 17 17 264 100.00000 0
1680 3388 11.48121 0.97328 0.81208 1.76414 60 1 1 56 45 330 100.00000 0
841 3785 11.07551 3.09259 1.35486 1.22621 47 0 0 37 34 449 100.00000 0
2172 5113 11.52031 3.11062 1.22939 0.72524 68 0 0 61 47 297 100.00000 0
2526 3783 10.31615 3.13565 0.60973 1.99606 63 0 0 63 45 459 100.00000 0
778 2458 10.79463 0.02716 0.50195 0.50046 54 0 6 48 41 788 100.00000 0
3596 4535 10.11508 0.09803 0.21678 1.29513 60 9 10 54 45 382 100.00000 0
429 5150 10.65522 3.00195 0.79776 1.34523 51 0 0 46 38 391 100.00000 0
2182 5092 11.76291 3.12019 1.12158 2.17835 15 0 0 11 4 237 100.00000 0
2076 5190 11.97962 3.03250 1.41301 1.14705 27 0 0 23 13 299 100.00000 0
4171 5108 11.75264 0.77976 0.38673 1.53875 30 1 1 30 16 302 100.00000 0
2416 3900 10.24818 3.13990 1.32473 1.88034 38 0 0 36 19 515 100.00000 0
3596 4561 10.82686 0.02832 0.64014 1.60961 41 0 0 41 20 342 100.00000 0
663 4948 11.21786 2.65241 0.18338 3.37812 58 9 9 56 39 294 100.00000 0
196 5351 11.16528 3.07223 0.74110 1.40109 45 1 3 35 27 281 100.00000 0
1638 3280 11.84708 0.02932 0.50070 0.20367 51 0 8 45 39 371 100.00000 0
2234 4100 10.59321 3.11914 1.23126 3.74690 52 0 0 52 20 290 100.00000 0
3714 4658 11.05753 0.25151 0.46006 1.27196 14 0 1 5 6 247 100.00000 0
1453 3101 10.51488 0.01896 0.34448 0.31652 26 0 2 26 15 387 100.00000 0
613 4006 10.80174 3.13620 1.59254 1.40695 70 0 0 63 37 580 100.00000 0
459 2172 10.93767 0.20373 0.51338 0.48779 53 0 1 50 38 360 100.00000 0
674 3972 10.94729 2.84530 0.58027 1.69397 26 0 1 24 19 175 100.00000 0
587 2287 11.72779 0.02617 0.34172 0.71873 35 1 2 28 23 483 100.00000 0
206 1926 11.39087 0.56721 0.71923 1.05906 76 0 2 71 44 429 100.00000 0
3876 4847 11.90419 0.00792 0.73582 0.67377 101 0 8 96 71 914 100.00000 0
940 4629 11.60252 2.19801 0.51695 1.31284 46 2 3 36 28 386 100.00000 0
531 2236 10.44393 0.01136 0.37424 0.61102 52 2 5 46 36 341 100.00000 0
2332 4928 10.44883 2.51728 0.77871 1.87346 131 0 0 131 76 741 100.00000 0
617 2316 10.64289 0.00780 0.68920 0.45197 56 0 2 56 38 863 100.00000 0
4128 5070 11.75155 0.05453 0.18507 1.19419 21 3 3 17 14 246 100.00000 0
4115 5059 11.25828 0.00781 0.36752 0.70109 16 3 1 16 11 236 100.00000 0
2490 3826 10.80704 3.12297 0.84772 1.86823 56 0 0 50 32 458 100.00000 0
687 2341 11.94929 0.71080 0.39334 1.14192 30 0 1 26 22 322 100.00000 0
2070 5218 10.22833 3.08474 0.71110 1.35855 94 0 1 88 52 538 100.00000 0
942 4632 11.85576 2.23617 0.39052 0.88204 37 0 4 32 22 351 100.00000 0
461 4174 11.06802 2.00171 0.72968 1.59937 27 0 2 23 11 324 100.00000 0
4071 5039 11.58759 0.05218 0.49657 1.27840 14 0 1 12 10 219 100.00000 0
697 4909 11.46042 3.11627 0.34170 1.94501 28 0 1 24 18 280 100.00000 0
592 4028 10.66870 3.12096 1.75898 1.87680 110 0 0 108 66 694 100.00000 0
1553 3201 11.06317 0.02811 0.62365 0.46897 83 0 5 83 59 608 100.00000 0
4153 5107 11.61201 0.35407 0.46883 1.02182 24 1 3 17 16 222 100.00000 0
566 5013 10.95632 3.09711 1.22959 2.00350 57 0 0 53 29 318 100.00000 0
677 2374 11.17772 0.39846 0.46267 0.55813 33 1 6 33 25 355 100.00000 0
2430 4847 10.06805 3.12970 0.62779 1.77167 155 2 1 150 91 1031 100.00000 0
1021 2697 10.74601 0.00637 0.55029 0.46055 59 1 0 52 44 432 100.00000 0
762 4843 10.68134 3.12868 0.57223 1.84228 130 0 2 124 78 1112 100.00000 0
697 3948 11.22365 3.10169 0.50057 1.53238 31 0 0 31 19 333 100.00000 0
347 2069 10.25467 0.05346 0.43098 0.41117 112 2 5 97 65 778 100.00000 0
639 2343 11.23128 0.59822 0.55114 1.29965 58 2 5 52 34 405 100.00000 0
2577 3702 11.56777 2.89834 0.66152 1.48596 11 1 0 7 3 204 100.00000 0
757 2420 10.30308 0.00808 0.45883 0.37115 153 2 11 151 107 1058 100.00000 0
761 4824 11.60918 3.12781 1.20443 2.92784 75 0 0 61 25 724 100.00000 0
310 2037 11.00547 0.08125 0.27952 0.45628 69 6 16 64 43 949 100.00000 0
1431 3074 11.13807 0.30732 0.33688 1.53008 27 1 3 22 16 370 100.00000 0
905 4667 10.86729 3.05894 1.09419 2.98334 14 0 0 12 5 303 100.00000 0
137 5378 11.90650 3.09767 0.72407 0.65372 35 1 0 29 20 284 100.00000 0
4047 4996 11.62425 0.02259 0.29445 1.31284 75 2 5 70 37 441 100.00000 0
2135 5132 10.26642 3.00705 1.28790 0.46562 69 0 0 64 32 409 100.00000 0
2277 4031 11.83600 3.13328 1.83280 2.06545 65 0 0 63 36 579 100.00000 0
468 4159 11.03084 2.53441 1.27983 1.06312 38 0 0 31 12 348 100.00000 0
1480 3131 11.43637 0.03320 0.30558 0.26980 100 6 12 94 75 1458 100.00000 0
2214 4103 10.80985 3.08739 1.60985 3.42806 35 0 0 33 17 297 100.00000 0
4160 5108 10.66491 0.48043 0.53130 1.46072 40 10 4 40 33 287 100.00000 0
3718 4684 10.02011 0.03842 0.55076 0.79229 16 0 4 9 9 409 100.00000 0
634 4945 11.14350 2.87061 1.03426 2.61314 70 0 0 60 40 445 100.00000 0
788 4816 10.05842 3.11728 0.79872 2.58316 56 0 0 54 30 602 100.00000 0
486 5098 10.34994 3.03570 0.72638 2.36049 54 1 4 52 21 266 100.00000 0
2177 5097 11.62230 3.06622 1.22210 2.19410 22 0 0 19 11 253 100.00000 0
494 4157 11.60848 2.97025 0.65048 1.83419 9 0 0 9 7 149 100.00000 0
2357 4893 10.46996 2.60736 1.03648 1.00639 51 0 0 49 37 382 100.00000 0
1613 3255 11.98887 0.02737 0.76667 0.69323 61 1 8 55 41 525 100.00000 0
734 3888 11.81277 3.12974 1.42932 1.51284 53 0 0 50 19 673 100.00000 0
257 5284 11.46593 2.95364 1.33495 0.80794 47 0 0 34 23 424 100.00000 0
692 2349 10.51250 0.52118 0.42988 1.33969 30 0 1 30 19 277 100.00000 0
2563 3720 11.41264 3.13139 1.16022 1.94823 29 0 0 27 15 337 100.00000 0
824 3804 11.44454 3.07048 1.35924 2.24455 42 0 0 36 20 459 100.00000 0
2182 4176 10.18623 2.29928 0.94635 2.12062 37 3 1 33 24 221 100.00000 0
3705 4674 11.76040 0.23167 0.67580 1.31492 17 0 0 13 9 275 100.00000 0
2195 4152 11.36919 3.03954 0.71248 1.72374 12 0 1 10 5 158 100.00000 0
940 4638 10.44231 2.35295 0.47420 1.47856 34 0 0 27 18 363 100.00000 0
634 3981 11.78940 2.81591 1.38709 2.57207 72 0 0 62 38 524 100.00000 0
1457 3136 11.46753 0.06903 0.55361 0.90352 77 2 9 60 47 786 100.00000 0
2541 3748 10.85111 3.07535 1.24059 0.96063 42 0 0 38 26 563 100.00000 0
906 4666 10.64531 3.03913 1.11742 3.09098 15 0 0 15 7 300 100.00000 0
1626 3269 10.47484 0.02782 0.63448 0.51358 45 0 2 45 32 428 100.00000 0
2422 4856 10.96830 3.13239 0.67838 1.68772 52 1 0 52 27 681 100.00000 0
153 5375 11.47355 2.95406 0.35895 1.29543 27 2 0 27 17 263 100.00000 0
670 2369 11.19629 0.49906 0.37361 0.95327 35 0 3 28 23 321 100.00000 0
3733 4679 10.39465 0.03934 0.52247 1.03892 22 2 1 22 15 432 100.00000 0
1396 3081 11.00135 0.55455 0.53732 0.48051 92 0 1 90 63 603 100.00000 0
3958 4939 10.66157 0.69696 0.54927 0.46981 81 0 1 79 55 452 100.00000 0
2529 3762 10.92583 3.09764 1.50131 2.22052 89 0 0 86 67 535 100.00000 0
461 4184 11.81846 1.68117 0.52819 2.21982 42 1 4 37 23 346 100.00000 0
541 2226 11.49723 0.02005 0.39334 0.52786 38 1 3 34 25 311 100.00000 0
802 4802 10.86504 3.10626 0.52444 1.27656 66 2 1 50 34 678 100.00000 0
700 3945 11.49248 3.11606 0.50919 1.86593 32 1 1 27 20 397 100.00000 0
3652 4597 10.41791 0.03204 0.29656 1.69489 43 5 7 40 27 465 100.00000 0
1295 2970 11.17072 0.01139 0.33677 0.64346 54 4 8 50 42 489 100.00000 0
179 5351 10.79003 3.06699 0.79712 1.73190 82 0 0 78 53 464 100.00000 0
1054 2731 11.99553 0.00913 0.63553 0.88071 120 1 7 117 87 759 100.00000 0
3658 4603 10.67150 0.02717 0.51196 0.78534 65 2 9 65 49 441 100.00000 0
400 2118 10.44191 0.16050 0.49959 0.27695 85 1 4 78 55 529 100.00000 0
2347 4944 11.84810 2.67898 0.25489 2.30732 16 2 0 10 10 213 100.00000 0
2308 4957 11.53459 3.08270 0.75001 2.11192 83 0 4 70 40 744 100.00000 0
1053 2731 10.83645 0.01043 0.29036 0.73754 109 7 15 104 76 672 100.00000 0
887 3752 10.21932 3.08382 0.63324 1.80645 54 0 1 54 24 442 100.00000 0
1477 3128 11.03882 0.01932 0.64970 0.47313 135 0 0 129 113 1401 100.00000 0
3677 4623 10.12217 0.15192 0.36154 0.90092 48 3 8 48 36 389 100.00000 0
314 2018 10.77043 0.08374 0.27009 0.46562 91 6 11 87 52 1136 100.00000 0
817 4786 11.00763 3.09832 0.57372 1.43913 40 0 0 33 25 589 100.00000 0
1949 5317 10.78087 2.75912 1.25215 1.77012 117 0 0 108 65 420 100.00000 0
1389 3031 11.51288 0.55584 0.34124 1.27656 63 2 5 54 37 698 100.00000 0
5426 5536 10.62562 0.00675 0.39734 0.63551 60 4 7 54 34 945 100.00000 0
723 3920 11.65564 3.13268 1.08638 2.23458 63 0 0 55 31 375 100.00000 0
1285 2934 11.92193 0.01450 0.60500 0.60909 112 0 0 110 93 592 100.00000 0
600 2277 11.91047 0.01061 0.72844 1.03929 40 0 5 36 23 423 100.00000 0
618 2292 11.68035 0.01462 0.42412 0.80064 64 0 10 64 40 957 100.00000 0
224 1937 11.76984 0.37191 0.37007 0.25944 83 5 12 78 63 391 100.00000 0
270 5294 10.66483 3.11474 1.32673 0.60003 52 0 3 25 26 348 100.00000 0
944 3672 11.28042 2.26879 0.24880 1.29452 59 5 4 53 29 346 100.00000 0
656 4955 11.70043 2.78651 0.68898 2.46085 63 2 1 57 25 345 100.00000 0
667 4904 11.18733 2.38016 1.19307 1.30866 39 0 0 35 25 290 100.00000 0
2438 3861 11.49946 3.13012 1.36087 2.84290 54 0 0 48 29 738 100.00000 0
2043 5246 11.85717 3.05463 0.66622 1.28146 30 0 0 25 14 588 100.00000 0
409 2105 11.49739 0.10281 0.55903 0.68185 33 0 0 28 21 442 100.00000 0
684 2338 11.82251 0.76163 0.36033 0.87760 60 1 9 58 44 306 100.00000 0
1439 3119 11.31318 0.05056 0.44869 0.79229 40 1 7 35 25 556 100.00000 0
539 4100 11.09622 3.12502 1.23365 3.81095 31 0 0 29 11 238 100.00000 0
2353 4932 10.61107 2.91770 0.33016 1.15995 26 1 5 20 16 211 100.00000 0
677 3969 11.13485 2.89401 0.19866 2.27864 38 6 2 38 29 196 100.00000 0
3651 4621 11.06482 0.03315 0.56175 1.84313 56 0 1 52 34 519 100.00000 0
590 4992 10.14524 3.12284 0.99511 2.23125 79 0 1 68 46 639 100.00000 0
