0.04295 0.09490
0.03777 0.09323
0.04767 0.07748
0.02682 0.07738
0.02752 0.07203
0.01585 0.02133
0.01907 0.05604
0.01124 0.02162
0.02529 0.08161
0.02558 0.08148
0.02620 0.08260
0.01270 0.04310
0.03619 0.10752
0.01477 0.02003
0.03250 0.08207
0.02646 0.08208
0.03164 0.08279
0.00918 0.01539
0.03752 0.08107
0.01007 0.02060
0.00845 0.00800
0.01097 0.01931
0.00789 0.01010
0.02949 0.08229
0.00854 0.01442
0.02893 0.11357
0.01652 0.02254
0.01614 0.01851
0.02543 0.08275
0.01099 0.02267
0.03568 0.07509
0.03857 0.11705
0.03393 0.10029
0.03058 0.09152
0.03088 0.07820
0.01127 0.02627
0.02753 0.08209
0.04045 0.09455
0.01442 0.02490
0.01171 0.01981
0.03115 0.07703
0.03299 0.09864
0.01556 0.02835
0.01040 0.02500
0.01324 0.02045
0.02720 0.08505
0.01133 0.01340
0.03892 0.10494
0.02721 0.07183
0.01377 0.02059
0.01476 0.02802
0.01107 0.01969
0.00636 0.00805
0.01016 0.02023
0.01618 0.02679
0.01683 0.02708
0.02834 0.04857
0.01854 0.02710
0.01019 0.01939
0.03254 0.07325
0.03114 0.08222
0.01245 0.02374
0.03485 0.10015
0.01070 0.01882
0.03191 0.08812
0.00875 0.01445
0.03695 0.08846
0.02071 0.07192
0.00989 0.01307
0.01277 0.01931
0.01298 0.02035
0.04121 0.08212
0.01020 0.01232
0.01324 0.01953
0.01841 0.02678
0.02899 0.07684
0.01276 0.01580
0.01370 0.02051
0.03240 0.07243
0.01244 0.01603
0.02562 0.10115
0.04224 0.09160
0.03640 0.08419
0.00817 0.01484
0.01626 0.02623
0.02575 0.08092
0.03459 0.07859
0.01608 0.02805
0.02452 0.05960
0.03317 0.09290
0.01358 0.02824
0.01036 0.01443
0.01725 0.02712
0.02856 0.07488
0.01294 0.03279
0.00603 0.00676
0.03006 0.07179
0.03275 0.05417
0.01141 0.01531
0.02746 0.07982
0.02949 0.07335
0.02986 0.09677
0.01005 0.01803
0.01679 0.03963
0.00880 0.01396
0.02566 0.08309
0.03978 0.08452
0.01389 0.01944
0.01025 0.02070
0.00958 0.01328
0.01461 0.01814
0.01078 0.02203
0.00816 0.00871
0.03375 0.08779
0.05061 0.11234
0.02527 0.08081
0.03058 0.07739
0.01045 0.01753
0.03494 0.07702
0.01181 0.02093
0.02350 0.07368
0.04156 0.10812
0.02910 0.08143
0.03590 0.09685
0.03226 0.07192
0.01192 0.01971
0.03478 0.08149
0.03252 0.07503
0.01343 0.02972
0.03913 0.09502
0.03267 0.07363
0.03055 0.07914
0.03148 0.08536
0.01509 0.01689
0.03662 0.08282
0.02687 0.07722
0.03312 0.07738
0.03382 0.05724
0.00838 0.01467
0.02668 0.07895
0.01395 0.02001
0.03255 0.09746
0.02629 0.08311
0.00974 0.02106
0.01581 0.02677
0.01381 0.01796
0.03096 0.08529
0.04348 0.07992
0.01508 0.02155
0.02874 0.09257
0.03210 0.08792
0.02429 0.08142
0.01205 0.02630
0.02608 0.10107
0.02829 0.08354
0.02238 0.02841
0.02480 0.08271
0.01760 0.02870
0.00652 0.00689
0.01160 0.01576
0.01307 0.01535
0.01456 0.02003
0.02099 0.02287
0.00890 0.00833
0.01504 0.01934
0.00984 0.01549
0.01462 0.02344
0.01085 0.01598
0.01041 0.01093
0.01028 0.01976
0.03103 0.07777
0.01309 0.01957
0.02808 0.07523
0.02558 0.08334
0.01117 0.01880
0.00959 0.01875
0.01040 0.01739
0.00814 0.00844
0.02979 0.08121
0.00907 0.01437
0.03452 0.07982
0.02708 0.08353
0.03252 0.09948
0.02547 0.07658
0.01224 0.04054
0.03214 0.08048
0.01062 0.01470
0.02925 0.07619
0.03077 0.08309
0.01552 0.02516
0.02937 0.08328
0.03813 0.07578
0.01350 0.02519
0.03881 0.07452
0.03429 0.10305
0.02431 0.08044
0.02995 0.08201
0.02798 0.07704
0.02630 0.08446
0.00960 0.01451
