352 4110 10.52336 0.01361 0.47670 0.67144 25 1 1 15 20 339 100.00000 0
459 3982 10.49489 0.01009 0.21681 0.57061 23 1 1 21 15 299 100.00000 0
555 976 11.26895 0.00154 0.41863 0.63427 26 1 0 18 17 546 100.00000 0
531 976 11.26895 0.00154 0.37070 0.11869 21 0 1 18 14 521 100.00000 0
420 975 10.76826 0.00183 0.65950 0.74860 17 2 0 15 11 423 100.00000 0
7754 7810 11.31788 0.72617 1.29820 2.19874 8 0 0 8 3 196 100.00000 0
3018 5736 10.49427 0.04344 0.55975 1.28268 32 0 4 32 20 520 100.00000 0
1358 4519 11.79033 0.00498 0.18712 0.63735 13 1 2 11 7 276 100.00000 0
614 975 10.76826 0.00183 0.64341 1.20885 29 3 0 24 19 450 100.00000 0
734 4172 10.02836 0.01118 0.62742 0.55249 45 1 1 45 35 557 100.00000 0
758 4172 10.03026 0.01108 0.56422 0.45885 46 1 4 46 31 602 100.00000 0
497 976 11.26895 0.00154 0.32112 0.34943 27 0 6 23 18 497 100.00000 0
2843 5563 11.77477 0.05659 0.15581 0.75017 14 1 1 12 7 553 100.00000 0
458 4171 10.79933 0.01107 0.54060 0.34830 32 1 0 25 21 478 100.00000 0
3389 6303 10.30408 0.05438 0.64669 1.52110 21 1 0 19 13 182 100.00000 0
345 476 11.74965 0.00708 0.51654 0.43341 27 0 2 24 18 265 100.00000 0
1211 4394 11.01681 0.01370 0.33496 0.23739 35 2 10 32 23 555 100.00000 0
2429 5323 11.68318 0.82280 1.10089 2.69443 13 0 0 10 5 106 100.00000 0
898 980 11.77208 0.00498 0.54066 0.95409 18 2 1 18 10 464 100.00000 0
2287 5313 11.57005 0.70560 0.47362 2.07113 18 3 0 18 15 95 100.00000 0
3053 5787 10.69800 0.01198 1.01708 0.70776 24 0 0 11 13 525 100.00000 0
2472 2581 11.22698 0.77641 0.77198 2.76909 16 0 0 16 11 152 100.00000 0
392 974 10.01406 0.00381 0.35447 0.54393 26 0 2 24 18 447 100.00000 0
345 660 11.74965 0.00708 0.60845 1.07082 18 0 2 10 6 247 100.00000 0
2268 2564 11.48797 0.58047 0.56279 1.74046 27 0 0 21 20 122 100.00000 0
2476 5321 10.45620 0.77092 0.56815 3.39500 16 1 1 13 13 136 100.00000 0
2411 5323 11.68318 0.82280 1.22506 2.81383 13 0 1 13 6 122 100.00000 0
1697 4865 10.52734 0.00414 0.34764 0.43251 33 0 6 31 22 285 100.00000 0
2218 5305 10.48793 0.48154 0.15542 1.02336 21 0 4 17 17 151 100.00000 0
3231 6009 10.25562 0.04391 1.04616 0.53814 24 0 0 12 15 399 100.00000 0
2281 5312 11.91985 0.68669 0.80990 3.00048 13 1 0 11 7 113 100.00000 0
165 3828 10.68290 0.01326 0.32160 0.77481 28 1 3 28 16 631 100.00000 0
2420 5269 11.68981 0.30783 1.83239 7.08227 8 0 0 3 2 99 100.00000 0
337 3957 10.51725 0.00644 0.54621 0.71107 17 0 1 17 10 298 100.00000 0
1490 4643 10.03190 0.00777 0.32747 0.75641 36 2 5 36 27 391 100.00000 0
1007 4188 10.27012 0.01706 0.28070 1.24301 26 1 0 19 11 480 100.00000 0
1759 4933 10.45872 0.70154 0.32882 0.72900 38 9 7 36 29 108 100.00000 0
6606 6919 10.49518 0.00708 0.48891 0.83369 28 0 0 28 27 202 100.00000 0
2495 5320 10.24209 0.74014 0.42852 3.04363 15 0 3 10 7 112 100.00000 0
632 3982 10.49489 0.01009 0.39413 1.00327 28 2 1 28 19 321 100.00000 0
2228 2559 10.88836 0.49447 1.02288 3.63497 17 0 0 17 12 97 100.00000 0
346 608 11.50244 0.00580 0.40498 0.57335 17 1 4 10 7 285 100.00000 0
2862 5582 11.64744 0.02020 0.47410 0.60781 17 0 1 17 10 408 100.00000 0
1397 4571 11.51180 0.00561 0.39339 0.30132 49 0 0 41 37 1096 100.00000 0
2320 5321 10.76751 0.80012 0.20788 2.54314 15 0 0 15 11 130 100.00000 0
404 977 11.52020 0.00049 0.45043 0.51129 22 1 1 22 15 440 100.00000 0
481 3982 10.49489 0.01009 0.37749 0.71546 37 2 1 31 27 365 100.00000 0
2622 5348 10.90531 0.02185 0.31333 1.56398 32 1 1 21 15 380 100.00000 0
2488 5323 11.68318 0.82280 1.12996 2.77967 9 0 1 9 3 78 100.00000 0
3985 4106 11.26913 0.01135 0.52730 0.59938 19 0 0 14 13 343 100.00000 0
2565 5331 10.40103 0.58587 0.37144 1.67795 54 9 4 46 30 375 100.00000 0
8038 8089 11.01070 0.43522 0.22083 2.87235 84 2 7 79 57 582 100.00000 0
667 4173 11.79777 0.00987 0.51682 0.69097 21 0 0 19 14 447 100.00000 0
346 654 11.50244 0.00580 0.61460 0.39067 13 0 1 8 7 258 100.00000 0
148 3816 10.81143 0.02904 0.34527 3.23313 32 0 0 15 14 512 100.00000 0
3694 7205 10.66241 0.46041 0.09110 1.36688 8 1 0 4 5 105 100.00000 0
540 974 10.01791 0.00258 0.24083 0.34035 23 1 1 21 16 483 100.00000 0
1251 4418 10.26327 0.01129 0.41108 1.20788 26 2 5 19 16 434 100.00000 0
460 4173 11.79777 0.00987 1.00023 2.36414 16 0 0 12 9 412 100.00000 0
457 3980 11.49638 0.01155 0.39474 0.55673 18 1 2 14 11 243 100.00000 0
2177 2412 10.26875 0.29874 0.68847 2.10227 9 0 0 5 3 118 100.00000 0
777 3985 10.24876 0.00981 0.54396 0.69323 12 0 0 9 6 353 100.00000 0
981 4142 11.02953 0.01426 0.30988 0.57743 22 0 1 20 14 370 100.00000 0
4116 4174 10.00670 0.00664 0.29161 0.37115 38 0 3 36 24 500 100.00000 0
2172 2464 11.68279 0.30204 1.02157 5.79332 8 0 0 4 5 94 100.00000 0
812 978 10.77040 0.00229 1.62405 3.30630 23 0 0 19 10 474 100.00000 0
2511 2583 11.93117 0.82358 0.19665 3.03022 31 0 1 31 21 176 100.00000 0
1067 4264 11.51297 0.00305 0.35695 0.63551 28 1 7 28 18 538 100.00000 0
711 4170 10.03241 0.01130 0.38759 0.44587 33 1 2 31 26 399 100.00000 0
4011 4171 11.77155 0.00644 0.56269 0.88027 33 3 0 33 24 436 100.00000 0
350 917 10.50898 0.00703 0.34540 1.18465 20 0 1 13 11 350 100.00000 0
848 3984 10.74879 0.01016 0.43973 4.13195 13 0 0 13 6 317 100.00000 0
8045 8108 11.99700 1.25167 0.47753 2.50530 36 0 1 33 24 436 100.00000 0
642 3979 11.99371 0.01255 0.43883 1.53059 13 1 1 9 6 219 100.00000 0
2328 5272 10.63939 0.30767 0.71053 2.12946 14 0 0 14 8 113 100.00000 0
1590 4754 10.06641 0.01400 0.45152 0.92450 13 0 0 8 8 305 100.00000 0
464 4170 10.30159 0.01147 0.46847 0.72739 21 2 1 18 18 466 100.00000 0
2176 2437 10.80393 0.29947 1.43359 2.66888 11 0 0 3 3 76 100.00000 0
368 967 10.00277 0.01055 0.53211 0.59742 20 0 2 20 14 347 100.00000 0
2335 2582 11.44621 0.80088 0.76275 3.85316 14 1 1 5 6 121 100.00000 0
417 4172 11.29839 0.01034 0.59055 0.32865 28 0 0 28 21 399 100.00000 0
2359 5321 10.45620 0.77092 0.49451 3.05864 9 0 0 7 5 81 100.00000 0
925 976 10.00929 0.00120 0.52841 0.10087 36 0 0 32 23 514 100.00000 0
2337 5323 11.68318 0.82280 0.79083 3.27978 18 0 1 15 11 139 100.00000 0
1942 5057 10.01155 0.01166 1.92778 0.67027 8 0 0 5 6 69 100.00000 0
2175 2384 10.80392 0.29987 1.75688 3.93004 14 0 0 5 6 97 100.00000 0
2267 2565 11.79055 0.60432 0.63179 1.45750 25 0 0 22 20 152 100.00000 0
364 4161 10.26025 0.01913 0.48521 0.79819 37 0 5 33 27 417 100.00000 0
2173 2440 11.32990 0.30114 0.38286 1.94883 7 0 1 3 3 58 100.00000 0
348 618 10.25119 0.00537 1.05615 4.77446 23 0 2 16 16 342 100.00000 0
829 976 10.00929 0.00120 0.48134 0.64224 44 1 1 40 33 533 100.00000 0
2521 5270 11.33786 0.30847 0.67066 2.59042 11 0 1 2 6 106 100.00000 0
825 4173 10.53017 0.01052 0.61513 0.40830 34 0 2 32 17 518 100.00000 0
458 4173 11.79777 0.00987 0.71634 0.36477 22 0 1 19 12 412 100.00000 0
1266 4445 10.02312 0.01663 0.46767 0.18975 21 0 1 21 9 284 100.00000 0
4002 4166 11.51660 0.01168 0.45683 0.54680 20 0 1 18 11 409 100.00000 0
2644 5371 11.79552 0.02474 0.57062 0.77278 26 0 2 22 10 431 100.00000 0
1793 4951 11.30203 0.21655 0.33679 2.83931 38 0 0 30 20 112 100.00000 0
350 897 10.50898 0.00703 0.31689 0.55532 23 0 1 23 13 397 100.00000 0
654 4170 10.30159 0.01147 0.51666 0.43790 36 1 0 33 29 541 100.00000 0
558 974 10.01791 0.00258 0.38729 0.44411 36 4 0 34 26 487 100.00000 0
350 743 10.50898 0.00703 0.53989 0.59742 19 0 2 17 8 351 100.00000 0
2422 5320 10.24209 0.74014 1.23860 8.03231 12 0 1 6 5 151 100.00000 0
351 4093 11.02224 0.01386 0.81344 3.45921 16 1 2 10 7 276 100.00000 0
761 4175 11.52745 0.00992 0.45705 1.30746 24 0 8 24 16 478 100.00000 0
484 4170 10.30159 0.01147 0.58885 0.70721 33 0 0 31 25 450 100.00000 0
