0.01737 0.02142
0.01343 0.02790
0.01646 0.02240
0.02200 0.02282
0.01399 0.02568
0.01327 0.02062
0.01449 0.02970
0.01414 0.02215
0.01539 0.02629
0.01416 0.02558
0.01722 0.02728
0.01343 0.02214
0.01485 0.02530
0.01455 0.02409
0.01525 0.02936
0.01778 0.02575
0.01454 0.02655
0.01325 0.02212
0.01363 0.02017
0.01879 0.02526
0.01316 0.02152
0.02327 0.02482
0.02326 0.02374
0.01462 0.02633
0.01800 0.02414
0.01670 0.02729
0.01436 0.02681
0.01793 0.02716
0.01475 0.02739
0.01689 0.02383
0.01536 0.02836
0.01275 0.02220
0.02140 0.02145
0.01429 0.03113
0.01496 0.02426
0.01465 0.02948
0.01526 0.02749
0.01472 0.02671
0.01527 0.02880
0.01588 0.02087
0.01330 0.02254
0.01571 0.02395
0.01902 0.02677
0.01646 0.03251
0.01248 0.01947
0.01834 0.02741
0.01360 0.02209
0.01416 0.02787
0.01455 0.02263
0.01392 0.02968
0.01342 0.02190
0.01068 0.01717
0.01398 0.02683
0.01417 0.02440
0.01436 0.02744
0.01452 0.02917
0.01469 0.01812
0.01427 0.02208
0.01429 0.02679
0.01621 0.01945
0.01187 0.01899
0.01728 0.02548
0.01255 0.02096
0.02040 0.02177
0.01349 0.02321
0.01266 0.02141
0.02632 0.02598
0.02141 0.04035
0.01276 0.02357
0.01535 0.02193
0.01616 0.02516
0.01291 0.02728
0.01441 0.02782
0.01112 0.02463
0.01622 0.02197
0.01251 0.02517
0.01907 0.02280
0.01517 0.02730
0.01889 0.02825
0.02355 0.03035
0.01125 0.01813
0.01644 0.03472
0.01463 0.02543
0.01412 0.02494
0.01385 0.02335
0.02241 0.02446
0.01432 0.02655
0.01538 0.02641
0.01310 0.02131
0.01279 0.02439
0.01504 0.02542
0.01519 0.02484
0.02013 0.02206
0.01646 0.02958
0.01471 0.02871
0.01523 0.02258
0.01464 0.02491
0.01534 0.02689
0.01529 0.03160
0.01700 0.03305
0.01195 0.02145
0.01644 0.02162
0.01143 0.01757
0.01592 0.02579
0.01550 0.02509
0.02137 0.02321
0.01426 0.02788
0.01375 0.02745
0.01829 0.02550
0.01579 0.02595
0.02109 0.02781
0.02202 0.02715
0.02102 0.02814
0.01579 0.02440
0.01502 0.02666
0.01328 0.02198
0.01456 0.03038
0.01300 0.02341
0.02057 0.02659
0.01540 0.02440
0.01452 0.03141
0.01314 0.01671
0.02060 0.02470
0.01365 0.02163
0.01424 0.03158
0.01283 0.02412
0.02166 0.03285
0.01788 0.02315
0.01395 0.02317
0.01455 0.02671
0.01325 0.02460
0.01494 0.03348
0.01800 0.02553
0.01588 0.02813
0.01904 0.01939
0.01713 0.02934
0.02137 0.02768
0.01416 0.02768
0.01560 0.02698
0.01609 0.02834
0.01471 0.02627
0.01465 0.02892
0.01425 0.02331
0.02458 0.02737
0.01571 0.03396
0.02648 0.02754
0.02047 0.02748
0.02514 0.02733
0.01266 0.01933
0.01472 0.02667
0.01420 0.02629
0.01920 0.02575
0.02337 0.02340
0.01432 0.02709
0.01459 0.02775
0.01310 0.01900
0.01297 0.02150
0.01451 0.02684
0.01647 0.02535
0.01642 0.02978
0.01637 0.02564
0.01547 0.02465
0.01433 0.02183
0.02528 0.02453
0.01732 0.02214
0.01720 0.02253
0.01451 0.02858
0.02493 0.02325
0.01644 0.03695
0.01505 0.02313
0.01120 0.01844
0.01278 0.02197
0.01446 0.02653
0.01432 0.02502
0.01414 0.02505
0.01470 0.03557
0.02059 0.02404
0.01466 0.02636
0.01346 0.02575
0.01449 0.02340
0.01444 0.02698
0.01260 0.02321
0.01294 0.02093
0.01355 0.01995
0.01520 0.02783
0.02224 0.02447
0.01449 0.02666
0.01559 0.02449
0.02176 0.02884
0.01091 0.01651
0.02169 0.02281
0.02119 0.02650
0.01182 0.01839
0.02017 0.02726
0.01653 0.02515
0.02053 0.02024
0.01962 0.02209
0.01350 0.02943
0.01595 0.02668
0.02224 0.02327
0.01643 0.02473
0.02269 0.02955
0.01511 0.02378
0.01587 0.02274
0.01389 0.02542
0.01956 0.02144
0.02170 0.02852
0.01389 0.02186
0.01389 0.02315
0.01202 0.01772
0.01773 0.01871
0.02791 0.02432
0.01125 0.02392
0.01543 0.02907
0.02396 0.02470
0.01468 0.02444
0.01548 0.02464
0.01378 0.02213
0.01263 0.01966
0.01415 0.03098
0.01700 0.03000
0.01493 0.03093
0.01997 0.02300
0.01571 0.02558
0.01594 0.02895
0.01393 0.02973
0.01274 0.02063
0.03081 0.02470
0.01644 0.03114
0.01445 0.02242
0.01420 0.02294
0.01523 0.02198
0.01346 0.01939
0.01338 0.02270
0.02305 0.02731
0.01435 0.02742
0.01529 0.02245
0.01723 0.02856
0.02080 0.02158
0.01235 0.02223
0.01333 0.02130
0.01266 0.01848
0.01458 0.02715
0.01621 0.02484
0.01458 0.02849
0.01072 0.01682
0.01517 0.03080
0.01446 0.02293
0.01577 0.02862
0.02912 0.02395
0.01505 0.02613
0.01506 0.02729
0.01560 0.02507
0.01393 0.02242
0.01464 0.02377
0.02046 0.02248
0.01436 0.02481
0.01421 0.03136
0.01504 0.02262
0.01493 0.02713
0.01483 0.02581
0.01951 0.03183
0.02456 0.02437
0.01462 0.02418
0.01461 0.02610
0.01524 0.02516
0.01365 0.02451
0.01648 0.02909
0.01479 0.02751
0.01387 0.02673
0.01916 0.02493
0.02653 0.02482
0.02347 0.02226
0.01564 0.02856
0.01425 0.02658
0.01272 0.02305
0.01394 0.02671
0.01419 0.02437
0.01734 0.02216
0.01417 0.02723
0.01454 0.02854
0.01554 0.02460
0.01450 0.02488
0.01366 0.02549
0.01697 0.02545
0.01435 0.02621
0.01435 0.02592
0.01429 0.02806
0.01225 0.02201
0.01692 0.02983
0.01353 0.02395
0.01271 0.02216
0.01288 0.02185
0.01597 0.02485
0.01447 0.02458
0.02213 0.02235
0.01395 0.02382
0.01220 0.01955
0.01938 0.02475
0.01436 0.02429
0.01872 0.01994
0.01305 0.01935
0.01522 0.02343
0.01919 0.02452
0.01290 0.02744
0.01385 0.02335
0.01551 0.02270
0.01517 0.02468
0.01834 0.02603
0.01120 0.01674
0.01368 0.02243
0.01284 0.02336
0.02420 0.02261
0.02314 0.02394
0.01611 0.02185
0.01509 0.03004
0.01578 0.02572
0.01533 0.02995
0.01258 0.02049
0.01551 0.02452
0.01402 0.02755
0.01473 0.02744
0.01263 0.02551
0.02768 0.02516
0.01464 0.02110
0.01442 0.02317
0.02656 0.02616
0.01546 0.01814
0.01526 0.02683
0.01523 0.02781
0.01684 0.02804
0.02013 0.02226
0.01180 0.01924
0.01388 0.02319
0.01565 0.02380
0.01611 0.02298
0.01613 0.02550
0.01315 0.02449
0.01534 0.02348
0.01251 0.01795
0.01468 0.02308
0.01619 0.02674
0.01526 0.02472
0.02136 0.02674
0.01404 0.02738
0.01339 0.02852
0.01130 0.01993
0.01959 0.02731
0.01605 0.02729
0.01465 0.02643
0.01338 0.02205
0.01829 0.02401
0.01473 0.02754
0.01148 0.01775
0.01556 0.02976
0.02055 0.02656
0.01669 0.03189
0.01317 0.02139
0.02074 0.02287
0.01362 0.02110
0.01078 0.01805
0.01453 0.02475
0.01313 0.01986
0.01222 0.02075
0.01904 0.02613
0.01343 0.02354
0.01757 0.02448
0.01476 0.02786
0.01390 0.02693
0.01256 0.01934
0.01376 0.02197
0.01382 0.02715
0.01481 0.02387
0.01660 0.03113
0.01233 0.01837
0.02123 0.02563
0.01639 0.02529
0.01153 0.01726
0.01152 0.02420
0.01360 0.02012
0.01873 0.02646
0.01370 0.02237
0.01211 0.01738
0.01347 0.02191
0.01444 0.02691
0.01641 0.02709
0.01382 0.02534
0.01121 0.02333
0.01558 0.02417
0.01364 0.02506
0.01310 0.02118
0.01483 0.02586
0.01252 0.02217
0.01459 0.02292
0.01597 0.02253
0.01369 0.02540
0.01255 0.02566
0.01650 0.02646
0.02741 0.02758
0.01477 0.02857
0.01443 0.02983
0.01394 0.02391
0.01391 0.02048
0.01174 0.01805
0.01272 0.01989
0.01357 0.02062
0.01461 0.03313
0.01522 0.02378
0.01468 0.03485
0.01455 0.02382
0.01212 0.01911
0.01441 0.02194
0.01593 0.02869
0.02213 0.02432
0.01566 0.01899
0.01598 0.02528
0.01615 0.03092
0.02095 0.02633
0.01723 0.02207
0.01140 0.01832
0.01459 0.02728
0.01335 0.02133
0.01389 0.02375
0.01508 0.02714
0.01764 0.01833
0.01328 0.02414
0.01729 0.02579
0.01465 0.02722
0.01390 0.02620
0.02430 0.02957
0.01547 0.02430
0.01515 0.03019
0.01545 0.02563
0.01482 0.02692
0.02152 0.02782
0.01292 0.02754
0.01702 0.02510
0.01236 0.01980
0.01433 0.02443
0.01271 0.02025
0.01465 0.02760
0.01333 0.02277
0.01707 0.02624
0.01414 0.02329
0.01454 0.02786
0.01579 0.02795
0.01445 0.02677
0.01190 0.01857
0.01507 0.02677
0.01377 0.02217
0.01515 0.02738
0.01751 0.02121
0.01422 0.02571
0.01475 0.02207
0.01524 0.02553
0.01553 0.02544
0.01503 0.02710
0.01642 0.03165
0.02023 0.02822
0.02059 0.02601
0.01286 0.02373
0.01392 0.02510
0.01302 0.02232
0.01226 0.02024
0.02189 0.01915
0.02217 0.02541
0.01479 0.02828
0.01411 0.02266
0.01460 0.02707
0.01494 0.03142
0.01455 0.02664
0.01440 0.02723
0.01449 0.02304
0.02229 0.02120
0.01281 0.02077
0.01486 0.02366
0.01476 0.02622
0.01394 0.02642
0.01374 0.02236
0.01524 0.02897
0.01761 0.02460
0.01455 0.02496
0.02141 0.02345
0.01465 0.02627
0.01517 0.02760
0.01404 0.02384
0.01603 0.02932
0.01440 0.03233
0.01243 0.01978
0.02610 0.02538
0.01499 0.02455
0.02378 0.02058
0.01447 0.02799
0.01363 0.02515
0.01425 0.03000
0.01412 0.02213
0.01255 0.02081
0.01451 0.02283
0.01517 0.02736
0.01462 0.02733
0.02146 0.03374
0.02464 0.03058
0.01525 0.02711
0.01426 0.03216
0.01376 0.02137
0.01497 0.02463
0.01325 0.02202
0.01860 0.02073
0.01503 0.02754
0.01273 0.02240
0.01400 0.02211
0.01631 0.02662
0.01551 0.02575
0.01427 0.02334
0.01511 0.02760
0.01497 0.02719
0.01504 0.02791
0.01657 0.03210
0.01097 0.01708
0.01387 0.02415
0.01523 0.02923
0.02232 0.02291
0.02529 0.02514
0.01331 0.02245
0.01549 0.02452
0.01266 0.02070
0.01421 0.02688
0.01615 0.02540
0.01452 0.02640
0.02117 0.02302
0.01418 0.02809
0.01531 0.02285
0.01428 0.02624
0.01636 0.02857
0.01502 0.02799
0.02196 0.02698
0.01442 0.02771
0.01520 0.02718
0.01445 0.02478
0.01452 0.02997
0.01234 0.01834
0.01492 0.02680
0.01140 0.02039
0.01434 0.02855
0.01421 0.02519
0.01426 0.02632
0.01452 0.02188
0.02509 0.02584
0.01345 0.02193
0.01472 0.02322
0.01494 0.02553
0.01355 0.02764
0.01402 0.02121
0.01405 0.02608
0.01420 0.02630
0.01498 0.02801
0.01293 0.01916
0.01416 0.02368
0.01426 0.02723
0.01289 0.02161
0.01483 0.02703
0.01467 0.02904
0.03033 0.02878
0.01526 0.02208
0.01528 0.02651
0.01127 0.01847
0.01486 0.02926
0.01494 0.02853
0.01597 0.01917
0.01526 0.02309
0.01103 0.02151
0.01490 0.02614
0.01679 0.02994
0.01124 0.01967
0.01376 0.02355
0.01260 0.01773
0.01670 0.03261
0.01429 0.02652
0.01431 0.01749
0.02539 0.02324
0.02444 0.03068
0.01643 0.02472
0.01371 0.02446
0.01533 0.02705
0.01637 0.02996
0.01199 0.02282
0.01488 0.02408
0.01488 0.02730
0.01261 0.02289
0.01443 0.02971
0.01619 0.02938
0.01560 0.02522
0.02004 0.03329
0.01439 0.02481
0.01503 0.02270
0.01243 0.02323
0.01668 0.02465
0.01638 0.02716
0.01419 0.02323
0.01130 0.02397
0.01412 0.02324
0.01679 0.02524
0.01129 0.01790
0.01427 0.03287
0.01895 0.02555
0.01423 0.02801
0.01531 0.02405
0.01486 0.02389
0.02192 0.02795
0.02548 0.02267
0.01722 0.02729
0.01639 0.02343
0.01321 0.02678
0.01421 0.03069
0.01532 0.02296
0.01363 0.02606
0.01650 0.02559
0.01465 0.02656
0.01491 0.02257
0.01503 0.02394
0.01411 0.02671
0.01488 0.02630
0.01864 0.01943
0.01445 0.02644
0.01511 0.02576
0.01320 0.02394
0.01416 0.02553
0.01374 0.02353
0.01294 0.02270
0.01402 0.02407
0.02116 0.02852
0.01493 0.02497
0.01468 0.02509
0.02052 0.02083
0.01423 0.02674
0.01664 0.03173
0.01495 0.02636
0.01944 0.01826
0.01491 0.02947
0.01405 0.02677
0.01356 0.02567
0.01425 0.02705
0.01398 0.02581
0.01528 0.02090
0.01333 0.02238
0.01314 0.02074
0.01718 0.02324
0.01539 0.02636
0.01449 0.02405
0.01549 0.02560
0.01559 0.02712
0.01444 0.02404
0.01509 0.02746
0.01368 0.02270
0.01493 0.02907
0.01771 0.02446
0.01422 0.02777
0.01163 0.01948
0.01424 0.02782
0.01403 0.02667
0.01492 0.02206
0.01571 0.02468
0.01292 0.01974
0.01562 0.02708
0.01573 0.02585
0.02169 0.02634
0.01400 0.02347
0.01380 0.02156
0.01650 0.02658
0.02111 0.02311
0.01351 0.02277
0.02211 0.02654
0.01371 0.02347
0.01272 0.02033
0.01430 0.02731
0.01264 0.02105
0.01401 0.02273
0.01398 0.02648
0.01285 0.02060
0.01486 0.02665
0.01425 0.02711
0.01514 0.02680
0.01396 0.02401
0.01171 0.01864
0.01181 0.01781
0.01417 0.02272
0.01433 0.02475
0.01443 0.02347
0.01508 0.03159
0.01533 0.02912
0.01543 0.02878
0.01463 0.02556
0.01470 0.02542
0.01139 0.01884
0.01300 0.02274
0.01205 0.02047
0.01415 0.02098
0.02957 0.02163
0.01364 0.02054
0.01456 0.02647
0.01324 0.02087
0.01373 0.01938
0.02008 0.01973
0.01387 0.02399
0.01264 0.02004
0.01177 0.01695
0.01592 0.02782
0.01367 0.02303
0.01487 0.02874
0.02082 0.02857
0.01376 0.02645
0.01427 0.02724
0.01399 0.02603
0.01333 0.02126
0.01103 0.01834
0.01247 0.02045
0.01431 0.02728
0.01491 0.03223
0.01375 0.02159
0.01267 0.02046
0.01346 0.02200
0.01540 0.02006
0.01659 0.02684
0.01516 0.02829
0.01323 0.02410
0.01420 0.02693
0.01246 0.02163
0.01344 0.02350
0.01476 0.02210
0.01420 0.02558
0.01440 0.02680
0.01654 0.02782
0.01665 0.02553
0.01069 0.01649
0.01357 0.02206
0.02097 0.02551
0.01233 0.01932
0.01575 0.02756
0.01388 0.02224
0.01557 0.02736
0.01328 0.02440
0.01499 0.02770
0.01081 0.01767
0.01820 0.02115
0.01561 0.02330
0.01492 0.02673
0.01472 0.02535
0.01282 0.02095
0.01330 0.03125
0.01432 0.02835
0.01566 0.02571
0.01356 0.02068
0.01678 0.02309
0.01598 0.02491
0.01448 0.02448
0.01460 0.02939
0.01478 0.02921
0.01371 0.02219
0.01501 0.02711
0.01523 0.02363
0.01395 0.02573
0.01536 0.02649
0.02700 0.02324
0.01439 0.02642
0.01145 0.01789
0.01348 0.01839
0.01361 0.02134
0.01094 0.01796
0.01260 0.02044
0.01375 0.02195
0.01325 0.02118
0.01261 0.02392
0.01432 0.03320
0.01632 0.02446
0.01447 0.02286
0.01431 0.02711
0.01541 0.02878
0.01288 0.02010
0.01565 0.03063
0.01392 0.02462
0.01423 0.02220
0.01615 0.02675
0.01525 0.03193
0.01412 0.02760
0.01605 0.02846
0.01079 0.01760
0.01359 0.02584
0.01254 0.02340
0.01414 0.02689
0.01168 0.01965
0.01351 0.02143
0.01475 0.02185
0.01455 0.03412
0.01669 0.02907
0.01444 0.02442
0.01385 0.02604
0.01649 0.02521
0.01919 0.02950
0.01419 0.02342
0.01472 0.02787
0.01317 0.02415
0.01358 0.02283
0.01117 0.02137
0.01220 0.01969
0.01492 0.02976
0.01402 0.02209
0.01527 0.03319
0.01165 0.02225
0.01436 0.02254
0.02233 0.02863
0.01283 0.02205
0.02391 0.02788
0.01534 0.03310
0.01446 0.02604
0.01467 0.03143
0.01091 0.01862
0.01445 0.02624
0.01474 0.02687
0.01500 0.02281
0.01545 0.02870
0.01305 0.02282
0.01619 0.03161
0.01239 0.01849
0.01453 0.02601
0.01070 0.01718
0.01453 0.03086
0.01415 0.02546
0.01396 0.02723
0.01465 0.02735
0.01098 0.01972
0.01359 0.02928
0.01426 0.03278
0.01444 0.02847
0.01444 0.03516
0.01532 0.02575
0.01447 0.02655
0.01292 0.02073
0.01388 0.02737
0.01417 0.02308
0.01487 0.03211
0.01568 0.02656
0.01867 0.02059
0.01241 0.02010
0.01455 0.03345
0.01266 0.02004
0.03128 0.02458
0.01699 0.02638
0.01467 0.02523
0.01310 0.02183
0.01484 0.02905
0.01074 0.02211
0.01122 0.02551
0.01384 0.02227
0.01431 0.02407
0.01465 0.02709
0.01940 0.02205
0.01340 0.02426
0.02186 0.02508
0.01394 0.02399
0.01431 0.02588
0.01576 0.02848
0.01552 0.02707
0.02426 0.02764
0.01323 0.02067
0.01564 0.03546
0.01441 0.02304
0.01579 0.03016
0.01247 0.01979
0.01261 0.01718
0.01268 0.02252
0.02265 0.02483
0.01464 0.03045
0.01563 0.02343
0.01577 0.02651
0.01472 0.02668
0.01330 0.02308
0.01487 0.03078
0.02351 0.02397
0.01863 0.02250
0.01888 0.02821
0.01427 0.02812
0.01520 0.02560
0.01378 0.02079
0.01407 0.02576
0.01278 0.02179
0.01458 0.02340
0.01404 0.02207
0.01399 0.02331
0.01608 0.02682
0.01577 0.02818
0.01388 0.02699
0.01396 0.02701
0.01690 0.02594
0.01975 0.02489
0.01455 0.02767
0.01536 0.02728
0.01326 0.02296
0.01487 0.02341
0.02340 0.02819
0.01683 0.02582
0.01375 0.02561
0.01765 0.02326
0.02257 0.02873
0.01263 0.02106
0.01424 0.02279
0.01805 0.02209
0.01436 0.02842
0.01657 0.02202
0.02125 0.02595
0.01425 0.02191
0.02069 0.02197
0.01405 0.02669
0.01584 0.02782
0.01396 0.02222
0.01395 0.02481
0.01304 0.02165
0.01474 0.02715
0.01459 0.02819
0.02122 0.02157
0.01278 0.02207
0.01522 0.02714
0.01668 0.02401
0.01448 0.02736
0.01492 0.02795
0.01628 0.02495
0.01223 0.01873
0.02433 0.02304
0.01255 0.01929
0.01470 0.02468
0.01495 0.02238
0.01510 0.02308
0.02209 0.02810
0.01324 0.02315
0.01226 0.02008
0.01369 0.02650
0.02258 0.02337
0.01310 0.02343
0.01573 0.02527
0.01196 0.01870
0.01506 0.02584
0.01487 0.03002
0.01416 0.02266
0.01452 0.02725
0.01860 0.02745
0.01510 0.02783
0.01192 0.02145
0.01286 0.01869
0.01360 0.02519
0.01501 0.02676
0.02325 0.02760
0.01413 0.02664
0.01836 0.02475
0.01392 0.02437
0.01251 0.02083
0.01312 0.02228
0.01426 0.02770
0.01415 0.02289
0.01436 0.02746
0.01390 0.02266
0.01429 0.02460
0.01976 0.02331
0.01566 0.02797
0.01434 0.02500
0.01722 0.02821
0.01141 0.01820
0.02026 0.02610
0.01088 0.01738
0.02146 0.02634
0.01282 0.02273
0.01686 0.01874
0.01263 0.03008
0.01467 0.02839
0.01480 0.02842
0.01528 0.02560
0.01637 0.01981
0.01446 0.02350
0.01452 0.02713
0.01273 0.02062
0.01509 0.02684
0.01440 0.03471
0.01539 0.02862
0.01868 0.02182
0.01447 0.02487
0.01483 0.02339
0.01092 0.01834
0.01410 0.02243
0.01611 0.02621
0.01582 0.03094
0.01469 0.02538
0.01477 0.01904
0.01370 0.02208
0.02593 0.02338
0.01435 0.02677
0.02194 0.02793
0.01402 0.02684
0.01569 0.02703
0.02008 0.02710
0.01463 0.02359
0.01323 0.01978
0.01383 0.02320
