0.01637 0.02356
0.01530 0.02595
0.01224 0.02239
0.01558 0.02686
0.01460 0.02661
0.01500 0.02398
0.01863 0.02400
0.01460 0.02368
0.01170 0.01917
0.01416 0.02663
0.01406 0.02525
0.01511 0.02689
0.01501 0.02304
0.01619 0.02263
0.01409 0.03486
0.01255 0.02155
0.01333 0.02824
0.01401 0.02537
0.01433 0.02554
0.01381 0.02599
0.01430 0.02345
0.01171 0.02091
0.01520 0.02407
0.01724 0.02499
0.01419 0.03005
0.01590 0.02208
0.01227 0.02200
0.01404 0.02297
0.02579 0.03427
0.02310 0.02692
0.01417 0.02065
0.01416 0.02620
0.01343 0.02224
0.01389 0.02386
0.01485 0.02677
0.01960 0.02399
0.01642 0.02434
0.01476 0.02836
0.02644 0.02469
0.01403 0.02585
0.01189 0.01879
0.01378 0.02532
0.01467 0.02527
0.01421 0.02606
0.01414 0.02294
0.01406 0.02944
0.01446 0.02582
0.01473 0.02676
0.01375 0.02252
0.01434 0.02639
0.01774 0.03398
0.01671 0.02633
0.01756 0.02218
0.01478 0.02581
0.01517 0.02775
0.01980 0.01963
0.01533 0.02369
0.01163 0.01944
0.01123 0.01858
0.01429 0.03211
0.02031 0.02460
0.01126 0.01803
0.01409 0.02357
0.01526 0.02943
0.01446 0.02698
0.02202 0.02165
0.01475 0.02439
0.01400 0.02791
0.01289 0.02725
0.01579 0.03093
0.01426 0.02413
0.01515 0.02186
0.01768 0.02426
0.02124 0.02923
0.01514 0.02245
0.01472 0.02708
0.01456 0.02552
0.01354 0.02818
0.01470 0.02262
0.01469 0.02645
0.01384 0.02502
0.01427 0.03492
0.01434 0.02642
0.01363 0.01988
0.01397 0.02570
0.01409 0.02637
0.01255 0.01960
0.01373 0.02792
0.01476 0.02323
0.01218 0.01775
0.01427 0.02441
0.01857 0.02147
0.01615 0.02410
0.01145 0.01886
0.01572 0.02545
0.01418 0.02396
0.01470 0.02609
0.01582 0.02280
0.01278 0.02179
0.01646 0.01680
0.01473 0.02771
0.01492 0.02284
0.01467 0.02630
0.01287 0.01961
0.01438 0.02749
0.01352 0.02174
0.01386 0.02608
0.01941 0.02791
0.01489 0.02522
0.01279 0.01978
0.01470 0.02572
0.01395 0.02192
0.02192 0.02575
0.01469 0.02613
0.02207 0.02073
0.01307 0.01883
0.01785 0.02511
0.01453 0.02506
0.01516 0.02504
0.01434 0.02298
0.01552 0.02491
0.01372 0.02343
0.01433 0.03166
0.02286 0.02635
0.01941 0.02381
0.02437 0.02759
0.01402 0.02978
0.01481 0.02766
0.01484 0.02615
0.01466 0.03447
0.01426 0.02320
0.02089 0.02489
0.01820 0.03036
0.01309 0.02197
0.01379 0.02245
0.01637 0.02363
0.01410 0.02594
0.01352 0.02335
0.01366 0.02272
0.01470 0.02823
0.01426 0.02644
0.01382 0.02375
0.01458 0.02443
0.01683 0.02506
0.01664 0.02562
0.01431 0.02671
0.01682 0.02158
0.01408 0.02228
0.01436 0.02408
0.01443 0.02662
0.01362 0.02177
0.01612 0.02650
0.01598 0.02572
0.01437 0.02584
0.02434 0.02853
0.01459 0.02306
0.01560 0.03089
0.01788 0.02282
0.01450 0.03103
0.02351 0.02676
0.01425 0.02495
0.01430 0.02245
0.01502 0.02520
0.01377 0.02559
0.01450 0.02520
0.01441 0.02211
0.01574 0.02714
0.01381 0.02295
0.02041 0.02763
0.01613 0.02423
0.01952 0.02170
0.01580 0.02851
0.01765 0.02667
0.01350 0.02787
0.01431 0.02382
0.01925 0.02899
0.01648 0.02158
0.01523 0.02434
0.01619 0.02559
0.02310 0.02658
0.02215 0.02514
0.01178 0.02118
0.01446 0.02616
0.01382 0.02690
0.01849 0.02967
0.01441 0.02732
0.01449 0.02571
0.01577 0.02355
0.01401 0.02582
0.01457 0.02553
0.01386 0.02310
0.01413 0.02511
0.01445 0.02343
0.02034 0.02208
0.01590 0.02476
0.01483 0.02698
0.01289 0.02079
0.01412 0.02416
0.01140 0.01858
0.01403 0.02421
0.01490 0.02547
0.02806 0.02577
0.01537 0.02732
0.02144 0.02493
0.01394 0.02550
0.01646 0.02616
0.01398 0.02490
0.01580 0.02734
0.01391 0.02488
0.01506 0.02152
0.02337 0.02318
0.01379 0.02264
0.01386 0.02931
0.01261 0.02193
0.01496 0.02560
0.01194 0.01990
0.01509 0.02419
0.01393 0.02728
0.01499 0.02614
0.01464 0.02574
0.01523 0.02413
0.02523 0.02583
0.01474 0.02358
0.01479 0.02237
0.01727 0.02864
0.01824 0.02659
0.01473 0.02215
0.01194 0.02738
0.01435 0.02584
0.01282 0.01982
0.02566 0.02670
0.01536 0.02350
0.01421 0.02530
0.01376 0.02556
0.01470 0.02578
0.01438 0.02408
0.01471 0.02577
0.01236 0.01932
0.01405 0.02151
0.01407 0.02516
0.01799 0.02486
0.01564 0.02727
0.01099 0.01609
0.01461 0.02432
0.01578 0.02542
0.01367 0.02587
0.01438 0.02707
0.01616 0.02824
0.01560 0.02957
0.01362 0.02493
0.01453 0.02372
0.01794 0.02534
0.01462 0.03012
0.01405 0.02029
0.01456 0.02585
0.01554 0.03117
0.02137 0.02389
0.01468 0.02266
0.01327 0.02154
0.01614 0.02815
0.01522 0.02247
0.02421 0.02046
0.01346 0.02451
0.02509 0.02613
0.01268 0.02328
0.01197 0.02147
0.01434 0.02041
0.01467 0.03337
0.01345 0.02218
0.01403 0.02417
0.01380 0.02386
0.01432 0.02519
0.01962 0.03881
0.01369 0.02271
0.01390 0.02550
0.01137 0.02025
0.01492 0.02526
0.01420 0.02289
0.01749 0.02688
0.01534 0.02364
0.01522 0.02569
0.01580 0.02687
0.01452 0.02524
0.01488 0.02209
0.01362 0.02324
0.01488 0.02638
0.01574 0.02861
0.01952 0.02941
0.01456 0.02703
0.01537 0.02597
0.01738 0.02211
0.01543 0.02760
0.01280 0.02263
0.01464 0.02665
0.01389 0.03210
0.01730 0.02048
0.01882 0.02718
0.01359 0.02611
0.01401 0.02936
0.01155 0.01773
0.01959 0.02721
0.01369 0.02460
0.01099 0.01798
0.01575 0.02647
0.01479 0.02536
0.01400 0.02303
0.01389 0.02491
0.01561 0.02818
0.01410 0.02618
0.01378 0.02598
0.03057 0.02434
0.01258 0.02115
0.01582 0.03111
0.01309 0.02003
0.01393 0.02550
0.01520 0.02610
0.01043 0.01573
0.01716 0.02617
0.01868 0.02096
0.01417 0.02582
0.01397 0.02636
0.01596 0.02748
0.01497 0.02993
0.01421 0.03298
0.01512 0.02540
0.01465 0.02520
0.01416 0.02392
0.01353 0.02375
0.01395 0.03167
0.01401 0.02100
0.01416 0.02489
0.02204 0.02462
0.01576 0.02348
0.01366 0.02901
0.01486 0.02383
0.01610 0.02754
0.01562 0.02755
0.01537 0.02288
0.01509 0.01940
0.01227 0.02087
0.01537 0.02599
0.01427 0.02497
0.01600 0.02811
0.01423 0.02247
0.01453 0.02839
0.01394 0.02871
0.01169 0.01761
0.01450 0.02510
0.01359 0.02373
0.01972 0.02606
0.01455 0.02659
0.01498 0.02642
0.01480 0.02727
0.01427 0.02667
0.01676 0.02569
0.01486 0.02698
0.01441 0.02580
0.01468 0.02649
0.01735 0.02528
0.01343 0.02351
0.01266 0.02215
0.01499 0.02375
0.01373 0.02691
0.01397 0.01890
0.01392 0.02528
0.01538 0.02083
0.02203 0.02317
0.04622 0.02460
0.01354 0.03018
0.01515 0.02776
0.01270 0.01835
0.01414 0.02119
0.01496 0.03114
0.02014 0.02705
0.02013 0.02622
0.01496 0.02618
0.01617 0.02384
0.01413 0.02555
0.01430 0.02378
0.01499 0.02535
0.01445 0.02875
0.01414 0.02387
0.01507 0.02195
0.01406 0.02314
0.01518 0.02262
0.01466 0.02647
0.02219 0.02516
0.01423 0.02311
0.01364 0.02043
0.02219 0.03172
0.01384 0.02453
0.01216 0.02159
0.01698 0.02461
0.01514 0.02586
0.01301 0.02040
0.01494 0.02177
0.01594 0.02275
0.01531 0.02445
0.01344 0.01755
0.01419 0.02251
0.01380 0.02550
0.01386 0.02667
0.01723 0.02710
0.01437 0.02602
0.01451 0.02612
0.01121 0.01891
0.01675 0.02704
0.02219 0.02325
0.02227 0.02323
0.01782 0.02675
0.01490 0.02373
0.01649 0.02561
0.01264 0.01972
0.01353 0.02096
0.01855 0.02874
0.01684 0.02213
0.01227 0.01940
0.01651 0.02653
0.01482 0.02558
0.01483 0.02579
0.01485 0.02397
0.01979 0.01918
0.01446 0.02370
0.01437 0.02316
0.01439 0.02623
0.01401 0.02670
0.01386 0.02225
0.01678 0.02565
0.01395 0.02379
0.01613 0.02891
0.01176 0.01886
0.01692 0.02253
0.01275 0.01992
0.02339 0.02165
0.02191 0.02535
0.01554 0.02623
0.01406 0.02593
0.01277 0.02049
0.01621 0.02991
0.02280 0.02557
0.01056 0.01706
0.01497 0.02552
0.02619 0.02744
0.01444 0.02252
0.01386 0.02334
0.01380 0.02865
0.01408 0.02610
0.01479 0.02512
0.01411 0.02767
0.01423 0.02585
0.01421 0.02265
0.01660 0.03035
0.01518 0.02762
0.01280 0.01756
0.01432 0.02774
0.02316 0.02769
0.01662 0.02031
0.01464 0.02780
0.01459 0.02856
0.01423 0.02589
0.01558 0.02827
0.01413 0.03066
0.02209 0.02511
0.01447 0.02612
0.02134 0.02619
0.01610 0.02858
0.02317 0.02571
0.01679 0.02629
0.01357 0.02911
0.01404 0.02723
0.01113 0.02175
0.01427 0.02131
0.01393 0.02393
0.01791 0.02108
0.01229 0.02231
0.01894 0.01936
0.01704 0.02509
0.01516 0.02537
0.01025 0.01576
0.01486 0.02624
0.01890 0.03316
0.01484 0.02967
0.01304 0.02898
0.01557 0.02475
0.01793 0.02594
0.01464 0.02423
0.01528 0.02748
0.01480 0.02733
0.03426 0.02792
0.01482 0.02637
0.01330 0.02580
0.01636 0.02447
0.01344 0.02146
0.01495 0.02552
0.01568 0.02237
0.01456 0.02624
0.01404 0.03094
0.01537 0.02170
0.01337 0.02494
0.02470 0.02803
0.02158 0.02443
0.02369 0.02570
0.01484 0.02842
0.02297 0.02251
0.01374 0.02224
0.01464 0.02518
0.01447 0.02315
0.01486 0.02321
0.01380 0.02672
0.01438 0.03307
0.01385 0.02249
0.01415 0.02585
0.01390 0.02605
0.01787 0.01799
0.01951 0.02447
0.01363 0.02548
0.01587 0.02282
0.01351 0.02461
0.01627 0.02717
0.01418 0.02366
0.01747 0.02662
0.01447 0.02663
0.01420 0.02540
0.02155 0.02150
0.01371 0.02333
0.01503 0.03053
0.01364 0.02209
0.02563 0.02433
0.01417 0.02362
0.01211 0.02363
0.01948 0.02130
0.01429 0.02945
0.01374 0.02064
0.01158 0.01874
0.01378 0.02402
0.01370 0.02177
0.01335 0.02496
0.01430 0.02663
0.01449 0.02531
0.01460 0.02655
0.01611 0.02475
0.01264 0.02055
0.01393 0.02488
0.01624 0.02650
0.01554 0.02998
0.01379 0.02510
0.01307 0.02459
0.01428 0.02677
0.01384 0.02601
0.01449 0.02359
0.01497 0.02601
0.01449 0.02342
0.01462 0.02506
0.01424 0.02548
0.03174 0.02492
0.01373 0.02293
0.01566 0.02534
0.01310 0.02820
0.01611 0.02517
0.01546 0.02519
0.01672 0.02487
0.01386 0.02507
0.01284 0.02530
0.01402 0.02412
0.01393 0.02579
0.01934 0.02796
0.01390 0.02157
0.01353 0.02510
0.01359 0.01958
0.01412 0.02273
0.01760 0.02813
0.01439 0.02542
0.01414 0.02264
0.01182 0.02127
0.01729 0.02602
0.01466 0.02361
0.01584 0.02678
0.01088 0.01588
0.01946 0.02353
0.01630 0.02784
0.02339 0.02580
0.01434 0.02627
0.01408 0.02599
0.01418 0.02496
0.01485 0.02553
0.01388 0.02381
0.01311 0.02162
0.01467 0.02681
0.01394 0.02567
0.02115 0.02191
0.01536 0.02103
0.01539 0.02897
0.01236 0.02071
0.01972 0.03083
0.01619 0.02390
0.01533 0.02799
0.01491 0.02622
0.01821 0.01978
0.01373 0.02464
0.01379 0.02690
0.01433 0.02629
0.01329 0.02188
0.01441 0.02658
0.01816 0.02404
0.02250 0.02448
0.02215 0.02374
0.01476 0.02743
0.01366 0.02488
0.01752 0.02605
0.01557 0.02667
0.01824 0.02161
0.01583 0.02852
0.02421 0.02371
0.01398 0.02724
0.01550 0.02604
0.01562 0.02670
0.01392 0.02256
0.01326 0.02455
0.01397 0.02600
0.01401 0.02601
0.01437 0.02379
0.01577 0.02670
0.01609 0.02819
0.01617 0.02911
0.01617 0.02433
0.01469 0.02646
0.02848 0.02820
0.01833 0.02761
0.01861 0.03476
0.01064 0.02022
0.02640 0.02747
0.01644 0.02874
0.01553 0.02744
0.01496 0.02619
0.01466 0.02561
0.01450 0.02724
0.01440 0.02232
0.01484 0.03309
0.01356 0.02235
0.01448 0.02421
0.04270 0.02616
0.01382 0.02330
0.01637 0.02588
0.01403 0.02543
0.01403 0.02606
0.01386 0.02878
0.01471 0.02685
0.01465 0.02661
0.01453 0.02427
0.01140 0.01725
0.01532 0.02618
0.01138 0.01818
0.01418 0.02318
0.01580 0.02448
0.01472 0.02837
0.01464 0.02604
0.01335 0.01928
0.02016 0.02782
0.01481 0.02710
0.01430 0.02543
0.01646 0.02438
0.01385 0.02434
0.01498 0.02953
0.01382 0.02596
0.01611 0.02960
0.01353 0.02480
0.01431 0.02603
0.02061 0.02520
0.02269 0.02566
0.01471 0.02205
0.01594 0.03280
0.02144 0.02688
0.01936 0.02705
0.01651 0.02759
0.02200 0.02929
0.01526 0.02368
0.01410 0.02580
0.01367 0.02438
0.01409 0.02382
0.01366 0.02907
0.02183 0.02473
0.01457 0.02718
0.01377 0.02262
0.01307 0.02321
0.02307 0.02637
0.01538 0.02105
0.01867 0.02633
0.01549 0.02312
0.01146 0.01975
0.01279 0.02195
0.01576 0.02964
0.01367 0.01792
0.01378 0.02365
0.01410 0.02427
0.01239 0.02099
0.01560 0.02294
0.01449 0.02521
0.01432 0.02585
0.01363 0.02436
0.02559 0.02662
0.01409 0.02413
0.01274 0.02059
0.01471 0.02348
0.01666 0.03482
0.01452 0.02359
0.01643 0.02849
0.01490 0.02685
0.01389 0.02470
0.01559 0.02379
0.01723 0.02619
0.01397 0.02487
0.01442 0.02686
0.01414 0.02614
0.01395 0.02912
0.02210 0.02481
0.01850 0.01823
0.01401 0.02147
0.01940 0.02035
0.01703 0.02514
0.01526 0.03081
0.01095 0.01818
0.01483 0.02460
0.01491 0.02286
0.01460 0.02649
0.01650 0.02492
0.01276 0.02228
0.01573 0.02578
0.01665 0.02759
0.01367 0.02376
0.01475 0.02506
0.01446 0.02601
0.01382 0.02482
0.01472 0.03193
0.01167 0.01705
0.01590 0.02826
0.01272 0.02453
0.01395 0.02286
0.01379 0.02118
0.01816 0.02614
0.01614 0.02706
0.01341 0.02477
0.01570 0.02507
0.01510 0.03280
0.01481 0.02598
0.01713 0.02602
0.01488 0.02685
0.01477 0.03211
0.01363 0.02300
0.01543 0.02664
0.01603 0.02507
0.01302 0.02031
0.01424 0.02688
0.01513 0.02795
0.01434 0.02244
0.01532 0.02248
0.01402 0.02414
0.01447 0.02810
0.01364 0.03070
0.01440 0.02810
0.01458 0.02535
0.01542 0.02555
0.01627 0.02365
0.01398 0.02185
0.01417 0.03239
0.01549 0.02542
0.01388 0.02310
0.01943 0.02624
0.01493 0.03089
0.01463 0.02703
0.01505 0.02574
0.01432 0.02910
0.01486 0.02485
0.01213 0.01778
0.01377 0.02533
0.01364 0.02671
0.01295 0.02362
0.01614 0.02870
0.01429 0.02372
0.03030 0.02538
0.01414 0.02525
0.01442 0.02691
0.01739 0.02832
0.02485 0.02487
0.01386 0.02593
0.01826 0.02666
0.01442 0.02676
0.01395 0.02613
0.01444 0.02791
0.01413 0.03167
0.01320 0.01921
0.01360 0.02566
0.01285 0.02316
0.01652 0.03281
0.01194 0.01856
0.01590 0.02852
0.01382 0.02748
0.01483 0.02610
0.01485 0.03374
0.01910 0.02526
0.01455 0.02620
0.01641 0.02412
0.01541 0.02784
0.01120 0.01937
0.02221 0.02394
0.01306 0.01870
0.01458 0.02444
0.01388 0.02388
0.01452 0.02779
0.01728 0.02611
0.01657 0.02522
0.02174 0.02362
0.01490 0.02703
0.01760 0.02828
0.02302 0.02694
0.01773 0.02674
0.01515 0.02280
0.01507 0.02672
0.02217 0.02626
0.01438 0.02882
0.01414 0.02567
0.01477 0.02601
0.01407 0.02664
0.01441 0.02568
0.01386 0.02620
0.01494 0.02485
0.01556 0.02557
0.02290 0.02701
0.01160 0.01816
0.01150 0.02038
0.01448 0.02365
0.01539 0.02717
0.01636 0.03026
0.01465 0.03189
0.01461 0.02743
0.01634 0.02998
0.01421 0.02540
0.01577 0.02015
0.01401 0.02651
0.01978 0.02282
0.01828 0.02704
0.01098 0.01517
0.01548 0.02566
0.01415 0.02480
0.01353 0.02163
0.01534 0.02517
0.01537 0.02244
0.01481 0.02206
0.01267 0.02009
0.01472 0.02251
0.01415 0.02484
0.01268 0.01970
0.01259 0.02036
0.01537 0.02680
0.01403 0.02811
0.01387 0.02558
0.01388 0.02377
0.01519 0.02891
0.02230 0.02614
0.01513 0.02604
0.02354 0.02273
0.02230 0.03209
0.01741 0.02291
0.01465 0.02017
0.01491 0.02219
0.01363 0.02398
0.01405 0.02538
0.01681 0.02861
0.01421 0.02611
0.01349 0.02145
0.02545 0.02338
0.01510 0.02485
0.01464 0.02812
0.01687 0.03132
0.01427 0.02152
0.02910 0.02645
0.01404 0.02223
0.01334 0.02908
0.01515 0.02728
0.01450 0.02472
0.01192 0.02015
0.01430 0.02257
0.01677 0.02650
0.01652 0.02602
0.01521 0.02331
0.01511 0.02882
0.01449 0.02639
0.01421 0.02562
0.01463 0.02608
0.01519 0.02362
0.02922 0.02776
0.01553 0.02527
0.01326 0.02160
0.01434 0.02803
0.01437 0.02519
0.01451 0.02201
0.01377 0.02683
0.01477 0.02567
0.02049 0.02529
0.01635 0.02673
0.01576 0.02700
0.01666 0.02769
0.01979 0.02737
0.01425 0.02614
0.01508 0.02700
0.01468 0.02594
0.01517 0.02618
0.01438 0.02672
0.01434 0.02511
0.01401 0.01997
0.01468 0.02925
0.01344 0.02203
0.01408 0.02465
0.01407 0.02764
0.01351 0.02122
0.01534 0.02375
0.01454 0.02475
0.01390 0.02582
0.01534 0.02691
0.01345 0.02380
0.01474 0.02726
0.01970 0.03697
0.01340 0.02286
0.01323 0.02209
0.01693 0.03518
0.01412 0.02252
0.01441 0.02314
0.01379 0.02401
0.01471 0.02557
0.01444 0.03800
0.01667 0.03003
0.01621 0.02595
0.01353 0.02427
0.01410 0.02528
0.01834 0.01951
0.01228 0.01854
0.01667 0.02799
0.01464 0.02739
0.01333 0.02194
0.01380 0.02658
0.01381 0.03112
0.02285 0.02724
0.01366 0.02468
0.01414 0.02876
0.01411 0.02409
0.01563 0.02664
0.01819 0.02445
0.02768 0.02323
0.01655 0.02639
0.01522 0.02447
0.01503 0.02507
0.01345 0.02654
0.01378 0.02673
0.01394 0.02579
0.01420 0.02330
0.01372 0.02489
0.01461 0.02672
0.01340 0.02260
0.01511 0.03255
0.01660 0.02723
0.02272 0.02649
0.01370 0.02243
0.01414 0.02592
0.01373 0.02374
0.01658 0.02714
0.01475 0.02895
0.01602 0.02165
0.01474 0.02639
0.01512 0.02606
0.01522 0.02756
0.01408 0.02569
0.01360 0.02465
0.01760 0.02614
0.01434 0.02416
0.01593 0.02428
0.01245 0.02211
0.01256 0.02244
0.01290 0.02777
0.01648 0.02221
0.01514 0.03170
0.01379 0.02527
0.01628 0.02818
0.01424 0.02638
0.01394 0.02687
0.01406 0.02620
0.01384 0.02471
0.01283 0.02110
0.01138 0.01836
0.01571 0.02405
0.01804 0.02628
0.01623 0.02651
0.01488 0.02936
0.02012 0.02394
0.01512 0.01913
0.01519 0.02232
0.01421 0.02619
0.01129 0.01828
0.01450 0.03062
0.01299 0.02723
0.01389 0.02544
0.01352 0.02541
