0.03950 0.03075
0.01894 0.01886
0.00561 0.00427
0.00520 0.00388
0.01792 0.01673
0.02275 0.01383
0.00288 0.00214
0.02494 0.02143
0.02528 0.02127
0.01920 0.02041
0.00668 0.00466
0.01631 0.01693
0.02982 0.02278
0.00722 0.00491
0.02623 0.01336
0.02211 0.01910
0.01614 0.01694
0.02760 0.02311
0.00220 0.00213
0.00407 0.00314
0.03206 0.02390
0.03174 0.02072
0.01818 0.01186
0.02420 0.02052
0.02219 0.01410
0.02675 0.02121
0.01788 0.01556
0.00305 0.00296
0.00217 0.00266
0.02863 0.02168
0.04589 0.02224
0.02697 0.02089
0.01642 0.01071
0.02526 0.02132
0.03490 0.02270
0.01029 0.00604
0.01338 0.01216
0.00311 0.00319
0.03021 0.02478
0.01870 0.01668
0.01809 0.01769
0.02664 0.02110
0.02358 0.02084
0.02517 0.02244
0.02433 0.02168
0.00269 0.00258
0.02115 0.01940
0.03551 0.02143
0.01108 0.00783
0.00352 0.00293
0.03929 0.02264
0.02271 0.02877
0.02727 0.02218
0.01287 0.01146
0.01564 0.01363
0.01541 0.01488
0.00804 0.00590
0.02575 0.02272
0.01848 0.01823
0.00441 0.00375
0.02078 0.01226
0.02461 0.01736
0.02823 0.02144
0.02739 0.02766
0.00232 0.00220
0.00716 0.00728
0.02038 0.01969
0.03281 0.02121
0.01643 0.01496
0.03560 0.02781
0.01057 0.00696
0.02571 0.02253
0.02856 0.02110
0.02915 0.02037
0.01812 0.00863
0.02116 0.02153
0.02077 0.01914
0.01966 0.01958
0.01191 0.00660
0.01063 0.00754
0.00383 0.00325
0.02247 0.02024
0.04609 0.01314
0.01969 0.01907
0.03183 0.02418
0.02111 0.01640
0.02133 0.02553
0.02395 0.02124
0.02302 0.02330
0.00892 0.00555
0.00365 0.00263
0.00245 0.00230
0.00236 0.00250
0.02338 0.02433
0.02554 0.02050
0.00572 0.00433
0.01916 0.01871
0.02410 0.02199
0.02834 0.01855
0.00671 0.00550
0.01923 0.01916
0.02154 0.02065
0.01999 0.01978
0.02609 0.02262
0.01264 0.00695
0.01931 0.01938
0.02198 0.01470
0.00855 0.00442
0.02359 0.02177
0.00652 0.00466
0.02957 0.02109
0.00343 0.00286
0.00260 0.00232
0.01793 0.01762
0.02170 0.02127
0.01574 0.01080
0.00504 0.00396
0.01277 0.00952
0.02704 0.02601
0.01654 0.01513
0.01329 0.01178
0.03754 0.02164
0.02493 0.02152
0.00349 0.00313
0.02625 0.02192
0.00214 0.00178
0.01465 0.01145
0.01531 0.01447
0.02507 0.02076
0.01845 0.01933
0.01344 0.01272
0.02273 0.02137
0.02821 0.02504
0.03279 0.02100
0.01007 0.00957
0.00216 0.00180
0.00280 0.00209
0.00540 0.00360
0.00227 0.00218
0.01080 0.00908
0.00818 0.00523
0.00303 0.00316
0.00487 0.00187
0.02544 0.02838
0.03254 0.02184
0.01176 0.01220
0.02904 0.02606
0.02766 0.02729
0.02571 0.02195
0.02506 0.02216
0.00839 0.00590
0.00871 0.00536
0.01966 0.01988
0.02881 0.02015
0.02356 0.02015
0.02566 0.02316
0.02253 0.01853
0.02092 0.02065
0.03360 0.02019
0.02601 0.02029
0.02561 0.02909
0.03572 0.02269
0.02046 0.01760
0.00255 0.00249
0.00565 0.00468
0.02231 0.02276
0.02337 0.01714
0.01556 0.00890
0.00289 0.00283
0.02252 0.02023
0.00699 0.00438
0.01047 0.00746
0.02447 0.02363
0.02483 0.02126
0.00324 0.00229
0.02373 0.02161
0.00832 0.00595
0.03271 0.02711
0.00227 0.00269
0.02901 0.02058
0.01699 0.01479
0.02220 0.01698
0.02687 0.01937
0.02667 0.01887
0.02109 0.01703
0.00237 0.00302
0.02176 0.01885
0.03035 0.02058
0.01082 0.00678
0.03060 0.02614
0.02463 0.01771
0.00953 0.00651
0.02606 0.02160
0.00195 0.00257
0.00717 0.00524
0.02604 0.02164
0.03066 0.02705
0.01655 0.01014
0.01795 0.00838
0.00878 0.00639
