0.04405 0.09088 0.00540
0.05231 0.12673 0.03541
0.05356 0.10024 0.00414
0.05737 0.12614 0.00658
0.04794 0.07887 0.01096
0.04826 0.11590 0.03818
0.03510 0.07467 0.02032
0.04986 0.10577 0.01156
0.08009 0.09167 0.03490
0.03832 0.09772 0.01997
0.04412 0.09202 0.01736
0.03463 0.09079 0.01887
0.02916 0.06017 0.01117
0.03234 0.06924 0.02315
0.03828 0.10495 0.01963
0.04668 0.09547 0.08698
0.04853 0.11934 0.02850
0.04483 0.11189 0.02605
0.03553 0.08318 0.02767
0.03697 0.07267 0.02876
0.04396 0.09386 0.03163
0.04374 0.09661 0.04511
0.04332 0.10084 0.01689
0.05180 0.09645 0.01978
0.03928 0.07552 0.02104
0.03463 0.08206 0.01008
0.04173 0.09987 0.02020
0.03211 0.07170 0.00400
0.04789 0.12042 0.05048
0.03739 0.06115 0.02795
0.05394 0.11596 0.01381
0.04660 0.09886 0.07598
0.04079 0.11700 0.02368
0.05823 0.10350 0.01806
0.04230 0.11528 0.01581
0.04730 0.11990 0.07328
0.04994 0.09672 0.01109
0.02959 0.06409 0.00833
0.03782 0.09702 0.02063
0.04122 0.11573 0.03149
0.04104 0.11675 0.02102
0.03605 0.06039 0.04496
0.04247 0.09076 0.01526
0.04312 0.11183 0.01211
0.04706 0.09952 0.07484
0.04113 0.12630 0.04509
0.04299 0.12048 0.00895
0.04177 0.10958 0.02487
0.05549 0.12238 0.03642
0.04132 0.11674 0.02131
0.04661 0.09840 0.07601
0.05139 0.11452 0.01574
0.04790 0.09731 0.08878
0.03190 0.06984 0.01651
0.04953 0.06296 0.02368
0.03609 0.06354 0.01884
0.05149 0.09622 0.02379
0.03984 0.09916 0.01594
0.04549 0.12085 0.03545
0.03655 0.08696 0.01315
0.04741 0.11341 0.02329
0.03765 0.09292 0.01560
0.03384 0.07251 0.00780
0.04251 0.09567 0.02219
0.04881 0.12051 0.01219
0.03909 0.10148 0.02941
0.06100 0.11855 0.01912
0.05108 0.10057 0.02220
0.06711 0.10341 0.01839
0.03627 0.09055 0.01930
0.05042 0.11837 0.02169
0.06158 0.08287 0.01330
0.04156 0.07790 0.02675
0.04444 0.11041 0.02176
0.04272 0.10786 0.03533
0.03778 0.06249 0.02146
0.04291 0.09627 0.04350
0.03067 0.06609 0.00645
0.04857 0.11415 0.03437
0.04236 0.11930 0.00442
0.05431 0.12024 0.03365
0.04138 0.09476 0.02507
0.05419 0.11186 0.02149
0.03222 0.07195 0.01650
0.06241 0.10000 0.01247
0.03894 0.07754 0.02598
0.04998 0.10166 0.02651
0.04870 0.09902 0.02315
0.04182 0.11300 0.00412
0.06324 0.12106 0.05179
0.05145 0.10539 0.01957
0.05261 0.10256 0.03574
0.03458 0.07148 0.01891
0.03506 0.06543 0.01887
0.05508 0.09880 0.01935
0.03641 0.06389 0.03261
0.04946 0.12084 0.04138
0.04442 0.12296 0.01539
0.05313 0.11819 0.02117
0.02931 0.06203 0.01134
0.05163 0.09779 0.04367
0.05484 0.10366 0.01882
0.05895 0.09454 0.06869
0.05276 0.10784 0.02233
0.03862 0.10304 0.01036
0.04014 0.10481 0.01358
0.03783 0.09638 0.01776
0.04241 0.06183 0.00886
0.05326 0.10261 0.03205
0.03865 0.10041 0.02218
0.03753 0.09143 0.01576
0.05117 0.06628 0.02157
0.03357 0.07508 0.00436
0.04640 0.12627 0.02304
0.05732 0.10161 0.01968
0.04054 0.07659 0.01690
0.03271 0.06988 0.01521
0.04284 0.10228 0.00329
0.04394 0.10240 0.01349
0.04278 0.07120 0.01886
0.05400 0.10282 0.03006
0.04494 0.11186 0.00269
0.05390 0.10889 0.01413
0.04753 0.10102 0.02151
0.03823 0.06150 0.00794
0.04664 0.12501 0.01968
0.04336 0.11794 0.02625
0.03751 0.09700 0.02065
0.03742 0.09101 0.02908
0.03644 0.08476 0.01783
0.05292 0.09959 0.01390
0.04522 0.09641 0.06551
0.05905 0.09573 0.07872
0.03323 0.07052 0.01954
0.04775 0.11541 0.01839
0.03920 0.10287 0.01107
0.05004 0.09324 0.03484
0.02966 0.06929 0.01945
0.02966 0.06165 0.00425
0.05682 0.10055 0.00955
0.04127 0.11962 0.01759
0.05720 0.10824 0.02749
0.04832 0.10521 0.00656
0.03388 0.07219 0.02078
0.04031 0.11710 0.00892
0.03622 0.09184 0.02324
0.03533 0.06598 0.02267
0.03715 0.09189 0.01049
0.04191 0.10526 0.02345
0.03763 0.10176 0.04097
0.04939 0.09771 0.03250
0.04432 0.11072 0.01488
0.07363 0.10774 0.03210
0.04404 0.09856 0.02281
0.05685 0.10033 0.02284
0.05692 0.11671 0.00381
0.04078 0.12055 0.00948
0.04185 0.09358 0.01459
0.04633 0.09254 0.01438
0.05993 0.09688 0.01696
0.03648 0.06156 0.01046
0.06365 0.09812 0.00449
0.04668 0.10579 0.02062
0.04943 0.09667 0.02935
0.04373 0.08885 0.03289
0.03789 0.07268 0.02031
0.04374 0.12203 0.01312
0.05130 0.11919 0.02009
0.04709 0.12185 0.04157
0.04794 0.09467 0.02713
0.05902 0.10555 0.02150
0.05159 0.10444 0.01062
0.05580 0.09567 0.01953
0.03575 0.08704 0.02328
0.03488 0.06497 0.02269
0.05893 0.07770 0.02536
0.04777 0.09730 0.07963
0.03797 0.10298 0.02487
0.04790 0.09901 0.06858
0.04892 0.12444 0.04503
0.04568 0.11685 0.01816
0.03959 0.10737 0.01088
0.07786 0.10010 0.02763
0.04869 0.09130 0.00957
0.04337 0.11701 0.00692
0.04769 0.09545 0.01706
0.05071 0.06153 0.02325
0.05067 0.12065 0.00654
0.03015 0.05993 0.02021
0.03614 0.09049 0.01956
0.04319 0.11543 0.03021
0.05317 0.11080 0.01715
0.07196 0.12162 0.04996
0.04569 0.11008 0.01334
0.03105 0.06631 0.01849
0.05883 0.10250 0.01969
0.04637 0.09468 0.05136
0.05116 0.11806 0.02370
0.04578 0.07551 0.01002
0.05169 0.09589 0.03111
