0.03220 0.05910 0.00210
0.01621 0.05737 0.02102
0.01420 0.04411 0.00956
0.01837 0.04223 0.01874
0.01432 0.03990 0.01848
0.00881 0.01718 0.00047
0.01318 0.03911 0.01873
0.00852 0.01621 0.01692
0.01608 0.04966 0.00978
0.01425 0.04662 0.01884
0.01533 0.04775 0.01952
0.01125 0.03336 0.01107
0.02692 0.05583 0.01879
0.00573 0.01147 0.00157
0.01414 0.03842 0.01869
0.01765 0.04748 0.02012
0.01543 0.04600 0.01202
0.00610 0.01509 0.02036
0.01884 0.04582 0.01197
0.00986 0.01993 0.02146
0.00257 0.00380 0.00143
0.00754 0.01353 0.01845
0.00389 0.00554 0.00457
0.01577 0.04595 0.01912
0.00610 0.01264 0.00058
0.02836 0.07593 0.01858
0.00517 0.00875 0.01854
0.00525 0.01211 0.01828
0.01902 0.04644 0.00332
0.00893 0.01609 0.01827
0.01464 0.03958 0.00651
0.02286 0.05869 0.02196
0.02355 0.04859 0.01406
0.01567 0.04226 0.01877
0.01586 0.05296 0.01531
0.01104 0.02046 0.01852
0.01419 0.04441 0.01869
0.01609 0.04044 0.01425
0.01081 0.01780 0.01852
0.00869 0.01626 0.00158
0.02109 0.03836 0.00140
0.02364 0.05450 0.01885
0.00877 0.01887 0.00079
0.00904 0.02117 0.00792
0.00615 0.01218 0.01840
0.01477 0.04733 0.01487
0.00454 0.00632 0.02200
0.01847 0.05104 0.01848
0.01568 0.03993 0.00737
0.00612 0.01624 0.00060
0.00627 0.01832 0.02147
0.00943 0.01603 0.00058
0.00318 0.00487 0.00090
0.00674 0.01615 0.00893
0.00927 0.01911 0.00111
0.00759 0.01968 0.00087
0.01316 0.02309 0.01580
0.00854 0.01576 0.00091
0.00626 0.01708 0.00069
0.02693 0.03662 0.00295
0.01528 0.04648 0.01895
0.00717 0.01613 0.00052
0.02496 0.05306 0.00151
0.00782 0.01194 0.01889
0.01476 0.04230 0.01852
0.00518 0.01047 0.01837
0.02338 0.03993 0.00553
0.01734 0.04379 0.01965
0.00446 0.00582 0.01845
0.00463 0.00974 0.01837
0.00632 0.01582 0.01333
0.01580 0.04694 0.01932
0.00439 0.00713 0.02689
0.00805 0.01749 0.00386
0.01225 0.03027 0.02149
0.01685 0.04186 0.02152
0.00720 0.01369 0.01033
0.00752 0.01540 0.00088
0.01659 0.03996 0.01882
0.00587 0.01299 0.00585
0.02274 0.07334 0.01871
0.01690 0.05357 0.01905
0.01459 0.03793 0.00921
0.00525 0.01070 0.02022
0.01104 0.02962 0.00359
0.02675 0.04652 0.00414
0.01964 0.04047 0.01948
0.00833 0.01841 0.01840
0.01370 0.04065 0.00407
0.02332 0.06375 0.02016
0.01015 0.02197 0.01344
0.00673 0.01376 0.00051
0.01158 0.01915 0.00679
0.01356 0.04240 0.01541
0.00906 0.02317 0.00243
0.00252 0.00321 0.00043
0.01669 0.03548 0.00725
0.01019 0.02066 0.01923
0.00616 0.01104 0.02204
0.01434 0.04574 0.02514
0.01345 0.03928 0.01970
0.01814 0.05307 0.01872
0.00786 0.01450 0.00970
0.01217 0.02820 0.00959
0.00453 0.00965 0.01837
0.01512 0.04676 0.00302
0.02217 0.04719 0.02643
0.00743 0.01340 0.00113
0.00852 0.01955 0.02708
0.00416 0.00700 0.00052
0.00755 0.01202 0.01837
0.00712 0.01519 0.00051
0.00237 0.00303 0.00361
0.01630 0.04933 0.00119
0.01792 0.05168 0.02177
0.01448 0.04645 0.01579
0.01741 0.04416 0.00117
0.00821 0.01717 0.02310
0.01675 0.04287 0.01844
0.00603 0.01439 0.00051
0.02127 0.04569 0.01617
0.01744 0.05149 0.01851
0.01488 0.04775 0.01954
0.01650 0.05681 0.02071
0.01624 0.03735 0.00175
0.00562 0.01177 0.01841
0.02103 0.04828 0.01897
0.01394 0.03678 0.00097
0.01295 0.02454 0.00821
0.01824 0.04186 0.01942
0.01755 0.04391 0.00292
0.01437 0.03973 0.01026
0.02321 0.03743 0.00092
0.00709 0.01586 0.00850
0.01807 0.04585 0.01893
0.01814 0.04041 0.01859
0.01877 0.04346 0.00113
0.01485 0.02279 0.00982
0.00516 0.01015 0.01391
0.01603 0.04249 0.00149
0.00905 0.01620 0.01976
0.02140 0.04819 0.01865
0.01977 0.04715 0.01930
0.00957 0.02385 0.01366
0.01124 0.01957 0.00116
0.00760 0.01334 0.01837
0.02022 0.04507 0.00226
0.02355 0.03688 0.00094
0.00852 0.01725 0.01839
0.02013 0.04556 0.01919
0.01992 0.05708 0.01981
0.01666 0.04862 0.01923
0.00782 0.01908 0.01979
0.01921 0.06657 0.00225
0.02607 0.04680 0.01135
0.01055 0.02055 0.01854
0.01896 0.04640 0.01962
0.01135 0.02279 0.00996
0.00373 0.00496 0.00594
0.00618 0.01335 0.00856
0.00592 0.01130 0.01828
0.00733 0.01284 0.00050
0.01072 0.02382 0.00214
0.00225 0.00399 0.00296
0.00765 0.01280 0.00275
0.00677 0.01360 0.00056
0.00673 0.01137 0.00075
0.00861 0.01148 0.00525
0.00355 0.00478 0.02103
0.00744 0.01567 0.01861
0.01438 0.04483 0.00251
0.00606 0.01507 0.01919
0.01930 0.04239 0.01100
0.01912 0.05429 0.00755
0.00919 0.01489 0.00061
0.00949 0.01623 0.00051
0.00710 0.01361 0.00557
0.00291 0.00410 0.02471
0.01425 0.04643 0.01881
0.00587 0.01361 0.00313
0.01416 0.04577 0.01878
0.01397 0.04582 0.00183
0.01848 0.04383 0.01854
0.01626 0.04683 0.01855
0.01191 0.03326 0.01843
0.01939 0.04982 0.01215
0.00466 0.00731 0.00726
0.01378 0.04085 0.01859
0.01427 0.04606 0.01887
0.01022 0.02056 0.03049
0.02185 0.04676 0.01916
0.01347 0.04053 0.01472
0.01055 0.01904 0.00557
0.01451 0.04369 0.00777
0.01614 0.05205 0.01426
0.01626 0.04741 0.01893
0.01902 0.04174 0.01886
0.01889 0.04200 0.01940
0.01547 0.04675 0.01922
0.00566 0.01043 0.00368
