4788 7095 10.81350 3.14082 2.15829 0.80697 161 0 0 141 64 837 100.00000 0
38 3387 11.50802 0.00420 2.22911 0.80308 89 0 0 83 61 365 100.00000 0
39 8586 11.48626 0.03120 2.39711 1.47432 30 0 0 24 22 155 100.00000 0
4737 7202 11.02315 2.65492 2.35119 0.82424 55 0 0 50 27 385 100.00000 0
4701 7233 10.63455 1.64708 2.14630 2.50796 79 0 0 66 15 601 100.00000 0
17 3387 11.50802 0.00420 2.38079 1.19975 78 0 0 70 49 344 100.00000 0
42 3414 11.75156 0.02822 2.26067 1.11627 58 0 0 54 36 202 100.00000 0
6142 7877 11.44315 3.13854 2.03138 1.18300 90 0 0 86 32 747 100.00000 0
4796 7122 11.95018 3.03352 2.21174 1.72646 86 0 0 78 28 528 100.00000 0
45 100 11.49053 0.02079 2.83416 1.53850 37 0 0 35 23 188 100.00000 0
49 3414 11.75156 0.02822 2.07347 1.01259 38 0 0 34 28 181 100.00000 0
25 8585 10.74196 0.02857 2.28179 1.00794 30 0 0 25 19 129 100.00000 0
5217 6790 11.76252 3.13150 33.79048 179.42054 5 0 0 5 2 56 100.00000 0
1592 6749 10.57266 3.13709 2.23936 2.03548 29 0 1 22 10 213 100.00000 0
1248 7191 10.42904 2.91139 2.20652 0.53668 80 0 0 73 33 419 100.00000 0
4968 6996 11.42188 3.09670 6.00036 177.42960 17 0 0 11 8 249 100.00000 0
1216 7187 11.86606 2.85067 2.69487 2.71339 85 0 0 51 22 608 100.00000 0
4859 7081 11.68554 3.11619 2.01734 0.65730 86 0 0 80 36 527 100.00000 0
6356 7620 10.42478 1.73005 4.31132 2.80393 51 0 0 49 30 386 100.00000 0
56 8547 11.75274 0.00574 2.10429 0.64891 109 0 0 97 79 471 100.00000 0
4782 7130 10.77576 3.06593 2.10744 1.37031 106 0 0 87 30 570 100.00000 0
