352 4110 10.52336 0.01361 0.34745 0.30261 31 1 1 27 18 351 100.00000 0
459 3982 10.49489 0.01009 0.30474 0.57811 26 1 4 26 16 250 100.00000 0
346 709 11.50833 0.00719 0.72545 0.62495 18 0 1 13 7 211 100.00000 0
3679 7107 10.26745 0.11951 1.50275 6.84791 16 0 0 13 8 168 100.00000 0
555 976 11.26895 0.00154 0.45650 0.75381 39 1 1 37 26 488 100.00000 0
531 976 11.26895 0.00154 0.44259 1.17103 34 2 3 34 24 518 100.00000 0
420 975 10.76826 0.00183 0.49090 0.25641 34 2 3 21 16 563 100.00000 0
7754 7810 11.31788 0.72617 1.23276 2.24542 11 0 0 9 4 152 100.00000 0
3018 5736 10.49427 0.04344 0.27618 1.48622 31 0 4 31 20 448 100.00000 0
2471 5270 11.33786 0.30847 0.75011 2.23090 11 0 2 5 5 93 100.00000 0
614 975 10.76826 0.00183 0.45097 0.37534 31 1 2 22 20 521 100.00000 0
734 4172 10.02836 0.01118 0.54885 0.42244 32 0 3 24 22 580 100.00000 0
758 4172 10.03026 0.01108 0.59445 0.83883 51 0 3 48 37 605 100.00000 0
497 976 11.26895 0.00154 0.42464 0.61421 44 2 3 41 32 505 100.00000 0
2843 5563 11.77477 0.05659 0.41109 0.75899 18 0 0 14 13 520 100.00000 0
458 4171 10.79933 0.01107 0.68261 0.37639 25 0 0 22 9 418 100.00000 0
345 476 11.74965 0.00708 0.59097 0.52414 29 0 1 25 13 280 100.00000 0
1211 4394 11.01681 0.01370 0.31310 0.81325 43 5 8 41 36 639 100.00000 0
1591 4756 11.77052 0.01505 0.51332 0.99387 17 1 3 15 11 332 100.00000 0
1033 4214 11.50809 0.00802 0.36506 0.69998 55 4 5 53 44 517 100.00000 0
2429 5323 11.68318 0.82280 1.73244 2.84593 9 0 2 5 4 90 100.00000 0
1497 4649 10.80174 0.00434 0.49921 0.08847 38 0 0 36 31 315 100.00000 0
2287 5313 11.57005 0.70560 0.81436 3.07014 7 1 0 3 3 80 100.00000 0
3246 6020 10.39814 0.01340 1.04958 0.38359 23 0 0 19 17 390 100.00000 0
3053 5787 10.69800 0.01198 0.28849 0.94874 31 2 1 25 22 555 100.00000 0
2472 2581 11.22698 0.77641 0.83149 2.77149 18 0 1 18 14 116 100.00000 0
392 974 10.01406 0.00381 0.41359 0.59610 42 4 3 42 30 524 100.00000 0
345 660 11.74965 0.00708 0.33900 0.67551 23 0 2 19 13 300 100.00000 0
2268 2564 11.48797 0.58047 0.61004 1.88242 22 0 1 17 13 119 100.00000 0
2476 5321 10.45620 0.77092 0.37677 2.85609 24 0 2 22 17 100 100.00000 0
1697 4865 10.52734 0.00414 0.37285 0.12195 63 2 5 63 51 289 100.00000 0
2218 5305 10.48793 0.48154 0.62917 0.97036 14 1 4 10 7 136 100.00000 0
3231 6009 10.25562 0.04391 0.90174 2.29422 32 0 0 21 19 404 100.00000 0
2281 5312 11.91985 0.68669 0.46932 1.57868 12 0 2 7 7 87 100.00000 0
165 3828 10.68290 0.01326 0.44169 0.76872 47 1 2 47 23 580 100.00000 0
337 3957 10.51725 0.00644 0.45145 0.29871 32 1 2 29 25 349 100.00000 0
1490 4643 10.03190 0.00777 0.36474 0.45111 57 2 9 54 39 380 100.00000 0
1007 4188 10.27012 0.01706 0.32078 0.28804 32 1 2 22 18 380 100.00000 0
1759 4933 10.45872 0.70154 0.29976 0.81373 20 1 1 12 12 86 100.00000 0
6606 6919 10.49518 0.00708 0.58910 0.36797 34 0 0 25 23 231 100.00000 0
791 979 11.51970 0.00400 0.68126 0.62558 17 0 0 17 13 169 100.00000 0
2495 5320 10.24209 0.74014 0.53718 3.13463 13 1 4 13 6 109 100.00000 0
632 3982 10.49489 0.01009 0.53677 0.98079 18 0 2 14 9 309 100.00000 0
2228 2559 10.88836 0.49447 0.37122 0.94626 20 0 0 15 14 106 100.00000 0
346 608 11.50244 0.00580 0.32523 0.56924 23 2 2 23 14 350 100.00000 0
2862 5582 11.64744 0.02020 0.59579 0.42244 38 0 1 35 27 394 100.00000 0
1397 4571 11.51180 0.00561 0.50545 0.93879 59 0 1 59 46 865 100.00000 0
2320 5321 10.76751 0.80012 0.35917 2.53945 24 1 1 21 17 134 100.00000 0
404 977 11.52020 0.00049 0.54826 1.58733 23 1 3 11 9 404 100.00000 0
481 3982 10.49489 0.01009 0.31507 0.64952 34 1 4 30 24 301 100.00000 0
2622 5348 10.90531 0.02185 0.68189 1.38027 42 0 4 22 15 419 100.00000 0
3985 4106 11.26913 0.01135 0.61048 0.40154 32 1 0 27 21 360 100.00000 0
2565 5331 10.40103 0.58587 0.39389 1.66836 52 10 2 48 27 322 100.00000 0
8038 8089 11.01070 0.43522 0.40235 3.24450 115 2 4 115 85 603 100.00000 0
667 4173 11.79777 0.00987 1.20016 3.19721 27 0 0 20 15 465 100.00000 0
346 654 11.50244 0.00580 0.47270 0.63304 15 1 1 15 9 228 100.00000 0
3694 7205 10.66241 0.46041 0.21833 0.58081 13 0 3 13 4 141 100.00000 0
773 979 11.51970 0.00400 0.83356 0.41778 23 0 0 19 12 497 100.00000 0
540 974 10.01791 0.00258 0.34318 0.36691 47 3 4 43 36 589 100.00000 0
2178 2503 10.26950 0.29786 0.62216 1.71212 8 0 2 3 3 73 100.00000 0
111 3795 10.50595 0.01434 0.80230 0.52190 19 0 1 16 13 449 100.00000 0
1251 4418 10.26327 0.01129 0.21474 0.42151 74 13 15 68 54 465 100.00000 0
460 4173 11.79777 0.00987 0.52239 0.89657 27 0 1 23 19 474 100.00000 0
457 3980 11.49638 0.01155 0.53152 0.53155 15 0 1 13 5 254 100.00000 0
777 3985 10.24876 0.00981 0.57804 0.55178 21 0 3 16 8 329 100.00000 0
981 4142 11.02953 0.01426 0.37343 1.16969 22 0 2 19 17 403 100.00000 0
239 3901 11.94909 0.07899 0.49138 0.65012 19 0 1 19 12 231 100.00000 0
4116 4174 10.00670 0.00664 0.48157 0.57743 27 1 2 25 20 588 100.00000 0
812 978 10.77040 0.00229 0.37644 0.23739 27 0 2 27 19 508 100.00000 0
2511 2583 11.93117 0.82358 0.29897 2.74652 29 0 1 27 20 115 100.00000 0
1067 4264 11.51297 0.00305 0.39347 0.56924 49 2 12 42 38 451 100.00000 0
711 4170 10.03241 0.01130 0.47976 0.38052 45 1 3 41 32 494 100.00000 0
1359 4520 11.54538 0.00724 0.36979 0.60393 31 1 3 29 20 382 100.00000 0
4011 4171 11.77155 0.00644 0.54443 0.41496 53 0 0 53 34 544 100.00000 0
350 917 10.50898 0.00703 0.45307 0.40830 18 1 2 13 10 312 100.00000 0
848 3984 10.74879 0.01016 0.44912 0.70332 27 1 1 27 17 309 100.00000 0
8045 8108 11.99700 1.25167 0.38862 2.38162 60 0 1 60 37 394 100.00000 0
642 3979 11.99371 0.01255 0.51260 1.13815 28 0 1 20 14 258 100.00000 0
2328 5272 10.63939 0.30767 0.71402 3.64078 9 0 0 3 2 59 100.00000 0
464 4170 10.30159 0.01147 0.51613 0.36045 34 0 1 32 24 529 100.00000 0
2312 5320 11.43827 0.82385 0.76372 4.87974 13 0 1 10 11 109 100.00000 0
2176 2437 10.80393 0.29947 0.51548 1.72056 8 0 0 6 4 72 100.00000 0
368 967 10.00277 0.01055 0.59063 0.60393 40 1 2 36 28 384 100.00000 0
889 979 11.51970 0.00400 0.92423 0.69436 20 0 0 16 10 319 100.00000 0
2335 2582 11.44621 0.80088 0.55682 3.69798 17 0 0 13 9 104 100.00000 0
417 4172 11.29839 0.01034 0.49784 0.51205 32 0 2 28 25 507 100.00000 0
2359 5321 10.45620 0.77092 0.45838 2.83656 10 1 0 8 7 90 100.00000 0
925 976 10.00929 0.00120 0.43037 0.67260 43 1 3 41 29 597 100.00000 0
2337 5323 11.68318 0.82280 0.48986 2.68453 12 0 2 10 3 117 100.00000 0
1942 5057 10.01155 0.01166 1.15237 0.67027 6 0 0 6 3 46 100.00000 0
2175 2384 10.80392 0.29987 1.67151 5.98412 13 0 0 7 10 109 100.00000 0
2267 2565 11.79055 0.60432 0.56695 1.46980 25 0 0 23 18 124 100.00000 0
364 4161 10.26025 0.01913 0.37859 0.77531 30 2 2 28 20 397 100.00000 0
2173 2440 11.32990 0.30114 0.98460 2.05785 9 0 0 5 4 68 100.00000 0
348 618 10.25119 0.00537 0.42778 0.44850 35 1 3 26 24 359 100.00000 0
829 976 10.00929 0.00120 0.43376 0.15826 48 0 3 46 34 568 100.00000 0
2521 5270 11.33786 0.30847 0.86618 3.28420 15 0 2 7 6 127 100.00000 0
825 4173 10.53017 0.01052 0.64190 0.41401 37 0 2 31 25 492 100.00000 0
458 4173 11.79777 0.00987 0.63674 1.08065 23 0 0 17 16 441 100.00000 0
1266 4445 10.02312 0.01663 0.37227 0.32021 19 0 3 17 16 260 100.00000 0
4002 4166 11.51660 0.01168 0.42745 0.61739 36 2 1 28 20 459 100.00000 0
3703 7225 11.08056 0.76917 0.36277 0.91941 13 1 1 13 8 137 100.00000 0
2644 5371 11.79552 0.02474 0.47159 0.96469 29 0 2 27 14 459 100.00000 0
1793 4951 11.30203 0.21655 0.53123 3.24594 45 1 0 38 29 124 100.00000 0
350 897 10.50898 0.00703 0.58091 0.98596 19 0 0 14 11 321 100.00000 0
654 4170 10.30159 0.01147 0.52234 0.68870 46 0 1 46 35 431 100.00000 0
558 974 10.01791 0.00258 0.32735 0.53229 41 4 1 41 31 564 100.00000 0
350 743 10.50898 0.00703 0.45411 0.40542 18 0 0 13 9 329 100.00000 0
351 4093 11.02224 0.01386 0.82172 5.71868 23 0 2 9 7 355 100.00000 0
2927 5646 10.06681 0.00285 0.40659 0.17694 25 0 1 22 17 324 100.00000 0
761 4175 11.52745 0.00992 0.84472 0.65492 26 0 0 26 19 366 100.00000 0
508 3982 10.49489 0.01009 0.31976 0.78084 24 0 1 22 16 320 100.00000 0
484 4170 10.30159 0.01147 0.52056 0.37742 38 0 0 38 30 500 100.00000 0
