3660 6675 11.15628 0.00375 2.34652 1.29875 17 2 8 9 1 111 100.00000 0
1949 5079 10.80691 0.00882 53.16724 0.50668 3 0 0 0 0 13 100.00000 0
3645 6593 11.70663 0.00345 11.34462 0.20558 5 0 0 3 2 32 100.00000 0
3559 6480 11.23116 0.01288 4.08330 0.26095 24 0 0 24 16 167 100.00000 0
2429 5323 11.68318 0.82280 2.25997 2.68292 109 96 11 98 63 366 100.00000 0
2172 2321 11.33265 0.27787 2.39919 2.33532 71 67 0 55 48 228 100.00000 0
2472 2581 11.22698 0.77641 2.40301 2.73867 125 88 9 115 89 381 100.00000 0
3526 6446 10.51057 0.03046 3.37118 3.77128 7 4 0 3 2 29 100.00000 0
2476 5321 10.45620 0.77092 2.39037 2.83697 137 108 19 129 95 367 100.00000 0
2411 5323 11.68318 0.82280 2.21161 2.68263 88 79 6 76 62 321 100.00000 0
3651 6604 10.22634 0.00689 4.33136 3.76036 7 1 0 3 2 89 100.00000 0
2495 5320 10.24209 0.74014 2.43449 3.06005 118 103 8 93 71 387 100.00000 0
6606 6982 10.49518 0.00708 2.27534 1.63829 18 6 8 9 6 111 100.00000 0
2320 5321 10.76751 0.80012 2.20220 2.55083 114 103 11 94 73 397 100.00000 0
2488 5323 11.68318 0.82280 2.17771 2.68263 104 89 14 86 64 368 100.00000 0
1915 5045 11.31781 0.00580 28.59228 2.38327 4 0 0 4 1 14 100.00000 0
8038 8089 11.01070 0.43522 2.21439 3.09263 72 14 2 64 46 372 100.00000 0
2511 2583 11.93117 0.82358 2.58314 2.68919 102 83 12 84 64 346 100.00000 0
2335 2582 11.44621 0.80088 2.33658 2.62629 105 93 7 89 70 397 100.00000 0
2359 5321 10.45620 0.77092 2.28478 2.83324 150 138 9 141 104 403 100.00000 0
2337 5323 11.68318 0.82280 2.22861 2.68424 74 67 6 63 50 307 100.00000 0
1942 5057 10.01155 0.01166 31.15681 162.38519 4 0 0 0 1 5 100.00000 0
3660 6661 11.15628 0.00375 2.38770 2.52166 14 2 7 4 4 90 100.00000 0
3477 6402 11.29745 0.04273 16.17981 1.15250 5 0 0 5 4 11 100.00000 0
1793 4951 11.30203 0.21655 32.88253 12.40750 12 1 1 12 6 44 100.00000 0
2422 5320 10.24209 0.74014 2.44820 3.03989 90 78 7 79 60 304 100.00000 0
