0.02360 0.02327
0.02629 0.02126
0.01707 0.01641
0.03263 0.02605
0.00340 0.00400
0.00595 0.00483
0.03238 0.02454
0.01751 0.01831
0.01626 0.01642
0.01658 0.01654
0.02108 0.02040
0.02749 0.02375
0.01443 0.01786
0.01657 0.01577
0.00287 0.00346
0.00354 0.00435
0.01775 0.01665
0.00310 0.00384
0.01699 0.01745
0.00309 0.00329
0.02421 0.02616
0.02790 0.02519
0.02830 0.02434
0.02251 0.01897
0.02173 0.02628
0.00442 0.00471
0.00433 0.00438
0.00555 0.00500
0.00625 0.00523
0.01719 0.01972
0.01713 0.01171
0.00352 0.00395
0.02338 0.03045
0.03031 0.01766
0.00350 0.00416
0.00310 0.00322
0.02015 0.01831
0.00334 0.00333
0.00293 0.00324
0.01710 0.01695
0.02442 0.01829
0.00399 0.00426
0.03348 0.02386
0.01802 0.01802
0.00383 0.00436
0.02404 0.02403
0.00402 0.00492
0.02614 0.02695
0.00367 0.00606
0.00374 0.00302
0.00300 0.00344
0.00757 0.00754
0.01943 0.01743
0.00337 0.00325
0.00277 0.00326
0.03588 0.02291
0.02714 0.02677
0.03429 0.02567
0.01986 0.01252
0.01924 0.01707
0.02302 0.01966
0.00313 0.00288
0.02083 0.02067
0.02143 0.02777
0.00362 0.00286
0.02767 0.02460
0.00473 0.00354
0.02743 0.02272
0.01737 0.01980
0.02530 0.01823
0.01690 0.01627
0.00273 0.00316
0.00337 0.00409
0.00347 0.00363
0.00291 0.00328
0.03020 0.02359
0.00315 0.00337
0.00278 0.00318
0.01695 0.01512
0.02661 0.02274
0.03287 0.02059
0.00298 0.00293
0.00273 0.00329
0.01848 0.01917
0.01627 0.01779
0.03691 0.02808
0.00488 0.00429
0.04332 0.03176
0.01958 0.02313
0.02987 0.02198
0.03022 0.02100
0.02318 0.02555
0.00487 0.00341
0.00437 0.00356
0.00349 0.00381
0.00353 0.00350
0.00330 0.00368
0.03149 0.02826
0.01640 0.01605
0.02742 0.01764
0.02462 0.02275
0.00426 0.00467
0.02471 0.02254
0.00392 0.00307
0.01706 0.01698
0.01456 0.01481
0.00328 0.00338
0.01690 0.01889
0.00452 0.00371
0.00392 0.00429
0.02902 0.01999
0.00349 0.00335
0.00424 0.00324
0.01840 0.01500
0.00333 0.00347
0.02084 0.02065
0.02834 0.01626
0.02055 0.02371
0.00370 0.00463
0.02613 0.01649
0.01882 0.01795
0.02344 0.01806
0.02462 0.03037
0.02742 0.02279
0.02577 0.01511
0.02943 0.02303
0.02811 0.02404
0.01811 0.01705
0.00590 0.00509
0.04603 0.02364
0.02428 0.02258
0.00443 0.00476
0.01961 0.01598
0.00696 0.00645
0.00502 0.00429
0.00476 0.00342
0.02727 0.02383
0.00291 0.00326
0.02157 0.01931
0.00668 0.00492
0.02492 0.02618
0.02417 0.02225
0.00363 0.00304
0.00363 0.00318
0.01538 0.01545
0.01797 0.02119
0.00300 0.00347
0.02777 0.01608
0.01515 0.01831
0.02160 0.02031
0.02924 0.01673
0.00454 0.00388
0.01702 0.01626
0.02703 0.02230
0.00338 0.00419
0.00363 0.00459
0.00408 0.00391
0.00668 0.00817
0.00389 0.00296
0.03541 0.03463
0.00451 0.00315
0.00342 0.00365
0.00293 0.00337
0.00484 0.00422
0.02119 0.02206
0.02398 0.03031
0.02121 0.01668
0.00388 0.00443
0.01636 0.01451
0.03480 0.02774
0.00568 0.00453
0.01684 0.01691
0.00444 0.00376
0.00308 0.00320
0.02477 0.02212
0.00339 0.00341
0.01995 0.02695
0.00506 0.00443
0.03613 0.03127
0.00385 0.00394
0.00324 0.00325
0.02132 0.01948
0.02463 0.02495
0.00430 0.00494
0.02442 0.02215
0.01768 0.01759
0.01870 0.01692
0.00302 0.00313
0.00284 0.00319
0.00313 0.00338
0.00286 0.00320
0.00338 0.00331
0.00350 0.00313
0.02765 0.02102
0.01934 0.01670
0.00332 0.00342
0.02870 0.02402
0.00476 0.00293
0.02335 0.02122
0.00328 0.00346
