0.06290 0.10707 0.00604
0.03945 0.13350 0.00984
0.02691 0.07861 0.01899
0.02651 0.09356 0.01974
0.03247 0.07614 0.00851
0.03148 0.09065 0.01887
0.03444 0.11448 0.00377
0.05065 0.12271 0.00278
0.02601 0.08078 0.00305
0.04324 0.15276 0.00902
0.04103 0.10566 0.01431
0.04380 0.11843 0.01158
0.04021 0.14754 0.01565
0.03739 0.08259 0.00562
0.03703 0.07546 0.00252
0.02548 0.09269 0.00907
0.02563 0.08880 0.01886
0.02704 0.09452 0.01054
0.03818 0.12373 0.01656
0.03035 0.11428 0.02379
0.02473 0.06840 0.00391
0.02604 0.08957 0.00797
0.04205 0.12144 0.01641
0.04203 0.16087 0.01897
0.02829 0.09289 0.01102
0.03644 0.06536 0.02075
0.04097 0.14083 0.00417
0.02896 0.09961 0.01885
0.02588 0.08830 0.00311
0.02590 0.07948 0.01940
0.03564 0.11433 0.00553
0.03806 0.12711 0.00848
0.05445 0.11972 0.01995
0.03661 0.10414 0.00113
0.03339 0.11417 0.01856
0.04343 0.11011 0.00198
0.04491 0.11693 0.01881
0.03048 0.11350 0.01895
0.03123 0.11792 0.00143
0.02570 0.09054 0.02071
0.02594 0.08510 0.00796
0.03974 0.13797 0.00248
0.04780 0.11325 0.01011
0.04166 0.13245 0.00445
0.02741 0.07317 0.00181
0.02955 0.09232 0.01205
0.02828 0.09196 0.01893
0.02748 0.08595 0.01570
0.03543 0.10783 0.00121
0.04010 0.15913 0.00269
0.03097 0.11179 0.01876
0.03310 0.11476 0.00161
0.04452 0.13298 0.00253
0.02548 0.07822 0.01187
0.02539 0.08092 0.00525
0.03550 0.12010 0.01636
0.03263 0.11869 0.01844
0.02677 0.09215 0.01253
0.03499 0.11171 0.01547
0.03244 0.12444 0.01852
0.02698 0.08459 0.01777
0.04116 0.12036 0.01138
0.03975 0.14361 0.02346
0.03845 0.14113 0.01886
0.03915 0.14249 0.01558
0.04623 0.15783 0.00606
0.05429 0.13553 0.00874
0.02567 0.08345 0.01095
0.02509 0.08074 0.01381
0.02587 0.08006 0.00396
0.05866 0.11513 0.00198
0.03939 0.13535 0.01901
0.02934 0.09398 0.01611
0.02581 0.09232 0.00165
0.02615 0.08737 0.01904
0.04461 0.13103 0.01654
0.02591 0.07622 0.01642
0.03876 0.12506 0.00238
0.03128 0.10865 0.01850
0.03240 0.11121 0.01870
0.02513 0.07847 0.01682
0.03317 0.12464 0.00141
0.02830 0.07735 0.01904
0.02740 0.08122 0.00433
0.05098 0.12131 0.01870
0.02900 0.09438 0.01888
0.02679 0.09332 0.00564
0.05349 0.14733 0.00877
0.03092 0.09810 0.01871
0.03159 0.09004 0.00641
0.03452 0.10677 0.00915
0.03279 0.10750 0.00107
0.04508 0.14339 0.01148
0.02804 0.09636 0.01248
0.04071 0.15041 0.01895
0.02956 0.09291 0.02658
0.02539 0.09359 0.01103
0.03107 0.09611 0.02188
0.02505 0.07656 0.01934
0.02956 0.09399 0.00866
0.02652 0.06808 0.00609
0.05542 0.12729 0.01863
0.04168 0.12086 0.00448
0.02948 0.09153 0.01808
0.02617 0.09172 0.01682
0.02572 0.08864 0.01912
0.03336 0.11843 0.00131
0.03240 0.12147 0.01872
0.03136 0.11283 0.02400
0.03287 0.11765 0.01175
0.03708 0.12405 0.01853
0.02485 0.06914 0.00938
0.04183 0.15523 0.01822
0.03773 0.15298 0.00823
0.03831 0.12428 0.00855
0.02621 0.08015 0.01996
0.04158 0.15144 0.01329
0.04066 0.13541 0.00625
0.03076 0.09922 0.00224
0.02928 0.10235 0.01882
0.02527 0.08229 0.02407
0.04488 0.15410 0.00407
0.04473 0.09180 0.00933
0.02657 0.09409 0.01008
0.02624 0.09485 0.00824
0.02639 0.09333 0.01380
0.03238 0.10801 0.01673
0.02554 0.08165 0.01807
0.03399 0.11099 0.00178
0.04817 0.12373 0.00353
0.03608 0.12497 0.01897
0.03679 0.12493 0.00273
0.03151 0.10885 0.01904
0.03788 0.14164 0.01828
0.03331 0.11504 0.00152
0.03367 0.10323 0.00252
0.02748 0.07413 0.00742
0.03958 0.15384 0.02053
0.03182 0.10907 0.01869
0.03039 0.09506 0.00150
0.02656 0.08142 0.02167
0.02768 0.09323 0.01934
0.04331 0.14624 0.01887
0.03637 0.12168 0.01899
0.04503 0.11679 0.00306
0.03931 0.14212 0.01900
0.02645 0.09125 0.00273
0.02641 0.09340 0.01882
0.04021 0.14995 0.02846
0.03102 0.11178 0.01634
0.03315 0.11885 0.00733
0.02505 0.08032 0.01836
0.02706 0.08956 0.00843
0.03108 0.09516 0.01867
0.03509 0.11330 0.01886
0.04324 0.13372 0.02040
0.04063 0.09922 0.01593
0.03690 0.11399 0.01064
0.02635 0.09139 0.01067
0.03526 0.12398 0.01870
0.02681 0.09048 0.01192
0.02591 0.09015 0.00757
0.03626 0.11744 0.01897
0.02523 0.07763 0.01902
0.02613 0.08907 0.02007
0.03541 0.12207 0.00781
0.04998 0.14159 0.01926
0.04181 0.13052 0.01466
0.04346 0.15170 0.01879
0.03921 0.13148 0.01920
0.03899 0.14622 0.01877
0.03804 0.13181 0.01877
0.02628 0.08060 0.01051
0.02556 0.08574 0.00892
0.03856 0.12874 0.01612
0.03680 0.13309 0.00239
0.02513 0.08063 0.01362
0.04805 0.12155 0.01873
0.02677 0.09253 0.01761
0.02535 0.08044 0.01005
0.02578 0.08926 0.01633
0.02588 0.07694 0.00273
0.03633 0.10986 0.00631
0.02631 0.09213 0.01540
0.03602 0.12021 0.01066
0.04318 0.11233 0.01919
0.02519 0.09340 0.01231
0.04282 0.13159 0.00469
0.03909 0.13026 0.01882
0.02697 0.08261 0.00743
0.03547 0.12203 0.00925
0.02577 0.07923 0.01958
0.02590 0.06367 0.00278
0.03713 0.11054 0.01879
0.02865 0.09200 0.01887
0.02601 0.09210 0.01716
0.03237 0.13404 0.00274
0.03564 0.06826 0.02641
0.03020 0.08807 0.00969
0.03952 0.09080 0.01964
