0.01768 0.05349 0.01823
0.01477 0.03737 0.02317
0.01211 0.02638 0.00217
0.01293 0.02371 0.00335
0.01127 0.02352 0.00382
0.00619 0.01284 0.01418
0.01952 0.02549 0.01983
0.00681 0.01179 0.00797
0.01253 0.03135 0.01917
0.01435 0.03120 0.01588
0.01260 0.02802 0.01915
0.00981 0.02319 0.00401
0.02580 0.03181 0.00328
0.00728 0.00919 0.01844
0.01114 0.02014 0.01848
0.01752 0.02869 0.01910
0.01501 0.02731 0.01039
0.00584 0.01176 0.00050
0.01845 0.02762 0.00330
0.00612 0.01211 0.01043
0.00127 0.00172 0.02087
0.00544 0.00780 0.01831
0.00285 0.00378 0.02162
0.01587 0.03859 0.00308
0.00653 0.01013 0.00056
0.02837 0.04916 0.01906
0.00430 0.00494 0.02341
0.00549 0.00958 0.00051
0.01812 0.02840 0.00437
0.01071 0.02035 0.02599
0.01342 0.02370 0.01877
0.01427 0.03164 0.00141
0.01273 0.02315 0.00070
0.01635 0.02698 0.00112
0.01683 0.03545 0.01508
0.01046 0.01636 0.01913
0.01281 0.02798 0.00333
0.01633 0.02161 0.01849
0.00661 0.01193 0.02294
0.00582 0.00869 0.00113
0.02045 0.03215 0.00334
0.02077 0.03091 0.01868
0.00983 0.01469 0.00141
0.00967 0.01272 0.01858
0.00548 0.00988 0.02233
0.01423 0.01836 0.01554
0.00229 0.00270 0.01243
0.01311 0.02721 0.00681
0.01114 0.02353 0.01881
0.00628 0.01196 0.01839
0.00619 0.01306 0.01854
0.00539 0.00862 0.01904
0.00183 0.00226 0.00144
0.00680 0.01085 0.00102
0.00742 0.01233 0.00149
0.01000 0.02168 0.00141
0.01490 0.01287 0.00777
0.00791 0.01387 0.00338
0.00916 0.01227 0.02402
0.01080 0.01973 0.00129
0.01545 0.02815 0.00249
0.01138 0.01529 0.01945
0.01511 0.03336 0.01031
0.00765 0.01297 0.03354
0.01196 0.02276 0.00100
0.00428 0.00737 0.01384
0.01197 0.02211 0.00099
0.01219 0.02595 0.01943
0.00384 0.00393 0.02559
0.00485 0.00814 0.01837
0.00832 0.01271 0.01840
0.02331 0.04080 0.00285
0.00448 0.00558 0.02098
0.00803 0.01067 0.00071
0.00977 0.01280 0.02108
0.01153 0.02395 0.00606
0.00431 0.00811 0.02120
0.00786 0.01132 0.01062
0.01171 0.02960 0.00608
0.00435 0.00745 0.01068
0.01682 0.04671 0.01469
0.01412 0.02966 0.01852
0.01577 0.02033 0.02041
0.00437 0.00493 0.00085
0.00740 0.01266 0.00136
0.01270 0.02819 0.01908
0.01200 0.02410 0.00347
0.00839 0.01337 0.01846
0.01202 0.02145 0.02024
0.01860 0.04292 0.01935
0.00705 0.01239 0.00857
0.00584 0.01060 0.00054
0.00932 0.01201 0.00089
0.02459 0.02835 0.00624
0.01378 0.01876 0.00193
0.00188 0.00328 0.00213
0.01773 0.02785 0.00707
0.01295 0.01255 0.00906
0.00569 0.00906 0.01853
0.01280 0.02812 0.00235
0.01508 0.02452 0.01889
0.01482 0.03294 0.01853
0.00618 0.00883 0.01511
0.00849 0.01906 0.01842
0.00437 0.00853 0.02048
0.01512 0.03931 0.00621
0.01242 0.02837 0.01608
0.00675 0.00843 0.01846
0.00852 0.01321 0.00054
0.00664 0.00579 0.00051
0.00733 0.00995 0.00072
0.00738 0.01504 0.00053
0.00156 0.00202 0.00062
0.01563 0.03008 0.01857
0.01587 0.02949 0.01847
0.01380 0.03425 0.00203
0.01723 0.02401 0.00784
0.00664 0.00878 0.01818
0.01407 0.02938 0.01440
0.00744 0.01432 0.00791
0.02123 0.02828 0.00281
0.02003 0.02977 0.01942
0.01375 0.02812 0.00378
0.01684 0.03126 0.01936
0.01077 0.01915 0.01115
0.00602 0.01073 0.00056
0.01315 0.02876 0.01945
0.01747 0.02074 0.00263
0.00702 0.01227 0.00995
0.01161 0.02041 0.00093
0.01883 0.02816 0.00968
0.01517 0.02973 0.00105
0.01762 0.02705 0.01873
0.00607 0.01010 0.03223
0.01441 0.02876 0.00733
0.02081 0.02487 0.01896
0.01162 0.02452 0.00149
0.00844 0.01142 0.01888
0.00497 0.00807 0.01345
0.01264 0.02406 0.01863
0.00545 0.00803 0.00218
0.01283 0.02928 0.01173
0.01478 0.03471 0.00779
0.00931 0.01610 0.00073
0.00942 0.01300 0.00987
0.00523 0.00964 0.01945
0.01250 0.02771 0.01015
0.01506 0.02149 0.00588
0.00877 0.01509 0.01888
0.01679 0.02279 0.00315
0.02183 0.04143 0.01885
0.01660 0.02940 0.01198
0.01028 0.01886 0.02042
0.02659 0.04305 0.01886
0.01290 0.02939 0.00419
0.01220 0.01438 0.01112
0.01517 0.02800 0.00790
0.00974 0.01731 0.00142
0.00152 0.00202 0.02495
0.00434 0.00797 0.00050
0.00417 0.00746 0.00055
0.00583 0.00845 0.01845
0.00614 0.01198 0.00893
0.00145 0.00187 0.00452
0.00693 0.00919 0.00116
0.00526 0.00792 0.00043
0.00569 0.00816 0.00452
0.00591 0.00958 0.00047
0.00226 0.00359 0.00232
0.00902 0.01223 0.00116
0.01251 0.02664 0.01930
0.00780 0.01046 0.02458
0.01223 0.02586 0.00766
0.01326 0.03437 0.00314
0.00672 0.00925 0.00768
0.00811 0.01338 0.02469
0.00696 0.01184 0.00054
0.00152 0.00174 0.00034
0.01319 0.02869 0.01963
0.00506 0.00797 0.01835
0.01317 0.02842 0.00742
0.02134 0.03265 0.00199
0.01543 0.02218 0.01861
0.01243 0.02800 0.02307
0.00993 0.02298 0.00573
0.01388 0.02955 0.01929
0.00328 0.00374 0.02100
0.01223 0.02527 0.01875
0.01348 0.02945 0.01909
0.00636 0.01152 0.01838
0.01265 0.02860 0.00584
0.01802 0.02589 0.01899
0.00672 0.01251 0.02180
0.01194 0.02610 0.01884
0.01315 0.03074 0.01853
0.01506 0.02934 0.02111
0.01428 0.02809 0.01054
0.01754 0.03287 0.00491
0.01698 0.03345 0.02288
0.00515 0.01028 0.01572
