3660 6675 11.15628 0.00375 12.25475 0.22029 8 0 0 5 4 148 100.00000 0
6806 7202 10.99288 0.02735 6.57516 1.56573 5 0 0 3 2 98 100.00000 0
1949 5079 10.80691 0.00882 21.52808 10.36523 4 0 0 0 1 42 100.00000 0
3645 6593 11.70663 0.00345 17.75759 6.23259 5 0 0 1 2 79 100.00000 0
2429 5323 11.68318 0.82280 2.25141 2.72850 33 15 8 25 19 169 100.00000 0
2172 2321 11.33265 0.27787 3.55437 3.51703 27 8 2 17 13 136 100.00000 0
2472 2581 11.22698 0.77641 2.24796 2.72649 37 14 3 33 26 193 100.00000 0
2171 2366 11.86999 0.30255 2.33875 3.01973 6 2 0 6 5 69 100.00000 0
2476 5321 10.45620 0.77092 2.18087 2.83531 41 16 5 36 22 210 100.00000 0
2411 5323 11.68318 0.82280 2.16340 2.68307 33 14 11 31 19 166 100.00000 0
6603 7152 11.74402 0.00648 4.80750 15.23173 10 5 0 8 8 154 100.00000 0
6927 7202 10.99288 0.02735 95.73616 1.56573 5 0 0 2 2 126 100.00000 0
3651 6604 10.22634 0.00689 13.90007 1.10712 7 0 0 5 2 107 100.00000 0
2495 5320 10.24209 0.74014 2.42333 3.03306 21 8 4 19 9 167 100.00000 0
2320 5321 10.76751 0.80012 2.19302 2.57542 51 24 20 43 36 260 100.00000 0
2488 5323 11.68318 0.82280 2.51496 2.83158 40 8 13 28 14 206 100.00000 0
1915 5045 11.31781 0.00580 13.71254 0.34035 8 0 0 8 4 75 100.00000 0
2171 2500 11.86999 0.30255 2.30564 2.66961 9 0 3 6 2 93 100.00000 0
2052 5187 10.74936 0.02658 10.36492 0.37949 25 0 0 22 17 129 100.00000 0
2172 2464 11.68279 0.30204 2.67775 4.01649 14 1 1 5 3 122 100.00000 0
2511 2583 11.93117 0.82358 2.10310 2.63388 43 22 5 35 26 202 100.00000 0
6604 6789 11.24828 0.00629 10.85769 9.85513 8 0 0 4 2 151 100.00000 0
2335 2582 11.44621 0.80088 2.21792 2.62465 51 31 9 47 35 228 100.00000 0
2359 5321 10.45620 0.77092 2.29916 2.83006 70 36 11 59 47 272 100.00000 0
2337 5323 11.68318 0.82280 2.08744 2.69414 25 16 4 17 16 140 100.00000 0
1942 5057 10.01155 0.01166 30.08512 173.46031 4 0 0 4 3 28 100.00000 0
3660 6661 11.15628 0.00375 6.48193 0.22029 9 1 0 0 1 99 100.00000 0
3477 6402 11.29745 0.04273 9.02671 0.66146 11 0 0 9 7 68 100.00000 0
2422 5320 10.24209 0.74014 2.77161 3.05557 36 9 11 32 21 207 100.00000 0
