0.01742 0.01900 0.00132
0.01456 0.01668 0.01931
0.01322 0.01538 0.02215
0.01815 0.02734 0.00118
0.01752 0.04448 0.02176
0.02081 0.02550 0.00111
0.02274 0.02024 0.01487
0.01565 0.03250 0.00651
0.01422 0.01714 0.01381
0.01542 0.02549 0.01925
0.01299 0.01737 0.00169
0.01574 0.03017 0.00099
0.02251 0.03508 0.01974
0.01659 0.03565 0.00627
0.01425 0.01890 0.01860
0.01325 0.01708 0.00474
0.01060 0.01518 0.01847
0.01159 0.01597 0.00274
0.01082 0.01650 0.00216
0.01209 0.01956 0.01405
0.01654 0.03443 0.01848
0.01344 0.02526 0.01857
0.01682 0.02142 0.01460
0.01591 0.01857 0.00163
0.01903 0.03223 0.02025
0.01572 0.03049 0.00689
0.01951 0.01844 0.00241
0.01274 0.02306 0.00058
0.01130 0.01373 0.00116
0.02057 0.01993 0.01849
0.01577 0.03063 0.01438
0.01614 0.03158 0.00126
0.01639 0.01784 0.00060
0.01956 0.03111 0.01449
0.01293 0.02056 0.01875
0.01603 0.03472 0.00519
0.01501 0.02242 0.00748
0.01832 0.02610 0.01945
0.02160 0.02376 0.00963
0.01303 0.02125 0.00947
0.01663 0.03335 0.00959
0.01923 0.03421 0.00506
0.01263 0.01257 0.00620
0.01662 0.02438 0.01412
0.01347 0.02768 0.01020
0.01724 0.02276 0.01846
0.01461 0.02333 0.01844
0.01602 0.03215 0.00574
0.01598 0.03083 0.01394
0.00882 0.01176 0.00508
0.01823 0.02058 0.00075
0.01168 0.01691 0.01862
0.01459 0.03002 0.00153
0.01319 0.02368 0.00276
0.01883 0.02227 0.01129
0.01663 0.02415 0.01152
0.01350 0.02275 0.01885
0.01565 0.02279 0.00864
0.01575 0.02992 0.01872
0.01444 0.02428 0.02051
0.01331 0.02196 0.00273
0.01896 0.03159 0.00066
0.01123 0.02039 0.00728
0.01687 0.03426 0.00713
0.01697 0.02257 0.01877
0.01224 0.01971 0.00242
0.01671 0.03268 0.00514
0.02196 0.02917 0.00387
0.01812 0.03080 0.01940
0.01225 0.01839 0.01895
0.01273 0.02201 0.00420
0.00862 0.01109 0.01843
0.01239 0.02402 0.01058
0.01205 0.02199 0.01849
0.01414 0.02954 0.01874
0.01555 0.02866 0.01847
0.01852 0.01662 0.02116
0.01551 0.02059 0.01076
0.01726 0.02500 0.01852
0.01902 0.03196 0.00154
0.01394 0.01951 0.00156
0.01414 0.01763 0.01411
0.01753 0.02471 0.01958
0.01513 0.02651 0.00082
0.01650 0.02656 0.00267
0.01255 0.01882 0.02250
0.01391 0.02545 0.01246
0.01680 0.04017 0.01982
0.01281 0.02173 0.01098
0.01677 0.02887 0.00448
0.01695 0.02466 0.01904
0.01381 0.02517 0.01843
0.01581 0.02311 0.01840
0.02179 0.03189 0.00836
0.01765 0.02536 0.01500
0.01135 0.01193 0.01296
0.01798 0.04151 0.01031
0.01931 0.02491 0.00279
0.01235 0.02065 0.01848
0.01392 0.02290 0.01835
0.02071 0.01758 0.02039
0.01122 0.01944 0.00629
0.01394 0.02282 0.00966
0.01395 0.01958 0.00652
0.01941 0.02488 0.00548
0.01461 0.02693 0.00839
0.02287 0.03557 0.01017
0.01979 0.02673 0.01954
0.01273 0.02042 0.01834
0.01225 0.01662 0.01129
0.01677 0.03417 0.00658
0.01471 0.03075 0.01867
0.01364 0.02697 0.01111
0.02172 0.02743 0.01248
0.01262 0.01497 0.00532
0.01107 0.01590 0.00965
0.02068 0.03385 0.01406
0.00943 0.01321 0.00056
0.01977 0.02001 0.01929
0.01312 0.01947 0.00267
0.01420 0.01778 0.00783
0.01375 0.02521 0.02139
0.01139 0.01641 0.02139
0.01252 0.02213 0.01857
0.01321 0.02462 0.01997
0.01869 0.03211 0.02078
0.01475 0.02828 0.02232
0.01580 0.02574 0.01479
0.00940 0.01282 0.02060
0.01612 0.02439 0.00823
0.01515 0.02673 0.01952
0.01284 0.02378 0.00092
0.02326 0.02383 0.01449
0.01326 0.02115 0.01401
0.01332 0.02401 0.00634
0.01801 0.01546 0.00994
0.01670 0.02873 0.01865
0.01536 0.03189 0.01843
0.02560 0.03744 0.00491
0.02038 0.02409 0.01332
0.02496 0.03336 0.00533
0.01291 0.02377 0.01829
0.01738 0.04066 0.01935
0.01529 0.02877 0.02395
0.00977 0.01242 0.00070
0.00970 0.01395 0.01539
0.01608 0.03070 0.02471
0.01586 0.03460 0.00707
0.01443 0.02210 0.03727
0.01260 0.02396 0.01847
0.01446 0.01544 0.02244
0.01436 0.02482 0.01861
0.01697 0.03090 0.02107
0.01442 0.02057 0.01447
0.01436 0.02720 0.00445
0.02057 0.03211 0.00795
0.01898 0.02762 0.01883
0.01643 0.02450 0.01815
0.01431 0.02303 0.01190
0.02140 0.02790 0.02031
0.02062 0.02130 0.01653
0.01849 0.04288 0.02224
0.01605 0.02215 0.00423
0.01142 0.01402 0.01924
0.01812 0.03185 0.01869
0.01934 0.04524 0.01898
0.01606 0.01674 0.00139
0.01611 0.02855 0.01864
0.01507 0.02217 0.00677
0.01991 0.03183 0.01728
0.01639 0.03065 0.01863
0.01216 0.01883 0.00253
0.01149 0.01641 0.01153
0.02012 0.04470 0.02163
0.01510 0.03169 0.01422
0.01040 0.01528 0.00308
0.01598 0.02996 0.02002
0.01240 0.01780 0.00152
0.01178 0.02258 0.01262
0.01378 0.01719 0.00577
0.01512 0.02208 0.00225
0.01689 0.02404 0.01540
0.01444 0.01699 0.01453
0.01125 0.01797 0.00692
0.01885 0.02720 0.00871
0.01322 0.01314 0.00675
0.02495 0.04196 0.00602
0.01758 0.02542 0.01864
0.01322 0.02269 0.00062
0.01701 0.02821 0.01626
0.01275 0.01637 0.01914
0.01640 0.01643 0.00155
0.01384 0.02487 0.01870
0.01837 0.01890 0.01469
0.01379 0.01486 0.01872
0.01406 0.02300 0.00052
0.01757 0.02622 0.01845
0.01605 0.02712 0.01603
0.02123 0.04593 0.02022
0.01854 0.01847 0.01849
