2684 3419 6.40398 0.00285 11.01015 1.30506 12 0 0 12 9
185 4615 9.99334 0.00998 0.62221 0.28939 65 18 2 54 36
4618 8988 6.50838 0.00491 0.49404 0.81036 140 80 8 129 111
2774 3005 6.40398 0.00285 0.45170 0.33920 20 9 4 18 11
487 5455 6.24522 0.00378 0.19112 0.18767 98 80 14 94 70
4581 8989 7.25774 0.00503 0.57880 0.34605 107 40 2 94 76
2644 3293 7.65267 0.00280 8.01763 5.71841 10 0 0 3 5
3627 7597 8.88253 0.41598 0.47599 2.02410 29 2 5 27 7
7408 7956 6.56028 0.00823 0.30635 0.31898 40 21 15 40 21
2770 3486 7.80940 0.00381 21.26651 0.21670 8 0 0 4 4
7403 7585 8.35530 0.01010 0.27017 0.37949 33 14 16 29 13
593 9825 9.39153 0.01119 0.80304 0.94626 21 2 1 19 11
174 4392 9.24801 0.01510 0.28790 1.02412 94 66 8 86 61
7402 7774 9.05913 0.01004 1.21260 0.41401 23 5 12 15 5
4712 8970 9.27518 0.01148 0.61404 0.56441 44 8 10 40 27
2793 3325 6.40398 0.00285 6.18638 6.43834 17 0 0 8 8
2753 3445 6.40398 0.00285 21.50645 0.17914 7 0 0 2 4
2626 3099 9.79770 0.00565 25.94382 0.32021 22 6 0 10 11
820 5610 6.24926 0.00244 0.32750 0.50124 66 40 7 64 41
1064 5832 8.51305 0.01162 0.38695 0.23573 24 14 2 24 16
1885 6669 6.14318 0.01985 0.08309 1.07556 146 126 16 140 108
2823 3459 6.40104 0.00324 6.56010 0.73542 14 0 0 14 8
250 9643 9.75695 0.04305 0.41301 0.30647 37 28 4 35 29
2657 3183 6.75414 0.00328 3.22703 7.83722 15 1 1 6 8
4668 8991 8.75338 0.00378 0.49915 0.39167 108 55 7 104 77
2328 7073 9.24132 0.09011 0.54818 1.07119 22 10 1 19 13
9004 9541 9.48076 0.01466 0.46941 0.93753 74 50 11 66 52
1710 6476 9.86769 0.00942 0.28187 0.55743 138 114 12 125 100
2629 3421 9.45175 0.00411 7.71441 0.67840 14 0 0 12 10
2705 3465 6.56028 0.00316 6.16643 1.01991 23 0 0 21 14
2628 3012 9.44973 0.00426 6.97054 12.43100 17 0 0 1 4
9211 9577 9.98385 0.01124 0.26364 0.67724 60 51 2 52 45
2718 3372 6.40398 0.00285 5.47429 3.07600 25 0 0 10 8
2708 3292 6.40398 0.00285 22.86213 0.17914 9 0 0 3 5
5178 9827 7.17774 0.01340 1.08056 0.97237 45 4 2 39 33
5243 9826 6.76334 0.01377 0.58916 1.12570 98 53 3 92 74
2604 2747 7.65506 0.00378 8.72923 0.42521 37 0 0 31 25
891 9841 6.73470 0.05094 0.63409 0.52489 78 29 4 76 58
9453 9572 7.48285 0.01448 0.25097 0.93503 116 89 9 116 84
1027 5808 9.01124 0.00400 8.56614 0.53741 22 0 0 17 15
468 5138 8.50152 0.00458 0.49337 0.22728 36 13 4 36 24
7401 7547 9.05972 0.01005 0.53535 0.38563 33 11 10 28 19
2822 3470 7.10438 0.00365 0.31602 0.20367 14 7 4 12 7
480 5274 6.99642 0.00263 0.29191 0.17471 51 33 9 49 33
867 5499 9.51029 0.01231 0.29404 0.42887 52 41 5 50 38
4526 4810 8.75214 0.00576 0.69884 1.48675 91 30 5 88 67
168 4485 7.01677 0.01458 1.00660 0.67144 108 4 2 106 81
2844 3070 6.05536 0.00234 1.16274 3.16063 31 17 1 28 23
2703 3188 6.40398 0.00285 23.25927 0.17914 21 0 1 8 9
867 5593 9.51029 0.01231 0.14784 0.68586 52 39 3 48 39
1702 6471 6.58430 0.00590 0.21153 0.28667 140 107 24 128 97
2816 3386 6.40398 0.00285 5.34809 1.59176 21 0 0 19 12
857 5643 7.51143 0.00796 0.44144 0.35827 42 24 3 40 33
2627 3028 9.79903 0.00493 24.78035 0.28804 24 3 0 5 7
8089 8238 6.99388 0.20592 0.49755 1.53595 25 6 9 23 13
9353 9574 8.74355 0.01439 0.55639 0.87268 138 84 6 132 112
4819 9015 8.77535 0.01152 0.42113 0.62495 61 36 1 47 48
2632 3262 8.90466 0.00406 12.27215 0.55391 9 0 0 6 4
1616 6461 6.55843 0.01074 0.28735 0.62495 122 102 6 116 88
2716 3207 6.40398 0.00285 6.86497 0.19383 40 0 0 29 22
2861 3504 7.45766 0.00403 16.57423 125.75275 5 0 0 2 2
2731 3044 6.40398 0.00285 22.65422 0.17914 26 8 0 3 6
2709 3209 6.40398 0.00285 7.88808 0.18975 30 0 0 17 20
694 9819 6.82782 0.00920 0.79480 1.20853 63 19 2 56 46
2348 7091 7.50012 0.14584 0.98221 1.41167 24 17 1 18 7
2821 3376 6.40398 0.00285 9.21994 2.80770 13 0 0 10 8
2676 3028 6.40398 0.00285 5.51207 1.10571 22 0 0 6 14
2738 2985 6.05194 0.00239 4.68650 4.80114 19 0 0 15 14
861 5522 6.24489 0.01092 0.20466 0.68643 100 83 8 98 79
2673 3062 6.40398 0.00285 4.57746 0.60068 23 0 0 7 9
93 8925 8.73174 0.02725 0.65854 1.54307 69 13 3 65 52
2782 3155 6.40398 0.00285 0.41461 0.20748 14 7 1 10 7
2804 3286 6.40398 0.00285 2.82418 0.17914 6 1 0 0 2
2826 3503 9.40902 0.00530 10.36041 8.29460 16 0 0 10 12
2826 3002 6.40749 0.00272 0.21798 1.20820 22 14 2 20 14
4122 8749 7.75014 0.01137 0.23609 0.62370 84 65 4 76 64
4461 8972 7.27216 0.01277 0.67729 0.70554 92 28 8 86 66
126 4360 9.76398 0.00708 0.48541 0.89263 73 32 7 66 56
4522 4811 9.00147 0.00578 0.58903 0.95900 83 41 3 75 64
2247 6966 7.87190 0.32279 0.34845 1.09860 162 119 13 154 89
2759 3104 6.40398 0.00285 0.41158 0.61802 24 16 1 24 21
2680 3332 6.40398 0.00285 6.76402 3.00153 29 0 0 24 19
5122 5422 9.24610 0.00468 0.34276 0.43611 33 19 5 23 20
2843 3271 6.05536 0.00229 0.43937 1.02870 13 4 2 9 5
2815 3450 6.40043 0.00381 10.73351 0.35718 11 0 0 3 2
863 5345 7.51167 0.01078 0.32899 0.79917 82 56 3 76 57
173 4396 6.75475 0.01432 0.29528 0.75692 127 100 14 125 103
2730 3167 6.40398 0.00285 0.73689 0.64468 16 2 1 11 9
2716 3412 6.40398 0.00285 6.51188 3.38876 21 0 0 21 18
2158 6913 6.55637 0.00962 0.36853 0.45284 116 74 22 114 72
5664 9839 6.49715 0.03266 0.94907 0.60393 43 0 0 43 32
670 5625 9.48427 0.00911 0.50004 0.88116 18 6 4 11 9
203 9012 8.96216 0.02306 0.36279 1.72850 118 95 4 112 88
2837 3373 6.40657 0.00276 2.77184 0.20174 20 0 0 15 6
2806 3063 6.40398 0.00285 0.51442 0.19584 20 7 3 18 15
2631 3241 9.25648 0.00434 5.40504 0.47395 15 0 0 8 9
2830 3144 6.40614 0.00267 0.86536 1.15148 22 5 1 9 4
9009 9490 6.73275 0.01464 0.32264 0.85134 136 111 19 134 112
484 849 6.98685 0.01068 0.22265 0.58013 84 68 10 80 59
4677 8971 8.01522 0.01215 0.94225 0.70776 89 2 1 83 64
2836 3484 7.62272 0.00349 3.31169 0.22900 6 0 0 3 4
2715 3470 7.10438 0.00365 6.59446 0.60587 20 0 0 18 16
2693 3369 6.40398 0.00285 6.86388 1.95064 15 0 0 9 8
2639 3337 8.20220 0.00359 6.70416 0.54536 24 0 0 19 19
2713 3358 6.40398 0.00285 6.68650 0.73701 22 0 0 20 15
2690 3301 6.40398 0.00285 4.73185 0.78335 16 0 0 9 8
2703 3284 6.40398 0.00285 0.50905 0.19584 11 4 6 11 4
2607 2674 6.95131 0.00331 25.82823 0.18131 16 0 0 6 7
3542 7341 8.72719 0.00996 1.77560 1.02029 5 0 0 2 2
2784 3084 6.40398 0.00285 1.20936 3.42783 26 11 3 15 14
2736 3010 6.40398 0.00285 22.33597 0.17914 21 0 2 4 4
2800 3064 6.40398 0.00285 0.51026 0.19180 19 8 0 13 9
7537 8237 6.65261 0.18303 0.48625 1.30746 30 17 6 28 11
2841 2990 6.05674 0.00352 0.83524 1.10924 24 2 6 8 7
2814 3248 6.40398 0.00285 6.54721 1.63255 14 0 0 7 7
7401 7977 9.05972 0.01005 0.37473 0.48618 38 13 13 36 19
4850 9074 9.51765 0.01277 0.40325 0.78235 82 60 5 80 56
2824 3103 6.40394 0.00272 0.32279 0.37949 19 12 1 13 11
3297 3526 8.50382 0.00808 12.68711 0.69380 17 0 0 9 9
2643 3145 7.65286 0.00289 6.42749 7.60463 14 0 0 8 10
1718 6514 9.36961 0.01280 0.13131 0.38967 56 34 14 54 33
9007 9382 7.73482 0.01330 0.36860 0.89613 99 69 8 90 77
3627 8002 8.88253 0.41598 0.84257 1.87116 24 3 5 20 7
2608 2810 6.80089 0.00272 7.13365 0.23239 43 0 0 34 33
2825 3457 6.40238 0.00309 4.20756 1.10712 17 0 0 17 11
2689 3172 6.40398 0.00285 0.31186 0.17017 21 16 1 21 14
5029 9745 9.53113 0.02790 0.30703 0.50976 104 79 6 104 85
2826 3059 6.40749 0.00272 2.41336 10.64950 25 14 1 7 14
3032 3518 6.20419 0.00512 12.60293 1.19550 14 0 0 8 8
2641 3485 9.21889 0.00414 4.88129 0.21850 9 0 0 4 3
4587 4811 9.00147 0.00578 0.51576 0.44675 67 34 11 56 46
3250 3525 8.15197 0.00787 8.08438 0.44762 12 2 0 5 5
3424 3518 6.20419 0.00512 5.85378 1.04080 8 0 0 8 6
2776 3269 6.40398 0.00285 7.30507 0.20174 15 0 0 12 10
2669 3319 6.40398 0.00285 7.05838 3.39419 18 0 0 15 13
864 5283 7.76120 0.01094 0.14956 0.56717 84 69 3 80 63
2639 3373 8.20220 0.00359 7.48723 6.25834 14 0 0 6 7
3625 8072 7.63459 0.35756 0.62700 1.82005 23 7 7 21 6
3623 7683 6.29523 0.30105 0.85437 1.42738 20 13 2 20 6
192 9378 8.50494 0.00648 0.78785 0.50358 78 19 6 72 57
2838 3483 7.62274 0.00313 9.54965 0.24066 11 0 0 11 8
2504 7234 9.10241 0.03692 8.43652 0.56786 16 0 0 14 8
9006 9279 7.98702 0.01232 0.66769 1.08354 118 53 11 116 92
2810 3464 6.56026 0.00328 5.25859 13.38919 18 0 0 9 7
2628 3298 9.44973 0.00426 7.47549 3.26003 21 0 0 16 13
2800 3331 6.40398 0.00285 5.73363 0.72145 28 0 0 24 17
2768 3340 6.40398 0.00285 5.84335 0.35718 15 0 0 4 6
562 5611 6.24451 0.00639 0.38090 0.43341 77 48 7 75 59
2622 2968 9.59882 0.00623 6.93807 1.69950 13 0 0 13 6
2630 3350 9.25582 0.00411 7.60464 2.11840 16 0 0 14 11
3605 7606 6.59265 0.01215 0.09072 0.34035 47 30 12 44 25
2732 3217 6.40398 0.00285 6.27920 5.42737 7 0 0 5 5
2789 3169 6.40398 0.00285 0.87835 0.28939 31 6 1 27 21
5123 5246 8.74712 0.00359 0.26980 0.22206 30 16 10 28 17
463 549 7.23652 0.01020 0.28887 0.59479 68 41 17 64 41
2785 3084 6.40398 0.00285 0.13607 0.68242 23 14 1 18 12
2795 3345 6.40398 0.00285 6.00395 0.19584 14 0 0 14 7
2628 3058 9.44973 0.00426 25.56376 0.24708 18 2 0 7 6
2253 6971 6.98894 0.28253 0.43640 1.32589 119 62 13 115 66
2646 2977 6.75136 0.00384 20.45013 0.19782 17 9 0 2 5
2776 2987 6.05263 0.00229 0.10646 0.81084 26 20 2 19 19
389 9772 9.21003 0.05238 0.64083 0.18767 108 26 0 101 83
2676 3492 8.16151 0.00473 7.29869 0.41401 14 0 0 14 10
2813 3464 6.56026 0.00328 4.64235 10.17908 32 3 1 4 10
2803 3174 6.40398 0.00285 1.42591 3.34328 27 3 2 12 13
3148 7304 9.10339 0.01296 6.13188 3.91236 15 0 0 3 8
4400 4764 8.01713 0.00998 0.29757 0.60458 82 65 9 77 64
2468 7214 9.17721 0.05272 0.39199 0.31775 10 4 3 10 4
2737 3295 6.40398 0.00285 3.86988 0.17914 15 0 0 15 5
5494 5637 8.74625 0.00431 0.09773 0.56093 70 62 6 62 57
2630 3183 9.25582 0.00411 3.86897 9.70122 21 2 0 16 16
2747 3167 6.40398 0.00285 21.08393 0.17914 15 1 0 2 5
2736 3053 6.40398 0.00285 0.19538 0.41965 15 10 2 15 6
2576 7298 9.05415 0.00747 10.12097 1.33647 13 0 0 13 10
611 5610 6.24556 0.00559 0.26195 0.30390 82 70 6 78 60
3601 7752 9.60497 0.00428 0.42041 0.32143 27 9 6 20 13
1057 5840 8.54434 0.05363 7.97073 0.41117 16 0 0 14 11
119 8946 8.26276 0.00659 0.71589 0.91429 87 37 3 87 68
5109 9808 7.98712 0.01357 0.86167 0.70554 101 11 1 99 74
2716 3494 8.35399 0.00442 24.98940 0.26834 9 0 0 5 4
2806 3474 7.10587 0.00331 5.95387 0.77733 16 0 0 9 8
7926 8244 9.97236 0.35706 1.05337 1.79341 26 4 6 22 4
2615 2859 7.09871 0.00574 5.25983 2.12375 24 0 0 14 17
1574 6350 7.83096 0.01764 0.45305 0.66086 42 18 8 40 22
4647 8970 9.27518 0.01148 0.64398 0.60587 58 20 9 58 46
2827 3058 6.40748 0.00285 0.38993 0.24549 31 17 6 27 16
3628 8131 9.34892 0.44545 1.09521 1.82606 21 0 2 16 5
2706 3025 6.40398 0.00285 21.33435 0.17914 18 0 1 2 4
7402 7901 9.05913 0.01004 0.91689 0.39762 36 9 19 34 13
71 8937 6.51924 0.03229 0.58196 0.87223 104 31 3 90 74
463 520 7.23746 0.01013 0.39649 0.72632 57 36 9 55 43
2735 3020 6.40398 0.00285 18.85605 0.17914 17 2 1 1 3
2693 3496 8.35322 0.00486 5.55438 2.35418 20 0 0 7 12
2709 3400 6.40398 0.00285 6.86932 4.78798 25 0 0 20 16
2719 3403 6.40398 0.00285 6.57042 3.53380 15 0 0 15 11
2668 3058 6.40398 0.00285 5.94989 4.35559 17 0 0 10 11
718 853 7.98914 0.00827 0.17729 0.41117 72 56 8 70 45
2607 2729 6.95131 0.00331 7.74354 0.18131 35 0 0 24 25
2791 3459 6.40104 0.00335 0.34639 0.47888 8 4 3 8 5
8169 8239 7.41808 0.23036 0.66363 1.78048 28 2 4 26 11
762 9820 6.56904 0.00938 0.48744 1.15758 80 58 3 71 52
1295 6094 7.57630 0.01924 0.46935 1.14466 40 17 3 36 29
2729 3488 7.80935 0.00384 5.60906 15.08753 14 1 0 4 4
2813 3462 6.56029 0.00345 0.45129 0.52934 13 3 1 13 9
3628 7722 9.34892 0.44545 0.55566 1.80146 24 3 0 24 10
7407 7813 6.91331 0.00872 1.14765 0.32264 37 10 19 32 9
3136 7321 7.81041 0.00846 5.84710 0.37639 10 0 0 10 7
8007 8240 8.19465 0.25490 1.58207 1.52033 15 0 2 11 4
7476 8243 9.30554 0.32993 1.01750 1.54813 36 2 1 36 17
7401 7824 9.05972 0.01005 1.72279 0.44587 31 4 19 29 8
3595 7375 8.16140 0.01351 0.45338 0.27411 27 7 8 14 9
5482 5635 7.75435 0.00635 0.28674 0.41684 67 49 7 64 45
5128 5615 7.22158 0.01699 0.49113 0.97558 68 44 7 68 50
2662 3149 6.40257 0.00293 7.63933 1.51801 27 0 0 27 21
489 5214 6.24625 0.00263 0.16211 0.19782 82 69 11 78 63
207 9380 8.24162 0.01235 0.32701 1.05647 95 60 8 92 64
9423 9573 7.98343 0.01381 0.29974 0.86230 106 80 9 104 68
1733 6508 8.40500 0.01527 0.41589 0.82377 95 65 8 86 68
4400 4559 8.01713 0.00998 0.32505 0.66676 81 63 9 71 57
7400 7594 9.60594 0.00947 0.37268 0.44057 17 5 7 13 6
2778 3284 6.40398 0.00285 6.36092 1.41278 17 0 0 9 10
5121 5451 9.99380 0.00565 0.37000 0.37639 24 12 12 24 15
3370 7320 6.91664 0.00851 7.71287 0.48779 12 5 0 4 6
7992 8244 9.97236 0.35706 0.83807 1.86025 10 2 0 10 6
2814 3418 6.40398 0.00285 4.28676 12.71087 20 5 1 1 7
889 9837 6.88667 0.03243 0.89602 0.72524 57 12 1 46 36
2822 3087 6.40398 0.00285 0.64923 0.96225 21 8 2 16 14
544 5609 6.24125 0.00561 0.07340 0.29074 56 42 9 50 33
3626 7534 8.09599 0.38731 1.21578 1.92478 24 7 7 20 6
2784 3004 6.40398 0.00285 5.25865 15.73947 23 10 1 7 10
478 5579 7.49534 0.00391 0.22345 0.26095 58 44 11 53 38
2626 2944 8.89850 0.00550 1.36313 2.75236 18 0 0 11 9
492 5444 6.00781 0.00301 0.19493 0.18767 81 58 10 71 51
5327 9821 8.02794 0.01188 0.56351 1.34086 41 24 2 35 23
2234 6989 7.81153 0.03854 0.10167 0.93251 102 92 6 98 65
1885 6667 8.84970 0.00816 0.23247 0.60781 99 80 8 99 80
845 5120 9.48635 0.01575 0.08018 0.97839 31 21 5 29 19
7478 8243 9.30554 0.32993 0.65590 1.55066 30 7 3 30 9
919 5706 8.49821 0.51913 0.32664 1.49750 26 5 7 24 12
2718 3185 6.40398 0.00285 1.30707 0.16551 19 4 3 6 9
5015 9733 9.19791 0.01303 0.39213 1.21949 65 34 12 57 36
2628 2917 8.55157 0.00388 25.70631 0.23407 28 5 0 9 10
2667 3014 6.40398 0.00285 6.10663 0.42887 34 0 0 25 26
475 5222 8.24246 0.00481 0.19501 0.45628 51 42 6 49 36
2797 3327 6.40398 0.00285 5.75380 0.77025 28 0 0 19 19
3997 8603 7.27650 0.00526 0.24640 0.35608 77 55 15 73 53
543 5116 7.52289 0.00926 0.62885 1.05832 49 22 3 41 32
7406 8015 7.10498 0.00876 0.24505 0.32506 29 18 6 24 15
28 117 7.51322 0.02861 0.86279 1.32972 55 6 0 52 33
7401 7842 9.05972 0.01005 0.30932 0.78084 36 7 10 29 11
4831 9560 8.47710 0.01590 0.62825 1.00678 105 45 17 98 79
2779 3493 8.16139 0.00448 6.24176 0.47888 20 0 0 13 13
577 5619 7.73959 0.00844 0.43252 0.53082 53 25 8 46 34
7400 8141 9.60594 0.00947 0.12319 0.37115 27 18 5 25 15
5121 5342 9.99385 0.00533 0.41160 0.37534 33 14 14 31 22
3604 8155 7.49435 0.00968 0.37328 0.30647 45 22 19 40 19
485 5256 6.50045 0.00328 0.24527 0.19180 52 37 11 52 35
4848 9150 7.75342 0.01281 0.23385 0.88293 113 96 2 107 84
5125 5257 7.49878 0.00378 0.46759 0.24866 61 33 4 61 44
1591 6408 9.11872 0.00539 0.35727 0.22728 53 38 6 43 38
2707 3233 6.40398 0.00285 6.48970 2.63537 20 0 0 15 16
2641 3096 8.00461 0.00324 23.03803 0.18557 18 2 0 8 6
2726 3114 6.40398 0.00285 0.38251 0.17017 28 15 4 24 16
5124 5418 7.99848 0.00324 0.48775 0.20748 55 28 11 53 37
2757 3171 6.40398 0.00285 1.28499 1.83462 20 0 1 17 13
192 9186 8.50494 0.00648 0.95289 1.28329 69 18 5 67 54
483 5224 6.49639 0.00297 0.34720 0.15826 71 51 7 61 51
2841 3026 6.05536 0.00280 0.53031 0.76719 29 12 6 27 15
9006 9079 7.98702 0.01232 0.58442 0.76002 84 45 6 78 58
2803 3199 6.40398 0.00285 4.31776 0.18345 32 0 0 30 25
2730 3132 6.40398 0.00285 20.58880 0.17914 15 3 0 5 5
865 5220 8.24985 0.01117 0.17868 0.75899 69 48 7 67 59
5127 5606 6.23325 0.01283 0.77609 0.73648 91 14 0 89 64
4470 8970 9.27518 0.01148 0.61059 0.58817 43 12 6 39 32
2604 2844 8.00374 0.00420 9.63499 6.80683 35 0 0 24 27
4446 8973 6.52096 0.01101 0.47674 0.66793 157 107 13 152 137
2798 2980 6.05188 0.00263 0.90817 2.39637 32 19 1 29 24
2976 7321 8.35830 0.00843 7.57324 0.49178 6 0 1 3 3
3601 7824 9.60497 0.00428 0.35802 0.27268 30 9 10 24 7
7432 8239 8.09634 0.22932 0.63527 1.75323 36 8 5 34 15
2808 3327 6.40398 0.00285 21.89237 0.17914 9 3 0 4 4
7405 8106 7.81098 0.00895 0.36828 0.32143 45 23 15 42 23
2750 3059 6.40398 0.00285 0.48869 0.19979 25 10 4 19 14
478 5386 7.49538 0.00345 0.20166 0.16551 47 33 9 47 31
4829 9493 6.74799 0.00606 0.39946 0.35054 108 76 4 104 82
3083 7304 9.10339 0.01296 12.22735 0.43341 17 0 0 17 13
4825 9162 9.25808 0.00555 0.74701 0.67724 75 20 14 75 63
7409 7902 6.20690 0.00801 0.23788 0.31153 47 28 13 44 22
2778 3197 6.40398 0.00285 6.29910 5.56690 22 0 0 10 13
260 4920 8.26468 0.00668 0.33351 0.87223 142 98 12 134 100
2736 3423 6.40398 0.00285 6.52591 1.61131 16 0 0 11 10
2656 3365 6.75414 0.00342 2.85295 0.19383 15 0 0 7 6
2838 3007 6.40657 0.00276 0.64876 1.05239 10 2 1 7 7
7431 8238 7.67812 0.20475 0.50597 1.63662 24 6 8 24 8
1338 6141 9.83211 0.00805 0.59514 0.30519 61 20 2 57 42
1525 6312 6.57218 0.01220 0.38451 0.67086 110 78 10 110 72
9005 9150 8.73968 0.01075 0.47826 0.96955 90 64 9 87 66
2810 3318 6.40398 0.00285 3.11469 8.51156 15 5 0 9 9
1988 6766 7.93599 0.00968 0.27789 0.47064 64 45 9 62 38
2636 3354 8.55311 0.00355 8.95949 0.77984 12 0 0 3 6
2342 7067 9.85319 0.28895 0.35510 1.25710 16 7 2 12 4
2844 3370 6.05536 0.00234 3.25066 3.18518 18 1 4 4 9
2723 3079 6.40398 0.00285 4.94242 3.25245 19 0 0 13 15
501 5118 6.03076 0.00997 0.49615 0.56232 48 26 6 46 39
4829 9243 6.74799 0.00606 0.51859 0.82091 132 85 15 128 105
208 9236 9.49377 0.00923 0.26776 0.49258 82 58 3 74 55
2627 3017 9.79903 0.00493 6.71487 0.48051 12 0 0 6 5
3886 8482 6.50518 0.00561 0.26326 0.49889 112 93 6 112 95
3601 8080 9.60497 0.00428 0.51100 0.35936 20 9 3 15 9
61 118 7.51377 0.02886 1.28071 1.12501 73 0 0 73 51
3298 3522 7.09893 0.00653 10.14385 0.69267 13 0 0 13 7
3006 3519 6.36664 0.00561 24.40220 0.31652 17 0 0 4 3
7407 8163 6.91331 0.00872 0.33401 0.45111 38 22 3 36 22
2783 3287 6.40398 0.00285 1.42173 2.93505 10 2 1 6 7
608 5614 6.74310 0.00708 0.28141 0.60716 49 29 4 45 29
3741 8348 8.26431 0.01712 0.29543 0.98357 49 29 8 44 27
2637 3452 8.54883 0.00428 7.83947 0.77481 11 0 0 6 3
2645 3278 7.65267 0.00267 7.77169 1.33969 17 0 0 10 10
460 643 8.73898 0.00987 0.27885 0.66735 61 40 10 59 41
1000 5763 9.50876 0.00213 9.19305 1.39016 24 0 0 24 21
2668 3266 6.40398 0.00285 5.58792 4.16142 16 0 0 16 10
2767 3302 6.40398 0.00285 5.77195 0.31528 21 0 0 19 16
4847 9158 7.00327 0.01320 0.37348 1.05906 124 90 8 124 83
2677 3203 6.40398 0.00285 6.71602 1.40583 31 0 0 26 24
4594 4810 8.75214 0.00576 0.55698 0.88337 105 40 6 95 70
2686 3315 6.40398 0.00285 2.28573 0.18131 12 0 0 12 9
5540 9829 9.46787 0.01242 1.24395 1.15555 67 2 0 63 52
643 5113 9.52378 0.00448 0.58284 0.70221 37 16 9 33 25
103 4345 6.01391 0.01508 0.22230 0.90525 99 77 8 94 66
609 5608 6.24123 0.00512 0.14411 0.27411 78 62 11 76 57
2702 3263 6.40398 0.00285 21.77117 0.17914 25 3 2 3 8
2599 2755 9.25431 0.00309 11.14776 1.76813 30 0 0 16 20
797 5114 8.77295 0.00711 0.45879 0.96185 28 13 3 26 17
1631 6380 8.58464 0.00555 0.23762 0.23070 80 63 13 76 60
2850 3509 9.21549 0.00616 14.76398 2.70790 13 0 0 7 7
2664 3186 6.40398 0.00285 9.68547 3.89300 30 0 0 21 20
2792 3303 6.40398 0.00285 5.83308 0.18557 15 0 0 6 9
7791 8238 6.99388 0.20592 0.76275 1.51258 20 2 5 18 10
593 852 7.48918 0.00802 0.27058 0.55107 75 50 16 73 50
2836 3072 6.40657 0.00285 2.07511 1.95865 23 1 2 16 15
2644 2985 7.30086 0.00229 1.12880 1.60010 12 1 0 9 7
1156 5958 8.00173 0.00517 4.28670 2.31173 11 0 0 6 7
3203 3521 6.90789 0.00612 12.28120 0.37430 13 0 0 8 9
2309 7051 7.19732 0.08056 0.62136 0.64831 61 8 2 51 38
3623 8082 6.29523 0.30105 0.59409 1.50298 23 8 1 21 12
4832 9559 7.47721 0.01548 0.55519 0.90655 143 79 0 141 109
2671 3155 6.40398 0.00285 5.14322 1.03173 22 0 0 20 15
2686 3334 6.40398 0.00285 6.39116 1.10145 17 0 0 12 9
741 5114 8.77297 0.00640 0.48360 0.56093 25 7 9 22 10
2702 3034 6.40398 0.00285 19.69248 0.17914 18 6 2 0 6
2781 3275 6.40398 0.00285 5.99382 2.88011 12 0 0 10 8
4822 9020 8.51956 0.01038 0.49070 1.10323 64 30 7 60 42
2642 2931 6.75516 0.00285 1.94723 2.01868 18 0 0 1 5
2703 3506 9.59883 0.00639 9.80568 7.03726 17 0 0 10 12
1581 6386 9.13280 0.01228 0.22339 0.35277 41 25 8 37 22
2723 3290 6.40398 0.00285 11.74432 22.86697 12 0 0 10 5
4400 4527 8.01713 0.00998 0.36173 0.61676 90 62 12 88 64
491 5270 6.00586 0.00239 0.22711 0.34492 67 51 10 61 48
2791 3307 6.40398 0.00285 4.72415 0.17914 11 0 0 1 4
746 5624 9.23530 0.00865 0.54593 0.51282 21 11 6 19 9
2783 3093 6.40398 0.00285 2.78404 11.17942 15 3 0 1 7
2664 3504 9.40543 0.00629 10.73640 0.86592 11 0 0 7 6
2691 3135 6.40398 0.00285 5.33875 0.38155 18 0 0 8 12
470 5483 9.73658 0.00820 0.24944 0.49019 56 39 8 56 40
5323 5639 9.75709 0.00391 0.32028 0.29342 49 29 9 40 26
2707 3314 6.40398 0.00285 6.52088 1.43477 17 0 0 10 11
2699 3040 6.40398 0.00285 0.46752 0.40445 25 12 3 17 14
2735 3329 6.40398 0.00285 7.84343 0.72091 10 0 0 5 4
2683 3437 6.40398 0.00285 9.04578 0.17914 16 0 0 13 9
5125 5374 7.49878 0.00378 0.55627 0.35718 58 23 10 54 35
776 5616 7.23625 0.00728 0.35423 0.39466 50 31 12 50 30
168 4559 7.01677 0.01458 1.00549 0.51510 97 0 2 97 69
461 583 7.98719 0.01023 0.21562 0.59742 28 19 4 24 16
1673 6396 6.30488 0.01511 0.20013 0.88647 141 112 16 135 102
2607 2777 6.95131 0.00331 7.18651 2.61239 38 0 0 26 25
4588 8991 8.75338 0.00378 0.54114 0.26980 97 40 11 89 58
459 5127 8.75167 0.00519 0.24375 0.25641 44 28 12 39 27
7473 8243 9.30554 0.32993 0.59439 1.60425 20 1 1 18 9
1607 6453 7.04377 0.01584 0.37140 1.00093 115 85 9 109 86
1607 6450 6.59306 0.01552 0.47244 0.90828 130 87 4 130 111
2881 3515 7.45788 0.00505 9.98682 1.64806 19 0 0 6 8
523 856 9.24182 0.00894 0.31657 0.55036 18 8 5 18 10
208 4859 7.77037 0.01299 0.34516 0.69210 94 75 4 87 77
9334 9569 6.22937 0.01533 0.14604 0.89744 190 177 7 185 154
5124 5371 7.99848 0.00324 0.44695 0.20174 61 31 7 57 33
2788 3249 6.40398 0.00285 5.98870 1.66107 11 0 0 11 7
2718 3320 6.40398 0.00285 6.33463 0.17017 24 0 0 22 17
128 8949 7.26034 0.00539 0.62421 0.32506 107 32 1 101 74
191 9104 9.75330 0.00678 0.84340 1.24929 56 15 6 53 40
2681 3021 6.40398 0.00285 5.90833 15.36094 19 0 1 4 11
810 5612 6.49436 0.00574 0.31663 0.31898 69 50 9 69 46
2796 3441 6.40398 0.00285 5.44155 2.17439 12 0 0 9 6
3133 3527 8.85637 0.00887 14.13506 1.54104 10 0 0 7 6
5342 5638 9.24702 0.00403 0.24603 0.61294 49 29 9 47 32
49 121 9.27475 0.02944 0.91255 1.11276 49 3 0 45 34
7458 8241 8.31632 0.27743 0.41436 1.29965 21 7 6 21 10
2651 3203 6.94995 0.00355 6.02137 1.75301 28 0 0 10 15
2701 3264 6.40398 0.00285 0.33911 0.20748 16 13 2 16 11
2706 3132 6.40398 0.00285 5.20697 2.42592 21 0 0 13 14
194 9132 6.50092 0.00775 0.71313 1.08570 163 80 15 158 138
2809 3401 6.40398 0.00285 1.73252 3.95597 15 1 0 7 6
7400 7806 9.60594 0.00947 0.25515 0.37846 17 6 9 12 6
311 9689 7.44601 0.01735 0.29069 0.78385 134 107 5 132 114
2840 3478 7.46046 0.00365 4.87911 13.57880 12 3 2 6 5
607 850 6.74111 0.00669 0.16095 0.34264 71 59 9 71 53
2817 3261 6.40398 0.00285 1.96384 2.66462 21 1 1 13 13
4829 9345 6.74799 0.00606 0.49314 0.37534 118 75 8 116 102
988 5753 7.01120 0.00786 5.35440 11.40665 10 0 0 3 3
2788 3201 6.40398 0.00285 5.99365 0.26393 25 0 0 11 9
2689 3337 6.40398 0.00285 6.86668 3.36278 22 0 0 17 16
3343 3523 7.61147 0.00684 8.83700 9.49608 9 0 0 4 5
2634 3363 8.90332 0.00381 9.36978 0.39565 9 0 0 9 8
2747 3422 6.40398 0.00285 0.59027 1.18861 11 4 3 9 9
500 5116 7.52588 0.00857 0.48068 0.66852 41 18 2 39 26
2801 3367 6.40398 0.00285 6.49330 2.87984 22 0 0 22 17
2680 3404 6.40398 0.00285 6.72397 0.21489 18 0 0 16 14
193 9048 7.75370 0.00653 0.59061 0.64468 108 50 10 101 84
2691 3081 6.40398 0.00285 20.22087 0.17914 26 5 1 7 9
2685 3460 6.56096 0.00362 0.38661 0.50976 12 3 2 3 3
458 586 9.75501 0.00544 0.51497 0.72685 44 20 7 42 33
3625 7571 7.63459 0.35756 0.60701 1.82542 22 4 6 19 6
5191 9824 6.03985 0.01301 0.88851 2.09779 50 22 3 45 36
2826 3024 6.40749 0.00272 0.58348 1.23003 26 9 6 23 14
4545 4806 7.00676 0.00521 0.64555 0.31652 147 40 4 141 113
3626 8197 8.09599 0.38731 0.59313 1.99056 21 5 1 21 6
2828 3248 6.40749 0.00263 0.73281 1.47273 10 5 1 3 5
3623 7417 9.54830 0.29688 1.14239 1.65871 25 9 8 22 12
480 5480 6.99635 0.00309 0.29846 0.27411 82 61 12 78 54
2700 3441 6.40398 0.00285 7.61765 0.17914 6 0 0 6 3
2758 3139 6.40398 0.00285 19.89111 0.17914 17 2 1 6 5
2724 3281 6.40398 0.00285 6.71685 2.69791 14 0 0 9 8
197 9570 9.72748 0.01942 0.59071 1.06238 80 30 6 70 62
2714 3160 6.40398 0.00285 5.98130 0.61739 22 0 0 13 13
2749 3314 6.40398 0.00285 7.58933 0.93083 13 0 0 3 7
458 643 9.75511 0.00565 0.46473 0.63796 58 32 4 49 41
5524 5637 8.74625 0.00431 0.16390 0.47806 59 50 6 56 41
2737 3506 9.59883 0.00639 10.33031 7.25133 11 0 0 11 9
5510 9823 6.28214 0.01211 1.15586 0.77481 46 2 0 37 31
2708 3307 6.40398 0.00285 6.39685 0.31279 10 0 0 3 3
464 523 6.48775 0.01103 0.33206 0.72793 68 47 9 58 51
2640 3492 9.76240 0.00521 24.69607 0.29074 13 0 0 0 3
788 9822 6.90429 0.00994 0.60733 1.80320 67 27 9 65 43
2840 3066 6.40657 0.00280 0.77107 0.31279 19 0 2 15 12
651 9825 9.39181 0.01121 0.65650 0.96712 28 5 0 19 16
2799 3447 6.40398 0.00285 24.24126 0.17914 10 0 0 2 4
2640 2951 7.10737 0.00335 0.59348 0.71107 11 4 3 7 3
4829 9425 6.74799 0.00606 0.45097 0.34943 151 98 12 147 123
2815 3216 6.40398 0.00285 11.58427 0.32264 11 0 0 11 8
2840 3072 6.40657 0.00280 17.88692 0.14537 26 6 0 7 7
2780 3324 6.40398 0.00285 5.88262 0.48376 16 0 0 10 11
2844 3354 6.05536 0.00234 2.16346 5.55294 16 3 0 9 5
4037 8661 7.75591 0.00258 0.34031 0.45885 137 110 14 133 111
2718 3504 9.40543 0.00629 10.19249 2.71657 10 0 0 8 6
2841 3296 6.05536 0.00280 6.28709 5.36995 15 0 0 7 10
2800 7314 7.45617 0.00507 8.03769 0.26393 12 0 0 6 6
1751 6526 9.37339 0.00696 0.38417 0.34264 75 43 10 71 57
2840 3471 7.10762 0.00331 3.36933 1.26826 8 0 0 8 3
2678 3246 6.40398 0.00285 6.92636 1.78947 12 0 0 8 8
2819 3277 6.40398 0.00285 5.20429 0.35498 25 0 0 23 19
485 5343 6.50045 0.00328 0.29879 0.14537 63 38 16 63 41
5347 9820 9.04339 0.01179 0.72503 1.23891 34 17 5 32 27
488 5272 6.24525 0.00301 0.10971 0.27695 67 53 11 64 41
2832 3336 6.40614 0.00244 6.08806 3.31859 11 0 0 5 3
7520 8240 8.19465 0.25490 1.32096 1.79493 22 3 0 15 6
5121 5493 9.99380 0.00565 0.48483 0.56924 29 16 4 27 19
2782 3433 6.40398 0.00285 2.29392 5.05160 12 1 2 10 5
2709 3329 6.40398 0.00285 6.74518 3.81752 14 0 0 12 10
3625 8092 7.63459 0.35756 0.53212 1.96204 15 1 2 15 3
10337 10474 9.54936 0.02563 0.57072 0.52190 58 12 2 51 40
4754 8988 6.50838 0.00491 0.59596 0.34150 121 41 5 115 86
2694 3033 6.40398 0.00285 6.44639 0.64224 20 0 0 3 9
2742 3084 6.40398 0.00285 0.45370 0.94626 18 10 0 9 8
2754 3053 6.40398 0.00285 1.01635 2.87412 21 9 1 4 6
2762 3401 6.40398 0.00285 6.10480 0.33455 15 0 0 13 10
486 5179 6.24526 0.00313 0.28682 0.29342 85 66 11 85 68
715 9825 9.39167 0.01103 0.81044 0.95039 19 1 0 16 8
3155 7322 8.67709 0.00862 6.58527 0.48779 7 0 0 3 2
471 5366 9.49325 0.00644 0.29344 0.39565 31 22 5 29 17
4651 8989 7.25774 0.00503 0.50550 0.85409 114 57 7 112 87
2636 3393 8.55311 0.00355 7.72861 1.49174 22 0 0 20 15
3623 7664 6.29523 0.30105 0.23966 1.42848 30 10 8 22 8
2804 3242 6.40398 0.00285 5.78835 0.59083 32 0 0 30 21
3344 3527 8.85637 0.00887 7.21202 0.50822 15 2 0 10 7
3897 8503 6.99324 0.01523 0.45384 0.88603 172 136 8 170 138
2776 3107 6.40398 0.00285 0.48372 0.25641 22 14 1 15 18
2638 3457 8.19919 0.00420 9.16017 0.23739 12 0 0 4 2
2729 3413 6.40398 0.00285 5.98220 0.53595 14 0 0 10 8
7404 7840 7.81132 0.00937 0.46910 0.35166 34 10 14 23 10
7405 7561 7.81098 0.00895 0.51785 0.38359 39 9 20 34 12
5505 5638 9.24702 0.00384 0.21924 0.70109 30 21 2 28 20
791 852 7.48918 0.00772 0.28042 0.60263 76 53 5 74 51
2677 3356 6.40398 0.00285 6.51250 2.95976 34 0 0 30 26
2679 3439 6.40398 0.00285 5.66455 0.85455 15 0 0 13 9
4612 4812 9.50068 0.00604 0.49245 0.46140 71 30 12 65 38
2823 3413 6.40398 0.00285 4.44463 4.68216 15 1 0 8 7
2348 7075 8.24346 0.23853 0.55958 0.63735 17 4 2 9 7
3408 3524 7.80041 0.00741 7.52158 0.42796 10 1 0 8 8
2704 3136 6.40398 0.00285 20.17078 0.17914 23 9 0 9 13
2665 3145 6.40398 0.00285 6.73146 0.93670 37 0 0 35 24
3367 7304 9.10339 0.01296 6.71623 2.54607 10 0 0 5 8
2608 2683 6.80089 0.00272 3.70384 9.56431 20 4 0 14 9
3543 7321 8.69463 0.01121 0.40119 0.93419 8 2 3 8 5
2778 3027 6.40398 0.00285 0.30965 0.26244 25 17 4 25 17
491 5503 6.00583 0.00249 0.25558 0.19180 105 86 10 101 79
2803 3370 6.40398 0.00285 3.34194 1.52803 15 0 0 15 10
2827 3116 6.40748 0.00285 6.39453 2.81800 33 0 0 28 20
2605 2764 7.50224 0.00414 8.16137 0.44146 40 0 0 32 28
2657 3330 6.75414 0.00328 6.66098 7.12062 17 0 0 10 10
3301 3519 6.36664 0.00561 24.58538 0.31652 11 0 0 0 3
2702 3054 6.40398 0.00285 6.59123 4.07237 15 0 0 6 8
2802 3482 7.62005 0.00324 5.73560 6.34885 22 0 0 7 12
4636 8971 8.01522 0.01215 0.88969 0.76974 74 6 1 72 59
191 9145 9.75330 0.00678 0.74199 0.90655 64 23 8 62 51
2838 3453 6.40297 0.00293 0.43511 0.15826 18 12 2 18 14
2802 3262 6.40398 0.00285 7.26909 0.71655 25 0 0 7 7
2789 3500 8.86156 0.00576 11.68572 1.22685 16 0 0 12 10
8086 8244 9.97236 0.35706 0.74506 1.82778 22 5 0 20 5
475 5497 8.24243 0.00526 0.33301 0.39366 55 40 12 55 38
4847 9267 7.00327 0.01320 0.34948 0.97799 139 91 4 127 96
2251 7008 9.55925 0.08831 0.24101 0.71546 91 66 8 86 62
9009 9276 6.73275 0.01464 0.36521 0.84719 134 108 19 132 108
57 119 8.00974 0.02888 1.25566 1.38169 40 0 0 36 25
7408 7483 6.56028 0.00823 0.22224 0.31652 51 38 8 49 33
2843 3123 6.05536 0.00229 0.67686 0.22029 23 5 3 21 16
863 5463 7.51172 0.01102 0.45434 0.68870 82 55 1 80 62
2790 3372 6.40398 0.00285 6.40238 3.50532 31 0 0 17 16
2628 2958 8.55022 0.00414 0.81903 1.85583 16 3 2 13 11
5501 5636 8.24541 0.00481 0.10712 0.44762 71 54 9 71 47
43 4345 8.76917 0.02720 1.09557 1.70731 32 1 0 28 21
7507 8236 6.30719 0.16214 0.74821 1.17836 35 9 14 35 10
9005 9293 8.73968 0.01075 0.41640 0.62620 106 73 6 104 88
2794 3422 6.40398 0.00285 0.43066 0.17471 12 6 1 10 5
184 4768 8.99946 0.00949 0.58437 0.96307 81 25 6 77 50
2763 3164 6.40398 0.00285 4.77139 5.58265 17 0 0 8 5
2914 7318 6.01932 0.00879 22.91993 0.50280 10 0 0 0 3
2816 3043 6.40398 0.00285 4.32489 13.12353 22 14 0 8 11
2761 3209 6.40398 0.00285 7.81476 0.90784 25 0 0 20 17
2638 3352 8.20217 0.00365 7.67267 4.81231 12 0 0 9 7
2645 3247 7.65267 0.00267 7.79796 0.67551 14 0 0 14 14
2794 7315 8.35210 0.00689 7.93164 0.28667 18 0 0 18 10
2936 3527 9.75234 0.00904 14.43079 0.53959 10 0 0 1 4
2608 2733 6.80089 0.00272 7.71181 3.97503 34 0 0 18 24
3616 8240 6.84794 0.13335 0.57844 0.48779 33 13 14 33 13
470 5193 9.73663 0.00778 0.32886 0.47642 46 35 4 46 32
2630 3112 9.25582 0.00411 0.79205 0.33102 21 2 4 11 14
2678 3156 6.40398 0.00285 5.55443 1.22237 32 0 0 13 22
9329 9573 7.98343 0.01381 0.28681 1.03325 111 78 12 104 74
2271 7021 8.30141 0.13007 0.53793 0.45284 181 81 4 177 145
3868 8474 7.77673 0.00796 0.20024 0.38359 83 67 10 81 57
889 9842 7.70248 0.03108 0.80046 1.12326 26 7 3 23 17
4400 4482 8.01713 0.00998 0.38962 0.60393 90 64 15 84 75
489 5176 6.24625 0.00263 0.17215 0.27124 52 31 15 48 27
2758 3286 6.40398 0.00285 6.06627 7.13014 13 0 0 13 8
3454 3523 7.61356 0.00629 26.91287 0.36477 10 0 0 5 2
619 855 8.74008 0.00816 0.43240 0.49575 34 20 1 25 21
2845 7316 8.86748 0.00813 8.81508 0.42058 19 0 0 15 14
2829 3360 6.40675 0.00276 3.46968 1.51077 17 0 0 12 11
3368 3522 7.09893 0.00653 11.01183 0.89526 10 0 0 8 5
7406 8111 7.10498 0.00876 0.29428 0.41684 27 11 13 22 8
54 122 9.52498 0.02977 1.11992 1.27901 45 1 0 40 26
2836 3264 6.40657 0.00285 5.31874 0.14537 14 0 0 5 8
2598 2652 9.10216 0.00280 11.60741 0.85409 26 0 0 21 18
2797 3243 6.40398 0.00285 5.80954 2.07169 18 0 0 8 9
2918 3517 6.74798 0.00544 10.87174 2.27090 22 0 0 14 15
3628 7966 9.34892 0.44545 0.59627 1.71988 27 3 8 25 9
2817 3027 6.40398 0.00285 6.97219 5.20978 13 0 0 13 7
2835 3445 6.40660 0.00258 2.62572 19.25621 8 0 0 8 6
2820 3253 6.40398 0.00285 5.45477 12.92230 18 0 2 7 7
7403 8146 8.35530 0.01010 1.36903 0.39267 32 5 23 32 16
2651 3180 6.94995 0.00355 0.93480 0.39664 34 6 5 22 17
2786 3137 6.40398 0.00285 0.92012 5.23611 19 9 4 10 8
8100 8238 6.99388 0.20592 0.35367 1.51517 23 6 5 19 9
2780 3178 6.40398 0.00285 0.79650 0.28393 30 10 1 22 15
2662 3031 6.40257 0.00293 7.39862 0.68643 22 0 0 16 13
2679 3162 6.40398 0.00285 6.85839 3.24944 24 0 0 10 7
4787 8994 9.76495 0.00752 0.52983 0.40154 86 38 6 82 67
2977 7306 6.25690 0.01358 4.50319 1.05276 14 0 0 12 7
2674 3151 6.40398 0.00285 5.43968 0.45111 17 0 0 4 12
2697 3248 6.40398 0.00285 6.78795 2.18624 23 0 0 18 13
4652 4808 7.74387 0.00445 0.36650 0.83697 113 88 4 107 77
2766 3175 6.40398 0.00285 2.06922 5.59114 23 3 0 19 13
1607 6464 9.88065 0.01473 0.53688 0.86773 95 46 7 85 53
7404 8224 9.74536 0.01637 0.90461 0.99858 24 3 1 24 12
462 627 7.74780 0.01089 0.17556 0.65492 35 25 2 33 23
2636 3142 8.55311 0.00355 0.57860 0.46981 14 7 1 12 9
2692 3143 6.40398 0.00285 1.41508 5.16384 29 10 0 13 16
484 5500 6.49635 0.00338 0.27052 0.16551 72 53 13 70 48
2636 3432 8.55311 0.00355 7.68267 0.72900 8 0 0 8 7
600 5624 9.23529 0.00858 0.48107 0.75847 21 10 0 19 16
185 4757 9.99334 0.00998 0.68367 0.64285 89 19 6 76 62
2639 3019 8.20220 0.00359 5.94832 0.21122 15 0 0 1 2
4399 4720 8.26455 0.01110 0.44159 0.63919 93 62 9 91 73
2630 3177 9.25582 0.00411 3.34146 8.47174 38 8 0 29 30
2173 6942 8.55407 0.08073 0.45364 1.50766 73 36 8 56 39
4826 9341 8.75704 0.00535 0.61522 0.90482 105 42 12 103 87
2686 3195 6.40398 0.00285 22.08871 0.17914 21 5 2 2 4
5109 9809 7.38491 0.01363 0.46077 0.60393 99 46 10 97 64
2753 2998 6.40398 0.00285 5.09464 1.85752 20 0 0 18 15
2677 3377 6.40398 0.00285 6.59051 1.59618 27 0 0 24 18
609 5114 8.77295 0.00637 0.51677 0.53522 43 21 8 43 30
4678 4810 8.75214 0.00576 0.72137 0.35827 101 24 3 94 65
7488 8240 8.19465 0.25490 0.72758 1.56773 16 3 1 14 7
2710 3183 6.40398 0.00285 1.25555 0.28939 19 3 1 9 10
3400 3529 9.59165 0.00942 15.67156 1.59495 11 0 0 6 6
2635 3285 8.90410 0.00342 8.21622 1.51025 11 0 0 11 5
4398 4748 8.51564 0.01017 0.57435 0.58817 96 36 9 94 75
5568 9828 8.15362 0.01264 0.93826 1.35739 62 16 1 58 46
2655 3095 6.75414 0.00331 20.69597 0.19383 13 3 0 4 4
2745 3286 6.40398 0.00285 0.33636 0.29608 10 6 1 8 5
2649 3290 6.95051 0.00324 7.64683 2.80324 25 0 0 23 16
746 5117 6.75247 0.01023 0.36566 0.60909 65 40 4 54 45
2682 3390 6.40398 0.00285 6.56088 1.41139 18 0 0 10 7
4850 9385 9.51765 0.01277 0.41790 0.67724 85 54 5 83 64
2702 3360 6.40398 0.00285 6.67192 1.44347 23 0 0 14 10
3644 8248 9.32700 0.45631 0.96988 1.30896 37 10 15 37 13
2734 3211 6.40398 0.00285 0.31522 0.24066 17 9 4 9 9
747 5617 7.48980 0.00789 0.20307 0.52786 29 20 4 26 18
5125 5216 7.49878 0.00378 0.35466 0.25023 67 37 13 67 43
3623 7491 6.29523 0.30105 0.22340 1.46393 34 13 7 34 10
2633 2905 8.00656 0.00431 0.44096 0.26244 21 15 2 18 14
2339 7067 7.62322 0.23002 0.19441 0.82567 36 24 1 34 26
2687 3476 7.10655 0.00342 6.82265 19.30089 15 0 1 9 7
2702 3077 6.40398 0.00285 5.23125 3.90345 17 0 0 17 13
4828 9376 7.25384 0.00544 0.51427 0.41684 124 60 9 119 92
2804 3113 6.40398 0.00285 7.37824 0.17914 17 0 0 6 7
2793 3398 6.40398 0.00285 5.88599 0.24228 12 0 0 7 8
2780 3012 6.40398 0.00285 6.56599 3.29004 19 0 0 13 11
4484 4807 7.25598 0.00505 0.49904 0.81517 120 73 3 117 96
491 5490 6.00583 0.00249 0.24732 0.18131 85 70 9 83 68
7406 7941 7.10498 0.00876 1.52267 0.53959 31 5 19 27 8
7428 8237 7.33636 0.18131 0.71823 1.49358 28 9 11 25 14
2632 2969 8.00387 0.00439 9.32720 2.10691 12 0 0 6 8
5128 5623 9.21949 0.01769 0.45095 1.02870 29 18 6 27 19
3082 3525 8.15197 0.00787 7.60368 0.44762 12 0 0 8 2
2666 3062 6.40398 0.00285 6.75811 2.34134 27 0 0 16 13
2743 3356 6.40398 0.00285 6.35560 2.31021 12 0 0 9 8
2751 3384 6.40398 0.00285 6.43441 2.42107 16 0 0 14 9
2607 2704 6.95131 0.00331 7.54931 0.62370 30 0 0 24 21
4516 8992 9.26182 0.00359 0.73255 0.61102 58 14 2 51 38
2668 3064 6.40398 0.00285 2.37245 5.23259 13 2 1 6 9
5482 9823 6.28214 0.01211 0.99083 1.11382 52 10 0 52 41
2646 3482 8.51381 0.00359 7.73945 2.84180 14 0 0 10 11
3271 3519 6.36664 0.00561 6.18153 6.94128 7 0 0 2 1
3605 7770 6.59265 0.01215 0.11889 0.32984 37 7 21 29 6
460 790 8.73896 0.01070 0.41667 0.89831 57 34 9 50 39
2747 3119 6.40398 0.00285 1.43678 4.39436 26 1 4 14 8
2783 3208 6.40398 0.00285 7.67819 1.77872 23 0 0 10 15
1626 6468 7.58277 0.01230 0.31266 0.70332 151 121 20 145 103
3090 3526 8.50382 0.00808 13.42204 1.48094 15 0 0 10 7
2659 3301 6.40257 0.00320 8.27687 0.56023 16 0 0 7 6
4580 4807 7.25598 0.00505 0.49845 0.82519 112 68 4 107 89
7581 8236 6.30719 0.16214 0.56480 1.17370 23 7 6 21 5
3175 3519 6.36664 0.00561 13.95823 1.34232 9 0 0 9 8
2784 3377 6.40398 0.00285 7.07668 3.61725 19 0 0 7 14
623 5617 7.48980 0.00777 0.41302 0.60523 53 22 11 51 33
2833 3140 6.40614 0.00229 0.45928 1.56273 20 4 4 1 7
862 5521 6.49874 0.01075 0.18698 0.38461 57 45 8 55 44
2862 7316 7.62189 0.00760 9.87887 2.39996 10 0 0 4 6
2738 3085 6.40398 0.00285 0.53930 1.23131 24 12 1 22 17
2803 3124 6.40398 0.00285 0.43713 0.77025 17 10 2 15 13
8142 8243 9.30554 0.32993 1.47647 1.52649 27 5 0 27 5
2708 3150 6.40398 0.00285 5.57639 10.80815 19 0 0 12 12
1932 6724 7.76072 0.03499 0.34455 0.67666 107 69 12 98 73
901 5691 9.96555 0.53765 0.64634 0.87804 14 4 4 9 10
2734 3025 6.40398 0.00285 5.09184 2.89557 16 0 0 14 10
2780 3001 6.40398 0.00285 6.80541 2.88147 19 0 0 12 10
2836 3149 6.40657 0.00285 2.16910 0.38664 12 0 0 10 8
9208 9570 6.72945 0.01538 0.21211 1.08966 121 95 5 117 89
782 5113 9.52376 0.00530 0.63010 0.30132 21 6 8 19 11
4729 4806 7.00676 0.00521 0.63960 0.38563 152 54 3 152 127
2835 3263 6.40660 0.00258 3.49368 0.91771 25 0 0 23 12
434 9804 6.96082 0.00662 0.38023 0.40830 173 117 9 169 143
2733 3378 6.40398 0.00285 7.09218 3.07778 15 0 0 15 6
2693 3276 6.40398 0.00285 6.80677 2.14101 16 0 0 14 11
754 5116 7.52292 0.00949 0.48856 0.63304 53 26 6 53 35
5126 5542 7.24670 0.00478 0.23022 0.37220 43 33 6 43 34
5460 5639 9.75709 0.00375 0.30153 0.31153 43 34 3 39 29
3240 3527 8.85637 0.00887 7.17358 0.50822 16 0 0 12 6
2705 3345 6.40398 0.00285 6.64953 3.36290 13 0 0 13 9
7656 8242 8.75250 0.30328 1.13461 1.73956 19 1 1 11 6
2691 2985 6.05194 0.00239 6.63965 2.24733 11 0 0 4 3
2597 7291 7.21120 0.00539 8.85462 0.66735 23 0 0 15 12
5425 9821 8.02802 0.01212 0.73935 1.10606 30 13 0 28 18
2720 2997 6.40398 0.00285 0.56203 0.42887 19 10 2 11 11
4506 8991 8.75338 0.00378 0.58847 0.75173 97 38 7 95 71
2676 3375 6.40398 0.00285 6.77056 3.97247 21 0 0 16 19
551 5116 7.52289 0.00926 0.49097 0.66382 47 24 7 41 26
2655 2996 6.75414 0.00331 19.77771 0.19383 16 0 0 7 7
459 511 9.25250 0.00778 0.33149 0.57878 31 16 7 29 17
2798 3316 6.40398 0.00285 3.12332 1.74585 12 0 0 9 7
7406 8194 7.10498 0.00876 0.25188 0.46478 39 23 7 34 15
184 4770 8.99995 0.00954 0.50293 0.88999 83 34 2 79 60
2677 3395 6.40398 0.00285 6.60606 2.46704 26 0 0 19 18
780 852 7.48918 0.00772 0.18452 0.40348 70 51 14 68 44
2768 3373 6.40398 0.00285 5.71108 5.75210 13 0 0 3 4
4828 9234 7.25384 0.00544 0.61234 0.55813 133 62 12 133 111
3205 7321 7.81041 0.00846 14.14885 179.94405 7 0 0 5 4
1782 6557 8.34095 0.00919 0.21216 0.47147 83 63 10 75 51
863 5615 6.28153 0.01300 0.38956 0.65849 110 73 4 108 82
5127 5180 6.24644 0.00565 0.59362 0.32865 66 24 3 59 47
2689 3454 6.40184 0.00338 6.22874 0.50899 38 0 0 32 27
4827 9393 8.00089 0.00533 0.40036 0.66205 105 71 9 101 82
2630 3017 9.25582 0.00411 1.40882 1.09002 25 0 0 19 17
5111 9817 8.34098 0.01214 0.78311 0.64831 51 10 1 46 36
2786 3111 6.40398 0.00285 2.98325 12.94272 27 12 5 10 11
2704 3058 6.40398 0.00285 6.63508 4.98939 24 0 0 3 9
475 5416 8.24246 0.00481 0.15275 0.26244 36 28 5 36 23
4486 4813 9.99903 0.00635 0.53919 0.72416 57 23 6 49 34
2735 3262 6.40398 0.00285 6.51921 2.86840 25 0 0 3 10
2744 3500 8.86156 0.00576 8.40161 0.90784 12 0 0 9 10
3624 8167 6.75200 0.32724 0.44840 1.58782 29 7 7 24 8
5125 5260 7.49878 0.00378 0.39532 0.39067 59 29 10 59 38
476 5283 7.99576 0.00458 0.41915 0.40926 53 23 11 49 32
2829 3096 6.40675 0.00276 1.30731 3.89179 42 26 1 33 30
2653 3351 6.75493 0.00301 7.28409 1.46580 13 0 0 8 6
2309 7040 6.22023 0.07880 0.33530 0.82567 75 65 4 68 59
185 4725 9.99334 0.00998 0.63163 0.70499 82 22 0 77 63
3628 8102 9.34892 0.44545 1.04823 1.82521 19 5 4 16 3
2775 3195 6.40398 0.00285 3.14555 1.36859 22 0 0 10 12
2707 2998 6.40398 0.00285 5.23368 1.71006 20 0 0 10 13
3167 7323 9.40784 0.00911 13.40483 1.05721 9 0 0 7 4
2740 3396 6.40398 0.00285 6.77112 1.66789 16 0 0 14 11
4026 8648 6.75228 0.00378 0.66369 0.36045 79 20 9 73 50
479 5305 7.50108 0.00276 0.36859 0.13706 65 41 12 63 45
2820 3000 6.40398 0.00285 0.47874 0.21122 24 9 4 19 8
2659 2984 6.05049 0.00280 6.97893 2.87562 15 0 0 4 3
2628 3430 9.44973 0.00426 4.73138 4.70386 12 0 0 7 7
2951 7320 7.81232 0.00851 13.99466 0.30901 7 0 0 7 4
5293 5635 7.75436 0.00666 0.39516 0.60781 59 36 2 51 40
3627 7730 8.88253 0.41598 0.45380 1.89857 21 4 5 15 7
7400 7868 9.60594 0.00947 0.41212 0.56371 20 6 7 18 7
2633 3308 8.90332 0.00403 0.94154 1.72964 8 1 0 5 4
7741 8237 6.65261 0.18303 0.56105 1.30536 23 5 9 19 10
944 5726 7.01259 0.10025 0.39934 0.24708 25 13 1 14 13
2735 3131 6.40398 0.00285 21.30255 0.17914 21 8 0 0 5
2761 3317 6.40398 0.00285 0.68916 0.62870 10 2 4 10 4
7409 7746 6.20690 0.00801 0.21072 0.31898 45 30 11 43 25
2774 3283 6.40398 0.00285 6.24105 4.12170 13 0 0 13 7
2666 3312 6.40398 0.00285 10.72258 6.58422 7 0 0 2 3
2704 3185 6.40398 0.00285 21.27299 0.17914 25 0 3 6 7
381 9765 8.64888 0.03799 0.42766 0.42796 82 52 8 72 54
501 849 6.24008 0.00655 0.13509 0.42978 83 71 8 80 61
2812 3208 6.40398 0.00285 7.26094 0.22900 18 0 0 12 10
630 9824 8.34631 0.01070 1.03197 0.95613 28 4 0 26 17
501 9817 8.22116 0.00884 0.79918 0.98357 56 21 5 41 34
2638 3414 8.20217 0.00365 7.62585 5.40124 13 0 0 13 8
2676 3321 6.40398 0.00285 6.26575 2.24140 25 0 0 16 11
2733 3039 6.40398 0.00285 0.10881 0.24549 21 15 2 10 11
463 562 7.23652 0.01020 0.28942 0.59149 45 33 3 41 37
2626 3226 9.79770 0.00565 7.97757 0.30261 16 0 0 16 10
5442 9823 6.28214 0.01211 0.86743 0.97237 74 22 4 68 56
3715 8323 9.55443 0.01642 0.32463 0.72470 44 30 6 40 29
3602 8139 8.90055 0.00544 0.12287 0.26980 32 21 9 29 18
184 4524 8.99461 0.01007 0.31366 1.54813 77 36 2 66 50
1593 6430 9.85235 0.00793 0.60463 0.45628 58 25 9 50 29
3372 3520 6.55454 0.00604 5.88671 8.32221 11 1 0 0 2
2670 3479 7.45863 0.00324 5.94230 7.68579 12 0 0 6 5
4404 4632 6.26224 0.00651 0.85991 0.47064 130 11 0 128 107
3627 7685 8.88253 0.41598 1.39784 1.97278 32 5 5 30 8
2787 3154 6.40398 0.00285 20.11056 0.17914 12 0 0 0 2
2786 3409 6.40398 0.00285 0.23208 0.22900 15 7 4 15 8
2842 3190 6.05536 0.00249 1.59197 2.59254 28 0 2 23 20
4850 9127 9.51765 0.01277 0.35344 0.75121 108 73 4 100 79
2762 3080 6.40398 0.00285 0.45062 0.25944 32 20 1 22 20
1628 6470 8.11766 0.01319 0.42981 0.75744 129 95 9 129 102
2660 3352 6.40257 0.00316 7.30668 5.56099 25 0 0 20 18
460 527 8.73992 0.00953 0.28234 0.62683 53 36 7 44 40
2739 3336 6.40398 0.00285 5.59463 0.38765 11 0 0 3 6
2198 6962 7.54974 0.13263 0.95907 3.13999 94 61 13 82 28
3601 7669 9.60497 0.00428 0.35612 0.28255 22 10 8 19 7
2599 2800 9.25431 0.00309 11.17917 1.29845 45 0 0 20 28
2807 3066 6.40398 0.00285 0.37890 0.49337 16 8 4 11 8
4849 9259 8.52201 0.01302 0.24807 0.78833 114 81 5 109 86
5126 5229 7.24674 0.00450 0.28051 0.68756 72 49 7 67 49
3602 8008 8.90055 0.00544 0.26837 0.28667 28 14 6 23 13
8073 8237 6.65261 0.18303 0.52174 1.30416 22 6 6 22 11
816 5616 7.24026 0.00618 0.21574 0.35388 75 50 14 71 46
2721 3286 6.40398 0.00285 0.88528 0.17914 11 2 1 8 6
3628 8107 9.34892 0.44545 0.72764 1.93249 23 0 1 23 8
2778 3111 6.40398 0.00285 19.66221 0.17914 18 6 0 1 3
3088 7321 7.81041 0.00846 9.45616 3.09706 14 0 0 2 6
2835 3387 6.40660 0.00258 23.93504 0.15826 18 0 0 6 7
2839 3272 6.40657 0.00267 0.67258 0.15826 11 0 2 11 5
4398 4696 8.51564 0.01017 0.52203 0.60523 76 38 7 76 61
205 9247 6.23936 0.01072 0.52346 1.07992 201 115 3 176 149
5240 5635 7.75436 0.00666 0.35596 0.45628 68 48 9 68 46
2761 3488 7.80935 0.00384 0.68280 2.38146 11 2 2 2 5
3334 7321 7.81041 0.00846 9.88103 0.65072 10 0 0 4 4
2844 3104 6.05536 0.00234 0.55288 0.21670 32 11 3 28 15
2645 3218 7.65267 0.00267 7.70140 0.20748 28 0 0 22 20
2648 3019 7.30119 0.00369 6.63915 0.62055 9 0 0 9 6
2801 3422 6.40398 0.00285 6.79557 3.08299 19 0 0 11 10
2657 3380 6.75414 0.00328 7.65726 3.57347 18 0 0 16 14
846 9824 6.28148 0.01334 0.52476 1.01760 83 50 4 75 58
2734 3431 6.40398 0.00285 6.46745 1.47565 16 0 0 14 11
5127 5447 6.24645 0.00594 0.54365 0.35166 95 44 3 89 64
4816 8986 6.48856 0.01015 0.49576 0.93125 118 62 9 114 81
2765 3386 6.40398 0.00285 6.07339 0.22900 18 0 0 13 12
2675 3153 6.40398 0.00285 6.91310 1.79951 14 0 0 4 8
2695 3393 6.40398 0.00285 6.47405 0.29074 18 0 0 18 14
2636 3156 8.55311 0.00355 0.54140 0.99701 17 4 6 11 7
2800 3472 7.10492 0.00372 5.85159 0.35054 13 0 0 5 7
178 4814 8.27460 0.01223 0.61722 0.41117 79 30 5 70 52
2733 3090 6.40398 0.00285 0.44572 0.28667 27 19 3 27 16
4521 4806 7.00676 0.00521 0.62282 0.49889 144 55 4 142 113
3625 8196 7.63459 0.35756 0.39073 1.83376 22 5 10 17 8
3628 8158 9.34892 0.44545 0.85878 1.78092 24 5 3 21 8
9008 9349 7.23409 0.01358 0.36500 0.89175 148 125 11 141 119
2776 3268 6.40398 0.00285 7.20280 1.13229 19 0 0 3 2
2773 3260 6.40398 0.00285 8.06276 1.24741 17 0 0 8 6
2766 3190 6.40398 0.00285 1.92736 0.62994 25 0 0 23 21
2631 2982 8.90458 0.00409 26.81516 0.21850 14 1 0 3 4
2780 3041 6.40398 0.00285 0.35214 2.42220 21 11 1 13 12
1856 6647 7.96248 0.01578 0.45935 0.32264 83 49 4 81 60
471 5402 9.49325 0.00644 0.39786 0.42428 23 16 4 17 11
2798 3321 6.40398 0.00285 5.80798 1.14158 25 0 0 15 14
2716 3437 6.40398 0.00285 6.66856 2.63745 19 0 0 10 8
7408 8216 7.08631 0.01524 0.23807 0.92281 33 17 3 30 19
2658 3476 7.10520 0.00378 6.84198 0.85134 22 0 0 19 9
2731 2992 6.40535 0.00254 5.07217 0.52712 16 0 0 10 9
2787 3117 6.40398 0.00285 4.97302 7.34991 16 0 0 16 9
2817 3099 6.40398 0.00285 22.30055 0.17914 22 9 0 5 6
2704 3266 6.40398 0.00285 6.62034 4.73383 22 0 0 20 15
2602 2686 8.35885 0.00316 8.29662 5.50744 26 0 0 14 15
689 9823 7.44416 0.00975 0.60266 1.96204 40 19 3 40 31
5420 5634 7.24101 0.00744 0.14241 0.59938 78 65 7 73 47
573 5118 6.02977 0.01001 0.42166 0.56924 62 36 3 62 52
2650 3496 8.89841 0.00530 8.93119 6.27542 14 0 0 5 9
2712 3107 6.40398 0.00285 0.39778 0.21670 33 18 3 29 22
4586 4812 9.50068 0.00604 0.29856 0.37949 74 40 12 69 38
3147 3519 6.36664 0.00561 14.80268 4.22466 15 0 0 11 7
427 9801 8.51144 0.01122 0.52433 0.38155 96 40 6 92 70
3625 7958 7.63459 0.35756 0.43191 1.80038 24 6 8 24 10
3429 7305 7.85687 0.01343 5.12703 0.39565 12 0 0 7 9
2761 3035 6.40398 0.00285 0.51616 0.41212 27 10 4 19 14
2789 3425 6.40398 0.00285 6.11356 0.83322 18 0 0 12 10
4828 9053 7.25384 0.00544 0.66250 0.78435 143 60 15 134 107
2820 3271 6.40398 0.00285 6.74870 1.65682 14 0 0 8 8
5486 9825 6.36383 0.01340 0.85801 1.25336 82 24 1 82 66
2695 3065 6.40398 0.00285 5.35080 1.47140 22 0 0 17 16
1406 6196 9.38641 0.01083 0.25340 0.61992 93 66 13 91 71
3662 8272 8.93003 0.22587 0.39747 0.40926 52 28 9 48 31
117 4352 7.26536 0.00687 0.27571 0.41590 69 54 9 65 48
3624 7483 6.75200 0.32724 0.59347 1.60474 38 5 2 33 25
2662 3408 6.40257 0.00293 7.03766 3.81762 15 0 0 11 7
2704 3455 6.40101 0.00345 6.68828 3.63195 15 0 0 15 9
2676 3149 6.40398 0.00285 5.34043 1.05610 39 0 0 14 17
560 5622 8.48923 0.00875 0.39710 0.75847 47 23 3 47 32
2672 3131 6.40398 0.00285 5.09743 3.08121 26 0 0 9 12
194 9149 6.50092 0.00775 0.63634 1.33501 162 93 20 146 127
2793 3016 6.40398 0.00285 0.60335 0.60845 12 3 1 8 5
7407 8100 6.91331 0.00872 0.36479 0.31898 40 17 11 35 13
2834 2983 6.05468 0.00234 0.19270 0.45885 34 25 2 28 24
115 8943 6.51741 0.00784 0.51059 0.60781 104 50 7 102 79
917 5676 6.64562 0.41587 0.60559 1.04230 64 34 18 62 34
747 857 9.99014 0.00916 0.44912 0.76361 16 9 2 13 10
2599 2817 9.25431 0.00309 11.46702 2.27864 31 0 0 12 19
2819 3037 6.40398 0.00285 5.10014 1.50454 17 0 0 15 10
2727 3160 6.40398 0.00285 0.24863 0.29475 17 12 1 13 11
2837 3435 6.40657 0.00276 2.54923 0.75796 18 0 0 16 11
4401 4492 7.51658 0.00928 0.52656 0.52190 97 51 7 92 69
881 9835 6.33852 0.01497 0.90460 0.91941 69 13 0 59 46
472 5476 8.99148 0.00618 0.35997 0.34492 33 19 6 30 20
2781 3506 9.59883 0.00639 9.74098 8.30416 12 0 0 12 8
6420 6471 8.08245 0.00910 0.18346 0.62558 104 87 7 102 72
7409 7563 6.20690 0.00801 0.29292 0.30390 43 26 10 41 22
2742 3323 6.40398 0.00285 0.30185 0.71710 18 11 2 16 11
3605 8208 6.58048 0.01647 0.27701 0.68414 38 24 8 36 22
2789 3010 6.40398 0.00285 0.41212 0.32506 23 13 1 21 16
2691 3221 6.40398 0.00285 0.31846 0.47395 22 10 2 7 9
2743 3262 6.40398 0.00285 23.38076 0.17914 16 0 0 4 4
3697 8306 9.18228 0.14589 0.44532 1.37402 49 34 7 40 28
2751 3476 7.10655 0.00342 6.11794 0.38967 17 0 0 17 12
2748 3141 6.40398 0.00285 0.43454 1.55972 20 11 0 17 16
5202 9827 7.17774 0.01340 0.97841 1.22141 73 15 0 65 52
4846 9375 6.00943 0.01217 0.21869 1.04755 147 112 5 131 109
7402 8076 9.05913 0.01004 0.36014 0.44850 32 22 4 28 17
2600 2683 9.06027 0.00331 8.92648 1.12117 25 0 0 6 6
9003 9074 9.74191 0.01008 0.56103 0.81277 91 50 14 85 66
2634 3072 8.90332 0.00381 1.10249 2.15867 19 5 2 12 12
2634 3137 8.90332 0.00381 24.35446 0.22728 15 0 0 3 5
5432 5634 7.24101 0.00744 0.24084 0.50435 81 72 8 79 57
2772 3388 6.40398 0.00285 6.07029 0.27976 23 0 0 11 14
2638 3269 8.20217 0.00365 7.61085 1.88782 14 0 0 6 10
2600 2848 9.76101 0.00409 10.88523 1.31730 28 0 0 14 15
472 5579 8.99148 0.00618 0.19621 0.44850 24 16 5 22 13
2713 3096 6.40398 0.00285 0.46107 0.18767 38 23 2 34 26
2740 7315 8.35210 0.00689 8.09740 1.50922 13 0 0 10 6
384 5035 9.50092 0.00919 0.49314 0.63180 59 23 3 55 44
5453 9828 8.15362 0.01264 0.92863 1.18894 80 16 3 76 51
2749 3318 6.40398 0.00285 0.29183 0.26095 15 12 0 15 12
4849 9446 8.52201 0.01302 0.30179 0.71710 92 67 6 90 68
2703 3004 6.40398 0.00285 5.24765 2.13936 27 0 0 16 18
7401 7577 9.05972 0.01005 0.40922 0.37742 32 14 10 30 15
2706 7316 9.56933 0.00882 9.22093 0.73489 10 0 0 7 7
2658 3172 6.40257 0.00328 7.85792 1.14671 19 0 0 5 9
4850 9202 9.51765 0.01277 0.36064 0.71546 98 71 2 93 80
2617 2870 7.80338 0.00606 4.29531 0.34718 35 0 0 26 25
2706 3369 6.40398 0.00285 6.54133 3.18715 19 0 0 16 11
3637 8270 8.99823 0.39608 0.55985 0.86321 26 9 5 26 10
9237 9573 7.98343 0.01381 0.27831 0.89307 124 107 7 118 98
7401 7745 9.05972 0.01005 0.43129 0.40542 41 15 11 35 15
5420 5639 9.75709 0.00375 0.34358 0.63427 50 34 2 46 37
2745 3166 6.40398 0.00285 0.28022 0.49968 24 14 1 20 15
3623 7658 6.29523 0.30105 1.16897 1.44157 28 7 4 17 9
3631 8234 6.28096 0.40513 0.66726 1.07338 20 8 10 17 6
2841 3308 6.05536 0.00280 34.60022 0.13417 7 0 0 3 1
2839 3246 6.40657 0.00267 3.48183 2.88934 8 0 0 1 3
183 4784 6.75824 0.00979 0.31853 0.96591 112 65 9 105 86
9356 9573 7.98343 0.01381 0.30264 0.97879 132 105 10 127 98
2643 3090 7.65286 0.00289 22.01364 0.17246 30 5 4 18 13
5303 5639 9.75709 0.00391 0.31341 0.27268 57 42 5 53 39
1099 5891 7.06679 0.05267 0.55384 1.45374 27 19 2 25 14
2628 2980 9.09852 0.00400 7.05902 19.61133 23 2 1 6 7
2732 3038 6.40398 0.00285 0.27292 0.31775 24 18 1 24 18
2626 2974 9.24694 0.00623 26.48460 0.34605 15 3 1 3 3
2909 3523 8.50376 0.00858 5.83928 1.42848 13 0 0 7 8
2644 3482 8.86646 0.00301 9.36309 2.21435 20 0 0 8 10
2649 3209 6.95051 0.00324 8.22311 0.66969 52 0 0 43 39
7408 7570 6.56028 0.00823 0.26791 0.30647 56 36 9 56 33
4404 4695 6.26224 0.00651 0.68803 0.46394 128 30 5 121 97
861 5569 6.24489 0.01092 0.20554 0.74283 90 74 4 88 68
2670 3050 6.40398 0.00285 5.57696 2.81689 18 0 0 18 13
462 660 7.74780 0.01089 0.39134 0.64407 46 28 8 44 31
7405 7474 7.81098 0.00895 0.56490 0.32264 34 12 13 31 13
178 4409 7.50701 0.01362 0.42110 1.45858 129 87 7 119 104
7401 7903 9.05972 0.01005 1.50957 0.46814 35 10 17 29 8
938 5697 7.28810 0.37728 4.23847 4.95472 14 0 0 14 12
3775 8389 7.26643 0.00305 0.27218 0.24708 52 39 7 46 39
194 9550 7.49852 0.01358 0.92578 1.01259 124 18 1 120 106
863 5411 7.51167 0.01078 0.26486 0.64041 68 47 9 66 43
206 9146 7.24215 0.01175 0.43467 1.03665 142 92 6 132 110
7406 7469 7.10498 0.00876 0.17736 0.31404 39 27 9 34 19
69 121 9.27475 0.02944 0.86042 1.17670 69 10 1 52 46
4397 4578 8.76599 0.00995 0.68572 0.64285 76 19 7 69 54
3023 3528 9.39916 0.00913 30.51859 0.52039 11 0 0 9 3
2844 3510 9.95038 0.00684 15.49635 1.51258 9 0 0 2 3
4522 8971 8.01522 0.01215 0.91579 0.82377 81 5 3 77 67
470 5445 9.73658 0.00820 0.40492 0.58617 45 29 4 40 29
2840 3186 6.40657 0.00280 2.04370 1.91213 37 0 0 20 23
532 857 9.99013 0.00906 0.28220 1.00833 20 11 1 15 14
220 9607 7.97973 0.01396 0.23290 0.76105 75 54 13 71 41
5647 9831 7.44243 0.01320 0.85952 0.74441 38 6 0 31 26
2645 3201 7.65267 0.00267 7.85023 1.13643 27 0 0 27 18
2648 2927 6.40250 0.00359 20.56443 0.20174 23 6 2 7 6
3227 3529 9.59165 0.00942 13.81291 5.69003 8 0 0 5 3
5475 5635 7.75435 0.00635 0.29456 0.70942 59 40 6 56 37
2666 3419 6.40398 0.00285 7.79998 0.32021 14 0 0 8 5
183 4473 7.74200 0.01028 0.33429 1.07992 105 57 3 90 76
2771 3496 8.35322 0.00486 5.41105 2.99761 23 0 0 10 7
2636 3038 8.55311 0.00355 0.40250 0.67493 14 7 3 10 4
862 5363 6.49870 0.01055 0.20231 0.71928 77 58 4 75 56
3133 3523 7.61147 0.00684 13.09984 1.34552 12 0 0 8 8
9005 9462 8.73968 0.01075 0.35133 0.62495 99 72 14 93 69
2248 6994 6.03081 0.06679 0.30928 0.76821 146 96 14 142 101
9043 9569 6.22469 0.01632 0.13115 1.04904 202 186 7 200 166
2659 3154 6.40257 0.00320 4.27753 6.14822 11 0 0 6 5
2739 3312 6.40398 0.00285 6.95614 21.65164 5 1 0 5 1
2747 3319 6.40398 0.00285 6.35985 2.32271 14 0 0 11 7
517 850 6.74007 0.00687 0.24415 0.86321 72 48 5 65 53
2757 3058 6.40398 0.00285 4.33700 13.28652 28 9 0 6 11
144 4371 6.50342 0.00437 0.04393 0.34492 179 156 21 177 133
752 855 8.74008 0.00829 0.23204 0.37430 42 32 5 37 27
2721 3068 6.40398 0.00285 0.45922 0.72793 30 19 4 25 22
169 4535 6.26382 0.01376 0.85501 0.43701 129 12 1 124 93
2638 3238 8.20217 0.00365 11.13992 1.68005 15 0 0 15 11
803 5613 6.49333 0.00610 0.41865 0.37325 75 51 3 71 50
298 9675 9.28751 0.03200 0.20076 0.73061 55 39 6 52 36
490 5301 6.00385 0.00224 0.26793 0.09279 77 58 3 71 52
2779 3246 6.40398 0.00285 6.37012 0.17914 12 0 0 12 5
472 5597 8.99150 0.00726 0.55929 0.52489 30 9 6 30 19
1799 6587 7.28605 0.04427 0.29280 0.19383 86 56 14 84 52
2802 3090 6.40398 0.00285 19.46030 0.17914 22 8 2 3 5
9011 9561 9.20703 0.02515 0.42687 1.46740 156 114 15 152 133
4947 9683 8.31646 0.01789 0.33025 0.47395 53 36 5 46 34
7400 8156 9.60594 0.00947 0.85143 0.39664 20 6 12 18 7
207 9176 8.24162 0.01235 0.37291 1.32264 111 81 2 104 81
487 5431 6.24522 0.00378 0.18076 0.52786 97 77 10 91 69
2627 2905 8.90180 0.00431 2.06996 3.99076 20 6 0 11 11
461 527 7.98823 0.01005 0.15470 1.03173 50 35 10 44 28
2822 3264 6.40398 0.00285 6.81274 1.26918 16 0 0 12 8
5208 9828 8.15355 0.01258 1.04428 1.02106 65 9 1 63 48
2781 3209 6.40398 0.00285 7.92518 0.32143 30 0 0 24 21
2675 3336 6.40398 0.00285 6.42260 1.57892 24 0 0 20 13
1244 6019 7.35610 0.25998 0.71432 0.67377 10 6 0 8 5
4397 4690 8.76599 0.00995 0.58976 0.57539 72 25 6 66 51
2840 3119 6.40657 0.00280 1.35750 4.01620 36 6 0 20 22
2758 3132 6.40398 0.00285 0.41114 0.45542 16 8 3 12 8
2637 3374 8.55311 0.00359 11.08837 0.35277 14 0 0 8 5
1008 5772 8.99554 0.00512 8.55469 1.91377 19 0 0 19 11
9007 9087 7.73482 0.01330 0.36871 0.81132 94 59 14 86 68
720 5113 9.52377 0.00458 0.68354 0.66205 40 9 12 37 29
1353 6154 7.28705 0.01362 0.34906 0.25488 37 22 11 37 21
2727 3214 6.40398 0.00285 7.97594 0.87626 9 0 0 7 6
2795 3263 6.40398 0.00285 5.94716 13.25542 21 0 0 3 7
2773 3168 6.40398 0.00285 1.33518 1.95525 17 0 1 8 6
3603 7527 8.19745 0.00753 0.53258 0.40251 46 14 20 41 25
484 5275 6.49640 0.00301 0.17457 0.16786 72 61 6 68 52
2798 3045 6.40398 0.00285 19.56993 0.17914 18 10 2 4 7
4849 9216 8.52201 0.01302 0.36156 0.73275 92 58 2 80 70
