1944 4535 10.67241 0.06258 9.46061 3.79137 127 0 0 127 112 1304 100.00000 0
1003 4248 10.56080 0.02116 10.62768 1.80233 110 0 0 103 81 1384 100.00000 0
1875 4467 10.31848 0.02322 10.34478 0.75225 142 0 0 140 130 990 100.00000 0
980 4250 10.90960 0.01631 9.99777 0.72308 108 0 0 105 83 1334 100.00000 0
1924 4499 11.64191 0.07469 11.61225 5.21969 221 0 0 219 197 1277 100.00000 0
1003 4247 11.85033 0.01925 9.71868 0.84349 130 0 0 128 103 1481 100.00000 0
1920 4496 10.29123 0.07388 11.03444 4.34722 133 0 0 133 119 1085 100.00000 0
1953 4527 11.82973 0.05470 2.19645 0.45024 66 0 0 64 57 877 100.00000 0
1934 4525 10.74210 0.08102 11.11963 3.96832 148 0 0 141 128 898 100.00000 0
1921 4512 10.95557 0.07440 10.91618 4.48498 138 0 0 134 124 1061 100.00000 0
1847 4441 11.55264 0.03036 10.59048 1.75413 104 0 0 94 87 976 100.00000 0
1855 4432 10.69944 0.01525 9.73644 0.55602 136 0 0 134 115 1037 100.00000 0
1930 4505 11.57754 0.07154 11.41976 4.47816 272 0 0 272 266 1035 100.00000 0
1962 4536 10.60356 0.03098 2.06269 1.19452 124 0 0 122 109 879 100.00000 0
1007 4249 11.88875 0.02524 12.70767 1.46045 128 5 0 117 101 1424 100.00000 0
1932 4508 10.13007 0.06367 10.07192 3.96012 169 0 0 169 153 1240 100.00000 0
995 4243 11.35005 0.01201 9.89633 0.86592 142 0 0 142 108 1569 100.00000 0
1859 4452 10.91428 0.01579 10.46478 1.16197 185 0 0 183 169 1255 100.00000 0
996 4261 11.33696 0.01223 11.50220 2.19178 123 0 0 116 82 1232 100.00000 0
1865 4442 10.81550 0.01758 9.48575 0.76259 117 0 0 115 105 1124 100.00000 0
1864 4457 11.20748 0.01387 10.47349 0.95613 175 0 0 171 160 1306 100.00000 0
1955 4530 10.25962 0.03967 2.14727 0.46055 128 0 0 124 108 1090 100.00000 0
