98 3788 11.81900 0.03819 0.96165 2.18892 12 0 0 7 3 278 100.00000 0
2678 5405 10.70459 0.01157 0.51549 0.68756 26 12 7 26 9 524 100.00000 0
459 3982 10.49489 0.01009 0.78203 1.83056 17 4 3 6 5 205 100.00000 0
346 709 11.50833 0.00719 0.58521 1.09002 15 3 1 5 3 159 100.00000 0
3679 7107 10.26745 0.11951 0.75479 1.37288 8 0 0 5 3 44 100.00000 0
531 976 11.26895 0.00154 0.96389 1.11276 18 6 2 14 12 280 100.00000 0
420 975 10.76826 0.00183 1.04268 0.97879 16 4 1 10 10 309 100.00000 0
7754 7810 11.31788 0.72617 1.21386 2.21682 13 2 4 11 4 86 100.00000 0
3018 5736 10.49427 0.04344 0.50059 0.57403 23 11 0 21 18 360 100.00000 0
614 975 10.76826 0.00183 0.67575 0.13122 20 4 0 18 8 287 100.00000 0
734 4172 10.02836 0.01118 0.61559 0.48939 25 3 2 23 12 305 100.00000 0
2424 5270 11.33786 0.30847 0.68515 2.11674 7 3 2 1 3 30 100.00000 0
6603 6850 11.74586 0.00594 0.49398 0.52489 7 3 0 4 4 53 100.00000 0
3389 6303 10.30408 0.05438 0.80045 1.53391 13 6 0 11 6 108 100.00000 0
345 476 11.74965 0.00708 1.96261 3.12925 12 1 0 4 4 195 100.00000 0
1591 4756 11.77052 0.01505 0.69740 3.40007 12 1 2 8 5 204 100.00000 0
1033 4214 11.50809 0.00802 0.81565 2.26244 29 20 4 20 19 293 100.00000 0
1497 4649 10.80174 0.00434 1.36634 4.42811 12 4 0 8 6 232 100.00000 0
2287 5313 11.57005 0.70560 1.04303 2.05862 5 1 0 0 2 24 100.00000 0
3053 5787 10.69800 0.01198 0.49275 1.04978 18 7 3 15 10 285 100.00000 0
345 660 11.74965 0.00708 1.25140 3.62353 13 0 2 3 3 185 100.00000 0
2171 2366 11.86999 0.30255 1.67999 2.08206 6 1 0 2 0 57 100.00000 0
2268 2564 11.48797 0.58047 0.83212 1.73009 6 0 0 3 3 45 100.00000 0
1697 4865 10.52734 0.00414 0.51501 0.18975 23 10 4 19 14 210 100.00000 0
6606 6919 10.49518 0.00708 0.60523 0.40830 6 2 2 6 6 52 100.00000 0
632 3982 10.49489 0.01009 0.77541 1.18035 20 8 3 10 6 218 100.00000 0
2228 2559 10.88836 0.49447 0.71008 3.39811 4 2 0 1 2 24 100.00000 0
346 608 11.50244 0.00580 0.88532 0.45800 14 6 2 10 7 181 100.00000 0
2862 5582 11.64744 0.02020 0.28619 0.23739 23 15 4 17 14 310 100.00000 0
2320 5321 10.76751 0.80012 0.12718 4.15313 5 1 0 3 2 19 100.00000 0
404 977 11.52020 0.00049 0.48407 0.57811 17 4 5 10 6 279 100.00000 0
481 3982 10.49489 0.01009 0.39956 0.73701 23 10 3 21 11 235 100.00000 0
2622 5348 10.90531 0.02185 0.51195 2.40338 19 2 0 9 9 109 100.00000 0
6604 6918 11.24828 0.00629 1.07611 4.93793 11 0 0 5 7 67 100.00000 0
2565 5331 10.40103 0.58587 0.51307 1.79406 19 5 0 14 11 132 100.00000 0
8038 8089 11.01070 0.43522 0.58904 3.90164 23 1 3 18 13 183 100.00000 0
346 654 11.50244 0.00580 0.46462 0.37534 16 3 6 11 4 197 100.00000 0
148 3816 10.81143 0.02904 1.68284 0.76617 21 0 6 19 8 177 100.00000 0
3694 7205 10.66241 0.46041 0.42200 0.59610 8 5 1 8 6 82 100.00000 0
3679 6849 10.26745 0.11951 0.43963 1.07702 6 2 2 6 3 53 100.00000 0
1251 4418 10.26327 0.01129 1.47338 2.86840 23 10 0 19 15 287 100.00000 0
460 4173 11.79777 0.00987 0.99994 0.68528 15 1 1 7 7 229 100.00000 0
457 3980 11.49638 0.01155 0.47254 0.80113 18 5 8 13 9 191 100.00000 0
2177 2412 10.26875 0.29874 1.34453 2.62242 5 0 0 5 3 32 100.00000 0
777 3985 10.24876 0.00981 0.95106 0.63056 21 3 8 19 11 251 100.00000 0
4116 4174 10.00670 0.00664 0.96482 1.68818 25 4 3 11 10 289 100.00000 0
5977 6036 10.10704 0.00608 1.30911 2.21399 20 3 2 16 5 312 100.00000 0
1067 4264 11.51297 0.00305 0.63150 0.52712 23 9 8 23 13 230 100.00000 0
711 4170 10.03241 0.01130 0.61607 0.79819 22 12 3 22 18 238 100.00000 0
8045 8108 11.99700 1.25167 0.67642 2.60804 19 1 0 17 10 149 100.00000 0
642 3979 11.99371 0.01255 0.50847 0.89787 9 0 3 5 4 163 100.00000 0
1590 4754 10.06641 0.01400 0.73541 3.34820 17 9 2 9 4 229 100.00000 0
464 4170 10.30159 0.01147 0.60888 0.36477 17 5 2 17 10 204 100.00000 0
2176 2437 10.80393 0.29947 1.65866 3.13100 10 0 0 7 5 48 100.00000 0
368 967 10.00277 0.01055 0.62792 1.09611 27 12 5 21 13 287 100.00000 0
889 979 11.51970 0.00400 0.68329 0.27124 21 0 1 13 10 250 100.00000 0
417 4172 11.29839 0.01034 0.32271 0.97879 17 5 2 8 7 276 100.00000 0
6607 6923 10.24121 0.00750 0.62298 1.16768 10 4 3 6 4 46 100.00000 0
2175 2384 10.80392 0.29987 1.52311 3.68057 11 0 0 8 8 54 100.00000 0
2267 2565 11.79055 0.60432 0.66681 1.57619 13 5 0 10 7 65 100.00000 0
364 4161 10.26025 0.01913 1.26586 0.82329 16 6 6 16 7 276 100.00000 0
2173 2440 11.32990 0.30114 0.79355 2.49905 6 2 1 4 2 41 100.00000 0
348 618 10.25119 0.00537 0.47605 0.50202 27 11 3 27 15 226 100.00000 0
829 976 10.00929 0.00120 1.06660 0.17017 19 0 0 7 5 287 100.00000 0
2521 5270 11.33786 0.30847 0.26384 1.97001 9 5 2 7 5 37 100.00000 0
983 4146 11.78416 0.01610 0.60965 2.59782 14 0 0 11 6 214 100.00000 0
825 4173 10.53017 0.01052 1.67522 2.24559 22 2 3 4 5 303 100.00000 0
1266 4445 10.02312 0.01663 0.47697 0.20936 21 10 1 18 11 245 100.00000 0
4002 4166 11.51660 0.01168 0.88768 1.16466 19 5 2 17 9 231 100.00000 0
3703 7225 11.08056 0.76917 0.41340 1.13849 8 2 1 2 2 73 100.00000 0
2644 5371 11.79552 0.02474 0.62011 0.91856 18 6 2 18 11 347 100.00000 0
1793 4951 11.30203 0.21655 0.44310 1.13815 11 2 0 6 3 27 100.00000 0
350 897 10.50898 0.00703 0.46680 1.43586 17 5 2 17 11 219 100.00000 0
654 4170 10.30159 0.01147 0.31829 0.71052 22 12 1 16 15 314 100.00000 0
350 743 10.50898 0.00703 0.84061 0.63919 11 1 1 5 4 202 100.00000 0
351 4093 11.02224 0.01386 1.21042 0.30390 15 5 8 11 6 229 100.00000 0
761 4175 11.52745 0.00992 0.37693 0.50124 31 14 6 22 17 262 100.00000 0
508 3982 10.49489 0.01009 0.68843 0.56232 12 3 1 5 5 198 100.00000 0
484 4170 10.30159 0.01147 0.94929 1.08930 18 6 0 14 9 303 100.00000 0
