352 4110 10.52336 0.01361 10.24467 5.95299 12 0 0 7 7 224 100.00000 0
7046 7203 11.24229 0.02743 37.24293 1.56848 4 0 3 4 2 65 100.00000 0
3265 6154 10.01053 0.00986 9.05264 0.63242 24 0 0 18 15 332 100.00000 0
555 976 11.26895 0.00154 2.76699 3.70845 18 5 0 11 9 307 100.00000 0
2471 5270 11.33786 0.30847 5.76785 4.46467 5 0 0 5 3 39 100.00000 0
1358 4519 11.79033 0.00498 10.09759 0.28531 11 0 0 3 3 191 100.00000 0
3660 6675 11.15628 0.00375 4.54364 11.40313 7 0 0 5 4 51 100.00000 0
758 4172 10.03026 0.01108 11.90361 0.63180 18 0 0 11 7 321 100.00000 0
6806 7202 10.99288 0.02735 11.25919 9.02935 8 0 0 6 6 78 100.00000 0
1949 5079 10.80691 0.00882 11.22622 0.49099 9 0 0 6 5 44 100.00000 0
3645 6593 11.70663 0.00345 25.17347 0.20558 4 0 0 4 2 26 100.00000 0
497 976 11.26895 0.00154 11.19076 nan 18 1 0 6 6 290 100.00000 0
2843 5563 11.77477 0.05659 10.83171 21.95296 11 0 0 3 5 347 100.00000 0
3559 6480 11.23116 0.01288 7.19672 5.70860 22 0 0 12 10 234 100.00000 0
6614 7182 10.97805 0.01904 14.75753 26.81022 13 0 0 5 8 92 100.00000 0
458 4171 10.79933 0.01107 5.82561 12.32096 19 1 0 4 4 271 100.00000 0
1211 4394 11.01681 0.01370 9.30949 0.78335 15 0 0 5 5 317 100.00000 0
2751 5491 11.95889 0.01155 10.18961 0.65492 19 0 0 10 10 439 100.00000 0
2429 5323 11.68318 0.82280 43.60697 47.14282 3 0 0 0 0 22 100.00000 0
898 980 11.77208 0.00498 8.20357 0.29608 20 0 0 10 7 292 100.00000 0
2172 2321 11.33265 0.27787 3.17766 6.07173 5 1 0 0 1 36 100.00000 0
3246 6020 10.39814 0.01340 9.21093 0.77733 16 0 0 9 11 306 100.00000 0
2472 2581 11.22698 0.77641 18.15652 44.48486 6 0 0 0 1 43 100.00000 0
1659 4807 10.85102 0.00775 9.59428 5.88397 23 0 0 17 17 132 100.00000 0
2171 2470 11.86999 0.30255 9.21602 17.33490 8 0 0 6 3 45 100.00000 0
392 974 10.01406 0.00381 3.86002 0.21306 21 0 0 11 7 316 100.00000 0
3535 6455 10.86530 0.03133 11.93196 0.52115 9 0 0 9 5 54 100.00000 0
3153 5872 11.09845 0.04461 5.79256 2.55727 13 0 0 4 5 209 100.00000 0
7104 7204 11.73924 0.02765 19.90642 1.58288 5 0 0 0 0 66 100.00000 0
3681 7171 10.72075 0.15561 8.03556 9.61785 7 0 0 7 6 44 100.00000 0
3526 6446 10.51057 0.03046 31.33004 1.74496 9 0 0 3 5 37 100.00000 0
2476 5321 10.45620 0.77092 9.95832 4.59772 5 0 0 1 1 23 100.00000 0
2411 5323 11.68318 0.82280 34.70338 47.14282 5 0 0 0 2 39 100.00000 0
2218 5305 10.48793 0.48154 8.68974 10.21704 5 0 0 5 2 58 100.00000 0
2184 5300 10.80906 0.35654 6.39676 20.42836 5 0 0 2 2 26 100.00000 0
3231 6009 10.25562 0.04391 4.36755 2.51482 21 0 0 2 4 258 100.00000 0
733 979 11.51780 0.00406 2.14494 5.97081 16 2 0 5 4 253 100.00000 0
2281 5312 11.91985 0.68669 8.61980 39.34424 8 0 0 6 3 48 100.00000 0
165 3828 10.68290 0.01326 2.01330 0.76002 12 1 1 8 3 208 100.00000 0
2420 5269 11.68981 0.30783 11.17781 23.12066 5 0 0 0 2 33 100.00000 0
337 3957 10.51725 0.00644 10.58293 4.44664 12 0 0 9 1 242 100.00000 0
6603 7152 11.74402 0.00648 7.63196 24.41784 4 0 0 0 1 47 100.00000 0
1490 4643 10.03190 0.00777 9.81383 3.18666 12 0 0 6 4 175 100.00000 0
1007 4188 10.27012 0.01706 2.37592 5.37279 15 4 0 5 4 244 100.00000 0
1759 4933 10.45872 0.70154 10.45970 36.27383 5 0 0 2 4 20 100.00000 0
6927 7202 10.99288 0.02735 9.02728 7.30084 7 0 0 7 3 77 100.00000 0
791 979 11.51970 0.00400 13.00756 0.24549 19 0 0 10 6 195 100.00000 0
3651 6604 10.22634 0.00689 22.91819 0.40734 7 0 0 4 3 39 100.00000 0
2317 5270 10.63578 0.26030 10.54800 14.91413 7 0 0 0 1 36 100.00000 0
2495 5320 10.24209 0.74014 8.92567 6.31839 4 0 0 4 2 54 100.00000 0
6603 6748 11.74586 0.00594 9.54256 2.91121 9 0 0 7 5 45 100.00000 0
6606 6982 10.49518 0.00708 9.15778 2.27778 6 0 0 6 5 41 100.00000 0
147 3815 11.45022 0.03145 7.93503 1.16466 13 0 0 4 3 201 100.00000 0
1397 4571 11.51180 0.00561 4.57104 0.25023 18 0 0 14 7 389 100.00000 0
1835 4974 10.05173 0.03954 4.66871 17.93728 9 0 0 9 5 85 100.00000 0
6668 7203 11.24229 0.02743 4.22219 8.17270 7 0 0 1 2 64 100.00000 0
2719 5443 11.29588 0.01172 11.92931 0.62055 25 0 0 23 11 479 100.00000 0
2488 5323 11.68318 0.82280 30.62223 47.14282 5 0 0 0 0 24 100.00000 0
1658 4806 10.82079 0.00786 10.50034 1.97457 23 0 0 18 17 195 100.00000 0
3985 4106 11.26913 0.01135 8.49846 9.13140 14 0 0 3 4 205 100.00000 0
1915 5045 11.31781 0.00580 16.00508 0.34035 5 0 0 2 3 48 100.00000 0
5975 6038 11.10028 0.00458 7.54530 7.08283 17 0 0 7 13 238 100.00000 0
6606 6956 10.49518 0.00708 7.72851 1.85499 10 0 0 10 7 82 100.00000 0
667 4173 11.79777 0.00987 15.34698 0.56093 21 1 0 15 16 237 100.00000 0
2171 2500 11.86999 0.30255 10.25135 32.32369 9 0 0 1 0 39 100.00000 0
3660 6714 11.15628 0.00375 7.06770 0.22029 3 0 0 3 2 16 100.00000 0
773 979 11.51970 0.00400 12.67199 0.24549 18 0 0 8 6 338 100.00000 0
540 974 10.01791 0.00258 4.20390 0.10468 17 0 0 7 3 320 100.00000 0
2455 5269 11.68981 0.30783 20.10142 17.63739 7 0 0 4 3 43 100.00000 0
6786 7201 10.24214 0.02731 6.75777 5.78811 9 0 0 6 7 84 100.00000 0
1864 4978 11.72648 0.00625 10.37921 0.34718 9 2 0 3 4 81 100.00000 0
2178 2503 10.26950 0.29786 3.85587 3.71752 4 0 1 2 2 33 100.00000 0
2052 5187 10.74936 0.02658 10.21862 3.01103 30 0 0 23 22 114 100.00000 0
111 3795 10.50595 0.01434 7.95942 0.82234 13 1 0 9 8 243 100.00000 0
3680 6856 10.97298 0.13900 2.41757 7.96462 6 0 1 1 3 41 100.00000 0
981 4142 11.02953 0.01426 2.78014 4.52039 14 2 0 0 1 257 100.00000 0
239 3901 11.94909 0.07899 5.84871 4.52515 9 0 0 3 2 189 100.00000 0
3094 5828 11.10592 0.02019 14.18838 1.15995 11 1 1 2 3 240 100.00000 0
2172 2464 11.68279 0.30204 10.11441 23.70822 6 0 0 2 2 54 100.00000 0
812 978 10.77040 0.00229 12.38634 0.15323 12 0 1 4 2 206 100.00000 0
5990 6111 10.58967 0.01334 7.50647 0.92535 23 0 0 16 9 325 100.00000 0
2511 2583 11.93117 0.82358 14.15305 32.88657 5 0 0 0 1 27 100.00000 0
6050 6125 10.89225 0.00919 11.78965 7.45619 19 0 0 16 8 355 100.00000 0
1359 4520 11.54538 0.00724 11.15223 6.36501 14 0 0 4 4 218 100.00000 0
6603 6675 11.74586 0.00594 10.79752 0.34943 9 0 0 5 5 69 100.00000 0
4011 4171 11.77155 0.00644 5.95723 11.65942 17 1 0 5 4 266 100.00000 0
350 917 10.50898 0.00703 24.83553 0.40445 9 0 0 3 1 135 100.00000 0
848 3984 10.74879 0.01016 12.61872 0.58417 18 6 0 5 8 196 100.00000 0
6604 6789 11.24828 0.00629 9.21167 2.46450 6 0 0 4 4 35 100.00000 0
2328 5272 10.63939 0.30767 2.43577 6.22794 5 0 0 1 2 34 100.00000 0
7149 7203 11.24229 0.02743 10.83599 14.57708 7 0 0 7 5 72 100.00000 0
2312 5320 11.43827 0.82385 10.98691 2.86772 3 0 0 0 1 15 100.00000 0
3246 6014 10.43816 0.01363 10.17278 178.81238 4 0 0 1 3 19 100.00000 0
7112 7202 10.99288 0.02735 23.45646 1.56573 7 0 1 5 3 62 100.00000 0
1553 4703 11.01707 0.02319 14.37314 1.32589 15 0 0 6 3 233 100.00000 0
2770 5509 11.06598 0.01245 9.72522 0.69267 20 0 0 8 10 504 100.00000 0
2335 2582 11.44621 0.80088 25.75413 45.88724 4 0 0 4 3 22 100.00000 0
2815 5536 11.68125 0.04535 10.97546 2.59872 13 0 0 6 2 464 100.00000 0
2359 5321 10.45620 0.77092 2.72969 2.95393 3 0 1 1 1 17 100.00000 0
925 976 10.00929 0.00120 8.56240 0.08847 15 0 0 9 6 257 100.00000 0
2337 5323 11.68318 0.82280 8.56130 7.85133 6 0 0 0 3 37 100.00000 0
1942 5057 10.01155 0.01166 5.64581 0.67027 5 0 0 5 4 36 100.00000 0
6605 7012 10.99721 0.00661 23.81641 0.38359 5 0 1 2 2 49 100.00000 0
2535 5271 11.68632 0.33918 2.27251 4.14529 9 0 0 2 2 49 100.00000 0
6731 7202 10.99288 0.02735 9.72921 10.61793 14 0 0 9 8 91 100.00000 0
1927 5040 11.80408 0.00990 5.10765 1.12640 7 0 0 1 4 46 100.00000 0
3660 6661 11.15628 0.00375 7.00929 5.78872 7 0 0 1 0 46 100.00000 0
2178 2468 10.26950 0.29786 15.81091 17.06654 7 0 0 3 2 56 100.00000 0
6609 7175 11.22994 0.01664 8.36725 1.11487 17 0 0 12 13 71 100.00000 0
3540 6440 11.85126 0.04017 12.30264 1.17736 6 0 0 6 3 50 100.00000 0
2156 2283 11.71973 0.09620 13.65114 26.46087 6 0 1 3 2 48 100.00000 0
6613 7181 10.97893 0.01845 5.28146 15.48034 11 0 0 6 7 88 100.00000 0
3477 6402 11.29745 0.04273 10.39061 20.47389 7 0 0 2 5 41 100.00000 0
6605 6975 10.99721 0.00661 10.17797 4.09424 8 0 0 6 6 38 100.00000 0
458 4173 11.79777 0.00987 2.79737 4.03779 15 1 0 3 5 211 100.00000 0
3680 6994 10.97298 0.13900 3.43353 7.96462 5 0 0 5 2 54 100.00000 0
558 974 10.01791 0.00258 13.01317 0.10468 14 0 1 7 6 289 100.00000 0
2422 5320 10.24209 0.74014 7.62193 3.17225 4 0 0 1 2 40 100.00000 0
2927 5646 10.06681 0.00285 2.54400 0.14804 21 2 0 7 8 194 100.00000 0
6075 6128 11.38936 0.00959 15.62007 1.43313 17 0 0 8 8 300 100.00000 0
3660 7030 11.15628 0.00375 5.05975 7.14658 7 0 0 5 6 57 100.00000 0
