0.12648 0.09044
0.07658 0.07914
0.07329 0.07642
0.05667 0.07615
0.06451 0.07125
0.06108 0.08854
0.06877 0.06831
0.07462 0.07809
0.05787 0.08834
0.05591 0.07899
0.05672 0.07832
0.06000 0.08267
0.07101 0.06983
0.05608 0.07820
0.05902 0.08024
0.05926 0.09320
0.05607 0.07266
0.06806 0.07414
0.06071 0.08084
0.05772 0.07854
0.07050 0.07323
0.06407 0.07582
0.06459 0.07914
0.05389 0.06684
0.06192 0.07134
0.07720 0.07347
0.05057 0.07573
0.05556 0.07752
0.05450 0.07859
0.06551 0.07753
0.07130 0.07609
0.05440 0.07406
0.06749 0.07140
0.05579 0.08183
0.06144 0.07762
0.05917 0.07539
0.06701 0.07105
0.05471 0.07446
0.09282 0.09185
0.06505 0.07801
0.07378 0.07625
0.05547 0.05503
0.05080 0.06993
0.06607 0.07686
0.07237 0.07321
0.07549 0.08022
0.07254 0.07974
0.07481 0.07423
0.05482 0.06329
0.06201 0.07623
0.07759 0.07547
0.05462 0.06176
0.06936 0.07952
0.05590 0.06809
0.05190 0.07656
0.06974 0.06969
0.06085 0.07023
0.06718 0.08224
0.07261 0.07784
0.05708 0.08065
0.05463 0.06274
0.06839 0.08039
0.06467 0.07147
0.06412 0.07753
0.05177 0.06236
0.06401 0.07349
0.08477 0.07581
0.05911 0.07297
0.07254 0.08437
0.06856 0.08191
0.07198 0.08510
0.06118 0.07303
0.05867 0.08474
0.05699 0.07824
0.05102 0.06361
0.05912 0.07974
0.05956 0.07033
0.07653 0.07628
0.06132 0.07640
0.05613 0.07661
0.05803 0.07582
0.05576 0.06842
0.06464 0.07582
0.05791 0.07631
0.06551 0.07786
0.06368 0.08325
0.05988 0.08216
0.07111 0.08238
0.05684 0.06423
0.07902 0.08477
0.06527 0.07979
0.06002 0.08185
0.09968 0.10011
0.05568 0.07720
0.05356 0.07693
0.06503 0.07934
0.06233 0.08152
0.05709 0.08218
0.07686 0.07623
0.07313 0.07918
0.06770 0.08266
0.05295 0.06377
0.05214 0.07440
0.05333 0.07486
0.05841 0.08367
0.06827 0.08669
0.06136 0.07126
0.06004 0.08018
0.05597 0.07569
0.06097 0.07228
0.05581 0.07531
0.05396 0.07218
0.06912 0.07400
0.05610 0.07570
0.05820 0.07754
0.06564 0.07261
0.07756 0.07924
0.06798 0.07170
0.08821 0.07301
0.06262 0.06975
0.05873 0.07358
0.07040 0.08080
0.05644 0.08216
0.05674 0.07391
0.05398 0.07438
0.06042 0.08140
0.08151 0.07797
0.06962 0.06853
0.05592 0.07480
0.07382 0.09085
0.07949 0.08058
0.07396 0.07463
0.05644 0.08939
0.06112 0.07554
0.06645 0.07239
0.06587 0.06769
0.05388 0.07472
0.05674 0.07194
0.05467 0.07657
0.07261 0.08169
0.05712 0.07423
0.06007 0.08028
0.06560 0.07059
0.05190 0.07060
0.07499 0.08648
0.06588 0.07795
0.04996 0.07269
0.05241 0.06900
0.06780 0.07497
0.06205 0.08948
0.05861 0.07781
0.05771 0.07579
0.06066 0.07998
0.06747 0.07335
0.05743 0.08158
0.05465 0.07385
0.05750 0.08763
0.05682 0.07117
0.06124 0.08390
0.05899 0.08092
0.06521 0.08006
0.05314 0.07403
0.05379 0.07073
0.07937 0.07868
0.05973 0.07552
0.05528 0.07480
0.05295 0.07456
0.06034 0.08553
0.06484 0.07659
0.05959 0.07206
0.05713 0.06936
0.05617 0.06584
0.05242 0.07412
0.05782 0.07424
0.06033 0.05881
0.06911 0.07618
0.06530 0.07379
0.06063 0.08238
0.07581 0.07532
0.05963 0.07253
0.05601 0.07091
0.05622 0.07709
0.06939 0.07269
0.05989 0.07247
0.08046 0.07761
0.05943 0.07098
0.06414 0.07334
0.07335 0.07294
0.07052 0.07962
0.05354 0.07432
0.06382 0.08018
0.06788 0.07520
0.05752 0.07977
0.07381 0.08102
0.06502 0.07543
0.06086 0.07175
0.05553 0.07019
0.06991 0.08367
0.05985 0.08458
0.05492 0.07393
