0.01448 0.02289 0.00372
0.01536 0.02411 0.00134
0.01733 0.03346 0.00783
0.01394 0.02597 0.00583
0.01301 0.03025 0.00663
0.01401 0.02629 0.00242
0.01692 0.02915 0.00119
0.02045 0.02471 0.00663
0.01930 0.02607 0.01028
0.02912 0.02509 0.01052
0.01241 0.02317 0.01899
0.01423 0.02635 0.00128
0.01626 0.02495 0.00640
0.01348 0.02091 0.00099
0.01273 0.02849 0.01965
0.01678 0.02496 0.01029
0.01366 0.02689 0.00458
0.01382 0.02585 0.00869
0.01274 0.02094 0.01059
0.01429 0.02813 0.01487
0.01220 0.02258 0.01922
0.01363 0.02666 0.00380
0.01242 0.02082 0.00617
0.01454 0.02399 0.00213
0.02107 0.02651 0.00837
0.01316 0.02649 0.00146
0.01393 0.02356 0.00787
0.01400 0.03317 0.00124
0.01514 0.02661 0.01035
0.01488 0.02890 0.00716
0.01353 0.02414 0.00389
0.01293 0.02220 0.01313
0.01234 0.02124 0.01434
0.01329 0.02137 0.00110
0.01298 0.02510 0.01883
0.01441 0.02559 0.00175
0.01673 0.02672 0.00280
0.01418 0.02887 0.01086
0.01305 0.02868 0.01241
0.01377 0.02661 0.01020
0.01644 0.02703 0.00732
0.01915 0.02685 0.01949
0.01391 0.03156 0.00860
0.01381 0.02126 0.01906
0.00979 0.02011 0.00709
0.01364 0.02671 0.00580
0.01352 0.03406 0.00598
0.02048 0.02059 0.00526
0.01326 0.02144 0.00110
0.01515 0.02637 0.00783
0.01374 0.02553 0.00165
0.01815 0.03352 0.00880
0.01378 0.02963 0.01906
0.01268 0.02886 0.00252
0.01363 0.03166 0.01853
0.01312 0.02504 0.00566
0.01299 0.02484 0.00533
0.01601 0.03246 0.00470
0.02088 0.04059 0.00990
0.01492 0.02951 0.00263
0.01322 0.02640 0.01981
0.01420 0.02814 0.01538
0.01740 0.02463 0.00169
0.01378 0.02292 0.01845
0.01423 0.02448 0.00544
0.01548 0.02547 0.00784
0.01372 0.02295 0.02015
0.01395 0.02968 0.01922
0.01368 0.02678 0.01021
0.02000 0.02644 0.00612
0.01493 0.02337 0.00711
0.01475 0.02372 0.00867
0.01186 0.01983 0.01020
0.01321 0.03233 0.00273
0.01575 0.03233 0.00856
0.02128 0.02254 0.01889
0.01279 0.02895 0.01914
0.01282 0.02262 0.00532
0.01450 0.02991 0.01077
0.01421 0.02837 0.02034
0.01606 0.04052 0.01284
0.01330 0.02376 0.00094
0.01290 0.02492 0.00653
0.01348 0.03065 0.00610
0.01327 0.02596 0.01032
0.01331 0.03474 0.01150
0.01528 0.02589 0.02270
0.01465 0.02730 0.00086
0.01285 0.02456 0.00208
0.01163 0.01767 0.01872
0.01382 0.02183 0.00068
0.01328 0.02694 0.00124
0.01443 0.02376 0.01027
0.01363 0.02556 0.01354
0.01551 0.02624 0.00143
0.01519 0.03006 0.00851
0.01325 0.02591 0.00255
0.01208 0.02051 0.00166
0.01256 0.02555 0.00228
0.01631 0.02694 0.02306
0.01087 0.01982 0.00387
0.01314 0.02328 0.00296
0.01254 0.02117 0.01032
0.01352 0.02977 0.01268
0.01364 0.02662 0.00358
0.01399 0.02618 0.01261
0.02256 0.02624 0.01536
0.01241 0.03008 0.00605
0.01933 0.02777 0.01876
0.01291 0.02267 0.00910
0.01308 0.02407 0.00974
0.01199 0.02369 0.01995
0.01545 0.02592 0.00181
0.02952 0.02942 0.00621
0.01295 0.02153 0.02001
0.01936 0.02677 0.00253
0.02024 0.03016 0.01064
0.01552 0.02649 0.00902
0.01583 0.02433 0.00592
0.02576 0.03623 0.00986
0.01314 0.02644 0.00384
0.01466 0.02420 0.00481
0.01342 0.02654 0.00343
0.01349 0.02671 0.02045
0.01351 0.02649 0.00886
0.01455 0.02816 0.01166
0.01718 0.02680 0.00256
0.01302 0.03971 0.01128
0.01231 0.02138 0.00981
0.01320 0.02314 0.01877
0.01205 0.01978 0.00243
0.01317 0.02344 0.00146
0.01489 0.02642 0.00164
0.01409 0.02482 0.00068
0.01376 0.03483 0.00688
0.01188 0.02065 0.01784
0.01342 0.02830 0.00248
0.02205 0.02657 0.00086
0.01391 0.03988 0.01494
0.01292 0.02023 0.00898
0.01444 0.02800 0.01109
0.01350 0.03126 0.00389
0.01627 0.02414 0.01082
0.01276 0.02287 0.00920
0.01492 0.03275 0.00975
0.01521 0.02509 0.00357
0.01534 0.03002 0.00255
0.01385 0.02645 0.00523
0.01605 0.02621 0.00186
0.01620 0.02782 0.00991
0.02964 0.02646 0.00854
0.01299 0.02549 0.00746
0.01379 0.02698 0.00520
0.01970 0.02420 0.01102
0.01579 0.02113 0.00186
0.01961 0.02599 0.00992
0.01338 0.02577 0.01047
0.01436 0.02260 0.00180
0.01777 0.02697 0.01990
0.01325 0.02469 0.00218
0.01402 0.03356 0.01256
0.01344 0.02532 0.00327
0.01334 0.03340 0.00081
0.01799 0.02460 0.00882
0.01718 0.02703 0.01897
0.01628 0.02547 0.01499
0.01463 0.03218 0.01140
0.01366 0.02128 0.00139
0.01546 0.02546 0.00275
0.01336 0.02162 0.00666
0.01482 0.02574 0.00238
0.01388 0.03396 0.00767
0.01333 0.02596 0.01220
0.01332 0.02596 0.01874
0.01331 0.02201 0.00824
0.01378 0.02469 0.00093
0.01330 0.02482 0.00551
0.02496 0.02762 0.00206
0.01361 0.02715 0.00915
0.01330 0.02656 0.00595
0.01363 0.03472 0.01228
0.01274 0.03227 0.00160
0.02216 0.03189 0.00866
0.01330 0.02586 0.00921
0.01438 0.02353 0.02064
0.01256 0.02294 0.01586
0.01337 0.02711 0.01836
0.01287 0.02437 0.00332
0.01539 0.02413 0.00127
0.02085 0.02561 0.01035
0.01288 0.02144 0.00333
0.01257 0.03095 0.00192
0.01255 0.02888 0.01062
0.01309 0.02183 0.01908
0.01366 0.02566 0.00746
0.01497 0.02693 0.01038
0.01363 0.03318 0.00259
0.01222 0.02184 0.00875
0.01292 0.01902 0.01782
0.01787 0.02894 0.00931
