234 1662 10.63839 3.07429 0.21534 1.86739 39 33 6 37 14 270 100.00000 0
2483 2533 11.04360 0.82204 0.29834 3.25390 47 44 3 43 14 154 100.00000 0
2545 3865 10.48631 1.54727 0.26837 1.76990 62 55 6 59 28 184 100.00000 0
2470 3874 10.50921 1.74521 0.89135 2.50765 34 24 6 23 11 142 100.00000 0
783 1409 11.60208 3.07069 0.04063 1.15487 32 26 5 30 15 145 100.00000 0
2472 3875 10.41003 1.78004 0.85333 2.54314 39 32 6 35 20 124 100.00000 0
43 1845 10.03140 0.57334 0.29571 2.21452 57 47 10 53 26 259 100.00000 0
159 1743 10.30131 3.12881 0.16459 2.41233 51 46 3 51 20 253 100.00000 0
3988 4053 10.90274 0.97014 0.45288 1.52161 82 68 12 77 31 291 100.00000 0
787 1439 10.61322 2.82809 0.15336 1.69443 48 44 2 42 26 146 100.00000 0
762 1434 11.03832 3.13913 0.27939 1.48596 93 89 2 69 41 260 100.00000 0
261 1606 10.30592 1.99024 0.30196 2.40713 29 24 1 25 11 209 100.00000 0
2491 3860 10.10924 2.34001 0.21032 1.49985 30 25 5 25 15 126 100.00000 0
795 1436 11.66549 2.50151 0.44599 2.56185 27 25 1 20 11 86 100.00000 0
809 1396 10.51438 1.87392 0.26216 1.31760 29 23 4 19 15 106 100.00000 0
25 1832 10.95749 1.13211 0.13378 1.80537 70 52 14 70 25 244 100.00000 0
49 1819 11.81298 1.65135 0.17853 1.70134 60 50 9 58 26 217 100.00000 0
2468 3875 11.52321 1.70104 0.32392 2.92837 30 27 1 24 9 128 100.00000 0
213 1666 10.06260 3.09433 0.30254 2.29934 51 42 9 49 18 293 100.00000 0
59 1818 10.49670 2.05153 0.88167 3.39569 61 36 18 59 19 217 100.00000 0
3978 4036 10.03953 0.56307 0.13331 1.76680 65 59 6 60 26 208 100.00000 0
700 1518 10.39746 1.65303 0.22837 0.81277 79 74 5 77 46 230 100.00000 0
22 73 11.93283 1.29606 1.08332 2.56491 28 15 6 28 12 147 100.00000 0
27 1840 10.78155 0.75794 0.18257 1.90331 59 42 10 56 24 262 100.00000 0
98 1810 11.38976 3.08978 1.46185 4.33612 24 16 0 24 10 105 100.00000 0
240 1615 11.35117 2.29083 0.24345 2.67357 20 15 5 18 4 129 100.00000 0
2503 3856 11.71558 2.09171 0.51389 3.08604 27 21 5 22 6 112 100.00000 0
2472 2522 11.40524 0.57343 0.85887 3.12625 26 24 2 22 7 93 100.00000 0
259 1592 11.35363 1.66595 1.19555 1.65162 42 40 2 37 11 247 100.00000 0
803 1430 10.87332 2.17039 0.47581 1.74046 44 43 1 42 17 149 100.00000 0
27 1825 11.63714 1.38313 1.05053 2.79610 77 43 9 71 26 283 100.00000 0
104 1800 11.12741 3.08154 0.55774 3.03267 50 42 3 46 22 290 100.00000 0
719 1474 10.28870 2.58041 0.14096 1.63901 93 75 10 80 46 273 100.00000 0
219 1656 10.31267 3.11771 0.37316 1.85414 83 76 6 79 46 393 100.00000 0
261 1600 10.87417 1.80871 1.47731 2.02275 21 15 6 21 7 142 100.00000 0
767 1452 10.61291 3.09450 0.36583 2.83172 55 49 4 48 29 213 100.00000 0
735 1494 10.23924 3.09042 0.26765 2.34485 33 29 1 21 13 116 100.00000 0
212 1667 10.44215 3.09431 1.17030 2.45000 45 36 8 38 13 317 100.00000 0
64 1815 10.38910 2.33657 1.70465 3.90926 35 13 11 32 9 122 100.00000 0
788 1404 11.21641 2.87568 0.29366 0.62370 45 37 6 43 24 168 100.00000 0
23 1836 11.09805 0.96305 0.27919 1.97457 46 31 6 39 12 212 100.00000 0
29 1829 10.82961 1.23511 0.39527 1.69720 72 48 5 72 36 297 100.00000 0
710 1478 11.26949 2.15776 0.43128 1.66836 79 74 3 69 34 235 100.00000 0
40 1824 11.03683 1.42681 0.62076 1.84356 68 48 17 62 36 285 100.00000 0
63 1815 10.68313 2.28112 0.18831 3.82254 44 26 7 44 17 168 100.00000 0
4003 4059 10.49876 0.82947 0.30711 1.74451 98 91 7 96 51 268 100.00000 0
109 1773 10.55399 3.07129 0.24653 2.00154 88 80 7 83 35 376 100.00000 0
232 1632 10.26103 2.85519 0.43649 2.10636 66 42 2 64 23 304 100.00000 0
207 1674 10.44595 3.06776 0.15648 1.73144 45 35 9 43 14 326 100.00000 0
2475 3877 11.11226 1.83517 0.84910 2.55313 22 19 3 18 9 88 100.00000 0
204 1698 10.55483 3.12124 0.38156 3.08933 57 32 5 57 20 310 100.00000 0
136 1765 10.41799 3.13601 0.09841 1.43313 92 86 6 88 51 381 100.00000 0
2483 3862 10.51057 2.13137 0.13949 0.70221 40 31 9 36 15 132 100.00000 0
237 1623 10.75507 2.59879 0.64795 2.38966 42 32 1 36 15 236 100.00000 0
705 1483 10.48411 1.94231 0.50261 1.41831 93 88 5 93 44 229 100.00000 0
773 1421 11.23730 3.06033 0.15904 2.11396 44 37 7 39 15 155 100.00000 0
785 1409 10.55820 3.01477 0.17461 1.21079 36 32 3 27 14 154 100.00000 0
225 1643 11.05309 3.11120 0.50794 1.96384 94 79 7 92 33 414 100.00000 0
696 1490 11.08932 1.57555 0.13486 1.50922 51 42 8 47 28 177 100.00000 0
237 1659 11.16651 3.09723 0.15077 1.56923 58 54 4 58 27 315 100.00000 0
3998 4059 11.15614 0.91149 0.22403 1.56022 97 93 4 91 40 325 100.00000 0
75 1806 10.45452 2.96528 0.30874 5.02453 31 19 10 26 9 126 100.00000 0
775 1419 11.05022 3.06226 0.39496 2.39817 44 42 2 40 23 142 100.00000 0
26 1833 10.74473 1.08793 0.17236 1.74383 98 77 13 96 32 281 100.00000 0
241 1653 10.75470 3.12576 0.30812 1.58560 52 48 4 48 25 242 100.00000 0
777 1418 10.32235 3.07488 0.75253 2.48396 47 40 7 45 23 135 100.00000 0
238 1657 10.65313 3.10845 0.16259 1.54712 52 48 4 50 23 329 100.00000 0
4006 4060 11.14651 0.84740 0.25171 1.52931 114 108 6 104 59 305 100.00000 0
814 1405 11.43635 1.72554 0.20629 1.68214 31 25 5 25 12 109 100.00000 0
2469 3874 10.81255 1.72632 0.45812 2.59450 39 38 1 39 22 124 100.00000 0
28 1824 11.77994 1.41910 0.57231 2.85197 83 63 12 70 31 250 100.00000 0
164 1739 10.95904 3.13862 1.28275 2.03606 43 32 11 41 17 221 100.00000 0
2546 3866 10.75527 1.55958 0.54426 2.06961 40 33 5 34 19 118 100.00000 0
748 1471 10.47793 3.09120 0.36290 3.15716 51 46 4 47 13 161 100.00000 0
798 1397 10.22290 2.42608 0.63726 2.07283 44 38 6 44 15 169 100.00000 0
731 1464 11.20526 3.02467 0.48296 2.95645 96 81 15 90 44 260 100.00000 0
24 74 11.99104 1.35638 0.71205 2.58361 56 39 7 54 15 230 100.00000 0
258 1593 10.72677 1.67473 0.93153 1.98702 34 28 3 27 9 192 100.00000 0
2473 2526 11.84237 0.64603 0.50721 1.49567 29 29 0 29 17 101 100.00000 0
228 1637 11.19047 2.98773 0.59923 2.94637 34 24 5 29 12 205 100.00000 0
1912 1964 11.24225 1.41212 0.37283 2.11230 64 54 9 56 19 234 100.00000 0
790 1401 11.60937 2.78097 0.27271 1.15284 32 27 5 32 13 124 100.00000 0
65 1811 11.99646 2.40815 0.97743 4.12284 41 35 6 38 13 185 100.00000 0
799 1433 11.09755 2.33161 0.42951 2.86758 35 31 3 30 13 111 100.00000 0
2494 3858 11.24619 2.33816 0.53007 2.98976 30 25 5 28 15 101 100.00000 0
36 1829 10.32213 1.22989 0.13005 1.26424 75 54 6 71 36 285 100.00000 0
2509 3856 11.30012 1.80352 0.60508 2.24001 61 54 7 54 21 179 100.00000 0
122 1780 11.88884 3.08297 0.30256 2.00213 51 45 6 47 23 308 100.00000 0
2539 3876 10.60069 1.37735 0.71746 2.33297 44 37 7 44 18 169 100.00000 0
32 1824 11.49686 1.41371 0.22191 2.54622 78 54 21 71 25 260 100.00000 0
773 1422 10.60115 3.06406 0.44471 2.06166 57 49 7 57 28 183 100.00000 0
44 1849 11.44283 0.43344 0.37295 1.70318 52 45 7 52 21 221 100.00000 0
47 1823 10.83041 1.52392 0.56430 1.91438 79 48 4 79 44 237 100.00000 0
795 1396 11.74745 2.56474 1.04225 2.57709 28 18 0 23 20 91 100.00000 0
2546 3874 11.94770 1.50451 0.53238 2.11322 33 30 3 29 16 111 100.00000 0
2467 3873 11.21814 1.70371 0.30277 2.70429 50 47 3 46 24 122 100.00000 0
692 1507 10.50455 1.41881 0.36733 2.15940 42 36 5 40 19 178 100.00000 0
172 1731 10.12747 3.12913 0.53629 1.65446 27 22 5 23 10 147 100.00000 0
714 1477 10.48466 2.33867 0.10302 1.00988 108 94 12 96 45 274 100.00000 0
169 1734 10.44423 3.13289 1.04251 2.14101 49 44 3 41 13 216 100.00000 0
1920 1970 10.25627 1.07698 0.13651 1.44184 41 35 6 37 20 193 100.00000 0
128 1755 10.99779 3.11420 0.69085 2.21417 65 58 6 65 22 327 100.00000 0
769 1425 11.69638 3.06395 0.87922 2.12504 73 65 4 58 27 255 100.00000 0
239 1616 11.84019 2.34024 1.22238 2.63953 20 2 0 16 9 179 100.00000 0
229 1636 10.74775 2.95634 0.25578 2.83931 25 17 4 19 6 173 100.00000 0
766 1454 11.72160 3.10575 0.48375 3.41157 27 20 3 19 7 129 100.00000 0
250 1639 10.59495 3.01054 0.35327 1.86886 52 41 8 45 17 224 100.00000 0
95 1818 11.97948 3.11935 0.70733 3.00413 36 31 1 34 14 174 100.00000 0
689 1504 11.89823 1.41251 0.27753 1.83526 56 54 1 49 25 169 100.00000 0
87 1841 10.81547 2.37148 0.96180 2.29559 29 19 2 27 9 171 100.00000 0
238 1619 11.62750 2.44209 0.59753 2.71901 26 23 3 26 11 188 100.00000 0
719 1517 11.15961 2.51282 0.37114 0.95532 47 41 6 47 19 148 100.00000 0
242 1610 11.17539 2.10787 0.84345 2.68744 20 14 2 17 5 148 100.00000 0
41 1847 10.93038 0.48397 0.11972 2.08018 61 54 7 56 23 238 100.00000 0
183 1703 10.28267 3.12609 0.41091 2.93932 48 21 1 46 17 243 100.00000 0
134 1768 11.65296 3.13946 0.39682 1.55343 71 64 7 58 32 293 100.00000 0
736 1459 11.98873 3.13613 0.35052 2.97927 68 56 11 62 24 224 100.00000 0
742 1483 11.93997 3.14075 0.41756 2.06279 33 26 7 27 14 128 100.00000 0
3985 4049 10.28654 0.86030 0.21879 1.27962 56 53 3 56 32 204 100.00000 0
796 1396 11.38104 2.52014 0.26840 1.92864 34 34 0 32 13 120 100.00000 0
754 1464 10.25263 3.08156 0.35355 2.62346 51 45 5 46 26 216 100.00000 0
30 1846 11.85410 0.50589 0.21146 2.12964 78 74 4 78 34 283 100.00000 0
92 1789 10.95972 3.13920 0.38115 3.02310 48 41 7 40 23 215 100.00000 0
810 1425 11.85194 1.88316 0.51819 1.38112 35 30 5 35 19 137 100.00000 0
235 1625 11.58277 2.67429 0.73806 2.40794 86 54 9 84 35 376 100.00000 0
253 1592 10.31764 1.66572 0.64883 2.10599 43 30 3 37 18 252 100.00000 0
751 1468 11.00600 3.07857 0.54451 3.43102 49 35 11 45 13 165 100.00000 0
809 1395 10.86295 1.87852 0.17710 1.12117 42 40 2 40 26 132 100.00000 0
241 1610 11.95953 2.10807 0.89907 2.77953 15 10 1 11 5 93 100.00000 0
202 1701 11.37262 3.13492 0.31307 3.47232 38 7 2 38 16 262 100.00000 0
693 1508 10.12015 1.43227 0.27933 2.39604 58 54 4 51 26 194 100.00000 0
36 1827 10.65459 1.30314 0.07896 1.55268 84 57 8 76 41 289 100.00000 0
22 1827 11.89350 1.32124 0.17583 2.62346 74 22 5 72 26 227 100.00000 0
157 1745 10.34566 3.13266 0.58729 2.47797 54 45 4 45 27 223 100.00000 0
689 1506 11.91199 1.40185 0.43508 1.76192 70 64 5 70 40 197 100.00000 0
31 1836 10.08956 0.94988 0.21462 1.47485 88 63 14 82 34 330 100.00000 0
1909 1960 11.78008 1.45372 0.16597 2.00428 24 20 4 19 10 140 100.00000 0
45 1821 11.51536 1.54494 0.09981 1.60328 83 68 15 81 39 258 100.00000 0
708 1521 11.38928 2.02187 0.40941 0.80113 36 30 5 29 14 123 100.00000 0
221 1650 11.71287 3.12485 0.45679 2.12080 37 28 8 30 15 289 100.00000 0
702 1484 11.02941 1.81443 0.23743 0.67551 83 70 12 76 47 259 100.00000 0
48 1825 10.23154 1.49288 0.38276 1.40973 87 73 11 85 24 272 100.00000 0
776 1419 10.37950 3.06622 0.63722 2.45192 50 46 4 50 25 174 100.00000 0
261 1622 11.94723 2.54572 0.70256 3.30120 38 10 2 32 13 234 100.00000 0
263 1608 11.90766 2.04267 0.52604 2.51700 18 16 1 14 6 119 100.00000 0
691 1498 11.36102 1.46338 0.41954 1.51233 56 46 7 54 28 187 100.00000 0
2482 3877 10.52515 2.02142 0.15260 2.87167 38 33 4 34 13 104 100.00000 0
83 1851 11.38382 1.98058 0.64717 2.24942 24 17 4 21 12 136 100.00000 0
730 1464 11.94796 2.99989 0.20878 2.72390 57 46 11 53 19 220 100.00000 0
2507 3877 11.68887 1.83394 0.43349 4.06987 46 42 4 42 16 142 100.00000 0
782 1442 10.88623 2.98671 0.23022 3.38182 51 25 0 35 15 182 100.00000 0
2477 3877 10.86826 1.88443 0.31810 2.33045 36 31 5 30 19 108 100.00000 0
746 1450 11.57539 3.10554 0.64813 2.45320 44 34 5 30 16 158 100.00000 0
33 1843 10.58965 0.60252 0.08582 1.87868 71 47 9 67 35 277 100.00000 0
135 1766 10.40348 3.14045 0.06174 1.51698 77 71 5 69 27 386 100.00000 0
770 1425 10.89268 3.06824 0.72445 2.24053 93 87 6 88 42 234 100.00000 0
78 1801 11.91767 3.09133 1.88819 4.72182 28 18 9 26 9 134 100.00000 0
800 1393 11.49277 2.33850 0.28943 2.24332 45 40 2 41 20 103 100.00000 0
23 1835 11.08404 1.00802 0.71793 2.01110 35 24 7 31 11 204 100.00000 0
805 1430 11.90323 2.06224 0.48705 1.76481 33 28 4 29 13 119 100.00000 0
76 1856 10.61164 1.63661 0.58156 3.64905 44 36 4 34 11 137 100.00000 0
26 1842 11.24982 0.66572 0.42405 2.03990 66 52 7 64 20 276 100.00000 0
247 1645 11.33900 3.11734 0.15088 1.84631 39 28 1 37 24 268 100.00000 0
794 1435 10.39528 2.54263 0.43568 2.44104 60 57 3 60 18 143 100.00000 0
724 1512 10.57137 2.70496 0.21030 1.74316 68 59 9 59 35 232 100.00000 0
2475 2527 11.47286 0.69885 0.46046 1.67538 40 34 6 38 15 129 100.00000 0
30 1829 10.74847 1.23410 0.10663 1.69558 89 59 11 84 38 338 100.00000 0
3983 4047 10.39995 0.80786 0.14643 0.82234 76 69 6 69 41 222 100.00000 0
1921 1976 11.93919 1.03813 0.16744 1.02144 31 25 6 29 15 131 100.00000 0
732 1500 10.22154 3.00330 0.26578 3.10160 63 58 4 58 25 193 100.00000 0
1917 1970 11.11806 1.21606 0.38123 1.48885 40 33 7 38 16 202 100.00000 0
253 1635 10.97831 2.89834 0.50840 1.65209 64 61 3 62 35 293 100.00000 0
261 1601 10.74862 1.83826 0.78221 2.02603 31 25 4 23 10 170 100.00000 0
43 1824 10.87030 1.44927 0.16285 1.74316 70 40 25 68 26 264 100.00000 0
3993 4058 11.94038 1.01521 0.25626 0.89700 102 93 9 100 45 256 100.00000 0
693 1496 10.83800 1.49815 0.08417 2.06014 60 50 9 56 25 179 100.00000 0
811 1397 11.06975 1.79320 0.29569 0.97879 24 21 2 20 8 100 100.00000 0
722 1515 11.27853 2.63641 0.25642 0.79721 47 41 5 42 23 144 100.00000 0
238 1621 10.78799 2.52845 0.97927 2.45655 36 31 3 31 11 208 100.00000 0
243 1606 11.45543 1.99002 1.09560 2.65756 26 4 1 24 8 204 100.00000 0
246 1647 11.62065 3.13605 0.32607 2.15921 57 40 3 52 26 258 100.00000 0
246 1598 11.31224 1.76964 1.39554 3.09478 20 8 2 12 2 151 100.00000 0
692 1498 10.93850 1.47240 0.32865 1.64020 75 63 11 71 27 211 100.00000 0
41 1822 11.48337 1.48404 0.48403 1.80363 72 54 17 68 32 253 100.00000 0
35 1829 10.38252 1.22900 0.11376 1.22812 75 46 11 69 39 316 100.00000 0
39 1845 10.48129 0.54484 0.39737 2.14083 39 37 2 39 15 182 100.00000 0
88 1793 10.80026 3.11060 0.70308 4.23485 37 12 3 34 15 209 100.00000 0
39 1821 11.84054 1.49341 0.18662 1.82478 51 42 9 49 14 216 100.00000 0
2475 2525 11.01814 0.68816 0.42695 1.69003 51 44 7 51 17 175 100.00000 0
248 1594 11.23981 1.71233 0.41947 3.10388 8 3 0 6 1 57 100.00000 0
702 1482 11.79513 1.81207 0.40063 0.87938 71 68 3 71 46 216 100.00000 0
114 1768 10.94061 3.06791 1.04848 1.78619 110 102 7 108 40 425 100.00000 0
697 1518 11.21772 1.53984 0.36962 1.36085 63 56 7 61 31 207 100.00000 0
28 1841 10.78248 0.70624 0.70321 1.98781 44 23 4 35 14 250 100.00000 0
2486 3861 10.61364 2.21568 0.14596 0.45970 46 44 2 46 28 132 100.00000 0
1913 1966 11.33390 1.37970 0.21861 1.82392 65 61 4 65 33 237 100.00000 0
