98 3788 11.81900 0.03819 6.96103 14.58416 12 0 0 4 4
2678 5405 10.70459 0.01157 10.54351 0.73222 24 0 0 19 10
352 4110 10.52336 0.01361 8.20052 0.77329 13 0 0 7 6
459 3982 10.49489 0.01009 0.95113 0.52265 17 4 3 4 2
346 709 11.50833 0.00719 0.46780 1.77586 14 5 1 8 6
7046 7203 11.24229 0.02743 12.17392 18.43869 5 0 0 1 2
3265 6154 10.01053 0.00986 9.31759 4.03381 24 0 0 10 12
3679 7107 10.26745 0.11951 0.29652 1.14466 5 1 0 5 2
555 976 11.26895 0.00154 1.99232 2.36745 17 5 0 10 7
531 976 11.26895 0.00154 0.73338 0.66441 18 6 2 13 11
420 975 10.76826 0.00183 7.53992 0.08847 16 0 0 5 7
7754 7810 11.31788 0.72617 1.17601 2.19571 14 3 4 14 5
3018 5736 10.49427 0.04344 0.50668 0.45542 24 11 0 20 15
2471 5270 11.33786 0.30847 6.09126 4.67956 5 0 0 1 2
1358 4519 11.79033 0.00498 9.72134 0.28531 13 0 0 5 2
614 975 10.76826 0.00183 0.70532 0.44235 19 3 0 11 7
734 4172 10.02836 0.01118 0.64296 0.41022 25 3 2 23 12
3660 6675 11.15628 0.00375 6.47576 4.12920 6 0 0 2 3
758 4172 10.03026 0.01108 2.42582 3.07905 17 0 1 9 3
6806 7202 10.99288 0.02735 11.54553 9.07974 9 0 0 9 7
1949 5079 10.80691 0.00882 10.18905 9.03292 8 0 0 3 4
2424 5270 11.33786 0.30847 1.97308 7.00177 7 2 2 3 2
3645 6593 11.70663 0.00345 27.53851 0.20558 4 0 0 4 3
497 976 11.26895 0.00154 11.08767 nan 18 1 0 6 8
6603 6850 11.74586 0.00594 2.62246 15.59048 7 0 0 1 1
2843 5563 11.77477 0.05659 12.05358 19.30883 10 0 0 5 3
3559 6480 11.23116 0.01288 4.20664 0.56924 23 0 0 23 11
6614 7182 10.97805 0.01904 12.18584 2.49795 14 0 0 11 12
458 4171 10.79933 0.01107 3.67645 29.95324 18 0 0 4 6
3389 6303 10.30408 0.05438 1.34228 1.50142 13 5 1 9 4
345 476 11.74965 0.00708 0.84874 3.45219 12 0 1 6 4
1211 4394 11.01681 0.01370 12.95586 1.30656 17 0 0 13 9
1591 4756 11.77052 0.01505 16.08004 0.86683 11 2 1 5 1
1033 4214 11.50809 0.00802 0.90253 2.25707 32 23 4 26 23
2751 5491 11.95889 0.01155 12.23979 0.80988 18 0 0 13 11
2429 5323 11.68318 0.82280 10.26884 20.45912 6 0 0 2 3
898 980 11.77208 0.00498 8.14492 0.29608 19 0 0 6 6
1497 4649 10.80174 0.00434 19.18566 0.22900 11 0 0 0 1
2287 5313 11.57005 0.70560 9.63999 34.50946 5 0 0 1 1
2172 2321 11.33265 0.27787 2.35163 3.56425 6 0 0 1 1
3246 6020 10.39814 0.01340 8.06368 1.81876 18 0 0 11 8
3053 5787 10.69800 0.01198 0.49203 1.31314 16 6 3 16 8
2472 2581 11.22698 0.77641 9.40129 14.23385 4 0 0 2 2
1659 4807 10.85102 0.00775 9.58619 5.86147 22 0 0 17 17
2171 2470 11.86999 0.30255 9.14936 17.33490 9 0 0 4 2
392 974 10.01406 0.00381 2.44435 2.75719 20 0 0 0 3
3535 6455 10.86530 0.03133 12.03701 0.41307 9 0 0 7 5
3153 5872 11.09845 0.04461 4.03752 15.65791 11 1 0 3 3
345 660 11.74965 0.00708 1.15817 2.81341 11 0 1 6 3
7104 7204 11.73924 0.02765 5.42241 6.30254 5 0 0 2 2
3681 7171 10.72075 0.15561 6.71224 14.61148 6 0 0 4 2
2171 2366 11.86999 0.30255 4.07338 2.97177 9 0 0 1 0
3526 6446 10.51057 0.03046 6.94172 6.68542 8 0 0 3 6
2268 2564 11.48797 0.58047 4.06119 2.21505 6 0 0 2 2
2476 5321 10.45620 0.77092 42.24059 44.17052 3 0 0 0 0
2411 5323 11.68318 0.82280 0.58961 2.68278 5 4 1 5 4
1697 4865 10.52734 0.00414 0.50017 0.31153 22 10 4 20 14
2218 5305 10.48793 0.48154 18.99750 176.10519 7 0 1 1 3
2184 5300 10.80906 0.35654 36.33279 20.42836 3 0 0 0 1
3231 6009 10.25562 0.04391 7.56350 2.51482 22 0 0 1 2
733 979 11.51780 0.00406 1.02432 0.66086 14 0 0 7 9
2281 5312 11.91985 0.68669 9.83985 39.34424 6 0 0 4 3
165 3828 10.68290 0.01326 2.10964 5.02445 10 0 1 2 3
2420 5269 11.68981 0.30783 1.71650 7.92068 4 0 1 4 3
337 3957 10.51725 0.00644 8.08490 7.62915 12 0 0 8 5
6603 7152 11.74402 0.00648 7.93553 0.38257 5 0 0 3 2
1490 4643 10.03190 0.00777 9.82838 2.96280 12 0 0 9 4
1007 4188 10.27012 0.01706 1.65783 0.44499 16 0 0 10 11
1759 4933 10.45872 0.70154 20.43011 40.19523 7 1 2 2 1
6606 6919 10.49518 0.00708 2.09074 1.37088 6 0 0 2 4
6927 7202 10.99288 0.02735 9.69418 12.49547 10 0 0 10 7
791 979 11.51970 0.00400 12.79472 0.24549 22 0 1 12 7
3651 6604 10.22634 0.00689 10.78716 8.06051 5 0 0 5 3
2317 5270 10.63578 0.26030 14.67621 81.66026 5 0 0 0 0
2495 5320 10.24209 0.74014 98.17721 42.40688 4 0 0 1 2
632 3982 10.49489 0.01009 0.48417 0.63980 21 8 4 13 7
6603 6748 11.74586 0.00594 18.05072 16.05671 4 0 0 2 2
2228 2559 10.88836 0.49447 1.60604 5.88290 8 3 3 3 4
346 608 11.50244 0.00580 0.46569 0.76105 12 6 2 8 4
6606 6982 10.49518 0.00708 6.41821 15.14983 7 0 0 0 4
2862 5582 11.64744 0.02020 0.34713 0.25023 22 14 4 22 13
147 3815 11.45022 0.03145 7.71967 1.24207 13 0 0 4 4
1397 4571 11.51180 0.00561 4.75639 0.27976 18 0 0 12 8
1835 4974 10.05173 0.03954 4.62587 18.15214 11 0 0 8 4
2320 5321 10.76751 0.80012 5.45987 4.27691 4 0 0 1 1
404 977 11.52020 0.00049 0.45460 0.18767 17 5 7 14 7
481 3982 10.49489 0.01009 0.49537 0.59479 24 8 3 20 15
6668 7203 11.24229 0.02743 2.98950 17.64647 7 0 0 5 2
2622 5348 10.90531 0.02185 0.37103 2.30783 30 3 1 13 13
2719 5443 11.29588 0.01172 11.86094 0.52638 26 0 0 24 11
2488 5323 11.68318 0.82280 9.30618 10.49153 8 0 0 0 1
6604 6918 11.24828 0.00629 1.06743 4.54450 8 0 0 5 6
1658 4806 10.82079 0.00786 10.49232 1.59446 26 0 0 26 20
3985 4106 11.26913 0.01135 5.28590 19.35133 11 0 0 1 4
2565 5331 10.40103 0.58587 0.51675 1.75100 18 6 0 15 11
1915 5045 11.31781 0.00580 3.80977 0.34035 5 0 0 5 2
5975 6038 11.10028 0.00458 7.46352 5.68755 15 0 0 11 9
8038 8089 11.01070 0.43522 0.51713 3.71130 27 1 3 20 16
6606 6956 10.49518 0.00708 0.93590 0.41496 8 0 1 8 5
667 4173 11.79777 0.00987 15.85844 0.56093 20 1 0 16 11
346 654 11.50244 0.00580 0.78301 0.52638 17 3 5 10 8
148 3816 10.81143 0.02904 1.63785 0.60974 21 2 6 17 8
2171 2500 11.86999 0.30255 9.83593 29.81030 9 0 0 1 1
3694 7205 10.66241 0.46041 0.19975 0.50202 9 5 2 6 4
3660 6714 11.15628 0.00375 7.53833 0.22029 4 0 0 4 4
773 979 11.51970 0.00400 12.95520 0.24549 18 0 0 5 4
540 974 10.01791 0.00258 0.69523 1.85520 17 5 3 13 7
2455 5269 11.68981 0.30783 0.82541 4.46309 7 0 3 4 3
6786 7201 10.24214 0.02731 13.42023 45.78899 7 0 0 2 3
1864 4978 11.72648 0.00625 13.39718 6.71755 8 0 0 6 5
2178 2503 10.26950 0.29786 15.31172 17.06654 6 0 0 1 1
3679 6849 10.26745 0.11951 0.81229 1.07046 8 2 3 8 4
2052 5187 10.74936 0.02658 10.37248 0.42521 30 0 0 24 22
111 3795 10.50595 0.01434 13.68328 24.59333 14 0 0 10 7
1251 4418 10.26327 0.01129 1.49871 2.87726 24 8 1 22 14
460 4173 11.79777 0.00987 0.98380 0.78385 14 1 2 8 6
457 3980 11.49638 0.01155 0.80501 0.53668 15 2 7 9 7
2177 2412 10.26875 0.29874 41.85418 17.11632 3 0 0 0 1
777 3985 10.24876 0.00981 0.92103 0.52489 21 2 8 21 10
3680 6856 10.97298 0.13900 8.98407 13.56311 5 0 0 1 3
981 4142 11.02953 0.01426 2.08119 3.74094 14 3 0 3 6
239 3901 11.94909 0.07899 1.16477 0.57061 6 1 0 3 2
4116 4174 10.00670 0.00664 0.85115 1.25180 25 4 3 11 9
3094 5828 11.10592 0.02019 8.36132 11.60699 12 0 0 12 7
5977 6036 10.10704 0.00608 7.73313 1.92884 20 0 0 16 12
2172 2464 11.68279 0.30204 7.02116 17.30542 5 0 0 0 0
812 978 10.77040 0.00229 1.09489 1.10500 5 1 1 3 3
5990 6111 10.58967 0.01334 7.45015 1.29483 23 0 0 19 9
2511 2583 11.93117 0.82358 13.48220 31.28182 5 0 0 1 2
1067 4264 11.51297 0.00305 0.70098 0.35827 23 7 14 23 14
711 4170 10.03241 0.01130 0.71031 0.64346 10 6 0 10 8
6050 6125 10.89225 0.00919 11.10496 13.36171 18 0 0 14 11
1359 4520 11.54538 0.00724 11.97072 0.41307 14 0 0 12 3
6603 6675 11.74586 0.00594 11.81278 4.61117 10 0 0 1 4
4011 4171 11.77155 0.00644 5.86264 12.51175 19 2 0 12 11
350 917 10.50898 0.00703 5.78043 10.06376 13 3 1 0 4
848 3984 10.74879 0.01016 12.76639 0.58417 17 5 1 3 6
8045 8108 11.99700 1.25167 0.82092 2.61793 17 1 1 14 8
6604 6789 11.24828 0.00629 9.22003 2.06469 4 0 0 2 2
642 3979 11.99371 0.01255 0.57957 1.10818 10 1 3 7 5
2328 5272 10.63939 0.30767 2.69894 4.75456 5 0 0 2 1
1590 4754 10.06641 0.01400 0.40973 0.56302 11 5 2 4 4
464 4170 10.30159 0.01147 0.49203 0.36904 12 3 3 12 4
7149 7203 11.24229 0.02743 13.08914 9.98643 8 0 0 8 5
2312 5320 11.43827 0.82385 11.86213 24.14960 4 0 0 2 0
2176 2437 10.80393 0.29947 1.46717 2.92837 9 0 0 9 5
368 967 10.00277 0.01055 0.40518 1.28664 27 13 4 16 10
3246 6014 10.43816 0.01363 0.57035 0.69323 11 3 0 6 5
7112 7202 10.99288 0.02735 23.96908 1.56573 8 0 1 4 4
1553 4703 11.01707 0.02319 12.96230 1.32589 16 0 0 5 4
2770 5509 11.06598 0.01245 12.14474 8.31914 20 0 0 4 0
889 979 11.51970 0.00400 0.37460 1.69489 19 3 1 13 7
2335 2582 11.44621 0.80088 9.63705 28.08948 5 0 0 5 2
2815 5536 11.68125 0.04535 0.88605 0.91472 13 3 1 13 7
417 4172 11.29839 0.01034 0.48775 0.50046 17 4 3 8 7
2359 5321 10.45620 0.77092 7.90454 5.22120 6 0 0 3 3
925 976 10.00929 0.00120 2.53811 0.08847 14 0 0 10 3
2337 5323 11.68318 0.82280 9.81786 10.88586 5 0 0 0 2
1942 5057 10.01155 0.01166 5.57343 0.67027 6 0 0 6 5
6607 6923 10.24121 0.00750 0.71281 1.03514 11 3 5 8 4
6605 7012 10.99721 0.00661 29.64470 0.38359 4 0 1 1 1
2535 5271 11.68632 0.33918 2.25771 4.96057 9 0 0 1 3
6731 7202 10.99288 0.02735 9.93866 12.26614 16 0 0 11 10
1927 5040 11.80408 0.00990 3.69264 0.83509 8 0 0 8 6
2175 2384 10.80392 0.29987 1.47770 3.30310 11 0 0 8 8
3660 6661 11.15628 0.00375 7.46423 1.10535 7 0 0 2 3
2178 2468 10.26950 0.29786 9.97782 35.75809 5 0 0 0 2
6609 7175 11.22994 0.01664 8.38405 0.97999 17 0 0 11 13
3540 6440 11.85126 0.04017 6.24772 17.57120 5 0 0 5 4
2267 2565 11.79055 0.60432 0.77959 1.54332 9 3 0 5 3
364 4161 10.26025 0.01913 1.26966 0.79819 17 8 6 17 6
2173 2440 11.32990 0.30114 4.43084 2.34385 6 0 0 2 2
348 618 10.25119 0.00537 0.35020 0.32865 28 11 3 24 14
829 976 10.00929 0.00120 1.62593 1.45481 17 1 1 11 3
2156 2283 11.71973 0.09620 4.52661 5.51285 5 0 1 1 2
2521 5270 11.33786 0.30847 0.31445 1.97338 8 4 2 8 4
6613 7181 10.97893 0.01845 5.01147 17.02049 10 0 0 4 6
3477 6402 11.29745 0.04273 17.72684 2.44857 7 0 0 4 4
983 4146 11.78416 0.01610 0.53946 1.06017 15 5 5 8 8
6605 6975 10.99721 0.00661 10.15490 4.88351 7 0 0 7 5
825 4173 10.53017 0.01052 0.84464 0.70721 21 2 3 10 6
458 4173 11.79777 0.00987 10.44710 0.56093 16 0 0 11 8
1266 4445 10.02312 0.01663 0.41139 0.34264 21 12 3 19 10
4002 4166 11.51660 0.01168 0.90288 1.16231 17 5 2 13 8
3703 7225 11.08056 0.76917 0.47331 1.14432 10 1 2 5 4
2644 5371 11.79552 0.02474 0.55200 0.76464 18 8 2 16 11
1793 4951 11.30203 0.21655 5.29323 21.24788 11 3 0 6 5
350 897 10.50898 0.00703 0.96454 1.26887 17 8 1 15 11
654 4170 10.30159 0.01147 0.44066 0.43521 14 7 1 8 7
3680 6994 10.97298 0.13900 8.41131 6.31808 7 0 0 4 3
558 974 10.01791 0.00258 14.51277 122.17961 15 0 1 2 6
350 743 10.50898 0.00703 7.86351 0.40445 13 0 0 7 4
2422 5320 10.24209 0.74014 9.70234 17.76012 5 0 0 1 1
351 4093 11.02224 0.01386 1.03117 0.81709 13 3 8 13 6
2927 5646 10.06681 0.00285 7.86257 0.33920 17 0 0 8 6
761 4175 11.52745 0.00992 0.65132 0.91813 33 14 6 29 17
6075 6128 11.38936 0.00959 15.78467 0.54249 18 0 0 5 8
508 3982 10.49489 0.01009 0.58821 1.84292 12 2 2 10 7
484 4170 10.30159 0.01147 0.78360 1.04680 20 5 0 14 8
3660 7030 11.15628 0.00375 31.03963 0.22029 3 0 0 0 1
