115 1547 10.74453 1.81495 0.25663 4.35460 23 13 5 17 11 149 100.00000 0
2449 3377 11.51103 1.06393 0.31114 2.54668 59 22 25 55 17 214 100.00000 0
371 2423 11.23183 1.47320 0.39736 1.70295 48 30 13 48 22 142 100.00000 0
578 3561 10.68366 1.14106 0.04950 1.48464 175 143 26 169 113 398 100.00000 0
525 3499 10.48394 0.06692 0.16786 0.66558 82 74 6 82 66 234 100.00000 0
2334 3288 10.21449 0.60180 0.12541 1.74630 150 112 19 140 86 398 100.00000 0
391 2423 11.78355 1.43327 0.27835 3.25221 77 50 22 75 34 221 100.00000 0
1403 3556 10.73074 2.22336 0.15319 0.85455 92 76 14 90 65 289 100.00000 0
15 4449 11.54991 0.30032 0.46743 0.92704 55 25 4 45 29 251 100.00000 0
591 1415 10.97019 3.09723 0.18568 0.58013 48 34 10 48 28 233 100.00000 0
595 1404 10.35491 2.30808 0.10691 1.14021 63 51 9 63 39 213 100.00000 0
444 3427 10.04481 0.90278 0.08868 1.11838 131 115 12 131 74 345 100.00000 0
523 3550 11.45851 1.08776 0.30458 2.46069 81 55 23 79 41 225 100.00000 0
595 1405 10.42108 2.35133 0.18990 1.13643 84 64 12 84 54 269 100.00000 0
1386 3550 10.00667 2.22747 0.08074 1.43122 97 85 4 90 69 318 100.00000 0
2335 3263 10.68921 1.68586 0.05437 2.77671 111 80 25 109 37 358 100.00000 0
572 1420 10.90436 1.95009 0.32106 1.58708 40 31 7 40 26 161 100.00000 0
410 3398 10.06667 0.08351 0.14846 2.62629 137 108 17 135 75 380 100.00000 0
595 1408 10.75489 2.49652 0.16118 0.57811 104 77 21 102 64 286 100.00000 0
858 3768 10.49101 0.04389 0.07137 2.19053 81 63 14 81 40 291 100.00000 0
571 1421 11.45938 1.88885 0.11668 1.46340 47 39 6 47 31 194 100.00000 0
547 3502 10.88783 0.11507 0.10433 1.36372 91 77 12 89 45 220 100.00000 0
413 3441 10.15621 1.24783 0.29634 4.49126 50 20 24 44 19 217 100.00000 0
83 4512 11.02520 0.03714 0.24160 0.89351 85 54 14 83 61 303 100.00000 0
551 3501 11.73357 0.11499 0.12418 1.35306 103 88 10 98 50 260 100.00000 0
158 1616 11.69931 0.12112 0.15207 0.52265 50 31 18 48 27 157 100.00000 0
754 3668 10.93412 1.51079 0.57168 2.05576 60 37 18 60 23 223 100.00000 0
532 3553 10.10113 1.22467 0.20831 2.20087 94 72 20 90 57 315 100.00000 0
556 1407 11.72521 2.51256 0.08351 1.34290 89 62 19 81 56 249 100.00000 0
428 2456 10.19883 1.06349 1.28325 4.82532 113 89 14 111 41 293 100.00000 0
2464 3402 11.17440 0.09188 0.26830 2.38047 60 39 13 60 27 212 100.00000 0
544 3557 11.21174 1.41059 0.09323 1.63039 70 47 19 66 41 208 100.00000 0
2455 3388 11.07632 0.61450 0.19929 2.69994 106 90 13 104 51 340 100.00000 0
5 4431 10.81164 0.89906 0.62351 2.74894 107 90 16 105 45 337 100.00000 0
447 3464 11.48221 0.02016 0.27616 1.15012 84 60 9 80 51 290 100.00000 0
1540 4534 11.82773 3.13185 0.27121 3.91747 78 58 13 76 48 261 100.00000 0
395 3377 11.00395 1.18611 0.24723 2.80226 68 44 19 66 26 266 100.00000 0
717 3679 11.35865 0.62154 0.82217 2.77939 63 48 13 63 26 253 100.00000 0
2328 3273 10.71687 1.61371 0.58876 3.01168 107 77 26 107 53 303 100.00000 0
428 3408 11.76796 1.05132 0.23393 4.26425 76 50 7 72 43 277 100.00000 0
378 3364 11.72483 1.59149 0.34611 1.76924 97 73 19 97 58 255 100.00000 0
786 3713 10.60311 0.03818 0.08301 0.84070 103 77 21 101 79 225 100.00000 0
749 3662 11.42045 1.29293 0.57272 2.57679 30 21 6 28 12 149 100.00000 0
417 3446 11.29783 1.13541 0.41145 2.20407 88 61 14 86 39 272 100.00000 0
2466 3407 10.19850 0.06239 0.14115 3.49413 44 36 7 44 19 147 100.00000 0
92 1565 10.98516 1.94637 0.07154 1.24866 93 78 10 93 64 284 100.00000 0
958 3841 10.50947 1.13182 0.17973 0.38967 101 80 14 95 72 247 100.00000 0
915 3836 10.34230 0.02788 0.42203 0.77177 50 25 8 40 18 153 100.00000 0
666 3624 11.09642 0.00355 0.11278 0.20367 101 81 17 101 67 337 100.00000 0
1416 3551 11.15230 3.09194 0.20760 0.49258 68 50 10 63 49 245 100.00000 0
562 1406 11.63728 2.56523 0.22501 1.34552 45 31 5 39 32 191 100.00000 0
678 3616 11.85252 0.00666 0.17928 0.38563 21 15 4 21 14 254 100.00000 0
419 2452 10.01915 0.50459 0.11401 1.47671 125 101 20 123 82 368 100.00000 0
877 3784 11.97781 0.06473 0.23356 0.66558 164 133 20 158 116 326 100.00000 0
751 3666 10.34155 1.39535 0.52618 2.72060 31 26 3 31 15 174 100.00000 0
391 3369 11.88995 1.48783 0.23844 3.13675 71 47 17 71 28 252 100.00000 0
516 580 11.61045 0.55335 0.18423 2.12099 37 28 4 32 26 136 100.00000 0
475 3464 11.97015 0.01877 0.11499 0.42244 103 80 19 99 73 305 100.00000 0
148 1576 11.63775 0.08388 0.18481 1.83462 74 42 21 72 43 229 100.00000 0
1408 3554 10.14746 2.55443 0.19632 0.39067 91 70 15 89 61 292 100.00000 0
667 3607 11.56704 0.01346 0.25768 0.72036 47 38 7 45 33 228 100.00000 0
131 4532 10.50841 1.54555 0.07133 0.86863 117 85 14 117 82 330 100.00000 0
405 3389 11.91620 0.55190 0.28759 3.44606 100 71 16 100 47 303 100.00000 0
125 4540 10.85627 1.44683 0.22387 1.81143 125 94 21 123 53 357 100.00000 0
684 3621 11.86790 0.01961 0.26936 1.11276 41 28 7 41 14 309 100.00000 0
102 4520 11.13582 0.32612 0.25368 1.00755 94 75 12 94 67 241 100.00000 0
2432 3403 10.70970 0.94258 0.56029 2.59118 128 96 18 122 50 339 100.00000 0
511 3528 11.00628 0.18681 0.23488 1.58165 99 75 19 99 69 215 100.00000 0
826 3745 11.94841 0.05989 0.12804 0.73966 58 49 7 56 42 182 100.00000 0
471 3461 11.28026 0.02688 0.15045 0.93795 91 68 9 87 63 273 100.00000 0
194 1619 11.49547 0.08180 0.21081 0.07913 108 82 13 101 74 240 100.00000 0
541 3503 10.04788 0.11372 0.64780 1.22141 89 48 16 89 37 220 100.00000 0
18 4453 11.70835 0.16095 0.07977 1.38367 63 40 13 58 35 242 100.00000 0
1399 3532 11.38021 2.97869 0.08970 0.73913 98 83 8 96 66 271 100.00000 0
772 3695 11.96207 0.07969 0.07615 1.96483 118 96 17 114 75 259 100.00000 0
576 1389 11.68375 3.02322 0.09654 0.49099 85 76 9 83 63 318 100.00000 0
518 3542 10.83686 0.61577 0.33530 1.97159 47 35 6 40 34 178 100.00000 0
2439 3364 11.02399 0.96576 0.81751 3.42714 88 73 9 77 50 309 100.00000 0
412 3442 10.95368 1.31661 0.15985 4.75720 43 23 15 41 14 208 100.00000 0
569 1407 10.30924 2.58635 0.18122 1.71029 68 40 21 66 31 226 100.00000 0
439 3459 11.71112 0.04273 0.17025 0.72253 98 69 17 90 50 326 100.00000 0
874 3782 11.16013 0.05782 0.09676 0.44937 159 139 13 159 117 418 100.00000 0
132 4537 11.66718 1.54946 0.70353 2.20300 109 55 14 100 53 292 100.00000 0
597 1402 11.24369 2.15792 0.19236 1.33589 45 33 9 45 32 175 100.00000 0
2452 3428 11.20538 0.70663 0.29359 3.09124 73 49 10 59 38 300 100.00000 0
425 2479 11.64363 0.88348 0.67078 5.84150 45 28 10 42 13 210 100.00000 0
1388 3542 10.64649 2.75023 0.14586 1.53824 51 36 5 49 30 250 100.00000 0
492 3499 10.18538 0.04577 0.33704 2.43992 77 54 19 75 37 247 100.00000 0
659 3601 10.89804 0.02354 0.33158 1.32825 72 47 15 65 41 353 100.00000 0
2379 3312 11.17297 0.02863 0.19038 0.49968 90 61 23 88 57 316 100.00000 0
219 1633 10.33262 1.44979 0.03684 0.59149 97 82 10 94 71 243 100.00000 0
582 1383 11.27619 2.64342 0.46131 2.01266 95 80 10 89 56 303 100.00000 0
2388 3344 11.19975 0.02217 0.53552 1.28085 84 59 12 80 51 310 100.00000 0
1410 3527 10.31118 2.41201 0.19590 1.85562 66 54 9 66 49 226 100.00000 0
737 3657 10.15225 0.52011 0.12480 2.05100 93 58 31 88 50 269 100.00000 0
2469 3445 11.11509 1.54966 0.54847 6.12804 21 13 6 18 8 123 100.00000 0
429 2479 11.43009 1.10903 0.57982 4.96349 32 17 8 30 7 194 100.00000 0
7 4432 11.96482 0.87808 0.16401 2.35767 69 53 13 69 25 210 100.00000 0
381 3364 11.64073 1.58401 0.28575 1.65989 86 64 18 82 50 283 100.00000 0
149 1578 11.24811 0.07916 0.20060 1.71965 97 67 15 86 54 289 100.00000 0
213 1630 10.02511 1.19971 0.24434 0.54393 69 48 6 65 47 218 100.00000 0
681 3636 10.07453 0.02479 0.11087 1.37059 53 38 8 49 34 262 100.00000 0
727 3693 11.66185 1.53192 1.09179 2.68103 42 33 6 42 15 179 100.00000 0
564 3557 10.75864 1.39588 0.15593 1.53875 67 48 11 67 36 194 100.00000 0
1398 3535 10.94358 3.08101 0.14913 0.90914 80 57 17 80 53 251 100.00000 0
213 1649 11.10205 1.46747 0.14296 1.33413 120 94 19 116 79 296 100.00000 0
510 565 11.20023 0.14017 0.70699 2.15994 87 67 8 77 41 245 100.00000 0
421 3447 10.49148 0.91149 0.10047 0.76105 49 35 11 47 30 218 100.00000 0
542 595 10.21960 1.32607 0.10318 1.81402 114 86 22 112 70 331 100.00000 0
509 563 11.52826 0.13012 0.62133 2.06564 64 47 5 58 26 194 100.00000 0
598 3532 10.25474 1.26658 0.23769 1.89507 145 120 15 143 77 376 100.00000 0
740 3700 10.65723 1.01638 0.11980 1.03173 140 121 15 133 90 402 100.00000 0
2449 3380 10.40104 0.92095 0.29990 2.10282 103 67 26 103 42 340 100.00000 0
736 3656 10.57821 0.46328 0.15332 1.66883 85 60 17 85 44 272 100.00000 0
702 3658 11.19489 0.03453 0.13161 0.39664 133 112 18 133 103 343 100.00000 0
405 2442 10.16858 0.40647 0.02720 2.97822 153 124 25 153 83 384 100.00000 0
2436 3360 11.51892 0.82616 0.41051 1.64782 165 137 25 165 102 403 100.00000 0
2447 3373 11.76464 1.16633 1.01366 2.33230 87 60 18 85 52 247 100.00000 0
515 576 10.93095 0.36941 0.27966 2.32052 75 49 13 67 31 225 100.00000 0
521 586 11.14252 0.89090 0.31129 2.32574 38 30 4 36 25 156 100.00000 0
714 3644 11.58707 0.01470 0.23138 0.38257 48 27 14 48 25 209 100.00000 0
125 1551 10.88796 1.29487 0.30429 1.86257 92 51 20 92 58 274 100.00000 0
2359 3280 11.60974 0.91132 0.46481 1.89837 90 74 6 88 43 283 100.00000 0
593 3518 10.65518 1.28173 0.15699 2.87426 68 51 11 66 37 246 100.00000 0
546 3557 11.21914 1.41025 0.11591 1.62003 66 44 18 64 34 248 100.00000 0
97 1552 11.90716 2.58595 0.20891 2.45830 26 19 3 23 18 176 100.00000 0
90 1564 11.94260 2.02168 0.15807 1.11978 78 56 12 78 39 239 100.00000 0
392 2424 11.74396 1.40119 1.35581 3.20565 102 79 19 102 34 273 100.00000 0
601 3538 10.76442 1.13034 0.30636 1.21305 113 91 17 111 74 339 100.00000 0
945 3855 10.68365 0.34359 0.15188 0.61802 62 46 14 60 42 158 100.00000 0
503 3487 10.36291 0.04223 0.04149 2.06279 100 82 11 100 62 281 100.00000 0
405 3433 10.01999 1.05772 0.15019 5.00053 88 63 18 88 46 303 100.00000 0
2342 3260 11.49206 1.57446 0.28414 3.02194 60 31 13 54 23 244 100.00000 0
2473 3443 10.71559 1.51622 0.54892 5.15761 21 5 6 19 1 134 100.00000 0
396 2431 10.60505 1.07662 0.12658 2.92289 97 74 15 97 34 290 100.00000 0
800 3726 10.08626 0.02419 0.12599 0.35388 86 60 15 84 52 253 100.00000 0
741 3657 11.69153 0.75466 0.04616 2.84648 74 49 19 71 33 251 100.00000 0
603 3541 11.22881 1.01205 0.31744 1.82005 82 63 16 82 55 249 100.00000 0
564 1409 10.85084 2.42396 0.06787 1.65800 59 50 6 57 40 220 100.00000 0
106 4540 10.55858 0.55062 0.10469 1.54053 122 95 21 120 72 370 100.00000 0
551 1411 11.18623 2.29926 0.25614 1.59127 42 32 5 38 22 200 100.00000 0
91 1562 11.53892 2.13203 0.17694 1.43913 91 72 10 91 52 260 100.00000 0
400 3383 11.69340 0.89346 0.30505 2.96081 79 53 19 79 39 273 100.00000 0
539 1417 11.51541 1.94865 0.15269 1.73416 33 22 6 31 16 141 100.00000 0
818 3739 11.86804 0.05403 0.11267 0.74230 31 24 5 29 18 148 100.00000 0
1578 4537 11.65490 1.63819 0.44225 1.63949 99 67 19 99 49 259 100.00000 0
741 3702 11.61325 0.95157 0.04278 1.06386 178 158 16 174 123 401 100.00000 0
743 3701 10.10380 0.82626 0.11845 1.67771 121 101 12 119 72 325 100.00000 0
495 3480 11.73798 0.02048 0.22860 0.34492 108 84 20 105 77 331 100.00000 0
26 4463 11.34854 0.02353 0.14455 0.82424 119 99 14 117 85 348 100.00000 0
588 1378 11.81548 2.20251 0.18037 1.05351 96 72 13 92 44 284 100.00000 0
566 1403 11.69155 2.72289 0.12842 1.39522 33 26 5 33 17 193 100.00000 0
698 3653 10.73586 0.02149 0.03825 0.27554 106 84 17 103 74 330 100.00000 0
2432 3404 11.20678 0.95801 0.65778 2.67664 104 80 21 102 49 320 100.00000 0
590 1382 10.80670 2.13124 0.06270 1.50324 97 80 14 95 65 280 100.00000 0
595 3519 11.19941 1.36407 0.08323 2.78263 72 47 21 70 40 246 100.00000 0
12 4445 11.12199 0.44621 0.28945 0.84209 133 95 24 133 90 359 100.00000 0
619 3565 10.61115 0.01832 0.12577 0.96712 90 63 25 90 53 332 100.00000 0
1385 3554 10.85013 1.97478 0.22884 1.07847 99 84 11 97 70 315 100.00000 0
621 3587 10.80721 0.01343 0.21773 0.17471 84 63 15 84 61 353 100.00000 0
1575 4529 10.71214 1.66072 0.33610 1.38959 162 136 21 158 112 384 100.00000 0
719 3681 10.97407 0.77446 0.65861 2.92007 81 44 33 77 24 277 100.00000 0
1418 3522 11.60818 1.88990 0.26438 1.98623 39 21 12 37 18 158 100.00000 0
919 3839 10.00787 0.03057 0.27390 0.97719 121 106 9 121 87 259 100.00000 0
708 3665 10.80542 0.01654 0.19239 0.61485 174 149 16 174 125 389 100.00000 0
600 3536 10.63680 1.19250 0.29541 1.70410 104 71 20 102 65 349 100.00000 0
552 1416 11.26247 2.00088 0.23949 1.87158 39 25 8 33 22 148 100.00000 0
1390 3540 10.87568 2.87580 0.08297 1.01220 103 85 10 97 69 325 100.00000 0
221 1636 10.07077 1.52997 0.14121 0.85501 84 55 21 68 47 197 100.00000 0
546 3502 10.88827 0.11496 0.38304 1.30866 101 80 12 97 41 232 100.00000 0
523 588 10.95953 1.01092 0.18947 2.39245 88 53 27 86 49 260 100.00000 0
650 3611 10.98224 0.02716 0.55215 1.40333 89 73 14 89 47 294 100.00000 0
565 1420 11.70149 1.83120 0.21779 1.89072 12 10 1 12 7 150 100.00000 0
582 3562 10.30517 0.93559 0.32815 2.14046 154 123 16 152 81 383 100.00000 0
792 3718 11.26078 0.01629 0.10571 0.69549 59 43 15 59 31 196 100.00000 0
567 1414 10.14103 2.16253 0.06467 2.23090 80 61 17 80 40 215 100.00000 0
370 2439 11.62313 0.64640 0.40802 1.29573 73 61 2 73 41 295 100.00000 0
1558 4527 10.29856 2.35834 0.50140 1.76325 23 14 4 23 9 173 100.00000 0
478 3488 10.80364 0.01575 0.06906 0.66735 115 90 21 113 69 267 100.00000 0
835 3775 10.17397 0.07998 0.31886 1.57892 166 126 35 164 80 365 100.00000 0
535 3556 11.07096 1.37410 0.06659 1.63805 62 46 14 62 39 220 100.00000 0
1402 3527 11.84386 2.78534 0.10559 1.25429 61 45 8 61 34 212 100.00000 0
1420 3539 10.52194 2.19549 0.21442 0.80697 62 42 17 60 30 266 100.00000 0
508 558 11.79446 0.12236 0.36375 1.55419 99 74 12 97 49 293 100.00000 0
513 3531 10.48913 0.23966 0.16769 1.45911 95 60 29 91 57 262 100.00000 0
539 3502 10.76934 0.11422 0.29272 1.26207 126 83 21 123 60 310 100.00000 0
514 577 11.75332 0.41583 0.32591 2.42495 79 65 9 75 46 232 100.00000 0
558 3501 11.84659 0.11612 0.40215 1.48622 120 105 11 120 50 287 100.00000 0
377 3366 10.89388 1.57292 0.01657 2.40680 43 36 4 43 22 133 100.00000 0
560 1417 11.27358 1.95091 0.24320 1.97020 40 26 6 34 20 191 100.00000 0
464 3455 10.16057 0.01633 0.13005 0.90914 110 90 13 108 76 341 100.00000 0
501 3509 10.82882 0.02260 0.17825 0.79623 109 80 19 109 66 306 100.00000 0
1403 3534 10.20601 2.89883 0.13891 1.04568 99 87 10 97 68 291 100.00000 0
106 1579 10.98190 1.08515 0.12668 1.24080 179 141 18 179 132 379 100.00000 0
2455 3432 10.65047 1.00399 0.12375 4.51206 110 83 13 110 61 316 100.00000 0
533 3500 11.83555 0.10438 0.29552 0.94128 66 50 5 64 44 202 100.00000 0
41 4479 10.39581 0.02173 0.17207 0.59807 73 42 17 65 37 278 100.00000 0
964 3856 10.91288 1.47447 0.14622 1.24112 138 91 34 138 65 398 100.00000 0
100 4538 10.44230 0.21965 0.09821 1.05980 60 44 13 60 39 193 100.00000 0
557 3557 11.15820 1.40951 0.06547 1.52213 62 44 16 62 36 224 100.00000 0
