0.01873 0.02678
0.01472 0.01855
0.01222 0.01949
0.01192 0.01804
0.01292 0.01942
0.01231 0.02153
0.01233 0.02004
0.01373 0.02513
0.01362 0.02300
0.01530 0.02224
0.01201 0.01954
0.01499 0.02798
0.01347 0.02261
0.01259 0.01958
0.01285 0.01877
0.01169 0.01737
0.01239 0.01998
0.01169 0.01861
0.01393 0.02586
0.01289 0.01976
0.01183 0.02032
0.01193 0.01869
0.01382 0.02424
0.01247 0.01757
0.01982 0.02092
0.02090 0.02391
0.02737 0.02352
0.01365 0.02200
0.01213 0.01936
0.01316 0.02289
0.01340 0.02268
0.01396 0.02528
0.01566 0.02421
0.01374 0.02229
0.01410 0.02331
0.01359 0.02275
0.01314 0.02103
0.01227 0.01823
0.01260 0.01962
0.01209 0.01780
0.01147 0.01968
0.01302 0.02228
0.01380 0.03029
0.01716 0.02400
0.01232 0.01892
0.01191 0.02250
0.01437 0.02221
0.01292 0.01830
0.01563 0.02372
0.01323 0.02273
0.01219 0.02290
0.01344 0.01976
0.01629 0.02312
0.01268 0.02202
0.01211 0.02192
0.01382 0.02299
0.01427 0.01725
0.01401 0.02250
0.01454 0.02352
0.01358 0.02243
0.01354 0.02251
0.02439 0.02338
0.01284 0.01848
0.01166 0.01908
0.01516 0.02032
0.01239 0.01842
0.01235 0.02335
0.01280 0.02032
0.01243 0.01906
0.01311 0.02247
0.01264 0.02002
0.01326 0.01904
0.01278 0.01917
0.01250 0.01875
0.01332 0.02342
0.01359 0.02260
0.01226 0.02125
0.02730 0.02451
0.01314 0.02250
0.01289 0.02302
0.01304 0.01923
0.01360 0.02880
0.01586 0.02282
0.01324 0.02141
0.01707 0.02412
0.01362 0.02669
0.01284 0.01856
0.01202 0.01969
0.01438 0.02393
0.01598 0.03438
0.01181 0.01803
0.01469 0.02446
0.01403 0.02487
0.01386 0.02406
0.01348 0.02341
0.01260 0.01863
0.01358 0.02329
0.01376 0.02194
0.01200 0.01884
0.02207 0.02583
0.01274 0.01949
0.01197 0.01996
0.01415 0.03005
0.01387 0.02738
0.01294 0.02651
0.01259 0.02168
0.01338 0.02242
0.01341 0.02318
0.01986 0.02118
0.01205 0.01931
0.02078 0.02484
0.01148 0.01819
0.02029 0.02438
0.01215 0.01866
0.01309 0.01925
0.01430 0.02539
0.01363 0.01931
0.01255 0.02668
0.01387 0.02207
0.01186 0.01737
0.01465 0.02405
0.01162 0.01881
0.01417 0.02394
0.01170 0.01798
0.01309 0.02182
0.01263 0.01813
0.01394 0.02785
0.01201 0.01842
0.01427 0.02527
0.01363 0.02218
0.01140 0.02070
0.01170 0.01758
0.01238 0.01974
0.01414 0.02226
0.01711 0.02035
0.01415 0.02399
0.01273 0.01999
0.01188 0.02174
0.01355 0.02255
0.02487 0.02134
0.01254 0.01891
0.01232 0.01838
0.01382 0.02345
0.01283 0.02020
0.01351 0.02575
0.01649 0.02214
0.01252 0.02225
0.01379 0.02263
0.01325 0.02360
0.01589 0.02107
0.01215 0.01955
0.01333 0.02097
0.01272 0.01834
0.01198 0.01747
0.01215 0.01830
0.01217 0.01889
0.01582 0.01924
0.01497 0.02997
0.01281 0.01985
0.01343 0.02381
0.02307 0.02308
0.01166 0.01798
0.01485 0.02432
0.01378 0.02650
0.01476 0.02454
0.01344 0.02690
0.01431 0.02347
0.01104 0.01714
0.01128 0.02048
0.01491 0.02218
0.01339 0.02256
0.01382 0.02273
0.02059 0.03054
0.01975 0.02328
0.01398 0.01747
0.01345 0.02318
0.01449 0.02983
0.01380 0.02335
0.01346 0.02333
0.01627 0.02602
0.01432 0.02229
0.01372 0.01816
0.01248 0.02715
0.01403 0.02374
0.01231 0.01993
0.01339 0.01901
0.01390 0.02300
0.01243 0.01832
0.01360 0.01833
0.01347 0.02301
0.01257 0.02014
0.01543 0.02423
0.01329 0.02218
0.01473 0.02537
0.01133 0.01827
0.01455 0.02388
0.01545 0.02180
0.01712 0.02288
0.01374 0.02242
0.01255 0.02347
0.01266 0.01914
0.02158 0.02332
0.01160 0.01791
0.01242 0.02010
0.01231 0.01916
0.01157 0.02072
0.01305 0.02251
0.01197 0.01916
0.01342 0.02186
0.01238 0.02014
0.01327 0.01980
0.01533 0.02429
0.01217 0.02020
0.01625 0.02676
0.01260 0.01814
0.01366 0.02667
0.01407 0.02476
0.01298 0.02149
0.01436 0.02454
0.01944 0.02676
0.01272 0.02012
0.01400 0.02316
0.01227 0.01858
0.01247 0.02498
0.01211 0.01996
0.01403 0.02703
0.01288 0.02266
0.01275 0.01893
0.01337 0.01815
0.01219 0.02188
0.01357 0.02357
0.01222 0.02138
0.01405 0.02203
0.01187 0.01772
0.01340 0.02346
0.01143 0.02131
0.01321 0.02225
0.01411 0.02490
0.01229 0.01998
0.01227 0.01978
0.01429 0.02321
0.01304 0.02168
0.01197 0.02338
0.01436 0.01880
0.01609 0.02259
0.01249 0.01783
0.01303 0.01992
0.01247 0.02028
0.01252 0.01792
0.01327 0.02376
0.01221 0.01956
0.01375 0.02224
0.01419 0.02391
0.02051 0.01860
0.01263 0.01891
0.01395 0.02356
0.01469 0.02303
0.01243 0.01859
0.01230 0.01777
0.01235 0.01928
0.01307 0.02207
0.01558 0.03070
0.02393 0.02383
0.01302 0.01909
0.01390 0.02608
0.01741 0.02265
0.01289 0.01852
0.01439 0.02154
0.01583 0.02133
0.02073 0.01994
0.01287 0.02119
0.01257 0.01955
0.01350 0.02045
0.01437 0.02356
0.01373 0.02414
0.01246 0.01963
0.01232 0.02041
0.01351 0.02807
0.01443 0.02428
0.01330 0.02310
0.01536 0.02969
0.01407 0.02380
0.01224 0.01854
0.01453 0.03074
0.01239 0.01823
0.01434 0.02147
0.01198 0.02011
0.01402 0.02183
0.01158 0.01743
0.01246 0.01955
0.01293 0.02153
0.01284 0.02551
0.01165 0.01830
0.01270 0.01836
0.01370 0.01985
0.02104 0.02406
0.01271 0.01928
0.01340 0.02313
0.01148 0.01772
0.01547 0.02214
0.01298 0.02669
0.01303 0.02254
0.01262 0.01906
0.01379 0.01910
0.01351 0.02504
0.01150 0.01736
0.01485 0.02401
0.01551 0.02482
0.01523 0.02530
0.01422 0.02407
0.02493 0.02700
0.01279 0.01887
0.01321 0.01958
0.01591 0.01813
0.01334 0.02556
0.01255 0.01920
0.01365 0.02270
0.01543 0.02974
0.01526 0.02012
0.01479 0.02023
0.01402 0.02603
0.01892 0.02338
0.01275 0.02116
0.01300 0.01949
0.02201 0.02455
0.01281 0.01859
0.01365 0.02296
0.01320 0.02257
0.01316 0.01837
0.01746 0.02214
0.01225 0.01788
0.01371 0.02251
0.01450 0.02396
0.01200 0.02002
0.01466 0.01959
0.01829 0.02371
0.01377 0.02479
0.01368 0.02464
0.01220 0.01828
0.01294 0.01912
0.01268 0.02235
0.01401 0.02411
0.01387 0.02359
0.01316 0.02196
0.01878 0.02110
0.02088 0.01891
0.01268 0.02005
0.01185 0.01846
0.01225 0.01915
0.01978 0.02099
0.01326 0.02000
0.01658 0.01875
0.02262 0.02199
0.01309 0.02032
0.01368 0.02150
0.01208 0.01802
0.01308 0.02299
0.01807 0.02035
0.01201 0.02001
0.01311 0.01889
0.01299 0.02210
0.01431 0.02386
0.01212 0.01930
0.01301 0.02451
0.01160 0.01859
0.01364 0.02318
0.01866 0.02204
0.01303 0.02410
0.01964 0.01975
0.01361 0.02256
0.01349 0.02457
0.01841 0.01965
0.01213 0.01797
0.01215 0.02001
0.01394 0.02313
0.01253 0.01964
0.01396 0.02505
0.01408 0.02545
0.01433 0.02761
0.02163 0.02576
0.01304 0.02259
0.01244 0.02006
0.01267 0.01797
0.01670 0.02495
0.01453 0.02642
0.01536 0.03091
0.01335 0.02229
0.01223 0.01835
0.01261 0.01779
0.01159 0.01810
0.01327 0.01872
0.01208 0.02329
0.01424 0.02758
0.01506 0.02281
0.02031 0.01942
0.01436 0.02403
0.01242 0.01894
0.01329 0.02670
0.01355 0.01922
0.01377 0.02248
0.01174 0.01833
0.01769 0.02266
0.01223 0.02295
0.01408 0.02801
0.01303 0.02063
0.01415 0.02328
0.01229 0.02396
0.01648 0.02365
0.01227 0.02362
0.02105 0.02270
0.01431 0.02417
0.01438 0.02835
0.01422 0.01979
0.01230 0.02319
0.01460 0.02416
0.02115 0.02257
0.01284 0.02236
0.01302 0.02417
0.01238 0.01984
0.01367 0.02561
0.01259 0.02256
0.01347 0.02300
0.01425 0.02424
0.01311 0.02291
0.01208 0.01849
0.01266 0.02384
0.01381 0.02365
0.01214 0.02039
0.01246 0.01939
0.01362 0.02425
0.01248 0.01956
0.01416 0.02184
0.02221 0.02513
0.01667 0.01872
0.01520 0.02642
0.01138 0.01763
0.01405 0.02120
0.01294 0.02188
0.01925 0.02445
0.01294 0.02204
0.01219 0.02245
0.01385 0.02202
0.01295 0.01904
0.01409 0.02722
0.01285 0.02144
0.01464 0.02170
0.01423 0.01862
0.01234 0.01887
0.01523 0.02494
0.01228 0.02103
0.01243 0.02360
0.01203 0.01739
0.01421 0.02044
0.01373 0.02333
0.01878 0.02124
0.01387 0.02839
0.01655 0.02417
0.02011 0.02129
0.01878 0.02343
0.01293 0.02012
0.01482 0.02527
0.02077 0.01878
0.01293 0.01978
0.01712 0.02027
0.01133 0.01775
0.01433 0.02027
0.01258 0.01972
0.01554 0.02613
0.01375 0.02323
0.01288 0.02219
0.01578 0.02517
0.01445 0.02425
0.01538 0.02439
0.01203 0.02008
0.01267 0.02217
0.01431 0.02899
0.01504 0.01918
0.01323 0.02230
0.01419 0.02306
0.01335 0.02243
0.01312 0.02423
0.02051 0.02074
0.01647 0.01874
0.01386 0.02910
0.01364 0.02252
0.01537 0.02460
0.01893 0.02742
0.01370 0.02420
0.01447 0.01922
0.01268 0.02080
0.01353 0.02659
0.01321 0.02432
0.01397 0.02337
0.01355 0.02273
0.01140 0.01984
0.01177 0.01943
0.02998 0.02452
0.02048 0.02366
0.01265 0.02099
0.01190 0.01983
0.01186 0.01794
0.01361 0.02581
0.01404 0.02226
0.01205 0.01750
0.01308 0.01853
0.01370 0.02406
0.01803 0.02144
0.01231 0.02414
0.02356 0.02155
0.01744 0.02664
0.01187 0.01820
0.01380 0.02329
0.01216 0.01899
0.01210 0.01798
0.01399 0.02343
0.01964 0.02026
0.01446 0.02435
0.01513 0.02369
0.01246 0.02047
0.01239 0.01926
0.01248 0.02293
0.01288 0.02025
0.01463 0.01783
0.02330 0.02550
0.01352 0.02658
0.01448 0.02079
0.01535 0.01892
0.01422 0.02290
0.01378 0.02645
0.01220 0.02252
0.01499 0.02576
0.01641 0.02301
0.01170 0.01669
0.01404 0.02387
0.03334 0.02577
0.01289 0.02074
0.01978 0.02293
0.01362 0.01769
0.01213 0.02324
0.01519 0.01985
0.01245 0.02145
0.02330 0.02508
0.01156 0.01798
0.01313 0.01787
0.01381 0.02191
0.01462 0.02491
0.01407 0.02368
0.01472 0.02340
0.01372 0.02206
0.01457 0.02403
0.01364 0.02633
0.01237 0.02431
0.01423 0.02378
0.01291 0.02366
0.01748 0.02339
0.01232 0.02069
0.01203 0.01704
0.01510 0.02302
0.01216 0.01944
0.01197 0.01919
0.01197 0.01896
0.01826 0.02245
0.01190 0.02017
0.01339 0.02162
0.01576 0.02500
0.01331 0.02001
0.02258 0.02439
0.01166 0.01889
0.02285 0.02383
0.01199 0.01897
0.01190 0.01920
0.01148 0.01761
0.01332 0.02247
0.01374 0.01840
0.01141 0.01764
0.01316 0.01735
0.01405 0.02292
0.02239 0.02620
0.01363 0.02278
0.01221 0.01916
0.01227 0.01865
0.01324 0.02212
0.01233 0.01785
0.01350 0.02230
0.01330 0.02242
0.01365 0.02341
0.01235 0.02258
0.01222 0.02277
0.01446 0.03014
0.02569 0.02438
0.01404 0.02551
0.01205 0.02405
0.02374 0.02547
0.01360 0.02179
0.02067 0.02366
0.01199 0.02096
0.01407 0.02365
0.01378 0.02351
0.01706 0.02668
0.01166 0.01926
0.01886 0.02122
0.01387 0.02255
0.01356 0.01995
0.01398 0.02408
0.01242 0.02171
0.01387 0.02297
0.01300 0.01902
0.01689 0.02406
0.01254 0.02060
0.02227 0.02029
0.01332 0.02855
0.01595 0.02403
0.01250 0.02134
0.01902 0.01957
0.01422 0.02369
0.01227 0.01835
0.01455 0.02381
0.01621 0.02188
0.01229 0.02036
0.01404 0.02752
0.01409 0.02402
0.01400 0.02579
0.01263 0.01902
0.01364 0.02298
0.01420 0.02410
0.01388 0.02535
0.01313 0.02219
0.01465 0.02547
0.01522 0.02354
0.01354 0.02516
0.01271 0.01928
0.01329 0.01830
0.01251 0.02420
0.01185 0.01759
0.02449 0.02552
0.01905 0.02436
0.01219 0.02248
0.01454 0.02242
0.01292 0.01834
0.01472 0.02463
0.01369 0.02720
0.01428 0.02830
0.02168 0.02625
0.01328 0.02503
0.01372 0.02302
0.01333 0.02245
0.01345 0.02118
0.01236 0.01969
0.01290 0.01783
0.01314 0.02526
0.01237 0.01832
0.01472 0.02297
0.01832 0.02702
0.01400 0.01733
0.01203 0.01871
0.01424 0.02804
0.01173 0.01944
0.01432 0.02727
0.01211 0.02414
0.01372 0.02328
0.01446 0.02755
0.01334 0.02014
0.01372 0.02682
0.01546 0.02067
0.01338 0.01978
0.01140 0.01735
0.01351 0.01849
0.01268 0.01852
0.01244 0.01862
0.01392 0.02316
0.01885 0.02319
0.01246 0.02196
0.01273 0.02312
0.01286 0.02067
0.01383 0.02165
0.01438 0.02457
0.01201 0.01881
0.01233 0.01972
0.01461 0.02935
0.01276 0.01877
0.01336 0.02371
0.01674 0.02024
0.01458 0.02881
0.01181 0.01749
0.01385 0.02433
0.01434 0.02324
0.01270 0.02039
0.01284 0.01941
0.01273 0.01929
0.01456 0.02343
0.01221 0.01999
0.01226 0.01933
0.01439 0.02326
0.01428 0.01898
0.01461 0.02724
0.01244 0.01970
0.01556 0.02668
0.01506 0.02257
0.01412 0.02375
0.01316 0.02138
0.01855 0.02597
0.01221 0.02467
0.02492 0.02385
0.01932 0.02809
0.01197 0.01997
0.01476 0.01963
0.01247 0.02467
0.01231 0.01975
0.01236 0.02038
0.02203 0.02231
0.01477 0.02517
0.01399 0.02184
0.01242 0.02158
0.01302 0.02656
0.01452 0.02400
0.01793 0.02540
0.01340 0.02292
0.01206 0.01911
0.01278 0.01914
0.01441 0.02845
0.01850 0.01819
0.01356 0.01910
0.01489 0.02349
0.01451 0.02365
0.01188 0.01916
0.01284 0.01912
0.01335 0.02100
0.01242 0.01759
0.01372 0.02207
0.01196 0.01943
0.01316 0.02057
0.01391 0.02339
0.01362 0.02405
0.01321 0.02004
0.02186 0.02326
0.01383 0.02369
0.01332 0.02518
0.01243 0.01902
0.01510 0.02474
0.01354 0.02283
0.01370 0.02320
0.01358 0.02262
0.01916 0.02102
0.01450 0.02625
0.01233 0.02027
0.01558 0.02145
0.02191 0.02415
0.01469 0.02463
0.01369 0.02364
0.01689 0.02164
0.01386 0.02369
0.01269 0.02037
0.01181 0.01922
0.01327 0.02195
0.01230 0.02006
0.01818 0.02407
0.01500 0.01887
0.01345 0.02379
0.01269 0.01996
0.01346 0.02925
0.01453 0.02230
0.01893 0.02503
0.01305 0.02227
0.01303 0.02201
0.01367 0.02330
0.01398 0.02376
0.01327 0.02081
0.01199 0.02171
0.01243 0.02436
0.01199 0.01833
0.01383 0.02354
0.01283 0.02103
0.01370 0.02140
0.01268 0.01935
0.01362 0.02348
0.01189 0.01769
0.01413 0.02442
0.01584 0.02924
0.01377 0.01819
0.01344 0.02002
0.01410 0.02320
0.01339 0.02379
0.01199 0.01843
0.01886 0.02068
0.01479 0.02927
0.01947 0.02173
0.01777 0.02427
0.01182 0.01946
0.01339 0.02644
0.01276 0.02308
0.01349 0.02320
0.01576 0.02104
0.01389 0.02376
0.01366 0.01855
0.01346 0.02341
0.01287 0.02210
0.01377 0.02178
0.01345 0.02365
0.01603 0.01912
0.01253 0.01960
0.01279 0.01959
0.01466 0.02207
0.01291 0.01915
0.01407 0.02383
0.01429 0.02392
0.01304 0.01992
0.01213 0.02179
0.01148 0.01803
0.01178 0.02559
0.01253 0.02443
0.01454 0.02352
0.01273 0.02444
0.01326 0.02364
0.01281 0.01992
0.01950 0.02144
0.01379 0.02066
0.01463 0.02335
0.01283 0.02015
0.01809 0.02376
0.01259 0.01908
0.01383 0.02376
0.02541 0.02310
0.01236 0.02057
0.01344 0.02215
0.01394 0.02250
0.01467 0.01886
0.01274 0.01852
0.01443 0.02380
0.01314 0.01897
0.01728 0.02115
0.01226 0.01799
0.01295 0.01896
0.01666 0.02074
0.01246 0.01915
0.01248 0.01951
0.01482 0.02402
0.01488 0.02447
0.01377 0.01978
0.01294 0.02005
0.01316 0.01808
0.01214 0.01800
0.01419 0.02377
0.01266 0.01773
0.02237 0.02480
0.01405 0.02264
0.01413 0.02322
0.01366 0.02339
0.02336 0.02151
0.01274 0.02205
0.01346 0.02643
0.02380 0.03056
0.01362 0.02288
0.01330 0.01958
0.01397 0.02375
0.01240 0.01928
0.01206 0.02168
0.02228 0.02433
0.01280 0.02574
0.01175 0.01868
0.01239 0.01917
0.01232 0.02274
0.01225 0.02299
0.01872 0.02006
0.01324 0.02101
0.01544 0.02669
0.01339 0.02253
0.01416 0.02706
0.01455 0.02308
0.01208 0.01919
0.02296 0.02403
0.01389 0.02246
0.01576 0.02134
0.01630 0.01992
0.01294 0.01895
0.01257 0.01953
0.01382 0.02298
0.01156 0.01757
0.03088 0.02051
0.01251 0.02336
0.01244 0.01946
0.01908 0.02924
0.01254 0.02338
0.01769 0.01886
0.01381 0.02287
0.01470 0.02311
0.01356 0.02656
0.01447 0.01900
0.01414 0.02289
0.01396 0.02387
0.01252 0.02853
0.01418 0.02230
0.01311 0.02294
0.01429 0.02497
0.01350 0.02410
0.01434 0.01974
0.01355 0.02254
0.01241 0.02004
0.01360 0.02363
0.01274 0.02197
0.01203 0.02045
0.01383 0.01929
0.01304 0.02242
0.01257 0.01659
0.01273 0.02028
0.01481 0.02451
0.01320 0.01989
0.01244 0.02407
0.01407 0.02247
0.01146 0.01692
0.01391 0.02166
0.01217 0.01814
0.01190 0.01835
0.01548 0.01905
0.01298 0.01752
0.01225 0.01855
0.01250 0.01865
0.01231 0.02209
0.01686 0.02061
0.01341 0.01913
0.01275 0.01973
0.01458 0.02252
0.01761 0.02574
0.01429 0.02687
0.01381 0.02416
0.01268 0.02059
0.01362 0.02368
0.01358 0.02298
0.01413 0.02319
0.01357 0.02333
0.01323 0.02228
0.01203 0.02063
0.01431 0.02846
0.01410 0.02273
0.02243 0.02784
0.02279 0.02037
0.01208 0.01911
0.01216 0.02189
0.01369 0.02245
0.01180 0.02123
0.01389 0.02430
0.01197 0.01775
0.01375 0.02433
0.01321 0.02184
0.01428 0.02189
0.01443 0.02338
0.01231 0.01825
0.02119 0.01960
0.01522 0.02467
0.01454 0.02886
0.01295 0.02129
0.01907 0.02378
0.01285 0.02168
0.01233 0.01910
0.01406 0.02338
0.01210 0.01999
0.01822 0.02756
0.01346 0.02254
0.01308 0.02297
0.01259 0.01936
0.02104 0.02112
0.01401 0.02163
0.01248 0.01875
0.01419 0.02401
0.01196 0.02149
0.01235 0.02138
0.01353 0.02487
0.01194 0.02183
0.01513 0.02093
0.01281 0.01919
0.01435 0.01904
0.01440 0.02862
0.01204 0.01920
0.01494 0.01790
0.01124 0.01765
0.01246 0.01867
0.01235 0.01885
0.01340 0.01923
0.01606 0.02090
0.01872 0.02120
0.01324 0.02234
0.01235 0.01954
0.01394 0.02270
0.01271 0.01964
0.01487 0.02558
0.01355 0.02202
0.01343 0.01836
0.01345 0.01855
0.01455 0.01838
0.01487 0.02602
0.01241 0.01859
0.01317 0.02278
0.01855 0.01998
0.01279 0.01879
0.01335 0.01774
0.01214 0.01769
0.01238 0.01960
0.01946 0.02437
0.01395 0.02370
0.03069 0.02445
0.01430 0.01982
