5988 8036 10.63461 2.17040 0.48390 2.44809 9 1 3 9 6 101 100.00000 0
1414 5052 10.33247 0.36931 0.17597 0.61038 27 17 5 25 16 212 100.00000 0
5077 6904 10.86195 3.00305 1.80211 7.11610 7 0 0 4 3 185 100.00000 0
5152 6832 10.06994 3.13832 0.84200 2.33213 17 2 4 7 7 181 100.00000 0
1383 4966 10.28066 0.07490 0.34742 0.27836 17 7 4 9 9 202 100.00000 0
283 8736 11.53186 0.06029 0.42374 0.34035 13 5 5 7 6 187 100.00000 0
1444 5046 10.90901 0.33415 0.65984 1.26176 13 4 0 11 6 222 100.00000 0
5416 6686 11.19655 2.12976 1.20233 0.95080 8 0 0 5 2 61 100.00000 0
568 3789 11.33644 0.02823 0.40358 1.84716 17 10 3 15 6 170 100.00000 0
551 3799 10.99034 0.03162 0.63149 1.19223 15 7 1 13 9 138 100.00000 0
1481 5085 11.31140 0.16682 0.33231 0.77481 44 27 8 40 27 387 100.00000 0
6308 7718 11.32889 3.08737 1.00319 1.71578 10 0 0 10 4 170 100.00000 0
4678 7207 11.63310 2.48294 1.58518 2.00115 17 0 0 15 5 271 100.00000 0
4737 7202 11.02315 2.65492 1.40489 0.34035 15 0 0 7 7 200 100.00000 0
1378 4993 10.70005 0.01567 0.61365 0.65730 38 7 4 34 21 267 100.00000 0
1082 4433 11.63277 0.06594 0.15823 1.17036 19 11 2 14 12 310 100.00000 0
342 8893 11.77738 0.01828 0.35449 1.58387 8 0 0 6 4 118 100.00000 0
5111 6866 10.18816 3.12082 1.81154 1.90701 21 0 0 19 5 211 100.00000 0
3300 8461 11.51975 0.00966 0.29937 0.77076 18 12 2 16 11 231 100.00000 0
570 3792 10.40776 0.02981 0.51981 1.77012 18 6 7 16 7 217 100.00000 0
797 4017 10.74661 0.01164 0.75423 1.21047 14 4 2 11 9 168 100.00000 0
5390 6681 11.48172 2.06655 1.33860 1.54053 10 0 0 4 5 71 100.00000 0
1587 5217 10.75116 0.01148 0.50309 0.92704 20 4 8 16 9 300 100.00000 0
3625 8929 10.11312 0.03816 0.48026 1.95585 19 3 4 10 10 188 100.00000 0
1326 7027 10.51857 2.99876 1.89274 2.18946 30 0 0 25 15 466 100.00000 0
336 8867 11.13984 0.02555 0.47676 1.43504 9 4 1 9 6 105 100.00000 0
1414 5015 11.07950 0.08558 0.19488 0.90655 15 4 2 10 6 169 100.00000 0
737 3942 10.32301 0.84648 0.91205 2.17547 14 1 1 8 7 216 100.00000 0
1482 6872 10.04486 3.12266 1.40102 1.45911 18 1 0 18 10 290 100.00000 0
6142 7877 11.44315 3.13854 1.18678 1.40081 26 0 0 16 9 510 100.00000 0
1100 4418 10.65491 0.05900 0.36027 0.95940 34 23 6 30 23 448 100.00000 0
1495 5102 10.99809 0.02144 0.32498 1.34901 30 18 2 16 18 320 100.00000 0
941 4172 10.52709 0.02551 0.41720 1.33998 23 12 3 20 13 192 100.00000 0
504 3733 10.98126 0.01194 1.60059 1.64782 8 2 3 6 2 83 100.00000 0
1522 5132 11.52055 0.00711 0.95739 2.93625 12 1 1 6 5 167 100.00000 0
1449 6912 11.35509 2.89181 0.79461 2.07528 18 4 1 18 7 196 100.00000 0
3223 8324 11.32034 0.02473 0.40418 1.16533 19 9 2 17 9 162 100.00000 0
2934 5949 10.19149 0.03884 0.56698 2.24559 5 2 1 2 3 109 100.00000 0
4736 7121 10.95820 3.11465 1.35345 1.01722 19 0 0 5 4 302 100.00000 0
1012 4325 10.68182 0.02837 0.15272 1.45670 16 6 6 16 6 222 100.00000 0
5084 6894 10.58147 3.04418 1.57881 2.26607 13 0 0 11 6 185 100.00000 0
1364 4931 11.87389 0.01883 0.44256 0.93962 31 12 2 17 12 415 100.00000 0
546 3770 11.35102 0.04734 0.66288 2.73581 18 1 0 7 8 186 100.00000 0
1637 6693 11.63501 2.20014 0.89865 0.97197 11 2 0 9 6 92 100.00000 0
3168 8276 11.53381 0.07247 0.53543 0.82803 12 4 4 8 6 165 100.00000 0
1143 4551 10.01507 0.07036 0.45527 1.11487 44 12 9 41 18 569 100.00000 0
3280 8398 11.13507 0.37005 0.44668 0.97839 10 5 2 5 4 103 100.00000 0
102 3428 11.50927 0.05388 0.33723 0.50280 15 8 4 15 10 142 100.00000 0
5010 6968 11.29138 2.95108 0.23695 3.77647 8 1 0 6 3 109 100.00000 0
1213 7223 11.34054 1.90211 1.38524 1.10783 13 1 0 13 7 204 100.00000 0
5048 6896 11.73193 2.63804 0.71183 3.80570 28 1 0 18 9 180 100.00000 0
243 8697 10.88567 0.03663 0.47847 2.10189 15 9 3 15 11 141 100.00000 0
4691 7164 11.27247 3.02844 1.47756 1.79972 30 0 0 20 6 476 100.00000 0
880 4105 11.93766 0.04189 0.94753 4.73706 8 4 0 4 5 141 100.00000 0
