115 1547 10.74453 1.81495 0.25704 4.34965 51 37 9 49 27
2449 3377 11.51103 1.06393 0.16949 2.54684 79 53 21 79 35
371 2423 11.23183 1.47320 0.19001 1.70731 62 49 11 62 36
578 3561 10.68366 1.14106 0.04361 1.48068 140 116 21 140 85
525 3499 10.48394 0.06692 0.07355 0.66441 102 79 16 95 69
2334 3288 10.21449 0.60180 0.07099 1.72805 126 97 23 124 69
391 2423 11.78355 1.43327 0.24017 3.25113 84 53 17 82 34
1403 3556 10.73074 2.22336 0.12585 0.80406 147 119 20 145 109
15 4449 11.54991 0.30032 0.27056 0.91086 54 39 11 50 30
591 1415 10.97019 3.09723 0.21381 0.58081 59 41 15 59 36
595 1404 10.35491 2.30808 0.29865 1.17370 126 96 25 124 85
444 3427 10.04481 0.90278 0.09116 1.11733 140 126 13 138 100
523 3550 11.45851 1.08776 0.17860 2.45957 98 75 17 96 64
595 1405 10.42108 2.35133 0.31804 1.15352 125 99 21 122 89
1386 3550 10.00667 2.22747 0.07621 1.38847 122 104 14 120 87
2335 3263 10.68921 1.68586 0.93466 2.78235 119 83 30 119 44
572 1420 10.90436 1.95009 0.17184 1.60083 49 38 10 49 28
410 3398 10.06667 0.08351 0.12158 2.62674 104 78 20 104 63
595 1408 10.75489 2.49652 0.11572 0.54823 110 88 14 108 71
858 3768 10.49101 0.04389 0.23644 2.18319 92 74 17 92 50
571 1421 11.45938 1.88885 0.30695 1.55671 29 20 5 21 13
547 3502 10.88783 0.11507 0.35445 1.37459 116 94 11 114 57
413 3441 10.15621 1.24783 0.41072 4.50963 70 39 25 68 27
83 4512 11.02520 0.03714 0.12966 0.89175 102 86 11 100 76
551 3501 11.73357 0.11499 0.43019 1.35768 103 86 10 99 46
158 1616 11.69931 0.12112 0.10178 0.53522 59 43 16 59 34
754 3668 10.93412 1.51079 0.48863 2.04335 86 54 22 82 38
532 3553 10.10113 1.22467 0.06535 2.19998 95 74 19 95 63
556 1407 11.72521 2.51256 0.16154 1.31284 81 62 15 77 51
428 2456 10.19883 1.06349 0.65412 4.83416 71 54 9 61 28
2464 3402 11.17440 0.09188 0.36357 2.37899 68 51 9 68 38
544 3557 11.21174 1.41059 0.11384 1.62967 91 71 17 88 56
2455 3388 11.07632 0.61450 0.19598 2.70718 93 74 13 91 53
5 4431 10.81164 0.89906 0.17690 2.75022 117 92 20 117 54
447 3464 11.48221 0.02016 0.15938 1.27503 114 75 17 111 69
1540 4534 11.82773 3.13185 0.03969 3.91787 90 70 14 90 40
395 3377 11.00395 1.18611 0.15688 2.80128 87 60 20 85 33
717 3679 11.35865 0.62154 1.19118 2.78418 90 57 27 88 27
2328 3273 10.71687 1.61371 0.12951 3.01350 103 69 30 99 41
428 3408 11.76796 1.05132 0.20794 4.25772 53 30 15 48 26
378 3364 11.72483 1.59149 0.12409 1.77696 89 72 13 84 63
786 3713 10.60311 0.03818 0.06103 0.83930 96 76 12 90 61
749 3662 11.42045 1.29293 0.49703 2.58043 54 40 10 52 12
417 3446 11.29783 1.13541 0.34100 2.15921 78 66 8 76 39
2466 3407 10.19850 0.06239 0.10504 3.49413 87 76 11 87 33
92 1565 10.98516 1.94637 0.17245 1.26362 99 88 6 95 76
958 3841 10.50947 1.13182 0.17444 0.39958 106 82 11 106 74
915 3836 10.34230 0.02788 0.13444 0.74808 68 51 6 61 44
666 3624 11.09642 0.00355 0.02039 0.17694 96 85 9 93 73
1416 3551 11.15230 3.09194 0.14246 0.47806 62 45 11 58 36
562 1406 11.63728 2.56523 0.33185 1.35451 84 70 10 82 64
678 3616 11.85252 0.00666 0.28732 0.55249 31 20 8 31 21
419 2452 10.01915 0.50459 0.10499 1.50402 126 107 11 122 81
877 3784 11.97781 0.06473 0.20128 0.66500 167 150 12 167 127
751 3666 10.34155 1.39535 0.47267 2.69646 73 55 15 71 33
391 3369 11.88995 1.48783 0.09803 3.13250 86 60 23 83 33
516 580 11.61045 0.55335 0.18074 2.11526 53 27 18 53 27
475 3464 11.97015 0.01877 0.16807 0.41117 100 82 15 100 68
148 1576 11.63775 0.08388 0.17722 1.88720 78 45 19 72 49
1408 3554 10.14746 2.55443 0.12467 0.31652 136 109 23 132 99
667 3607 11.56704 0.01346 0.24172 0.72900 63 55 6 63 46
131 4532 10.50841 1.54555 0.22418 0.78833 124 76 10 118 92
405 3389 11.91620 0.55190 0.27517 3.44776 97 70 15 95 47
125 4540 10.85627 1.44683 0.19289 1.86425 117 79 17 115 65
684 3621 11.86790 0.01961 0.27932 1.11241 23 12 9 23 13
102 4520 11.13582 0.32612 0.36800 1.00911 69 52 12 67 42
2432 3403 10.70970 0.94258 0.31392 2.58589 94 80 11 94 49
511 3528 11.00628 0.18681 0.34400 1.58066 94 67 21 92 57
826 3745 11.94841 0.05989 0.07762 0.75329 52 39 10 52 34
471 3461 11.28026 0.02688 0.14551 0.93503 82 64 11 80 52
194 1619 11.49547 0.08180 0.21911 0.07402 130 104 14 128 94
541 3503 10.04788 0.11372 0.20571 1.21820 101 80 8 95 60
18 4453 11.70835 0.16095 0.15082 1.29664 61 45 11 57 42
1399 3532 11.38021 2.97869 0.17102 0.74072 82 63 11 78 56
772 3695 11.96207 0.07969 0.07065 1.96921 111 79 26 111 73
576 1389 11.68375 3.02322 0.15624 0.49019 95 71 20 93 62
518 3542 10.83686 0.61577 0.21255 1.97536 93 68 20 91 46
2439 3364 11.02399 0.96576 0.91792 3.43148 51 31 12 49 17
412 3442 10.95368 1.31661 0.35516 4.77487 66 29 16 64 36
569 1407 10.30924 2.58635 0.27200 1.71463 101 87 12 101 76
439 3459 11.71112 0.04273 0.15425 0.70443 97 72 19 93 51
874 3782 11.16013 0.05782 0.12063 0.39267 180 138 29 176 122
132 4537 11.66718 1.54946 0.43440 2.05061 116 63 13 112 67
597 1402 11.24369 2.15792 0.31179 1.31581 103 87 13 101 75
2452 3428 11.20538 0.70663 0.23038 3.08451 79 61 10 75 40
425 2479 11.64363 0.88348 0.75649 5.82780 56 36 15 52 15
1388 3542 10.64649 2.75023 0.07935 1.49384 120 100 16 117 83
492 3499 10.18538 0.04577 0.17938 2.44200 95 72 15 95 53
659 3601 10.89804 0.02354 0.03692 1.33413 71 50 15 57 38
2379 3312 11.17297 0.02863 0.12905 0.49258 120 84 25 115 69
219 1633 10.33262 1.44979 0.10314 0.58884 119 110 6 115 96
582 1383 11.27619 2.64342 0.20190 2.06355 133 114 15 131 79
2388 3344 11.19975 0.02217 0.25075 1.26610 118 96 9 118 72
1410 3527 10.31118 2.41201 0.20524 1.85076 115 96 15 111 79
737 3657 10.15225 0.52011 0.20192 2.07641 106 73 22 100 76
2469 3445 11.11509 1.54966 0.71056 6.17197 28 11 9 24 10
429 2479 11.43009 1.10903 1.05471 4.96767 43 29 10 37 15
7 4432 11.96482 0.87808 0.19336 2.36298 99 75 20 99 63
381 3364 11.64073 1.58401 0.36924 1.64259 68 46 17 64 32
149 1578 11.24811 0.07916 0.20249 1.71692 113 78 23 108 57
213 1630 10.02511 1.19971 0.15908 0.36691 109 98 6 109 89
681 3636 10.07453 0.02479 0.13270 1.36773 113 89 16 110 72
727 3693 11.66185 1.53192 1.20448 2.68219 79 57 16 79 30
564 3557 10.75864 1.39588 0.11531 1.53033 87 69 14 83 50
1398 3535 10.94358 3.08101 0.10988 0.91343 107 90 12 103 70
213 1649 11.10205 1.46747 0.16208 1.33589 121 101 16 114 86
510 565 11.20023 0.14017 0.51499 2.15921 75 49 9 71 41
421 3447 10.49148 0.91149 0.08949 0.80746 99 77 11 97 71
542 595 10.21960 1.32607 0.12275 1.81661 142 123 15 142 88
509 563 11.52826 0.13012 0.65157 2.06564 81 63 12 79 49
598 3532 10.25474 1.26658 0.19759 1.89176 170 136 31 170 106
740 3700 10.65723 1.01638 0.10534 1.04268 162 141 20 160 119
2449 3380 10.40104 0.92095 0.19381 2.10357 112 93 16 112 51
736 3656 10.57821 0.46328 0.51385 1.67281 130 99 25 130 77
702 3658 11.19489 0.03453 0.11151 0.39762 114 96 11 110 80
405 2442 10.16858 0.40647 0.09080 2.97664 135 123 9 133 78
2436 3360 11.51892 0.82616 0.09058 1.64711 135 119 12 135 69
2447 3373 11.76464 1.16633 0.89996 2.33230 83 65 12 79 34
515 576 10.93095 0.36941 0.21458 2.32271 118 96 10 118 56
521 586 11.14252 0.89090 0.20070 2.32170 58 39 10 58 30
714 3644 11.58707 0.01470 0.12189 0.41022 100 84 13 98 77
125 1551 10.88796 1.29487 0.23628 1.83696 71 53 7 71 35
2359 3280 11.60974 0.91132 0.49907 1.89176 75 65 8 73 29
593 3518 10.65518 1.28173 0.19090 2.87766 68 50 15 68 32
546 3557 11.21914 1.41025 0.05771 1.61568 67 42 22 67 41
97 1552 11.90716 2.58595 0.23938 2.45957 36 31 4 34 16
90 1564 11.94260 2.02168 0.29133 1.13021 93 74 10 87 64
392 2424 11.74396 1.40119 1.02367 3.20369 94 69 22 92 43
601 3538 10.76442 1.13034 0.21348 1.21273 129 111 13 129 101
945 3855 10.68365 0.34359 0.25290 0.53449 85 66 17 83 56
503 3487 10.36291 0.04223 0.11894 2.05938 96 76 16 94 59
405 3433 10.01999 1.05772 0.12976 5.01634 42 25 6 42 26
2342 3260 11.49206 1.57446 0.10789 3.02737 97 69 20 93 44
2473 3443 10.71559 1.51622 0.34592 5.10584 32 19 9 30 8
396 2431 10.60505 1.07662 0.17118 2.95022 104 83 9 102 45
800 3726 10.08626 0.02419 0.06571 0.33338 110 85 15 106 74
741 3657 11.69153 0.75466 0.58752 2.87126 61 43 5 61 25
603 3541 11.22881 1.01205 0.32590 1.81575 134 106 19 134 101
564 1409 10.85084 2.42396 0.25849 1.65777 79 70 6 79 56
106 4540 10.55858 0.55062 0.18227 1.52521 127 101 19 127 74
551 1411 11.18623 2.29926 0.13343 1.59201 74 62 6 70 56
91 1562 11.53892 2.13203 0.21217 1.44212 125 108 15 123 81
400 3383 11.69340 0.89346 0.19704 2.97045 87 64 15 85 48
539 1417 11.51541 1.94865 0.06306 1.71737 42 33 7 42 27
818 3739 11.86804 0.05403 0.17322 0.77682 37 22 9 33 19
1578 4537 11.65490 1.63819 0.41910 1.63925 100 76 16 95 54
741 3702 11.61325 0.95157 0.11665 1.06386 181 159 20 175 132
743 3701 10.10380 0.82626 0.35780 1.67795 160 125 32 160 98
495 3480 11.73798 0.02048 0.12602 0.39958 93 74 15 93 65
26 4463 11.34854 0.02353 0.11032 0.82803 65 47 12 61 32
588 1378 11.81548 2.20251 0.08942 1.07009 119 106 10 117 79
566 1403 11.69155 2.72289 0.56251 1.37658 28 19 0 26 13
698 3653 10.73586 0.02149 0.06834 0.27411 93 79 10 89 69
2432 3404 11.20678 0.95801 0.43931 2.67532 88 71 7 88 47
590 1382 10.80670 2.13124 0.09326 1.54104 152 123 19 150 104
595 3519 11.19941 1.36407 0.10165 2.78643 104 81 14 102 52
12 4445 11.12199 0.44621 0.18508 0.77481 119 88 20 117 73
619 3565 10.61115 0.01832 0.28132 0.96672 103 71 27 99 65
1385 3554 10.85013 1.97478 0.07689 1.07883 138 116 16 129 106
621 3587 10.80721 0.01343 0.12169 0.15826 62 47 9 62 43
1575 4529 10.71214 1.66072 0.47030 1.38818 168 148 16 168 101
719 3681 10.97407 0.77446 0.87228 2.92717 79 62 12 77 41
1418 3522 11.60818 1.88990 0.29454 1.99272 63 53 5 59 39
919 3839 10.00787 0.03057 0.12294 0.95368 131 122 5 131 99
708 3665 10.80542 0.01654 0.16546 0.61038 244 206 35 244 191
600 3536 10.63680 1.19250 0.46463 1.70387 110 97 11 110 76
552 1416 11.26247 2.00088 0.08747 1.89217 31 21 4 28 18
1390 3540 10.87568 2.87580 0.19515 1.01799 93 80 11 93 67
221 1636 10.07077 1.52997 0.09563 0.80600 91 62 24 84 51
546 3502 10.88827 0.11496 0.27384 1.30925 97 77 7 86 52
523 588 10.95953 1.01092 0.31051 2.38721 130 96 30 128 77
650 3611 10.98224 0.02716 0.07339 1.40193 53 44 7 47 32
565 1420 11.70149 1.83120 0.27215 1.90002 29 24 1 27 13
582 3562 10.30517 0.93559 0.35341 2.10617 128 110 16 124 74
792 3718 11.26078 0.01629 0.14892 0.70665 78 59 9 74 50
567 1414 10.14103 2.16253 0.11969 2.23178 112 99 10 107 66
370 2439 11.62313 0.64640 0.23180 1.33178 111 86 18 111 67
1558 4527 10.29856 2.35834 0.20072 1.76325 100 77 20 100 37
478 3488 10.80364 0.01575 0.15290 0.64407 95 78 14 89 68
835 3775 10.17397 0.07998 0.27220 1.57768 119 103 15 119 67
535 3556 11.07096 1.37410 0.13764 1.63351 97 72 18 97 66
1402 3527 11.84386 2.78534 0.23176 1.21756 61 45 6 55 38
1420 3539 10.52194 2.19549 0.15505 0.81469 97 79 8 93 67
508 558 11.79446 0.12236 0.47925 1.55091 107 83 14 98 40
513 3531 10.48913 0.23966 0.27039 1.45535 115 88 18 109 67
539 3502 10.76934 0.11422 0.41229 1.25741 118 92 14 110 49
514 577 11.75332 0.41583 0.48683 2.42334 78 64 7 76 47
558 3501 11.84659 0.11612 0.49166 1.48622 114 72 21 110 42
377 3366 10.89388 1.57292 0.09211 2.40778 49 36 5 43 25
560 1417 11.27358 1.95091 0.19559 1.97516 42 31 6 39 24
464 3455 10.16057 0.01633 0.06349 0.90525 138 112 18 136 101
501 3509 10.82882 0.02260 0.07742 0.79623 95 75 12 87 61
1403 3534 10.20601 2.89883 0.11249 1.04568 114 93 13 105 77
106 1579 10.98190 1.08515 0.13432 1.26918 149 109 24 141 102
2455 3432 10.65047 1.00399 0.23673 4.49954 112 91 16 106 46
533 3500 11.83555 0.10438 0.13139 0.94212 110 85 19 108 62
41 4479 10.39581 0.02173 0.17634 0.48939 105 74 20 101 70
964 3856 10.91288 1.47447 0.28518 1.21563 103 70 22 101 49
100 4538 10.44230 0.21965 0.10939 1.06716 85 60 20 83 52
557 3557 11.15820 1.40951 0.02976 1.52316 66 49 15 66 38
