2608 2879 10.34603 0.00507 7.31185 0.28939 34 0 0 30 26 131 100.00000 0
2621 3421 10.49943 0.00616 5.72902 3.45082 14 0 0 6 5 108 100.00000 0
2622 3287 10.50040 0.00555 6.53364 1.02946 8 0 0 8 4 67 100.00000 0
2903 7301 11.21096 0.01277 9.55684 0.72739 7 0 0 5 4 78 100.00000 0
2593 2678 11.01334 0.00400 13.50907 0.57267 14 0 0 9 6 102 100.00000 0
2623 3175 10.14935 0.00507 9.84585 10.44401 8 0 0 5 5 89 100.00000 0
2616 3023 11.40075 0.00559 11.30337 13.73907 12 0 0 7 4 92 100.00000 0
2611 2943 11.75371 0.00569 6.13711 0.29739 25 0 0 17 15 134 100.00000 0
3452 7324 10.46743 0.00854 8.77899 0.48537 4 0 0 2 2 69 100.00000 0
2622 3111 10.50040 0.00555 25.49857 0.31898 13 2 0 7 4 67 100.00000 0
2963 7302 10.35164 0.01278 11.93812 0.72847 7 0 0 3 3 69 100.00000 0
2624 3429 10.14860 0.00533 8.66833 0.45111 12 0 0 8 5 123 100.00000 0
3339 3534 11.89772 0.00899 14.64014 0.51282 7 0 0 3 4 74 100.00000 0
3133 3530 10.10154 0.00994 3.47627 0.56371 6 0 0 0 0 55 100.00000 0
2790 3512 10.84755 0.00766 14.00684 0.44235 12 0 0 12 7 91 100.00000 0
2609 2902 11.90940 0.00507 7.42576 2.02796 16 0 0 8 8 95 100.00000 0
2592 2797 11.55707 0.00483 17.93248 2.07264 11 0 0 9 6 123 100.00000 0
2789 3515 11.35806 0.00770 7.47647 3.35112 10 0 0 4 5 80 100.00000 0
3007 7303 10.00207 0.01284 8.03890 0.73701 8 0 0 4 4 51 100.00000 0
2622 3435 10.50040 0.00555 7.04850 0.68414 20 0 0 18 9 113 100.00000 0
1124 5901 11.51007 0.01466 10.74797 0.99229 9 0 0 7 4 23 100.00000 0
3268 3530 10.10154 0.00994 4.62933 0.56371 5 0 0 3 2 67 100.00000 0
3328 3533 11.35089 0.00962 4.48182 7.10412 6 0 0 0 1 66 100.00000 0
2594 2728 10.85770 0.00365 11.25051 3.52226 13 0 0 8 7 100 100.00000 0
2617 3356 11.39920 0.00640 6.47142 1.04493 11 0 0 9 4 97 100.00000 0
3363 3531 10.64505 0.01036 10.32259 1.19091 9 0 0 6 5 65 100.00000 0
2773 7297 10.00458 0.00907 9.77692 0.52786 9 0 0 7 3 74 100.00000 0
2616 7313 11.35910 0.00582 10.80928 2.51591 12 0 0 8 9 86 100.00000 0
2619 3027 11.04744 0.00711 10.72148 11.82945 13 0 0 13 7 84 100.00000 0
976 5735 11.25070 0.00908 4.61913 1.49593 5 1 1 1 2 72 100.00000 0
2713 7296 11.05562 0.00871 14.33061 1.13229 11 0 0 11 6 93 100.00000 0
2623 3132 10.14935 0.00507 6.61546 0.27976 18 0 0 9 6 99 100.00000 0
2661 3510 10.29797 0.00829 11.93360 2.42592 18 0 0 14 6 80 100.00000 0
2645 3509 11.35484 0.00789 12.93298 4.49623 10 0 0 8 4 90 100.00000 0
2625 3058 10.14779 0.00580 7.08959 5.84124 17 0 0 17 7 102 100.00000 0
2614 3436 11.94936 0.00614 10.98355 1.08787 14 0 0 14 10 140 100.00000 0
5685 9843 11.94565 0.55264 36.80117 166.80061 5 0 0 2 2 33 100.00000 0
2616 3340 11.40075 0.00559 7.70702 0.99623 16 0 0 14 12 130 100.00000 0
2653 3516 11.90222 0.00796 9.23307 1.55369 19 0 0 19 11 121 100.00000 0
2596 2788 10.30982 0.00316 10.38458 0.16551 15 0 0 15 11 101 100.00000 0
2614 3299 11.94936 0.00614 12.56764 0.35936 17 0 0 5 5 145 100.00000 0
2615 3235 11.75153 0.00590 14.27954 1.56473 14 0 0 12 9 89 100.00000 0
2724 3511 10.65191 0.00813 19.98155 0.47147 6 1 0 4 3 67 100.00000 0
2594 2837 10.85512 0.00362 13.46920 0.19383 7 0 0 2 3 63 100.00000 0
2614 3337 11.94936 0.00614 11.39537 1.67631 13 0 0 13 6 127 100.00000 0
3136 7324 10.46316 0.00917 8.44349 18.83603 6 0 0 0 2 63 100.00000 0
2624 3473 10.84936 0.00578 10.36271 2.37339 7 0 0 5 5 102 100.00000 0
2743 7318 11.52442 0.01092 4.83342 1.08065 10 0 0 7 4 75 100.00000 0
2624 3368 10.14860 0.00533 7.26277 0.42796 11 0 0 7 6 93 100.00000 0
3242 7302 11.25182 0.01280 14.51185 0.50745 11 0 0 11 7 89 100.00000 0
2601 2870 11.36221 0.00478 10.50288 0.35388 14 0 0 7 7 108 100.00000 0
2659 3509 10.10594 0.00837 12.11379 6.71936 31 0 0 15 12 106 100.00000 0
2703 3516 11.55116 0.00778 9.35895 1.16062 11 0 0 9 8 90 100.00000 0
2623 3333 10.14935 0.00507 8.16928 0.38052 15 0 0 13 9 84 100.00000 0
2618 3012 11.04822 0.00697 4.10581 1.49776 23 0 0 15 14 138 100.00000 0
2625 3160 10.14779 0.00580 16.51960 44.00498 14 1 1 7 0 89 100.00000 0
2900 7302 10.00040 0.01261 4.54076 0.72524 5 0 0 2 3 55 100.00000 0
2624 3036 10.14860 0.00533 26.32246 0.31404 26 4 0 5 12 119 100.00000 0
2903 7323 10.49989 0.00929 9.11844 0.58081 14 0 0 8 3 100 100.00000 0
2621 3239 10.49943 0.00616 9.45089 3.67099 23 0 0 14 12 131 100.00000 0
3178 3532 10.83988 0.01021 12.55434 11.95197 12 0 0 3 6 75 100.00000 0
3216 3533 11.35089 0.00962 9.73679 0.54823 9 1 0 4 3 62 100.00000 0
2994 3533 11.35089 0.00962 10.07601 0.54823 6 0 0 4 4 53 100.00000 0
2638 3499 10.65463 0.00639 14.17021 0.34035 11 0 0 11 6 90 100.00000 0
2623 3340 10.14935 0.00507 7.92468 1.73077 11 0 0 7 6 94 100.00000 0
2766 3513 11.19836 0.00769 7.49788 1.31045 9 0 0 7 6 115 100.00000 0
2591 2685 11.75304 0.00478 11.27530 6.68331 12 0 0 12 5 95 100.00000 0
2560 7291 10.46993 0.00755 12.63301 0.72632 12 0 0 10 6 97 100.00000 0
3221 3534 11.89772 0.00899 17.83059 0.50668 6 0 0 4 4 52 100.00000 0
2614 3319 11.94936 0.00614 8.23010 0.49099 9 0 0 9 6 93 100.00000 0
2608 2892 11.40058 0.00535 7.18387 0.32865 32 0 0 28 19 89 100.00000 0
2624 3305 10.14860 0.00533 9.21306 3.94913 10 0 0 7 5 71 100.00000 0
2919 3531 11.54145 0.01103 15.87651 0.62807 10 0 0 8 5 51 100.00000 0
3243 3533 11.35089 0.00962 5.99859 0.54823 4 0 0 1 1 44 100.00000 0
2614 2984 11.59824 0.00576 29.59307 0.32746 13 0 1 3 3 105 100.00000 0
2619 3348 11.04744 0.00711 5.57886 2.10375 11 0 0 11 4 111 100.00000 0
2616 3085 11.40075 0.00559 5.32736 179.23639 11 0 0 11 6 97 100.00000 0
2810 3509 10.10734 0.00786 6.43974 4.13687 12 0 0 4 4 98 100.00000 0
2623 3404 10.14935 0.00507 33.29526 0.28667 4 0 0 1 1 44 100.00000 0
3222 3530 10.10154 0.00994 9.31716 6.64145 4 0 0 1 2 38 100.00000 0
3247 3532 10.83988 0.01021 10.91951 0.73168 7 0 0 7 6 76 100.00000 0
1031 5795 10.01165 0.00736 7.18659 5.92440 9 0 0 5 5 77 100.00000 0
2765 7317 10.46484 0.01036 5.63389 7.24695 11 0 0 8 7 109 100.00000 0
2616 2995 11.40075 0.00559 26.51304 0.32626 13 1 0 6 6 129 100.00000 0
2592 2763 11.55707 0.00483 14.12845 0.26688 17 0 0 13 12 108 100.00000 0
2658 3514 11.35596 0.00808 14.63682 0.55813 25 0 0 21 13 127 100.00000 0
2628 3500 11.90141 0.00716 8.89239 1.82349 10 0 0 8 7 85 100.00000 0
2614 3292 11.94936 0.00614 11.52514 0.35936 11 0 0 4 5 98 100.00000 0
2856 3517 11.01213 0.00682 31.71955 0.38765 11 0 0 0 1 95 100.00000 0
2852 3514 10.11400 0.00600 6.50185 0.57198 23 0 0 13 15 110 100.00000 0
3200 3534 11.89772 0.00899 13.08293 19.38811 5 0 0 5 4 38 100.00000 0
3110 7325 11.33439 0.00879 13.38541 1.31403 5 0 0 2 1 61 100.00000 0
3469 3531 10.49128 0.00969 8.52360 0.62932 6 0 0 3 3 60 100.00000 0
1088 5881 10.68634 0.03785 11.65302 1.52367 20 0 0 18 11 315 100.00000 0
2614 3233 11.94936 0.00614 5.50042 2.54345 17 0 0 14 11 87 100.00000 0
3100 7303 10.00207 0.01284 2.03664 0.35277 10 2 2 5 1 46 100.00000 0
2811 7317 10.46484 0.01036 3.92058 4.21863 10 0 0 5 5 100 100.00000 0
2870 3520 10.14857 0.00631 5.84182 8.57863 8 0 0 4 5 94 100.00000 0
2886 7300 10.85581 0.01145 8.06364 0.36369 7 0 0 7 6 60 100.00000 0
3109 3531 10.64505 0.01036 17.65093 6.46496 4 0 0 1 3 36 100.00000 0
2832 3512 10.84966 0.00673 11.85353 17.62965 13 0 0 3 1 81 100.00000 0
3439 3533 11.35089 0.00962 5.27566 2.15595 4 0 0 1 2 45 100.00000 0
3209 7302 11.25182 0.01280 6.33129 0.72900 5 0 0 5 2 40 100.00000 0
2623 3197 10.14935 0.00507 28.17302 0.28667 20 1 2 10 8 112 100.00000 0
1130 5934 10.50945 0.01253 8.25973 0.71546 8 0 0 5 2 56 100.00000 0
3421 7302 11.25182 0.01280 9.94257 0.72900 4 0 0 1 1 43 100.00000 0
3394 3532 10.83988 0.01021 16.85917 0.58215 4 0 0 0 2 49 100.00000 0
2622 3118 10.50040 0.00555 6.87047 1.00405 12 0 0 6 6 112 100.00000 0
3111 3534 11.89772 0.00899 7.33003 3.82797 6 1 0 3 5 57 100.00000 0
2591 2673 11.75304 0.00478 14.08612 1.23575 16 0 0 11 10 125 100.00000 0
2615 2970 10.85053 0.00602 7.66119 0.35608 13 0 0 11 6 88 100.00000 0
2581 7302 11.00750 0.00849 21.96260 0.48537 9 1 0 7 1 63 100.00000 0
2621 3172 10.49943 0.00616 3.58873 1.43831 17 0 0 15 11 114 100.00000 0
2879 3527 11.70980 0.00873 12.38476 4.28880 9 0 0 2 2 70 100.00000 0
2621 3016 10.49943 0.00616 6.03288 0.35608 9 0 0 1 3 95 100.00000 0
2616 2925 10.50298 0.00519 5.85661 0.31153 10 0 0 4 5 71 100.00000 0
2871 7320 10.31260 0.00952 14.16149 0.55036 6 0 0 2 2 62 100.00000 0
2974 3530 10.64907 0.00932 25.64979 0.53449 7 0 0 7 6 80 100.00000 0
2621 3056 10.49943 0.00616 29.65748 0.35608 17 4 0 6 4 124 100.00000 0
2619 3341 11.04744 0.00711 29.09833 0.41022 10 2 2 8 5 96 100.00000 0
2611 2929 11.75371 0.00569 8.06168 1.88014 17 0 0 14 9 93 100.00000 0
3127 7302 11.25182 0.01280 17.17215 16.71096 5 0 0 3 2 52 100.00000 0
2854 3514 10.11459 0.00600 7.54716 21.95757 8 0 0 6 6 63 100.00000 0
2624 3230 10.14860 0.00533 7.22090 0.29871 24 0 0 17 13 124 100.00000 0
7397 7824 10.85805 0.01038 2.41168 4.87041 39 17 11 31 20 253 100.00000 0
2624 3270 10.14860 0.00533 7.35676 0.68070 13 0 0 9 6 104 100.00000 0
2620 3188 10.69699 0.00657 4.32195 0.39762 17 0 0 10 11 110 100.00000 0
5118 5582 11.74907 0.00718 9.07616 0.41684 12 2 1 9 6 150 100.00000 0
2625 3098 10.14779 0.00580 3.97245 9.16813 16 2 0 7 9 85 100.00000 0
2591 2643 10.50398 0.00498 11.37320 0.54321 13 0 0 8 5 125 100.00000 0
3359 7303 10.00207 0.01284 11.69747 1.10571 11 0 0 8 6 83 100.00000 0
3362 7324 10.46316 0.00917 6.94321 0.52414 10 0 0 10 5 80 100.00000 0
2623 3425 10.14935 0.00507 13.41856 0.35388 12 0 0 10 8 103 100.00000 0
990 5774 11.76288 0.00664 11.89278 1.13125 13 0 0 13 12 48 100.00000 0
2620 3391 10.69699 0.00657 9.40450 4.04719 19 0 0 9 8 122 100.00000 0
2620 3425 10.69699 0.00657 8.48935 1.27411 19 0 0 16 10 131 100.00000 0
3255 3530 10.10154 0.00994 11.92586 16.03264 9 0 0 4 5 93 100.00000 0
2860 7319 10.31426 0.01040 7.94386 0.80406 9 0 0 7 4 80 100.00000 0
3292 3533 11.35089 0.00962 8.44009 1.41222 8 0 0 4 4 58 100.00000 0
2925 3529 10.48889 0.01004 10.52056 179.51584 7 0 0 7 3 58 100.00000 0
2776 7317 10.46484 0.01036 4.37621 2.78080 11 0 0 11 7 112 100.00000 0
2765 3514 11.35736 0.00763 6.54956 1.35711 8 0 0 4 3 103 100.00000 0
2641 3500 10.46155 0.00608 11.91106 0.87357 7 0 0 7 3 62 100.00000 0
2624 3024 10.14860 0.00533 8.83282 5.51605 13 0 0 10 8 96 100.00000 0
2622 3105 10.50040 0.00555 8.05697 3.39811 12 0 0 5 5 75 100.00000 0
2835 7318 11.52700 0.01066 13.62479 2.64471 7 0 0 5 4 74 100.00000 0
3140 3533 11.35089 0.00962 4.94765 3.24992 6 0 0 2 2 58 100.00000 0
2753 3510 10.29935 0.00826 4.04819 0.92535 12 0 0 10 8 97 100.00000 0
2870 3521 10.50049 0.00644 30.12313 0.58884 9 0 0 9 2 62 100.00000 0
2612 2905 11.40448 0.00640 6.26490 1.04605 17 0 0 15 10 106 100.00000 0
2619 2973 10.49690 0.00752 6.95748 1.39942 10 0 0 7 9 72 100.00000 0
2659 3516 11.54981 0.00820 9.55806 0.66969 15 0 0 13 6 94 100.00000 0
580 5111 11.28856 0.00500 26.31804 0.29475 11 0 0 11 8 99 100.00000 0
912 5705 11.37826 0.72221 34.40132 41.37936 6 0 0 1 1 54 100.00000 0
3331 3531 10.64505 0.01036 16.13011 0.59149 4 0 0 1 3 38 100.00000 0
3171 7325 11.33439 0.00879 26.87569 0.50668 6 0 0 2 2 51 100.00000 0
2406 7152 10.21644 0.00297 8.23144 0.99662 11 0 0 11 9 94 100.00000 0
7395 7549 11.91205 0.01091 2.09552 0.41871 16 0 0 14 7 205 100.00000 0
2593 2722 11.01334 0.00400 12.56089 0.22381 22 0 0 17 7 118 100.00000 0
2617 3242 11.39920 0.00640 24.50684 0.94502 6 0 0 6 4 75 100.00000 0
2735 3514 11.35736 0.00763 5.98015 10.97594 11 0 0 6 6 110 100.00000 0
2622 3064 10.50040 0.00555 6.68742 2.82411 13 0 0 7 8 77 100.00000 0
2378 7125 11.65631 0.00805 10.63612 7.10628 9 0 0 2 4 100 100.00000 0
3027 7325 11.33439 0.00879 13.58875 0.43160 8 0 0 8 3 52 100.00000 0
2621 3455 10.49651 0.00678 14.66104 1.57321 10 0 0 8 6 84 100.00000 0
2978 7325 11.87847 0.00871 15.51038 14.98371 5 0 0 1 2 48 100.00000 0
2693 7317 10.46484 0.01036 5.10287 0.59872 9 0 0 9 5 104 100.00000 0
993 5777 11.75173 0.00655 11.42887 7.74598 7 0 0 5 6 58 100.00000 0
2613 2914 11.40238 0.00661 5.78763 0.40734 15 0 0 8 6 104 100.00000 0
2927 7323 10.30498 0.00920 9.03808 0.52934 7 2 1 7 5 70 100.00000 0
2617 3205 11.39920 0.00640 10.20000 1.47936 19 0 0 12 10 100 100.00000 0
2620 3440 10.69699 0.00657 7.68711 0.38155 9 0 0 9 4 76 100.00000 0
2833 3508 10.11014 0.00610 17.49969 0.36797 5 0 0 2 2 57 100.00000 0
3388 3530 10.10154 0.00994 11.62612 173.68751 5 0 0 2 3 35 100.00000 0
2624 3401 10.14860 0.00533 28.14411 0.31404 8 0 1 3 3 55 100.00000 0
2615 2918 10.85402 0.00557 6.22970 0.44057 11 0 0 3 4 96 100.00000 0
3445 3533 11.35089 0.00962 25.92208 57.77026 3 0 0 3 2 13 100.00000 0
2802 7297 10.00458 0.00907 11.37807 0.80842 11 0 0 11 4 123 100.00000 0
2614 2893 10.14868 0.00598 5.88276 3.03706 28 0 0 24 23 122 100.00000 0
2624 3152 10.14860 0.00533 26.28798 0.31404 23 3 0 4 6 113 100.00000 0
3452 7325 11.33867 0.00826 11.31210 17.78706 6 0 0 3 5 27 100.00000 0
3004 7325 11.33439 0.00879 23.76163 0.50668 5 0 0 0 0 60 100.00000 0
3359 3531 10.64505 0.01036 9.20081 0.59149 5 0 0 1 0 63 100.00000 0
2622 3283 10.50040 0.00555 8.80181 7.29299 13 0 0 9 7 99 100.00000 0
2594 2839 10.85518 0.00372 14.27557 13.73177 10 0 0 3 3 84 100.00000 0
2618 3164 11.04822 0.00697 7.59686 0.51129 11 0 0 11 10 88 100.00000 0
2617 3393 11.39920 0.00640 18.17598 178.88794 11 0 0 7 5 86 100.00000 0
2619 3112 11.04744 0.00711 14.12695 0.80406 8 0 0 8 6 53 100.00000 0
3063 7325 11.33439 0.00879 20.20881 0.50668 7 0 0 2 2 58 100.00000 0
2596 2855 11.55354 0.00448 12.75496 0.22381 25 0 0 21 12 127 100.00000 0
3343 3533 11.35089 0.00962 7.49778 0.54823 8 2 0 6 5 59 100.00000 0
2625 3391 10.14779 0.00580 12.70453 1.17636 23 0 0 23 17 122 100.00000 0
3321 7324 10.46316 0.00917 15.86614 3.97266 6 0 0 2 3 41 100.00000 0
2821 3512 10.84755 0.00766 5.70510 0.44850 6 0 0 6 4 67 100.00000 0
2597 2856 11.00747 0.00458 11.56905 0.96591 26 0 0 18 17 105 100.00000 0
2625 3236 10.14779 0.00580 11.59198 1.04268 26 0 0 26 15 132 100.00000 0
2618 3107 11.04822 0.00697 4.20505 1.17203 21 0 0 12 15 107 100.00000 0
3325 7302 11.25182 0.01280 21.18906 24.14322 10 0 0 4 4 100 100.00000 0
2445 7192 10.18759 0.01708 33.59337 0.97719 10 0 0 1 4 96 100.00000 0
2617 3221 11.39920 0.00640 7.20713 0.42521 14 0 0 9 7 110 100.00000 0
7395 7823 11.91205 0.01091 6.91940 14.10272 17 0 0 7 0 193 100.00000 0
1003 5785 10.25155 0.00411 11.18373 2.35950 11 0 0 11 8 54 100.00000 0
2619 3052 11.04744 0.00711 29.07490 0.41022 9 3 1 6 6 85 100.00000 0
2600 2861 11.00807 0.00510 13.19977 15.14737 24 0 0 16 15 121 100.00000 0
2616 3275 11.40075 0.00559 12.32347 11.24959 9 0 0 3 3 88 100.00000 0
2590 2644 10.85631 0.00403 16.43438 0.24066 7 0 0 3 3 72 100.00000 0
2616 3011 11.40075 0.00559 4.35425 3.55369 8 0 0 2 4 55 100.00000 0
2594 2753 10.85770 0.00365 24.98967 177.22314 9 0 0 7 7 108 100.00000 0
2619 3200 11.04744 0.00711 7.59699 16.64745 19 3 0 14 14 101 100.00000 0
2618 3165 11.04822 0.00697 11.07983 0.40056 19 0 0 12 7 111 100.00000 0
2615 3191 11.75153 0.00590 6.99000 0.50046 31 0 0 28 25 116 100.00000 0
3425 7324 10.46316 0.00917 6.92748 3.13812 5 0 0 5 3 68 100.00000 0
2620 3250 10.69699 0.00657 8.31358 3.60076 18 0 0 13 7 141 100.00000 0
2702 7317 10.46484 0.01036 3.72379 6.69937 15 0 0 11 9 106 100.00000 0
3176 3530 10.10154 0.00994 8.98688 179.80923 10 0 0 10 8 58 100.00000 0
2622 3098 10.50040 0.00555 8.38488 2.37471 15 0 0 12 8 116 100.00000 0
2621 3245 10.49943 0.00616 8.25222 7.37262 5 0 0 3 5 60 100.00000 0
2594 2820 10.85770 0.00365 9.84004 0.69942 11 0 0 7 7 93 100.00000 0
2598 2845 10.14928 0.00352 11.75877 1.15893 31 0 0 21 18 122 100.00000 0
2741 3508 10.10801 0.00721 15.38910 0.42613 12 0 0 7 4 106 100.00000 0
2617 3077 11.39920 0.00640 8.29338 4.45720 12 0 0 8 5 94 100.00000 0
2488 7235 11.10808 0.06018 19.78107 3.44878 5 0 0 3 1 51 100.00000 0
3147 7303 10.00207 0.01284 10.96259 0.73701 7 0 0 3 3 81 100.00000 0
2624 3146 10.14860 0.00533 27.38788 0.31404 20 8 0 7 9 135 100.00000 0
3201 3532 10.83988 0.01021 9.34087 0.58215 7 0 0 2 4 51 100.00000 0
2631 3483 10.46984 0.00473 3.71229 10.76479 12 0 4 5 5 66 100.00000 0
2891 7300 11.40538 0.01197 12.90667 0.63056 9 0 0 9 5 65 100.00000 0
2844 3514 11.00809 0.00635 14.92192 0.36262 12 0 0 3 3 112 100.00000 0
2564 7293 10.27584 0.00468 11.04950 5.20827 16 0 0 7 8 109 100.00000 0
3415 7324 10.46316 0.00917 7.35756 0.52414 7 2 0 7 5 49 100.00000 0
3381 7302 11.25182 0.01280 9.72348 2.76414 8 0 0 5 5 85 100.00000 0
2616 3274 11.40075 0.00559 7.95929 0.33338 8 0 0 6 3 73 100.00000 0
