0.08514 0.06979
0.07886 0.09641
0.09496 0.07846
0.10244 0.09563
0.05906 0.06166
0.08101 0.08760
0.05259 0.05688
0.06733 0.07952
0.09055 0.07367
0.06124 0.07743
0.07114 0.08279
0.05844 0.06996
0.04554 0.05028
0.04980 0.05359
0.06267 0.08069
0.10797 0.07204
0.07356 0.09690
0.06868 0.08733
0.05812 0.06603
0.05692 0.06001
0.09016 0.07344
0.07788 0.07102
0.08096 0.08009
0.09498 0.08056
0.07147 0.06587
0.05916 0.06514
0.06905 0.07880
0.05272 0.05686
0.07960 0.09287
0.06328 0.05299
0.10041 0.09362
0.08662 0.07513
0.06621 0.08768
0.11700 0.08583
0.07181 0.09279
0.08262 0.09108
0.09167 0.08154
0.04788 0.05058
0.06265 0.07516
0.06823 0.09127
0.06847 0.09138
0.06316 0.05292
0.06139 0.06984
0.06364 0.08005
0.08537 0.07450
0.06838 0.09279
0.06981 0.09185
0.07417 0.08398
0.06613 0.09152
0.06682 0.08920
0.08057 0.07177
0.08277 0.09215
0.08441 0.07657
0.04686 0.05486
0.06144 0.05308
0.06109 0.05120
0.09024 0.07533
0.06409 0.07516
0.07125 0.09372
0.05947 0.06769
0.07484 0.08918
0.06186 0.07280
0.05445 0.06509
0.07270 0.07317
0.08233 0.09109
0.06167 0.07958
0.07840 0.09282
0.10974 0.08290
0.10495 0.08001
0.05886 0.06648
0.09196 0.09500
0.08355 0.06602
0.07205 0.06829
0.09294 0.08743
0.07244 0.08500
0.06424 0.05419
0.07618 0.07149
0.05790 0.05172
0.08241 0.08729
0.07120 0.09024
0.08494 0.09678
0.07196 0.07221
0.07283 0.08643
0.05244 0.05811
0.08419 0.08510
0.05494 0.06321
0.08730 0.08573
0.08874 0.08405
0.07059 0.09112
0.08301 0.09172
0.09725 0.08219
0.10022 0.08015
0.05327 0.05543
0.04994 0.05180
0.10935 0.08048
0.06576 0.05589
0.07966 0.09206
0.09067 0.09148
0.06895 0.09173
0.04663 0.05023
0.09426 0.07947
0.10050 0.07929
0.08006 0.07226
0.10053 0.08516
0.06387 0.07998
0.08140 0.07978
0.06131 0.07361
0.05024 0.05135
0.09820 0.08681
0.06287 0.07679
0.05924 0.07171
0.07211 0.05530
0.06241 0.05652
0.08146 0.09683
0.10247 0.08578
0.07171 0.06898
0.07182 0.05901
0.06355 0.07883
0.06277 0.07958
0.05109 0.05380
0.08994 0.08478
0.08022 0.08775
0.10123 0.08651
0.08149 0.08114
0.04596 0.04712
0.10436 0.09504
0.07431 0.09043
0.06177 0.07627
0.06105 0.07414
0.05809 0.06774
0.09711 0.08244
0.07922 0.07284
0.08693 0.07709
0.05105 0.05421
0.07438 0.09377
0.06589 0.08101
0.08123 0.08102
0.06066 0.05415
0.04909 0.05076
0.07963 0.08091
0.08239 0.09175
0.06784 0.08705
0.07899 0.08314
0.05402 0.06148
0.06534 0.08896
0.05870 0.07244
0.06148 0.06046
0.06135 0.07411
0.06852 0.08175
0.06148 0.07842
0.08341 0.07711
0.07353 0.09047
0.10560 0.08345
0.07517 0.07408
0.10626 0.08192
0.08406 0.09214
0.06666 0.08858
0.07123 0.07353
0.08046 0.08041
0.09660 0.08458
0.04516 0.05041
0.08840 0.07641
0.07973 0.08237
0.08496 0.07919
0.07484 0.07630
0.06604 0.06579
0.07304 0.09373
0.09358 0.09356
0.07755 0.09548
0.08630 0.07344
0.06977 0.08249
0.10146 0.08314
0.06446 0.07701
0.05873 0.06837
0.05881 0.05949
0.07239 0.06727
0.10085 0.07600
0.06285 0.07729
0.08576 0.07636
0.07728 0.09592
0.07705 0.09306
0.08905 0.08169
0.09418 0.08249
0.08884 0.07772
0.07374 0.09477
0.08449 0.08400
0.06109 0.05455
0.09442 0.09581
0.04684 0.05142
0.05911 0.06836
0.07141 0.09096
0.10000 0.09150
0.08384 0.09065
0.07394 0.08991
0.04936 0.05162
0.11193 0.08631
0.08254 0.07162
0.07264 0.09372
0.05746 0.06167
0.06604 0.07924
