0.07274 0.09379 0.00553
0.07832 0.11364 0.01910
0.04249 0.07372 0.02503
0.04319 0.08063 0.01254
0.04334 0.06263 0.01819
0.04159 0.07816 0.00227
0.06475 0.10088 0.01301
0.06160 0.10322 0.00761
0.04085 0.06449 0.00777
0.09477 0.11612 0.01690
0.06040 0.08967 0.02718
0.06338 0.09881 0.01849
0.08833 0.12066 0.01913
0.04234 0.06731 0.02056
0.04242 0.06344 0.01700
0.04181 0.06295 0.02251
0.04098 0.07309 0.00416
0.04227 0.07552 0.01256
0.07738 0.09821 0.00974
0.06186 0.09336 0.01128
0.04345 0.04038 0.00274
0.04466 0.07622 0.01944
0.06693 0.10205 0.01484
0.09736 0.11981 0.01815
0.04716 0.07578 0.02015
0.06439 0.06579 0.01698
0.08104 0.11273 0.01870
0.06417 0.08207 0.00967
0.04213 0.07239 0.02214
0.04304 0.06415 0.02059
0.06108 0.09257 0.01074
0.06936 0.10726 0.00554
0.06663 0.10348 0.00210
0.05872 0.08080 0.00602
0.06453 0.09629 0.02112
0.06280 0.09160 0.00210
0.05854 0.09056 0.01340
0.06896 0.09141 0.00648
0.05909 0.09302 0.01863
0.06835 0.07436 0.02074
0.04272 0.06590 0.01648
0.07682 0.10795 0.00219
0.08329 0.09410 0.00290
0.07888 0.11109 0.00217
0.04847 0.06305 0.00732
0.04293 0.07786 0.00832
0.06100 0.07691 0.02310
0.04703 0.07125 0.00118
0.08033 0.08971 0.00115
0.07194 0.12673 0.00320
0.05890 0.09398 0.00143
0.07905 0.09337 0.01882
0.06406 0.10349 0.01924
0.04303 0.06385 0.01842
0.04166 0.06887 0.00535
0.06111 0.09562 0.00134
0.06283 0.09151 0.00990
0.05210 0.07505 0.00331
0.06523 0.09317 0.00180
0.05688 0.10184 0.01470
0.04251 0.06648 0.02212
0.05565 0.09749 0.00339
0.08280 0.11505 0.00148
0.07633 0.11678 0.01906
0.09102 0.11115 0.00661
0.09836 0.12308 0.01899
0.07527 0.11833 0.00189
0.04255 0.06676 0.02353
0.04049 0.06541 0.00746
0.06603 0.05757 0.01824
0.06894 0.09689 0.01891
0.07293 0.11033 0.01188
0.05784 0.07738 0.01885
0.04059 0.07741 0.01863
0.04237 0.07399 0.02529
0.07657 0.10834 0.00386
0.04047 0.06274 0.00530
0.07151 0.10626 0.00169
0.06641 0.09342 0.01859
0.06255 0.09113 0.01844
0.04347 0.06357 0.02054
0.06456 0.09831 0.00538
0.04404 0.06560 0.00980
0.04253 0.06341 0.02300
0.06687 0.09846 0.00111
0.05266 0.07622 0.00257
0.04629 0.07761 0.00887
0.07325 0.11333 0.01589
0.07366 0.07718 0.00425
0.05728 0.07540 0.00089
0.06802 0.08934 0.00106
0.05855 0.08954 0.01426
0.07860 0.11087 0.01901
0.04350 0.07601 0.01617
0.08130 0.12316 0.01857
0.05388 0.07721 0.00504
0.04083 0.07561 0.00153
0.05448 0.08272 0.00355
0.04196 0.06416 0.00649
0.04361 0.07558 0.00429
0.06257 0.05543 0.00729
0.06601 0.09978 0.01875
0.07207 0.09654 0.01724
0.05676 0.07477 0.01609
0.05814 0.07536 0.00721
0.05723 0.07445 0.01931
0.06342 0.09885 0.01855
0.05632 0.10371 0.01935
0.05863 0.09055 0.00201
0.07231 0.09861 0.02145
0.06552 0.09664 0.01856
0.05408 0.05793 0.00786
0.07933 0.11791 0.00186
0.06620 0.12469 0.01662
0.07606 0.10310 0.00460
0.04201 0.06642 0.02628
0.07975 0.12372 0.01418
0.07957 0.11872 0.01953
0.05690 0.07977 0.00181
0.05182 0.07755 0.02115
0.04255 0.06692 0.01764
0.09318 0.11982 0.00370
0.04522 0.07339 0.01898
0.04334 0.07585 0.02152
0.04127 0.07637 0.02079
0.05108 0.07473 0.02528
0.08039 0.10393 0.01978
0.04423 0.06588 0.02833
0.06466 0.09218 0.02168
0.06739 0.10638 0.01947
0.06592 0.10806 0.01198
0.06627 0.10405 0.00711
0.06121 0.09266 0.00092
0.07081 0.11434 0.00671
0.05967 0.09377 0.00127
0.07894 0.09232 0.00724
0.04573 0.06413 0.01431
0.08365 0.12282 0.01119
0.07460 0.08061 0.00973
0.05050 0.07625 0.00115
0.04574 0.06389 0.01699
0.04442 0.07408 0.00927
0.08101 0.12391 0.01866
0.06575 0.10318 0.01912
0.05559 0.09544 0.01657
0.08127 0.10953 0.00636
0.04193 0.07582 0.00889
0.04254 0.07467 0.01581
0.08011 0.12000 0.00341
0.05763 0.08835 0.02539
0.05712 0.09768 0.00624
0.04106 0.06564 0.01330
0.04180 0.07568 0.02010
0.05656 0.08080 0.00090
0.07106 0.09355 0.01555
0.08224 0.10585 0.00596
0.05048 0.07099 0.00163
0.07092 0.09323 0.01900
0.04187 0.07505 0.01507
0.06374 0.10400 0.01993
0.04302 0.07552 0.02195
0.04043 0.07755 0.00302
0.06487 0.09718 0.01870
0.04220 0.06395 0.00599
0.04059 0.07348 0.02185
0.06664 0.10748 0.01623
0.08349 0.11427 0.02923
0.07728 0.10860 0.01889
0.08560 0.12290 0.01843
0.07566 0.11008 0.02350
0.08236 0.10911 0.01502
0.07092 0.10566 0.01859
0.04176 0.06410 0.03325
0.05037 0.06668 0.02271
0.07118 0.11255 0.02132
0.06950 0.11177 0.01640
0.04193 0.06492 0.00695
0.08162 0.09719 0.01959
0.04349 0.07577 0.00468
0.04109 0.06618 0.02258
0.05057 0.07283 0.01974
0.04158 0.06274 0.02040
0.06146 0.09039 0.01222
0.03990 0.07803 0.02073
0.06257 0.10423 0.02057
0.05827 0.08555 0.00798
0.04017 0.07876 0.00747
0.05722 0.10717 0.01034
0.07577 0.10636 0.00466
0.04317 0.06740 0.02701
0.06652 0.10454 0.00554
0.04183 0.06368 0.00613
0.04225 0.06569 0.01944
0.06626 0.08874 0.01950
0.04057 0.07496 0.01949
0.04283 0.07344 0.00723
0.06908 0.09821 0.00274
0.04414 0.05682 0.02259
0.05342 0.07394 0.02102
0.04172 0.07731 0.02246
