0.02937 0.02929
0.02093 0.02186
0.03907 0.02298
0.02471 0.02255
0.01620 0.01532
0.01873 0.02462
0.01712 0.01401
0.02882 0.01906
0.02468 0.02086
0.02936 0.02186
0.01940 0.02520
0.02012 0.02479
0.02066 0.01836
0.02044 0.02046
0.02229 0.02064
0.02282 0.02504
0.03210 0.03418
0.02965 0.03257
0.02041 0.02460
0.02626 0.03340
0.01828 0.01834
0.02574 0.02347
0.02769 0.02651
0.02128 0.02115
0.02803 0.02251
0.02263 0.01823
0.01300 0.01107
0.01889 0.01825
0.02110 0.01986
0.01603 0.01478
0.01937 0.02526
0.02990 0.02529
0.01610 0.01769
0.02113 0.01969
0.02517 0.01879
0.02650 0.03127
0.02537 0.01884
0.02174 0.01557
0.01759 0.01742
0.02847 0.03027
0.01571 0.01392
0.02323 0.02375
0.02734 0.01841
0.02418 0.01715
0.01889 0.01288
0.02432 0.02191
0.02018 0.02154
0.02373 0.02057
0.01782 0.02218
0.02381 0.02452
0.01995 0.01597
0.03009 0.02195
0.02030 0.02020
0.02382 0.02446
0.01974 0.02268
0.02611 0.02141
0.02815 0.02934
0.02073 0.02619
0.01953 0.02430
0.02230 0.02827
0.02113 0.02126
0.03519 0.02824
0.01982 0.01786
0.02294 0.02449
0.01925 0.01729
0.01690 0.01534
0.02121 0.01827
0.03012 0.02127
0.01658 0.01558
0.02039 0.02022
0.02317 0.01409
0.03418 0.02321
0.02462 0.02369
0.01878 0.01641
0.02107 0.02054
0.03363 0.01967
0.01585 0.02051
0.02400 0.02593
0.02576 0.03108
0.01904 0.01830
0.01883 0.01593
0.02233 0.02672
0.01675 0.01576
0.03022 0.03011
0.02534 0.02478
0.02095 0.01838
0.02915 0.02056
0.01694 0.01943
0.01732 0.02196
0.02567 0.02077
0.02938 0.02806
0.02552 0.02663
0.01620 0.01575
0.03552 0.02769
0.02640 0.01783
0.02650 0.03310
0.02495 0.02305
0.01993 0.01817
0.01624 0.01882
0.01636 0.01894
0.02224 0.01623
0.01972 0.01892
0.03152 0.02682
0.02708 0.02356
0.01819 0.01644
0.01917 0.02240
0.02366 0.02588
0.02835 0.02745
0.04747 0.02690
0.01802 0.01145
0.02449 0.01997
0.03183 0.03152
0.01752 0.02194
0.01648 0.01511
0.01805 0.01799
0.01761 0.01946
0.02569 0.01855
0.01623 0.01598
0.03477 0.03357
0.01617 0.01545
0.01871 0.01879
0.02594 0.01720
0.02024 0.01811
0.02071 0.02014
0.01974 0.02445
0.01709 0.01691
0.01889 0.01819
0.03458 0.01970
0.02300 0.02044
0.02126 0.02009
0.01647 0.01561
0.02136 0.02037
0.02050 0.01948
0.01806 0.02249
0.01600 0.01566
0.02112 0.01666
0.02970 0.02255
0.01952 0.01709
0.02363 0.01671
0.02036 0.02060
0.01733 0.01564
0.03330 0.01819
0.02525 0.02675
0.02240 0.02159
0.02215 0.01813
0.01734 0.02204
0.02084 0.01963
0.01920 0.02481
0.03134 0.02064
0.02190 0.02298
0.02425 0.02568
0.02836 0.02466
0.02582 0.02846
0.02700 0.03238
0.01679 0.01667
0.02482 0.01590
0.03293 0.03539
0.02479 0.01852
0.01260 0.01328
0.02384 0.02611
0.01821 0.01660
0.02846 0.03291
0.01997 0.02049
0.03324 0.02037
0.02488 0.02698
0.02548 0.02253
0.02520 0.02895
0.02196 0.01911
0.02904 0.02489
0.03014 0.02978
0.02714 0.01864
0.02352 0.02673
0.02124 0.02422
0.03049 0.02241
0.02098 0.02255
0.02006 0.01886
0.02359 0.02134
0.03027 0.02994
0.02008 0.01896
0.02472 0.03236
0.01615 0.01531
0.02285 0.02007
0.02547 0.02031
0.02737 0.02385
0.02621 0.02062
0.02935 0.01755
0.03453 0.02370
0.03015 0.03302
0.02228 0.01989
0.02798 0.02931
0.02625 0.02514
0.01935 0.02421
0.02209 0.02105
0.01809 0.01744
0.01914 0.02111
0.01942 0.01832
0.02113 0.02211
0.01895 0.02555
0.02866 0.02872
0.01838 0.01618
