2875 6465 11.37997 3.13401 1.01896 1.73190 31 10 1 28 14 183 100.00000 0
2281 4641 10.33926 2.17209 1.08587 0.71982 26 10 7 21 13 234 100.00000 0
727 2364 11.59337 0.01602 1.24654 3.50710 21 7 3 7 3 150 100.00000 0
664 2303 10.00971 0.01206 0.37176 0.63118 26 22 4 21 15 174 100.00000 0
1535 5211 10.40192 0.02752 0.51928 1.18729 86 68 15 84 45 392 100.00000 0
4453 6880 11.50391 0.01357 0.17910 0.28531 37 25 12 37 13 263 100.00000 0
363 7274 10.14497 2.99480 1.23822 1.19255 34 4 5 32 11 208 100.00000 0
5274 5634 10.73340 0.01224 0.41294 0.61929 47 37 9 45 21 328 100.00000 0
2235 7066 11.45802 3.01571 1.53625 1.33002 14 0 1 10 4 82 100.00000 0
1167 6557 11.46000 2.50050 1.25382 1.64116 29 10 8 24 12 172 100.00000 0
5165 5374 10.50349 0.00224 0.32491 0.25334 72 66 6 69 51 375 100.00000 0
179 7384 11.50242 3.05583 0.72013 0.87043 16 4 4 12 3 79 100.00000 0
3268 5988 10.64540 2.47694 1.52047 1.81380 33 2 0 16 21 185 100.00000 0
5394 5637 11.98348 0.01338 0.38668 0.79819 49 37 9 45 22 290 100.00000 0
1155 4078 10.09015 2.79338 1.11102 1.56072 26 14 8 15 5 143 100.00000 0
436 7203 10.11910 3.05139 1.59037 1.52675 32 0 0 30 8 304 100.00000 0
5161 5355 11.49891 0.00378 0.41285 0.74336 60 52 2 54 32 339 100.00000 0
875 4355 11.16602 3.04880 1.50425 1.28085 13 0 1 7 2 142 100.00000 0
2269 4611 10.62775 2.69751 0.39028 0.53082 58 32 25 54 13 334 100.00000 0
1016 2660 11.94728 0.06784 0.37179 0.28939 22 16 5 19 10 155 100.00000 0
5313 5636 11.48350 0.01362 0.51104 0.79966 47 40 6 47 25 318 100.00000 0
3644 5397 11.73552 3.13387 0.60229 0.82424 39 28 3 34 20 250 100.00000 0
5279 5633 10.23636 0.01103 0.25938 0.84950 72 61 6 63 46 362 100.00000 0
577 7082 10.86016 2.94655 1.51038 1.27718 28 2 0 23 10 182 100.00000 0
5213 5614 10.25740 0.01801 0.47191 1.02641 56 33 15 48 20 328 100.00000 0
1469 3746 10.79166 3.10909 1.06411 2.60143 33 14 4 26 5 248 100.00000 0
2614 4261 10.95837 3.10482 0.92126 2.54607 31 19 3 18 13 264 100.00000 0
654 7004 11.82911 3.08382 1.96796 2.03606 13 0 0 11 5 107 100.00000 0
277 7330 10.12963 2.89185 1.80430 0.93879 29 1 0 15 3 253 100.00000 0
175 7422 11.63325 3.04663 0.58833 1.55645 7 3 1 0 1 54 100.00000 0
2478 6856 10.93461 2.80736 1.42787 2.98492 18 6 0 18 6 156 100.00000 0
5161 5375 11.49891 0.00378 0.47450 0.35718 47 39 4 45 25 332 100.00000 0
1359 4972 11.03299 0.40695 0.52855 1.66554 49 42 2 42 29 176 100.00000 0
3173 6115 11.23794 3.13941 1.67952 1.07847 30 8 4 28 8 285 100.00000 0
3649 5644 10.94752 3.12930 0.88012 0.96103 56 33 3 52 33 193 100.00000 0
1562 3640 11.54237 3.12696 0.97423 1.12709 48 22 11 42 20 239 100.00000 0
1355 4964 10.37109 0.67761 0.99004 1.91213 31 14 4 27 16 219 100.00000 0
1065 2686 10.49684 0.03866 0.49918 0.37430 50 42 5 47 35 296 100.00000 0
4350 6789 10.15264 0.00183 0.76095 0.06853 79 56 23 76 43 454 100.00000 0
3078 6253 11.54726 3.02575 0.65367 1.74921 20 15 1 18 13 128 100.00000 0
5163 5338 11.00212 0.00293 0.73525 0.17017 78 68 9 69 50 352 100.00000 0
4626 7042 11.27092 0.67087 1.06757 0.84395 55 5 1 47 30 303 100.00000 0
327 1998 10.65641 0.27014 0.34641 0.73008 89 80 4 83 37 493 100.00000 0
2565 4307 11.82333 3.13335 0.68838 1.51981 10 3 2 2 4 116 100.00000 0
5160 5492 11.75078 0.00316 0.49331 0.29739 50 43 3 38 33 272 100.00000 0
707 6957 10.49859 3.11814 1.35983 2.39425 40 2 2 29 20 205 100.00000 0
828 2448 10.77234 0.37731 0.79716 1.72374 64 36 9 51 30 324 100.00000 0
613 2280 10.82996 0.22710 0.40932 0.28531 67 59 6 65 43 359 100.00000 0
1496 5080 10.14222 0.03047 0.26799 1.11276 138 130 7 130 73 513 100.00000 0
1592 5638 10.37175 0.21470 0.36336 1.00210 69 51 7 63 32 356 100.00000 0
3685 5117 11.23999 3.14045 1.97958 1.18432 41 6 3 30 9 333 100.00000 0
626 4597 10.96606 2.95835 1.49422 1.43913 33 11 17 31 13 187 100.00000 0
1569 3636 10.36959 3.09449 0.66151 1.34930 41 19 5 31 12 237 100.00000 0
5165 5441 10.50349 0.00224 0.29771 0.27124 77 74 2 71 47 384 100.00000 0
3672 5140 10.39466 3.13710 0.90792 0.85957 66 36 15 60 28 410 100.00000 0
2310 7002 10.28864 3.09134 1.43736 1.98367 20 0 0 14 7 114 100.00000 0
2332 4561 11.96810 3.10516 0.67832 1.64163 9 5 2 2 2 83 100.00000 0
2983 6354 10.04617 3.12760 0.88046 2.02970 7 3 0 5 1 78 100.00000 0
2503 6793 10.42455 2.92093 1.42513 1.43286 24 1 2 20 10 200 100.00000 0
2458 6843 10.46713 2.51513 0.61479 0.85134 60 32 9 57 28 391 100.00000 0
681 6981 10.55501 3.13425 1.85737 2.90205 30 1 0 28 12 142 100.00000 0
698 6966 10.12844 3.12585 1.57736 3.39581 31 1 0 29 16 153 100.00000 0
739 6925 11.42306 3.13506 1.14544 1.21499 47 12 19 37 25 247 100.00000 0
845 6846 11.13680 2.78264 0.92840 2.66550 19 5 0 11 7 193 100.00000 0
5167 5547 10.00159 0.00338 0.43046 0.21306 72 57 14 72 41 412 100.00000 0
1372 3811 11.57124 3.12064 0.91916 1.87200 25 11 5 23 11 157 100.00000 0
5161 5503 11.49891 0.00378 0.78426 0.26244 59 47 5 50 40 322 100.00000 0
5165 5502 10.50349 0.00224 0.43662 0.12195 70 59 11 64 29 327 100.00000 0
5164 5334 10.75340 0.00234 0.27287 0.80211 53 48 4 44 34 317 100.00000 0
1061 4182 10.16415 3.12441 1.34883 1.56323 18 2 0 10 8 173 100.00000 0
4244 6709 11.17632 0.03305 0.52006 1.12917 23 16 3 17 10 240 100.00000 0
3681 5179 11.47913 3.12039 0.92535 0.82472 44 27 13 30 11 337 100.00000 0
1318 3879 11.69506 3.13017 0.97180 3.00466 21 10 2 16 8 121 100.00000 0
666 4579 11.96130 3.11409 1.86343 0.78634 5 1 1 5 2 68 100.00000 0
1541 5570 11.59120 0.01806 0.91050 0.81277 51 23 5 45 20 328 100.00000 0
846 6803 11.65775 2.56849 0.59165 1.70777 18 6 3 16 5 120 100.00000 0
1369 3814 11.36005 3.12021 1.40474 2.50358 12 3 1 12 4 104 100.00000 0
923 4286 11.26177 3.13746 1.21990 1.67468 26 2 0 24 12 240 100.00000 0
1165 4058 10.13499 2.78017 0.54133 0.55532 25 24 1 18 12 178 100.00000 0
4112 6593 10.94380 0.01593 0.19807 0.44937 43 41 2 37 25 319 100.00000 0
296 7323 11.00445 2.94064 1.79983 0.97879 52 2 0 41 31 287 100.00000 0
1570 5283 10.92418 0.01846 0.36528 0.97879 52 44 8 45 35 326 100.00000 0
5487 5635 11.23314 0.01343 0.40559 0.68586 41 34 5 37 18 294 100.00000 0
3262 6003 10.28770 2.66573 0.97625 1.41167 30 5 1 26 13 191 100.00000 0
933 2562 10.73045 0.00316 0.80308 0.16786 34 23 11 32 14 279 100.00000 0
2281 7035 11.02438 3.11616 1.23003 1.68516 43 4 2 39 22 250 100.00000 0
871 6812 10.75492 nan 0.59742 1.17902 16 6 2 16 6 148 100.00000 0
5161 5279 11.50095 0.00365 0.52236 0.52489 55 48 6 44 31 339 100.00000 0
2189 7131 11.45305 3.00589 0.98650 0.65432 21 6 2 17 10 120 100.00000 0
3647 5432 10.10077 3.14056 0.37802 0.63056 33 26 2 20 13 288 100.00000 0
5349 5635 11.23314 0.01343 0.26893 0.67493 47 36 7 41 22 293 100.00000 0
3254 6055 10.87374 3.01573 0.79352 0.93962 47 22 6 38 18 265 100.00000 0
2286 7035 11.56521 3.04072 1.57182 2.08431 39 0 0 37 12 186 100.00000 0
1201 4011 11.60302 3.07664 0.92615 1.25990 37 29 4 34 14 269 100.00000 0
624 2263 10.84767 0.20257 0.30571 0.67955 59 58 1 57 40 379 100.00000 0
5225 5622 11.25670 0.01582 0.27968 0.55178 47 37 8 41 27 316 100.00000 0
5335 5634 10.73539 0.01218 0.30126 0.97599 56 42 8 52 29 341 100.00000 0
1542 5432 10.86400 0.01730 0.63598 0.75277 51 27 7 47 25 333 100.00000 0
2261 4627 10.36025 2.27821 0.49810 0.93167 61 35 21 56 22 445 100.00000 0
2030 7265 11.71943 2.83812 1.76818 0.62870 16 2 4 13 2 163 100.00000 0
1577 3645 10.46301 3.12169 1.26116 1.27748 71 20 14 69 42 276 100.00000 0
3068 6210 11.67118 2.76213 1.19947 0.90482 42 15 3 34 13 257 100.00000 0
2588 6742 11.68465 nan 1.08661 1.73664 19 11 1 13 6 220 100.00000 0
1520 3687 11.01113 3.12501 1.28534 1.15623 37 3 0 33 14 255 100.00000 0
176 7390 11.24530 3.05866 0.83922 1.06790 17 9 3 15 6 101 100.00000 0
2429 6879 10.10836 3.12889 0.72068 1.63757 26 20 0 22 9 145 100.00000 0
3336 5932 10.23117 3.12556 1.59414 0.72954 22 5 2 20 8 152 100.00000 0
1177 2781 11.57526 0.78966 0.57744 0.94378 82 78 4 77 47 410 100.00000 0
4382 6812 11.11117 0.35581 0.54822 1.87012 54 45 8 46 16 379 100.00000 0
2440 4423 10.11896 3.13168 1.40228 2.13991 42 36 0 36 29 221 100.00000 0
154 7442 11.36918 3.05384 0.13224 0.83837 51 29 18 49 17 267 100.00000 0
3733 5062 11.64765 3.13182 1.08634 2.47401 87 2 16 82 57 435 100.00000 0
377 2052 11.81512 0.10181 0.33111 0.73913 48 41 6 35 17 248 100.00000 0
5168 5457 10.00092 0.00372 0.28287 0.22728 52 47 4 47 30 420 100.00000 0
1547 5145 10.99439 0.01997 0.41481 1.41555 45 34 3 35 17 318 100.00000 0
5160 5438 11.75078 0.00316 0.60193 0.38359 43 24 9 41 22 293 100.00000 0
1570 5556 10.92639 0.01845 0.58198 1.09289 56 41 4 54 32 312 100.00000 0
807 4441 10.85764 3.10993 1.14900 1.99998 28 10 4 26 15 149 100.00000 0
4495 6925 10.73172 0.01363 0.44178 1.04680 36 31 4 33 18 248 100.00000 0
4072 6552 10.84779 0.03320 0.12304 1.43504 45 32 6 32 23 202 100.00000 0
2526 4317 11.76100 3.09606 0.82172 2.15304 19 3 8 8 1 187 100.00000 0
484 7154 10.22289 3.04096 0.97706 0.93251 17 5 1 14 7 97 100.00000 0
4429 6888 10.98967 0.01919 0.53835 0.56579 38 22 16 36 11 282 100.00000 0
1320 3854 11.81582 3.13287 0.88618 1.43531 25 6 3 20 8 195 100.00000 0
5167 5422 10.00159 0.00338 0.37582 0.17017 60 53 7 58 39 376 100.00000 0
4020 6548 10.53490 0.98884 0.90956 0.43341 75 53 16 67 30 400 100.00000 0
179 7391 10.43252 3.05738 0.41069 1.27534 16 14 1 11 6 84 100.00000 0
314 1981 10.63075 0.66213 0.64999 0.74388 159 120 23 155 87 623 100.00000 0
1290 3877 10.39017 3.11550 1.00604 3.44901 26 7 3 17 9 184 100.00000 0
851 2465 11.93710 0.98657 0.92937 1.59053 28 11 2 22 9 196 100.00000 0
2313 6999 10.12550 3.09290 1.90019 1.74899 16 0 0 9 5 139 100.00000 0
3821 4987 10.80227 3.04822 1.18655 1.72964 17 8 1 12 4 120 100.00000 0
2766 4041 11.34717 2.49206 1.21498 0.62683 26 5 0 20 11 214 100.00000 0
3644 5390 11.73552 3.13387 0.32250 1.15114 28 20 3 24 10 213 100.00000 0
405 2053 10.89948 0.11932 0.62865 1.00171 28 24 2 17 18 169 100.00000 0
1257 3929 11.03190 3.13562 0.79278 2.46371 30 19 3 16 11 248 100.00000 0
169 7423 10.83834 3.03987 0.70062 1.46286 11 8 1 11 4 75 100.00000 0
1541 5450 11.59120 0.01806 0.70976 1.32353 51 24 7 43 25 284 100.00000 0
819 4396 11.04415 2.62896 0.43635 2.61179 56 6 2 46 22 426 100.00000 0
2494 4344 11.26386 2.70291 1.93478 0.87849 11 0 1 7 5 105 100.00000 0
1543 5465 10.15180 0.01764 0.31624 0.83087 50 44 5 48 26 342 100.00000 0
162 7418 11.19908 3.04783 1.22715 0.62307 33 5 26 31 16 208 100.00000 0
1428 3761 11.80295 3.09333 1.61158 1.86236 40 0 4 34 9 239 100.00000 0
662 4554 11.93667 3.10649 1.35566 1.73911 17 1 2 10 5 122 100.00000 0
5320 5637 11.98348 0.01338 0.39009 0.81901 47 42 3 45 23 292 100.00000 0
2304 7020 10.21625 2.98296 1.70451 1.98386 17 0 0 10 4 153 100.00000 0
272 7343 11.49717 3.01550 1.17137 1.59741 11 0 4 5 4 79 100.00000 0
2402 4467 10.17869 3.07819 1.28216 1.50350 51 2 0 49 26 276 100.00000 0
332 7302 10.35823 3.04623 1.04861 1.01952 30 8 1 24 14 193 100.00000 0
2972 6346 10.35081 3.14090 1.02935 6.31590 5 2 0 3 1 82 100.00000 0
5166 5509 10.25254 0.00276 0.43072 0.24389 55 47 3 45 28 373 100.00000 0
5546 5637 11.98348 0.01338 0.45116 0.94791 41 36 1 37 25 272 100.00000 0
1145 4091 10.21901 3.07100 1.74053 1.95805 8 0 2 6 3 100 100.00000 0
1585 5629 10.57755 0.10222 0.31321 0.55391 48 44 4 46 21 323 100.00000 0
172 7425 11.46992 3.03980 0.61198 1.47459 17 6 8 10 7 91 100.00000 0
1397 3789 10.42634 3.13298 1.34819 2.44024 36 7 2 30 14 239 100.00000 0
3774 5017 11.82818 3.13854 0.84327 1.71806 31 8 11 29 9 251 100.00000 0
5168 5565 10.00092 0.00372 0.34241 0.21122 53 49 3 49 32 388 100.00000 0
5161 5288 11.49891 0.00378 0.56304 0.50668 52 38 8 47 28 329 100.00000 0
909 2537 11.92525 0.00578 0.30377 0.27124 27 24 3 24 14 191 100.00000 0
3661 5161 11.26315 3.13255 0.90127 0.65968 49 20 6 47 18 336 100.00000 0
892 4335 10.53773 3.08573 0.75500 1.80168 29 12 3 20 5 153 100.00000 0
3276 6028 11.28733 2.55606 1.74503 2.08281 30 3 9 28 9 193 100.00000 0
4441 6869 10.23902 0.06157 0.18832 0.59807 55 45 9 48 32 401 100.00000 0
2489 6845 11.36449 2.77400 0.22961 2.36893 27 3 0 23 10 186 100.00000 0
5412 5636 11.48350 0.01362 0.39022 0.78084 30 22 7 23 12 306 100.00000 0
2033 7264 10.45129 2.86967 1.69849 1.11978 17 2 4 10 6 169 100.00000 0
1146 4057 10.02834 2.93081 0.82171 1.01952 17 6 5 17 9 157 100.00000 0
1540 5255 11.35654 0.01825 0.52596 0.78235 53 29 6 47 29 298 100.00000 0
834 4371 10.45451 2.30124 0.87300 1.85309 41 2 0 31 10 281 100.00000 0
1458 3756 11.50085 3.07679 1.74890 2.37718 53 25 8 44 34 243 100.00000 0
1614 5663 11.83780 1.14561 0.43364 2.53451 95 38 0 85 38 344 100.00000 0
1379 3806 10.47662 3.12576 1.25835 1.97140 34 11 3 26 7 165 100.00000 0
1337 3842 11.35475 3.13005 0.82032 1.31105 33 13 7 28 13 239 100.00000 0
1542 5379 10.86400 0.01730 0.72588 0.68870 50 30 5 44 27 330 100.00000 0
5161 5447 11.49891 0.00378 0.71230 0.19782 62 49 10 54 35 385 100.00000 0
3670 5402 10.95647 3.12657 0.77795 0.79081 86 67 10 81 51 332 100.00000 0
300 7332 11.80717 3.06676 1.11082 0.73382 45 8 1 43 16 237 100.00000 0
988 4252 10.35396 3.10382 0.96582 1.89734 26 18 1 19 12 194 100.00000 0
3572 5689 10.46941 2.78770 0.85715 2.01402 50 17 11 45 21 233 100.00000 0
3646 5311 10.70784 nan 0.37828 0.68357 30 23 4 25 12 223 100.00000 0
2459 6837 11.57387 2.36822 0.55866 1.49933 63 4 1 57 21 390 100.00000 0
5162 5375 11.24999 0.00352 0.54476 0.28667 61 43 11 58 33 338 100.00000 0
5165 5285 10.50550 0.00207 0.65297 0.12820 61 40 7 48 32 313 100.00000 0
3570 5689 11.42490 2.78372 1.44872 2.20762 37 10 13 29 8 217 100.00000 0
1569 5339 10.20782 0.01841 0.27039 0.96631 50 45 4 40 28 317 100.00000 0
2335 4557 11.20360 3.10965 1.32408 2.75335 9 1 0 3 3 113 100.00000 0
