2678 5405 10.70459 0.01157 1.04086 1.41941 28 12 6 23 10 549 100.00000 0
459 3982 10.49489 0.01009 0.88698 0.77934 16 4 3 5 2 220 100.00000 0
346 709 11.50833 0.00719 0.40760 1.44726 14 4 0 11 5 173 100.00000 0
531 976 11.26895 0.00154 0.75222 0.71052 18 6 2 14 11 281 100.00000 0
7754 7810 11.31788 0.72617 1.18415 2.19980 11 3 1 11 4 107 100.00000 0
3018 5736 10.49427 0.04344 0.46315 0.58283 22 12 1 16 13 361 100.00000 0
614 975 10.76826 0.00183 0.57985 0.46309 20 3 0 12 10 280 100.00000 0
734 4172 10.02836 0.01118 0.65281 0.43160 25 3 2 22 12 307 100.00000 0
2424 5270 11.33786 0.30847 1.37210 2.63864 7 2 2 4 2 33 100.00000 0
3389 6303 10.30408 0.05438 1.03484 1.50350 11 0 0 3 3 112 100.00000 0
345 476 11.74965 0.00708 1.03834 1.05425 13 1 0 6 5 203 100.00000 0
1211 4394 11.01681 0.01370 0.73517 0.26834 17 5 0 11 10 329 100.00000 0
1591 4756 11.77052 0.01505 0.83626 4.12815 13 1 1 13 6 216 100.00000 0
1033 4214 11.50809 0.00802 0.71033 1.88222 24 18 3 19 18 259 100.00000 0
345 660 11.74965 0.00708 1.46793 3.60619 11 0 2 4 2 154 100.00000 0
2268 2564 11.48797 0.58047 0.93045 1.74540 6 0 0 4 0 38 100.00000 0
2411 5323 11.68318 0.82280 0.56444 2.68438 8 5 2 8 5 41 100.00000 0
1697 4865 10.52734 0.00414 0.51692 0.17246 23 10 4 18 15 171 100.00000 0
2218 5305 10.48793 0.48154 0.67922 0.60003 6 1 4 3 2 66 100.00000 0
733 979 11.51780 0.00406 0.86760 0.29342 14 0 0 12 5 158 100.00000 0
2420 5269 11.68981 0.30783 1.20727 3.54729 5 0 1 5 2 27 100.00000 0
6606 6919 10.49518 0.00708 0.66487 0.48051 8 1 2 8 8 53 100.00000 0
632 3982 10.49489 0.01009 0.78948 1.16802 20 8 3 11 8 232 100.00000 0
346 608 11.50244 0.00580 1.00957 0.41307 13 5 2 4 4 210 100.00000 0
2862 5582 11.64744 0.02020 0.44778 0.35608 21 9 2 13 10 276 100.00000 0
147 3815 11.45022 0.03145 0.46690 0.78932 12 2 3 10 6 205 100.00000 0
404 977 11.52020 0.00049 0.43069 1.48121 17 7 4 11 5 267 100.00000 0
481 3982 10.49489 0.01009 0.48542 0.63242 23 7 4 19 14 263 100.00000 0
2622 5348 10.90531 0.02185 0.31582 1.84228 23 6 2 18 12 174 100.00000 0
6604 6918 11.24828 0.00629 1.60444 1.42574 10 0 0 4 5 40 100.00000 0
2565 5331 10.40103 0.58587 1.12653 3.17669 19 3 0 13 8 128 100.00000 0
8038 8089 11.01070 0.43522 0.49922 3.64819 25 1 3 19 16 214 100.00000 0
346 654 11.50244 0.00580 0.50907 0.68013 16 4 6 9 4 205 100.00000 0
148 3816 10.81143 0.02904 1.71716 0.58417 19 3 6 17 7 186 100.00000 0
3694 7205 10.66241 0.46041 0.33148 0.88603 8 5 1 6 4 64 100.00000 0
3679 6849 10.26745 0.11951 0.81450 1.07447 8 2 3 8 4 50 100.00000 0
1251 4418 10.26327 0.01129 1.22571 2.31984 24 10 1 22 16 257 100.00000 0
460 4173 11.79777 0.00987 0.78805 0.42244 16 1 1 14 8 212 100.00000 0
457 3980 11.49638 0.01155 0.84293 0.67377 13 2 8 7 6 164 100.00000 0
777 3985 10.24876 0.00981 0.89426 0.55461 21 3 8 17 12 227 100.00000 0
3680 6856 10.97298 0.13900 1.79400 3.59837 6 0 1 1 2 44 100.00000 0
981 4142 11.02953 0.01426 1.66298 4.66287 14 3 0 4 5 251 100.00000 0
4116 4174 10.00670 0.00664 1.50597 4.55526 16 3 2 5 2 220 100.00000 0
5977 6036 10.10704 0.00608 1.06807 1.58856 22 3 2 17 4 336 100.00000 0
1067 4264 11.51297 0.00305 0.49044 0.36369 22 10 8 17 13 227 100.00000 0
711 4170 10.03241 0.01130 0.69748 0.67086 29 13 3 24 17 311 100.00000 0
8045 8108 11.99700 1.25167 0.53356 3.09199 18 1 0 16 11 134 100.00000 0
1590 4754 10.06641 0.01400 0.79718 3.73465 14 7 1 6 6 240 100.00000 0
464 4170 10.30159 0.01147 0.58446 0.38563 23 8 1 23 13 295 100.00000 0
2176 2437 10.80393 0.29947 1.76541 3.53845 10 0 0 8 5 54 100.00000 0
368 967 10.00277 0.01055 0.67973 0.84023 28 9 3 19 13 282 100.00000 0
889 979 11.51970 0.00400 0.59194 0.61929 16 2 0 14 7 179 100.00000 0
417 4172 11.29839 0.01034 0.55567 0.54176 16 2 1 2 4 261 100.00000 0
6607 6923 10.24121 0.00750 0.11608 0.95777 13 8 2 9 6 62 100.00000 0
2175 2384 10.80392 0.29987 1.47298 3.62374 11 0 0 8 8 49 100.00000 0
2267 2565 11.79055 0.60432 0.60541 1.49672 11 6 0 9 6 56 100.00000 0
364 4161 10.26025 0.01913 0.44209 0.77430 16 10 4 16 6 289 100.00000 0
348 618 10.25119 0.00537 0.49459 0.38563 27 11 3 23 13 226 100.00000 0
829 976 10.00929 0.00120 0.91839 0.32143 17 1 1 10 7 285 100.00000 0
2521 5270 11.33786 0.30847 0.62536 2.41492 8 4 3 8 4 45 100.00000 0
983 4146 11.78416 0.01610 0.53185 1.01336 15 5 5 5 8 251 100.00000 0
825 4173 10.53017 0.01052 0.75813 0.70165 22 2 3 10 5 295 100.00000 0
1266 4445 10.02312 0.01663 0.52296 0.25334 19 9 1 15 10 247 100.00000 0
4002 4166 11.51660 0.01168 0.90409 1.31641 18 4 2 11 9 246 100.00000 0
2644 5371 11.79552 0.02474 0.51748 0.48537 18 8 2 16 11 334 100.00000 0
350 897 10.50898 0.00703 0.81568 1.30446 16 5 1 13 9 246 100.00000 0
654 4170 10.30159 0.01147 0.40213 1.52213 15 6 2 12 8 194 100.00000 0
351 4093 11.02224 0.01386 1.02087 0.67955 15 4 8 13 7 228 100.00000 0
761 4175 11.52745 0.00992 0.65351 0.92154 33 14 6 29 16 262 100.00000 0
508 3982 10.49489 0.01009 0.78749 1.38310 13 5 2 7 4 178 100.00000 0
484 4170 10.30159 0.01147 0.84875 1.22557 16 6 0 10 8 288 100.00000 0
