243 1953 11.63800 0.24712 0.56279 1.35219 12 0 1 7 4 275 100.00000 0
2004 5259 11.67707 2.98746 1.61796 0.87804 16 0 0 11 8 117 100.00000 0
1661 3312 11.31256 0.10250 0.47338 1.84568 57 0 0 48 30 565 100.00000 0
1534 3208 11.67620 0.03358 0.50475 3.93413 14 2 1 11 8 255 100.00000 0
3813 4777 10.23002 0.03804 0.25639 0.32385 15 1 1 10 8 214 100.00000 0
895 3724 11.70746 3.12927 1.30078 2.71498 14 0 0 14 7 255 100.00000 0
675 3936 10.04436 2.55379 1.07980 1.30806 20 0 0 20 11 246 100.00000 0
709 2368 10.67656 0.21330 0.37555 0.98318 20 4 0 15 8 293 100.00000 0
2515 4752 11.43473 3.11735 0.88802 1.60376 19 0 0 19 8 303 100.00000 0
925 2581 11.68842 0.04156 0.25850 1.47565 17 1 1 6 8 196 100.00000 0
2493 4778 11.12138 3.11368 1.07502 1.96084 14 0 0 6 7 140 100.00000 0
2182 5092 11.76291 3.12019 1.72961 3.00257 6 0 0 3 3 84 100.00000 0
3596 4561 10.82686 0.02832 0.73524 2.56994 9 0 0 3 3 176 100.00000 0
459 2172 10.93767 0.20373 0.18327 0.64952 7 0 1 3 3 71 100.00000 0
3876 4847 11.90419 0.00792 0.24446 0.90396 32 2 1 23 17 393 100.00000 0
531 2236 10.44393 0.01136 0.39851 1.17170 26 1 5 19 14 302 100.00000 0
2332 4928 10.44883 2.51728 0.47641 1.91724 10 0 0 10 4 144 100.00000 0
4115 5059 11.25828 0.00781 0.48723 0.32865 17 1 0 9 7 270 100.00000 0
566 5013 10.95632 3.09711 1.06875 3.08413 6 0 0 6 6 89 100.00000 0
347 2069 10.25467 0.05346 0.25834 0.32746 38 1 0 29 26 263 100.00000 0
2214 4103 10.80985 3.08739 1.61224 3.46679 13 0 0 11 9 160 100.00000 0
494 4157 11.60848 2.97025 1.65990 8.92267 7 0 1 2 3 75 100.00000 0
1613 3255 11.98887 0.02737 0.58580 0.87849 12 0 1 4 4 240 100.00000 0
257 5284 11.46593 2.95364 1.29297 0.48457 16 0 0 14 9 217 100.00000 0
824 3804 11.44454 3.07048 1.21214 2.26036 23 0 0 21 10 238 100.00000 0
2195 4152 11.36919 3.03954 0.35570 2.22282 30 2 1 23 15 173 100.00000 0
1457 3136 11.46753 0.06903 0.56881 3.90495 28 0 0 7 9 474 100.00000 0
1396 3081 11.00135 0.55455 0.62551 1.38959 18 0 1 14 6 302 100.00000 0
3652 4597 10.41791 0.03204 1.25896 4.95591 16 0 0 6 4 194 100.00000 0
1295 2970 11.17072 0.01139 0.53901 1.26548 25 0 0 7 6 404 100.00000 0
3658 4603 10.67150 0.02717 1.05951 3.22003 10 0 2 8 4 100 100.00000 0
1389 3031 11.51288 0.55584 0.45725 0.66086 78 1 7 65 35 576 100.00000 0
224 1937 11.76984 0.37191 0.34270 0.37325 14 1 0 9 6 138 100.00000 0
270 5294 10.66483 3.11474 0.55215 3.55391 17 0 3 3 6 201 100.00000 0
667 4904 11.18733 2.38016 1.37400 3.04877 11 0 0 8 6 176 100.00000 0
2438 3861 11.49946 3.13012 1.60249 5.74733 15 0 0 3 2 253 100.00000 0
2043 5246 11.85717 3.05463 1.47558 2.25012 24 0 0 12 12 296 100.00000 0
