5988 8036 10.63461 2.17040 0.28386 2.64871 30 0 4 19 13 156 100.00000 0
1414 5052 10.33247 0.36931 0.19864 0.41022 55 9 12 55 38 601 100.00000 0
5077 6904 10.86195 3.00305 1.21347 2.80742 33 0 0 25 20 360 100.00000 0
5152 6832 10.06994 3.13832 1.00330 2.12228 14 0 0 3 2 291 100.00000 0
283 8736 11.53186 0.06029 0.30873 0.45111 27 0 1 23 19 297 100.00000 0
1444 5046 10.90901 0.33415 0.60485 1.89899 31 1 1 10 14 402 100.00000 0
568 3789 11.33644 0.02823 0.27420 1.55167 33 0 2 27 19 228 100.00000 0
551 3799 10.99034 0.03162 0.44367 1.27042 25 1 4 25 16 168 100.00000 0
451 3708 11.51139 0.00466 0.24031 0.56924 18 0 0 16 8 167 100.00000 0
1481 5085 11.31140 0.16682 0.56648 1.17270 27 0 2 24 14 396 100.00000 0
6308 7718 11.32889 3.08737 1.68052 3.44276 15 0 0 11 8 198 100.00000 0
4678 7207 11.63310 2.48294 1.47064 1.87346 10 0 0 1 4 232 100.00000 0
4737 7202 11.02315 2.65492 1.23346 1.20203 17 0 0 8 7 322 100.00000 0
4701 7233 10.63455 1.64708 1.59480 2.49356 14 0 0 12 6 244 100.00000 0
1378 4993 10.70005 0.01567 0.74288 0.74336 22 0 1 22 11 376 100.00000 0
342 8893 11.77738 0.01828 0.71018 0.74756 10 0 0 6 4 130 100.00000 0
6031 8030 10.30772 3.13107 0.36594 3.71700 24 0 0 13 14 318 100.00000 0
570 3792 10.40776 0.02981 0.57168 2.20797 18 0 0 11 9 223 100.00000 0
1524 5135 11.01220 0.00244 0.43471 1.43586 14 1 0 10 8 288 100.00000 0
797 4017 10.74661 0.01164 0.26849 0.97317 23 3 1 21 16 302 100.00000 0
5390 6681 11.48172 2.06655 0.38310 1.51852 21 1 0 19 8 115 100.00000 0
2916 5965 10.05853 0.09146 0.43468 2.27021 23 0 4 14 9 392 100.00000 0
6310 7717 11.61955 3.08949 0.61122 1.89010 18 0 1 6 5 211 100.00000 0
3625 8929 10.11312 0.03816 0.80742 1.09432 32 0 1 30 17 263 100.00000 0
1326 7027 10.51857 2.99876 1.97058 2.27176 48 0 0 46 31 468 100.00000 0
336 8867 11.13984 0.02555 0.76054 1.48517 7 0 0 5 4 103 100.00000 0
1600 6738 11.81658 3.13946 1.28649 1.54510 18 0 1 15 11 227 100.00000 0
1414 5015 11.07950 0.08558 0.26147 0.49496 10 1 1 3 5 260 100.00000 0
737 3942 10.32301 0.84648 0.37761 1.42848 26 0 1 21 15 331 100.00000 0
1482 6872 10.04486 3.12266 1.74572 1.28359 35 0 0 29 8 571 100.00000 0
42 3414 11.75156 0.02822 1.47373 1.31938 13 0 0 3 6 165 100.00000 0
6142 7877 11.44315 3.13854 1.41367 1.95765 48 0 0 43 30 485 100.00000 0
128 3419 11.74596 0.01835 0.70252 1.18564 27 0 0 18 14 286 100.00000 0
941 4172 10.52709 0.02551 0.35146 1.55771 31 0 3 21 19 412 100.00000 0
1522 5132 11.52055 0.00711 1.10199 6.38070 11 0 0 11 5 231 100.00000 0
1237 7135 10.41648 3.08859 0.45969 6.05932 19 0 0 15 12 327 100.00000 0
3223 8324 11.32034 0.02473 0.73637 1.24207 32 2 0 13 11 272 100.00000 0
2934 5949 10.19149 0.03884 0.80840 4.39739 23 1 0 7 8 360 100.00000 0
4736 7121 10.95820 3.11465 1.44243 1.22365 33 0 0 16 16 442 100.00000 0
5084 6894 10.58147 3.04418 1.31393 2.30614 71 0 0 48 42 567 100.00000 0
3234 8402 11.47139 0.97493 0.58504 1.20756 25 0 1 17 10 197 100.00000 0
1364 4931 11.87389 0.01883 0.50523 1.37145 31 0 0 24 14 461 100.00000 0
546 3770 11.35102 0.04734 0.68801 0.85501 43 0 0 41 29 357 100.00000 0
1637 6693 11.63501 2.20014 0.58586 2.00291 13 1 0 4 5 143 100.00000 0
1143 4551 10.01507 0.07036 0.46118 1.05462 40 0 0 34 23 772 100.00000 0
102 3428 11.50927 0.05388 0.46329 0.92662 16 0 2 14 6 156 100.00000 0
5010 6968 11.29138 2.95108 0.51557 1.39578 19 1 0 19 11 269 100.00000 0
1213 7223 11.34054 1.90211 1.49610 1.33472 25 0 0 23 12 375 100.00000 0
5048 6896 11.73193 2.63804 0.90647 3.47254 39 1 3 24 23 342 100.00000 0
243 8697 10.88567 0.03663 0.55017 2.13222 31 1 1 23 24 265 100.00000 0
4691 7164 11.27247 3.02844 1.12200 1.58461 43 0 0 35 28 422 100.00000 0
3233 8398 10.80862 0.87012 0.36179 0.93545 21 2 5 17 11 174 100.00000 0
880 4105 11.93766 0.04189 0.48761 2.43462 23 1 1 20 13 249 100.00000 0
5994 8067 10.56765 1.58472 0.86613 2.62659 18 0 0 18 15 145 100.00000 0
1213 4645 10.41249 0.08131 0.57387 2.15486 26 2 6 14 8 299 100.00000 0
1215 4647 11.38444 0.07990 1.08751 1.10216 20 0 1 13 9 255 100.00000 0
3200 8307 10.45604 0.16594 0.12300 1.57371 28 2 6 24 12 287 100.00000 0
5230 6759 11.88507 3.12304 1.30068 1.65138 28 0 0 14 18 368 100.00000 0
8856 8910 10.38949 0.03636 0.29809 2.19909 25 1 2 22 14 310 100.00000 0
3426 8620 11.04902 0.02550 0.37731 0.40056 28 1 4 22 17 202 100.00000 0
981 4224 11.26091 0.41318 0.23154 2.96081 8 0 2 5 5 122 100.00000 0
168 3467 10.54856 0.01504 0.29649 1.07593 29 0 2 18 17 291 100.00000 0
532 3783 11.79261 0.01484 0.45740 0.30390 22 0 0 19 13 236 100.00000 0
229 3516 11.83603 0.02063 0.40746 2.51637 11 0 0 5 4 168 100.00000 0
5407 6672 11.61022 1.98239 0.46305 1.07447 9 0 0 6 6 113 100.00000 0
3233 8332 11.28283 0.19775 0.42365 1.84037 34 0 1 29 9 246 100.00000 0
367 8881 11.25742 0.03415 0.63564 0.67144 53 0 0 53 44 291 100.00000 0
8851 8903 10.87758 0.03191 0.26176 1.83077 39 1 5 39 26 314 100.00000 0
7163 7227 11.30097 1.23672 0.42185 2.56918 19 1 1 14 10 223 100.00000 0
1622 5377 10.00534 0.02559 0.57542 1.29331 13 1 1 9 7 148 100.00000 0
1409 6925 10.24348 2.87217 0.93136 2.04756 15 0 0 9 6 355 100.00000 0
1678 5403 10.94540 1.13851 1.07787 1.78048 31 0 0 17 12 196 100.00000 0
2735 5688 10.25589 0.08270 0.14245 1.37913 17 1 1 11 9 381 100.00000 0
1426 5071 11.44287 0.45463 0.70679 0.64771 29 0 0 17 19 311 100.00000 0
3047 8150 10.53539 0.03481 0.49473 1.26393 16 2 4 14 11 293 100.00000 0
3469 8646 11.29900 0.00978 0.77793 2.34552 25 0 5 12 14 303 100.00000 0
1213 4706 11.12573 0.09906 1.34931 2.50499 11 0 0 5 2 230 100.00000 0
662 3879 10.00162 0.02537 0.40021 0.34830 22 1 0 18 14 298 100.00000 0
65 8585 10.74196 0.02857 0.25196 4.42253 15 0 0 1 6 164 100.00000 0
869 4131 11.49482 0.00704 1.85673 6.51662 18 0 0 15 12 211 100.00000 0
3261 8367 10.18055 0.90672 0.08471 1.08318 26 2 1 22 16 213 100.00000 0
537 3786 10.26905 0.01459 0.22509 0.93419 47 5 2 39 28 307 100.00000 0
2942 6000 10.13712 1.02719 0.29208 1.58412 22 1 0 20 17 183 100.00000 0
339 3582 11.07659 0.02189 0.44170 0.32385 37 2 0 35 26 345 100.00000 0
2591 5585 11.46648 1.38067 0.19843 1.70525 24 1 1 20 12 297 100.00000 0
976 4213 11.91001 0.44477 0.23899 2.36629 11 2 0 9 7 173 100.00000 0
4910 7013 11.18828 2.99508 1.58140 1.45643 50 0 0 28 15 785 100.00000 0
1408 5007 10.78992 0.08551 0.21221 0.95368 21 1 1 13 10 312 100.00000 0
2661 5639 10.78855 0.09797 0.33089 1.96623 44 2 6 39 36 332 100.00000 0
1216 7187 11.86606 2.85067 1.27088 3.54906 34 0 0 23 26 353 100.00000 0
3363 8531 10.02579 0.01563 0.20219 0.76872 56 5 18 53 45 431 100.00000 0
253 3533 10.07381 0.01522 1.72802 1.10995 8 0 0 2 2 199 100.00000 0
3589 8857 11.26583 0.05082 1.51074 6.26798 13 0 1 7 6 188 100.00000 0
1351 7022 10.63067 3.12180 1.61019 2.90582 55 0 0 35 25 901 100.00000 0
1290 4812 10.21574 0.02344 0.75114 1.39858 48 3 5 30 21 546 100.00000 0
2594 5597 11.45521 1.31962 0.67867 1.18234 20 0 0 17 10 183 100.00000 0
2653 5634 11.79973 0.05114 0.47174 2.55021 22 0 3 12 10 295 100.00000 0
3062 8165 11.55130 0.04840 0.18521 1.79471 20 4 1 18 11 288 100.00000 0
1627 5326 11.75301 0.02710 0.37830 1.57595 16 0 0 9 9 242 100.00000 0
6356 7620 10.42478 1.73005 0.69984 3.24619 34 0 1 20 18 483 100.00000 0
1614 5367 10.98412 0.01304 0.55995 0.52339 13 0 0 3 5 206 100.00000 0
3194 8343 11.41136 0.07426 0.56621 1.22812 41 0 1 30 12 355 100.00000 0
7165 7229 11.66662 1.28931 0.95621 2.17223 11 1 0 3 1 226 100.00000 0
914 4142 10.49397 0.00972 0.40475 0.86139 18 0 1 12 10 291 100.00000 0
1224 4670 10.01207 0.05575 0.33349 0.60652 19 0 2 16 13 292 100.00000 0
3605 8830 11.32970 0.06066 0.74136 3.42211 26 0 0 26 20 208 100.00000 0
5382 6692 10.14992 2.20815 0.20245 2.09480 20 1 2 17 12 144 100.00000 0
116 8583 10.99558 0.01661 0.60719 0.99426 13 0 0 10 7 169 100.00000 0
1031 4314 10.09291 0.01767 0.33826 1.12152 46 0 4 43 36 444 100.00000 0
3620 8883 11.31508 0.03541 1.24701 0.70388 43 0 0 43 34 218 100.00000 0
3173 8280 11.97832 0.11593 0.53026 1.08858 25 0 0 16 15 469 100.00000 0
1051 4371 10.37330 0.01401 0.52276 0.45111 26 1 4 23 19 388 100.00000 0
991 4303 11.40733 0.34054 0.68934 0.39267 31 0 0 24 20 264 100.00000 0
333 3578 10.01554 0.02137 0.51445 0.27554 37 0 1 28 24 359 100.00000 0
