0.02218 0.02436
0.03483 0.02216
0.02121 0.01717
0.02094 0.02250
0.01630 0.01624
0.02522 0.02461
0.01737 0.01389
0.02257 0.01811
0.02464 0.02050
0.03198 0.02288
0.03860 0.02627
0.02176 0.03191
0.02035 0.01834
0.02095 0.02065
0.02074 0.02086
0.02182 0.02921
0.03436 0.03602
0.02918 0.03371
0.02038 0.02469
0.02705 0.03151
0.02165 0.01873
0.01751 0.01825
0.02748 0.03480
0.02559 0.01857
0.01729 0.01775
0.02101 0.01835
0.01662 0.00893
0.01864 0.01894
0.02067 0.02003
0.02508 0.01588
0.01917 0.02503
0.03246 0.01974
0.01794 0.01745
0.01939 0.02189
0.02979 0.02315
0.02618 0.03367
0.02003 0.01872
0.01910 0.01469
0.01751 0.01743
0.02744 0.02085
0.01774 0.01389
0.03131 0.02365
0.02790 0.01836
0.01843 0.01735
0.01495 0.01314
0.02561 0.02170
0.03372 0.02200
0.01977 0.02033
0.01694 0.02217
0.02738 0.02438
0.02143 0.01663
0.01849 0.01759
0.02034 0.02054
0.02930 0.02388
0.01810 0.02236
0.02268 0.02425
0.02932 0.02933
0.01981 0.02188
0.03223 0.02459
0.02196 0.02776
0.02416 0.02151
0.02508 0.02192
0.02073 0.01830
0.02372 0.02309
0.02419 0.01609
0.02156 0.01587
0.02506 0.01837
0.02229 0.02064
0.02107 0.01645
0.02061 0.02007
0.01448 0.01255
0.02743 0.02023
0.01736 0.02213
0.01904 0.02019
0.02240 0.02070
0.02384 0.02138
0.01861 0.02305
0.02772 0.02606
0.03336 0.03236
0.01789 0.01874
0.01805 0.01546
0.02992 0.02388
0.02164 0.01473
0.02625 0.02957
0.02676 0.02562
0.02347 0.01883
0.02292 0.02031
0.01709 0.01679
0.01659 0.02169
0.02232 0.02102
0.02653 0.02731
0.03079 0.02702
0.02185 0.01847
0.02302 0.02745
0.01785 0.01612
0.02595 0.03269
0.03043 0.02242
0.01791 0.01756
0.01845 0.01618
0.01660 0.01873
0.01845 0.01363
0.02026 0.01874
0.02449 0.02669
0.03917 0.02326
0.02826 0.01784
0.02201 0.02239
0.02490 0.02639
0.02328 0.02468
0.03982 0.02362
0.01388 0.01267
0.02284 0.02024
0.03040 0.03068
0.02614 0.02296
0.01626 0.01570
0.02107 0.01821
0.01838 0.02040
0.02051 0.02144
0.01881 0.01931
0.02589 0.03469
0.01784 0.01737
0.02833 0.01883
0.02416 0.02046
0.01902 0.01803
0.02542 0.01946
0.01927 0.02425
0.01926 0.01761
0.01808 0.01821
0.02475 0.01933
0.02023 0.01621
0.02758 0.02073
0.01877 0.01576
0.02313 0.02136
0.03199 0.01962
0.02046 0.02502
0.02707 0.01608
0.01864 0.01583
0.02290 0.02269
0.02054 0.01548
0.01776 0.01633
0.02176 0.02058
0.01726 0.01774
0.02679 0.01793
0.02359 0.02872
0.01675 0.01582
0.02572 0.01988
0.02187 0.02135
0.02509 0.02021
0.02646 0.02048
0.02291 0.02330
0.01958 0.02260
0.02046 0.02667
0.02343 0.02483
0.03753 0.02854
0.02642 0.03105
0.01787 0.01777
0.01713 0.01497
0.03277 0.03333
0.02023 0.01781
0.01259 0.01234
0.02263 0.02602
0.02671 0.01789
0.02744 0.03256
0.02297 0.02102
0.02055 0.01981
0.02272 0.02753
0.02779 0.02953
0.02665 0.02851
0.02139 0.02226
0.02526 0.02421
0.02838 0.03040
0.02319 0.02045
0.02198 0.02654
0.02223 0.02495
0.02157 0.02340
0.01916 0.02268
0.02264 0.01854
0.02332 0.02004
0.02535 0.03041
0.02594 0.02897
0.03375 0.03327
0.01600 0.01577
0.02138 0.02387
0.02660 0.02018
0.02285 0.02114
0.02989 0.02621
0.02179 0.02050
0.03159 0.02381
0.02704 0.03181
0.02260 0.02005
0.03023 0.02987
0.02423 0.02431
0.01926 0.02439
0.02896 0.02110
0.02214 0.01729
0.02839 0.01888
0.02194 0.02067
0.02183 0.01879
0.02193 0.02432
0.02604 0.02635
0.01800 0.01669
