0.07324 0.08111
0.08078 0.09387
0.07260 0.07786
0.04754 0.07611
0.06122 0.07142
0.04563 0.07600
0.07097 0.08190
0.07859 0.08210
0.04678 0.07159
0.09293 0.10396
0.06513 0.07778
0.07980 0.08634
0.09220 0.10371
0.04634 0.07081
0.04691 0.06825
0.04972 0.06773
0.04645 0.07502
0.04885 0.07666
0.06824 0.08223
0.05936 0.08832
0.05363 0.06538
0.04845 0.07726
0.07780 0.08812
0.08603 0.10859
0.04883 0.07561
0.04926 0.07296
0.07821 0.09760
0.06769 0.08043
0.04737 0.07433
0.04905 0.07251
0.06731 0.09130
0.07622 0.08760
0.07260 0.08829
0.06362 0.07189
0.07195 0.08315
0.08410 0.08649
0.06402 0.08362
0.06169 0.08709
0.06452 0.08574
0.04965 0.07485
0.05187 0.07274
0.08811 0.10009
0.06614 0.09398
0.08118 0.09270
0.05075 0.05486
0.05000 0.07564
0.05294 0.07583
0.05121 0.06528
0.07160 0.08367
0.07746 0.10560
0.06352 0.07984
0.08284 0.08301
0.08334 0.08454
0.04755 0.06986
0.04627 0.07245
0.06601 0.08568
0.06754 0.08270
0.04728 0.07600
0.06412 0.07985
0.06282 0.09323
0.04983 0.07287
0.06153 0.08572
0.08896 0.10036
0.08182 0.09185
0.08610 0.09989
0.09977 0.10563
0.08346 0.09515
0.04703 0.07252
0.04618 0.07129
0.04745 0.07171
0.07366 0.08507
0.07751 0.09741
0.06009 0.06888
0.06779 0.07408
0.04837 0.07667
0.08030 0.09222
0.04560 0.06962
0.07473 0.09081
0.08190 0.08142
0.08163 0.08193
0.06432 0.06891
0.06991 0.08311
0.04890 0.07024
0.04809 0.07129
0.07064 0.08191
0.05808 0.07397
0.04898 0.07720
0.07674 0.09816
0.05793 0.07336
0.06123 0.06527
0.07139 0.08564
0.08141 0.08322
0.08623 0.10094
0.04881 0.07712
0.08510 0.09865
0.06161 0.06715
0.04464 0.07561
0.05853 0.07002
0.04710 0.07136
0.04914 0.07573
0.04727 0.05961
0.06945 0.08551
0.07626 0.08383
0.04701 0.07588
0.04789 0.07512
0.04690 0.07475
0.06926 0.09165
0.07257 0.07942
0.06242 0.08121
0.06157 0.07935
0.06968 0.08830
0.04778 0.06596
0.08269 0.10437
0.10239 0.10374
0.08602 0.09125
0.05624 0.07303
0.08504 0.10300
0.08580 0.10344
0.06063 0.07553
0.07626 0.07640
0.05437 0.07485
0.08433 0.10402
0.06340 0.07753
0.05930 0.07552
0.04544 0.07497
0.05038 0.07628
0.06103 0.08201
0.06339 0.07356
0.06936 0.07990
0.07146 0.08948
0.07048 0.08393
0.06983 0.09046
0.06746 0.07994
0.08009 0.09411
0.06391 0.08079
0.09146 0.07921
0.06303 0.07347
0.07487 0.10444
0.06363 0.08470
0.05592 0.06694
0.04843 0.07290
0.04820 0.07756
0.08466 0.10033
0.06886 0.08713
0.06231 0.08710
0.09825 0.10032
0.04761 0.07674
0.04653 0.07447
0.08738 0.09944
0.06197 0.09037
0.06205 0.08133
0.04635 0.07242
0.04876 0.07408
0.06201 0.07690
0.09035 0.08492
0.07370 0.08918
0.05604 0.07522
0.08661 0.08623
0.04841 0.07579
0.06876 0.08949
0.04838 0.07803
0.06112 0.07493
0.06949 0.08665
0.04718 0.06979
0.04477 0.07402
0.07254 0.08859
0.07350 0.09801
0.09043 0.09055
0.08730 0.09539
0.07919 0.09094
0.10390 0.10248
0.07428 0.09568
0.04914 0.07352
0.04607 0.07264
0.07551 0.09021
0.07199 0.09315
0.04867 0.07045
0.07355 0.08578
0.04681 0.07572
0.04742 0.07426
0.04681 0.07481
0.04598 0.06928
0.06943 0.08236
0.06069 0.07472
0.07014 0.09099
0.08915 0.08078
0.04566 0.07368
0.06210 0.08425
0.08682 0.09521
0.04760 0.07430
0.06957 0.08473
0.04719 0.07046
0.06415 0.07057
0.06930 0.08603
0.04554 0.07528
0.04796 0.07830
0.06223 0.08211
0.05217 0.06044
0.06647 0.06585
0.05699 0.07611
