0.05319 0.09165
0.08162 0.09710
0.07246 0.08798
0.06253 0.09034
0.06626 0.10512
0.06729 0.09277
0.03410 0.09264
0.05006 0.10467
0.04392 0.08425
0.06886 0.10548
0.06783 0.10094
0.05102 0.10679
0.06950 0.09624
0.06904 0.10193
0.09094 0.09635
0.04531 0.09029
0.03435 0.08727
0.06183 0.08930
0.05001 0.09409
0.03794 0.08535
0.04783 0.08492
0.06177 0.09396
0.03317 0.09114
0.03262 0.09486
0.03391 0.08295
0.04974 0.09947
0.06913 0.09380
0.06353 0.09427
0.07356 0.10749
0.06774 0.10411
0.03319 0.08755
0.03524 0.08840
0.06110 0.09956
0.04567 0.08880
0.05346 0.10684
0.07072 0.10248
0.03279 0.08191
0.06141 0.10486
0.04696 0.09232
0.03849 0.07980
0.07501 0.10735
0.03304 0.08754
0.03350 0.08597
0.06748 0.10080
0.03390 0.08656
0.03173 0.08131
0.05513 0.08344
0.04271 0.09483
0.04204 0.09011
0.04539 0.08907
0.06396 0.09561
0.04944 0.10490
0.04851 0.10595
0.06796 0.09783
0.04149 0.09095
0.06376 0.09591
0.06670 0.10227
0.07825 0.10616
0.04523 0.09689
0.06560 0.09867
0.04276 0.08734
0.05131 0.10329
0.09300 0.08608
0.04240 0.08057
0.03206 0.08142
0.06627 0.10563
0.03373 0.09065
0.06003 0.09321
0.06551 0.10311
0.04387 0.09004
0.04022 0.07966
0.07055 0.10214
0.06131 0.09159
0.03402 0.08748
0.04741 0.09509
0.06154 0.08840
0.06947 0.10471
0.07102 0.10486
0.06916 0.10550
0.03663 0.09326
0.05638 0.10755
0.06367 0.09383
0.04789 0.09423
0.05258 0.08367
0.06835 0.10232
0.03185 0.09134
0.08355 0.10339
0.06982 0.09230
0.04437 0.08662
0.06937 0.09579
0.04713 0.09790
0.05915 0.08775
0.03323 0.08797
0.06630 0.10422
0.03206 0.08518
0.03324 0.08489
0.07071 0.10120
0.05628 0.08372
0.07515 0.08685
0.06295 0.09881
0.04933 0.09213
0.06147 0.09698
0.04991 0.09426
0.08162 0.08434
0.05273 0.10654
0.06784 0.10144
0.04320 0.09633
0.04918 0.09714
0.07011 0.10176
0.04877 0.10044
0.04074 0.08064
0.07381 0.09806
0.03086 0.07573
0.05659 0.09393
0.06296 0.09545
0.05856 0.10082
0.03410 0.09082
0.04510 0.08459
0.04777 0.10016
0.06932 0.10553
0.08027 0.10415
0.04667 0.08337
0.07039 0.10206
0.07036 0.10622
0.04021 0.09024
0.03419 0.08215
0.08047 0.10545
0.04199 0.09653
0.05341 0.10744
0.06969 0.10655
0.07461 0.09616
0.04520 0.09888
0.04832 0.09852
0.07636 0.09474
0.03360 0.08672
0.03385 0.08724
0.04748 0.10249
0.06096 0.09449
0.04647 0.08845
0.04873 0.07765
0.03312 0.08674
0.06614 0.09609
0.04527 0.09308
0.06216 0.09821
0.03361 0.08655
0.07718 0.08661
0.06567 0.10588
0.04746 0.10376
0.05334 0.10592
0.06267 0.09540
0.06513 0.09500
0.03140 0.07968
0.06706 0.10448
0.06406 0.09974
0.06870 0.10319
0.08066 0.09906
0.07887 0.11050
0.03281 0.09020
0.04665 0.10637
0.06784 0.10192
0.04823 0.08387
0.07100 0.09853
0.03296 0.08779
0.06720 0.10498
0.03287 0.08113
0.03273 0.09340
0.04228 0.09913
0.07506 0.10465
0.06090 0.09694
0.06280 0.10109
0.03372 0.08674
0.04820 0.08300
0.05047 0.08665
0.07536 0.10176
0.05511 0.08308
0.04673 0.10543
0.07274 0.10875
0.04860 0.08778
0.05724 0.07840
0.06746 0.09375
0.07435 0.09618
0.07538 0.10082
0.04807 0.09630
0.05034 0.10218
0.04472 0.09765
0.05056 0.11049
0.06170 0.09423
0.03387 0.08827
0.03493 0.08707
0.04225 0.09202
0.03389 0.08102
0.03405 0.08844
0.06411 0.09900
0.05289 0.10451
0.06382 0.09649
0.05408 0.09680
0.06112 0.09731
0.03339 0.08986
0.06892 0.09779
0.05195 0.08327
