4649 7128 11.93529 0.01771 0.47967 0.54751 70 2 19 61 37
4443 6873 11.02617 0.13158 0.46755 0.74336 42 0 2 35 28
3752 6201 11.84601 0.01524 0.72766 0.93377 69 0 4 67 33
3405 8189 10.93333 0.10502 0.38381 0.39958 50 1 4 42 34
4033 6441 11.05593 0.01655 0.50760 0.36477 117 3 19 113 72
3778 6226 11.41256 0.00648 0.31579 0.83977 90 4 11 82 58
4234 6629 10.38452 0.95194 0.17458 2.16754 42 1 1 36 20
341 6194 11.39597 0.01120 0.33428 0.66146 63 6 10 60 49
4556 7022 11.67597 0.04317 0.51612 0.83883 125 8 43 125 101
1030 6875 10.81849 0.03005 0.43087 1.69235 96 2 5 90 62
1824 5095 11.64103 0.49415 0.18937 1.27564 15 1 3 13 7
1293 7098 10.97255 0.13699 0.61505 1.31879 84 0 1 84 54
3944 6376 10.55855 0.01206 0.32346 0.47147 65 5 6 59 47
933 6775 10.03800 0.02212 0.31788 1.26887 63 2 14 63 43
3226 5718 11.80412 0.00926 0.40669 0.58817 65 2 16 59 42
5 3556 11.91419 0.08272 11.89431 5.55753 41 0 0 30 31
1037 6884 11.48712 0.05677 1.02241 3.22197 82 5 12 76 49
854 6658 10.16083 0.77211 0.68451 1.89816 63 2 0 63 46
3211 5675 11.04988 0.02595 0.47043 1.51414 18 1 0 16 13
4006 6416 10.55317 0.01427 0.34052 0.28116 130 11 20 128 100
1327 7122 11.84251 0.19411 0.62454 1.48306 85 0 3 81 57
3441 5888 10.38024 0.05419 0.67336 0.45284 79 0 1 75 51
3266 5757 11.29562 0.01351 0.42664 0.57946 69 4 6 67 54
3472 8296 11.49471 0.85820 0.71205 1.77388 14 4 0 3 4
487 3918 11.58653 0.02687 0.18427 1.48569 259 4 30 254 230
3322 5781 11.59386 0.11993 0.46208 0.49019 22 0 1 20 14
5826 8140 11.38702 0.09844 0.53703 0.39762 31 1 1 26 17
3157 5660 11.31970 0.01270 0.20479 0.75017 50 10 2 45 31
445 3851 11.41232 0.02741 0.38657 0.95777 84 4 12 81 57
348 3764 11.18328 0.01051 0.40521 0.63551 51 0 1 49 41
573 3994 10.54113 0.01101 0.33766 0.49099 49 2 3 47 32
3411 5862 11.81740 0.13350 0.49547 0.76464 78 2 3 78 44
19 6003 11.16368 0.08689 1.44098 4.94316 63 0 0 61 39
2937 5428 10.42640 0.10762 0.48113 2.22844 33 3 2 29 15
4521 6959 11.11017 0.03566 0.28603 2.09144 100 7 7 98 41
1141 6949 11.29022 0.03130 0.59844 0.99662 54 0 0 51 26
896 6739 11.57555 0.02756 0.44329 1.56623 17 0 2 17 9
3560 8381 10.83840 0.01306 0.50066 0.71052 27 0 1 23 18
239 3667 10.32744 0.02300 0.34054 0.26244 128 8 5 120 111
526 6349 10.28858 0.01488 0.24855 0.68300 210 16 58 201 181
3375 8160 10.99334 0.01145 0.41598 0.93503 30 1 7 28 23
3314 5773 11.31026 0.07349 0.50322 0.45284 28 0 4 22 16
559 3981 10.86277 0.03455 0.47404 1.92275 106 3 2 100 88
1281 4628 10.24919 0.05233 0.51864 0.49416 178 0 1 178 134
2822 5288 10.11718 0.99854 0.56345 2.08844 157 1 9 147 94
1110 6954 11.90834 0.16183 0.37700 2.13460 77 2 5 73 43
15 8354 10.42549 0.08890 1.46761 5.10484 34 0 0 30 20
4519 6987 11.85878 0.01741 0.42096 0.32626 77 1 0 77 58
776 4195 10.11140 0.04594 0.77336 2.65122 36 3 7 32 16
3232 5723 11.55818 0.00925 0.33452 0.62307 58 2 12 49 46
765 6594 11.82502 0.01343 0.41156 0.48051 25 0 3 14 14
3513 5945 10.58476 0.26278 0.40896 1.13746 23 0 3 18 17
4300 6721 11.58170 0.02701 0.34767 1.58264 38 1 7 38 24
4424 6849 10.83068 0.02346 0.64639 1.38282 93 3 3 84 63
1065 4462 11.83476 0.46310 0.53406 2.30257 60 3 9 56 35
40 3554 10.16073 0.08193 1.60806 4.68015 48 0 0 46 31
152 3611 10.02994 0.02145 0.40157 0.83930 52 3 6 36 30
4555 6996 10.93425 0.01149 0.40010 0.59938 85 2 1 81 64
3221 5712 10.05706 0.00902 0.31186 0.46309 37 3 7 32 26
4223 6612 11.68749 0.55818 0.65416 1.38649 80 2 3 76 49
52 6004 11.91533 0.08659 1.54313 4.90848 43 0 0 39 37
4050 6483 11.87272 0.02902 0.43377 1.00561 106 7 9 100 78
1574 4917 11.39291 0.44359 0.31394 0.73275 91 2 11 86 65
76 6006 11.60326 0.05192 13.64072 2.68190 36 0 0 23 25
5748 8053 11.41390 0.06130 0.33450 3.52981 51 1 8 46 28
5811 8149 10.59780 0.10994 0.34460 0.31153 62 2 13 60 53
19 8354 10.42549 0.08890 1.43004 5.08800 30 0 0 27 23
697 4085 10.47655 0.03896 0.37541 1.99547 112 3 19 100 61
658 6469 11.31732 0.02886 0.29714 1.00015 91 8 14 89 61
265 3714 10.63420 0.00750 0.55545 0.14537 62 1 5 57 52
12 8322 11.21823 0.08738 1.70871 4.86502 88 0 0 80 68
1354 7152 11.74554 0.25290 1.02037 4.84816 70 0 0 56 19
982 4354 10.08860 0.02051 0.29389 1.14124 44 2 6 40 31
588 6407 11.08082 0.01992 0.53310 1.02603 83 2 0 83 61
4449 6918 10.30606 0.50423 0.14249 0.96510 63 15 5 57 36
4413 6834 11.83096 0.03588 0.91913 2.07226 112 1 2 107 55
435 3869 11.33370 0.02385 0.33590 0.79031 97 1 8 95 87
1462 4785 10.81402 0.13086 0.62070 0.66323 90 0 3 86 50
940 6784 10.78474 0.01877 0.69743 1.13229 99 0 5 96 79
1288 4634 10.10573 0.04631 0.49250 0.62432 169 2 7 161 147
3382 8192 10.37690 0.07589 0.09560 0.25488 23 1 4 23 12
388 3800 11.93879 0.01249 0.35247 0.67551 94 5 8 90 66
232 6100 10.33315 0.02395 0.37906 0.55953 85 5 8 85 73
1623 4923 10.71171 0.25053 0.41318 0.67493 103 3 6 99 58
31 6002 10.15824 0.08518 1.57568 4.84112 54 0 0 54 41
126 8406 10.34363 0.00614 0.75245 0.27268 82 0 6 82 58
183 8449 10.06505 0.01437 0.19797 0.90005 108 10 11 106 94
184 3641 11.34454 0.02533 0.15151 1.46500 48 2 4 41 31
5873 8193 10.06865 0.10818 0.44434 0.45800 103 3 4 101 75
3490 8256 10.33907 0.79211 0.14955 1.02182 59 4 3 55 40
5681 7959 10.04026 1.55400 1.02509 2.73481 27 0 3 20 13
6014 8389 10.08883 0.01310 0.42962 0.69998 53 3 11 53 43
126 3566 10.05762 0.01112 0.41961 0.64041 79 1 7 73 59
5996 8328 11.54457 0.00744 0.60049 0.76208 68 1 2 62 54
3217 5709 10.30701 0.00868 0.22827 0.71272 27 4 2 27 22
6076 8526 10.06636 0.02268 0.47774 0.66676 61 2 1 59 52
1650 4977 10.03832 0.01948 0.50236 1.23162 66 1 3 66 45
3246 5734 10.05621 0.01453 0.42941 1.14261 54 2 4 37 37
4090 6495 11.19621 0.02463 0.18358 0.91771 58 0 10 56 39
3568 8355 11.78559 0.00563 0.22447 0.12195 63 5 5 59 54
913 4293 10.06906 0.02383 0.45156 1.34348 63 2 3 63 43
1153 6989 10.13440 0.00970 0.37143 0.55673 108 7 18 104 76
373 6221 11.64406 0.00891 0.38790 0.46646 130 7 9 128 112
3404 8188 11.05766 0.10109 0.37331 0.13122 49 0 1 41 23
485 6314 10.04627 0.02404 0.21153 0.60974 223 6 71 223 212
3243 8055 11.06274 0.01484 0.58438 1.02527 45 0 3 40 28
187 6085 10.80929 0.02337 0.32131 1.10748 48 1 3 42 39
1025 4422 10.31478 0.02083 0.30692 0.97879 160 6 32 158 120
3396 8208 10.93773 0.12645 0.28996 0.88204 85 6 14 83 46
6107 8595 11.39122 0.03060 0.54850 0.82662 43 1 2 38 32
3843 6284 11.17433 0.02301 0.20673 0.90828 136 22 8 132 95
4457 6890 10.49150 0.41907 0.60287 2.97032 52 1 1 50 21
359 3800 10.63139 0.01759 0.27367 0.99623 169 9 29 169 138
1543 4854 11.95271 0.16610 0.41800 1.78070 67 3 6 59 38
5796 8133 10.43753 0.14704 0.40625 0.18767 32 0 3 28 18
3686 8576 10.83173 0.01491 0.45547 0.66500 84 3 3 78 69
2828 5329 11.49547 0.72360 0.64785 3.21041 29 2 0 29 18
33 95 10.63715 0.07637 1.36743 4.34983 37 0 0 35 23
1276 7108 10.84387 0.05532 0.49006 0.49337 181 4 7 181 155
1553 4891 10.45509 0.24500 0.33831 0.58684 178 5 26 173 149
832 6624 11.04188 0.83572 0.17577 1.81273 44 3 0 38 25
5695 8031 11.79649 0.01054 0.50135 0.52638 23 2 1 23 17
41 3555 11.17761 0.08304 1.66529 4.83465 36 0 0 34 25
1006 4374 11.13627 0.04693 0.40623 2.70617 93 4 6 91 65
4551 7017 11.68665 0.03921 0.47877 0.67377 89 0 11 87 69
3284 5741 11.28120 0.01391 0.47172 0.81325 44 1 4 42 33
5672 7996 10.28090 0.14077 0.30164 2.03413 34 0 4 32 16
5916 8282 10.87892 0.81725 0.49986 0.93461 30 4 5 24 16
4098 6503 10.78399 0.04512 0.23030 2.45718 78 4 9 71 48
854 4225 11.73332 1.04119 0.76458 0.98039 19 0 2 19 9
731 4116 11.05272 0.01700 0.40334 0.69886 61 2 5 50 45
3536 8317 10.27139 0.02715 0.43425 0.43431 64 6 1 64 44
3498 5924 11.98702 0.97594 0.40826 1.25554 39 2 0 37 20
6053 8466 10.56577 0.02281 0.58500 0.72199 48 5 8 43 33
5766 8071 11.97288 0.04725 0.78022 2.75520 46 2 9 41 27
4441 6910 10.14122 0.47717 0.52330 2.12265 76 4 2 65 36
418 3828 10.29530 0.05376 0.44608 3.03809 221 15 7 217 127
29 3527 10.69874 0.08715 1.38870 5.01977 100 0 0 98 80
4053 6485 11.17804 0.03804 0.10383 1.85393 97 2 14 92 65
4142 6566 10.16146 0.08733 0.32659 0.58215 144 7 21 132 111
3216 7981 11.85666 0.74872 0.83198 0.73168 24 0 0 15 11
3113 5617 10.05663 0.01209 0.40765 0.64346 19 0 4 15 12
783 6618 11.04949 0.22715 0.66196 0.47806 51 0 1 45 28
3663 6090 11.56746 0.02210 0.24482 0.38563 26 1 5 24 13
3293 5752 10.61418 0.03534 0.31871 2.03663 79 3 13 77 49
523 3924 10.79563 0.02087 0.29782 0.16786 249 18 44 243 217
1692 5012 10.28561 0.00741 0.54630 1.74540 90 0 4 85 74
343 6219 10.09782 0.00714 0.39332 0.23070 179 9 13 179 149
599 3996 10.03216 0.02180 0.34785 0.39565 90 3 9 86 73
5675 8001 10.09544 0.06131 0.56040 2.21682 27 3 0 25 13
551 6396 11.65850 0.06585 0.27055 3.84033 52 1 3 47 27
1690 5010 10.04298 0.00544 0.50083 0.79130 45 2 5 45 38
1227 7056 10.03183 0.05889 0.36636 0.19584 199 5 5 183 164
4111 6539 10.20334 0.06865 0.65532 0.30261 70 1 0 63 55
1254 4604 10.85307 0.04707 0.45144 0.83181 121 6 32 113 82
4497 6965 10.74697 0.02188 0.31907 1.28329 63 1 0 61 40
3 8354 10.42549 0.08890 1.48312 5.10607 32 0 0 28 25
5666 7957 11.07263 1.59438 0.80248 2.06336 22 2 1 19 10
4226 6617 10.93077 0.65447 0.50355 1.74764 78 3 5 74 41
569 3991 11.36056 0.02684 0.42888 1.45938 37 1 2 35 17
143 6027 10.32329 0.01450 0.26691 0.85088 83 3 21 74 59
179 3609 11.79688 0.01474 0.55837 0.84811 54 1 0 42 39
1554 4864 11.48628 0.21263 0.24504 1.04755 113 5 15 103 83
89 8333 11.01928 0.02395 0.30559 0.71873 43 0 2 37 28
22 8355 10.68106 0.09103 1.83442 5.25814 40 0 0 33 29
981 6788 11.51908 0.02512 0.43942 1.41803 74 1 1 72 49
4014 6422 11.51188 0.03176 0.30569 1.37828 78 6 11 76 53
52 3555 11.17761 0.08304 1.37638 4.76428 37 0 0 33 30
3588 8387 10.27868 0.00328 0.21854 0.14265 47 2 3 45 30
3232 8008 10.80129 0.00840 0.54715 1.10889 14 0 1 12 9
583 3981 10.27124 0.01730 0.35474 0.88204 50 4 4 47 40
4435 6905 11.38197 0.38724 0.65268 2.79288 26 0 0 17 9
4399 6857 10.26603 0.03781 1.03904 2.16609 140 7 41 136 74
5891 8208 11.12651 0.12271 0.71814 1.87805 97 1 1 93 65
1623 4956 10.78291 0.02586 0.47029 1.01799 115 0 5 105 91
3339 5822 10.38137 0.11192 0.54633 0.12511 36 1 0 33 24
34 95 10.63715 0.07637 1.55308 4.45140 41 0 0 38 35
3320 8103 10.59609 0.10287 0.22108 0.45197 42 4 5 42 35
4278 6695 11.81124 0.00851 0.56480 0.76719 39 1 1 37 35
1845 5125 11.28235 1.16774 0.59193 0.46730 53 0 0 51 30
1213 7045 11.83461 0.06877 0.33801 0.31153 110 2 5 101 86
5680 7957 10.56065 1.57333 0.59311 2.71079 18 0 2 12 7
5724 8030 10.80381 0.01483 0.32434 0.61676 51 2 4 40 30
602 4022 10.02787 0.02106 0.30751 0.94212 97 11 10 95 66
5673 8001 11.60502 0.06474 0.92314 3.20394 12 0 3 12 7
4044 6477 11.89692 0.04528 0.20661 2.09406 91 2 6 89 70
608 6450 11.59272 0.01759 0.13583 0.23070 103 8 24 97 64
4198 6641 10.61259 0.56086 0.42768 1.08643 76 1 0 74 38
3299 5788 11.83617 0.10469 0.63136 1.07009 23 1 7 21 15
3229 5689 11.96084 0.05460 12.95505 5.62295 17 0 0 4 6
33 3554 10.16073 0.08193 1.63690 4.71783 50 0 0 50 32
807 4190 11.48508 0.15506 0.50469 1.39213 76 1 12 72 47
3493 8309 11.86674 0.32454 0.67871 1.69743 44 8 1 44 31
152 6033 11.33923 0.01341 0.67073 0.81373 41 0 1 28 21
4670 7154 11.58319 0.21279 0.68319 3.46893 51 0 2 45 20
3523 5955 11.03610 0.06987 0.52207 0.96874 36 0 0 31 24
1206 4583 10.65921 0.05138 0.18373 0.62181 211 24 51 207 176
3509 8280 11.67359 0.57119 0.36838 1.18300 32 2 3 25 11
888 6732 11.29920 0.02043 0.50959 1.10712 40 3 1 35 27
242 3670 10.09476 0.01918 0.25626 0.38155 43 5 5 39 32
