0.06206 0.09016 0.01112
0.04159 0.13178 0.01887
0.03974 0.11331 0.00777
0.04069 0.12435 0.00290
0.03539 0.16038 0.01872
0.03828 0.12077 0.01893
0.02187 0.09607 0.00284
0.03344 0.11192 0.01869
0.02609 0.09619 0.01775
0.03389 0.16569 0.02016
0.04499 0.15233 0.02045
0.02757 0.11147 0.01921
0.05098 0.13697 0.01942
0.03439 0.16769 0.00228
0.03768 0.14671 0.01791
0.02176 0.09562 0.01910
0.02225 0.08727 0.00887
0.04698 0.11686 0.00304
0.02718 0.10368 0.02569
0.02164 0.08610 0.02757
0.02856 0.10763 0.00330
0.04070 0.12383 0.01902
0.02218 0.09480 0.01478
0.02140 0.09435 0.00369
0.02073 0.07820 0.02400
0.04289 0.09977 0.01320
0.03916 0.13084 0.02118
0.03811 0.12462 0.01175
0.02836 0.11611 0.02151
0.03797 0.14766 0.00906
0.02163 0.09310 0.00283
0.02311 0.08060 0.01125
0.03367 0.13568 0.00859
0.02642 0.09194 0.04669
0.02779 0.10964 0.01962
0.03885 0.15689 0.02150
0.02072 0.07840 0.01260
0.03644 0.14318 0.01904
0.02781 0.10384 0.02040
0.02103 0.08284 0.01963
0.04453 0.16073 0.00751
0.02119 0.09287 0.00788
0.02848 0.09213 0.00325
0.03516 0.14146 0.01577
0.02449 0.08741 0.02046
0.02124 0.08149 0.00951
0.02514 0.09250 0.01993
0.02453 0.08615 0.02793
0.02474 0.08885 0.01501
0.02612 0.09627 0.00996
0.03792 0.12725 0.01925
0.04728 0.10370 0.01072
0.02773 0.09580 0.01373
0.04447 0.13862 0.02062
0.02460 0.09146 0.01920
0.04611 0.13309 0.02008
0.03387 0.15752 0.01903
0.03512 0.15693 0.01907
0.03723 0.09515 0.02666
0.04520 0.13399 0.00726
0.02599 0.08696 0.01871
0.03814 0.10680 0.01909
0.05499 0.12041 0.01057
0.02891 0.09082 0.01252
0.02991 0.07763 0.01019
0.03934 0.15733 0.01072
0.03041 0.09604 0.01086
0.02592 0.09586 0.00458
0.04696 0.16161 0.00973
0.02645 0.09082 0.01924
0.03235 0.11012 0.00546
0.03647 0.15307 0.00433
0.03728 0.12486 0.01789
0.02213 0.09105 0.00308
0.02917 0.11383 0.00291
0.03435 0.11400 0.01903
0.03740 0.15930 0.01937
0.03728 0.16415 0.01901
0.03578 0.15482 0.00845
0.02268 0.09299 0.01626
0.02809 0.11005 0.00863
0.03668 0.12915 0.00300
0.04030 0.09574 0.02403
0.03043 0.09902 0.00286
0.04719 0.16207 0.00238
0.02102 0.08446 0.00887
0.03732 0.15084 0.01919
0.03933 0.13159 0.01610
0.02216 0.08986 0.00674
0.04045 0.12746 0.00393
0.02649 0.08627 0.02040
0.03628 0.11334 0.00937
0.02145 0.08802 0.01963
0.05066 0.16106 0.02120
0.02194 0.08945 0.00183
0.02154 0.08753 0.00996
0.03514 0.16560 0.00819
0.04275 0.11028 0.00319
0.04688 0.11734 0.01654
0.04650 0.12509 0.01907
0.02913 0.11052 0.01221
0.03385 0.13501 0.01760
0.03266 0.11601 0.01994
0.03107 0.10326 0.00917
0.02921 0.10459 0.00828
0.03611 0.16056 0.01944
0.02586 0.09668 0.01891
0.03241 0.10319 0.02328
0.03533 0.15706 0.00889
0.02709 0.11309 0.00511
0.02421 0.07653 0.01070
0.03851 0.12814 0.01860
0.03196 0.07503 0.00433
0.02610 0.09281 0.00303
0.04754 0.12795 0.01625
0.02688 0.10260 0.01239
0.02227 0.09401 0.00233
0.02769 0.10050 0.01269
0.02742 0.09676 0.01360
0.04032 0.16146 0.01704
0.04695 0.15417 0.01767
0.02626 0.09381 0.00841
0.05411 0.16569 0.00281
0.03691 0.16273 0.02004
0.03156 0.09344 0.01120
0.02067 0.07287 0.00993
0.03626 0.14593 0.01928
0.02465 0.08947 0.01068
0.02742 0.11537 0.00317
0.04099 0.16400 0.01756
0.03758 0.14757 0.02146
0.02881 0.09964 0.00228
0.02853 0.10381 0.00603
0.05005 0.12608 0.01942
0.02235 0.09051 0.02077
0.02156 0.09146 0.00326
0.02884 0.11362 0.01789
0.03414 0.12677 0.00685
0.02164 0.09298 0.01776
0.02901 0.09434 0.00763
0.02199 0.08757 0.01976
0.03453 0.13335 0.00734
0.02644 0.09438 0.03585
0.04417 0.12816 0.01019
0.02261 0.08801 0.01954
0.05784 0.12047 0.02327
0.03466 0.15621 0.00351
0.04319 0.07914 0.01158
0.02817 0.11335 0.00306
0.03332 0.12155 0.01892
0.03779 0.13188 0.00304
0.02093 0.07873 0.01912
0.03583 0.09789 0.00888
0.04346 0.13123 0.01734
0.03463 0.16063 0.00672
0.04696 0.12904 0.00894
0.05057 0.16368 0.01124
0.02269 0.09763 0.01886
0.02696 0.09605 0.02942
0.03645 0.15604 0.01982
0.02124 0.08091 0.00943
0.03564 0.15656 0.01876
0.02988 0.09319 0.00257
0.03490 0.14543 0.01515
0.02241 0.08031 0.00202
0.02177 0.09744 0.01144
0.02476 0.09599 0.00427
0.03541 0.17179 0.00765
0.03278 0.13267 0.01900
0.04037 0.12780 0.02559
0.02168 0.09030 0.00956
0.03067 0.10310 0.02063
0.03174 0.10666 0.02147
0.03493 0.14785 0.01669
0.03158 0.10837 0.02046
0.02742 0.11286 0.01878
0.02868 0.11331 0.00392
0.03170 0.08797 0.01963
0.03364 0.09470 0.01734
0.03455 0.12807 0.01393
0.03800 0.15180 0.02118
0.03382 0.13859 0.02961
0.02561 0.09618 0.01761
0.02629 0.10618 0.01882
0.02621 0.10388 0.00768
0.03088 0.10878 0.00318
0.03368 0.12331 0.01906
0.02269 0.08764 0.00380
0.02203 0.09048 0.01984
0.02441 0.08644 0.00170
0.02352 0.08021 0.00307
0.02300 0.09014 0.01360
0.03783 0.12994 0.00443
0.04093 0.08358 0.00273
0.03844 0.12646 0.00376
0.02721 0.08782 0.03259
0.03310 0.14246 0.00684
0.02302 0.09303 0.01531
0.04543 0.13330 0.01842
0.03035 0.10143 0.01101
