0.08185 0.03928
0.02112 0.02810
0.02944 0.02421
0.02126 0.03257
0.02434 0.02464
0.02758 0.02084
0.02150 0.01840
0.01847 0.02183
0.03689 0.02464
0.01797 0.02039
0.02526 0.04022
0.02112 0.02318
0.01953 0.01874
0.02265 0.03241
0.02207 0.02278
0.02799 0.03725
0.01446 0.01454
0.02646 0.02326
0.02296 0.02262
0.02183 0.03077
0.02781 0.03923
0.02583 0.02210
0.01975 0.02258
0.01866 0.02172
0.02296 0.02394
0.03380 0.02237
0.02552 0.02886
0.03238 0.03305
0.02120 0.02749
0.01489 0.01695
0.02011 0.01797
0.01275 0.01398
0.03485 0.03337
0.02205 0.02325
0.02574 0.02884
0.02375 0.03074
0.01760 0.02295
0.01890 0.02213
0.02801 0.03002
0.02901 0.03890
0.02400 0.02317
0.03190 0.03706
0.02232 0.02244
0.02051 0.03048
0.02665 0.02314
0.01957 0.03126
0.02128 0.02276
0.02286 0.03025
0.02593 0.03416
0.02249 0.03238
0.03444 0.02716
0.02491 0.02200
0.03263 0.02606
0.02302 0.03094
0.02107 0.02255
0.02166 0.02307
0.02390 0.02529
0.02491 0.02629
0.02130 0.02834
0.02947 0.03418
0.02752 0.02789
0.02779 0.03636
0.02404 0.02867
0.02223 0.02680
0.03348 0.02114
0.02474 0.03145
0.02302 0.01995
0.02754 0.02294
0.01880 0.02383
0.02148 0.02604
0.02624 0.02320
0.02196 0.02379
0.03634 0.03815
0.02607 0.03103
0.02305 0.02379
0.02391 0.03600
0.02286 0.02653
0.02193 0.02367
0.02336 0.02700
0.01988 0.03352
0.01936 0.02960
0.02750 0.03915
0.02755 0.03502
0.01695 0.01748
0.01864 0.02221
0.02240 0.02300
0.01810 0.02200
0.02082 0.02948
0.02029 0.03035
0.02612 0.02845
0.02210 0.02292
0.01371 0.01323
0.01486 0.01561
0.01914 0.02263
0.01882 0.02123
0.02174 0.03355
0.02202 0.02480
0.02125 0.03088
0.03497 0.04698
0.01617 0.01615
0.02231 0.03316
0.02041 0.02202
0.02329 0.02264
0.02500 0.02324
0.02691 0.03741
0.02603 0.01880
0.02026 0.02112
0.02813 0.04227
0.02446 0.03382
0.02346 0.02482
0.02037 0.02164
0.02053 0.02384
0.01990 0.02055
0.04489 0.03310
0.02573 0.04057
0.02286 0.02489
0.02172 0.02936
0.01989 0.01821
0.02390 0.02898
0.03694 0.01809
0.02168 0.02265
0.03842 0.02304
0.02300 0.02329
0.02039 0.02235
0.02740 0.02481
0.02246 0.02053
0.02994 0.03843
0.01971 0.02456
0.01277 0.01144
0.02215 0.02243
0.02322 0.03160
0.02190 0.02247
0.03606 0.03940
0.02231 0.01788
0.02877 0.02326
0.02458 0.03661
0.02652 0.03712
0.02355 0.03347
0.01520 0.02445
0.02062 0.02485
0.02758 0.03967
0.01823 0.02284
0.01532 0.01411
0.03285 0.04057
0.02739 0.01776
0.02251 0.02515
0.02483 0.03659
0.02397 0.02625
0.02195 0.02200
0.02627 0.02172
0.01938 0.02129
0.01868 0.02295
0.02921 0.02994
0.01962 0.02205
0.02695 0.02685
0.02354 0.01727
0.02133 0.02310
0.01888 0.02076
0.02776 0.03342
0.02904 0.03227
0.02560 0.02376
0.01818 0.02148
0.02778 0.03714
0.02029 0.02156
0.02177 0.02107
0.01841 0.01959
0.01963 0.02177
0.02123 0.02217
0.02085 0.02267
0.01765 0.02705
0.02300 0.02402
0.02019 0.02486
0.01929 0.02496
0.02244 0.02207
0.03402 0.03228
0.01961 0.01893
0.03181 0.02177
0.02111 0.01834
0.04641 0.03724
0.02249 0.02469
0.03298 0.02896
0.02018 0.02569
0.01801 0.02197
0.01914 0.02344
0.02270 0.03386
0.02046 0.01967
0.02568 0.03022
0.02324 0.02357
0.02076 0.02338
0.01677 0.02041
0.03189 0.03253
0.02810 0.03524
0.01975 0.02227
0.02755 0.03419
0.02245 0.02342
0.01851 0.01683
0.03148 0.02724
0.01609 0.02360
0.02137 0.02140
0.02644 0.02604
