551 7156 11.19273 2.95583 9.46446 8.87232 26 0 0 11 7 287 100.00000 0
3084 5477 11.92975 3.13191 10.33865 179.44680 87 0 2 41 55 1126 100.00000 0
3060 5475 10.45492 3.13401 10.24949 179.56524 91 4 0 62 53 1130 100.00000 0
2203 3079 11.05481 0.02316 12.72462 1.32854 89 0 0 66 61 1225 100.00000 0
2202 2791 11.49669 0.02420 13.21821 1.38706 71 0 0 61 47 1053 100.00000 0
512 7197 11.98086 3.08385 19.49069 19.26648 15 0 0 9 8 206 100.00000 0
523 7191 11.64097 3.05963 8.37238 175.30364 19 0 0 14 10 224 100.00000 0
3052 5476 11.20570 3.13283 10.13446 179.50822 85 2 0 49 43 1017 100.00000 0
2484 5477 11.93388 3.13196 10.17893 179.44751 77 0 0 60 56 1014 100.00000 0
2411 5476 11.20983 3.13290 10.46642 179.50822 76 0 2 40 45 1061 100.00000 0
2924 5477 11.92975 3.13191 10.25182 179.44680 79 1 0 51 52 1054 100.00000 0
1245 6486 11.55414 3.11703 12.61677 11.55885 8 0 0 5 2 271 100.00000 0
2309 5476 11.20983 3.13290 10.40566 179.50822 71 0 1 32 37 992 100.00000 0
2550 5477 11.93388 3.13196 10.58456 179.44751 71 0 0 44 48 821 100.00000 0
2518 5476 11.20983 3.13290 10.46565 179.50822 92 1 2 60 61 968 100.00000 0
2320 5475 10.45907 3.13408 10.26644 179.56524 88 0 0 65 55 914 100.00000 0
2679 5476 11.20983 3.13290 10.51060 179.50822 84 2 2 47 59 894 100.00000 0
2960 5476 11.20570 3.13283 10.20867 179.50822 66 0 2 55 45 1007 100.00000 0
4144 6485 11.09883 3.11521 3.02702 8.95076 6 0 0 1 0 247 100.00000 0
3097 5477 11.92781 3.13194 10.46455 179.44822 85 1 0 53 59 1024 100.00000 0
2897 5476 11.20570 3.13283 10.49625 179.50822 82 3 0 58 58 1010 100.00000 0
2202 2529 11.49669 0.02420 13.53253 1.38706 83 0 0 51 49 1138 100.00000 0
