4788 7095 10.81350 3.14082 2.14003 0.78335 60 0 0 48 22 549 100.00000 0
38 3387 11.50802 0.00420 2.36537 0.91172 50 0 0 39 21 212 100.00000 0
39 8586 11.48626 0.03120 2.16729 0.46814 11 0 0 8 6 69 100.00000 0
4737 7202 11.02315 2.65492 2.50761 0.92788 32 0 0 26 11 217 100.00000 0
17 3387 11.50802 0.00420 2.30554 0.84765 48 0 0 48 32 211 100.00000 0
1326 7027 10.51857 2.99876 2.09542 2.22686 103 0 0 70 26 797 100.00000 0
4796 7122 11.95018 3.03352 2.21740 1.50220 33 0 0 24 9 398 100.00000 0
4771 7103 10.65832 3.09293 2.15754 1.44834 64 0 0 30 26 488 100.00000 0
45 100 11.49053 0.02079 2.22997 1.33354 16 0 0 16 8 94 100.00000 0
49 3414 11.75156 0.02822 2.12501 0.82662 26 0 0 24 11 114 100.00000 0
6037 7988 11.05039 3.13779 19.33618 51.35903 6 3 0 2 3 75 100.00000 0
25 8585 10.74196 0.02857 2.75235 2.77220 15 0 0 7 6 83 100.00000 0
5217 6790 11.76252 3.13150 34.79079 91.75843 3 0 0 1 1 35 100.00000 0
1250 7185 11.46706 2.97565 2.59142 0.83416 30 0 0 25 8 229 100.00000 0
1248 7191 10.42904 2.91139 2.32242 0.75589 41 0 0 37 20 285 100.00000 0
1216 7187 11.86606 2.85067 3.08017 2.83518 49 1 1 29 8 401 100.00000 0
1541 6820 11.95588 3.13107 7.46361 7.67251 5 0 0 2 2 74 100.00000 0
1614 5367 10.98412 0.01304 2.16393 0.80794 29 9 16 23 8 223 100.00000 0
56 8547 11.75274 0.00574 2.04771 0.89613 43 0 0 43 27 220 100.00000 0
4782 7130 10.77576 3.06593 2.34484 1.70272 54 0 0 47 18 370 100.00000 0
