4788 7095 10.81350 3.14082 2.11365 0.87447 154 0 0 141 69 970 100.00000 0
38 3387 11.50802 0.00420 2.44239 0.64163 77 0 0 69 48 352 100.00000 0
39 8586 11.48626 0.03120 2.27671 1.59053 28 0 0 26 19 167 100.00000 0
4737 7202 11.02315 2.65492 2.13079 0.31775 53 0 0 48 27 373 100.00000 0
17 3387 11.50802 0.00420 2.44132 0.74019 65 0 0 61 43 355 100.00000 0
42 3414 11.75156 0.02822 2.27355 1.06973 56 0 0 54 42 198 100.00000 0
4796 7122 11.95018 3.03352 2.24677 1.84377 75 0 0 67 36 538 100.00000 0
45 100 11.49053 0.02079 2.73222 0.72036 52 0 0 42 36 191 100.00000 0
49 3414 11.75156 0.02822 2.17182 0.60393 35 0 0 27 24 164 100.00000 0
25 8585 10.74196 0.02857 2.42847 1.82585 39 0 0 34 27 139 100.00000 0
5217 6790 11.76252 3.13150 26.30477 138.97431 3 0 0 1 1 71 100.00000 0
1248 7191 10.42904 2.91139 2.29458 0.58617 63 0 0 63 30 363 100.00000 0
4968 6996 11.42188 3.09670 10.72876 177.42960 25 0 0 20 12 290 100.00000 0
1216 7187 11.86606 2.85067 2.18853 2.71930 82 0 0 61 26 588 100.00000 0
1541 6820 11.95588 3.13107 7.29096 179.40686 4 0 0 2 2 99 100.00000 0
4859 7081 11.68554 3.11619 2.09387 0.60198 85 0 0 79 22 520 100.00000 0
6356 7620 10.42478 1.73005 4.26968 2.74908 63 0 0 57 31 388 100.00000 0
56 8547 11.75274 0.00574 2.21791 0.96388 108 0 0 106 82 440 100.00000 0
