4287 4537 3.98529 0.01043 0.42870 0.59083 136 84 12 133 95 533 100.00000 0
4556 5004 5.97740 0.01344 0.15711 0.83509 88 77 8 82 61 461 100.00000 0
532 3532 3.84698 0.04684 0.16191 0.77025 85 72 6 80 67 224 100.00000 0
4549 4997 3.47821 0.01281 0.38118 0.83416 82 53 8 82 52 381 100.00000 0
2223 2381 3.35183 0.00582 0.23371 0.38155 201 172 13 196 164 814 100.00000 0
2410 5464 3.76503 3.12787 0.51005 1.36286 222 118 23 214 128 797 100.00000 0
4291 4838 2.73718 0.00865 0.32135 0.50202 164 104 16 152 111 581 100.00000 0
2221 2807 3.94570 0.00747 0.30593 0.34943 169 133 9 167 137 737 100.00000 0
2452 5457 4.01641 3.10230 0.60195 1.36716 123 54 14 114 71 592 100.00000 0
2331 3128 5.91297 0.01714 0.07693 0.92196 131 111 16 127 93 642 100.00000 0
2037 5615 3.81151 3.12887 0.95771 0.43341 168 4 12 164 68 693 100.00000 0
4611 5001 4.73126 0.01093 0.23384 0.62683 117 104 6 113 89 537 100.00000 0
4837 5004 5.97740 0.01344 0.24991 0.92111 99 71 3 93 68 436 100.00000 0
2704 3117 2.12758 0.01517 0.04901 0.86863 346 321 19 342 299 922 100.00000 0
2707 3124 4.34886 0.01483 0.14077 0.81373 197 182 9 193 159 739 100.00000 0
2579 3121 3.28185 0.01636 0.12070 0.92957 218 182 26 209 159 824 100.00000 0
2741 5456 4.44895 3.09745 0.63621 1.38395 149 51 19 125 84 697 100.00000 0
412 7229 4.90072 3.07910 0.93384 0.60909 49 0 1 45 28 227 100.00000 0
4289 4596 3.22907 0.01504 0.45418 0.87312 119 59 15 111 69 520 100.00000 0
22 102 3.25704 0.00488 1.33729 0.32626 196 0 0 191 162 732 100.00000 0
2970 5455 4.79896 3.09115 0.70442 1.39718 162 33 9 151 95 670 100.00000 0
3918 6713 5.78295 2.90036 0.75705 0.77278 66 4 3 62 27 284 100.00000 0
4353 4993 2.23027 0.01160 0.21349 0.67724 186 153 19 180 136 612 100.00000 0
2217 2512 5.22173 0.00973 0.38759 0.38155 97 64 8 91 72 688 100.00000 0
2224 2665 3.10134 0.00535 0.24570 0.39267 172 138 9 161 137 761 100.00000 0
5226 5307 4.48813 0.00888 0.19262 0.64041 145 107 17 141 101 731 100.00000 0
4517 5004 5.97740 0.01344 0.33705 0.78034 94 76 8 92 72 438 100.00000 0
4348 5001 4.73126 0.01093 0.29491 0.61802 118 88 12 108 77 527 100.00000 0
1398 6334 5.30692 3.13567 1.11434 1.53493 128 0 0 124 70 424 100.00000 0
5230 5296 3.49009 0.00805 0.15852 0.45542 172 133 22 166 118 905 100.00000 0
2242 5465 4.03619 3.13024 0.53040 1.40667 215 83 27 211 144 722 100.00000 0
1723 5904 3.22369 3.12524 0.65943 0.69549 223 79 9 218 136 848 100.00000 0
4337 4996 2.98026 0.01184 0.21331 0.67551 146 120 12 140 104 527 100.00000 0
3547 7156 3.28649 3.13784 1.44813 1.80103 78 1 0 72 35 384 100.00000 0
2222 2887 3.62943 0.00763 0.29802 0.37115 160 123 15 152 130 731 100.00000 0
2435 5464 3.76503 3.12787 0.51039 1.36544 224 107 23 221 144 759 100.00000 0
1808 5823 3.84015 3.06528 0.32388 1.63542 170 60 14 160 112 599 100.00000 0
1755 5875 4.17844 3.12753 0.73141 0.66146 111 12 14 100 45 864 100.00000 0
1154 4044 5.74034 0.03399 0.33058 0.20936 119 85 17 115 92 581 100.00000 0
4282 4455 5.98441 0.01060 0.39414 0.60393 109 74 14 105 75 458 100.00000 0
5246 5373 3.98625 0.00860 0.38512 0.48376 118 70 10 116 77 683 100.00000 0
2228 2818 2.08604 0.00588 0.14742 0.29608 270 245 20 264 212 921 100.00000 0
4802 4999 3.97731 0.01335 0.16917 0.77682 129 104 16 124 86 489 100.00000 0
4675 5001 4.73126 0.01093 0.15890 0.68756 121 105 6 119 93 509 100.00000 0
1973 5666 2.16200 3.12640 0.84287 0.23407 234 9 19 234 102 966 100.00000 0
4148 6489 4.40038 3.12932 0.82446 2.44921 88 3 7 88 54 304 100.00000 0
3123 5449 4.79465 3.02087 0.76859 2.03471 85 12 13 73 42 530 100.00000 0
4545 4998 3.72724 0.01333 0.21752 0.75899 108 86 13 101 63 481 100.00000 0
513 3511 5.84484 0.08448 0.49809 0.71272 77 40 5 73 58 231 100.00000 0
2591 3125 4.72291 0.01548 0.22733 0.88867 192 158 21 186 151 780 100.00000 0
1150 4041 4.73325 0.02713 0.22709 0.20748 143 117 19 139 109 606 100.00000 0
3136 5449 3.43495 3.02246 0.74966 2.61224 229 80 10 215 89 732 100.00000 0
2583 5459 3.31144 3.11161 0.43133 1.33911 216 113 21 202 131 861 100.00000 0
467 3498 5.86682 0.02319 0.12543 0.57335 170 148 11 170 140 457 100.00000 0
685 7067 5.76828 3.05283 1.10683 1.83419 35 0 0 27 18 190 100.00000 0
5313 5371 2.99012 0.00331 0.25886 0.25334 119 80 24 115 72 716 100.00000 0
1654 5992 3.08280 2.95840 0.62249 0.88691 147 36 25 147 71 514 100.00000 0
1591 6049 4.77785 3.09751 0.44123 1.97159 109 17 43 104 69 583 100.00000 0
4293 4542 2.23608 0.00795 0.29618 0.45111 158 113 11 156 115 551 100.00000 0
2866 5462 3.16516 3.12261 0.50857 1.32412 261 135 17 250 176 828 100.00000 0
1473 6237 3.57184 3.13748 1.03591 2.63700 95 0 0 88 61 311 100.00000 0
2215 2682 5.93712 0.01223 0.31742 0.52786 118 76 13 108 89 681 100.00000 0
4508 5002 5.23219 0.01062 0.37435 0.60198 117 89 13 113 83 481 100.00000 0
655 7103 3.96883 3.12901 1.30584 1.94582 110 0 3 94 64 585 100.00000 0
2148 5512 4.82041 3.10148 0.92803 1.39297 162 3 1 156 84 630 100.00000 0
2466 3128 5.91297 0.01714 0.19949 0.92281 133 112 7 125 89 647 100.00000 0
4288 4573 3.73029 0.01427 0.38025 0.82945 139 101 9 137 100 546 100.00000 0
2608 3128 5.91297 0.01714 0.10867 0.94709 143 120 15 133 108 641 100.00000 0
409 3467 3.46880 0.30732 0.54905 0.77984 186 81 5 182 138 604 100.00000 0
5292 5371 2.99012 0.00331 0.15690 0.28255 139 115 16 131 97 762 100.00000 0
2690 3126 5.06694 0.01628 0.13358 0.89831 165 147 11 161 124 659 100.00000 0
1647 5983 5.65057 3.12307 0.43836 1.32677 68 12 4 65 31 378 100.00000 0
2907 5454 5.34640 3.08392 0.70663 1.35451 148 33 12 137 88 655 100.00000 0
2507 5466 4.70345 3.13281 0.43436 1.47060 173 93 20 171 112 640 100.00000 0
1217 6524 3.32882 3.13561 1.35820 2.72132 135 0 0 127 61 486 100.00000 0
4933 4997 3.47720 0.01269 0.31974 0.72416 113 92 5 106 81 479 100.00000 0
2578 3122 3.62977 0.01479 0.16506 0.85957 237 215 12 237 196 847 100.00000 0
1027 3925 3.60401 0.02509 0.09637 0.51205 147 124 15 145 110 530 100.00000 0
880 3797 5.00133 0.00434 0.27705 0.23739 118 92 11 101 77 493 100.00000 0
2717 3121 3.28185 0.01636 0.11285 0.92408 231 198 25 225 173 866 100.00000 0
4727 4993 2.23027 0.01160 0.23105 0.68013 187 161 13 183 147 574 100.00000 0
2330 5456 4.44895 3.09745 0.71555 1.38423 163 52 8 149 105 671 100.00000 0
2216 2640 5.59444 0.01128 0.38735 0.51052 141 96 8 137 102 685 100.00000 0
2367 5454 5.34368 3.08390 0.73052 1.35797 140 22 13 130 92 639 100.00000 0
2436 3126 5.06694 0.01628 0.14846 0.89744 163 145 6 154 123 664 100.00000 0
2878 3126 5.07088 0.01538 0.15372 0.83930 161 134 9 150 123 709 100.00000 0
3097 5462 3.16457 3.12257 0.49451 1.35075 243 129 14 231 152 810 100.00000 0
3647 7041 5.28092 3.13866 1.23186 0.85729 69 0 2 54 37 393 100.00000 0
4356 4996 2.98026 0.01184 0.15016 0.70053 152 142 7 152 120 528 100.00000 0
2668 3124 4.34886 0.01483 0.21124 0.98715 196 166 6 174 156 807 100.00000 0
2224 2391 3.10134 0.00535 0.25259 0.47888 180 143 5 174 147 805 100.00000 0
667 3611 3.24067 0.03871 0.10366 0.24549 146 122 17 140 110 671 100.00000 0
1236 6503 4.09164 3.12364 1.07993 2.66124 82 1 0 80 51 317 100.00000 0
2539 5468 5.86763 3.13678 0.56727 1.59029 144 47 25 138 85 607 100.00000 0
2221 2618 3.94570 0.00747 0.30468 0.36797 184 138 16 180 147 788 100.00000 0
2295 5468 5.86763 3.13678 0.54543 1.59937 96 34 18 90 59 388 100.00000 0
2203 5472 4.62069 3.11702 0.78394 1.72510 195 17 3 195 88 746 100.00000 0
1593 6050 3.67906 3.09873 0.37997 1.66601 129 29 72 119 60 644 100.00000 0
1980 5656 5.16062 3.10516 0.96761 0.30901 134 11 12 119 55 648 100.00000 0
2216 2795 5.59444 0.01128 0.31711 0.46646 108 76 10 103 78 660 100.00000 0
2227 2393 2.31008 0.00442 0.09391 0.25488 215 181 17 207 160 882 100.00000 0
1042 6683 5.94602 3.11227 0.93407 2.42059 129 1 0 125 76 620 100.00000 0
2614 5465 4.22576 3.13044 0.53539 1.46019 206 89 21 195 135 767 100.00000 0
961 3861 4.99814 0.01727 0.24592 0.52489 115 87 11 113 78 657 100.00000 0
4560 4993 2.23027 0.01160 0.18202 0.68357 184 158 17 178 140 625 100.00000 0
5234 5320 2.49511 0.00510 0.14425 0.30774 236 197 24 229 169 1009 100.00000 0
2109 5547 5.11102 3.11214 0.72339 1.55469 125 7 8 117 50 634 100.00000 0
2291 3122 3.62977 0.01479 0.22292 0.82851 137 113 11 126 97 599 100.00000 0
2216 2964 5.59044 0.01185 0.27715 0.51510 117 83 13 108 84 686 100.00000 0
2847 3126 5.07088 0.01538 0.18454 0.82329 177 143 14 172 123 683 100.00000 0
715 3645 3.09681 0.03918 0.21622 0.30519 129 102 9 123 92 598 100.00000 0
2379 3123 3.97381 0.01447 0.14560 0.83930 162 137 12 156 130 756 100.00000 0
1105 6633 3.17995 3.11179 1.08169 2.48963 118 1 0 110 76 571 100.00000 0
2898 5468 5.86364 3.13677 0.58900 1.59937 150 46 28 144 87 639 100.00000 0
1694 5926 2.96233 3.11716 0.89856 1.31075 166 16 19 150 90 663 100.00000 0
4479 5003 5.47924 0.01245 0.11541 0.78484 119 95 12 117 83 481 100.00000 0
2215 2946 5.93312 0.01281 0.33543 0.64650 103 61 14 84 66 658 100.00000 0
5227 5337 4.23913 0.00880 0.19403 0.50513 137 114 12 132 93 823 100.00000 0
4439 4998 3.72724 0.01333 0.26878 0.76002 151 124 15 143 97 538 100.00000 0
1559 6126 3.67980 2.92049 0.39066 1.12431 141 58 27 132 78 521 100.00000 0
4283 4673 5.48340 0.01105 0.42930 0.64771 131 74 15 131 96 461 100.00000 0
2510 5462 3.16726 3.12259 0.55018 1.37885 217 101 14 208 135 792 100.00000 0
2441 5455 4.79648 3.09112 0.80984 1.41858 130 16 14 116 90 636 100.00000 0
5222 5341 5.73521 0.01113 0.25839 0.64771 97 70 12 93 63 688 100.00000 0
833 3746 5.76169 0.00913 0.40729 1.04493 37 24 2 37 27 182 100.00000 0
4586 4993 2.23027 0.01160 0.21832 0.70721 159 135 9 153 128 581 100.00000 0
2938 5457 4.01805 3.10232 0.56475 1.32323 175 77 22 164 106 712 100.00000 0
2880 5464 3.76176 3.12788 0.54192 1.33589 206 91 16 194 115 782 100.00000 0
2220 2898 4.25294 0.00793 0.35805 0.36584 139 100 7 126 112 735 100.00000 0
1550 6124 5.86294 2.68633 0.35077 0.87849 73 19 19 71 36 385 100.00000 0
1679 5959 4.03776 3.11403 0.66913 0.35277 146 21 15 144 77 618 100.00000 0
559 7168 2.63770 2.99762 0.92063 1.92458 26 0 2 19 10 164 100.00000 0
564 7165 2.21018 2.97477 0.92360 1.64639 70 0 4 60 40 280 100.00000 0
2223 2934 3.34786 0.00651 0.27077 0.47970 206 155 10 201 170 831 100.00000 0
1724 5902 2.72851 3.12275 0.73298 0.77025 223 33 13 209 136 971 100.00000 0
1823 5801 3.07332 3.03955 0.48562 1.49515 156 53 10 134 87 622 100.00000 0
3047 5459 3.31183 3.11163 0.48471 1.28176 237 98 38 226 140 830 100.00000 0
4941 5001 4.73024 0.01072 0.24182 0.65611 144 123 7 136 106 577 100.00000 0
2691 5463 3.41269 3.12520 0.49379 1.32412 233 147 14 229 160 778 100.00000 0
2681 5463 3.41269 3.12520 0.53947 1.31997 223 109 18 213 137 810 100.00000 0
545 3528 3.04755 0.01284 0.15664 0.64041 113 85 15 109 76 313 100.00000 0
2216 2752 5.59444 0.01128 0.29039 0.47724 116 84 11 114 85 673 100.00000 0
3502 7201 3.91929 3.08798 1.43482 0.16071 198 0 0 193 119 391 100.00000 0
4874 4993 2.23027 0.01160 0.17216 0.67260 190 165 18 190 145 576 100.00000 0
2641 3124 4.34886 0.01483 0.09334 0.86275 202 186 9 196 162 762 100.00000 0
2815 5465 4.22576 3.13044 0.50590 1.41444 223 106 26 219 135 732 100.00000 0
1898 5723 5.96218 3.06728 0.75143 1.00366 104 21 3 97 45 641 100.00000 0
2539 5463 3.41269 3.12520 0.49574 1.29664 215 119 16 199 137 761 100.00000 0
2476 3127 5.50598 0.01689 0.09285 0.94212 165 147 8 150 117 725 100.00000 0
3106 5461 3.10897 3.11933 0.51592 1.46340 260 125 26 260 186 826 100.00000 0
2218 2849 4.90587 0.00890 0.27060 0.53229 117 80 5 106 82 676 100.00000 0
2163 5500 5.55307 3.11269 0.80010 1.74675 68 1 12 62 27 353 100.00000 0
2320 3117 2.12758 0.01517 0.07374 0.89131 348 324 15 340 300 908 100.00000 0
2534 5465 4.22576 3.13044 0.49831 1.39437 187 72 23 180 103 646 100.00000 0
2860 5466 4.69968 3.13281 0.50663 1.56773 187 103 19 180 120 723 100.00000 0
2804 3120 2.99697 0.01778 0.15043 1.00794 300 265 15 278 217 938 100.00000 0
2259 5459 3.31144 3.11161 0.47617 1.32825 216 102 23 202 118 768 100.00000 0
2151 5520 5.02550 3.08021 0.56307 1.07301 149 44 11 143 96 570 100.00000 0
55 112 5.25886 0.00578 1.62229 0.31279 155 0 0 153 136 584 100.00000 0
2926 5461 3.07829 3.11972 0.51729 1.44157 243 138 13 236 170 797 100.00000 0
2543 5456 4.44895 3.09745 0.59995 1.37970 169 50 22 140 89 638 100.00000 0
2049 5606 5.67636 3.07658 0.74528 0.75744 59 6 7 52 30 320 100.00000 0
1722 5892 5.65407 3.10275 0.80393 0.62932 99 4 4 92 48 869 100.00000 0
2720 5466 4.70345 3.13281 0.40622 1.49148 173 94 25 154 108 680 100.00000 0
3017 3125 4.72688 0.01452 0.21387 0.78882 176 145 11 174 132 704 100.00000 0
2346 5462 3.16726 3.12259 0.50679 1.42217 221 120 21 205 141 772 100.00000 0
955 3856 4.76314 0.01379 0.23335 0.55602 124 104 11 122 89 702 100.00000 0
2224 2457 3.10134 0.00535 0.25010 0.34718 170 132 8 170 142 796 100.00000 0
2982 3126 5.07088 0.01538 0.13020 0.82992 161 143 7 152 123 669 100.00000 0
3054 5456 4.45097 3.09747 0.71388 1.39662 162 47 16 143 100 673 100.00000 0
1750 5870 2.13694 3.11360 1.03900 0.53668 183 1 0 181 80 885 100.00000 0
5248 5373 3.98813 0.00723 0.29077 0.44146 109 84 7 104 84 685 100.00000 0
579 7160 2.03126 3.08689 1.01918 2.23703 22 0 0 16 14 110 100.00000 0
7469 7555 5.28111 0.06923 0.26222 0.80162 133 73 5 126 107 584 100.00000 0
4714 4993 2.23027 0.01160 0.20256 0.70165 179 150 16 173 143 539 100.00000 0
4335 4997 3.47821 0.01281 0.43393 0.72954 126 88 13 122 91 521 100.00000 0
4293 4351 2.23608 0.00795 0.26508 0.45370 183 136 23 175 138 610 100.00000 0
1559 6094 5.17501 2.91339 0.76977 0.62745 121 14 2 108 53 489 100.00000 0
2226 2553 2.57324 0.00458 0.24890 0.42796 293 240 13 284 237 929 100.00000 0
2811 5456 4.44895 3.09745 0.61437 1.33559 153 63 16 149 101 679 100.00000 0
1286 6455 4.32672 3.13643 1.02993 1.72601 133 1 0 131 91 623 100.00000 0
437 3475 3.22721 0.18809 0.33099 1.22525 142 73 5 137 112 485 100.00000 0
4908 4994 2.47957 0.01154 0.20905 0.69210 163 139 7 155 129 572 100.00000 0
2879 5455 4.79896 3.09115 0.74177 1.39886 144 36 12 139 87 699 100.00000 0
4285 4865 4.73969 0.00854 0.49839 0.48295 151 79 9 147 118 536 100.00000 0
2722 5454 5.34368 3.08390 0.73912 1.35509 149 31 7 137 111 691 100.00000 0
2029 5625 5.67805 3.13564 0.74718 0.57061 121 4 12 112 36 705 100.00000 0
1925 5704 3.28715 3.12131 0.50905 1.00093 232 51 37 229 112 1121 100.00000 0
4687 4993 2.23027 0.01160 0.20128 0.67377 184 159 17 182 137 583 100.00000 0
2506 5458 3.62418 3.10705 0.50676 1.31700 202 108 19 189 129 694 100.00000 0
4923 4995 2.73120 0.01034 0.22255 0.59215 179 161 13 173 134 605 100.00000 0
3071 5458 3.62527 3.10707 0.47317 1.25305 234 125 29 222 170 787 100.00000 0
4289 4937 3.23002 0.01559 0.36416 0.90049 133 87 12 131 88 531 100.00000 0
2227 3072 2.30605 0.00533 0.12406 0.32865 246 208 22 235 195 883 100.00000 0
2577 5468 5.86763 3.13678 0.58254 1.60498 116 44 11 106 71 567 100.00000 0
2519 5455 4.79648 3.09112 0.76861 1.39690 128 27 4 118 83 622 100.00000 0
4761 5001 4.73126 0.01093 0.21104 0.64589 122 112 5 120 93 503 100.00000 0
2941 5460 3.12238 3.11590 0.56160 1.36200 250 111 32 240 163 760 100.00000 0
1525 6187 5.22609 3.09804 0.70312 3.10955 92 13 3 92 32 318 100.00000 0
2782 5460 3.12285 3.11589 0.62365 1.36716 225 85 19 223 151 830 100.00000 0
2782 3118 2.40386 0.01746 0.05342 0.98952 283 267 12 276 241 892 100.00000 0
2228 3080 2.08604 0.00588 0.13386 0.31404 253 231 10 251 207 869 100.00000 0
2713 3124 4.34886 0.01483 0.14090 0.82614 217 202 7 211 151 797 100.00000 0
4663 4995 2.73222 0.01054 0.16421 0.60393 171 156 9 169 133 618 100.00000 0
2939 3128 5.91687 0.01636 0.15817 0.88603 149 128 12 143 112 672 100.00000 0
4048 6584 5.81279 3.11477 1.24489 1.84398 65 0 0 56 32 423 100.00000 0
4284 4618 5.23737 0.00879 0.28444 0.49968 92 73 13 90 58 452 100.00000 0
2514 3126 5.06694 0.01628 0.17660 0.88647 175 155 11 171 139 734 100.00000 0
1591 6055 3.13872 3.09567 0.28794 1.35191 140 38 79 130 76 583 100.00000 0
2289 5468 5.86763 3.13678 0.41130 1.55721 86 35 16 81 44 336 100.00000 0
2225 3018 2.81733 0.00584 0.28653 0.58013 217 167 6 211 180 842 100.00000 0
2222 2426 3.63340 0.00713 0.30577 0.42978 156 106 9 150 119 769 100.00000 0
3497 7203 4.00190 3.07641 1.53738 0.65492 131 0 0 124 75 329 100.00000 0
2220 2627 4.25693 0.00742 0.37646 0.36154 139 88 11 135 114 730 100.00000 0
1990 5650 2.99121 3.09610 1.01123 0.38052 132 1 1 128 74 734 100.00000 0
2541 3118 2.40386 0.01746 0.10647 1.00639 329 308 16 327 276 929 100.00000 0
1615 6035 4.91334 3.11840 0.60087 3.02271 124 25 27 107 54 635 100.00000 0
4287 4572 3.98529 0.01043 0.40531 0.59742 148 103 12 138 116 519 100.00000 0
4289 4419 3.22907 0.01504 0.49783 0.85866 115 59 11 115 71 550 100.00000 0
2221 2789 3.94570 0.00747 0.33284 0.32865 168 128 7 168 136 758 100.00000 0
2219 2749 4.56731 0.00731 0.33160 0.30001 129 90 8 121 101 739 100.00000 0
476 7208 4.52443 3.10126 1.25798 0.86048 192 0 0 185 155 390 100.00000 0
946 3849 3.74659 0.00744 0.20526 0.19383 166 143 17 162 130 768 100.00000 0
2228 2362 2.09007 0.00491 0.10138 0.22900 272 248 10 265 221 932 100.00000 0
2288 3120 2.99697 0.01778 0.18882 1.00522 216 196 14 212 165 723 100.00000 0
4584 5003 5.47924 0.01245 0.18639 0.81277 113 87 20 113 80 483 100.00000 0
1666 5958 4.38767 2.98459 1.11303 1.71555 108 2 5 108 49 489 100.00000 0
2847 5465 4.22218 3.13044 0.51528 1.47060 204 104 19 197 124 696 100.00000 0
4287 4820 3.98529 0.01043 0.43106 0.59017 146 102 6 137 109 518 100.00000 0
2226 2798 2.57324 0.00458 0.22397 0.39167 255 214 15 246 208 857 100.00000 0
2415 5453 5.91337 3.07498 0.68244 1.35075 151 45 16 137 93 645 100.00000 0
2993 3120 3.00087 0.01667 0.14355 0.93962 336 313 14 329 251 977 100.00000 0
1029 3924 5.75818 0.05031 0.37061 1.06312 42 31 1 40 32 223 100.00000 0
2218 2688 4.90989 0.00832 0.30749 0.32984 130 95 6 128 101 736 100.00000 0
4291 4591 2.73718 0.00865 0.25864 0.49258 146 102 14 137 108 574 100.00000 0
509 7187 2.96362 3.08934 1.34333 1.13056 30 0 0 28 22 102 100.00000 0
1087 6649 3.58242 3.12452 1.00529 2.71296 208 0 1 182 86 1105 100.00000 0
2884 5460 3.12238 3.11590 0.59556 1.29935 233 92 19 220 147 822 100.00000 0
4287 4405 3.98529 0.01043 0.37838 0.64041 141 95 7 137 103 501 100.00000 0
2218 2661 4.90989 0.00832 0.32655 0.30001 135 99 6 132 95 722 100.00000 0
2220 3049 4.25294 0.00793 0.40921 0.35388 143 92 10 136 120 761 100.00000 0
1726 5900 2.73007 3.12147 0.79365 0.70499 224 20 7 203 132 932 100.00000 0
7475 7538 4.78747 0.15093 0.17271 1.00872 144 92 7 134 112 497 100.00000 0
974 3889 4.34853 0.23611 0.11709 1.05313 179 109 18 179 145 796 100.00000 0
4292 4617 2.48712 0.00737 0.27976 0.42244 186 138 21 180 136 659 100.00000 0
1946 5680 5.38619 2.99317 1.19007 0.20174 333 9 52 319 142 1306 100.00000 0
4529 5000 4.47930 0.01215 0.36928 0.72253 136 95 14 134 86 539 100.00000 0
731 3657 4.09110 0.02981 0.11642 0.24066 128 105 14 124 96 489 100.00000 0
968 3871 2.24895 0.05980 0.07474 0.55036 240 219 13 240 189 831 100.00000 0
3551 7147 4.13856 3.12769 1.17840 1.47724 64 0 0 59 35 536 100.00000 0
2306 3128 5.91297 0.01714 0.11802 0.95121 107 85 10 96 73 508 100.00000 0
3080 5467 5.24092 3.13492 0.54031 1.60839 167 64 17 158 103 650 100.00000 0
396 7233 4.93623 3.04590 1.00460 0.09691 42 0 0 35 25 214 100.00000 0
4287 4864 3.98529 0.01043 0.34126 0.59610 155 104 22 146 113 560 100.00000 0
1303 6437 4.21016 3.12230 1.06584 2.48475 75 2 3 65 22 417 100.00000 0
2343 3126 5.06694 0.01628 0.12937 0.91343 188 168 11 184 139 684 100.00000 0
5259 5378 5.48934 0.01946 0.10420 0.41684 128 99 15 126 81 635 100.00000 0
2224 3022 3.09737 0.00618 0.27565 0.31775 188 147 11 182 146 795 100.00000 0
2220 2704 4.25693 0.00742 0.34488 0.33920 178 117 10 170 144 773 100.00000 0
4285 4344 4.73969 0.00854 0.35700 0.56232 145 94 15 139 102 537 100.00000 0
712 7048 3.70220 3.12599 0.94083 1.18597 94 8 0 92 58 399 100.00000 0
4461 4998 3.72724 0.01333 0.28472 0.79966 116 83 9 111 75 476 100.00000 0
3511 7185 5.99366 3.01846 1.66268 1.41444 34 0 0 34 14 178 100.00000 0
2228 2943 2.08604 0.00588 0.10458 0.34035 246 226 12 239 202 880 100.00000 0
2346 5465 4.22576 3.13044 0.55962 1.40973 191 84 14 176 127 679 100.00000 0
2677 3118 2.40386 0.01746 0.09675 0.99662 277 259 8 264 234 876 100.00000 0
2337 5458 3.62418 3.10705 0.53917 1.41610 185 88 13 177 130 756 100.00000 0
2792 3120 2.99697 0.01778 0.11935 1.00483 331 304 13 317 251 956 100.00000 0
2347 3123 3.97381 0.01447 0.20450 0.82992 166 136 10 164 122 731 100.00000 0
2533 5456 4.44895 3.09745 0.55696 1.35219 163 64 12 148 90 691 100.00000 0
1630 6017 3.34962 3.03066 0.53164 2.11155 236 69 24 224 100 796 100.00000 0
4293 4638 2.23608 0.00795 0.27378 0.48537 159 115 14 156 120 552 100.00000 0
4283 4872 5.48340 0.01105 0.48002 0.68013 122 63 14 118 77 474 100.00000 0
1598 6053 4.57294 3.10575 0.32609 1.87430 75 22 36 72 54 404 100.00000 0
1587 6067 4.22089 3.10094 0.70248 1.28603 98 26 32 91 39 474 100.00000 0
2894 5463 3.40989 3.12521 0.51992 1.39942 244 146 12 237 163 775 100.00000 0
3560 7137 4.78005 3.12271 1.38807 2.43269 82 0 0 78 38 392 100.00000 0
1040 3935 5.83770 0.01009 0.39031 0.35277 97 44 31 91 54 461 100.00000 0
7471 7556 5.03473 0.09912 0.29539 0.91472 142 76 5 140 108 588 100.00000 0
4292 4490 2.48712 0.00737 0.27012 0.42058 164 118 24 162 119 648 100.00000 0
950 3864 4.25914 0.01463 0.17632 0.56855 110 81 20 105 68 772 100.00000 0
2283 5462 3.16726 3.12259 0.50130 1.27257 178 113 13 169 127 610 100.00000 0
4286 4610 4.48837 0.00926 0.32432 0.55673 130 85 17 118 86 509 100.00000 0
1039 3935 5.05391 0.00732 0.20121 0.56648 103 77 13 101 64 455 100.00000 0
2495 3127 5.50598 0.01689 0.10717 0.91472 150 130 13 142 103 698 100.00000 0
7479 7536 4.29090 0.18026 0.22513 0.39466 123 92 12 118 92 478 100.00000 0
2760 5457 4.01641 3.10230 0.59185 1.29845 160 74 21 149 94 751 100.00000 0
2432 5461 3.07965 3.11970 0.51218 1.41416 218 129 8 211 130 787 100.00000 0
2827 3126 5.07088 0.01538 0.17932 0.89175 158 137 10 148 121 674 100.00000 0
1677 5941 5.70312 3.12205 0.79555 0.31898 87 4 8 65 29 616 100.00000 0
2579 5457 4.01641 3.10230 0.55333 1.31135 148 74 18 128 96 734 100.00000 0
5227 5354 4.47307 0.01545 0.30183 0.88382 134 96 20 130 84 771 100.00000 0
1088 3988 2.37654 0.01527 0.10669 0.12511 357 328 23 355 290 1192 100.00000 0
2105 5540 5.14235 3.09578 0.78263 1.69466 132 7 10 123 58 692 100.00000 0
2224 2706 3.10134 0.00535 0.25604 0.36045 175 141 4 169 140 801 100.00000 0
2792 5465 4.22576 3.13044 0.54245 1.47645 203 90 20 182 120 725 100.00000 0
1113 6629 4.63086 3.12038 0.99715 2.64160 117 7 3 110 49 553 100.00000 0
1137 4028 5.27745 0.02222 0.28709 0.34150 144 112 13 140 115 580 100.00000 0
2370 5468 5.86763 3.13678 0.63362 1.58955 149 42 17 140 100 578 100.00000 0
2807 5453 5.91337 3.07498 0.73820 1.35393 153 46 10 147 98 631 100.00000 0
3008 5463 3.40989 3.12521 0.53365 1.34697 219 130 11 211 142 779 100.00000 0
3144 5443 4.04254 2.93845 0.70417 2.12688 165 39 10 159 85 550 100.00000 0
2392 5453 5.91337 3.07498 0.70585 1.35999 152 42 15 141 87 600 100.00000 0
3474 7230 5.92228 2.88719 1.45611 0.57061 45 0 0 41 23 241 100.00000 0
1473 6238 2.99399 3.13805 0.95100 2.58073 183 3 0 176 122 517 100.00000 0
5227 5313 4.23913 0.00880 0.30490 0.49889 120 82 10 115 86 800 100.00000 0
2808 5456 4.44895 3.09745 0.56237 1.34173 125 37 18 115 69 649 100.00000 0
4795 4993 2.23027 0.01160 0.27652 0.67609 181 144 13 172 127 608 100.00000 0
788 3707 4.09536 0.07086 0.09631 0.48457 84 73 9 84 62 359 100.00000 0
2784 3127 5.50598 0.01689 0.06939 0.94170 148 137 5 134 108 645 100.00000 0
501 3517 5.61895 0.06614 0.24679 0.67202 79 70 4 73 61 256 100.00000 0
1556 6140 4.47857 3.00629 0.35959 1.02565 132 46 14 129 89 432 100.00000 0
2216 2676 5.59444 0.01128 0.31234 0.46646 133 93 12 129 100 691 100.00000 0
774 3704 4.79858 0.06686 0.26980 0.59872 120 104 10 120 98 489 100.00000 0
2216 2313 5.59444 0.01128 0.31958 0.51964 119 96 7 112 89 612 100.00000 0
4360 4998 3.72724 0.01333 0.27822 0.75796 134 114 6 130 88 547 100.00000 0
2215 2975 5.93312 0.01281 0.24802 0.68414 115 75 11 100 81 659 100.00000 0
1505 6203 3.29837 3.10842 0.92446 3.56150 89 2 2 80 40 317 100.00000 0
2819 3124 4.35279 0.01384 0.20222 0.75277 188 163 8 173 153 758 100.00000 0
5231 5322 3.24110 0.00709 0.09485 0.40638 151 129 14 149 101 833 100.00000 0
2226 2758 2.57324 0.00458 0.23158 0.29871 275 243 12 273 234 904 100.00000 0
2227 2515 2.31008 0.00442 0.10427 0.24389 226 210 12 224 194 870 100.00000 0
1310 6430 4.72565 3.12899 1.15221 2.16898 116 0 0 111 66 446 100.00000 0
4285 4575 4.73969 0.00854 0.40307 0.49178 134 82 11 134 108 567 100.00000 0
7466 7516 5.78488 0.03310 0.10599 0.47395 142 124 13 136 108 595 100.00000 0
4287 4913 3.98630 0.01045 0.33892 0.60393 147 106 12 143 106 553 100.00000 0
2948 5461 3.07829 3.11972 0.49806 1.33031 235 121 15 230 160 832 100.00000 0
1058 6671 5.06776 3.13359 1.03548 2.05519 89 2 1 87 51 562 100.00000 0
5243 5375 5.22806 0.01360 0.14984 0.70610 94 74 12 88 53 677 100.00000 0
1394 6339 5.38528 3.13952 0.96870 2.10431 123 3 1 114 61 444 100.00000 0
4002 6633 3.18384 3.11377 1.09766 2.29559 126 0 0 116 79 544 100.00000 0
4585 4994 2.48056 0.01128 0.25558 0.65192 98 78 8 96 67 388 100.00000 0
1178 4075 2.96713 0.00372 0.15976 0.19782 223 209 8 221 191 629 100.00000 0
2416 5457 4.01641 3.10230 0.62937 1.36773 156 65 16 136 83 734 100.00000 0
4385 4994 2.48056 0.01128 0.27192 0.66617 106 78 10 104 81 369 100.00000 0
2633 3117 2.12758 0.01517 0.09265 0.86366 305 282 16 303 252 992 100.00000 0
2313 3122 3.62977 0.01479 0.18638 0.85501 226 194 13 217 178 754 100.00000 0
2446 5456 4.44895 3.09745 0.67767 1.34232 145 36 21 139 90 661 100.00000 0
3920 6727 5.86594 2.91350 0.46616 0.97999 119 56 7 113 83 347 100.00000 0
4286 4440 4.48837 0.00926 0.39506 0.61802 119 71 20 119 80 516 100.00000 0
2222 2938 3.62943 0.00763 0.28328 0.41022 187 139 14 187 151 773 100.00000 0
491 3498 5.96849 0.03996 0.07110 0.43251 134 116 13 130 100 377 100.00000 0
443 7217 5.25942 3.10764 1.14901 1.22653 116 1 0 108 70 360 100.00000 0
3159 5421 2.09443 2.46980 0.91033 1.07046 126 26 14 109 77 475 100.00000 0
1065 6667 3.66734 3.14075 1.17536 1.93856 120 0 0 106 43 552 100.00000 0
2691 3120 2.99697 0.01778 0.16195 1.01220 312 284 19 301 237 887 100.00000 0
4291 4596 2.73718 0.00865 0.25531 0.50668 162 116 19 156 115 578 100.00000 0
2238 3116 2.47431 0.01652 0.07501 0.93503 279 267 9 279 216 918 100.00000 0
4283 4781 5.48340 0.01105 0.45385 0.62683 126 77 12 124 83 478 100.00000 0
2356 5463 3.41269 3.12520 0.54244 1.33706 245 131 21 231 159 784 100.00000 0
2908 3120 3.00087 0.01667 0.20689 0.94460 313 283 9 311 251 968 100.00000 0
2279 5467 5.24482 3.13493 0.51105 1.62486 122 57 15 117 61 503 100.00000 0
4807 4995 2.73222 0.01054 0.15816 0.62307 137 115 13 135 108 570 100.00000 0
4289 4946 3.23002 0.01559 0.43360 0.90352 126 73 6 122 76 522 100.00000 0
4734 4998 3.72724 0.01333 0.31340 0.75485 117 92 9 111 77 500 100.00000 0
2930 5465 4.22218 3.13044 0.49014 1.39185 210 81 30 201 131 669 100.00000 0
1545 6156 4.09608 2.99637 0.35158 2.21717 184 67 8 172 95 506 100.00000 0
2065 5589 5.80238 3.04936 0.59483 0.71764 118 22 27 114 46 400 100.00000 0
4403 5000 4.47930 0.01215 0.38403 0.68813 145 112 13 134 101 553 100.00000 0
2766 3120 2.99697 0.01778 0.11551 1.02565 281 264 13 270 217 910 100.00000 0
650 7108 3.93380 3.13766 1.12656 1.94199 82 5 5 73 54 356 100.00000 0
501 3515 3.83116 0.04557 0.07419 0.89351 107 85 8 90 72 292 100.00000 0
388 7234 5.40869 3.03372 0.99613 0.57198 45 3 2 27 24 230 100.00000 0
4287 4603 3.98529 0.01043 0.35976 0.59281 136 87 11 129 91 556 100.00000 0
4687 5001 4.73126 0.01093 0.20893 0.68070 120 102 8 117 91 482 100.00000 0
2682 5468 5.86763 3.13678 0.55299 1.59397 108 41 15 100 65 562 100.00000 0
2128 5535 5.35724 3.13542 1.10216 1.64592 194 13 24 182 79 749 100.00000 0
2974 5459 3.31183 3.11163 0.51888 1.32707 217 82 27 206 118 786 100.00000 0
2218 2689 4.90989 0.00832 0.34245 0.30132 146 106 18 140 117 789 100.00000 0
2219 3082 4.56329 0.00790 0.37809 0.33804 138 99 12 126 97 740 100.00000 0
690 7063 5.32715 3.06623 0.94131 1.52547 51 3 0 41 27 224 100.00000 0
2798 5467 5.24482 3.13493 0.43040 1.58115 160 93 27 145 93 610 100.00000 0
2222 3019 3.62943 0.00763 0.31997 0.36477 179 126 14 177 152 777 100.00000 0
4286 4564 4.48837 0.00926 0.22543 0.52489 115 83 12 109 78 460 100.00000 0
3984 6654 5.60167 3.14050 1.24833 2.09050 153 0 1 144 63 912 100.00000 0
1637 6004 2.03022 3.00460 0.87449 0.50435 241 34 31 234 140 804 100.00000 0
2929 3118 2.40775 0.01632 0.11532 0.92535 304 278 15 296 238 895 100.00000 0
1634 6017 5.28132 3.06307 0.63417 2.35916 177 28 24 171 72 649 100.00000 0
1834 5768 3.54094 3.01118 0.66634 0.61548 149 51 6 141 81 543 100.00000 0
2223 2764 3.35183 0.00582 0.23041 0.55178 229 181 9 215 181 866 100.00000 0
4487 4995 2.73222 0.01054 0.17333 0.61676 155 136 9 155 122 553 100.00000 0
3523 7182 4.26101 3.11342 1.19385 1.11978 48 1 0 42 31 255 100.00000 0
2650 5457 4.01641 3.10230 0.58073 1.29513 147 66 21 147 93 715 100.00000 0
5278 5369 2.48618 0.00521 0.18311 0.48779 187 154 12 182 144 880 100.00000 0
1825 5782 2.10370 2.81673 0.86198 0.54032 231 37 14 223 95 784 100.00000 0
3652 7036 5.19495 3.09683 1.13731 0.82519 102 0 0 100 38 376 100.00000 0
4438 4999 3.97731 0.01335 0.25057 0.80357 135 111 10 129 90 520 100.00000 0
3027 3125 4.72688 0.01452 0.25771 0.86638 176 141 12 158 127 748 100.00000 0
595 7153 3.76051 3.04708 1.35899 1.31968 50 0 1 40 25 460 100.00000 0
4136 6505 5.06034 3.13997 1.17350 2.70978 76 0 0 74 28 297 100.00000 0
2215 2565 5.93712 0.01223 0.30936 0.52786 120 89 9 116 90 622 100.00000 0
2219 3102 4.64517 0.01192 0.34949 0.61230 98 66 5 84 64 693 100.00000 0
589 7154 2.07927 3.09690 1.08166 1.17902 85 6 1 75 47 476 100.00000 0
2629 5453 5.91337 3.07498 0.67086 1.35566 161 51 26 157 99 660 100.00000 0
1519 6182 5.98968 3.09160 0.70598 3.37046 65 16 5 61 25 284 100.00000 0
7464 7530 5.78199 0.01484 0.30431 0.64224 142 80 23 138 107 645 100.00000 0
1375 6360 5.07722 3.13040 1.33617 1.79864 108 1 1 105 55 326 100.00000 0
3563 7142 4.68019 3.10502 0.95088 2.16247 48 2 0 41 24 576 100.00000 0
4587 4998 3.72724 0.01333 0.29232 0.77582 141 110 7 131 91 523 100.00000 0
4090 6543 4.11901 3.13367 1.66478 2.41687 102 0 0 96 50 379 100.00000 0
970 3871 3.24138 0.08770 0.09125 0.94874 204 167 21 202 151 722 100.00000 0
7487 7549 3.03588 0.16784 0.23517 0.41590 71 55 4 68 55 207 100.00000 0
2224 2449 3.10134 0.00535 0.29156 0.39762 192 148 7 185 156 776 100.00000 0
3536 7160 5.58744 3.06524 0.94390 1.94199 20 1 0 18 10 158 100.00000 0
558 7164 3.61182 2.97144 1.02024 2.00017 23 0 1 19 10 122 100.00000 0
1406 6324 4.72022 3.11928 1.20988 1.14944 140 0 0 136 90 521 100.00000 0
5238 5369 4.22406 0.01437 0.19562 0.82044 140 119 11 140 109 759 100.00000 0
5224 5322 5.23316 0.01190 0.09741 0.78733 133 107 16 128 99 766 100.00000 0
2856 3124 4.35279 0.01384 0.09361 0.80794 213 185 20 205 164 786 100.00000 0
1708 5909 3.74756 3.11632 0.98333 1.37231 120 5 6 114 42 689 100.00000 0
2220 3026 4.25294 0.00793 0.32528 0.34264 148 111 14 142 118 727 100.00000 0
4282 4533 5.98441 0.01060 0.47367 0.64407 95 45 14 95 61 368 100.00000 0
1595 6048 3.59002 3.10338 0.46377 2.49528 136 28 46 117 68 586 100.00000 0
5224 5304 5.23316 0.01190 0.35443 0.67955 98 63 12 89 63 725 100.00000 0
42 101 3.00738 0.00491 1.33768 0.32506 198 0 0 192 161 729 100.00000 0
3102 5458 3.58313 3.10701 0.54092 1.23067 256 125 19 249 186 859 100.00000 0
3094 5457 4.01805 3.10232 0.58673 1.27779 184 88 28 172 109 711 100.00000 0
4505 4999 3.97731 0.01335 0.22846 0.81805 132 96 22 119 74 477 100.00000 0
2226 3034 2.56929 0.00546 0.26048 0.26688 229 192 15 227 199 843 100.00000 0
419 7226 5.28317 3.09263 1.03229 0.58484 27 0 1 24 16 143 100.00000 0
2970 5460 3.12238 3.11590 0.51709 1.30536 226 106 17 221 141 768 100.00000 0
1 110 5.00924 0.00565 1.25488 0.58817 163 0 0 152 127 655 100.00000 0
2222 2298 3.63340 0.00713 0.33448 0.31775 140 101 9 138 109 600 100.00000 0
3575 7127 3.59651 3.13401 0.86056 1.72351 82 2 16 69 39 486 100.00000 0
2631 5461 3.07965 3.11970 0.50206 1.36085 234 139 17 221 165 777 100.00000 0
2669 5467 5.24482 3.13493 0.50355 1.61834 154 69 29 147 86 596 100.00000 0
5233 5354 2.97909 0.01228 0.12465 0.70554 130 101 19 125 82 855 100.00000 0
11 96 2.01090 0.00610 1.42451 0.37325 289 0 0 287 237 813 100.00000 0
2618 5462 3.16726 3.12259 0.52522 1.39662 190 80 15 182 131 649 100.00000 0
4394 4994 2.48056 0.01128 0.17599 0.65492 157 144 8 149 120 585 100.00000 0
4114 6520 3.90460 3.14159 1.28235 2.65107 119 0 0 109 61 454 100.00000 0
2988 5457 4.01805 3.10232 0.57636 1.29513 194 88 34 185 110 771 100.00000 0
1015 6721 5.65224 2.89596 0.72718 0.55391 121 21 3 115 92 379 100.00000 0
2226 2401 2.57324 0.00458 0.19982 0.45111 254 214 11 247 213 869 100.00000 0
2925 5455 4.79896 3.09115 0.73396 1.42601 153 28 18 133 104 634 100.00000 0
1311 6430 5.36153 3.12926 0.82875 2.26572 111 7 6 105 49 431 100.00000 0
4291 4605 2.73718 0.00865 0.29434 0.52039 170 128 19 164 118 563 100.00000 0
2851 5453 5.91626 3.07501 0.64653 1.35451 152 53 26 140 95 641 100.00000 0
1106 6634 3.73062 3.11982 1.08112 2.62361 132 0 1 120 67 537 100.00000 0
2393 5456 4.44895 3.09745 0.61257 1.39634 143 38 13 128 77 715 100.00000 0
1059 3955 4.46094 0.01681 0.19925 0.34264 197 153 28 184 145 637 100.00000 0
3597 7098 4.83648 3.08675 1.05057 1.49436 121 1 0 110 85 705 100.00000 0
2478 5460 3.12285 3.11589 0.57178 1.32825 202 83 16 188 132 717 100.00000 0
2218 2299 4.90989 0.00832 0.36627 0.31404 122 86 8 116 91 583 100.00000 0
4878 4994 2.47957 0.01154 0.20116 0.67377 180 160 7 176 140 573 100.00000 0
2506 3127 5.50598 0.01689 0.12888 0.93670 153 124 12 137 103 704 100.00000 0
690 3623 4.21138 0.02612 0.24670 0.50124 58 44 6 54 34 280 100.00000 0
4578 5002 5.23219 0.01062 0.38120 0.59215 112 77 10 108 78 487 100.00000 0
2227 3108 2.81813 0.01442 0.11417 0.79917 222 194 19 214 158 846 100.00000 0
3591 7109 3.38488 3.10961 1.38061 1.57172 111 0 2 99 57 432 100.00000 0
4749 5000 4.47930 0.01215 0.34453 0.72036 131 99 16 127 91 534 100.00000 0
2220 2842 4.25294 0.00793 0.31571 0.46981 160 104 15 147 121 775 100.00000 0
3593 7111 5.29332 3.13671 1.35516 1.71189 93 0 3 89 42 332 100.00000 0
2215 2524 5.93712 0.01223 0.34217 0.50358 110 74 13 110 79 651 100.00000 0
2218 2410 4.90989 0.00832 0.26415 0.42978 119 94 8 115 80 701 100.00000 0
2216 2869 5.59044 0.01185 0.23017 0.55036 115 88 12 113 89 673 100.00000 0
1229 4122 2.68703 0.01029 0.18662 0.13122 247 221 16 243 204 680 100.00000 0
2215 2648 5.93712 0.01223 0.27029 0.51052 128 94 16 124 83 715 100.00000 0
2216 3079 5.59044 0.01185 0.28502 0.51358 109 84 12 109 77 632 100.00000 0
3520 7181 3.16960 3.07029 1.47328 1.35422 57 0 0 49 30 247 100.00000 0
2228 2761 2.09007 0.00491 0.12645 0.22555 298 265 20 294 235 892 100.00000 0
2218 3038 4.90587 0.00890 0.29577 0.38866 136 97 14 128 102 718 100.00000 0
2918 3124 4.35279 0.01384 0.13436 0.78034 213 184 23 195 158 835 100.00000 0
4285 4893 4.74076 0.00867 0.45732 0.49258 167 100 11 153 129 545 100.00000 0
4282 4588 5.98441 0.01060 0.42861 0.63118 107 63 9 100 73 464 100.00000 0
2217 2277 5.22173 0.00973 0.32726 0.48939 85 59 10 77 58 516 100.00000 0
7471 7536 5.03448 0.09908 0.37425 0.59807 149 71 5 143 114 641 100.00000 0
2837 5463 3.40989 3.12521 0.55517 1.41333 245 133 10 229 157 776 100.00000 0
1654 5979 3.15234 3.11208 0.97256 1.34319 228 38 14 228 98 625 100.00000 0
2219 2529 4.56731 0.00731 0.41917 0.27554 148 99 7 137 114 744 100.00000 0
2222 2922 3.62943 0.00763 0.33838 0.35827 157 112 5 153 125 773 100.00000 0
2219 2467 4.56731 0.00731 0.33606 0.28804 112 81 9 108 84 643 100.00000 0
1013 3910 4.35348 0.18846 0.23786 1.16902 116 91 5 109 92 375 100.00000 0
4699 4994 2.48056 0.01128 0.17652 0.64346 191 172 10 187 139 621 100.00000 0
4944 4996 2.97927 0.01168 0.17179 0.67609 139 118 13 134 103 517 100.00000 0
2118 5533 4.01756 3.12856 0.93940 1.48385 161 4 14 157 81 709 100.00000 0
3039 5464 3.76176 3.12788 0.52678 1.33794 225 110 7 223 130 752 100.00000 0
524 7175 3.90388 3.06889 1.41720 1.92091 57 0 4 45 27 285 100.00000 0
1596 6057 5.29466 3.10188 0.42380 1.50688 73 8 35 63 36 418 100.00000 0
1207 4106 4.89048 0.00289 0.33927 0.28939 145 103 6 137 116 473 100.00000 0
4283 4487 5.48340 0.01105 0.51168 0.62870 117 63 13 113 81 365 100.00000 0
1216 6521 5.34726 3.13631 1.39458 2.41298 91 0 0 83 55 418 100.00000 0
3965 6666 4.17036 3.13410 1.08990 1.81056 76 1 0 74 37 575 100.00000 0
4135 6501 3.53103 3.13559 1.18471 2.54837 111 0 0 104 64 362 100.00000 0
3114 5465 5.32454 3.12861 0.57863 1.64092 141 47 8 139 77 647 100.00000 0
1030 3929 2.98050 0.00590 0.05617 0.29871 150 133 12 145 112 595 100.00000 0
1004 3902 3.74584 0.31080 0.13372 0.83322 211 188 4 203 170 573 100.00000 0
4410 4993 2.23027 0.01160 0.19185 0.66910 167 145 15 165 137 544 100.00000 0
2992 5461 3.07829 3.11972 0.49230 1.33207 207 128 17 201 142 796 100.00000 0
2987 5468 5.86364 3.13677 0.57296 1.55997 111 37 11 102 65 590 100.00000 0
4293 4463 2.23608 0.00795 0.27808 0.45284 192 154 6 184 149 617 100.00000 0
1171 6566 5.33162 3.10715 1.42480 1.89692 71 0 0 64 31 365 100.00000 0
547 7170 2.76031 3.05527 1.41359 2.08244 25 0 0 20 11 124 100.00000 0
4063 6576 5.15207 3.13749 0.97111 2.63834 118 0 0 110 58 427 100.00000 0
5228 5344 3.98912 0.00850 0.25485 0.71601 154 112 14 154 113 866 100.00000 0
664 7096 4.40164 3.12229 0.89536 1.33501 92 6 12 77 37 652 100.00000 0
2218 2641 4.90989 0.00832 0.43669 0.30901 116 72 2 112 90 736 100.00000 0
1499 6209 3.52535 3.12148 1.47715 3.03757 66 0 0 61 36 268 100.00000 0
3098 5463 3.40845 3.12518 0.52456 1.30236 249 141 21 244 167 822 100.00000 0
2673 5454 5.34368 3.08390 0.72442 1.36143 143 28 10 134 99 614 100.00000 0
2577 5463 3.41269 3.12520 0.51858 1.32175 223 129 17 211 138 796 100.00000 0
2218 2825 4.90587 0.00890 0.35695 0.39565 118 72 9 104 84 726 100.00000 0
1528 6181 4.42496 3.12736 0.65547 3.32343 75 17 0 62 29 303 100.00000 0
4663 4999 3.97731 0.01335 0.28566 0.75433 145 124 17 139 102 529 100.00000 0
1922 5705 3.20611 3.14035 0.69939 0.66146 241 71 62 229 127 1090 100.00000 0
1231 4122 4.94626 0.01268 0.27588 0.61166 89 57 14 87 62 384 100.00000 0
1655 5977 3.63827 3.08483 0.62900 1.23416 218 40 49 208 90 630 100.00000 0
7474 7556 4.78590 0.13908 0.16289 1.30326 125 66 10 123 93 497 100.00000 0
2227 2446 2.31008 0.00442 0.16462 0.26688 204 174 12 198 163 878 100.00000 0
2233 5466 3.88604 3.13443 0.59827 1.70777 248 72 18 239 157 786 100.00000 0
2221 2544 3.94570 0.00747 0.26400 0.51434 158 129 6 158 129 734 100.00000 0
1685 5935 3.93088 3.11916 0.57090 0.44146 120 25 24 115 58 651 100.00000 0
4291 4630 2.73718 0.00865 0.35241 0.53522 135 90 25 121 92 501 100.00000 0
1193 6548 3.24625 3.13501 1.14886 1.96025 120 0 0 116 50 543 100.00000 0
438 7221 4.47369 3.10857 1.00470 1.14705 94 0 3 92 60 269 100.00000 0
2634 5467 5.24482 3.13493 0.49491 1.59692 165 82 28 161 103 660 100.00000 0
1922 5690 5.55317 3.13601 1.09848 0.59149 285 39 77 275 101 1318 100.00000 0
2221 2853 3.94172 0.00793 0.28941 0.40056 169 124 17 163 127 703 100.00000 0
3043 5457 4.01805 3.10232 0.64560 1.29694 182 58 33 172 114 753 100.00000 0
5253 5368 2.23325 0.00944 0.26004 0.61294 198 157 16 192 142 802 100.00000 0
662 3609 5.76041 0.04857 0.19415 0.37639 99 76 10 97 73 667 100.00000 0
4285 4936 4.74069 0.00913 0.41525 0.52934 132 91 17 129 109 522 100.00000 0
2219 2414 4.56731 0.00731 0.39050 0.27554 134 93 9 132 109 747 100.00000 0
2219 2832 4.56329 0.00790 0.31056 0.47806 118 87 5 112 97 694 100.00000 0
2665 5454 5.34368 3.08390 0.70250 1.35595 147 23 12 138 90 644 100.00000 0
2597 5454 5.34368 3.08390 0.70870 1.37116 144 21 10 136 94 682 100.00000 0
2227 2970 2.30605 0.00533 0.13955 0.34492 254 230 15 252 221 918 100.00000 0
4896 4998 3.72623 0.01365 0.28713 0.80454 137 111 13 131 95 549 100.00000 0
30 105 3.75605 0.00437 1.52261 0.28531 215 0 0 213 175 667 100.00000 0
2223 2877 3.34786 0.00651 0.25706 0.32626 134 116 6 121 111 645 100.00000 0
4170 6477 5.87362 2.73256 0.75010 1.64806 54 10 3 52 32 227 100.00000 0
4284 4908 5.23841 0.00886 0.35999 0.50668 116 80 17 113 75 499 100.00000 0
3627 7069 3.24212 3.12819 0.93924 1.37174 80 1 1 72 55 309 100.00000 0
7465 7550 5.78198 0.02318 0.16300 0.87133 131 76 14 124 84 588 100.00000 0
3144 5427 5.74105 2.60641 1.08612 1.97159 127 19 16 120 49 482 100.00000 0
1874 5745 5.46099 3.08807 0.49733 0.45542 86 27 15 81 45 555 100.00000 0
2221 2558 3.94570 0.00747 0.34999 0.37115 169 126 15 169 138 728 100.00000 0
1546 6148 4.38264 2.85554 0.34569 2.11081 122 34 28 107 70 418 100.00000 0
2378 5457 4.01641 3.10230 0.60397 1.32234 161 61 30 154 91 731 100.00000 0
4288 4502 3.73029 0.01427 0.37385 0.81996 142 101 13 130 100 524 100.00000 0
4486 5002 5.23219 0.01062 0.40980 0.61676 89 58 9 89 63 441 100.00000 0
1041 6694 5.51985 3.10192 1.20079 2.35318 99 3 4 92 32 465 100.00000 0
2118 5537 3.47097 3.12712 0.77735 1.56398 240 10 4 234 108 832 100.00000 0
7474 7535 4.78563 0.13904 0.32362 0.73168 141 65 4 133 109 567 100.00000 0
1940 5683 5.43679 2.98287 1.11604 0.35608 303 25 62 286 124 1375 100.00000 0
2598 3120 2.99697 0.01778 0.16385 1.04155 322 288 15 317 267 971 100.00000 0
2614 5463 3.41269 3.12520 0.52167 1.32972 240 132 23 214 148 747 100.00000 0
4284 4629 5.23737 0.00879 0.29838 0.49889 106 79 20 104 73 451 100.00000 0
1455 6256 4.88551 3.13462 1.14710 1.95064 93 0 0 86 43 368 100.00000 0
2444 3119 2.68298 0.01858 0.13696 1.05795 255 232 15 249 192 978 100.00000 0
412 3470 2.03144 0.25806 0.40827 0.79574 256 144 14 249 203 768 100.00000 0
2377 5465 4.22576 3.13044 0.49141 1.38706 200 89 22 198 121 742 100.00000 0
2216 2627 5.59444 0.01128 0.24221 0.47313 117 96 9 113 86 716 100.00000 0
2764 5462 3.16726 3.12259 0.52312 1.34523 253 112 21 239 151 803 100.00000 0
4293 4406 2.23608 0.00795 0.24142 0.46140 176 140 18 176 135 615 100.00000 0
1273 6472 5.84422 3.11496 1.03225 1.50662 48 0 0 46 26 257 100.00000 0
2226 2336 2.57324 0.00458 0.24493 0.35388 258 214 10 249 203 866 100.00000 0
2509 3118 2.40386 0.01746 0.11767 0.98952 253 224 24 236 192 909 100.00000 0
2219 2828 4.56329 0.00790 0.26494 0.53229 132 93 11 121 90 732 100.00000 0
2227 2876 2.30605 0.00533 0.18411 0.36477 231 189 16 224 180 868 100.00000 0
1383 6349 3.96601 3.13165 0.98949 2.77375 118 0 4 107 45 505 100.00000 0
1164 6578 3.56812 3.13686 1.04017 2.30529 177 0 0 170 115 620 100.00000 0
1736 5893 4.68632 3.12373 0.78799 0.86683 147 15 2 138 91 753 100.00000 0
4779 4999 3.97731 0.01335 0.17713 0.75485 139 120 10 135 90 483 100.00000 0
2220 2376 4.25693 0.00742 0.27134 0.39167 144 118 14 137 103 735 100.00000 0
1574 6098 5.70932 3.12679 0.42998 0.67260 48 20 18 46 18 287 100.00000 0
2228 3030 2.08604 0.00588 0.19179 0.33102 263 230 9 261 209 903 100.00000 0
3947 6686 3.63127 3.12937 0.96657 2.50936 209 6 0 205 111 758 100.00000 0
2876 5466 4.69968 3.13281 0.45257 1.54662 196 107 32 186 138 736 100.00000 0
1459 6259 4.44521 3.13849 1.07141 1.62726 149 0 0 142 83 455 100.00000 0
4288 4672 3.73029 0.01427 0.23745 0.82424 181 145 12 173 134 593 100.00000 0
2558 3121 3.28185 0.01636 0.13181 0.94004 186 161 15 179 143 670 100.00000 0
2193 5480 4.25153 3.08921 0.76544 1.94903 205 12 11 197 145 687 100.00000 0
2220 2805 4.25693 0.00742 0.37571 0.35054 138 93 6 132 107 702 100.00000 0
2537 5467 5.24482 3.13493 0.48218 1.55419 151 88 20 143 82 628 100.00000 0
2712 3121 3.28185 0.01636 0.21982 0.92281 166 137 16 161 122 672 100.00000 0
4894 5003 5.47824 0.01276 0.19121 0.72199 127 107 12 127 83 499 100.00000 0
2219 2463 4.56731 0.00731 0.33672 0.39664 118 80 11 109 85 728 100.00000 0
2846 5457 4.01805 3.10232 0.54809 1.29995 159 67 23 152 106 705 100.00000 0
1139 6598 5.40031 3.10515 0.93304 2.20265 119 3 9 98 58 501 100.00000 0
4435 5001 4.73126 0.01093 0.20807 0.62932 124 106 9 120 91 531 100.00000 0
2914 3120 3.00087 0.01667 0.14849 0.94667 320 302 7 312 276 910 100.00000 0
2853 5458 3.62527 3.10707 0.50430 1.29271 228 136 16 215 158 768 100.00000 0
2272 3121 3.28185 0.01636 0.12400 0.92662 142 125 13 138 103 650 100.00000 0
2464 3124 4.34886 0.01483 0.08322 0.85912 224 199 15 205 163 807 100.00000 0
3631 7061 3.61493 3.10809 1.28162 1.20853 93 0 2 79 46 410 100.00000 0
4329 4998 3.72724 0.01333 0.22576 0.75485 122 93 17 108 74 511 100.00000 0
5225 5300 4.73513 0.01051 0.46090 0.63056 149 82 13 142 115 729 100.00000 0
2064 5576 3.87788 3.06907 1.55107 0.78684 180 1 43 143 44 651 100.00000 0
1698 5936 5.40879 3.06393 0.81239 0.22728 102 16 28 98 35 537 100.00000 0
2223 2413 3.35183 0.00582 0.23016 0.37325 211 179 13 203 167 847 100.00000 0
2317 5468 5.86763 3.13678 0.48906 1.57122 101 37 23 85 50 521 100.00000 0
2785 5453 5.91337 3.07498 0.68561 1.39100 110 28 14 101 72 516 100.00000 0
4411 5003 5.47924 0.01245 0.17482 0.71928 135 117 10 130 85 461 100.00000 0
2884 5453 5.91626 3.07501 0.71083 1.34930 165 48 21 156 115 661 100.00000 0
42 112 5.25886 0.00578 1.47782 0.32626 150 1 0 144 125 555 100.00000 0
935 3846 2.49215 0.00618 0.11162 0.34943 184 166 14 180 135 788 100.00000 0
2217 2441 5.22173 0.00973 0.31828 0.38257 106 83 8 102 83 646 100.00000 0
52 112 5.25886 0.00578 1.46739 0.60068 152 0 0 145 123 576 100.00000 0
3984 6653 4.59416 nan 1.26801 2.10152 160 1 0 153 76 986 100.00000 0
2497 5458 3.62418 3.10705 0.48541 1.27072 216 107 17 205 158 770 100.00000 0
683 7069 5.78545 3.05180 1.21428 1.71646 39 0 0 35 18 224 100.00000 0
2576 5458 3.62418 3.10705 0.49622 1.27380 217 126 17 208 140 800 100.00000 0
4292 4672 2.48712 0.00737 0.31022 0.42978 163 120 10 158 123 621 100.00000 0
2245 5458 3.67288 3.10689 0.56910 1.35797 216 94 20 207 158 819 100.00000 0
2218 3086 4.90587 0.00890 0.34794 0.43160 136 86 15 130 101 710 100.00000 0
3035 3119 2.68691 0.01745 0.13793 1.00717 301 273 15 298 248 897 100.00000 0
2861 3127 5.50992 0.01606 0.13763 0.98318 146 114 10 129 94 685 100.00000 0
3101 5453 5.87092 3.07495 0.65508 1.39269 173 76 24 165 119 664 100.00000 0
2218 2465 4.90989 0.00832 0.32744 0.30261 124 84 17 118 84 727 100.00000 0
493 7198 3.76151 3.09318 1.30664 0.94585 189 0 0 176 124 350 100.00000 0
4291 4566 2.73718 0.00865 0.30128 0.49178 193 159 11 190 152 634 100.00000 0
1826 5801 4.37713 3.12720 0.45751 1.66812 93 24 4 84 55 441 100.00000 0
4678 4993 2.23027 0.01160 0.20833 0.66793 163 142 10 159 128 545 100.00000 0
2567 3128 5.91297 0.01714 0.10370 0.93083 169 151 11 169 126 645 100.00000 0
473 3499 4.12955 0.01818 0.16494 0.48537 159 132 7 153 126 389 100.00000 0
2953 5466 4.69968 3.13281 0.44355 1.58560 180 102 16 178 131 681 100.00000 0
2227 2423 2.31008 0.00442 0.11413 0.24228 242 217 19 240 199 899 100.00000 0
0 99 2.50909 0.00517 1.55017 0.31652 208 0 0 204 162 762 100.00000 0
1585 6073 5.11037 3.10922 0.62818 0.74072 88 26 41 81 49 417 100.00000 0
4658 5001 4.73126 0.01093 0.21351 0.67377 125 111 5 117 89 514 100.00000 0
2819 5461 3.07829 3.11972 0.56878 1.32589 195 82 12 189 130 754 100.00000 0
4810 5001 4.73126 0.01093 0.25518 0.62244 111 95 6 99 70 482 100.00000 0
2541 5462 3.16726 3.12259 0.52533 1.44401 236 123 17 220 141 733 100.00000 0
3974 6660 3.53887 3.13655 1.10204 2.14430 234 7 1 232 121 944 100.00000 0
4289 4644 3.22907 0.01504 0.43948 0.86139 135 80 11 133 91 533 100.00000 0
4283 4783 5.48340 0.01105 0.43659 0.63366 126 73 12 120 88 427 100.00000 0
4319 5004 5.97740 0.01344 0.34112 0.76770 91 68 7 89 64 442 100.00000 0
1454 6266 4.93451 3.14075 1.02035 1.97278 105 2 0 101 55 374 100.00000 0
4285 4463 4.73969 0.00854 0.44815 0.57675 137 85 11 137 103 474 100.00000 0
4362 4995 2.73222 0.01054 0.10330 0.59676 134 120 12 134 96 528 100.00000 0
3146 5443 5.06828 2.94140 0.71230 2.28893 193 50 10 178 88 612 100.00000 0
1038 3945 4.25579 0.03679 0.15259 0.22029 136 105 20 132 98 621 100.00000 0
2964 5465 4.22218 3.13044 0.53340 1.44157 205 85 20 197 132 702 100.00000 0
4288 4566 3.73029 0.01427 0.28488 0.82424 175 135 10 175 125 578 100.00000 0
2661 5459 3.31144 3.11161 0.46600 1.32500 211 103 22 194 131 811 100.00000 0
518 7179 3.49166 3.07004 1.34651 1.74361 44 1 0 38 22 283 100.00000 0
2500 3123 3.97381 0.01447 0.14441 0.86592 201 183 6 192 162 751 100.00000 0
2309 3122 3.62977 0.01479 0.16219 0.87670 225 196 5 219 181 785 100.00000 0
26 110 5.00924 0.00565 1.28291 0.47230 156 0 0 147 128 606 100.00000 0
1087 3982 3.35234 0.01746 0.12933 0.23070 301 256 41 299 228 1142 100.00000 0
2433 5458 3.62418 3.10705 0.48723 1.24741 210 122 26 198 151 766 100.00000 0
4292 4419 2.48712 0.00737 0.28383 0.43879 167 125 17 167 125 553 100.00000 0
2813 3125 4.72291 0.01548 0.15006 0.96225 172 136 15 156 126 722 100.00000 0
2227 3114 3.75227 0.01691 0.05762 0.93041 178 161 13 174 135 788 100.00000 0
2881 5455 4.79896 3.09115 0.72260 1.39465 147 32 12 131 89 696 100.00000 0
2923 5466 4.69968 3.13281 0.47981 1.52444 175 93 28 164 110 676 100.00000 0
2219 2419 4.56731 0.00731 0.37508 0.26834 141 105 11 138 106 713 100.00000 0
885 3802 5.25161 0.00655 0.29030 0.54608 117 88 10 114 90 458 100.00000 0
4553 4994 2.48056 0.01128 0.24480 0.65012 163 132 8 153 126 629 100.00000 0
2653 3118 2.40386 0.01746 0.05177 0.99740 313 290 18 301 260 977 100.00000 0
453 7219 4.89583 3.10195 0.68336 1.52418 73 0 0 63 52 255 100.00000 0
4162 6486 5.39351 2.94586 0.76758 1.33413 64 17 4 55 33 271 100.00000 0
3990 6644 3.24907 3.13546 1.02196 2.96253 167 2 0 163 68 894 100.00000 0
4286 4709 4.48837 0.00926 0.29394 0.52860 139 97 17 129 87 538 100.00000 0
2544 3118 2.40386 0.01746 0.05687 1.00483 307 283 20 295 259 905 100.00000 0
2725 3117 2.12758 0.01517 0.10930 0.87312 339 316 12 332 292 985 100.00000 0
2754 3117 2.12758 0.01517 0.08789 0.86728 353 333 13 343 310 1013 100.00000 0
2914 5461 3.07829 3.11972 0.50558 1.39100 248 151 11 232 159 793 100.00000 0
502 3515 3.23871 0.04065 0.14553 0.78135 128 121 5 124 96 380 100.00000 0
2226 3082 2.56929 0.00546 0.25091 0.48698 247 208 11 238 202 888 100.00000 0
4282 4645 5.98441 0.01060 0.42507 0.60198 100 58 14 92 69 410 100.00000 0
48 104 3.75659 0.00468 1.33229 0.36691 159 0 0 153 128 698 100.00000 0
4283 4538 5.48340 0.01105 0.50004 0.64041 113 59 11 111 84 425 100.00000 0
2293 5461 3.07965 3.11970 0.53449 1.42106 151 97 12 144 119 528 100.00000 0
4289 4829 3.22907 0.01504 0.44424 0.87223 107 59 9 107 78 497 100.00000 0
2221 2727 3.94570 0.00747 0.27172 0.33220 172 147 11 168 134 794 100.00000 0
3644 7045 4.84468 3.11923 1.08247 0.97197 68 1 0 66 32 392 100.00000 0
2758 5466 4.70345 3.13281 0.45708 1.47777 197 107 25 188 131 690 100.00000 0
936 3839 4.00117 0.00869 0.22996 0.55391 106 67 15 102 64 656 100.00000 0
3931 6709 5.80735 3.04432 0.77411 1.80428 68 14 5 62 37 292 100.00000 0
7483 7550 3.79019 0.18299 0.12365 0.43611 104 88 7 98 82 333 100.00000 0
2789 3117 2.12758 0.01517 0.11552 0.86863 349 322 11 337 296 985 100.00000 0
4292 4411 2.48712 0.00737 0.30889 0.42428 148 107 13 144 113 564 100.00000 0
4293 4787 2.23608 0.00795 0.27582 0.45628 167 125 17 163 128 597 100.00000 0
682 7073 3.94922 3.07246 1.02033 1.20366 61 2 0 59 34 253 100.00000 0
2435 5462 3.16726 3.12259 0.52135 1.33442 222 104 21 214 135 820 100.00000 0
4116 6521 3.42042 3.14030 0.98614 2.94278 128 0 0 124 60 450 100.00000 0
2959 5453 5.91626 3.07501 0.65928 1.35855 155 62 23 144 102 654 100.00000 0
4292 4663 2.48712 0.00737 0.31082 0.42244 193 131 19 177 153 631 100.00000 0
2983 3128 5.91687 0.01636 0.12599 0.86908 139 121 12 133 102 700 100.00000 0
1876 5725 4.93292 3.08286 0.79535 0.42244 56 3 1 52 16 326 100.00000 0
1042 6691 4.17672 3.10770 0.75445 2.55895 154 10 6 149 71 574 100.00000 0
2299 3122 3.62977 0.01479 0.21418 0.83134 144 118 6 131 109 662 100.00000 0
1913 5708 2.83124 3.13723 0.50800 0.99623 175 41 34 173 84 1120 100.00000 0
4862 4996 2.98026 0.01184 0.16682 0.68643 125 113 10 121 85 500 100.00000 0
1859 5746 2.86655 3.09416 0.55249 0.52934 142 20 17 136 78 560 100.00000 0
4439 4995 2.73222 0.01054 0.22156 0.60068 156 134 10 152 118 596 100.00000 0
2596 5465 4.22576 3.13044 0.52095 1.40081 206 85 16 192 124 670 100.00000 0
4812 4995 2.73222 0.01054 0.09556 0.59676 171 154 12 166 133 554 100.00000 0
4743 4993 2.23027 0.01160 0.21811 0.67027 177 151 10 175 139 575 100.00000 0
1684 5953 4.75276 3.07809 0.81539 0.68185 106 8 2 94 48 749 100.00000 0
3159 5426 3.69742 2.59538 0.76760 1.19485 99 35 4 88 52 378 100.00000 0
1357 6373 5.04410 3.13631 1.48202 2.40973 114 0 0 100 50 450 100.00000 0
498 3511 2.05138 0.01791 0.22366 0.64831 203 148 9 201 165 533 100.00000 0
1566 6114 4.49659 3.02912 0.36486 0.43790 45 19 9 39 21 274 100.00000 0
432 7230 5.89483 3.09041 1.05355 0.22381 62 0 1 54 31 230 100.00000 0
2896 5461 3.07829 3.11972 0.50629 1.37145 243 141 18 237 168 809 100.00000 0
5233 5295 2.74515 0.00528 0.15021 0.30261 186 145 27 179 131 914 100.00000 0
4360 4993 2.23027 0.01160 0.23198 0.66910 160 123 17 146 116 596 100.00000 0
4046 6587 4.92915 3.12302 1.43226 2.29354 87 0 1 83 36 482 100.00000 0
5233 5287 2.74515 0.00528 0.11029 0.39860 203 158 32 197 146 999 100.00000 0
4337 5000 4.47930 0.01215 0.25449 0.69210 148 119 13 142 103 550 100.00000 0
2827 3119 2.68691 0.01745 0.15055 0.99936 257 230 15 250 190 925 100.00000 0
4288 4653 3.73029 0.01427 0.25393 0.82329 142 111 7 135 100 582 100.00000 0
7466 7521 5.78110 0.03308 0.14361 0.54680 158 120 10 152 123 598 100.00000 0
4941 4999 3.97631 0.01322 0.25240 0.75329 162 135 15 156 119 537 100.00000 0
2663 5455 4.79648 3.09112 0.79965 1.40556 142 21 13 126 96 710 100.00000 0
4016 6624 5.51127 3.13675 0.96215 2.34318 91 3 1 89 52 460 100.00000 0
2836 5464 3.76176 3.12788 0.48685 1.36458 224 123 25 213 126 783 100.00000 0
2228 2799 2.09007 0.00491 0.17268 0.22555 277 246 10 271 224 891 100.00000 0
3012 5460 3.12238 3.11590 0.58557 1.34785 249 113 17 239 160 812 100.00000 0
4653 4995 2.73222 0.01054 0.10893 0.60781 150 138 11 146 111 521 100.00000 0
2645 3117 2.12758 0.01517 0.08538 0.86411 333 310 17 318 279 916 100.00000 0
2224 2641 3.10134 0.00535 0.25689 0.23239 192 163 12 190 157 813 100.00000 0
1547 6155 4.28469 3.03361 0.26313 2.14667 154 56 10 141 79 482 100.00000 0
4033 6599 5.94391 3.10394 1.30403 1.97952 98 0 0 96 34 548 100.00000 0
2978 3123 3.97774 0.01347 0.11715 0.75381 169 142 16 164 116 707 100.00000 0
2216 2910 5.59044 0.01185 0.28586 0.51662 119 92 12 119 88 697 100.00000 0
2630 5459 3.31144 3.11161 0.41301 1.31700 215 115 29 194 136 813 100.00000 0
2799 5465 4.22576 3.13044 0.52472 1.44184 212 103 11 203 151 699 100.00000 0
2384 3122 3.62977 0.01479 0.08480 0.83322 218 194 15 216 172 830 100.00000 0
4287 4396 3.98529 0.01043 0.35993 0.61866 131 103 11 124 91 518 100.00000 0
2219 2766 4.56731 0.00731 0.34493 0.32506 140 87 11 136 104 740 100.00000 0
2968 3124 4.35279 0.01384 0.16495 0.75173 218 198 11 212 182 822 100.00000 0
817 3741 3.85222 0.04946 0.31202 0.47642 144 103 14 142 104 445 100.00000 0
4286 4861 4.48837 0.00926 0.29954 0.52414 149 100 20 142 102 517 100.00000 0
4849 5003 5.47924 0.01245 0.17255 0.76156 133 119 8 133 102 499 100.00000 0
8 97 2.26166 0.00640 1.37667 0.39762 232 0 0 224 204 806 100.00000 0
465 3485 4.89927 0.05119 0.31514 0.73061 130 89 9 128 103 566 100.00000 0
4288 4539 3.73029 0.01427 0.37006 0.83650 165 115 12 160 127 563 100.00000 0
379 3459 5.33252 0.42131 0.75808 1.43067 149 46 8 143 73 575 100.00000 0
28 109 4.75959 0.00596 1.52198 0.36369 167 0 0 159 137 626 100.00000 0
4861 4996 2.98026 0.01184 0.15099 0.69323 129 115 9 123 98 497 100.00000 0
2870 5456 4.45097 3.09747 0.66582 1.33677 165 55 13 152 90 701 100.00000 0
661 3606 3.49149 0.03194 0.11155 0.20367 142 122 13 136 111 784 100.00000 0
4786 4999 3.97731 0.01335 0.31218 0.77682 128 100 11 122 86 495 100.00000 0
2747 3120 2.99697 0.01778 0.14288 1.00522 324 306 11 320 257 938 100.00000 0
2911 5455 4.79896 3.09115 0.77859 1.39493 150 21 6 138 92 696 100.00000 0
3052 3117 2.13150 0.01408 0.07676 0.80259 326 301 18 321 268 964 100.00000 0
1828 5773 4.04260 2.88047 0.96314 0.75899 154 13 11 140 76 578 100.00000 0
2219 2894 4.56329 0.00790 0.33535 0.36369 123 79 11 105 94 688 100.00000 0
2224 2434 3.10134 0.00535 0.25454 0.36904 175 136 9 167 130 807 100.00000 0
2225 2478 2.82125 0.00498 0.28104 0.37009 237 186 11 227 191 877 100.00000 0
1423 6296 5.63181 3.12810 1.09113 1.72442 96 0 0 91 45 442 100.00000 0
4288 4568 3.73029 0.01427 0.30564 0.81996 139 101 10 129 97 572 100.00000 0
4292 4921 2.48811 0.00778 0.26843 0.44675 155 122 12 143 117 569 100.00000 0
5222 5273 5.73521 0.01113 0.39199 0.63858 90 64 16 86 60 671 100.00000 0
3916 6733 5.82944 2.84662 0.58405 1.04792 137 46 8 132 107 330 100.00000 0
1538 6159 4.88182 2.84781 0.66204 1.16668 173 36 9 162 100 498 100.00000 0
2510 3123 3.97381 0.01447 0.15504 0.81948 165 139 17 159 124 732 100.00000 0
2222 2448 3.63340 0.00713 0.29301 0.36797 173 138 14 167 130 797 100.00000 0
4824 5000 4.47930 0.01215 0.32168 0.68813 152 122 5 141 110 543 100.00000 0
2706 3122 3.62977 0.01479 0.14182 0.88735 223 200 12 216 179 796 100.00000 0
23 110 5.00924 0.00565 1.34977 0.33455 153 0 0 151 125 630 100.00000 0
2794 5453 5.91337 3.07498 0.70388 1.35393 94 28 16 88 53 520 100.00000 0
4799 5002 5.23219 0.01062 0.37265 0.61739 113 81 15 103 78 497 100.00000 0
600 3550 3.95470 0.09583 0.18336 0.39762 112 88 20 112 81 679 100.00000 0
4286 4559 4.48837 0.00926 0.27028 0.55673 147 120 15 145 106 536 100.00000 0
4812 4999 3.97731 0.01335 0.23377 0.75537 146 113 11 129 99 532 100.00000 0
773 3701 2.89298 0.03101 0.16577 0.59676 145 128 10 145 117 575 100.00000 0
2856 5456 4.45097 3.09747 0.56197 1.44672 157 54 21 143 79 631 100.00000 0
4914 4994 2.47957 0.01154 0.26942 0.70221 161 120 13 156 116 555 100.00000 0
2216 3058 5.59044 0.01185 0.32790 0.53082 121 91 17 117 84 631 100.00000 0
2698 3125 4.72291 0.01548 0.17486 0.85912 159 135 12 155 118 741 100.00000 0
2735 5463 3.41269 3.12520 0.51917 1.39185 246 147 16 233 171 764 100.00000 0
2846 5459 3.31183 3.11163 0.47557 1.33237 198 83 32 189 120 795 100.00000 0
4099 6537 3.40032 3.13390 1.06531 2.45655 169 0 0 167 90 575 100.00000 0
2268 3125 4.72291 0.01548 0.16601 0.85134 134 110 8 119 89 606 100.00000 0
2544 3121 3.28185 0.01636 0.16026 0.92366 235 210 13 233 184 864 100.00000 0
3132 5453 3.87770 3.06947 0.77588 2.15322 124 24 15 117 67 602 100.00000 0
3480 7223 5.27303 2.99672 1.48584 0.84302 59 0 0 51 31 264 100.00000 0
4636 4996 2.98026 0.01184 0.11917 0.67493 147 126 12 137 108 538 100.00000 0
1137 4037 4.75902 0.03148 0.16586 0.31898 197 172 9 193 155 739 100.00000 0
1235 4127 3.91926 0.01465 0.27949 0.25179 103 84 6 97 82 387 100.00000 0
925 3836 2.75075 0.00276 0.24881 0.13122 212 160 22 205 155 789 100.00000 0
1570 6075 4.65096 3.10481 0.65300 0.91941 114 35 38 112 45 540 100.00000 0
1828 5769 5.81148 2.87282 0.68111 0.66676 96 8 1 87 36 473 100.00000 0
2095 5554 2.91937 3.09894 0.96759 2.05023 70 2 2 59 22 478 100.00000 0
5246 5367 2.47673 0.01364 0.26312 0.78634 220 171 16 218 166 863 100.00000 0
2265 5454 5.34368 3.08390 0.76774 1.47883 116 26 4 103 75 633 100.00000 0
719 7036 5.52743 3.10438 1.25626 0.98318 66 0 0 55 26 313 100.00000 0
2720 3118 2.40386 0.01746 0.09291 0.99308 279 262 12 267 234 884 100.00000 0
2852 5460 3.12238 3.11590 0.61254 1.35682 229 94 13 220 156 766 100.00000 0
2995 3122 3.63373 0.01381 0.17993 0.76617 215 190 14 207 163 818 100.00000 0
2736 5461 3.07965 3.11970 0.52156 1.33940 214 119 12 205 144 803 100.00000 0
2433 3122 3.62977 0.01479 0.10706 0.82614 229 214 11 225 183 831 100.00000 0
2811 3120 2.99697 0.01778 0.15598 1.01683 304 272 16 298 243 967 100.00000 0
2941 3123 3.97774 0.01347 0.11087 0.74125 167 152 7 162 129 728 100.00000 0
2216 2606 5.59444 0.01128 0.25538 0.49258 124 105 10 124 98 660 100.00000 0
4286 4563 4.48837 0.00926 0.31197 0.52638 107 71 18 104 73 464 100.00000 0
60 112 5.25886 0.00578 1.55431 0.43069 160 0 0 150 139 563 100.00000 0
7479 7535 4.29090 0.18026 0.12606 0.99150 98 71 5 96 73 433 100.00000 0
379 3464 3.74491 0.33801 0.57961 1.13987 190 75 6 184 114 550 100.00000 0
2635 5467 5.24482 3.13493 0.52354 1.62172 164 88 23 161 101 623 100.00000 0
4288 4711 3.73029 0.01427 0.27323 0.82519 149 109 14 143 105 571 100.00000 0
2778 3124 4.34886 0.01483 0.18596 0.81469 200 177 13 194 156 788 100.00000 0
1653 5996 4.70204 2.94698 0.54461 2.32507 129 12 24 127 78 413 100.00000 0
4290 4940 2.98323 0.01284 0.37668 0.75433 101 68 11 97 72 408 100.00000 0
823 3745 2.79786 0.04370 0.07151 0.39366 169 152 15 165 138 488 100.00000 0
4282 4679 5.98441 0.01060 0.36796 0.60263 117 81 16 115 79 441 100.00000 0
2632 3124 4.34886 0.01483 0.14717 0.81373 210 192 10 199 172 765 100.00000 0
649 7111 4.92329 3.13421 1.22038 2.14904 82 0 6 73 36 325 100.00000 0
4845 5003 5.47924 0.01245 0.20426 0.70499 136 128 7 128 98 505 100.00000 0
3132 5441 5.32253 2.89184 0.89627 2.52832 112 29 15 93 53 541 100.00000 0
2278 3124 4.34886 0.01483 0.23276 0.82044 148 126 9 139 102 628 100.00000 0
577 3538 3.04656 0.02288 0.29506 0.59742 146 128 5 146 123 255 100.00000 0
1386 6342 4.67041 3.13632 1.02521 2.91349 104 1 1 99 40 528 100.00000 0
3509 7189 4.65841 3.03554 1.36144 0.76361 42 0 0 38 26 175 100.00000 0
2219 3024 4.56329 0.00790 0.36946 0.57403 109 67 10 105 80 684 100.00000 0
1226 4118 3.64439 0.00572 0.35007 0.22029 170 130 7 161 136 523 100.00000 0
2227 2693 2.31008 0.00442 0.15198 0.24228 238 213 12 234 189 867 100.00000 0
2228 2563 2.09007 0.00491 0.15842 0.22555 245 216 11 239 200 865 100.00000 0
4023 6613 3.02404 3.13252 1.05426 1.50558 211 0 0 206 139 834 100.00000 0
810 3735 4.17884 0.05128 0.19149 0.46140 87 58 15 85 56 308 100.00000 0
2221 2458 3.94570 0.00747 0.31112 0.38359 171 131 13 169 140 730 100.00000 0
2766 5463 3.41269 3.12520 0.54925 1.33706 207 113 12 192 131 761 100.00000 0
2754 5465 4.22576 3.13044 0.52121 1.47777 240 100 27 208 137 749 100.00000 0
1813 5790 4.77896 2.52620 0.58462 1.76901 142 43 7 132 48 615 100.00000 0
2494 3118 2.40386 0.01746 0.07158 0.99623 307 289 15 301 268 913 100.00000 0
5223 5286 5.48318 0.01169 0.18407 0.68013 91 71 16 88 63 710 100.00000 0
2167 5498 4.76663 3.12786 1.05924 1.69858 67 1 2 54 31 392 100.00000 0
4282 4343 5.98441 0.01060 0.42611 0.60263 106 53 22 99 71 445 100.00000 0
1480 6228 4.50528 3.13896 0.94878 2.11452 90 1 2 84 53 358 100.00000 0
2220 2861 4.25294 0.00793 0.30706 0.39466 162 127 10 156 129 717 100.00000 0
1827 5796 3.30315 3.03368 0.46624 1.36544 135 53 14 133 72 587 100.00000 0
4936 5001 4.73024 0.01072 0.19721 0.68984 132 111 12 130 97 496 100.00000 0
4289 4856 3.22907 0.01504 0.46535 0.87581 119 59 11 113 75 526 100.00000 0
997 3892 5.31261 0.42764 0.20975 1.28420 134 111 1 125 112 404 100.00000 0
2024 5630 5.92953 3.13223 0.94952 0.47560 113 10 5 109 56 678 100.00000 0
4293 4749 2.23608 0.00795 0.28401 0.45970 166 125 12 162 120 578 100.00000 0
3017 3128 5.91687 0.01636 0.11970 0.88514 118 100 10 114 90 641 100.00000 0
2219 2736 4.56731 0.00731 0.36021 0.26688 130 81 16 122 104 743 100.00000 0
4286 4728 4.48837 0.00926 0.25950 0.52190 140 94 17 134 92 548 100.00000 0
2911 3123 3.97774 0.01347 0.17494 0.82139 173 151 4 163 143 771 100.00000 0
683 7072 3.93377 3.07421 0.80477 1.54864 57 4 0 49 38 222 100.00000 0
973 3873 3.76066 0.12715 0.11333 0.91941 185 147 10 179 131 805 100.00000 0
4291 4444 2.73718 0.00865 0.40325 0.53814 143 88 11 135 99 544 100.00000 0
4286 4878 4.48941 0.00934 0.24096 0.53229 144 106 15 133 98 559 100.00000 0
3060 5467 5.24092 3.13492 0.45300 1.63087 138 72 19 136 78 609 100.00000 0
1762 5866 2.42750 3.12816 0.71598 0.61294 182 18 10 173 78 886 100.00000 0
1844 5774 3.95920 3.09647 0.67019 0.84070 81 21 17 76 45 240 100.00000 0
2223 2574 3.35183 0.00582 0.27391 0.26834 179 142 17 175 138 790 100.00000 0
1811 5815 2.40467 3.07674 0.42712 1.75078 79 16 5 75 47 408 100.00000 0
2219 2583 4.56731 0.00731 0.30583 0.28804 139 100 6 130 103 688 100.00000 0
461 3493 3.99151 0.00774 0.19770 0.52265 167 142 10 163 148 440 100.00000 0
4385 4993 2.23027 0.01160 0.17794 0.69436 166 144 14 159 127 596 100.00000 0
1614 6023 5.87693 2.98516 0.55829 2.99761 166 54 26 154 59 668 100.00000 0
1999 5649 2.54420 3.10840 0.82245 0.58013 209 9 4 209 93 849 100.00000 0
2225 2739 2.82125 0.00498 0.26921 0.24866 226 192 12 224 185 851 100.00000 0
1452 6262 3.60204 3.13797 1.07201 1.75390 127 0 0 123 86 374 100.00000 0
2724 5456 4.44895 3.09745 0.67504 1.35451 148 37 9 140 90 686 100.00000 0
1571 6088 3.01818 3.10776 0.62560 0.91257 147 20 26 137 58 520 100.00000 0
2756 5462 3.16726 3.12259 0.54755 1.47193 218 120 9 207 148 775 100.00000 0
1346 6391 4.30053 3.12978 1.43620 2.50265 100 0 0 90 34 341 100.00000 0
4287 4528 3.98529 0.01043 0.41229 0.58950 139 96 7 139 109 554 100.00000 0
4395 4993 2.23027 0.01160 0.14226 0.67551 208 185 21 204 165 610 100.00000 0
1103 3995 5.66428 0.00937 0.12161 nan 89 64 13 82 60 528 100.00000 0
4529 4996 2.98026 0.01184 0.07025 0.69323 129 115 10 127 99 509 100.00000 0
40 110 5.00924 0.00565 1.26029 0.36477 144 0 0 135 120 619 100.00000 0
2922 5455 4.79896 3.09115 0.74258 1.39718 151 18 19 131 87 664 100.00000 0
4079 6553 4.66816 3.12632 1.09366 1.83526 74 0 0 74 50 393 100.00000 0
3045 5466 4.69968 3.13281 0.43231 1.49043 180 104 27 176 124 727 100.00000 0
1909 5697 4.62320 3.10923 0.45555 0.47230 177 73 19 166 78 1137 100.00000 0
4288 4784 3.73029 0.01427 0.27564 0.82756 162 128 4 156 123 570 100.00000 0
2221 2834 3.94172 0.00793 0.29889 0.38866 175 128 10 175 139 760 100.00000 0
2218 3112 5.97770 0.01802 0.36857 0.92957 107 80 12 91 73 705 100.00000 0
4868 4998 3.72724 0.01333 0.26353 0.80454 153 121 10 140 110 554 100.00000 0
2274 5466 4.70345 3.13281 1.21833 1.50142 96 21 16 84 28 515 100.00000 0
1411 6317 3.89298 3.11058 1.07151 1.31462 167 0 0 167 110 574 100.00000 0
4511 4999 3.97731 0.01335 0.23942 0.78185 149 125 13 143 104 511 100.00000 0
3102 5462 3.18640 3.12255 0.52458 1.39998 240 119 12 238 172 837 100.00000 0
2983 5459 3.31183 3.11163 0.46488 1.29965 231 89 39 203 131 815 100.00000 0
2129 5526 4.39936 3.12959 0.67250 1.60572 272 13 7 270 144 881 100.00000 0
5318 5375 4.48807 0.00737 0.11399 0.27554 136 122 11 134 103 748 100.00000 0
597 3547 4.76145 0.11157 0.29274 0.56717 89 72 9 89 65 471 100.00000 0
2216 2794 5.59444 0.01128 0.30627 0.53155 119 91 12 116 93 693 100.00000 0
4296 4991 3.22318 0.01565 0.21600 0.88999 145 122 12 140 117 533 100.00000 0
1969 5680 5.26147 3.13946 0.70207 0.32385 118 24 27 116 60 800 100.00000 0
4293 4891 2.23716 0.00784 0.28485 0.44411 188 137 11 177 137 624 100.00000 0
2491 3123 3.97381 0.01447 0.15010 0.86728 187 159 15 181 145 768 100.00000 0
3064 5465 4.22218 3.13044 0.51932 1.37402 199 82 20 189 111 702 100.00000 0
3082 5465 4.22218 3.13044 0.49791 1.44861 213 96 26 202 125 722 100.00000 0
7473 7552 4.78644 0.12621 0.42729 0.59676 111 51 8 105 77 550 100.00000 0
2216 2471 5.59444 0.01128 0.23902 0.50822 105 84 9 105 79 710 100.00000 0
4495 4999 3.97731 0.01335 0.18666 0.76719 122 95 16 110 83 489 100.00000 0
566 7169 4.44470 3.01446 1.50639 3.69099 14 1 1 4 4 85 100.00000 0
1624 6025 4.23975 3.05855 0.75848 2.44264 170 65 13 162 53 634 100.00000 0
1894 5708 4.28182 3.12436 0.52625 1.04829 183 44 20 162 45 1107 100.00000 0
4948 4999 3.97631 0.01322 0.16947 0.76105 167 146 11 163 111 547 100.00000 0
2276 3128 5.91297 0.01714 0.30178 0.91941 108 75 17 104 72 595 100.00000 0
1430 6297 5.59972 3.12917 1.13391 2.02023 111 0 0 109 47 374 100.00000 0
3514 7184 4.58025 3.03978 1.72862 1.12813 61 0 0 61 41 137 100.00000 0
1405 6325 4.68925 3.12070 1.27056 1.25897 164 0 0 162 120 533 100.00000 0
2266 5462 3.16726 3.12259 0.51773 1.32205 192 83 14 175 118 690 100.00000 0
4285 4723 4.73969 0.00854 0.43541 0.49653 128 71 8 113 90 499 100.00000 0
4284 4493 5.23737 0.00879 0.33870 0.51586 108 71 19 108 80 491 100.00000 0
626 7133 5.97548 3.10634 1.29048 2.13405 64 0 1 58 32 536 100.00000 0
8 114 5.75959 0.00703 1.45539 0.43879 190 0 0 188 168 630 100.00000 0
1885 5719 3.08232 3.09626 0.73540 0.64771 155 20 9 139 75 699 100.00000 0
2335 3121 3.28185 0.01636 0.12970 0.93879 257 232 21 248 210 877 100.00000 0
4525 5001 4.73126 0.01093 0.26824 0.66441 120 98 11 120 88 546 100.00000 0
1671 5973 4.74342 3.05917 0.58791 1.07629 81 20 13 70 38 337 100.00000 0
1393 6338 4.16448 3.14013 1.13001 2.10227 125 1 2 118 69 524 100.00000 0
2228 2493 2.09007 0.00491 0.11626 0.39958 249 214 11 241 196 862 100.00000 0
1611 6027 5.55239 3.02745 0.71926 3.25173 125 44 34 121 53 611 100.00000 0
1724 5894 2.94146 3.10830 0.88256 0.75692 160 5 5 156 76 978 100.00000 0
475 3498 2.17597 0.00986 0.08492 0.37115 264 246 13 260 225 642 100.00000 0
2216 2306 5.59444 0.01128 0.31831 0.46646 98 67 9 94 62 612 100.00000 0
4028 6607 3.55114 3.12110 1.07556 1.40556 206 2 8 186 123 775 100.00000 0
4541 5001 4.73126 0.01093 0.20398 0.65790 110 88 7 106 75 485 100.00000 0
969 3883 3.72951 0.13190 0.14144 1.05276 224 176 10 216 135 863 100.00000 0
3113 5452 5.41009 3.06188 0.82133 1.67211 124 17 12 115 72 595 100.00000 0
4292 4873 2.48712 0.00737 0.25969 0.44850 167 131 13 162 119 614 100.00000 0
912 3824 3.01985 0.01080 0.06682 0.59281 272 233 29 272 206 831 100.00000 0
621 7134 4.00236 3.11853 1.64370 2.25064 74 3 0 65 24 595 100.00000 0
22 107 4.25759 0.00514 1.43292 0.34492 192 0 0 188 156 690 100.00000 0
1232 6510 3.39193 3.12955 1.27322 2.00740 111 0 0 98 55 397 100.00000 0
2469 3127 5.50598 0.01689 0.14008 0.95654 171 141 15 163 123 724 100.00000 0
1923 5709 5.54026 3.11147 0.34559 0.55107 83 37 18 77 41 828 100.00000 0
1026 3921 5.70227 0.05876 0.22687 0.51889 119 97 14 119 74 429 100.00000 0
35 103 3.50704 0.00496 1.34306 0.29608 194 0 0 194 153 656 100.00000 0
3033 5456 4.45097 3.09747 0.65286 1.36171 169 57 18 154 108 698 100.00000 0
859 3771 3.51204 0.00865 0.33467 0.29608 180 116 14 173 138 494 100.00000 0
2225 2763 2.82125 0.00498 0.26498 0.52414 213 165 12 207 158 834 100.00000 0
1336 6401 3.65929 3.12602 0.91827 2.41978 79 3 0 77 39 357 100.00000 0
4611 4998 3.72724 0.01333 0.27070 0.75589 151 123 6 134 100 549 100.00000 0
2262 3121 3.28185 0.01636 0.14856 0.94170 145 126 12 139 113 669 100.00000 0
2310 5457 4.01641 3.10230 0.60360 1.29362 152 57 33 133 87 645 100.00000 0
4625 5000 4.47930 0.01215 0.34924 0.74072 145 99 12 145 102 534 100.00000 0
5276 5377 5.23907 0.01408 0.21743 0.26244 129 110 10 120 96 657 100.00000 0
5235 5334 2.24409 0.00592 0.17712 0.35936 237 206 16 235 191 1023 100.00000 0
592 3554 4.24621 0.03631 0.28005 0.36691 111 80 13 107 75 628 100.00000 0
1583 6055 5.84267 3.10074 0.66944 0.99465 75 10 13 69 28 498 100.00000 0
1217 6527 5.04348 3.13592 1.29573 2.68161 160 0 0 158 82 460 100.00000 0
2414 5466 4.70345 3.13281 0.50188 1.52777 188 101 16 178 116 715 100.00000 0
2956 5458 3.62527 3.10707 0.56163 1.26857 182 85 8 174 126 763 100.00000 0
2826 3126 5.07088 0.01538 0.14892 0.85957 151 130 10 145 118 711 100.00000 0
2525 3125 4.72291 0.01548 0.18959 0.90784 161 136 17 159 125 722 100.00000 0
421 3467 5.51765 0.31840 0.71336 0.87178 109 32 3 107 67 456 100.00000 0
2858 5465 4.22218 3.13044 0.46965 1.37459 226 100 30 222 135 683 100.00000 0
2990 5467 5.24092 3.13492 0.51587 1.62558 174 75 18 153 104 650 100.00000 0
1085 6650 3.84366 3.12703 1.12596 2.61060 176 2 0 166 69 902 100.00000 0
4283 4519 5.48340 0.01105 0.49679 0.65730 133 64 16 133 94 484 100.00000 0
2301 5467 5.24482 3.13493 0.46418 1.63399 85 40 14 69 42 481 100.00000 0
2961 5455 4.79896 3.09115 0.77949 1.39437 135 20 6 128 85 659 100.00000 0
4283 4948 5.48436 0.01158 0.53273 0.65611 114 53 9 110 75 505 100.00000 0
4332 4999 3.97731 0.01335 0.22931 0.76872 151 122 19 147 104 548 100.00000 0
1577 6066 4.49760 3.11885 0.66066 0.64163 115 40 31 106 52 542 100.00000 0
2190 5481 4.71119 3.08852 0.83356 1.84737 169 4 7 165 105 763 100.00000 0
32 98 2.51081 0.00596 1.30227 0.37325 195 0 0 189 164 723 100.00000 0
2241 3124 4.68981 0.01881 0.15765 1.06899 152 128 7 139 99 695 100.00000 0
455 7212 5.09657 3.09692 0.97142 1.13229 170 3 1 161 111 469 100.00000 0
2217 2951 5.21770 0.01030 0.31000 0.50280 135 95 11 126 102 759 100.00000 0
1033 3930 4.32972 0.01398 0.15460 0.41212 53 39 5 51 37 305 100.00000 0
2227 2471 2.31008 0.00442 0.16731 0.27411 209 180 14 201 163 863 100.00000 0
2359 5453 5.91337 3.07498 0.68188 1.35162 160 56 15 152 107 656 100.00000 0
2674 5460 3.12285 3.11589 0.54225 1.32589 225 99 20 221 141 825 100.00000 0
4696 5001 4.73126 0.01093 0.16048 0.75537 132 103 8 121 101 542 100.00000 0
2861 3118 2.40775 0.01632 0.08738 0.93209 300 272 21 298 239 880 100.00000 0
2617 5455 4.79648 3.09112 0.73349 1.39886 172 40 8 161 112 703 100.00000 0
4517 4993 2.23027 0.01160 0.15964 0.66852 157 139 11 155 121 614 100.00000 0
3060 5458 3.62527 3.10707 0.56033 1.33969 197 104 6 185 140 787 100.00000 0
485 7195 5.87356 3.03711 1.16400 1.09074 89 1 0 85 53 312 100.00000 0
611 7137 3.77976 3.11826 1.35482 2.78671 65 0 1 58 31 468 100.00000 0
2261 3121 3.28185 0.01636 0.12300 0.94336 222 198 11 217 183 864 100.00000 0
3076 5456 4.45097 3.09747 0.68029 1.34494 159 48 25 151 88 644 100.00000 0
4824 4999 3.97731 0.01335 0.14010 0.75950 137 126 9 137 109 512 100.00000 0
1780 5850 3.17708 3.12491 0.78404 0.47064 125 10 22 106 42 870 100.00000 0
3534 7167 2.92571 3.09179 1.23018 1.63686 59 2 0 46 41 201 100.00000 0
2684 5468 5.86763 3.13678 0.62906 1.58066 111 37 23 109 50 538 100.00000 0
4859 4996 2.98026 0.01184 0.13560 0.67724 133 113 13 125 90 517 100.00000 0
988 3902 4.22604 0.33338 0.12891 0.40251 199 185 10 197 166 512 100.00000 0
5276 5369 2.48618 0.00521 0.17720 0.41965 196 154 25 186 135 877 100.00000 0
5287 5378 5.48934 0.01892 0.13952 0.29074 94 68 19 92 53 632 100.00000 0
4288 4652 3.73029 0.01427 0.27480 0.82234 140 104 12 131 105 551 100.00000 0
2904 3128 5.91687 0.01636 0.07832 0.88160 132 115 8 127 100 655 100.00000 0
4148 6494 3.70201 3.13429 0.88682 2.40338 127 12 0 123 64 412 100.00000 0
3057 3125 4.72688 0.01452 0.18535 0.88470 163 138 14 157 123 712 100.00000 0
1020 3919 3.07254 0.03309 0.34960 0.52489 217 166 7 211 173 602 100.00000 0
2216 2768 5.59444 0.01128 0.34880 0.55883 92 69 8 85 66 586 100.00000 0
3084 5461 3.07829 3.11972 0.51848 1.34261 207 107 21 197 128 785 100.00000 0
4286 4830 4.48837 0.00926 0.25086 0.53595 101 75 15 90 64 449 100.00000 0
2220 2910 4.25294 0.00793 0.38109 0.36045 167 109 10 163 135 738 100.00000 0
2074 5566 4.38388 3.06678 1.05844 1.45347 99 1 3 95 36 445 100.00000 0
4856 4998 3.72724 0.01333 0.28940 0.75537 117 87 13 101 70 492 100.00000 0
4286 4502 4.48837 0.00926 0.32640 0.52563 107 69 12 100 74 497 100.00000 0
4284 4451 5.23737 0.00879 0.25618 0.50590 96 79 10 96 74 404 100.00000 0
4116 6516 5.64090 3.13872 1.21336 2.74709 100 0 0 89 66 388 100.00000 0
5286 5379 5.98845 0.02413 0.19726 0.38563 99 73 15 92 60 575 100.00000 0
2229 5467 3.88328 3.13709 0.65681 1.72510 160 50 17 156 101 738 100.00000 0
2678 5461 3.07965 3.11970 0.57039 1.45158 213 116 10 204 141 776 100.00000 0
4395 4998 3.72724 0.01333 0.27771 0.75796 147 112 10 132 99 508 100.00000 0
2224 2841 3.09737 0.00618 0.34123 0.40348 137 97 2 131 107 731 100.00000 0
2796 5454 5.34368 3.08390 0.74042 1.38903 127 18 11 111 84 610 100.00000 0
1447 6270 2.76561 3.14050 0.87240 2.34985 153 5 4 144 74 438 100.00000 0
4329 4995 2.73222 0.01054 0.15853 0.59938 163 140 9 150 117 593 100.00000 0
2218 3022 4.90587 0.00890 0.35517 0.36584 127 90 12 117 97 707 100.00000 0
1081 3982 2.75244 0.01206 0.13917 0.19782 351 311 39 349 283 1198 100.00000 0
1074 3976 3.26579 0.00548 0.26601 0.26393 197 145 31 185 136 937 100.00000 0
