0.07396 0.08874
0.04099 0.08224
0.03633 0.07356
0.02955 0.06841
0.04107 0.06614
0.03177 0.05553
0.01522 0.04304
0.02916 0.06425
0.03433 0.06672
0.02353 0.04651
0.01905 0.04021
0.03573 0.08504
0.01261 0.03695
0.01862 0.06198
0.03604 0.07694
0.04018 0.05131
0.02962 0.08270
0.02052 0.06169
0.02277 0.07841
0.02863 0.05582
0.02399 0.07841
0.02163 0.06260
0.03242 0.06045
0.03295 0.07463
0.02977 0.06093
0.02869 0.06061
0.03618 0.07497
0.03414 0.08213
0.02190 0.05600
0.02234 0.06060
0.04142 0.07717
0.01645 0.04323
0.04808 0.07170
0.02930 0.07526
0.02723 0.07346
0.01646 0.04617
0.02682 0.08434
0.03779 0.06507
0.02632 0.07770
0.02478 0.06099
0.02916 0.08352
0.02308 0.05583
0.02417 0.06925
0.01895 0.06451
0.02717 0.05950
0.03332 0.07819
0.02286 0.05598
0.03218 0.07588
0.02423 0.05405
0.02778 0.05356
0.02612 0.05859
0.02523 0.08906
0.02893 0.06061
0.05249 0.07549
0.02727 0.05484
0.04541 0.05841
0.01370 0.04096
0.02433 0.05194
0.04011 0.07514
0.03398 0.06721
0.03346 0.08286
0.01553 0.04278
0.04115 0.08163
0.02257 0.08314
0.03691 0.08617
0.03266 0.08499
0.02591 0.05542
0.02090 0.05308
0.03627 0.07562
0.03226 0.06857
0.01689 0.04443
0.04163 0.06279
0.01492 0.04133
0.02106 0.05493
0.01947 0.05105
0.02517 0.06216
0.02087 0.05590
0.03644 0.06421
0.02006 0.05393
0.02852 0.05698
0.05769 0.07148
0.03044 0.06741
0.02946 0.06564
0.02033 0.05430
0.02257 0.07719
0.02061 0.04376
0.01763 0.06045
0.02850 0.07528
0.03228 0.07948
0.02331 0.05348
0.02559 0.07820
0.02614 0.04890
0.03090 0.07426
0.02424 0.05368
0.02604 0.05328
0.02665 0.07729
0.02460 0.06535
0.02622 0.06021
0.01748 0.05643
0.02988 0.05272
0.01939 0.05822
0.01656 0.04576
0.02053 0.03398
0.03667 0.06934
0.03349 0.06656
0.01428 0.04265
0.02715 0.04967
0.01613 0.04550
0.02171 0.05523
0.02705 0.08458
0.03805 0.05683
0.03776 0.08260
0.01634 0.04362
0.02629 0.08604
0.02190 0.04820
0.02037 0.05668
0.02173 0.06387
0.02262 0.08016
0.02578 0.05424
0.03205 0.06887
0.02831 0.08156
0.03036 0.07631
0.03489 0.05690
0.02820 0.05569
0.02081 0.04509
0.04114 0.08040
0.03846 0.06898
0.02557 0.08103
0.03777 0.06476
0.02133 0.03074
0.03671 0.08762
0.01546 0.03017
0.02271 0.08140
0.03427 0.06121
0.03713 0.06815
0.01868 0.04504
0.02818 0.05414
0.01841 0.05490
0.01583 0.04792
0.01421 0.02750
0.01637 0.04322
0.02683 0.07582
0.02241 0.06650
0.03056 0.05467
0.03105 0.04984
0.02666 0.04526
0.02741 0.07022
0.01656 0.04805
0.02536 0.07981
0.03084 0.06364
0.03994 0.07725
0.02951 0.07178
0.02955 0.06277
0.05723 0.05801
0.02327 0.07679
0.02455 0.08433
0.01872 0.05362
0.03443 0.05590
0.02711 0.07207
0.01883 0.05655
0.03810 0.07127
0.01925 0.06516
0.04027 0.06937
0.02448 0.08198
0.02702 0.06642
0.02745 0.04944
0.03826 0.05635
0.03113 0.08935
0.02816 0.06523
0.02532 0.07622
0.01911 0.05452
0.02982 0.06021
0.03036 0.07406
0.02560 0.07106
0.03096 0.07092
0.02756 0.06113
0.01544 0.04634
0.02389 0.05639
0.02271 0.06801
0.02321 0.06367
0.03702 0.08465
0.03018 0.06699
0.02407 0.05945
0.02720 0.06705
0.02669 0.05047
0.04836 0.08110
0.03253 0.08586
0.02966 0.06453
0.02576 0.07664
0.02758 0.06004
0.02218 0.05031
0.02980 0.08181
0.02953 0.05379
0.02499 0.05440
0.02193 0.05683
0.02511 0.06759
0.02473 0.08640
0.02539 0.06235
0.02743 0.05330
0.02995 0.06922
