531 4105 8.04262 3.11849 1.15262 3.86878 29 1 0 22 19 350 100.00000 0
705 2366 9.12077 0.21103 0.70644 0.70554 101 17 2 97 75 637 100.00000 0
4131 5077 7.39388 0.01977 0.06469 1.13229 96 90 4 92 73 608 100.00000 0
2416 3899 9.14160 3.13925 0.97794 1.92844 73 0 2 61 47 480 100.00000 0
3984 4936 6.73912 0.35726 0.54590 0.86863 183 82 6 180 141 849 100.00000 0
2525 3780 6.21339 3.13915 1.04614 2.09144 175 0 0 167 86 799 100.00000 0
2235 4098 9.75843 3.11701 1.25156 3.60826 29 0 0 26 9 318 100.00000 0
466 4165 9.46624 2.36367 0.81294 1.41167 86 1 6 83 43 776 100.00000 0
1206 2865 9.82074 0.50372 0.43189 1.14261 81 22 14 70 50 674 100.00000 0
433 5135 6.88033 3.00654 1.16307 0.55391 82 0 0 74 43 473 100.00000 0
379 5183 6.92700 3.06371 0.62707 1.42272 63 17 5 51 42 791 100.00000 0
2564 3732 6.40823 3.09009 0.91507 2.09163 204 16 1 204 140 824 100.00000 0
918 3712 8.07609 3.07976 1.01504 0.75433 49 3 1 40 21 492 100.00000 0
1664 3372 9.73886 0.43711 0.23319 1.39886 137 81 3 133 108 897 100.00000 0
3847 4797 7.91527 0.04743 0.26852 0.56232 85 69 5 83 65 883 100.00000 0
3626 4570 8.76544 0.02214 0.46735 1.23638 87 72 9 78 58 620 100.00000 0
1031 2711 7.30271 0.00837 0.22100 0.66264 165 149 8 161 133 844 100.00000 0
652 3983 6.66218 3.09825 1.12160 2.87535 113 9 0 101 45 608 100.00000 0
2187 5091 9.74387 3.09460 1.33924 2.43831 25 0 0 25 10 225 100.00000 0
1951 5319 9.39093 2.78336 1.23269 1.27718 50 0 0 45 22 415 100.00000 0
800 2475 6.19115 0.02332 0.38483 0.23070 199 135 12 190 161 1218 100.00000 0
4150 5092 6.77347 0.19539 0.19739 1.17636 91 56 6 91 68 836 100.00000 0
1382 3031 7.85868 0.34646 0.45315 0.73275 155 87 12 146 104 987 100.00000 0
1596 3257 6.30158 0.01677 0.29246 0.33455 251 208 18 247 197 1158 100.00000 0
4039 4993 6.80130 0.00961 0.19117 0.47888 220 208 4 217 187 1050 100.00000 0
267 5295 9.41192 3.13692 0.68697 0.97156 18 1 4 14 12 247 100.00000 0
2248 4083 9.47773 3.12729 1.56092 2.44360 22 0 0 19 11 240 100.00000 0
688 4906 6.32440 2.88262 0.58912 0.64650 179 37 16 175 134 537 100.00000 0
570 4065 7.46714 3.13040 0.96009 1.14055 29 1 0 24 13 360 100.00000 0
233 5310 7.54464 2.99924 1.17822 0.87492 73 0 0 58 30 557 100.00000 0
729 3895 8.94116 3.13308 1.31879 1.76658 173 0 0 167 101 1115 100.00000 0
1337 3007 6.34637 0.02016 0.36803 0.91343 139 103 10 139 102 852 100.00000 0
3628 4590 6.42040 0.02675 0.39551 1.26548 79 39 11 72 55 829 100.00000 0
720 3905 6.03561 3.14090 1.50534 2.36976 336 0 0 324 175 1334 100.00000 0
2316 4002 6.17847 3.13537 0.91363 1.63351 42 2 1 37 21 424 100.00000 0
4084 5046 6.31861 0.04730 0.37220 0.58484 116 62 8 111 92 660 100.00000 0
3593 4533 9.25024 0.13179 0.27957 1.32145 93 52 8 86 66 727 100.00000 0
2563 3726 7.05826 3.12173 0.96037 2.56185 83 4 3 75 41 639 100.00000 0
709 2375 6.29615 0.10746 0.41104 0.23903 148 96 3 138 108 814 100.00000 0
5431 5524 8.59190 0.00826 0.39829 0.31027 86 61 8 76 65 1350 100.00000 0
2440 3862 8.48081 3.13471 1.36846 2.81494 148 1 0 139 81 1136 100.00000 0
555 4070 6.98192 3.13517 1.29724 1.98781 82 0 0 72 38 415 100.00000 0
673 3965 8.38313 nan 0.47319 2.13973 111 36 5 98 53 433 100.00000 0
653 3990 8.94292 2.90131 0.75682 3.35497 46 14 0 38 20 373 100.00000 0
4081 5044 7.01237 0.04963 0.60490 0.33338 78 21 6 76 60 555 100.00000 0
561 4064 6.85627 3.12556 1.77012 2.29814 81 0 0 72 47 492 100.00000 0
1674 3384 8.63934 0.82423 0.23815 2.01752 135 34 8 133 111 831 100.00000 0
628 4967 6.67360 3.13941 1.43200 2.27916 35 2 0 29 17 427 100.00000 0
2285 4992 6.31943 3.13964 0.80878 1.85794 122 6 19 111 60 736 100.00000 0
579 4042 9.71659 3.11872 1.12226 0.85409 139 0 0 113 40 771 100.00000 0
1133 2825 7.56581 0.02121 0.16066 0.36369 62 51 7 60 48 524 100.00000 0
2255 4072 7.36506 3.13442 1.37062 2.09705 56 0 0 46 21 433 100.00000 0
2320 4949 8.62461 3.00687 1.07033 2.98360 87 2 5 75 36 484 100.00000 0
264 1977 6.74254 0.09664 0.30862 0.46562 136 107 17 134 106 861 100.00000 0
1314 2987 9.18982 0.01244 0.19018 0.30132 103 81 16 97 72 854 100.00000 0
2178 4182 9.38715 2.03308 1.00405 1.94803 41 9 2 35 19 415 100.00000 0
2329 4937 9.01976 2.78140 0.63664 1.83376 145 25 11 141 59 761 100.00000 0
2280 4040 6.06406 3.13742 1.12144 1.63996 124 2 5 104 68 604 100.00000 0
2532 3772 6.57473 3.12574 1.21268 1.47406 214 0 0 208 113 997 100.00000 0
2365 4908 7.19837 2.96828 0.65454 1.08462 141 14 0 134 107 524 100.00000 0
234 1949 8.39573 0.25743 0.34387 1.00093 127 71 22 123 93 745 100.00000 0
744 2408 9.47347 0.00576 0.43479 0.43790 148 64 28 144 102 1021 100.00000 0
1380 3062 9.79323 0.52708 0.99379 1.35277 145 122 18 141 86 784 100.00000 0
3801 4748 8.84800 0.03374 0.34488 0.43701 53 35 8 50 36 519 100.00000 0
1505 3162 8.04626 0.02372 0.28615 0.39167 119 88 14 119 78 912 100.00000 0
643 3993 6.65127 3.11227 1.12034 2.60264 69 0 1 53 27 469 100.00000 0
2349 4905 9.40953 2.42213 1.03778 2.06317 62 0 0 56 41 361 100.00000 0
922 4667 9.99087 3.11532 0.78830 2.40127 15 3 4 13 4 300 100.00000 0
4022 4993 9.43147 0.00895 0.94886 0.25023 76 1 0 70 53 558 100.00000 0
3998 4950 7.44324 0.12487 0.40865 0.98357 84 53 4 78 55 830 100.00000 0
675 4919 7.56341 2.96867 0.50127 1.29331 105 35 5 96 65 464 100.00000 0
2357 4895 9.48634 2.60730 1.03094 0.86321 144 1 0 134 85 631 100.00000 0
487 4141 7.32906 3.08203 1.04966 2.08112 58 12 0 49 26 430 100.00000 0
1669 3379 8.45104 0.65205 0.10335 2.52088 134 58 4 123 76 872 100.00000 0
3676 4645 8.98075 0.23380 0.69806 0.80600 126 55 7 122 77 837 100.00000 0
4098 5062 9.45004 0.03600 0.48469 0.93879 52 23 2 47 39 515 100.00000 0
2169 5108 9.89853 3.01916 1.11120 0.83603 24 0 0 14 8 361 100.00000 0
1208 2868 8.82728 0.39146 0.44966 1.64924 72 13 0 68 46 500 100.00000 0
321 5249 8.03544 3.07500 0.88580 1.35104 52 2 0 48 30 893 100.00000 0
2266 5010 7.61993 3.12834 0.59306 0.78882 83 13 13 59 32 517 100.00000 0
1464 3136 6.14139 0.05897 0.16779 0.71217 122 95 15 118 75 1083 100.00000 0
3648 4616 9.81119 0.03667 0.58002 2.11304 121 35 10 117 78 844 100.00000 0
664 3962 6.98085 2.78255 0.67169 2.96861 92 10 4 83 51 505 100.00000 0
1089 2781 7.05350 0.00697 0.37012 0.63118 120 77 6 108 90 924 100.00000 0
861 4722 7.16845 3.13365 1.22707 2.63091 170 0 0 162 89 975 100.00000 0
3850 4814 7.64457 0.01420 0.45839 0.47147 123 57 21 121 83 1103 100.00000 0
409 2109 7.11886 0.05001 0.66673 0.34492 56 13 5 50 35 685 100.00000 0
2352 4915 6.55689 2.76026 0.71580 1.66765 97 16 3 91 61 459 100.00000 0
2565 3722 7.98950 3.13088 1.20188 2.35385 93 0 0 87 47 588 100.00000 0
4138 5095 8.22155 0.15001 0.45687 1.27103 65 47 5 65 47 600 100.00000 0
792 4797 7.99566 3.10377 1.40407 2.50765 75 0 0 67 41 576 100.00000 0
2417 4858 8.20428 3.13481 0.93707 1.74876 146 19 4 136 87 738 100.00000 0
1419 3063 9.81908 0.45340 0.40522 0.73382 76 36 8 70 42 538 100.00000 0
1198 2885 8.04467 0.09644 0.23254 0.88470 160 101 11 154 120 792 100.00000 0
1480 3134 9.00767 0.04340 0.44041 0.33572 100 50 26 98 59 975 100.00000 0
2566 4691 9.25547 3.11443 0.83885 1.76148 55 5 0 53 34 630 100.00000 0
694 2357 7.60312 0.29779 0.42867 0.56302 173 119 7 166 132 750 100.00000 0
1304 2958 8.62717 0.01479 0.24415 0.70221 81 74 6 81 58 560 100.00000 0
502 4122 7.72239 3.08869 0.95200 0.99071 55 1 1 47 28 490 100.00000 0
3990 4962 7.71075 0.08302 0.29622 1.05462 72 53 7 70 44 896 100.00000 0
1319 2973 9.13481 0.01245 0.32635 0.59938 61 34 19 57 29 626 100.00000 0
1980 5298 6.56134 3.08351 1.18075 0.69886 131 0 2 117 74 566 100.00000 0
2578 4676 7.79079 3.05645 0.87047 1.64568 91 14 0 84 35 628 100.00000 0
751 2431 7.28177 0.00183 0.29037 0.22029 256 194 33 256 183 1414 100.00000 0
441 2135 9.41095 0.01954 0.54025 0.84719 48 18 2 43 32 616 100.00000 0
734 2415 6.61037 0.00428 0.18488 0.20936 206 188 10 204 177 1111 100.00000 0
674 4927 8.94646 3.07065 0.31133 1.83227 59 17 2 52 38 348 100.00000 0
699 3940 8.50847 3.06115 0.80529 2.11007 103 17 3 101 54 469 100.00000 0
3703 4668 7.95970 0.23632 0.49252 1.07411 50 31 3 48 30 516 100.00000 0
2310 3998 8.17374 3.11533 1.11224 1.81229 87 0 0 75 39 552 100.00000 0
354 2056 9.90718 0.09480 0.32059 0.49258 61 43 8 51 37 1043 100.00000 0
562 5020 8.37598 3.08580 1.81625 1.83739 42 0 0 35 21 350 100.00000 0
571 4054 6.54399 3.13111 1.26224 0.46897 113 0 0 104 47 641 100.00000 0
754 4833 8.90267 3.13598 1.48603 2.07735 196 0 0 180 107 1162 100.00000 0
426 2140 9.12150 0.03914 0.46244 0.81373 31 12 3 29 23 585 100.00000 0
652 2321 8.04043 0.26410 0.27568 1.15657 110 58 9 108 80 739 100.00000 0
703 2390 8.49893 0.09260 0.41439 0.72739 77 59 2 69 59 748 100.00000 0
2333 4935 8.19795 2.80390 0.76761 1.30296 126 4 9 115 56 669 100.00000 0
425 2124 6.56261 0.06285 0.26760 0.41401 145 107 13 143 108 851 100.00000 0
721 2403 6.31577 0.00414 0.27213 0.16551 320 262 30 316 264 1610 100.00000 0
2312 4957 8.95532 3.08289 1.16172 2.33213 73 1 2 62 23 657 100.00000 0
741 4847 7.12169 3.13791 1.03158 1.56173 179 2 7 155 97 960 100.00000 0
466 2177 9.77161 0.19578 0.31595 0.39860 107 78 12 105 81 736 100.00000 0
2302 4016 6.22533 3.14159 1.49155 1.03439 82 0 0 78 50 736 100.00000 0
905 3729 8.29685 3.11577 1.23376 2.59616 60 5 5 56 22 530 100.00000 0
2549 4698 6.16235 3.12816 1.43956 2.32052 218 0 0 214 150 1069 100.00000 0
212 5338 9.77253 3.01865 0.89847 0.80406 44 3 1 38 20 399 100.00000 0
2447 4815 6.32712 3.11711 1.16876 2.26226 190 0 6 154 78 1309 100.00000 0
2576 4680 9.36002 3.05698 0.47478 1.25117 41 15 2 34 17 506 100.00000 0
4161 5107 9.81987 0.49359 0.48855 1.03514 70 36 5 62 49 752 100.00000 0
983 2659 6.23179 0.02234 0.27316 0.48698 144 119 8 138 123 800 100.00000 0
2297 4984 7.07257 3.13970 0.75256 1.20593 31 1 1 31 10 365 100.00000 0
1441 3092 7.59805 0.02361 0.20803 0.81373 56 36 12 47 32 395 100.00000 0
925 4640 8.54094 2.34833 0.82036 1.66460 99 14 3 87 47 730 100.00000 0
267 5278 9.17197 2.96575 1.67656 1.33735 66 0 0 53 30 659 100.00000 0
2302 4966 9.68580 3.13408 1.41726 1.52777 48 0 0 32 26 536 100.00000 0
2356 4924 9.34673 3.10813 0.67451 2.11748 73 26 7 60 27 377 100.00000 0
2503 4762 6.62857 3.13017 0.90633 1.75591 102 1 3 85 58 591 100.00000 0
904 3727 6.69142 3.12677 1.18779 2.72879 172 1 3 162 74 725 100.00000 0
2573 3723 7.72230 3.08484 1.12309 1.86907 46 3 1 42 17 462 100.00000 0
2039 5246 8.19898 3.08539 1.43828 1.58659 31 0 0 18 8 988 100.00000 0
601 4032 6.66351 3.12684 1.52433 1.60132 140 0 1 130 75 564 100.00000 0
4158 5106 9.55728 0.42392 0.73224 0.95736 46 8 1 35 32 847 100.00000 0
3587 4527 7.75701 0.31356 0.25108 1.16298 80 46 5 75 53 591 100.00000 0
856 2518 7.75002 0.00932 0.42606 0.53522 91 58 8 91 71 715 100.00000 0
1662 3324 6.35266 0.06069 0.27727 1.07956 178 145 13 168 124 922 100.00000 0
2579 4673 6.18769 3.06657 0.74287 1.67070 120 22 12 115 67 671 100.00000 0
2014 5255 6.65346 3.06513 1.71913 1.42601 63 0 1 42 41 842 100.00000 0
549 4085 7.11122 3.13573 1.22945 2.69820 56 0 0 53 29 391 100.00000 0
318 5237 7.98253 3.08140 1.81965 2.09219 125 0 1 103 76 1283 100.00000 0
2047 5237 6.82885 3.10576 1.16727 1.41803 74 2 2 67 25 547 100.00000 0
676 3966 9.62476 3.03145 0.46488 2.33950 49 10 4 39 28 311 100.00000 0
2380 3916 6.82746 3.07795 1.27621 2.12836 153 0 0 145 84 957 100.00000 0
242 5314 8.42621 3.03732 0.78838 1.02793 79 8 2 73 30 511 100.00000 0
2251 4080 9.92441 3.13094 1.68773 2.62316 13 1 0 13 6 236 100.00000 0
2577 3718 7.58104 3.08625 0.70369 0.58283 91 19 1 85 59 565 100.00000 0
2589 3692 7.87762 2.62862 0.51888 1.09038 108 30 19 94 68 614 100.00000 0
2224 5059 7.96212 3.13605 1.13663 2.76045 32 1 0 30 18 338 100.00000 0
3740 4688 8.69962 0.06845 0.27254 0.81181 126 96 9 122 96 900 100.00000 0
691 4912 9.79740 3.07334 0.54724 0.91813 47 15 4 40 35 342 100.00000 0
637 4953 6.68978 3.04873 1.34107 3.08134 31 1 2 29 13 326 100.00000 0
974 2647 7.70036 0.01758 0.29610 0.33688 103 78 6 95 76 667 100.00000 0
2102 5168 6.36852 3.06692 1.47503 0.89831 124 0 0 109 80 753 100.00000 0
532 4095 6.15419 3.10918 1.37195 3.89923 108 0 0 103 61 503 100.00000 0
538 2241 8.37196 0.01374 0.59876 0.84580 62 27 6 58 43 476 100.00000 0
831 2505 6.95080 0.02911 0.21436 0.64650 134 101 16 129 101 774 100.00000 0
5429 5515 9.35089 0.00774 0.34339 0.59610 67 33 9 65 43 1127 100.00000 0
1007 2698 8.25335 0.00774 0.28479 0.43069 135 109 8 123 97 997 100.00000 0
431 5145 8.08035 3.01735 0.73722 1.12257 76 10 0 71 42 526 100.00000 0
5437 5534 6.31981 0.00793 0.32412 0.50202 134 85 4 118 91 1993 100.00000 0
336 5236 7.66333 3.07564 1.36705 1.37942 77 2 2 68 35 997 100.00000 0
568 5023 7.04003 3.08390 1.47475 1.55997 26 0 0 24 10 311 100.00000 0
2574 4681 8.33363 3.07063 1.13680 1.27165 62 3 2 58 28 520 100.00000 0
2496 4759 7.45086 3.08826 1.21854 2.16374 147 1 0 136 113 847 100.00000 0
1666 3376 9.62528 0.55780 0.45967 2.14302 132 40 8 128 93 944 100.00000 0
925 2585 8.24974 0.03930 0.10240 0.85684 85 76 4 79 54 713 100.00000 0
1432 3110 9.52298 0.07583 0.58014 0.40056 72 29 4 65 49 422 100.00000 0
594 4038 6.13182 3.12601 1.80750 1.63183 155 0 0 119 56 685 100.00000 0
2036 5233 9.15005 3.04924 1.63638 1.90988 92 0 0 81 52 749 100.00000 0
2044 5228 7.17273 3.06901 1.26287 1.19354 103 0 1 95 51 588 100.00000 0
2489 4778 6.08391 3.13980 1.11149 1.81488 177 5 4 149 73 780 100.00000 0
2381 3929 6.23199 3.08192 0.84203 2.07150 144 3 6 125 68 556 100.00000 0
845 3784 7.19977 3.11166 1.18424 0.81084 166 0 1 155 112 718 100.00000 0
2330 3993 8.20712 2.97803 0.76164 2.48412 41 6 2 26 12 354 100.00000 0
2397 3918 9.68173 3.14062 0.65265 2.52708 93 22 8 89 48 548 100.00000 0
3961 4910 7.19543 0.35847 0.58221 1.78465 212 64 8 206 152 1101 100.00000 0
954 2625 6.03504 0.05412 0.18163 1.31671 188 167 11 181 135 1072 100.00000 0
2190 4135 7.03523 3.09356 0.95175 1.27779 55 4 0 41 27 425 100.00000 0
2032 5239 7.09864 3.08280 1.23850 2.37257 134 0 0 115 81 1253 100.00000 0
767 2432 7.60095 0.00365 0.48615 0.14265 191 86 19 180 114 1311 100.00000 0
2538 3754 8.23727 3.08250 1.10940 1.86970 151 0 0 133 102 839 100.00000 0
