578 5020 11.43621 3.12303 10.20003 0.96550 23 0 0 20 12
136 5376 11.92129 3.12279 9.58871 168.54496 10 0 0 3 2
92 159 10.90026 0.22630 11.64359 12.96609 18 0 0 12 7
788 3842 10.74027 3.10179 1.27120 2.68263 14 0 0 12 6
3639 4606 10.30963 0.03521 0.27956 1.10677 15 0 2 13 7
644 4962 10.71149 3.05329 2.44388 11.85445 24 0 0 16 13
243 1953 11.63800 0.24712 13.13317 14.15887 12 0 0 8 5
3712 4655 11.93130 0.31879 13.59045 18.26532 6 0 0 0 1
2004 5259 11.67707 2.98746 1.51902 1.32412 13 0 0 13 8
2145 5124 10.08740 2.92687 11.19537 167.69746 8 0 0 2 2
1550 3198 11.41989 0.02848 0.73419 0.84765 15 0 0 9 8
2533 4712 11.80353 3.12994 7.36395 179.33383 14 0 0 9 6
833 2494 10.30965 0.05381 0.45959 0.57811 19 0 0 13 9
1007 2700 10.46347 0.00817 0.40545 0.64346 40 1 1 35 21
615 4004 10.56244 3.14075 13.96559 nan 24 0 0 15 10
1661 3312 11.31256 0.10250 0.40715 1.25461 57 0 0 55 30
403 2100 11.47804 0.09983 10.69601 8.01357 19 0 0 14 12
1534 3208 11.67620 0.03358 0.58714 3.44446 11 0 2 3 3
589 2288 10.95919 0.02587 10.29937 2.27297 22 0 0 20 11
550 5029 10.41016 3.09732 3.09760 14.84497 8 0 0 3 4
842 3783 11.93545 3.09398 8.18673 177.27164 19 0 0 10 13
2390 4890 11.60265 3.13811 10.69237 179.79826 21 0 0 19 8
743 4861 10.88555 3.13681 1.32349 5.65069 18 0 2 3 2
2261 4049 11.76058 3.13964 7.15432 0.72900 17 0 0 17 11
3813 4777 10.23002 0.03804 8.59860 2.17799 18 0 0 15 13
654 4922 10.28362 2.40536 1.27509 1.99567 16 0 1 14 8
582 2262 11.35520 0.02476 9.86130 0.73061 41 0 0 39 30
446 5121 10.31008 2.89163 1.55117 2.46704 6 0 0 4 2
2044 5244 10.66355 3.06308 1.57558 3.44401 20 0 0 14 11
1946 5329 11.74434 2.73203 0.67061 1.27656 8 0 0 8 8
976 2666 10.07307 0.03653 11.26330 2.09518 21 0 0 8 4
2489 4763 11.74640 3.07237 1.30634 1.73844 31 0 0 29 17
2104 5181 10.10429 3.05098 11.34690 174.80816 17 2 0 17 10
895 3724 11.70746 3.12927 12.69010 179.29557 10 0 0 4 5
438 2153 11.04805 0.07786 0.11417 0.84256 15 0 0 15 8
1000 2693 10.87926 0.02734 7.07945 40.01538 12 0 0 5 4
2282 4025 11.86480 3.13588 12.80266 179.66662 15 1 0 12 8
560 2244 10.34940 0.03513 1.87847 11.48616 12 0 0 3 4
675 3936 10.04436 2.55379 1.44565 1.79122 22 0 0 20 15
709 2368 10.67656 0.21330 0.25992 0.51282 24 0 4 21 15
2515 4752 11.43473 3.11735 1.13493 1.48438 16 0 0 11 7
3708 4652 11.12419 0.34071 6.03983 16.02005 6 0 0 2 2
356 2078 11.90709 0.05991 10.80796 3.43388 33 0 0 15 13
569 5026 10.00868 3.08333 4.53314 5.16429 8 0 0 2 2
674 2373 11.86279 0.45703 12.95542 26.18587 18 0 0 4 6
678 3930 11.71887 2.60869 5.43842 30.35609 8 0 0 8 2
2382 3936 10.91116 3.11171 0.96746 2.08807 21 0 0 21 10
925 2581 11.68842 0.04156 0.34844 2.45702 27 5 2 27 16
2572 4686 10.71264 3.08337 11.34716 176.66375 8 0 0 6 2
97 5378 11.99398 3.12519 7.93855 177.13181 9 0 0 5 4
1947 5320 11.05873 2.74457 1.22610 2.03778 13 0 0 13 10
610 4970 11.35571 3.12428 1.57834 1.97497 18 0 0 14 6
2340 3950 11.63911 2.28591 1.38822 2.67122 19 0 0 19 12
4168 5099 11.64545 0.61028 0.55268 1.43695 7 0 0 4 5
4058 5007 10.84930 0.01445 12.75638 0.82519 38 1 1 34 18
2174 5107 10.02640 3.08997 33.78258 168.16069 9 0 0 0 3
544 4094 10.20710 3.12869 1.37741 3.48504 18 0 0 12 9
437 5144 11.77698 3.00304 11.43969 9.34801 10 0 0 6 7
2493 4778 11.12138 3.11368 1.31122 1.78597 17 0 0 14 10
2427 3891 11.61145 3.12966 9.02360 179.31643 32 0 0 19 5
2355 3931 11.53232 2.54781 1.10225 1.38451 19 0 0 16 11
650 3998 11.78803 2.91330 10.41143 166.91964 13 0 0 8 5
1680 3388 11.48121 0.97328 0.78400 1.99056 12 0 0 10 7
841 3785 11.07551 3.09259 0.40779 2.50936 12 0 1 2 6
2172 5113 11.52031 3.11062 12.00701 178.22811 4 0 0 0 2
2250 4062 11.78848 3.13045 10.55184 179.36142 8 0 0 4 1
2526 3783 10.31615 3.13565 0.86081 1.96384 23 0 0 23 13
778 2458 10.79463 0.02716 11.77842 1.46820 36 0 0 31 15
3596 4535 10.11508 0.09803 6.88192 3.72920 8 0 0 6 4
429 5150 10.65522 3.00195 10.93641 171.99869 8 0 0 3 5
2182 5092 11.76291 3.12019 1.95141 5.83969 8 0 0 8 5
2076 5190 11.97962 3.03250 13.77992 173.74919 13 0 0 13 9
4171 5108 11.75264 0.77976 8.83867 44.67682 6 0 0 2 0
2416 3900 10.24818 3.13990 2.44918 4.41366 14 0 0 3 4
3596 4561 10.82686 0.02832 7.46471 1.82521 8 0 0 6 4
663 4948 11.21786 2.65241 10.42807 151.97197 8 0 0 1 1
196 5351 11.16528 3.07223 38.77631 155.01829 6 0 0 0 0
1638 3280 11.84708 0.02932 0.43622 0.42978 13 0 0 8 6
2234 4100 10.59321 3.11914 16.66234 178.71199 10 0 0 6 3
3714 4658 11.05753 0.25151 0.50290 0.13988 13 1 0 8 5
1453 3101 10.51488 0.01896 15.16437 11.39013 22 0 0 11 5
613 4006 10.80174 3.13620 13.05094 179.68973 17 0 0 6 6
459 2172 10.93767 0.20373 5.50609 11.67327 6 0 0 1 2
674 3972 10.94729 2.84530 17.48856 163.02356 8 0 0 5 5
587 2287 11.72779 0.02617 11.48954 0.91856 16 0 0 10 7
206 1926 11.39087 0.56721 2.07705 7.41106 5 0 0 0 1
3876 4847 11.90419 0.00792 0.76577 0.86275 31 0 1 29 17
940 4629 11.60252 2.19801 15.61034 125.93666 7 0 0 5 2
531 2236 10.44393 0.01136 0.36071 1.81790 23 0 2 23 12
2332 4928 10.44883 2.51728 2.11891 7.74968 21 0 0 16 11
617 2316 10.64289 0.00780 9.46308 0.44323 62 0 0 52 24
4128 5070 11.75155 0.05453 7.08153 4.08562 9 0 0 6 2
4115 5059 11.25828 0.00781 18.07001 0.43521 13 0 0 1 2
2490 3826 10.80704 3.12297 1.56057 2.06961 18 0 0 12 7
687 2341 11.94929 0.71080 11.38023 40.72559 20 0 0 5 7
2070 5218 10.22833 3.08474 1.17094 1.94159 17 0 0 13 9
942 4632 11.85576 2.23617 14.96475 172.65941 7 0 0 3 4
461 4174 11.06802 2.00171 3.84095 114.68975 5 0 0 0 1
4071 5039 11.58759 0.05218 10.20346 2.14995 11 0 0 9 6
697 4909 11.46042 3.11627 8.21128 169.61484 10 0 0 6 3
592 4028 10.66870 3.12096 12.28164 178.82065 11 0 0 9 5
1553 3201 11.06317 0.02811 0.89973 1.78925 14 0 0 10 3
4153 5107 11.61201 0.35407 13.20837 20.28666 7 0 0 4 3
566 5013 10.95632 3.09711 6.32586 177.45025 11 0 1 7 4
677 2374 11.17772 0.39846 10.76052 37.36661 20 0 0 15 10
2430 4847 10.06805 3.12970 0.79488 1.82134 32 0 0 26 11
1021 2697 10.74601 0.00637 6.85268 0.37325 10 0 0 2 4
762 4843 10.68134 3.12868 0.61556 1.91847 43 0 4 43 20
697 3948 11.22365 3.10169 10.42251 177.71450 12 0 0 9 7
347 2069 10.25467 0.05346 0.87499 2.11600 42 0 2 25 24
639 2343 11.23128 0.59822 10.00164 30.29338 23 0 0 9 6
2577 3702 11.56777 2.89834 1.28497 2.30291 15 0 0 10 9
757 2420 10.30308 0.00808 0.23064 1.33647 45 4 8 35 20
761 4824 11.60918 3.12781 1.07700 2.98150 20 0 0 17 9
310 2037 11.00547 0.08125 0.40799 0.46897 22 1 1 14 8
1431 3074 11.13807 0.30732 4.76014 17.60819 21 0 0 9 8
905 4667 10.86729 3.05894 4.96491 3.43855 8 0 0 4 2
137 5378 11.90650 3.09767 11.10972 177.48285 10 0 0 3 2
4047 4996 11.62425 0.02259 5.19486 1.27534 9 0 0 6 6
2135 5132 10.26642 3.00705 1.30642 1.37515 8 0 0 6 2
2277 4031 11.83600 3.13328 11.48138 179.52030 8 0 0 5 5
468 4159 11.03084 2.53441 9.06382 145.21086 5 0 0 3 2
1480 3131 11.43637 0.03320 9.52106 1.90187 38 0 0 28 15
2214 4103 10.80985 3.08739 1.53719 3.42062 9 0 0 6 4
4160 5108 10.66491 0.48043 0.59088 1.83888 16 5 0 14 10
3718 4684 10.02011 0.03842 5.50862 2.18337 11 0 0 11 4
634 4945 11.14350 2.87061 5.08247 164.47359 21 0 0 5 6
788 4816 10.05842 3.11728 18.79591 178.60759 27 0 0 21 13
8 159 10.90026 0.22630 7.25174 12.96609 20 0 0 20 9
486 5098 10.34994 3.03570 1.15438 2.58225 6 0 0 2 2
2177 5097 11.62230 3.06622 1.63053 2.04928 11 0 0 8 6
494 4157 11.60848 2.97025 9.74034 173.51185 7 0 0 4 2
2357 4893 10.46996 2.60736 0.32176 3.58004 12 0 0 4 5
1613 3255 11.98887 0.02737 0.69201 1.12813 12 0 2 2 4
734 3888 11.81277 3.12974 1.11138 1.49933 33 0 0 31 13
257 5284 11.46593 2.95364 1.51007 0.78634 17 0 0 7 9
692 2349 10.51250 0.52118 4.12936 18.19908 20 1 0 11 6
2563 3720 11.41264 3.13139 13.15153 171.63078 8 0 0 1 4
824 3804 11.44454 3.07048 1.13645 2.30172 30 0 0 26 14
2182 4176 10.18623 2.29928 23.71866 58.47232 5 0 0 1 2
3705 4674 11.76040 0.23167 12.38739 13.27325 9 0 0 5 3
2195 4152 11.36919 3.03954 0.45473 1.93533 12 1 0 6 5
940 4638 10.44231 2.35295 0.65992 1.73686 7 0 0 3 3
634 3981 11.78940 2.81591 2.78254 2.61090 17 0 0 3 4
1 161 11.92404 0.22584 10.84285 10.04878 23 0 0 11 7
1457 3136 11.46753 0.06903 0.26991 0.87043 23 1 4 23 13
2541 3748 10.85111 3.07535 9.38288 176.20522 11 0 0 9 6
906 4666 10.64531 3.03913 2.74716 16.07636 10 0 0 3 4
1626 3269 10.47484 0.02782 2.09668 1.59569 16 0 0 4 4
2422 4856 10.96830 3.13239 11.60571 179.46734 13 0 0 2 4
153 5375 11.47355 2.95406 7.70020 172.60193 10 0 0 3 1
670 2369 11.19629 0.49906 0.50932 1.98505 20 0 4 16 10
3733 4679 10.39465 0.03934 1.00687 2.01868 14 1 1 14 7
1396 3081 11.00135 0.55455 0.38491 0.97879 22 0 1 18 12
3958 4939 10.66157 0.69696 4.88473 9.35511 11 0 0 2 3
2529 3762 10.92583 3.09764 1.82019 3.38287 12 0 0 6 6
796 4809 11.59035 3.10642 12.69660 2.43446 19 0 0 3 6
461 4184 11.81846 1.68117 14.99544 96.32417 7 0 0 0 2
541 2226 11.49723 0.02005 13.69192 4.04661 14 0 0 10 6
802 4802 10.86504 3.10626 2.56567 10.69638 13 0 0 3 2
700 3945 11.49248 3.11606 12.11200 178.53981 10 0 0 2 1
3652 4597 10.41791 0.03204 0.82493 1.73257 13 1 2 10 6
1295 2970 11.17072 0.01139 0.42211 1.63087 16 0 3 14 10
179 5351 10.79003 3.06699 1.59404 7.36751 11 0 0 11 7
1054 2731 11.99553 0.00913 12.60416 0.52860 30 0 0 27 24
3658 4603 10.67150 0.02717 0.58529 1.13194 11 0 2 8 4
400 2118 10.44191 0.16050 8.17043 9.19612 13 0 0 7 6
2347 4944 11.84810 2.67898 10.24848 153.49447 7 0 0 3 3
2308 4957 11.53459 3.08270 0.52498 2.14576 17 0 0 17 9
1053 2731 10.83645 0.01043 0.59877 1.71189 31 2 3 31 22
887 3752 10.21932 3.08382 9.73740 13.86923 12 0 0 1 0
1477 3128 11.03882 0.01932 0.70584 0.91856 43 0 0 36 33
313 5258 10.32121 3.10810 1.43938 1.18828 13 0 0 3 2
3677 4623 10.12217 0.15192 6.46611 8.70477 6 0 0 1 1
2572 4687 11.84642 3.08366 9.54535 176.67999 10 0 0 2 3
314 2018 10.77043 0.08374 0.17465 0.48457 30 5 7 21 16
817 4786 11.00763 3.09832 6.06402 177.52077 10 0 0 8 6
1949 5317 10.78087 2.75912 0.98632 1.75033 17 0 0 6 10
1389 3031 11.51288 0.55584 0.36324 0.41117 41 1 5 28 13
5426 5536 10.62562 0.00675 10.64450 1.86004 26 0 0 26 16
723 3920 11.65564 3.13268 8.36730 10.79434 17 0 0 10 8
1285 2934 11.92193 0.01450 0.50122 0.75796 21 2 1 21 12
600 2277 11.91047 0.01061 8.71991 4.96459 16 0 0 6 3
618 2292 11.68035 0.01462 13.25324 0.83416 50 0 0 30 14
224 1937 11.76984 0.37191 0.59100 1.67585 30 0 1 26 16
270 5294 10.66483 3.11474 9.95878 178.46049 19 0 1 14 7
944 3672 11.28042 2.26879 20.21393 156.90392 5 0 0 1 0
656 4955 11.70043 2.78651 10.91033 31.01414 6 0 0 2 1
667 4904 11.18733 2.38016 9.40289 136.37332 8 0 0 2 3
2438 3861 11.49946 3.13012 1.68096 2.89638 17 0 0 14 11
2043 5246 11.85717 3.05463 0.96508 1.27626 31 0 0 22 13
409 2105 11.49739 0.10281 16.50397 5.89036 18 0 0 12 14
684 2338 11.82251 0.76163 7.73327 43.63835 19 0 0 16 7
1993 5270 11.50930 2.92640 12.73436 167.67075 23 0 0 3 8
1439 3119 11.31318 0.05056 6.44356 6.07302 32 0 0 6 8
539 4100 11.09622 3.12502 10.61996 179.05044 9 0 0 1 4
2353 4932 10.61107 2.91770 3.80093 7.47239 8 0 0 3 0
677 3969 11.13485 2.89401 5.12903 165.81429 9 0 0 2 1
3651 4621 11.06482 0.03315 0.45982 1.85034 15 0 1 10 7
590 4992 10.14524 3.12284 10.51130 178.92444 10 0 0 10 6
