0.35805 0.07991
0.18800 0.05092
0.14303 0.04825
0.28457 0.11540
0.13618 0.10188
0.24911 0.08314
0.23279 0.08371
0.20889 0.11466
0.15613 0.06016
0.16800 0.07475
0.13675 0.06767
0.26419 0.10933
0.18402 0.12225
0.19840 0.11463
0.31013 0.07570
0.18761 0.05866
0.18254 0.06099
0.13745 0.06834
0.37562 0.06350
0.19917 0.08148
0.21809 0.12785
0.22136 0.09826
0.15800 0.08150
0.26023 0.07830
0.23102 0.09846
0.22065 0.07273
0.28061 0.07505
0.17708 0.07595
0.09353 0.04191
0.21876 0.07731
0.27368 0.13318
0.20771 0.10681
0.16578 0.05723
0.22080 0.10774
0.15737 0.07125
0.22768 0.12380
0.33281 0.06912
0.19302 0.07755
0.29888 0.08341
0.27613 0.09709
0.20902 0.12688
0.20843 0.10820
0.15815 0.05757
0.24585 0.08891
0.28900 0.08972
0.27920 0.08809
0.26570 0.09374
0.16111 0.10551
0.20417 0.11509
0.19537 0.05224
0.24892 0.07847
0.30941 0.07536
0.25847 0.08100
0.08653 0.05206
0.25732 0.08557
0.08548 0.05450
0.19713 0.09310
0.19534 0.08234
0.20498 0.10071
0.14767 0.09657
0.27947 0.08978
0.23468 0.08376
0.09490 0.04688
0.22734 0.13845
0.09308 0.05724
0.22693 0.09248
0.24261 0.12397
0.30634 0.10302
0.10689 0.09755
0.20781 0.07950
0.11566 0.06427
0.14906 0.05236
0.08595 0.05560
0.15315 0.08399
0.15053 0.10758
0.19279 0.07995
0.13003 0.03934
0.23046 0.07838
0.20841 0.08812
0.21329 0.12112
0.22866 0.08650
0.30949 0.08176
0.09080 0.05917
0.19863 0.07060
0.35043 0.06625
0.10292 0.04664
0.16039 0.09138
0.10359 0.08395
0.20765 0.08733
0.21000 0.06984
0.36272 0.07719
0.16633 0.08903
0.15799 0.08441
0.19308 0.10059
0.30587 0.08454
0.12221 0.04187
0.10632 0.08794
0.08220 0.05271
0.21920 0.09232
0.28688 0.08807
0.32305 0.07102
0.13938 0.06930
0.09678 0.05736
0.25932 0.07805
0.29929 0.09054
0.14379 0.08668
0.16645 0.11255
0.15935 0.09618
0.29316 0.08956
0.10909 0.03891
0.24059 0.07625
0.20439 0.11316
0.12712 0.09090
0.16883 0.09941
0.10952 0.04153
0.16269 0.06753
0.18219 0.12316
0.19766 0.05130
0.25414 0.07768
0.18620 0.07901
0.28647 0.07484
0.08551 0.05643
0.18946 0.07742
0.19860 0.08476
0.08929 0.05889
0.23623 0.11569
0.22590 0.07936
0.25932 0.10415
0.14620 0.04841
0.10255 0.06770
0.08911 0.06048
0.12860 0.06979
0.28103 0.08908
0.13402 0.07046
0.14550 0.09018
0.16122 0.05688
0.29261 0.08909
0.21526 0.11589
0.21035 0.10722
0.07870 0.05577
0.22955 0.12675
0.14712 0.07550
0.11491 0.08667
0.22320 0.07576
0.14742 0.04931
0.22297 0.08722
0.25188 0.11102
0.18981 0.12056
0.19112 0.08709
0.15741 0.08556
0.17170 0.05011
0.29188 0.08656
0.24568 0.11003
0.15053 0.08492
0.15850 0.07307
0.26417 0.11521
0.27627 0.09638
0.09389 0.05319
0.20990 0.08566
0.24883 0.09973
0.29598 0.09301
0.13088 0.09625
0.15616 0.07963
0.13943 0.04015
0.31429 0.13863
0.11900 0.08900
0.18507 0.06718
0.18281 0.07892
0.29460 0.08530
0.31666 0.13491
0.24467 0.10764
0.18885 0.08445
0.12289 0.04795
0.10331 0.08946
0.19739 0.11149
0.13240 0.04691
0.19896 0.09775
0.24405 0.08209
0.14938 0.06931
0.23868 0.05814
0.20584 0.09066
0.14553 0.08960
0.35617 0.06302
0.36927 0.06913
0.19452 0.06652
0.19006 0.05918
0.12129 0.08705
0.21856 0.07854
0.27370 0.08477
0.19516 0.10406
0.09657 0.04256
0.19250 0.06630
0.30201 0.08108
0.17763 0.06520
0.22775 0.10202
0.20739 0.09064
0.19964 0.06834
0.21567 0.06855
0.10556 0.09434
0.30129 0.07356
