46 2458 10.93899 0.00085 0.09548 0.06853 109 83 12 104 69
595 1365 11.63918 0.00886 0.23201 0.11869 70 41 15 63 37
2 2410 10.83188 1.08332 0.10194 1.49069 280 231 43 276 192
4 2341 10.62587 1.34239 0.11768 1.60669 151 119 28 147 63
2375 2429 11.63953 1.09843 0.39730 1.86004 122 89 19 120 41
2293 2351 11.73693 0.14199 0.11893 1.05239 172 130 38 170 87
583 1353 11.11828 0.00704 0.14928 0.37949 81 59 16 76 48
830 2600 11.72119 0.03361 0.17202 0.58215 152 111 25 142 86
26 2320 11.85411 1.40166 0.87567 2.13955 106 78 18 104 49
740 1474 11.04118 0.01730 0.26309 0.97076 164 122 28 162 110
768 1540 11.46680 0.04711 0.13966 2.40452 70 47 16 66 34
151 2525 10.88839 1.50885 0.14806 0.84441 97 74 17 91 60
567 1306 11.93804 0.21390 0.19049 0.32626 83 53 22 83 46
25 2341 10.58463 1.36991 0.42410 2.25533 112 86 17 110 51
28 2409 10.76865 1.14760 0.08541 1.63039 108 70 22 99 38
27 2409 10.05551 1.15001 0.80924 1.89279 124 85 33 122 65
1 2373 11.80218 1.33674 0.23737 1.74473 178 142 28 176 99
5 2398 10.22260 1.33467 0.06551 1.83909 134 96 26 132 70
596 1342 10.87567 0.00974 0.13418 0.36691 103 85 11 92 71
797 1571 10.72722 0.45146 0.17176 0.80113 96 62 9 92 58
32 2416 11.69083 0.84080 0.18706 1.04904 183 142 24 181 121
0 2404 11.97429 1.26074 0.30196 2.03606 144 110 32 144 77
584 1329 11.44588 0.01643 0.38144 0.51964 35 16 7 33 21
740 1496 10.92571 0.01624 0.14527 0.66793 134 109 19 132 100
4 2383 10.65034 1.34265 0.20734 1.61034 168 147 17 168 83
24 2361 10.04750 1.36643 1.02810 2.51824 123 89 21 119 45
726 1481 10.03635 0.02048 0.05842 0.68756 188 152 21 183 107
1564 2566 10.70175 1.50673 0.55980 2.32018 81 60 14 75 40
1 2375 11.79752 1.33567 0.42603 1.73911 156 129 22 154 88
2360 2428 10.98106 1.06656 0.74833 1.58979 88 73 10 86 34
712 1470 11.73819 0.02236 0.09219 0.60263 131 99 21 129 90
681 1423 10.40942 0.01884 0.07832 0.33688 116 96 12 111 84
583 1329 10.58680 0.01714 0.23968 0.58148 40 19 11 33 19
919 2637 11.19761 1.57544 0.11426 1.20593 106 95 5 104 79
1535 2585 11.70529 1.43565 0.59676 1.87638 118 93 18 118 58
817 1528 10.77377 1.18721 0.20920 1.15893 104 72 17 102 56
825 1568 11.70404 1.50176 0.09486 1.22493 120 91 26 115 73
139 2526 10.04170 0.99317 0.10845 1.18630 96 73 13 96 55
824 1549 11.47331 1.45764 0.13880 0.90569 101 63 8 95 59
2300 2416 11.82551 0.67374 0.20318 2.16247 179 126 38 177 70
24 2358 10.03758 1.36668 0.08770 2.49889 119 94 21 119 36
515 1293 11.25712 2.67819 0.14480 2.64279 90 73 11 88 51
708 1466 11.15262 0.02371 0.19382 0.23903 131 88 33 125 78
745 1503 11.94916 0.06552 0.28378 0.55532 70 45 5 56 41
866 2628 10.76031 0.04720 0.34990 1.43940 49 35 10 45 20
2 2341 11.38150 1.33852 0.14256 1.69189 174 141 32 170 96
2 2387 11.40851 1.33970 0.18020 1.68586 174 139 30 168 84
884 2637 10.26543 0.12983 0.37844 1.03628 64 56 4 64 41
543 1280 11.67295 1.66358 0.40440 1.93107 44 37 5 44 23
643 1388 10.37749 0.02097 0.10434 0.29608 186 158 23 186 143
824 1552 11.17464 1.47307 0.22400 0.43069 87 62 12 87 51
773 1549 10.26261 0.04022 0.28446 2.05557 119 79 31 109 45
841 2587 11.54700 0.01892 0.14649 0.53229 132 103 22 128 89
26 2339 11.16932 1.36647 0.79444 2.07056 101 75 17 99 46
25 2382 10.59903 1.36948 0.20405 2.28328 130 96 19 127 49
1521 2575 10.17923 1.40703 0.52888 2.38655 48 31 12 42 19
775 1557 11.67465 0.07071 0.76197 2.41962 52 41 7 49 25
0 2406 11.87292 1.21274 0.10082 2.01285 168 120 40 166 107
822 1540 11.25692 1.38793 0.12122 1.16231 132 66 20 132 74
1576 2577 10.81003 1.51538 0.06996 0.62620 154 119 31 146 104
2362 2427 10.32198 1.02867 0.11681 1.42161 137 115 15 137 80
104 2514 10.79346 0.06914 0.35726 1.81316 143 116 16 137 65
565 1303 11.90033 0.35548 0.11048 0.72685 81 63 10 75 53
573 1317 10.50901 0.02034 0.17081 1.70961 47 29 3 39 30
546 1326 11.65109 0.17241 0.10193 1.73821 71 45 11 65 33
737 1493 11.13119 0.02668 0.24278 0.44587 92 64 24 88 63
563 1336 11.37131 0.13468 0.04520 2.20655 31 20 5 31 18
24 2336 10.03906 1.36620 0.04895 2.50874 123 98 19 123 40
23 2315 11.47313 1.48938 0.05275 3.12850 121 96 19 117 42
25 2365 10.58384 1.36866 0.19214 2.26745 101 81 13 99 32
529 1282 11.26956 2.44269 0.86585 2.94583 91 70 11 91 31
737 1471 11.66466 0.01107 0.13112 0.62558 135 96 20 118 80
865 2604 11.63693 0.01499 0.02683 0.30390 54 36 10 46 29
2293 2376 11.71953 0.14188 0.13947 1.04493 140 96 35 137 64
17 2309 11.65034 1.51767 0.15448 2.51419 127 96 29 125 62
752 1510 11.02960 0.13390 0.31197 1.43040 106 79 17 101 64
27 2389 11.81937 1.36719 0.03443 1.87074 94 66 20 92 28
586 1331 11.58355 0.01549 0.26585 0.44235 62 38 11 60 36
789 1566 10.03461 0.22545 0.19921 1.12570 94 72 5 87 61
769 1543 11.40710 0.04528 0.13588 2.51902 66 46 10 64 35
27 2375 11.80736 1.36562 0.55072 1.83803 90 59 26 88 25
799 1513 11.78918 0.37536 0.06071 0.92366 72 57 11 70 46
27 2331 11.81117 1.36477 0.81966 1.95845 127 104 17 125 43
2341 2429 11.63297 1.10052 0.23105 1.87889 114 92 14 112 39
1532 2584 11.23132 1.43172 0.81083 2.32894 93 70 13 91 55
792 2565 11.47370 1.20942 0.47876 1.75547 90 63 6 88 54
5 2387 10.29263 1.34510 0.16852 1.58905 171 124 44 171 81
624 1368 11.41175 0.01324 0.13125 0.30647 54 40 8 42 31
793 2566 10.57228 1.18263 0.40017 1.93290 107 73 7 107 61
916 2627 11.62152 1.45207 0.38996 1.81639 68 61 4 65 45
535 1280 11.32455 2.11320 0.40242 2.84317 68 41 23 66 22
788 1566 10.38221 0.20558 0.47007 1.68423 68 40 7 57 38
542 1323 10.85830 0.35420 0.20574 2.42269 91 55 11 84 53
4 2393 10.63482 1.34212 0.16634 1.67585 192 154 34 192 86
520 1313 10.65331 1.63807 0.17587 3.48245 72 48 18 70 31
856 2620 10.82168 0.01847 0.17390 0.24389 99 66 22 97 69
2293 2375 11.71962 0.14290 0.35254 1.03249 137 88 42 135 64
849 2614 10.90120 0.00592 0.15670 0.28255 89 70 10 87 58
27 2343 11.79208 1.36450 0.35567 1.87513 91 57 22 89 31
3 2354 11.00165 1.34195 0.16240 1.64116 144 112 27 142 76
28 2442 10.81052 0.02036 0.21579 0.84023 146 111 32 144 86
1519 2578 11.66793 1.39084 1.42809 2.72735 40 31 5 35 15
774 1500 11.20667 0.02587 0.23777 1.05684 119 82 23 115 79
0 2405 11.92305 1.23969 0.25626 2.06317 138 103 25 135 88
2 2347 11.37986 1.33622 0.16391 1.69027 165 136 27 159 96
1 2372 11.80754 1.34093 0.13435 1.74630 158 116 35 156 86
1523 2579 10.16952 1.40160 0.52433 2.89624 56 30 10 54 18
55 2466 10.34770 0.01323 0.10254 0.75537 149 118 22 144 102
822 2574 11.39987 0.06396 0.05613 0.53229 67 46 10 65 41
854 2597 11.06671 0.01489 0.13699 0.71327 92 69 12 90 54
1518 2576 11.77089 1.39266 0.37031 2.47370 72 48 20 69 38
31 2415 11.20437 0.88999 0.23125 1.12152 223 179 23 219 158
509 1304 11.72909 2.16563 0.34339 3.14896 93 57 15 71 48
618 1386 11.13316 0.00832 0.10463 0.41307 107 84 16 100 68
763 1491 11.86349 0.03237 0.10573 0.27124 100 76 17 94 51
2359 2427 10.31873 1.02897 0.07801 1.42327 152 110 29 149 76
747 1479 11.67712 0.01548 0.16800 0.66793 96 59 27 88 57
513 1306 10.36536 2.04343 0.20517 3.10551 60 40 13 58 35
787 2566 10.96029 1.32212 0.15759 2.62316 60 49 3 50 24
802 2567 10.37612 0.88837 0.44652 1.56448 101 79 14 92 70
2365 2427 10.31003 1.02748 0.13907 1.40862 142 106 29 140 75
751 1483 10.77079 0.01507 0.17744 0.75225 107 69 25 105 52
4 2417 10.55067 0.76945 0.27777 1.12012 207 138 65 205 121
4 2403 10.36711 1.28480 0.03344 2.04679 222 179 40 222 121
2295 2384 10.42894 0.14259 0.08147 0.79917 209 156 47 209 114
12 2311 11.15060 1.50528 0.42272 1.75970 174 122 48 172 85
66 2458 10.53798 0.00285 0.13959 0.14265 113 89 15 109 83
2342 2427 10.31183 1.02909 0.11974 1.42106 157 125 26 155 86
766 1536 11.96242 0.05261 0.47596 2.39441 76 49 12 72 37
612 1357 10.91410 0.00355 0.12193 0.13706 142 115 17 142 98
581 1351 11.02611 0.01117 0.05856 0.41590 68 55 5 63 46
607 1353 10.27421 0.00539 0.15495 0.21489 100 71 25 98 64
823 1539 11.92658 1.41236 0.14212 1.08173 111 75 10 104 69
612 1381 11.54455 0.01643 0.10660 0.46814 54 39 10 50 27
825 1551 11.87165 1.48175 0.12232 0.80503 107 78 19 102 62
766 1532 11.10990 0.05289 0.09646 2.32507 84 71 10 79 44
2349 2429 11.62844 1.10009 0.42323 1.89300 113 91 11 108 45
640 1384 11.35806 0.03641 0.17290 0.19782 115 94 16 113 77
786 1566 11.14171 0.17185 0.36263 1.48015 97 51 12 93 61
909 2625 10.08337 1.20961 0.06937 1.76059 137 117 14 133 92
2351 2429 11.62733 1.09946 0.41261 1.88471 109 84 19 106 42
5 2388 10.28821 1.34143 0.16413 1.59863 181 142 35 181 94
570 1311 11.60665 0.06447 0.14724 0.71655 74 56 11 68 40
599 1344 11.70250 0.01072 0.21517 0.59742 45 30 3 35 29
806 1573 10.08900 0.80071 0.29820 0.90655 134 85 34 131 73
561 1300 10.59863 0.52653 0.07255 0.72145 100 82 13 100 64
2 2396 11.37464 1.33109 0.21420 1.72215 152 110 39 148 81
2 2327 11.37770 1.33784 0.41280 1.32205 205 158 30 205 118
513 1303 10.13627 2.19268 0.16727 3.10085 76 55 13 72 39
814 2571 10.15425 0.38129 0.22809 0.66264 64 43 14 64 38
121 2500 11.93792 0.15387 0.17697 1.11487 94 73 11 86 49
26 2373 11.16690 1.36603 0.93058 2.07207 104 65 25 99 34
3 2402 10.81171 1.29859 0.10123 2.07886 141 116 17 139 85
780 2567 11.83630 1.41893 1.32815 3.31671 15 8 4 13 4
545 1284 10.09625 1.52196 0.23867 1.47113 76 57 10 76 46
581 1326 11.13531 0.01596 0.27476 0.81181 53 25 14 47 29
1554 2565 11.13388 1.49976 0.06486 0.93209 105 82 18 99 61
528 1283 10.98001 2.48471 0.95249 2.84909 88 69 14 82 34
2 2353 11.39246 1.33481 0.19064 1.72488 138 100 28 136 78
600 1346 10.68940 0.00999 0.31709 0.44323 69 50 15 65 44
7 2312 11.79154 1.49298 0.21043 2.37372 165 127 32 165 90
2294 2391 11.04337 0.13987 0.17043 1.00405 150 124 21 150 70
1523 2580 10.64905 1.40371 0.51078 2.98190 53 28 7 49 22
27 2324 11.90775 1.37116 0.38005 1.56022 79 40 19 79 32
2299 2409 10.01077 0.36506 0.12678 1.05869 351 308 38 348 233
588 1333 11.71107 0.01540 0.18392 0.40926 61 46 2 49 41
616 1385 11.89989 0.00704 0.18087 0.49416 77 57 13 75 50
577 1320 11.93913 0.01633 0.03361 0.87804 54 38 4 51 37
527 1317 11.20113 1.25423 0.19564 3.19353 74 45 8 60 35
746 1503 11.07246 0.06654 0.13496 0.40542 106 73 18 89 66
563 1301 11.42933 0.46310 0.06061 0.73061 64 42 20 62 34
610 1378 10.44543 0.01670 0.08990 0.31775 102 78 19 93 67
2373 2427 10.31331 1.02771 0.08709 1.40945 127 101 23 125 64
24 2392 10.04264 1.36657 1.01967 2.56567 117 87 19 117 36
569 1340 10.72652 0.12411 0.18088 0.67897 47 25 11 38 23
558 1333 11.84365 0.09345 0.22678 2.83738 43 20 7 28 18
25 2381 10.59779 1.37083 0.11538 2.30223 123 86 20 121 55
820 1575 11.90368 1.39391 0.13833 1.10748 172 139 15 167 108
2 2401 11.26625 1.30930 0.07688 2.13405 205 163 38 205 126
24 2345 10.04960 1.36710 0.74511 2.48522 140 111 27 140 53
1 2388 11.81227 1.33527 0.16452 1.74383 159 118 31 156 84
27 2381 11.81097 1.36864 0.50098 1.87137 84 47 22 82 29
769 1542 11.20931 0.04515 0.21306 2.48554 85 58 10 83 46
2293 2379 11.72207 0.14122 0.20181 1.05388 159 122 27 157 87
695 1435 11.15665 0.01586 0.11090 0.31279 207 177 26 205 137
59 2451 11.02260 0.01357 0.16546 0.66441 95 66 18 89 58
2297 2407 10.64833 0.29433 0.24810 1.22333 209 182 24 203 109
81 2472 11.09812 0.01802 0.20546 0.86863 82 60 11 78 49
518 1289 11.62870 2.77427 0.75802 2.85156 124 109 11 124 57
2322 2426 10.00644 1.01176 0.13007 1.28329 146 112 23 143 69
597 1343 10.85277 0.01101 0.21929 0.49889 79 53 16 79 40
27 2369 11.80023 1.36692 0.56191 1.87430 87 54 18 77 26
26 2403 10.62914 1.30953 0.50960 2.46783 101 74 20 101 46
551 1287 10.59431 1.27589 0.17263 1.37828 97 73 19 93 68
2294 2347 11.07012 0.14239 0.12541 0.99190 155 126 14 153 75
7 2313 11.54238 1.48556 0.17486 2.24995 155 117 34 155 81
119 2500 11.18993 0.09686 0.23300 1.33823 103 81 17 100 58
30 2443 10.03865 0.02430 0.34898 0.98873 156 112 23 149 96
883 2614 10.87805 0.06420 0.14040 0.34718 89 57 21 87 45
2 2342 11.38481 1.33888 0.18377 1.69489 169 131 33 164 90
