0.03496 0.05161
0.02406 0.05927
0.02258 0.03570
0.01725 0.03348
0.01662 0.03047
0.01347 0.02380
0.01191 0.02751
0.01755 0.03906
0.02264 0.03330
0.01510 0.02951
0.01361 0.02728
0.02202 0.05691
0.01128 0.02604
0.01496 0.03515
0.02637 0.03646
0.01780 0.02935
0.01850 0.04430
0.01324 0.03680
0.02442 0.05191
0.02097 0.03170
0.01863 0.05265
0.01654 0.04267
0.01955 0.03227
0.01600 0.03221
0.01914 0.03176
0.01448 0.03899
0.01886 0.03623
0.01823 0.04201
0.01357 0.04384
0.01515 0.03732
0.02020 0.04006
0.01472 0.02630
0.02128 0.03244
0.01796 0.04310
0.01603 0.04651
0.01573 0.03186
0.01655 0.05138
0.01536 0.03754
0.02007 0.04828
0.01881 0.03863
0.02577 0.04650
0.02054 0.02977
0.01900 0.04601
0.01483 0.04003
0.01525 0.03045
0.01886 0.03878
0.02044 0.03496
0.01926 0.03647
0.01711 0.03131
0.01454 0.02851
0.01772 0.03655
0.02157 0.05920
0.02359 0.03262
0.02256 0.03658
0.01799 0.03011
0.01382 0.02193
0.01227 0.02974
0.01508 0.03308
0.01874 0.03258
0.01980 0.03369
0.02630 0.05907
0.01142 0.02985
0.01535 0.04973
0.01870 0.05891
0.02422 0.03413
0.02312 0.05971
0.01949 0.03341
0.01696 0.03441
0.01883 0.03553
0.01729 0.03275
0.01333 0.03298
0.01562 0.02615
0.01169 0.02949
0.01272 0.03314
0.01338 0.02791
0.01386 0.03591
0.01438 0.03144
0.01623 0.03220
0.01228 0.03359
0.01381 0.03392
0.02162 0.03087
0.02149 0.04298
0.01631 0.03180
0.01458 0.03180
0.02235 0.05532
0.01162 0.03267
0.01483 0.03846
0.01735 0.04955
0.01955 0.04731
0.01349 0.03214
0.01863 0.04756
0.01156 0.03052
0.01819 0.03811
0.01569 0.03277
0.01330 0.03025
0.02384 0.05377
0.01580 0.03714
0.01496 0.03107
0.02116 0.03910
0.01470 0.03399
0.01595 0.03820
0.01326 0.02980
0.01029 0.01980
0.01803 0.03487
0.01917 0.03663
0.01557 0.03188
0.01297 0.03142
0.01208 0.03185
0.01405 0.03362
0.01953 0.05525
0.01702 0.02995
0.01766 0.03449
0.01145 0.03196
0.02465 0.05445
0.01556 0.03156
0.02128 0.03822
0.01811 0.04200
0.01939 0.05673
0.01210 0.02530
0.01815 0.03474
0.01673 0.04721
0.01902 0.03801
0.01630 0.02134
0.01330 0.03378
0.01558 0.03000
0.01763 0.03365
0.01896 0.03543
0.02254 0.05543
0.01890 0.03162
0.01343 0.01814
0.01803 0.05073
0.01205 0.02130
0.02151 0.05166
0.01843 0.03083
0.02550 0.03671
0.01785 0.03067
0.01623 0.03101
0.01466 0.03809
0.01655 0.03193
0.01294 0.01978
0.01537 0.03317
0.01747 0.05156
0.02508 0.04187
0.01413 0.02371
0.01392 0.02248
0.01261 0.02899
0.02483 0.04134
0.01314 0.03241
0.01562 0.04816
0.01664 0.03242
0.02961 0.03972
0.01967 0.03522
0.01674 0.03116
0.01284 0.01812
0.02106 0.05345
0.02755 0.05925
0.01589 0.03880
0.01246 0.01946
0.01921 0.04634
0.01395 0.03767
0.02078 0.03182
0.01682 0.04288
0.01784 0.03457
0.01981 0.05697
0.01941 0.04232
0.01302 0.02302
0.01298 0.01939
0.01742 0.05246
0.02033 0.04264
0.01851 0.05525
0.01286 0.03871
0.01291 0.03009
0.02686 0.03833
0.02354 0.04503
0.01708 0.03698
0.01748 0.02975
0.01464 0.03618
0.01440 0.03254
0.01834 0.04371
0.01850 0.03657
0.01637 0.05140
0.01823 0.04433
0.01582 0.03836
0.02140 0.03602
0.02114 0.02382
0.02114 0.03552
0.01810 0.04632
0.01835 0.03384
0.02107 0.05312
0.01882 0.04230
0.01821 0.03026
0.02279 0.05623
0.01389 0.03137
0.01439 0.03180
0.01410 0.03203
0.01378 0.03697
0.02074 0.05852
0.01643 0.03436
0.01474 0.03265
0.01624 0.04434
