0.07884 0.02688
0.02817 0.02107
0.02471 0.02290
0.02475 0.02813
0.02958 0.03594
0.03635 0.02783
0.03656 0.02316
0.02922 0.02598
0.02748 0.02735
0.02256 0.02655
0.02271 0.02532
0.02742 0.03123
0.02705 0.02248
0.02102 0.02573
0.02866 0.02504
0.02222 0.02658
0.01783 0.01466
0.02753 0.03090
0.02591 0.02860
0.01917 0.02445
0.02691 0.03394
0.02308 0.02480
0.03379 0.02738
0.02974 0.02695
0.03146 0.02377
0.03382 0.02970
0.03405 0.02429
0.04756 0.03474
0.02310 0.02642
0.02288 0.01779
0.03879 0.02416
0.01823 0.01719
0.02552 0.02547
0.02667 0.03119
0.02293 0.02314
0.02251 0.02773
0.02263 0.02240
0.02125 0.02132
0.04312 0.02609
0.02878 0.03527
0.03268 0.01966
0.02522 0.02808
0.02744 0.03047
0.01505 0.01662
0.02156 0.02837
0.02467 0.02502
0.02706 0.03111
0.03121 0.02670
0.04556 0.02671
0.03146 0.02348
0.02017 0.01578
0.01734 0.01974
0.03334 0.02681
0.02573 0.02161
0.02915 0.02345
0.03096 0.03177
0.03139 0.03181
0.02367 0.02667
0.02235 0.02439
0.03777 0.03600
0.03479 0.02814
0.02792 0.02771
0.02342 0.02592
0.02726 0.02683
0.02663 0.02390
0.03660 0.01983
0.03189 0.02135
0.02692 0.03231
0.02718 0.02393
0.02643 0.03140
0.04012 0.03317
0.03689 0.03108
0.03248 0.03658
0.03142 0.03275
0.02783 0.03117
0.02592 0.02636
0.02291 0.02549
0.03173 0.03212
0.03027 0.02468
0.02222 0.02753
0.02132 0.02513
0.02310 0.02686
0.02830 0.03411
0.02016 0.01330
0.02471 0.02549
0.02405 0.03336
0.02518 0.02214
0.02198 0.02499
0.01818 0.02548
0.02681 0.02583
0.03726 0.03158
0.01843 0.01638
0.02253 0.01794
0.02826 0.02510
0.02600 0.02598
0.01899 0.01911
0.02140 0.02706
0.01683 0.01810
0.02303 0.02374
0.01635 0.01387
0.02225 0.02778
0.02614 0.02672
0.02340 0.02540
0.02718 0.03156
0.02266 0.01956
0.04117 0.02171
0.02044 0.02142
0.02166 0.02576
0.05386 0.03254
0.02782 0.02844
0.02344 0.02554
0.02972 0.02319
0.02650 0.03796
0.03194 0.02689
0.02221 0.02444
0.02568 0.02475
0.03063 0.02384
0.02368 0.01962
0.02199 0.02511
0.02547 0.02462
0.02985 0.03075
0.02893 0.03335
0.03661 0.03142
0.02318 0.02568
0.03940 0.02578
0.03498 0.02580
0.02716 0.02514
0.02202 0.02634
0.01996 0.01415
0.03123 0.02739
0.01844 0.02498
0.02791 0.03107
0.02314 0.02475
0.02364 0.02320
0.01954 0.01618
0.02940 0.02894
0.02730 0.02686
0.03105 0.03344
0.02034 0.01703
0.02538 0.02270
0.02468 0.02238
0.04062 0.02627
0.02292 0.02180
0.02740 0.02896
0.02316 0.01991
0.03015 0.03052
0.02784 0.02749
0.02804 0.01870
0.03347 0.03307
0.02205 0.02033
0.02849 0.03100
0.02255 0.02789
0.02981 0.02642
0.02298 0.02547
0.02974 0.02510
0.01766 0.01472
0.02864 0.02604
0.01925 0.01765
0.03056 0.03579
0.03104 0.03375
0.03425 0.03068
0.02910 0.02458
0.02445 0.03147
0.02037 0.02404
0.02491 0.02417
0.02190 0.02678
0.02499 0.02934
0.02719 0.03075
0.02696 0.03010
0.02288 0.02601
0.04276 0.03331
0.02317 0.02656
0.01889 0.02189
0.02617 0.02644
0.02785 0.02606
0.02520 0.01898
0.02932 0.02485
0.03477 0.02273
0.02355 0.02641
0.03098 0.03233
0.02541 0.02494
0.02415 0.01933
0.01709 0.01694
0.02344 0.02307
0.02291 0.02355
0.01790 0.01829
0.03502 0.03166
0.02790 0.03035
0.02698 0.02963
0.02081 0.01607
0.03157 0.03183
0.01717 0.01630
0.02498 0.02530
0.02650 0.02485
0.02692 0.03108
0.02370 0.02118
0.02777 0.03102
0.01667 0.01547
0.02285 0.02503
0.03131 0.02607
