0.03585 0.02542
0.02451 0.03479
0.01882 0.02408
0.02429 0.02334
0.02255 0.02535
0.01779 0.01479
0.02110 0.02246
0.01296 0.01411
0.02008 0.02553
0.02396 0.03032
0.02457 0.02657
0.02186 0.02193
0.03022 0.02647
0.01189 0.00970
0.02035 0.01762
0.02468 0.02780
0.03803 0.02562
0.00612 0.00773
0.02032 0.02587
0.01482 0.01462
0.00184 0.00222
0.01195 0.01023
0.00299 0.00307
0.02909 0.02578
0.00888 0.01015
0.03408 0.03854
0.00539 0.00483
0.01031 0.01039
0.02700 0.02613
0.00804 0.00936
0.01799 0.02278
0.02274 0.02690
0.02163 0.01944
0.02018 0.02041
0.02380 0.02719
0.01163 0.01199
0.01981 0.02469
0.02189 0.01769
0.01317 0.01378
0.00757 0.00851
0.02191 0.02059
0.02739 0.02805
0.01103 0.01277
0.01558 0.01145
0.00887 0.00890
0.02054 0.02539
0.00470 0.00316
0.02952 0.02336
0.01967 0.02252
0.00867 0.01090
0.01265 0.01313
0.01277 0.01175
0.00270 0.00272
0.01135 0.01125
0.01560 0.01711
0.01411 0.01240
0.02587 0.01688
0.01612 0.01297
0.01104 0.01149
0.02425 0.02734
0.02252 0.02606
0.00935 0.01094
0.02604 0.02635
0.01224 0.01033
0.03022 0.02161
0.00910 0.00874
0.02454 0.01708
0.02032 0.02326
0.00486 0.00373
0.00855 0.00861
0.01201 0.01195
0.02022 0.02637
0.00431 0.00460
0.00876 0.00958
0.01002 0.01178
0.02072 0.02267
0.00559 0.00715
0.00828 0.01065
0.01812 0.02232
0.00766 0.00997
0.03154 0.03797
0.03103 0.02690
0.02221 0.01813
0.00704 0.00513
0.01077 0.01211
0.02029 0.02560
0.01870 0.02235
0.01401 0.01391
0.01693 0.01957
0.02470 0.03619
0.01789 0.01355
0.00664 0.00742
0.01046 0.00940
0.03589 0.02544
0.01424 0.01473
0.00172 0.00167
0.02097 0.01989
0.01119 0.01010
0.00556 0.00733
0.02999 0.02587
0.01762 0.02228
0.02598 0.02756
0.00764 0.00854
0.02315 0.01995
0.01100 0.01174
0.02195 0.02524
0.03265 0.02523
0.00776 0.00782
0.00969 0.01153
0.00517 0.00457
0.00719 0.00776
0.00850 0.01117
0.00189 0.00199
0.02506 0.02364
0.02370 0.02239
0.02099 0.02911
0.01848 0.02217
0.00853 0.00836
0.02214 0.02423
0.01180 0.01229
0.01963 0.02406
0.02549 0.02341
0.02606 0.02645
0.03368 0.02681
0.02249 0.01899
0.01001 0.00870
0.02339 0.02508
0.01782 0.01949
0.00997 0.01147
0.01936 0.01735
0.02853 0.02410
0.02032 0.02012
0.01821 0.01693
0.00573 0.00757
0.02604 0.02600
0.02525 0.02383
0.02953 0.02426
0.01739 0.01110
0.00741 0.00993
0.01912 0.02291
0.01151 0.00857
0.02167 0.01961
0.03936 0.02669
0.01281 0.01312
0.01620 0.01218
0.00814 0.00813
0.02185 0.02497
0.02156 0.02057
0.00993 0.01170
0.02285 0.01985
0.02780 0.02900
0.02623 0.02443
0.01027 0.01281
0.03698 0.03704
0.02689 0.02568
0.00990 0.00856
0.02014 0.02490
0.01288 0.01774
0.00220 0.00286
0.01021 0.01036
0.00852 0.00832
0.00997 0.00893
0.01229 0.01150
0.00179 0.00199
0.00811 0.00859
0.00761 0.00909
0.00918 0.00811
0.00827 0.00887
0.00304 0.00323
0.01000 0.01136
0.02482 0.03027
0.00866 0.00871
0.02062 0.02338
0.02036 0.02584
0.00689 0.00801
0.00711 0.00782
0.00710 0.01049
0.00260 0.00270
0.02393 0.02525
0.00587 0.00754
0.02371 0.02578
0.02042 0.02630
0.02213 0.02127
0.02066 0.02530
0.02780 0.01993
0.02169 0.02452
0.00530 0.00420
0.02671 0.02401
0.02961 0.02673
0.00905 0.01039
0.02861 0.02591
0.01961 0.02356
0.01438 0.01321
0.02310 0.02346
0.02483 0.02672
0.02051 0.02583
0.03009 0.02053
0.02254 0.02808
0.02046 0.02565
0.00728 0.00943
