98 3788 11.81900 0.03819 0.69082 0.16786 27 0 0 21 20
2678 5405 10.70459 0.01157 0.28649 0.62558 68 4 16 62 38
352 4110 10.52336 0.01361 0.42581 0.30390 58 1 7 58 46
459 3982 10.49489 0.01009 0.46003 0.57539 29 0 2 29 21
346 709 11.50833 0.00719 0.54150 0.53959 24 0 4 21 15
7046 7203 11.24229 0.02743 5.09664 11.28720 12 0 0 12 7
3265 6154 10.01053 0.00986 0.28553 0.70165 38 1 3 27 22
3679 7107 10.26745 0.11951 11.29896 21.18163 13 0 0 7 10
555 976 11.26895 0.00154 0.37958 0.54965 48 3 0 44 34
531 976 11.26895 0.00154 0.45079 0.33338 39 0 4 39 22
420 975 10.76826 0.00183 0.35642 0.26541 46 0 1 44 29
7754 7810 11.31788 0.72617 1.43614 2.19374 18 0 0 16 6
3018 5736 10.49427 0.04344 0.44263 0.69998 57 0 2 53 37
2471 5270 11.33786 0.30847 0.36995 1.96144 20 1 1 17 12
1358 4519 11.79033 0.00498 0.28875 0.31652 34 2 5 32 26
614 975 10.76826 0.00183 0.35643 0.18131 39 4 3 32 24
734 4172 10.02836 0.01118 0.53475 0.39958 55 0 2 53 38
3660 6675 11.15628 0.00375 14.33093 24.81931 21 0 0 6 12
758 4172 10.03026 0.01108 0.42322 0.50668 63 1 9 61 44
6806 7202 10.99288 0.02735 11.11828 7.72177 22 0 0 14 12
1949 5079 10.80691 0.00882 11.22780 11.40752 9 0 0 0 2
2424 5270 11.33786 0.30847 0.27075 2.28619 17 0 6 17 12
3645 6593 11.70663 0.00345 7.90888 0.20558 16 0 0 14 10
497 976 11.26895 0.00154 0.46012 1.37402 41 1 1 34 20
6603 6850 11.74586 0.00594 12.09779 5.70873 12 0 0 5 8
2843 5563 11.77477 0.05659 0.23982 0.75017 30 1 5 28 19
3559 6480 11.23116 0.01288 11.05888 6.84384 54 0 0 54 30
6614 7182 10.97805 0.01904 12.07097 1.15623 29 0 0 24 23
458 4171 10.79933 0.01107 0.62715 0.48214 41 0 1 36 30
3389 6303 10.30408 0.05438 16.12282 3.11546 5 0 0 1 2
345 476 11.74965 0.00708 0.81850 2.34502 23 0 0 17 11
1211 4394 11.01681 0.01370 0.43596 0.29342 37 1 10 34 30
1591 4756 11.77052 0.01505 0.35878 0.60781 20 1 4 18 17
1033 4214 11.50809 0.00802 0.45006 0.40734 63 3 7 63 50
2751 5491 11.95889 0.01155 12.28240 1.17636 53 0 0 51 30
2429 5323 11.68318 0.82280 0.85877 2.68715 22 0 2 17 8
898 980 11.77208 0.00498 0.47882 0.33220 39 0 3 37 22
1497 4649 10.80174 0.00434 0.43095 0.05595 48 0 4 48 37
2287 5313 11.57005 0.70560 0.59432 1.79210 19 0 0 12 8
2172 2321 11.33265 0.27787 0.91950 1.91724 16 0 3 11 10
3246 6020 10.39814 0.01340 0.79670 0.91257 27 0 1 20 13
3053 5787 10.69800 0.01198 0.39937 0.60068 61 2 9 59 43
2472 2581 11.22698 0.77641 0.66830 2.70892 26 0 1 26 9
1659 4807 10.85102 0.00775 11.15097 1.24553 78 0 0 68 54
2171 2470 11.86999 0.30255 1.95838 2.51295 19 0 0 6 11
392 974 10.01406 0.00381 0.34493 0.19979 51 1 0 49 36
3535 6455 10.86530 0.03133 12.83087 13.08624 11 0 0 7 8
3153 5872 11.09845 0.04461 0.50832 0.78084 24 0 1 22 14
345 660 11.74965 0.00708 0.61321 0.55602 38 0 0 38 27
7104 7204 11.73924 0.02765 0.66622 0.74965 15 0 0 13 9
3681 7171 10.72075 0.15561 0.56520 1.02603 9 0 2 4 4
2171 2366 11.86999 0.30255 0.60030 1.96921 17 1 2 14 6
3526 6446 10.51057 0.03046 5.66368 5.72053 14 0 0 12 9
2268 2564 11.48797 0.58047 0.44907 1.73596 37 3 0 35 25
2476 5321 10.45620 0.77092 0.61254 2.86567 24 0 1 18 9
2411 5323 11.68318 0.82280 0.79178 2.68977 25 0 0 20 13
1697 4865 10.52734 0.00414 0.23529 0.13706 57 4 3 51 40
2218 5305 10.48793 0.48154 0.19349 0.34035 34 6 8 34 20
2184 5300 10.80906 0.35654 1.57482 1.46580 11 0 0 6 5
3231 6009 10.25562 0.04391 0.73731 1.54078 48 0 0 37 29
733 979 11.51780 0.00406 1.02685 0.26541 33 0 0 25 16
2281 5312 11.91985 0.68669 0.87275 1.51981 13 0 2 11 4
165 3828 10.68290 0.01326 0.34242 0.74019 69 4 4 65 49
2420 5269 11.68981 0.30783 0.47460 1.86088 24 0 2 21 11
337 3957 10.51725 0.00644 0.51839 0.29342 38 1 1 33 29
6603 7152 11.74402 0.00648 12.98523 9.02465 35 0 0 27 29
1490 4643 10.03190 0.00777 0.38131 0.41684 34 3 7 32 25
1007 4188 10.27012 0.01706 0.38472 0.28939 87 1 4 76 57
1759 4933 10.45872 0.70154 0.23680 0.81181 42 6 2 29 27
6606 6919 10.49518 0.00708 10.30346 2.10840 29 0 0 21 23
6927 7202 10.99288 0.02735 9.76674 6.58315 15 0 0 9 10
791 979 11.51970 0.00400 0.72273 0.25944 63 0 0 61 43
3651 6604 10.22634 0.00689 7.88186 0.39267 19 0 0 19 16
2317 5270 10.63578 0.26030 0.40442 1.52521 31 0 5 27 12
2495 5320 10.24209 0.74014 1.07503 3.05351 36 2 1 36 22
632 3982 10.49489 0.01009 0.39379 0.48618 41 1 3 36 34
6603 6748 11.74586 0.00594 9.88508 2.68365 17 0 0 11 13
2228 2559 10.88836 0.49447 0.48752 0.58684 25 0 1 22 17
346 608 11.50244 0.00580 0.42186 0.35718 16 0 3 8 9
6606 6982 10.49518 0.00708 10.19629 2.36281 37 0 0 30 25
2862 5582 11.64744 0.02020 0.42309 0.18975 37 0 1 35 23
147 3815 11.45022 0.03145 0.28406 0.71272 74 3 1 70 52
1397 4571 11.51180 0.00561 0.43828 0.54465 155 0 2 145 132
1835 4974 10.05173 0.03954 0.46145 0.45456 47 3 4 42 28
2320 5321 10.76751 0.80012 0.36082 2.54068 49 2 4 44 25
404 977 11.52020 0.00049 0.32725 0.76464 38 3 2 34 22
481 3982 10.49489 0.01009 0.45049 0.59872 20 1 2 18 16
6668 7203 11.24229 0.02743 0.61341 0.71982 11 0 0 7 8
2622 5348 10.90531 0.02185 0.29574 1.26733 38 2 7 36 21
2719 5443 11.29588 0.01172 11.92759 2.14722 59 0 0 51 48
2488 5323 11.68318 0.82280 0.57892 2.69239 17 0 2 17 6
6604 6918 11.24828 0.00629 11.77032 1.52470 30 0 0 27 27
1658 4806 10.82079 0.00786 10.26824 0.42613 49 0 0 47 40
3985 4106 11.26913 0.01135 0.51987 0.47642 53 0 1 51 35
2565 5331 10.40103 0.58587 0.49984 1.83056 54 0 10 48 22
1915 5045 11.31781 0.00580 5.19530 1.17603 10 0 0 4 6
5975 6038 11.10028 0.00458 0.81734 0.82329 39 0 0 35 27
8038 8089 11.01070 0.43522 0.32381 2.96953 285 10 38 279 224
6606 6956 10.49518 0.00708 10.25342 0.98516 31 0 0 28 25
667 4173 11.79777 0.00987 0.51906 0.41871 30 1 2 30 22
346 654 11.50244 0.00580 0.42764 0.37742 31 3 4 31 23
148 3816 10.81143 0.02904 0.47460 0.65611 57 0 2 48 27
2171 2500 11.86999 0.30255 0.16666 1.91826 21 5 2 12 12
3694 7205 10.66241 0.46041 3.74496 0.51205 9 0 0 3 5
3660 6714 11.15628 0.00375 7.92915 8.02072 17 0 0 17 11
773 979 11.51970 0.00400 0.74917 0.27695 42 0 1 37 22
540 974 10.01791 0.00258 0.48682 0.78634 43 1 2 40 35
2455 5269 11.68981 0.30783 2.07462 10.91255 8 0 0 2 1
6786 7201 10.24214 0.02731 3.74294 2.96451 17 0 0 15 12
1864 4978 11.72648 0.00625 9.80007 0.45111 12 0 0 12 9
2178 2503 10.26950 0.29786 1.26863 2.09649 10 0 0 6 3
3679 6849 10.26745 0.11951 6.54528 6.85907 10 0 0 1 3
2052 5187 10.74936 0.02658 10.29268 2.91497 85 0 0 78 72
111 3795 10.50595 0.01434 0.71046 0.71052 39 0 0 37 27
1251 4418 10.26327 0.01129 0.21500 0.63427 60 1 12 58 44
460 4173 11.79777 0.00987 0.62268 0.36477 36 2 0 32 21
457 3980 11.49638 0.01155 0.39904 1.14876 28 0 2 26 21
2177 2412 10.26875 0.29874 0.78108 3.40766 10 0 0 4 2
777 3985 10.24876 0.00981 0.52477 0.78833 42 0 1 40 33
3680 6856 10.97298 0.13900 8.31873 12.10180 6 0 0 2 2
981 4142 11.02953 0.01426 0.32199 0.81181 56 2 6 56 39
239 3901 11.94909 0.07899 0.44308 1.79580 10 0 1 7 6
4116 4174 10.00670 0.00664 0.26937 0.54104 58 3 3 54 49
3094 5828 11.10592 0.02019 0.44335 1.05388 24 0 1 19 17
5977 6036 10.10704 0.00608 0.69657 0.78981 50 2 2 42 30
2172 2464 11.68279 0.30204 0.81959 2.91121 12 0 0 6 6
812 978 10.77040 0.00229 0.29822 0.28116 34 0 0 32 26
5990 6111 10.58967 0.01334 8.10704 1.08282 34 0 0 28 19
2511 2583 11.93117 0.82358 0.42994 2.65461 24 0 0 24 9
1067 4264 11.51297 0.00305 0.36518 0.34378 160 8 48 154 134
711 4170 10.03241 0.01130 0.40713 0.35498 66 2 2 60 47
6050 6125 10.89225 0.00919 11.74981 4.37202 33 0 0 24 25
1359 4520 11.54538 0.00724 0.55982 0.56302 44 1 8 39 22
6603 6675 11.74586 0.00594 13.22143 12.16523 28 0 0 28 21
4011 4171 11.77155 0.00644 0.43258 0.34943 47 1 0 45 28
350 917 10.50898 0.00703 0.49850 0.44850 46 0 1 44 31
848 3984 10.74879 0.01016 0.54773 0.53008 37 0 1 37 23
8045 8108 11.99700 1.25167 0.38363 2.32709 153 1 1 153 108
6604 6789 11.24828 0.00629 7.46265 1.37629 20 0 0 17 16
642 3979 11.99371 0.01255 0.71778 0.61294 22 0 2 17 13
2328 5272 10.63939 0.30767 0.27939 2.09368 33 0 2 31 19
1590 4754 10.06641 0.01400 0.63273 0.50590 39 0 1 37 30
464 4170 10.30159 0.01147 0.60295 0.59215 49 0 1 49 34
7149 7203 11.24229 0.02743 9.18473 7.69105 16 0 0 13 12
2312 5320 11.43827 0.82385 1.89436 2.25029 29 0 4 29 14
2176 2437 10.80393 0.29947 0.25882 1.81165 20 0 1 18 7
368 967 10.00277 0.01055 0.60011 0.71873 37 2 0 31 23
3246 6014 10.43816 0.01363 0.64766 0.27411 20 0 0 18 15
7112 7202 10.99288 0.02735 11.07088 6.49745 14 0 0 14 14
1553 4703 11.01707 0.02319 0.49542 0.42428 35 0 1 32 29
2770 5509 11.06598 0.01245 10.24972 0.84580 57 0 0 33 33
889 979 11.51970 0.00400 0.81996 0.24066 46 0 0 41 25
2335 2582 11.44621 0.80088 1.25077 2.62957 27 2 2 23 9
2815 5536 11.68125 0.04535 0.47287 0.48537 38 3 0 34 26
417 4172 11.29839 0.01034 0.41853 0.64650 38 0 0 36 25
2359 5321 10.45620 0.77092 0.36084 2.83297 19 1 1 19 8
925 976 10.00929 0.00120 0.39080 0.71107 68 1 4 68 58
2337 5323 11.68318 0.82280 1.98625 2.68948 19 0 1 16 4
1942 5057 10.01155 0.01166 3.13102 9.80436 11 0 0 5 4
6607 6923 10.24121 0.00750 0.40757 0.97478 41 0 0 36 30
6605 7012 10.99721 0.00661 10.63459 2.42495 22 0 0 22 19
2535 5271 11.68632 0.33918 0.37665 2.03855 14 0 1 12 5
6731 7202 10.99288 0.02735 7.24389 5.81406 12 0 0 9 11
1927 5040 11.80408 0.00990 11.70246 0.39958 14 0 0 14 12
2175 2384 10.80392 0.29987 0.40028 1.93876 27 0 7 21 7
3660 6661 11.15628 0.00375 8.83984 5.43668 25 0 0 20 12
2178 2468 10.26950 0.29786 0.53500 1.71098 16 0 0 13 4
6609 7175 11.22994 0.01664 8.39374 1.28298 21 0 0 19 14
3540 6440 11.85126 0.04017 9.64911 2.09069 10 0 0 10 5
2267 2565 11.79055 0.60432 0.53611 1.46554 30 1 2 24 15
364 4161 10.26025 0.01913 0.46835 0.78833 36 0 3 34 21
2173 2440 11.32990 0.30114 1.88364 2.00369 15 0 0 5 1
348 618 10.25119 0.00537 0.50509 0.38967 58 3 2 58 47
829 976 10.00929 0.00120 0.35783 0.81181 43 2 2 39 27
2156 2283 11.71973 0.09620 0.57005 0.53959 11 0 0 5 4
2521 5270 11.33786 0.30847 0.37080 2.07566 23 0 1 23 8
6613 7181 10.97893 0.01845 11.45239 2.12596 29 0 0 26 25
3477 6402 11.29745 0.04273 9.94094 5.01032 41 0 0 26 32
983 4146 11.78416 0.01610 0.29079 0.73595 59 3 4 55 38
6605 6975 10.99721 0.00661 0.70031 0.38461 25 0 0 25 19
825 4173 10.53017 0.01052 0.53230 1.00288 38 1 2 33 19
458 4173 11.79777 0.00987 0.41566 0.49653 28 0 0 26 17
1266 4445 10.02312 0.01663 0.43866 0.35936 46 3 1 44 34
4002 4166 11.51660 0.01168 0.31908 0.52563 30 2 1 21 23
3703 7225 11.08056 0.76917 0.83535 1.83248 12 0 0 8 7
2644 5371 11.79552 0.02474 0.37293 0.28804 30 0 3 23 10
1793 4951 11.30203 0.21655 0.29541 1.45481 88 1 1 81 66
350 897 10.50898 0.00703 0.58211 0.45800 42 1 0 40 23
654 4170 10.30159 0.01147 0.52170 0.56232 48 0 3 48 28
3680 6994 10.97298 0.13900 7.81808 7.33339 10 0 0 4 6
558 974 10.01791 0.00258 0.24205 0.10468 46 0 4 42 36
350 743 10.50898 0.00703 0.62121 0.40926 28 0 0 23 21
2422 5320 10.24209 0.74014 2.51222 3.11609 27 1 1 24 12
351 4093 11.02224 0.01386 0.51793 0.56786 52 2 5 50 42
2927 5646 10.06681 0.00285 0.40471 0.15826 48 1 3 46 33
761 4175 11.52745 0.00992 0.32266 0.70388 42 0 2 38 28
6075 6128 11.38936 0.00959 0.29621 0.37325 20 1 2 16 13
508 3982 10.49489 0.01009 0.43934 0.56441 41 0 4 35 31
484 4170 10.30159 0.01147 0.50512 0.42336 48 0 1 44 30
3660 7030 11.15628 0.00375 2.66897 0.22029 17 0 0 11 12
