115 1547 10.74453 1.81495 0.41334 4.37256 13 11 1 9 6
2449 3377 11.51103 1.06393 0.48567 2.54622 45 41 4 45 12
371 2423 11.23183 1.47320 0.19107 1.71669 40 38 2 38 18
578 3561 10.68366 1.14106 0.17385 1.47060 61 56 5 59 38
525 3499 10.48394 0.06692 0.42986 0.66323 66 57 8 56 37
2334 3288 10.21449 0.60180 0.28713 1.74764 46 39 6 46 23
391 2423 11.78355 1.43327 0.76298 3.25221 23 16 5 17 4
1403 3556 10.73074 2.22336 0.23214 0.79819 70 60 10 70 30
15 4449 11.54991 0.30032 0.20432 0.91172 35 27 4 20 16
591 1415 10.97019 3.09723 0.31822 0.58148 57 53 4 53 28
595 1404 10.35491 2.30808 0.15770 1.15724 86 81 5 84 49
444 3427 10.04481 0.90278 0.68029 1.12813 61 59 2 59 28
523 3550 11.45851 1.08776 0.26799 2.46387 36 26 8 28 16
595 1405 10.42108 2.35133 0.24523 1.14158 60 51 9 60 26
1386 3550 10.00667 2.22747 0.18093 1.38508 64 58 6 64 39
2335 3263 10.68921 1.68586 0.11447 2.77883 50 49 1 43 16
572 1420 10.90436 1.95009 0.21880 1.60181 23 21 2 23 13
410 3398 10.06667 0.08351 0.29131 2.62674 45 41 4 43 25
595 1408 10.75489 2.49652 0.19197 0.56371 77 66 11 73 43
858 3768 10.49101 0.04389 0.16387 2.19606 66 59 7 64 30
571 1421 11.45938 1.88885 0.46645 1.46206 22 17 4 20 12
547 3502 10.88783 0.11507 0.53587 1.36143 53 50 3 51 19
413 3441 10.15621 1.24783 2.08676 4.61304 11 10 1 11 5
83 4512 11.02520 0.03714 0.22971 0.91429 59 49 8 56 29
551 3501 11.73357 0.11499 0.29391 1.35364 30 23 7 26 12
158 1616 11.69931 0.12112 0.36044 0.55178 38 29 9 33 16
754 3668 10.93412 1.51079 0.14192 2.03721 47 40 7 47 21
532 3553 10.10113 1.22467 0.40307 2.19767 21 19 1 18 8
556 1407 11.72521 2.51256 0.09277 1.32353 33 32 0 31 20
428 2456 10.19883 1.06349 0.26412 4.82402 26 26 0 26 13
2464 3402 11.17440 0.09188 0.30739 2.38031 28 23 5 28 14
544 3557 11.21174 1.41059 0.29518 1.65327 24 20 3 20 8
2455 3388 11.07632 0.61450 0.28017 2.70718 72 65 7 68 46
5 4431 10.81164 0.89906 1.08958 2.74680 25 21 4 25 6
447 3464 11.48221 0.02016 0.25926 1.17869 28 25 2 26 13
1540 4534 11.82773 3.13185 0.13967 3.92466 41 33 8 39 18
395 3377 11.00395 1.18611 0.42677 2.81132 47 46 1 45 27
717 3679 11.35865 0.62154 0.35907 2.77714 29 19 10 29 10
2328 3273 10.71687 1.61371 1.06378 3.01181 87 83 4 83 37
428 3408 11.76796 1.05132 0.14333 4.25726 36 31 4 32 20
378 3364 11.72483 1.59149 0.65406 1.82671 20 13 4 11 6
786 3713 10.60311 0.03818 0.12540 0.82662 47 43 4 47 35
749 3662 11.42045 1.29293 0.29173 2.57663 23 16 7 23 8
417 3446 11.29783 1.13541 1.71840 3.37278 28 18 1 25 10
2466 3407 10.19850 0.06239 0.91865 3.49491 27 23 4 27 10
92 1565 10.98516 1.94637 0.20118 1.23670 59 52 7 59 24
958 3841 10.50947 1.13182 0.53272 0.48133 23 18 4 19 10
915 3836 10.34230 0.02788 0.43333 0.71873 28 25 2 18 11
666 3624 11.09642 0.00355 0.21601 0.22029 24 19 4 15 7
1416 3551 11.15230 3.09194 0.34647 0.49019 57 53 4 49 31
562 1406 11.63728 2.56523 0.34811 1.34668 28 28 0 26 11
678 3616 11.85252 0.00666 0.55183 0.37534 16 14 2 14 7
419 2452 10.01915 0.50459 0.30872 1.48147 59 52 6 59 30
877 3784 11.97781 0.06473 0.05498 0.67144 67 59 8 58 22
751 3666 10.34155 1.39535 0.80539 2.69602 27 17 10 25 9
391 3369 11.88995 1.48783 0.94200 3.13787 27 21 6 23 8
516 580 11.61045 0.55335 0.28462 2.11285 33 23 10 33 13
475 3464 11.97015 0.01877 0.26685 0.41684 70 63 6 63 31
148 1576 11.63775 0.08388 0.24266 1.85161 64 59 4 62 35
1408 3554 10.14746 2.55443 0.17185 0.30001 80 75 4 70 43
667 3607 11.56704 0.01346 0.36315 0.78634 31 27 4 26 15
131 4532 10.50841 1.54555 0.20811 0.88204 64 56 5 61 37
405 3389 11.91620 0.55190 0.30135 3.43866 42 34 7 39 18
125 4540 10.85627 1.44683 0.23483 1.91561 45 36 8 41 19
684 3621 11.86790 0.01961 0.82035 1.13298 27 19 7 27 8
102 4520 11.13582 0.32612 0.25149 1.09825 40 33 7 40 15
2432 3403 10.70970 0.94258 0.43592 2.58513 61 58 3 61 38
511 3528 11.00628 0.18681 0.19977 1.57917 48 38 7 37 27
826 3745 11.94841 0.05989 0.41300 0.73595 39 22 15 34 13
471 3461 11.28026 0.02688 0.27360 0.93503 49 47 2 49 33
194 1619 11.49547 0.08180 0.16887 0.07913 55 46 6 48 30
541 3503 10.04788 0.11372 0.15481 1.21885 65 62 3 63 32
18 4453 11.70835 0.16095 0.21151 1.29845 66 65 1 64 41
1399 3532 11.38021 2.97869 0.37406 1.08894 46 37 3 38 23
772 3695 11.96207 0.07969 0.22860 1.95405 67 58 9 65 34
576 1389 11.68375 3.02322 0.23153 0.48457 48 42 5 43 19
518 3542 10.83686 0.61577 0.43123 1.97120 27 20 4 19 8
2439 3364 11.02399 0.96576 0.97099 3.82807 31 23 1 22 11
412 3442 10.95368 1.31661 0.22700 4.75736 9 9 0 7 3
569 1407 10.30924 2.58635 0.12428 1.80320 30 28 2 23 16
439 3459 11.71112 0.04273 0.29679 0.73435 61 52 9 59 28
874 3782 11.16013 0.05782 0.30405 0.43611 62 54 8 56 27
132 4537 11.66718 1.54946 0.55952 2.16302 43 35 6 40 22
597 1402 11.24369 2.15792 0.16456 1.31433 96 90 6 96 59
2452 3428 11.20538 0.70663 0.52820 3.10324 43 37 6 43 23
425 2479 11.64363 0.88348 0.13798 5.82861 31 28 3 26 11
1388 3542 10.64649 2.75023 0.61033 1.48675 51 44 7 51 21
492 3499 10.18538 0.04577 0.24338 2.44392 31 19 9 23 10
659 3601 10.89804 0.02354 0.29429 1.39185 25 19 2 13 9
2379 3312 11.17297 0.02863 0.35740 0.48939 59 44 15 54 28
219 1633 10.33262 1.44979 0.16166 0.57743 27 21 5 22 13
582 1383 11.27619 2.64342 0.41511 2.01052 42 39 3 35 18
2388 3344 11.19975 0.02217 0.50485 1.29634 39 30 5 28 20
1410 3527 10.31118 2.41201 0.25184 1.84356 48 44 4 43 26
737 3657 10.15225 0.52011 0.14312 2.04909 50 44 6 50 23
2469 3445 11.11509 1.54966 8.42970 13.75678 3 1 1 0 2
429 2479 11.43009 1.10903 0.42520 4.97579 23 18 5 21 11
7 4432 11.96482 0.87808 0.34178 2.36712 21 19 2 15 8
381 3364 11.64073 1.58401 0.34134 1.64330 26 23 3 24 14
149 1578 11.24811 0.07916 0.34533 1.71737 52 44 8 50 21
213 1630 10.02511 1.19971 0.25101 0.83743 38 36 0 34 24
681 3636 10.07453 0.02479 0.21050 1.36602 62 51 11 60 28
727 3693 11.66185 1.53192 1.27986 2.72750 21 14 5 15 9
564 3557 10.75864 1.39588 0.12560 1.52341 25 22 3 25 13
1398 3535 10.94358 3.08101 0.37331 0.90914 22 22 0 20 11
213 1649 11.10205 1.46747 0.16118 1.37002 35 33 2 35 15
510 565 11.20023 0.14017 0.47117 2.16392 74 68 6 74 41
421 3447 10.49148 0.91149 0.34202 0.79081 54 53 1 54 43
542 595 10.21960 1.32607 0.24573 1.81380 35 31 4 33 19
509 563 11.52826 0.13012 0.71710 2.07905 54 46 8 52 27
598 3532 10.25474 1.26658 0.06493 1.89052 47 38 9 47 22
740 3700 10.65723 1.01638 0.23929 1.03060 54 45 9 47 22
2449 3380 10.40104 0.92095 0.31639 2.11267 47 39 8 45 16
736 3656 10.57821 0.46328 0.18376 1.66836 47 34 13 43 17
702 3658 11.19489 0.03453 0.09952 0.39762 102 96 6 100 64
405 2442 10.16858 0.40647 0.33432 2.97664 37 32 4 35 15
2436 3360 11.51892 0.82616 0.82668 1.71281 25 20 3 21 12
2447 3373 11.76464 1.16633 1.02985 2.33465 58 56 2 58 32
515 576 10.93095 0.36941 0.22927 2.32052 77 65 11 68 39
521 586 11.14252 0.89090 0.21160 2.33431 21 18 3 21 11
714 3644 11.58707 0.01470 0.14053 0.48618 43 35 7 40 19
125 1551 10.88796 1.29487 0.45130 1.88222 25 19 5 23 9
2359 3280 11.60974 0.91132 0.13976 1.88097 61 55 6 57 27
593 3518 10.65518 1.28173 0.90819 2.89056 19 17 2 19 8
546 3557 11.21914 1.41025 0.31657 1.63710 23 14 9 21 9
97 1552 11.90716 2.58595 1.05259 2.47275 29 22 6 29 11
90 1564 11.94260 2.02168 0.20712 1.12082 66 64 2 62 33
392 2424 11.74396 1.40119 0.32431 3.21041 46 35 11 46 16
601 3538 10.76442 1.13034 0.16361 1.21724 53 49 4 51 31
945 3855 10.68365 0.34359 0.26529 0.54608 26 25 1 26 22
503 3487 10.36291 0.04223 0.23397 2.05481 54 50 4 52 33
405 3433 10.01999 1.05772 0.21577 4.99959 27 25 1 27 15
2342 3260 11.49206 1.57446 0.55964 3.02711 25 19 6 15 7
2473 3443 10.71559 1.51622 2.69766 86.87309 5 0 0 2 1
396 2431 10.60505 1.07662 0.25754 2.89218 42 39 2 35 23
800 3726 10.08626 0.02419 0.30946 0.37742 63 52 10 55 27
741 3657 11.69153 0.75466 0.37214 2.83366 34 22 11 34 15
603 3541 11.22881 1.01205 0.30551 1.81531 59 49 9 56 29
564 1409 10.85084 2.42396 0.17986 1.65847 54 53 1 52 34
106 4540 10.55858 0.55062 0.36215 1.55142 50 45 4 45 27
551 1411 11.18623 2.29926 0.24092 1.59102 29 25 4 23 15
91 1562 11.53892 2.13203 0.40474 1.47034 51 46 4 49 19
400 3383 11.69340 0.89346 0.20426 2.96029 65 60 5 59 31
539 1417 11.51541 1.94865 0.27313 1.72238 16 11 5 16 8
818 3739 11.86804 0.05403 0.18669 0.74230 34 24 8 24 14
1578 4537 11.65490 1.63819 0.12496 1.63542 73 67 6 71 35
741 3702 11.61325 0.95157 0.24613 1.07629 55 45 9 53 18
743 3701 10.10380 0.82626 0.30544 1.67748 73 70 3 71 36
495 3480 11.73798 0.02048 0.34054 0.48537 44 37 5 37 20
26 4463 11.34854 0.02353 0.20329 0.82234 37 33 3 28 20
588 1378 11.81548 2.20251 0.49844 1.04530 33 27 6 31 13
566 1403 11.69155 2.72289 0.65156 1.67047 15 9 4 15 8
698 3653 10.73586 0.02149 0.18036 0.27124 53 46 7 51 26
2432 3404 11.20678 0.95801 0.30484 2.68103 59 56 3 57 31
590 1382 10.80670 2.13124 0.14616 1.52470 50 45 5 48 26
595 3519 11.19941 1.36407 0.61808 2.78994 33 32 1 31 15
12 4445 11.12199 0.44621 0.39026 0.93377 59 51 2 59 35
619 3565 10.61115 0.01832 0.21213 0.97076 29 27 2 27 16
1385 3554 10.85013 1.97478 0.18721 1.12082 48 36 11 45 18
621 3587 10.80721 0.01343 0.05001 0.12820 30 30 0 28 19
1575 4529 10.71214 1.66072 0.38632 1.41499 36 31 5 34 14
719 3681 10.97407 0.77446 0.17012 2.92208 33 26 7 33 9
1418 3522 11.60818 1.88990 0.35162 2.01810 25 22 1 19 11
919 3839 10.00787 0.03057 0.31621 0.95573 44 39 3 39 18
708 3665 10.80542 0.01654 0.14686 0.61421 78 69 9 78 44
600 3536 10.63680 1.19250 0.14632 1.70823 40 33 7 38 17
552 1416 11.26247 2.00088 0.29690 1.89465 11 11 0 9 6
1390 3540 10.87568 2.87580 0.18901 1.01529 57 50 6 54 32
221 1636 10.07077 1.52997 0.14496 0.81757 25 18 6 21 11
546 3502 10.88827 0.11496 0.53736 1.30716 61 44 16 57 21
523 588 10.95953 1.01092 0.10735 2.39179 53 44 9 53 27
650 3611 10.98224 0.02716 0.34213 1.41222 38 32 6 38 22
565 1420 11.70149 1.83120 0.18216 1.90084 19 12 5 19 6
582 3562 10.30517 0.93559 0.21692 2.12080 63 55 8 63 24
792 3718 11.26078 0.01629 0.42412 0.70165 25 17 8 25 9
567 1414 10.14103 2.16253 0.20680 2.25221 40 36 2 33 20
370 2439 11.62313 0.64640 0.43017 1.41389 40 34 4 29 19
1558 4527 10.29856 2.35834 0.18497 1.78224 30 25 5 26 7
478 3488 10.80364 0.01575 0.07503 0.66323 56 49 7 54 31
835 3775 10.17397 0.07998 0.14230 1.57768 86 84 2 84 43
535 3556 11.07096 1.37410 0.34562 1.63470 22 19 3 20 12
1402 3527 11.84386 2.78534 0.19927 1.21176 27 24 3 27 15
1420 3539 10.52194 2.19549 0.41343 0.82377 28 17 9 23 11
508 558 11.79446 0.12236 0.36227 1.55469 60 55 4 57 27
513 3531 10.48913 0.23966 0.39562 1.45643 57 48 7 57 22
539 3502 10.76934 0.11422 0.17012 1.25803 65 49 15 59 26
514 577 11.75332 0.41583 0.26593 2.42785 48 34 11 44 20
558 3501 11.84659 0.11612 0.34766 1.49253 35 28 6 35 14
377 3366 10.89388 1.57292 0.33384 2.44040 40 35 4 32 18
560 1417 11.27358 1.95091 0.44606 1.98031 14 12 2 9 3
464 3455 10.16057 0.01633 0.32475 0.94378 39 30 8 28 11
501 3509 10.82882 0.02260 0.46529 0.80551 59 47 12 59 30
1403 3534 10.20601 2.89883 0.09757 1.16332 50 45 4 46 28
106 1579 10.98190 1.08515 0.24997 1.27901 79 60 17 77 39
2455 3432 10.65047 1.00399 0.12759 4.49344 28 26 2 28 14
533 3500 11.83555 0.10438 0.08992 0.94543 62 51 9 45 27
41 4479 10.39581 0.02173 0.14018 0.43341 33 32 1 26 18
964 3856 10.91288 1.47447 0.26529 1.22013 30 25 5 30 16
100 4538 10.44230 0.21965 0.12542 1.05127 31 29 2 28 16
557 3557 11.15820 1.40951 0.43283 1.53340 11 9 2 9 4
