234 1662 10.63839 3.07429 0.48840 1.86844 32 19 9 32 16 327 100.00000 0
2483 2533 11.04360 0.82204 0.82516 3.25798 48 39 7 48 26 129 100.00000 0
2545 3865 10.48631 1.54727 0.32873 1.77034 62 35 19 60 36 204 100.00000 0
2470 3874 10.50921 1.74521 0.31791 2.52274 69 49 11 65 36 235 100.00000 0
783 1409 11.60208 3.07069 0.10219 1.12535 54 44 6 51 30 187 100.00000 0
2472 3875 10.41003 1.78004 0.26390 2.59012 64 41 9 62 24 224 100.00000 0
43 1845 10.03140 0.57334 0.31233 2.23301 45 34 10 43 19 199 100.00000 0
159 1743 10.30131 3.12881 0.21361 2.48853 53 23 8 49 26 277 100.00000 0
3988 4053 10.90274 0.97014 0.04068 1.52187 111 93 10 108 78 303 100.00000 0
787 1439 10.61322 2.82809 0.45368 1.75769 59 35 3 56 41 275 100.00000 0
762 1434 11.03832 3.13913 0.25921 1.53059 43 27 8 38 21 281 100.00000 0
261 1606 10.30592 1.99024 0.62264 2.37075 54 33 15 52 24 284 100.00000 0
2491 3860 10.10924 2.34001 0.25511 1.50506 106 90 14 106 64 266 100.00000 0
795 1436 11.66549 2.50151 0.66956 2.66932 54 23 2 52 25 215 100.00000 0
809 1396 10.51438 1.87392 0.08468 1.17403 66 53 8 60 41 257 100.00000 0
25 1832 10.95749 1.13211 0.24121 1.86046 104 53 3 95 63 358 100.00000 0
49 1819 11.81298 1.65135 0.08095 1.66201 68 46 16 65 39 297 100.00000 0
2468 3875 11.52321 1.70104 0.14004 2.90407 52 39 9 52 21 180 100.00000 0
213 1666 10.06260 3.09433 0.25274 2.30681 87 57 15 87 53 436 100.00000 0
59 1818 10.49670 2.05153 0.27485 3.36045 49 25 7 41 20 263 100.00000 0
3978 4036 10.03953 0.56307 0.29206 1.77674 64 50 5 62 32 234 100.00000 0
700 1518 10.39746 1.65303 0.06611 0.87670 120 92 21 116 80 333 100.00000 0
22 73 11.93283 1.29606 0.67620 2.33095 49 34 5 43 19 302 100.00000 0
27 1840 10.78155 0.75794 0.06913 1.88886 63 42 4 58 37 290 100.00000 0
98 1810 11.38976 3.08978 1.22247 4.32880 49 12 2 47 15 206 100.00000 0
240 1615 11.35117 2.29083 0.21785 2.80407 29 11 4 26 15 207 100.00000 0
2503 3856 11.71558 2.09171 0.36243 3.04350 69 59 7 69 29 174 100.00000 0
2472 2522 11.40524 0.57343 1.08902 3.08413 50 36 10 48 17 170 100.00000 0
259 1592 11.35363 1.66595 0.72131 1.64449 46 32 10 43 31 246 100.00000 0
803 1430 10.87332 2.17039 0.18876 1.76281 72 56 4 64 27 246 100.00000 0
27 1825 11.63714 1.38313 0.40848 2.96821 77 32 5 74 47 246 100.00000 0
104 1800 11.12741 3.08154 0.53708 3.01129 80 51 12 78 31 335 100.00000 0
719 1474 10.28870 2.58041 0.14331 1.62630 81 60 12 77 44 280 100.00000 0
219 1656 10.31267 3.11771 0.12824 1.90290 82 51 15 78 54 531 100.00000 0
261 1600 10.87417 1.80871 0.36325 2.01984 68 39 18 62 31 325 100.00000 0
767 1452 10.61291 3.09450 0.12291 2.80072 35 21 5 33 14 200 100.00000 0
76 1803 11.80758 3.01375 0.68328 5.05958 22 6 7 22 8 130 100.00000 0
735 1494 10.23924 3.09042 0.76460 2.33917 80 55 19 78 31 285 100.00000 0
212 1667 10.44215 3.09431 0.30473 2.47812 61 33 14 61 29 383 100.00000 0
64 1815 10.38910 2.33657 0.52692 3.89461 49 25 4 39 17 252 100.00000 0
788 1404 11.21641 2.87568 0.12864 0.53595 50 37 8 48 30 258 100.00000 0
23 1836 11.09805 0.96305 0.11335 2.00526 62 40 13 59 32 264 100.00000 0
29 1829 10.82961 1.23511 0.21808 1.81682 86 47 4 86 55 321 100.00000 0
710 1478 11.26949 2.15776 0.31514 1.70800 62 45 10 62 33 244 100.00000 0
40 1824 11.03683 1.42681 0.20421 1.86509 92 61 15 86 60 341 100.00000 0
63 1815 10.68313 2.28112 0.45248 3.78113 54 31 8 41 23 248 100.00000 0
4003 4059 10.49876 0.82947 0.32823 1.74540 102 89 11 100 63 317 100.00000 0
109 1773 10.55399 3.07129 0.09430 2.00486 49 33 10 49 10 326 100.00000 0
232 1632 10.26103 2.85519 0.32730 2.13148 84 59 7 82 62 347 100.00000 0
207 1674 10.44595 3.06776 0.26536 1.77211 74 45 21 74 39 403 100.00000 0
2475 3877 11.11226 1.83517 0.22511 2.54422 104 79 15 100 40 270 100.00000 0
204 1698 10.55483 3.12124 0.37553 3.23954 93 15 1 86 48 442 100.00000 0
136 1765 10.41799 3.13601 0.37139 1.44239 82 65 11 80 36 439 100.00000 0
2483 3862 10.51057 2.13137 0.04500 0.70554 108 84 21 106 71 318 100.00000 0
237 1623 10.75507 2.59879 0.27521 2.41168 35 17 6 35 14 258 100.00000 0
705 1483 10.48411 1.94231 0.14501 1.40611 78 59 10 71 41 249 100.00000 0
773 1421 11.23730 3.06033 0.36225 2.14009 59 42 9 53 29 212 100.00000 0
785 1409 10.55820 3.01477 0.13595 1.20950 81 71 6 79 55 270 100.00000 0
225 1643 11.05309 3.11120 0.33749 2.05481 62 40 7 60 30 460 100.00000 0
696 1490 11.08932 1.57555 0.12459 1.44374 90 58 25 87 44 246 100.00000 0
237 1659 11.16651 3.09723 0.24795 1.56673 35 21 9 33 23 279 100.00000 0
247 1597 11.00671 1.75262 0.13415 3.21918 34 9 1 32 13 221 100.00000 0
2125 2179 11.99988 1.36474 0.52081 3.17385 9 5 1 5 6 53 100.00000 0
3998 4059 11.15614 0.91149 0.27363 1.58412 102 85 13 102 63 284 100.00000 0
75 1806 10.45452 2.96528 0.28636 5.01579 24 18 4 22 8 176 100.00000 0
775 1419 11.05022 3.06226 0.46265 2.39539 77 57 11 75 41 245 100.00000 0
26 1833 10.74473 1.08793 0.23902 1.79929 98 58 3 96 53 353 100.00000 0
241 1653 10.75470 3.12576 0.26420 1.59495 38 20 10 38 16 308 100.00000 0
777 1418 10.32235 3.07488 0.14577 2.48049 95 78 14 88 43 273 100.00000 0
238 1657 10.65313 3.10845 0.33062 1.56623 42 21 12 38 19 285 100.00000 0
4006 4060 11.14651 0.84740 0.06199 1.52777 93 74 15 87 55 289 100.00000 0
814 1405 11.43635 1.72554 0.29532 1.68818 53 38 3 45 22 246 100.00000 0
2469 3874 10.81255 1.72632 0.26159 2.54791 72 52 13 70 28 248 100.00000 0
28 1824 11.77994 1.41910 0.34983 2.82022 77 29 12 75 35 273 100.00000 0
164 1739 10.95904 3.13862 0.81499 2.03606 36 10 16 32 20 225 100.00000 0
2546 3866 10.75527 1.55958 0.26239 1.95565 40 21 10 38 15 167 100.00000 0
748 1471 10.47793 3.09120 0.19508 3.11470 30 12 11 24 9 212 100.00000 0
798 1397 10.22290 2.42608 0.19305 2.07188 60 42 6 60 31 233 100.00000 0
731 1464 11.20526 3.02467 0.96044 2.96531 43 35 4 41 10 203 100.00000 0
24 74 11.99104 1.35638 0.33920 2.50186 48 30 10 38 23 261 100.00000 0
258 1593 10.72677 1.67473 0.71510 1.99213 56 45 9 53 38 246 100.00000 0
2473 2526 11.84237 0.64603 0.66321 1.48885 70 49 14 66 23 229 100.00000 0
228 1637 11.19047 2.98773 0.31808 3.22294 43 21 9 36 14 346 100.00000 0
1912 1964 11.24225 1.41212 0.21697 2.11081 84 59 18 80 50 320 100.00000 0
790 1401 11.60937 2.78097 0.25782 1.19419 39 23 4 37 18 204 100.00000 0
65 1811 11.99646 2.40815 0.65210 4.19330 41 11 4 36 12 291 100.00000 0
799 1433 11.09755 2.33161 0.63068 2.86758 62 43 15 56 28 267 100.00000 0
2494 3858 11.24619 2.33816 0.41976 2.99160 58 53 4 58 22 159 100.00000 0
36 1829 10.32213 1.22989 0.21237 1.47989 104 54 5 101 68 376 100.00000 0
2509 3856 11.30012 1.80352 0.29145 2.25811 85 72 11 85 36 240 100.00000 0
122 1780 11.88884 3.08297 0.13092 2.02023 38 17 11 36 14 327 100.00000 0
2539 3876 10.60069 1.37735 0.37127 2.32877 72 60 10 68 44 252 100.00000 0
32 1824 11.49686 1.41371 0.37869 2.50749 84 42 18 81 37 325 100.00000 0
773 1422 10.60115 3.06406 0.09373 2.01169 70 49 12 68 30 256 100.00000 0
44 1849 11.44283 0.43344 0.27825 1.69950 33 17 8 23 13 269 100.00000 0
47 1823 10.83041 1.52392 0.30601 1.82949 67 26 3 67 37 290 100.00000 0
795 1396 11.74745 2.56474 0.28747 1.80580 32 20 5 30 16 159 100.00000 0
2546 3874 11.94770 1.50451 0.28819 2.12615 54 39 9 52 23 192 100.00000 0
2467 3873 11.21814 1.70371 0.16332 2.64116 80 62 14 78 32 196 100.00000 0
692 1507 10.50455 1.41881 0.17678 2.22317 79 64 8 77 50 262 100.00000 0
172 1731 10.12747 3.12913 0.27386 1.65942 59 35 7 53 33 274 100.00000 0
714 1477 10.48466 2.33867 0.09020 1.03779 97 76 16 97 59 273 100.00000 0
169 1734 10.44423 3.13289 0.20614 2.19802 42 21 13 35 21 226 100.00000 0
1920 1970 10.25627 1.07698 0.17909 1.43885 67 47 13 60 37 317 100.00000 0
128 1755 10.99779 3.11420 0.38256 2.14867 73 50 16 69 35 435 100.00000 0
769 1425 11.69638 3.06395 0.18876 2.04966 47 30 8 45 25 210 100.00000 0
239 1616 11.84019 2.34024 0.37747 2.66403 20 8 3 16 7 189 100.00000 0
229 1636 10.74775 2.95634 0.27346 2.91766 41 27 4 41 21 360 100.00000 0
766 1454 11.72160 3.10575 0.16234 3.45117 47 30 11 47 22 221 100.00000 0
250 1639 10.59495 3.01054 0.54618 1.94320 57 24 7 49 28 343 100.00000 0
95 1818 11.97948 3.11935 0.55648 3.03809 38 19 2 31 22 213 100.00000 0
689 1504 11.89823 1.41251 0.30288 1.84991 87 59 15 79 36 265 100.00000 0
87 1841 10.81547 2.37148 0.28324 2.30715 31 7 4 29 16 147 100.00000 0
238 1619 11.62750 2.44209 0.48198 3.14498 27 5 4 27 9 244 100.00000 0
719 1517 11.15961 2.51282 0.06141 0.95573 53 39 9 47 32 200 100.00000 0
242 1610 11.17539 2.10787 0.28528 3.22938 34 9 1 28 8 215 100.00000 0
41 1847 10.93038 0.48397 0.21597 2.09443 32 17 5 23 11 262 100.00000 0
183 1703 10.28267 3.12609 0.41434 2.80324 49 12 4 41 16 182 100.00000 0
134 1768 11.65296 3.13946 0.52271 1.54053 41 33 4 41 17 366 100.00000 0
736 1459 11.98873 3.13613 0.27669 2.97927 51 38 9 49 26 233 100.00000 0
742 1483 11.93997 3.14075 0.97207 2.12633 60 47 5 56 30 219 100.00000 0
3985 4049 10.28654 0.86030 0.22632 1.29392 105 90 12 98 61 296 100.00000 0
796 1396 11.38104 2.52014 0.27469 1.90701 17 11 1 17 12 86 100.00000 0
754 1464 10.25263 3.08156 0.16880 2.61943 63 42 18 63 29 373 100.00000 0
30 1846 11.85410 0.50589 0.14454 2.15940 28 15 9 25 11 177 100.00000 0
92 1789 10.95972 3.13920 0.51599 3.02336 56 45 5 43 29 265 100.00000 0
810 1425 11.85194 1.88316 0.34212 1.36257 63 47 12 63 40 236 100.00000 0
235 1625 11.58277 2.67429 0.27284 2.34552 53 30 5 51 28 282 100.00000 0
253 1592 10.31764 1.66572 0.27204 2.10859 33 18 3 28 13 206 100.00000 0
751 1468 11.00600 3.07857 0.35224 3.47367 41 17 5 31 13 214 100.00000 0
809 1395 10.86295 1.87852 0.34320 1.12222 73 44 8 71 39 273 100.00000 0
241 1610 11.95953 2.10807 0.65552 2.87766 35 14 1 24 5 258 100.00000 0
202 1701 11.37262 3.13492 0.54546 3.35345 79 1 2 77 23 423 100.00000 0
693 1508 10.12015 1.43227 0.17724 2.43011 56 42 10 54 28 247 100.00000 0
36 1827 10.65459 1.30314 0.14774 1.55520 86 25 7 84 56 355 100.00000 0
22 1827 11.89350 1.32124 0.15767 2.55328 108 35 5 100 62 321 100.00000 0
157 1745 10.34566 3.13266 0.40170 2.46164 29 10 6 19 9 270 100.00000 0
689 1506 11.91199 1.40185 0.31982 1.86425 79 63 10 74 39 243 100.00000 0
31 1836 10.08956 0.94988 0.08999 1.38988 77 43 18 73 44 327 100.00000 0
1909 1960 11.78008 1.45372 0.18128 1.93876 66 56 10 66 37 326 100.00000 0
45 1821 11.51536 1.54494 0.18394 1.60596 81 58 19 79 43 311 100.00000 0
708 1521 11.38928 2.02187 0.13132 0.75692 137 116 17 135 87 325 100.00000 0
221 1650 11.71287 3.12485 0.19422 2.12339 44 34 6 39 24 320 100.00000 0
702 1484 11.02941 1.81443 0.22353 0.68300 86 61 10 84 51 308 100.00000 0
48 1825 10.23154 1.49288 0.05468 1.40361 89 58 7 80 60 351 100.00000 0
2129 2183 11.53087 1.48958 0.37362 3.67418 12 9 2 12 7 76 100.00000 0
776 1419 10.37950 3.06622 0.40645 2.45192 110 95 8 101 60 283 100.00000 0
261 1622 11.94723 2.54572 0.98535 2.62600 51 10 1 47 23 297 100.00000 0
263 1608 11.90766 2.04267 0.98048 2.51746 52 39 10 52 30 283 100.00000 0
691 1498 11.36102 1.46338 0.13489 1.46847 94 72 14 92 60 296 100.00000 0
2482 3877 10.52515 2.02142 0.48361 2.84331 70 52 14 65 31 245 100.00000 0
83 1851 11.38382 1.98058 0.24473 2.28396 52 26 12 48 26 279 100.00000 0
730 1464 11.94796 2.99989 0.58979 2.74224 56 49 6 54 39 203 100.00000 0
2507 3877 11.68887 1.83394 0.47650 4.07218 60 43 13 56 20 182 100.00000 0
782 1442 10.88623 2.98671 0.63150 2.53173 40 7 5 34 17 252 100.00000 0
2477 3877 10.86826 1.88443 0.11368 2.30461 106 90 13 100 41 301 100.00000 0
746 1450 11.57539 3.10554 0.19676 2.54668 47 30 5 47 14 316 100.00000 0
33 1843 10.58965 0.60252 0.42151 2.08619 54 23 4 47 31 262 100.00000 0
135 1766 10.40348 3.14045 0.32793 1.61253 27 15 2 22 14 112 100.00000 0
770 1425 10.89268 3.06824 0.12957 2.24455 36 23 2 34 22 172 100.00000 0
800 1393 11.49277 2.33850 0.17962 2.29678 38 23 7 36 21 160 100.00000 0
23 1835 11.08404 1.00802 0.33978 2.07188 68 31 12 66 30 295 100.00000 0
805 1430 11.90323 2.06224 0.21758 1.71349 55 37 11 50 26 263 100.00000 0
76 1856 10.61164 1.63661 0.25081 3.64690 40 33 6 40 14 193 100.00000 0
26 1842 11.24982 0.66572 0.26138 2.01441 45 22 11 45 24 209 100.00000 0
247 1645 11.33900 3.11734 0.27015 1.96344 38 12 4 32 16 285 100.00000 0
794 1435 10.39528 2.54263 0.51389 2.44809 61 43 7 59 19 265 100.00000 0
724 1512 10.57137 2.70496 0.19327 1.73821 66 62 3 64 49 276 100.00000 0
2475 2527 11.47286 0.69885 0.33074 1.65280 71 50 18 69 36 254 100.00000 0
30 1829 10.74847 1.23410 0.16827 1.67070 83 51 3 73 55 310 100.00000 0
3983 4047 10.39995 0.80786 0.12343 0.82472 110 85 18 108 74 304 100.00000 0
1921 1976 11.93919 1.03813 0.14706 1.04343 69 49 13 67 44 285 100.00000 0
732 1500 10.22154 3.00330 0.11394 3.10980 43 30 6 35 18 212 100.00000 0
1917 1970 11.11806 1.21606 0.25201 1.49933 68 50 13 66 38 296 100.00000 0
253 1635 10.97831 2.89834 0.14522 1.65256 42 31 7 38 19 303 100.00000 0
261 1601 10.74862 1.83826 0.84178 2.03721 37 17 14 30 13 214 100.00000 0
43 1824 10.87030 1.44927 0.12698 1.71509 81 56 7 72 42 345 100.00000 0
3993 4058 11.94038 1.01521 0.05983 0.90352 98 80 11 94 70 288 100.00000 0
693 1496 10.83800 1.49815 0.07744 2.06317 105 81 12 101 65 283 100.00000 0
811 1397 11.06975 1.79320 0.19882 0.97558 67 46 11 58 41 261 100.00000 0
722 1515 11.27853 2.63641 0.14489 0.84950 47 31 7 45 26 221 100.00000 0
238 1621 10.78799 2.52845 0.46123 2.44617 28 17 9 26 12 246 100.00000 0
243 1606 11.45543 1.99002 0.42704 2.92289 29 6 2 25 8 227 100.00000 0
246 1647 11.62065 3.13605 0.47111 2.03182 46 18 6 43 29 301 100.00000 0
246 1598 11.31224 1.76964 0.23491 3.04645 26 7 5 16 6 161 100.00000 0
692 1498 10.93850 1.47240 0.12530 1.68702 83 66 9 80 44 284 100.00000 0
41 1822 11.48337 1.48404 0.21379 1.97497 70 38 7 66 33 307 100.00000 0
35 1829 10.38252 1.22900 0.11859 1.42382 101 42 3 97 71 397 100.00000 0
39 1845 10.48129 0.54484 0.23984 2.14958 53 32 16 47 17 241 100.00000 0
88 1793 10.80026 3.11060 1.84197 4.28679 54 9 8 54 14 228 100.00000 0
39 1821 11.84054 1.49341 0.11832 1.87053 70 45 13 66 28 303 100.00000 0
2475 2525 11.01814 0.68816 0.10032 1.67655 83 61 13 79 33 251 100.00000 0
248 1594 11.23981 1.71233 0.59228 3.35345 41 21 0 37 21 202 100.00000 0
702 1482 11.79513 1.81207 0.12135 0.90049 78 61 8 70 50 300 100.00000 0
114 1768 10.94061 3.06791 0.50847 1.80472 55 26 8 55 24 360 100.00000 0
697 1518 11.21772 1.53984 0.12790 1.33647 73 51 18 67 36 291 100.00000 0
28 1841 10.78248 0.70624 0.47835 1.95284 49 23 6 45 23 257 100.00000 0
2486 3861 10.61364 2.21568 0.10439 0.40926 96 75 15 96 66 295 100.00000 0
1913 1966 11.33390 1.37970 0.22780 1.81833 76 61 10 69 46 332 100.00000 0
