4788 7095 10.81350 3.14082 2.21098 0.83603 137 0 0 127 75 1137 100.00000 0
38 3387 11.50802 0.00420 2.41139 0.96266 121 0 0 119 103 374 100.00000 0
3300 8461 11.51975 0.00966 13.06959 11.83208 51 0 0 43 40 444 100.00000 0
17 3387 11.50802 0.00420 2.43182 0.53522 117 0 0 113 98 391 100.00000 0
1326 7027 10.51857 2.99876 2.04246 2.17960 121 0 0 109 47 1508 100.00000 0
42 3414 11.75156 0.02822 2.26550 1.04978 28 0 0 25 20 193 100.00000 0
4796 7122 11.95018 3.03352 2.07418 1.81035 33 0 0 28 21 504 100.00000 0
2698 5646 11.29122 0.15585 11.05651 17.89405 62 0 0 59 48 640 100.00000 0
45 100 11.49053 0.02079 2.50502 0.66264 17 0 0 17 13 233 100.00000 0
5217 6790 11.76252 3.13150 2.86125 8.03617 6 0 0 6 4 176 100.00000 0
5301 6767 11.10638 3.12139 11.23266 178.84090 8 0 0 6 3 161 100.00000 0
1250 7185 11.46706 2.97565 2.47849 2.47227 21 0 1 8 4 406 100.00000 0
4968 6996 11.42188 3.09670 10.15880 177.42960 36 0 0 17 12 713 100.00000 0
1366 6980 11.22658 3.09564 13.54833 177.36745 162 0 0 141 68 1529 100.00000 0
1541 6820 11.95588 3.13107 15.84506 15.94670 13 0 0 1 6 242 100.00000 0
4859 7081 11.68554 3.11619 8.24543 178.54357 24 0 0 13 11 645 100.00000 0
56 8547 11.75274 0.00574 2.15396 0.44675 61 0 0 61 46 337 100.00000 0
4758 7153 11.79342 3.11472 2.86549 5.23649 9 0 0 4 2 331 100.00000 0
4782 7130 10.77576 3.06593 2.00926 1.36831 39 0 0 35 23 454 100.00000 0
