0.01319 0.01977 0.00330
0.01638 0.03035 0.00295
0.01073 0.02411 0.01199
0.01493 0.02440 0.00171
0.01361 0.02365 0.01829
0.01240 0.02824 0.01147
0.01556 0.01851 0.00079
0.01702 0.02307 0.00270
0.01802 0.02093 0.00213
0.01250 0.01997 0.00139
0.01166 0.01934 0.00650
0.01212 0.01956 0.00277
0.00868 0.01432 0.00462
0.01204 0.01874 0.00785
0.01241 0.02207 0.01959
0.01075 0.01932 0.00857
0.02026 0.03332 0.00530
0.01418 0.02808 0.00364
0.01556 0.01861 0.01655
0.01154 0.02247 0.00962
0.01619 0.01750 0.00193
0.01625 0.02960 0.00200
0.01596 0.01899 0.00777
0.01015 0.01643 0.00116
0.01190 0.02021 0.00780
0.01411 0.01964 0.00071
0.01349 0.02184 0.00604
0.00906 0.01577 0.00659
0.01412 0.02467 0.00528
0.01135 0.01603 0.00132
0.01340 0.02142 0.01015
0.01123 0.01687 0.00127
0.01465 0.02729 0.00266
0.01283 0.02232 0.00771
0.01536 0.02613 0.01141
0.01729 0.02227 0.01572
0.01063 0.01669 0.00590
0.01272 0.01865 0.00731
0.02333 0.02331 0.01607
0.02007 0.02592 0.01612
0.01415 0.02632 0.01545
0.01096 0.01229 0.00092
0.01288 0.01886 0.00370
0.01293 0.02194 0.00568
0.01160 0.01809 0.00996
0.01436 0.02678 0.01434
0.02059 0.02815 0.00937
0.01550 0.02246 0.00988
0.01404 0.02734 0.00623
0.01414 0.03136 0.00998
0.01075 0.01594 0.00435
0.01323 0.02318 0.02026
0.01134 0.01775 0.00138
0.00958 0.01687 0.01037
0.00788 0.01223 0.00977
0.00829 0.01239 0.01366
0.01045 0.01525 0.01837
0.01232 0.02049 0.01741
0.01482 0.02758 0.01310
0.01137 0.01904 0.00176
0.01323 0.02890 0.00902
0.01210 0.01959 0.00691
0.00970 0.01495 0.00091
0.01193 0.02255 0.00626
0.01276 0.02709 0.00297
0.01238 0.02165 0.01001
0.01371 0.02395 0.00814
0.01028 0.01680 0.00913
0.01359 0.01592 0.01277
0.01271 0.01677 0.00273
0.01257 0.02294 0.00100
0.00916 0.01390 0.00679
0.00934 0.01518 0.00586
0.01744 0.02256 0.00928
0.02187 0.02333 0.00139
0.01070 0.01512 0.00144
0.01307 0.01649 0.00942
0.01132 0.01594 0.00176
0.01321 0.02209 0.01965
0.01697 0.02683 0.01312
0.02747 0.02562 0.01302
0.01161 0.01907 0.01493
0.01424 0.02674 0.00401
0.00974 0.01584 0.00878
0.01272 0.01894 0.01240
0.01609 0.01646 0.01861
0.01080 0.01792 0.00396
0.01109 0.01790 0.00870
0.01375 0.02696 0.00149
0.02552 0.02410 0.00266
0.01398 0.01711 0.00426
0.01090 0.01561 0.00156
0.00972 0.01495 0.00068
0.00912 0.01603 0.01753
0.01075 0.01550 0.00748
0.00819 0.01342 0.00082
0.01368 0.02447 0.01026
0.01416 0.02616 0.00937
0.01458 0.02645 0.00450
0.00875 0.01515 0.00126
0.01026 0.01580 0.00352
0.01334 0.01573 0.00640
0.01093 0.01738 0.00182
0.02196 0.01824 0.00640
0.01238 0.02184 0.00650
0.01393 0.02468 0.00214
0.01197 0.02037 0.00334
0.00904 0.01531 0.01592
0.01080 0.01905 0.01909
0.01261 0.02142 0.00374
0.01623 0.02395 0.00247
0.00880 0.01513 0.00137
0.01295 0.01660 0.01041
0.01343 0.02710 0.00177
0.01054 0.01803 0.00788
0.00916 0.01504 0.00140
0.00999 0.01593 0.00089
0.01690 0.02213 0.00085
0.01270 0.02096 0.01828
0.00969 0.01506 0.01847
0.02260 0.02253 0.01923
0.01267 0.02928 0.00758
0.01099 0.02134 0.00311
0.01371 0.01900 0.00245
0.00886 0.01519 0.00244
0.01549 0.02640 0.00098
0.01363 0.03075 0.00178
0.01205 0.02194 0.00696
0.01932 0.01930 0.01630
0.01101 0.01947 0.00699
0.01506 0.02295 0.00599
0.01084 0.01651 0.00241
0.01112 0.01730 0.00766
0.00926 0.01458 0.00094
0.01467 0.02706 0.00168
0.01268 0.02239 0.01904
0.01030 0.01741 0.00692
0.01060 0.01619 0.00585
0.01276 0.01794 0.01072
0.01179 0.02446 0.00119
0.03488 0.02724 0.00301
0.01338 0.02444 0.01471
0.01226 0.01972 0.00291
0.01564 0.01688 0.01883
0.01425 0.02849 0.00143
0.01957 0.02000 0.00938
0.00909 0.01345 0.00763
0.01252 0.02582 0.01009
0.01391 0.02946 0.01556
0.01259 0.02280 0.02012
0.01199 0.02262 0.01206
0.02475 0.02746 0.00356
0.01104 0.01609 0.01855
0.01111 0.01736 0.00150
0.01037 0.01715 0.00996
0.01512 0.02738 0.00606
0.01439 0.02652 0.01842
0.01823 0.02178 0.00238
0.01034 0.01939 0.00513
0.01065 0.01707 0.00816
0.00899 0.01524 0.00178
0.01640 0.02009 0.00797
0.01222 0.02468 0.01142
0.01155 0.01880 0.00400
0.01442 0.02509 0.00129
0.00898 0.01359 0.01046
0.01525 0.03604 0.00124
0.01284 0.02218 0.01414
0.01488 0.02404 0.01346
0.01035 0.01866 0.00609
0.02011 0.02582 0.00117
0.01112 0.01708 0.00132
0.01219 0.02462 0.00695
0.01500 0.02638 0.00936
0.00878 0.01330 0.00182
0.00994 0.02005 0.00874
0.01128 0.02329 0.01913
0.01228 0.02823 0.00424
0.01136 0.02091 0.00784
0.01357 0.03047 0.01080
0.01430 0.02903 0.00163
0.01331 0.03091 0.00711
0.01029 0.02034 0.00346
0.00963 0.01624 0.00836
0.01653 0.02695 0.01138
0.01269 0.01716 0.00366
0.00883 0.01437 0.01035
0.01264 0.02228 0.00149
0.00908 0.01401 0.00118
0.01146 0.01928 0.00278
0.01427 0.03339 0.02095
0.01272 0.02151 0.01705
0.01276 0.02198 0.00568
0.02734 0.02723 0.00500
0.01288 0.01562 0.01547
0.01032 0.01648 0.00183
0.01172 0.01701 0.00598
0.01449 0.02607 0.01263
0.00963 0.01544 0.00817
0.01209 0.02028 0.01762
