46 2458 10.93899 0.00085 0.13456 0.06853 41 32 9 30 19 167 100.00000 0
595 1365 11.63918 0.00886 0.08694 0.63551 35 31 1 29 18 128 100.00000 0
2 2410 10.83188 1.08332 0.23503 1.49646 80 72 8 80 45 217 100.00000 0
4 2341 10.62587 1.34239 0.28410 1.61107 87 79 7 87 46 250 100.00000 0
2375 2429 11.63953 1.09843 0.50114 1.83760 35 27 6 31 18 126 100.00000 0
2293 2351 11.73693 0.14199 0.07336 1.04230 79 69 9 75 35 236 100.00000 0
583 1353 11.11828 0.00704 0.07407 0.37742 40 36 1 23 14 119 100.00000 0
830 2600 11.72119 0.03361 0.11596 0.65252 53 38 14 41 17 169 100.00000 0
26 2320 11.85411 1.40166 0.40603 2.15195 28 24 4 28 9 109 100.00000 0
740 1474 11.04118 0.01730 0.12437 0.97639 73 65 8 69 43 186 100.00000 0
768 1540 11.46680 0.04711 0.26548 2.40875 46 37 9 44 23 117 100.00000 0
151 2525 10.88839 1.50885 0.21479 0.86321 47 43 3 41 25 138 100.00000 0
567 1306 11.93804 0.21390 0.24952 0.27554 18 17 1 18 10 60 100.00000 0
25 2341 10.58463 1.36991 0.41791 2.21505 38 30 8 38 15 157 100.00000 0
28 2409 10.76865 1.14760 0.52564 1.62630 40 27 13 38 11 130 100.00000 0
27 2409 10.05551 1.15001 0.49284 1.92091 28 23 4 26 9 96 100.00000 0
1 2373 11.80218 1.33674 0.43060 1.74518 61 55 6 58 33 185 100.00000 0
5 2398 10.22260 1.33467 0.31479 1.82048 67 63 4 65 29 237 100.00000 0
596 1342 10.87567 0.00974 0.14090 0.36045 37 36 1 29 19 113 100.00000 0
797 1571 10.72722 0.45146 0.21339 0.73701 30 27 3 30 17 142 100.00000 0
32 2416 11.69083 0.84080 0.20303 1.01876 73 64 9 69 42 181 100.00000 0
0 2404 11.97429 1.26074 0.35340 2.03240 77 66 11 74 39 204 100.00000 0
584 1329 11.44588 0.01643 0.55936 0.58950 23 13 6 18 7 84 100.00000 0
740 1496 10.92571 0.01624 0.25194 0.69549 48 46 2 46 19 164 100.00000 0
4 2383 10.65034 1.34265 0.04860 1.60523 83 76 7 83 44 231 100.00000 0
24 2361 10.04750 1.36643 0.57665 2.51092 29 27 2 27 10 104 100.00000 0
726 1481 10.03635 0.02048 0.04400 0.68528 101 98 2 98 56 247 100.00000 0
1564 2566 10.70175 1.50673 0.49378 2.31765 52 49 3 48 26 145 100.00000 0
1 2375 11.79752 1.33567 0.55699 1.73776 59 57 2 57 30 185 100.00000 0
2360 2428 10.98106 1.06656 0.37015 1.53672 34 27 5 27 17 127 100.00000 0
712 1470 11.73819 0.02236 0.14896 0.54823 84 78 6 80 53 243 100.00000 0
681 1423 10.40942 0.01884 0.29777 0.34264 78 65 12 76 37 193 100.00000 0
583 1329 10.58680 0.01714 0.11351 0.60328 33 25 5 23 13 112 100.00000 0
919 2637 11.19761 1.57544 0.11919 1.20982 20 20 0 18 10 75 100.00000 0
1535 2585 11.70529 1.43565 0.60726 1.90002 44 43 1 44 26 147 100.00000 0
817 1528 10.77377 1.18721 0.15338 1.08787 56 54 2 52 30 192 100.00000 0
825 1568 11.70404 1.50176 0.16968 1.22429 41 37 4 37 23 148 100.00000 0
139 2526 10.04170 0.99317 0.26836 1.16096 46 42 4 41 22 144 100.00000 0
824 1549 11.47331 1.45764 0.39152 1.10712 38 28 2 33 18 148 100.00000 0
2300 2416 11.82551 0.67374 0.40334 2.16754 78 67 11 76 33 254 100.00000 0
24 2358 10.03758 1.36668 0.15335 2.48239 29 25 4 29 10 133 100.00000 0
515 1293 11.25712 2.67819 0.33175 2.63255 52 39 12 49 20 147 100.00000 0
708 1466 11.15262 0.02371 0.19180 0.40830 79 72 6 65 47 229 100.00000 0
745 1503 11.94916 0.06552 0.09954 0.47313 33 21 11 26 9 125 100.00000 0
866 2628 10.76031 0.04720 0.35861 1.47645 25 23 1 23 13 100 100.00000 0
2 2341 11.38150 1.33852 0.39854 1.69119 76 70 6 76 39 220 100.00000 0
2 2387 11.40851 1.33970 0.45144 1.68423 69 64 5 67 33 204 100.00000 0
884 2637 10.26543 0.12983 0.36614 1.05573 21 19 2 16 9 80 100.00000 0
543 1280 11.67295 1.66358 1.31146 2.64042 8 1 1 3 3 47 100.00000 0
643 1388 10.37749 0.02097 0.18017 0.64163 59 46 9 47 25 166 100.00000 0
824 1552 11.17464 1.47307 0.23171 0.66793 49 46 3 47 27 153 100.00000 0
773 1549 10.26261 0.04022 0.72907 2.06942 56 49 6 51 20 151 100.00000 0
841 2587 11.54700 0.01892 0.08793 0.54104 72 67 5 72 40 193 100.00000 0
26 2339 11.16932 1.36647 0.81414 2.02970 25 20 5 23 9 118 100.00000 0
25 2382 10.59903 1.36948 0.68450 2.26745 39 34 5 37 12 156 100.00000 0
1521 2575 10.17923 1.40703 0.34261 2.40501 36 32 4 34 12 120 100.00000 0
775 1557 11.67465 0.07071 0.88198 2.63656 35 30 2 29 19 88 100.00000 0
0 2406 11.87292 1.21274 0.23928 2.01907 77 71 6 74 40 188 100.00000 0
822 1540 11.25692 1.38793 0.17347 0.76617 63 58 5 59 36 165 100.00000 0
1576 2577 10.81003 1.51538 0.14468 0.60587 53 46 7 51 29 219 100.00000 0
2362 2427 10.32198 1.02867 0.83598 1.41278 32 26 5 26 15 127 100.00000 0
104 2514 10.79346 0.06914 1.08192 1.81639 38 34 4 33 15 122 100.00000 0
565 1303 11.90033 0.35548 0.17603 0.74546 21 13 3 6 7 74 100.00000 0
573 1317 10.50901 0.02034 0.17805 0.70276 43 35 5 38 22 146 100.00000 0
546 1326 11.65109 0.17241 0.14050 1.71486 32 23 8 28 14 88 100.00000 0
737 1493 11.13119 0.02668 0.11652 0.46897 44 39 4 40 23 137 100.00000 0
563 1336 11.37131 0.13468 0.30222 2.19785 17 14 1 11 8 75 100.00000 0
24 2336 10.03906 1.36620 0.24889 2.50530 25 22 3 22 7 88 100.00000 0
23 2315 11.47313 1.48938 0.61719 3.11948 31 26 5 28 12 100 100.00000 0
25 2365 10.58384 1.36866 0.33795 2.21964 39 32 7 35 16 157 100.00000 0
529 1282 11.26956 2.44269 0.93799 2.96834 24 22 2 21 12 64 100.00000 0
737 1471 11.66466 0.01107 0.08771 0.72524 60 53 4 55 32 168 100.00000 0
865 2604 11.63693 0.01499 0.13937 0.18131 58 51 7 58 31 178 100.00000 0
2293 2376 11.71953 0.14188 0.47014 1.06459 67 61 6 65 30 237 100.00000 0
17 2309 11.65034 1.51767 0.31716 2.51622 60 47 13 58 27 198 100.00000 0
752 1510 11.02960 0.13390 0.18886 1.42464 52 46 6 46 32 156 100.00000 0
27 2389 11.81937 1.36719 0.15325 1.87346 34 27 7 32 12 98 100.00000 0
586 1331 11.58355 0.01549 0.32684 1.51491 37 27 1 24 19 112 100.00000 0
789 1566 10.03461 0.22545 0.06716 1.07155 43 37 6 41 24 160 100.00000 0
769 1543 11.40710 0.04528 0.15870 2.51388 41 38 2 32 22 106 100.00000 0
27 2375 11.80736 1.36562 0.21765 1.82199 26 22 4 26 14 101 100.00000 0
799 1513 11.78918 0.37536 0.12796 0.92366 35 33 1 30 16 128 100.00000 0
27 2331 11.81117 1.36477 0.59197 1.95244 26 22 4 26 11 77 100.00000 0
2341 2429 11.63297 1.10052 0.49035 1.88471 24 14 10 19 6 115 100.00000 0
1532 2584 11.23132 1.43172 0.67327 2.41719 44 43 0 41 18 111 100.00000 0
792 2565 11.47370 1.20942 0.61756 1.81618 37 35 0 32 15 118 100.00000 0
5 2387 10.29263 1.34510 0.34475 1.59201 92 81 11 90 55 270 100.00000 0
624 1368 11.41175 0.01324 0.22019 0.31652 42 38 3 31 14 132 100.00000 0
793 2566 10.57228 1.18263 0.55635 1.94199 40 38 0 40 24 135 100.00000 0
916 2627 11.62152 1.45207 0.20722 1.81013 21 19 2 19 10 59 100.00000 0
788 1566 10.38221 0.20558 0.40998 1.39998 58 54 2 48 36 167 100.00000 0
542 1323 10.85830 0.35420 0.12925 2.43558 20 16 4 15 11 85 100.00000 0
4 2393 10.63482 1.34212 0.31914 1.67771 103 96 6 101 53 261 100.00000 0
520 1313 10.65331 1.63807 0.30310 3.48324 31 27 4 31 14 111 100.00000 0
856 2620 10.82168 0.01847 0.12104 0.18767 42 39 3 42 24 142 100.00000 0
2293 2375 11.71962 0.14290 0.45411 1.02412 73 68 5 69 32 226 100.00000 0
849 2614 10.90120 0.00592 0.17289 0.30901 46 38 8 44 23 146 100.00000 0
27 2343 11.79208 1.36450 0.17063 1.84419 25 21 4 25 12 97 100.00000 0
3 2354 11.00165 1.34195 0.33939 1.64568 72 66 6 72 38 205 100.00000 0
28 2442 10.81052 0.02036 0.64898 0.86230 61 58 3 59 27 164 100.00000 0
1519 2578 11.66793 1.39084 0.53393 2.72419 20 14 3 16 4 70 100.00000 0
774 1500 11.20667 0.02587 0.19793 1.06165 43 36 6 40 31 146 100.00000 0
0 2405 11.92305 1.23969 0.39530 2.05367 72 65 7 70 39 171 100.00000 0
2 2347 11.37986 1.33622 0.47042 1.68980 69 60 8 65 43 199 100.00000 0
1 2372 11.80754 1.34093 0.48845 1.75167 67 60 6 64 38 181 100.00000 0
1523 2579 10.16952 1.40160 0.72805 2.81327 36 35 1 29 12 119 100.00000 0
55 2466 10.34770 0.01323 0.14950 0.76464 61 58 2 54 39 191 100.00000 0
822 2574 11.39987 0.06396 0.15949 0.92493 55 47 6 49 33 149 100.00000 0
854 2597 11.06671 0.01489 0.18070 0.70499 36 28 8 36 15 140 100.00000 0
1518 2576 11.77089 1.39266 0.69682 2.47623 20 17 1 13 7 70 100.00000 0
31 2415 11.20437 0.88999 0.13719 1.15386 86 78 7 86 51 225 100.00000 0
509 1304 11.72909 2.16563 0.96989 4.17392 27 21 1 16 13 76 100.00000 0
618 1386 11.13316 0.00832 0.19055 0.41684 55 48 7 55 31 140 100.00000 0
763 1491 11.86349 0.03237 0.55998 0.44235 38 31 5 34 13 152 100.00000 0
2359 2427 10.31873 1.02897 0.31926 1.39998 40 36 4 36 18 149 100.00000 0
747 1479 11.67712 0.01548 0.16105 0.66793 48 40 7 37 18 151 100.00000 0
513 1306 10.36536 2.04343 0.45984 3.09908 18 13 3 12 5 86 100.00000 0
787 2566 10.96029 1.32212 0.44784 2.59857 27 22 4 17 9 90 100.00000 0
802 2567 10.37612 0.88837 0.30463 1.57446 45 38 5 39 23 136 100.00000 0
2365 2427 10.31003 1.02748 0.47262 1.43531 35 24 9 23 11 153 100.00000 0
751 1483 10.77079 0.01507 0.10792 0.74808 37 34 3 27 19 140 100.00000 0
4 2417 10.55067 0.76945 0.07647 1.11698 98 87 11 98 51 283 100.00000 0
4 2403 10.36711 1.28480 0.19209 2.05500 68 61 7 68 34 213 100.00000 0
2295 2384 10.42894 0.14259 0.07523 0.77278 92 80 11 82 41 274 100.00000 0
12 2311 11.15060 1.50528 0.10167 1.76879 83 75 8 83 38 263 100.00000 0
66 2458 10.53798 0.00285 0.19506 0.11191 58 57 1 55 34 199 100.00000 0
2342 2427 10.31183 1.02909 0.43844 1.40778 30 25 5 25 11 127 100.00000 0
766 1536 11.96242 0.05261 0.53375 2.41800 32 27 4 26 15 93 100.00000 0
612 1357 10.91410 0.00355 0.11379 0.13122 40 33 7 30 19 158 100.00000 0
581 1351 11.02611 0.01117 0.42743 0.30647 28 21 1 13 9 117 100.00000 0
607 1353 10.27421 0.00539 0.11228 0.31775 67 61 4 61 36 172 100.00000 0
823 1539 11.92658 1.41236 0.38646 1.15893 50 38 8 38 26 164 100.00000 0
612 1381 11.54455 0.01643 0.41789 0.50435 37 31 4 32 20 119 100.00000 0
825 1551 11.87165 1.48175 0.26955 0.70109 38 31 6 33 16 140 100.00000 0
766 1532 11.10990 0.05289 0.36228 2.33263 41 40 0 35 30 120 100.00000 0
2349 2429 11.62844 1.10009 0.88431 1.93310 36 29 7 34 14 123 100.00000 0
640 1384 11.35806 0.03641 0.24150 0.23239 30 29 0 26 15 122 100.00000 0
786 1566 11.14171 0.17185 0.15267 1.36802 43 38 4 37 23 138 100.00000 0
909 2625 10.08337 1.20961 0.13554 1.75480 39 26 13 36 14 133 100.00000 0
2351 2429 11.62733 1.09946 0.13939 1.87722 25 19 6 23 7 112 100.00000 0
5 2388 10.28821 1.34143 0.08422 1.59520 80 72 8 78 34 270 100.00000 0
570 1311 11.60665 0.06447 0.10670 0.86003 46 41 4 46 27 124 100.00000 0
599 1344 11.70250 0.01072 0.78222 0.97438 22 17 1 10 9 125 100.00000 0
806 1573 10.08900 0.80071 0.17268 0.85088 52 48 4 48 33 205 100.00000 0
561 1300 10.59863 0.52653 0.28498 0.75381 31 26 5 24 16 119 100.00000 0
2 2396 11.37464 1.33109 0.35676 1.71600 57 48 9 53 25 202 100.00000 0
2 2327 11.37770 1.33784 0.46142 1.32559 75 67 8 73 37 230 100.00000 0
513 1303 10.13627 2.19268 0.67908 3.08096 22 18 2 15 9 89 100.00000 0
814 2571 10.15425 0.38129 0.20144 0.61421 36 30 5 31 19 132 100.00000 0
121 2500 11.93792 0.15387 0.21658 1.14295 60 59 1 60 33 181 100.00000 0
26 2373 11.16690 1.36603 0.21457 2.06621 36 27 8 31 14 143 100.00000 0
3 2402 10.81171 1.29859 0.20270 2.07188 47 36 11 45 20 179 100.00000 0
780 2567 11.83630 1.41893 0.74188 3.72752 4 0 1 1 2 32 100.00000 0
545 1284 10.09625 1.52196 0.25396 1.41195 28 22 5 23 18 83 100.00000 0
581 1326 11.13531 0.01596 0.29510 0.85455 19 13 5 19 11 60 100.00000 0
1554 2565 11.13388 1.49976 0.08621 0.98118 52 50 1 50 34 170 100.00000 0
528 1283 10.98001 2.48471 0.89922 2.93505 26 21 3 22 8 74 100.00000 0
2 2353 11.39246 1.33481 0.46418 1.72828 76 68 7 74 36 204 100.00000 0
600 1346 10.68940 0.00999 0.26218 0.99071 35 33 1 29 23 112 100.00000 0
7 2312 11.79154 1.49298 0.76884 2.37735 69 63 6 66 31 186 100.00000 0
2294 2391 11.04337 0.13987 0.50667 1.00483 77 67 9 72 29 249 100.00000 0
1523 2580 10.64905 1.40371 0.41995 2.98373 40 33 5 32 9 110 100.00000 0
27 2324 11.90775 1.37116 0.20773 1.45104 21 17 4 19 10 87 100.00000 0
2299 2409 10.01077 0.36506 0.10443 1.06643 101 93 8 97 55 289 100.00000 0
588 1333 11.71107 0.01540 0.17522 0.40251 26 20 6 24 15 82 100.00000 0
616 1385 11.89989 0.00704 0.19632 0.36584 32 28 4 29 18 96 100.00000 0
577 1320 11.93913 0.01633 0.30185 0.66969 19 12 1 10 9 64 100.00000 0
527 1317 11.20113 1.25423 0.66277 3.19230 30 27 3 22 9 124 100.00000 0
746 1503 11.07246 0.06654 0.25271 0.40056 49 33 15 35 19 149 100.00000 0
563 1301 11.42933 0.46310 0.22955 1.19550 26 20 2 10 7 108 100.00000 0
610 1378 10.44543 0.01670 0.28205 0.31652 44 42 2 36 21 165 100.00000 0
2373 2427 10.31331 1.02771 0.50188 1.46714 30 26 4 28 14 129 100.00000 0
24 2392 10.04264 1.36657 0.73172 2.56078 31 27 4 28 11 105 100.00000 0
569 1340 10.72652 0.12411 0.28807 0.81948 28 20 6 21 12 101 100.00000 0
558 1333 11.84365 0.09345 0.76770 2.76796 11 9 0 7 3 52 100.00000 0
25 2381 10.59779 1.37083 0.21136 2.26399 34 27 7 30 11 127 100.00000 0
820 1575 11.90368 1.39391 0.29484 1.00015 38 31 7 36 13 138 100.00000 0
2 2401 11.26625 1.30930 0.13885 2.14813 55 43 12 51 26 171 100.00000 0
24 2345 10.04960 1.36710 0.32401 2.50374 33 28 5 33 11 125 100.00000 0
1 2388 11.81227 1.33527 0.55320 1.73212 67 63 4 65 37 223 100.00000 0
27 2381 11.81097 1.36864 0.10898 1.93957 24 20 4 21 7 92 100.00000 0
769 1542 11.20931 0.04515 0.17461 2.48317 62 57 5 60 32 144 100.00000 0
2293 2379 11.72207 0.14122 0.48284 1.00678 57 47 10 57 22 188 100.00000 0
695 1435 11.15665 0.01586 0.37432 0.34378 60 53 6 58 36 194 100.00000 0
59 2451 11.02260 0.01357 0.14759 0.59281 62 56 6 50 22 185 100.00000 0
2297 2407 10.64833 0.29433 0.24779 1.22589 86 80 6 84 40 267 100.00000 0
81 2472 11.09812 0.01802 0.15638 0.82945 37 37 0 30 21 115 100.00000 0
518 1289 11.62870 2.77427 0.44031 2.85677 65 54 5 44 31 148 100.00000 0
2322 2426 10.00644 1.01176 0.74831 1.24710 59 46 12 56 28 149 100.00000 0
597 1343 10.85277 0.01101 0.20935 0.68185 29 27 2 27 15 108 100.00000 0
27 2369 11.80023 1.36692 0.85911 1.84058 20 15 5 18 11 87 100.00000 0
26 2403 10.62914 1.30953 0.40643 2.42673 31 26 5 29 16 129 100.00000 0
551 1287 10.59431 1.27589 0.14913 1.37743 29 29 0 23 19 75 100.00000 0
2294 2347 11.07012 0.14239 0.07948 0.93753 99 90 9 99 48 283 100.00000 0
7 2313 11.54238 1.48556 0.37647 2.25308 87 77 10 87 40 202 100.00000 0
119 2500 11.18993 0.09686 0.43919 1.34319 51 42 9 47 23 164 100.00000 0
30 2443 10.03865 0.02430 0.22338 0.93920 53 44 9 51 23 173 100.00000 0
883 2614 10.87805 0.06420 0.08866 0.23739 44 43 1 42 29 149 100.00000 0
2 2342 11.38481 1.33888 0.19099 1.69628 53 46 7 47 28 202 100.00000 0
