0.02023 0.02423 0.00297
0.02646 0.03416 0.02157
0.01797 0.02362 0.01204
0.02102 0.02214 0.01942
0.01521 0.02124 0.00730
0.00644 0.01118 0.01508
0.01202 0.02053 0.00940
0.00924 0.01190 0.02052
0.01271 0.02504 0.01989
0.01297 0.02535 0.01988
0.01538 0.02740 0.01328
0.01252 0.02311 0.02074
0.01911 0.03023 0.01918
0.00805 0.01060 0.00209
0.01824 0.01719 0.00123
0.02113 0.02669 0.01875
0.01281 0.02731 0.01213
0.00649 0.00934 0.01834
0.01743 0.02424 0.01575
0.00840 0.01380 0.00280
0.00144 0.00240 0.00045
0.00932 0.01003 0.00058
0.00289 0.00394 0.00036
0.01267 0.02438 0.02104
0.00644 0.00894 0.00054
0.02209 0.04348 0.02010
0.00423 0.00492 0.01560
0.00893 0.01418 0.00375
0.01627 0.03206 0.00699
0.00889 0.01010 0.00114
0.02050 0.02333 0.00961
0.01884 0.02635 0.02396
0.01280 0.01877 0.01841
0.01373 0.01906 0.01679
0.01652 0.02807 0.02041
0.01045 0.01361 0.00704
0.01309 0.02355 0.01128
0.01900 0.01975 0.00254
0.00662 0.01299 0.02177
0.00618 0.00811 0.00459
0.01238 0.01926 0.00571
0.01833 0.02801 0.01764
0.00995 0.01490 0.02556
0.00792 0.01029 0.00272
0.00552 0.00840 0.00219
0.01510 0.02422 0.02201
0.00352 0.00370 0.00883
0.01635 0.02121 0.01423
0.01381 0.02491 0.01937
0.00968 0.01399 0.03509
0.00939 0.01333 0.00087
0.00549 0.00863 0.00089
0.00174 0.00254 0.01647
0.00639 0.01026 0.00315
0.00748 0.01162 0.01982
0.00737 0.01227 0.00289
0.01126 0.01089 0.00324
0.00850 0.01130 0.00201
0.00756 0.00910 0.00996
0.01538 0.01795 0.00872
0.01300 0.02441 0.01830
0.00777 0.01127 0.02342
0.01421 0.02442 0.00139
0.00778 0.00882 0.01364
0.01240 0.01971 0.00612
0.00699 0.00927 0.01373
0.01157 0.01599 0.00612
0.01260 0.02205 0.00824
0.00444 0.00422 0.00342
0.00596 0.00923 0.00047
0.00876 0.01293 0.01827
0.01287 0.02387 0.00736
0.00421 0.00544 0.01282
0.00545 0.00762 0.02282
0.01026 0.01237 0.00649
0.01629 0.02297 0.01516
0.00434 0.00725 0.00327
0.00777 0.01291 0.02261
0.01315 0.02049 0.00395
0.00666 0.01169 0.01980
0.01833 0.04215 0.02059
0.01410 0.02475 0.01698
0.01731 0.01830 0.00638
0.00619 0.00593 0.01735
0.00780 0.01173 0.00606
0.01327 0.02446 0.02200
0.01749 0.02130 0.00704
0.01114 0.01315 0.02617
0.01085 0.01890 0.00214
0.03290 0.03659 0.00761
0.01301 0.01459 0.00330
0.00673 0.00850 0.00064
0.01256 0.01361 0.01919
0.01615 0.02352 0.02277
0.00875 0.01438 0.01189
0.00157 0.00179 0.01835
0.01096 0.01787 0.01883
0.00838 0.01023 0.00338
0.00458 0.00792 0.00172
0.01457 0.02944 0.01400
0.01439 0.02652 0.00675
0.01895 0.02934 0.01494
0.00915 0.01224 0.00095
0.01305 0.01758 0.00199
0.00678 0.01047 0.00498
0.01466 0.02413 0.01245
0.01843 0.02427 0.01744
0.00735 0.00852 0.01847
0.00920 0.01353 0.00329
0.00492 0.00647 0.02296
0.00761 0.00896 0.00735
0.00601 0.01034 0.00625
0.00171 0.00158 0.00176
0.02320 0.02363 0.00690
0.01909 0.02264 0.01856
0.01380 0.02484 0.00579
0.01891 0.02530 0.01912
0.00777 0.00984 0.02018
0.01223 0.02205 0.01651
0.00645 0.01271 0.01217
0.01323 0.02332 0.00962
0.01550 0.02271 0.01419
0.02432 0.02603 0.01800
0.01465 0.02498 0.00443
0.01513 0.01818 0.01901
0.00567 0.00806 0.02386
0.01592 0.02457 0.01596
0.01261 0.01847 0.00168
0.00699 0.01137 0.00225
0.01702 0.02240 0.01901
0.01428 0.02336 0.02059
0.01539 0.02208 0.00136
0.01857 0.01713 0.00079
0.00487 0.00787 0.00131
0.01293 0.02409 0.00573
0.01822 0.02440 0.01948
0.01288 0.02208 0.00830
0.01252 0.01332 0.01834
0.00561 0.00894 0.00725
0.01196 0.02151 0.02009
0.00787 0.01044 0.00757
0.01393 0.01951 0.01887
0.01333 0.02671 0.01980
0.00875 0.01430 0.00907
0.00841 0.01500 0.00319
0.00667 0.00834 0.00100
0.01312 0.02488 0.02176
0.01468 0.02524 0.00337
0.00812 0.01389 0.00131
0.01793 0.02097 0.00149
0.02326 0.03559 0.01595
0.01645 0.02397 0.02245
0.01060 0.01307 0.01083
0.01646 0.03714 0.02085
0.01303 0.02433 0.01137
0.00691 0.01070 0.00591
0.01290 0.02416 0.02293
0.00736 0.01191 0.00342
0.00443 0.00143 0.01827
0.00441 0.00785 0.00085
0.00474 0.00874 0.00058
0.00760 0.01043 0.02043
0.00728 0.01199 0.02134
0.00171 0.00182 0.02084
0.00528 0.00844 0.02227
0.00466 0.00768 0.00369
0.00780 0.00992 0.00122
0.00836 0.01138 0.00363
0.00263 0.00325 0.02833
0.00885 0.01586 0.00273
0.01371 0.02396 0.01339
0.00549 0.00814 0.00888
0.01311 0.02563 0.02005
0.01829 0.02480 0.00626
0.00597 0.00970 0.00208
0.00589 0.00804 0.00224
0.00528 0.00969 0.01418
0.00158 0.00204 0.01955
0.01473 0.02414 0.02090
0.00453 0.00788 0.00057
0.01298 0.02474 0.00761
0.01303 0.02532 0.02267
0.01357 0.02048 0.01899
0.01237 0.02389 0.01977
0.01390 0.02005 0.00589
0.02075 0.03263 0.02232
0.00360 0.00374 0.00046
0.01232 0.02187 0.01955
0.01557 0.02579 0.01854
0.00998 0.01442 0.02640
0.01299 0.02402 0.00631
0.01566 0.03520 0.00218
0.01264 0.01942 0.02722
0.01193 0.02302 0.00445
0.01883 0.03603 0.00521
0.01921 0.02769 0.01414
0.01239 0.01973 0.00137
0.01170 0.02073 0.00424
0.01288 0.02462 0.02073
0.00689 0.01073 0.02922
