98 3788 11.81900 0.03819 0.70616 0.40251 29 0 0 27 21 462 100.00000 0
2678 5405 10.70459 0.01157 0.35923 0.67955 68 4 19 66 41 1237 100.00000 0
352 4110 10.52336 0.01361 0.44280 0.27411 57 2 7 54 46 364 100.00000 0
459 3982 10.49489 0.01009 0.49791 0.53522 29 0 2 25 21 378 100.00000 0
346 709 11.50833 0.00719 0.37865 0.61548 28 0 4 23 16 348 100.00000 0
3265 6154 10.01053 0.00986 0.53889 0.83883 45 1 2 43 29 349 100.00000 0
555 976 11.26895 0.00154 0.43940 0.59610 55 4 1 49 42 566 100.00000 0
531 976 11.26895 0.00154 0.43892 0.10468 35 0 3 31 19 437 100.00000 0
420 975 10.76826 0.00183 0.48919 0.12195 50 0 0 46 33 476 100.00000 0
7754 7810 11.31788 0.72617 1.68247 2.20886 19 0 0 15 5 187 100.00000 0
3018 5736 10.49427 0.04344 0.41812 0.70332 68 0 3 58 40 501 100.00000 0
2471 5270 11.33786 0.30847 0.37808 2.06715 20 0 1 15 7 147 100.00000 0
1358 4519 11.79033 0.00498 0.33873 0.76923 35 1 6 28 22 415 100.00000 0
614 975 10.76826 0.00183 0.33730 0.22381 41 6 2 33 28 437 100.00000 0
734 4172 10.02836 0.01118 0.54933 0.44411 52 0 1 41 32 556 100.00000 0
758 4172 10.03026 0.01108 0.45544 0.51964 61 2 10 53 43 496 100.00000 0
2424 5270 11.33786 0.30847 0.31829 2.02758 20 0 4 14 14 174 100.00000 0
497 976 11.26895 0.00154 0.49930 0.58684 39 1 1 37 26 472 100.00000 0
2843 5563 11.77477 0.05659 0.33351 0.95818 32 1 2 28 18 511 100.00000 0
458 4171 10.79933 0.01107 0.61822 0.37846 38 0 0 38 30 490 100.00000 0
345 476 11.74965 0.00708 0.66768 0.47478 31 1 0 27 20 331 100.00000 0
1211 4394 11.01681 0.01370 0.45529 0.72036 45 1 13 43 37 561 100.00000 0
1591 4756 11.77052 0.01505 0.40929 0.64891 28 1 6 28 22 326 100.00000 0
1033 4214 11.50809 0.00802 0.43175 0.49575 75 2 4 73 62 509 100.00000 0
2429 5323 11.68318 0.82280 0.48574 2.75591 22 0 2 19 6 228 100.00000 0
898 980 11.77208 0.00498 0.48190 0.28804 38 0 2 34 21 437 100.00000 0
1497 4649 10.80174 0.00434 0.40908 0.28255 51 0 5 47 37 418 100.00000 0
2287 5313 11.57005 0.70560 0.72415 1.84186 24 0 0 18 13 242 100.00000 0
2172 2321 11.33265 0.27787 0.93109 1.70823 19 0 3 10 9 178 100.00000 0
3246 6020 10.39814 0.01340 0.64145 0.22900 27 0 0 19 14 369 100.00000 0
3053 5787 10.69800 0.01198 0.43613 0.64346 65 1 7 63 50 565 100.00000 0
2472 2581 11.22698 0.77641 0.63114 2.70602 27 0 1 22 11 214 100.00000 0
392 974 10.01406 0.00381 0.37392 0.23070 47 2 2 45 33 549 100.00000 0
3153 5872 11.09845 0.04461 0.44984 1.28420 23 0 2 19 14 315 100.00000 0
345 660 11.74965 0.00708 0.66692 0.42336 30 0 0 27 21 367 100.00000 0
7104 7204 11.73924 0.02765 0.77650 0.52489 14 0 0 12 7 216 100.00000 0
3681 7171 10.72075 0.15561 0.32247 1.02717 11 1 1 7 3 152 100.00000 0
2268 2564 11.48797 0.58047 0.48374 1.73979 36 2 0 36 22 249 100.00000 0
2476 5321 10.45620 0.77092 0.46377 3.10135 15 0 0 7 4 251 100.00000 0
2411 5323 11.68318 0.82280 0.80397 2.72821 31 0 0 29 16 213 100.00000 0
1697 4865 10.52734 0.00414 0.25503 0.22728 54 4 3 54 40 355 100.00000 0
2218 5305 10.48793 0.48154 0.20634 0.48376 35 5 9 35 25 219 100.00000 0
2184 5300 10.80906 0.35654 0.11828 1.53315 16 1 2 12 5 126 100.00000 0
3231 6009 10.25562 0.04391 0.92091 0.46055 48 0 0 42 34 456 100.00000 0
733 979 11.51780 0.00406 0.87781 0.24389 34 0 0 31 18 384 100.00000 0
2281 5312 11.91985 0.68669 0.73391 1.75881 13 0 1 13 4 195 100.00000 0
165 3828 10.68290 0.01326 0.33035 0.78185 71 4 7 65 54 687 100.00000 0
2420 5269 11.68981 0.30783 0.36066 2.17457 22 0 0 19 8 167 100.00000 0
337 3957 10.51725 0.00644 0.51788 0.47724 47 2 1 47 37 334 100.00000 0
1490 4643 10.03190 0.00777 0.41285 0.43341 33 2 7 33 25 347 100.00000 0
1007 4188 10.27012 0.01706 0.34236 0.46309 79 0 3 72 55 449 100.00000 0
1759 4933 10.45872 0.70154 0.24468 0.79179 42 6 2 32 27 225 100.00000 0
791 979 11.51970 0.00400 0.70539 0.25944 55 0 0 53 35 586 100.00000 0
2317 5270 10.63578 0.26030 1.77171 1.53161 31 0 4 29 11 242 100.00000 0
2495 5320 10.24209 0.74014 1.05551 3.05480 35 2 2 33 23 227 100.00000 0
632 3982 10.49489 0.01009 0.40134 0.51964 50 2 3 46 39 482 100.00000 0
2228 2559 10.88836 0.49447 0.51034 0.66852 21 0 1 19 14 138 100.00000 0
346 608 11.50244 0.00580 0.48204 0.68070 25 0 6 22 18 343 100.00000 0
2862 5582 11.64744 0.02020 0.45831 0.24066 35 0 1 31 22 543 100.00000 0
147 3815 11.45022 0.03145 0.24898 0.75692 76 1 2 72 55 610 100.00000 0
1397 4571 11.51180 0.00561 0.44314 0.52786 150 0 2 148 126 975 100.00000 0
1835 4974 10.05173 0.03954 0.41580 0.46814 43 3 4 38 27 291 100.00000 0
2320 5321 10.76751 0.80012 0.39658 2.55574 47 1 2 41 28 320 100.00000 0
404 977 11.52020 0.00049 0.19144 0.55178 40 4 3 36 25 491 100.00000 0
481 3982 10.49489 0.01009 0.79304 0.49099 16 0 1 8 5 298 100.00000 0
2622 5348 10.90531 0.02185 0.32580 1.27718 36 1 6 34 18 370 100.00000 0
3985 4106 11.26913 0.01135 0.51499 0.49575 58 1 3 54 37 465 100.00000 0
2565 5331 10.40103 0.58587 0.47976 1.90865 58 0 8 51 23 418 100.00000 0
5975 6038 11.10028 0.00458 0.89031 0.60133 38 0 0 38 25 498 100.00000 0
8038 8089 11.01070 0.43522 0.33446 3.00309 282 10 37 280 218 1279 100.00000 0
667 4173 11.79777 0.00987 0.70238 0.44850 28 0 0 26 22 404 100.00000 0
346 654 11.50244 0.00580 0.40203 0.38765 29 4 1 29 22 403 100.00000 0
148 3816 10.81143 0.02904 0.51198 0.58817 56 1 6 54 28 556 100.00000 0
2171 2500 11.86999 0.30255 0.91769 6.41552 20 5 3 3 9 238 100.00000 0
773 979 11.51970 0.00400 0.72615 0.27554 43 0 0 39 24 421 100.00000 0
540 974 10.01791 0.00258 0.43139 0.74125 47 0 2 45 38 463 100.00000 0
2455 5269 11.68981 0.30783 0.53467 1.91561 11 0 0 2 2 110 100.00000 0
2178 2503 10.26950 0.29786 1.05232 1.94360 11 0 1 8 3 124 100.00000 0
111 3795 10.50595 0.01434 0.70345 0.80842 38 0 0 34 25 533 100.00000 0
1251 4418 10.26327 0.01129 0.20109 0.79623 55 6 11 53 40 376 100.00000 0
460 4173 11.79777 0.00987 0.63531 0.35277 34 1 0 34 22 456 100.00000 0
457 3980 11.49638 0.01155 0.35433 0.62807 17 0 1 14 14 252 100.00000 0
777 3985 10.24876 0.00981 0.60421 0.54965 41 0 0 39 30 447 100.00000 0
981 4142 11.02953 0.01426 0.38883 0.55673 55 2 7 51 35 523 100.00000 0
239 3901 11.94909 0.07899 0.47907 1.04230 15 0 2 11 11 331 100.00000 0
4116 4174 10.00670 0.00664 0.30408 0.43341 61 3 3 59 47 527 100.00000 0
3094 5828 11.10592 0.02019 0.57252 1.54839 29 0 1 22 20 424 100.00000 0
5977 6036 10.10704 0.00608 0.56747 0.34150 46 2 2 37 26 552 100.00000 0
2172 2464 11.68279 0.30204 0.42835 1.96603 16 0 0 14 8 147 100.00000 0
812 978 10.77040 0.00229 0.27904 0.35498 34 0 0 30 21 504 100.00000 0
2511 2583 11.93117 0.82358 0.38587 2.62749 24 1 0 18 10 205 100.00000 0
1067 4264 11.51297 0.00305 0.35852 0.30901 158 10 35 155 140 674 100.00000 0
711 4170 10.03241 0.01130 0.38748 0.36584 63 2 3 57 47 521 100.00000 0
1359 4520 11.54538 0.00724 0.50601 0.54751 39 4 6 35 20 423 100.00000 0
4011 4171 11.77155 0.00644 0.55680 0.41117 56 1 0 52 33 467 100.00000 0
350 917 10.50898 0.00703 0.52034 0.44057 49 0 1 46 30 446 100.00000 0
848 3984 10.74879 0.01016 0.63552 0.56579 28 0 0 24 17 371 100.00000 0
8045 8108 11.99700 1.25167 0.34651 2.41751 155 1 1 147 116 695 100.00000 0
642 3979 11.99371 0.01255 0.54393 0.58684 20 1 0 18 12 296 100.00000 0
2328 5272 10.63939 0.30767 0.24879 1.99194 31 0 1 26 17 210 100.00000 0
1590 4754 10.06641 0.01400 0.64958 0.48457 39 0 3 39 28 322 100.00000 0
464 4170 10.30159 0.01147 0.51483 0.66500 45 0 2 45 31 490 100.00000 0
2312 5320 11.43827 0.82385 1.82668 2.25603 27 1 2 21 13 284 100.00000 0
2176 2437 10.80393 0.29947 0.43860 1.83291 22 0 1 17 9 168 100.00000 0
368 967 10.00277 0.01055 0.56408 0.65252 38 3 0 34 24 485 100.00000 0
3246 6014 10.43816 0.01363 0.88859 0.61739 21 0 0 19 13 328 100.00000 0
1553 4703 11.01707 0.02319 0.52572 0.31652 41 0 2 39 32 320 100.00000 0
889 979 11.51970 0.00400 0.63383 0.30647 47 0 0 43 33 566 100.00000 0
2335 2582 11.44621 0.80088 0.36715 2.62719 26 1 2 19 9 263 100.00000 0
2815 5536 11.68125 0.04535 0.48604 0.65790 35 2 1 35 25 718 100.00000 0
417 4172 11.29839 0.01034 0.47514 0.58283 42 0 0 31 28 445 100.00000 0
2359 5321 10.45620 0.77092 0.26946 2.83476 16 0 1 7 4 179 100.00000 0
925 976 10.00929 0.00120 0.42622 0.58950 68 1 3 68 56 531 100.00000 0
2337 5323 11.68318 0.82280 1.15985 2.91484 15 0 1 11 6 214 100.00000 0
6607 6923 10.24121 0.00750 0.56334 2.35800 39 0 0 33 25 380 100.00000 0
6605 7012 10.99721 0.00661 1.16850 5.03723 16 0 1 9 7 285 100.00000 0
2535 5271 11.68632 0.33918 0.96143 1.94219 16 0 0 11 6 178 100.00000 0
2175 2384 10.80392 0.29987 0.33640 1.90290 26 1 6 26 8 255 100.00000 0
2178 2468 10.26950 0.29786 1.64366 1.73551 10 0 0 8 3 140 100.00000 0
2267 2565 11.79055 0.60432 0.51896 1.47406 26 2 1 24 16 189 100.00000 0
364 4161 10.26025 0.01913 0.50019 0.83416 28 0 2 28 19 406 100.00000 0
2173 2440 11.32990 0.30114 1.09237 1.98820 19 0 1 16 6 199 100.00000 0
348 618 10.25119 0.00537 0.51347 0.42704 59 2 4 55 47 430 100.00000 0
829 976 10.00929 0.00120 0.37999 0.68528 43 2 3 36 23 516 100.00000 0
2521 5270 11.33786 0.30847 0.47692 2.07528 19 0 2 13 8 185 100.00000 0
983 4146 11.78416 0.01610 0.33396 0.72362 63 2 6 61 45 495 100.00000 0
6605 6975 10.99721 0.00661 0.66477 0.29608 27 0 1 27 19 328 100.00000 0
825 4173 10.53017 0.01052 0.52924 0.76617 33 2 0 29 21 503 100.00000 0
458 4173 11.79777 0.00987 0.60107 0.39762 29 0 1 29 18 441 100.00000 0
1266 4445 10.02312 0.01663 0.48326 0.44937 51 4 1 44 40 307 100.00000 0
4002 4166 11.51660 0.01168 0.42406 0.54321 34 2 1 34 22 427 100.00000 0
3703 7225 11.08056 0.76917 0.58056 1.02755 12 0 0 12 7 199 100.00000 0
2644 5371 11.79552 0.02474 0.60514 1.51594 31 1 2 25 18 404 100.00000 0
1793 4951 11.30203 0.21655 0.33825 1.52624 92 1 1 89 75 296 100.00000 0
350 897 10.50898 0.00703 0.55247 0.49575 40 0 1 34 25 410 100.00000 0
654 4170 10.30159 0.01147 0.52004 0.59215 51 0 2 51 30 533 100.00000 0
558 974 10.01791 0.00258 0.24120 0.06853 42 1 4 38 31 484 100.00000 0
350 743 10.50898 0.00703 0.73693 0.46730 31 0 0 31 23 334 100.00000 0
2422 5320 10.24209 0.74014 0.35470 3.14174 30 1 1 26 12 242 100.00000 0
351 4093 11.02224 0.01386 0.54134 0.50668 64 1 7 60 52 464 100.00000 0
2927 5646 10.06681 0.00285 0.31274 0.32984 51 1 3 51 36 402 100.00000 0
761 4175 11.52745 0.00992 0.55514 0.45970 40 0 1 38 25 412 100.00000 0
508 3982 10.49489 0.01009 0.44441 0.71873 32 1 5 30 23 377 100.00000 0
484 4170 10.30159 0.01147 0.44069 0.37534 48 1 1 42 29 497 100.00000 0
