0.02551 0.01532
0.02357 0.02234
0.01969 0.01595
0.02008 0.01419
0.00291 0.00311
0.00606 0.00632
0.02174 0.01886
0.01602 0.01731
0.02208 0.01464
0.01500 0.01253
0.03147 0.02168
0.02549 0.01664
0.01441 0.02161
0.02076 0.01356
0.00198 0.00210
0.00172 0.00207
0.02020 0.01665
0.00200 0.00222
0.01791 0.01460
0.00183 0.00179
0.02774 0.02715
0.02060 0.01499
0.02047 0.01467
0.01523 0.01397
0.02814 0.02986
0.00224 0.00285
0.00196 0.00241
0.00176 0.00182
0.00440 0.00495
0.01935 0.03016
0.01330 0.01297
0.00376 0.00326
0.02093 0.02630
0.01501 0.01353
0.00237 0.00297
0.00190 0.00260
0.02065 0.01749
0.00193 0.00253
0.00229 0.00224
0.01603 0.01401
0.01826 0.01454
0.00260 0.00285
0.02855 0.01886
0.03244 0.01714
0.00313 0.00293
0.02690 0.01968
0.00223 0.00265
0.02714 0.02977
0.00264 0.00255
0.00509 0.00497
0.00194 0.00229
0.01291 0.01275
0.01658 0.01464
0.00200 0.00283
0.00201 0.00228
0.02060 0.01833
0.02333 0.02288
0.02860 0.02677
0.02154 0.01527
0.01560 0.01358
0.02194 0.02149
0.00400 0.00314
0.02321 0.02286
0.02528 0.02921
0.00481 0.00491
0.03089 0.01559
0.00570 0.00474
0.02512 0.02283
0.02187 0.02338
0.02110 0.01477
0.01618 0.01482
0.00214 0.00219
0.00235 0.00266
0.00261 0.00289
0.00216 0.00260
0.02547 0.01662
0.00241 0.00270
0.00218 0.00263
0.01489 0.01134
0.02228 0.02200
0.02502 0.02959
0.00193 0.00202
0.00211 0.00243
0.01932 0.01882
0.01575 0.02091
0.02183 0.02307
0.00634 0.00569
0.02562 0.02634
0.02460 0.02997
0.01980 0.01984
0.03686 0.02187
0.02271 0.02460
0.00502 0.00514
0.00510 0.00509
0.00237 0.00407
0.00316 0.00341
0.00171 0.00286
0.02057 0.01539
0.01505 0.01365
0.01586 0.01419
0.02541 0.01919
0.00291 0.00289
0.02271 0.01814
0.00481 0.00454
0.02245 0.01568
0.01392 0.01428
0.00291 0.00304
0.01615 0.01375
0.00503 0.00609
0.00204 0.00204
0.01875 0.02008
0.00272 0.00250
0.00756 0.00664
0.02262 0.01159
0.00210 0.00188
0.02009 0.02142
0.01441 0.01298
0.01752 0.02077
0.00247 0.00240
0.01578 0.01409
0.01884 0.01588
0.02744 0.01517
0.03295 0.03259
0.01988 0.01980
0.02157 0.01187
0.01851 0.01472
0.02939 0.01604
0.01568 0.01385
0.00603 0.00487
0.02095 0.01436
0.02763 0.01931
0.00257 0.00357
0.02203 0.01550
0.01392 0.01147
0.00915 0.00685
0.00590 0.00558
0.02115 0.01442
0.00306 0.00956
0.02114 0.02193
0.01225 0.01282
0.02849 0.02234
0.01974 0.01943
0.00443 0.00468
0.00622 0.00573
0.01427 0.02181
0.01699 0.02457
0.00213 0.00223
0.01822 0.01465
0.02028 0.01906
0.02078 0.02058
0.01414 0.01155
0.00475 0.00470
0.01552 0.01369
0.02220 0.02419
0.00275 0.00232
0.00188 0.00205
0.00229 0.00203
0.00403 0.00385
0.00491 0.00490
0.03103 0.02593
0.00460 0.00474
0.00239 0.00233
0.00176 0.00187
0.00513 0.00477
0.02060 0.02162
0.02053 0.02387
0.01475 0.01357
0.00293 0.00293
0.01987 0.01878
0.01837 0.01639
0.00536 0.00486
0.01611 0.01409
0.00267 0.00327
0.00241 0.00234
0.01982 0.01847
0.00184 0.00207
0.02000 0.02542
0.00458 0.00476
0.02300 0.03187
0.00415 0.00375
0.00193 0.00203
0.02081 0.02296
0.02306 0.01864
0.00224 0.00257
0.02650 0.01873
0.02713 0.01457
0.01582 0.01419
0.00206 0.00206
0.00237 0.00222
0.00195 0.00210
0.00205 0.00263
0.00208 0.00217
0.00401 0.00457
0.01949 0.02085
0.01554 0.01493
0.00192 0.00229
0.01959 0.01384
0.00687 0.00578
0.03441 0.02239
0.00229 0.00254
