4788 7095 10.81350 3.14082 2.12837 1.05943 102 0 0 93 56 873 100.00000 0
38 3387 11.50802 0.00420 2.45296 1.03249 71 0 0 71 58 273 100.00000 0
39 8586 11.48626 0.03120 2.45890 2.08431 13 0 0 7 7 110 100.00000 0
17 3387 11.50802 0.00420 2.43157 0.80113 72 0 0 63 43 295 100.00000 0
42 3414 11.75156 0.02822 2.36355 1.17503 24 0 0 22 18 136 100.00000 0
4796 7122 11.95018 3.03352 2.11806 1.67281 48 0 0 46 20 452 100.00000 0
45 100 11.49053 0.02079 2.35277 0.46478 20 0 0 15 12 81 100.00000 0
49 3414 11.75156 0.02822 2.14520 0.34035 38 0 0 36 31 136 100.00000 0
25 8585 10.74196 0.02857 2.40456 1.07920 24 0 0 24 18 108 100.00000 0
1279 4835 10.99875 0.05521 2.41307 1.24929 61 9 29 52 23 633 100.00000 0
5217 6790 11.76252 3.13150 6.40878 41.71905 6 0 0 2 3 83 100.00000 0
4968 6996 11.42188 3.09670 2.07944 2.44665 23 0 0 15 10 356 100.00000 0
4859 7081 11.68554 3.11619 2.09086 0.49575 27 0 0 24 5 330 100.00000 0
56 8547 11.75274 0.00574 2.19527 0.92577 65 0 0 59 44 269 100.00000 0
4782 7130 10.77576 3.06593 2.04217 1.48015 65 0 0 59 39 482 100.00000 0
31 8548 11.00254 0.00488 2.29947 1.16969 79 0 0 74 55 346 100.00000 0
16 8585 10.74196 0.02857 2.41054 0.73275 18 0 0 11 9 125 100.00000 0
56 8585 10.74196 0.02857 2.33400 0.97879 10 0 0 8 7 60 100.00000 0
4969 6995 11.42199 3.09793 7.38881 177.49829 16 0 0 16 10 222 100.00000 0
8 98 10.49104 0.01896 2.35525 0.75121 58 0 0 56 38 177 100.00000 0
1598 6768 11.70445 3.13439 2.05333 2.26745 19 1 0 11 7 104 100.00000 0
4863 7078 11.84407 3.14090 2.16009 0.94874 30 0 0 26 16 329 100.00000 0
5352 6749 11.96597 3.13877 35.61665 179.83214 5 0 0 3 2 84 100.00000 0
5191 6804 11.27552 3.13363 12.87524 179.55281 5 1 0 3 3 73 100.00000 0
1549 5163 11.26480 0.01151 5.54937 0.66382 5 0 0 0 1 57 100.00000 0
42 98 10.49104 0.01896 2.21516 0.31027 34 0 0 34 27 123 100.00000 0
7 3413 10.75413 0.02599 2.47778 1.19485 27 0 0 23 22 123 100.00000 0
12 8584 10.24841 0.02620 2.24633 0.14804 40 0 0 34 31 134 100.00000 0
1545 5192 11.49945 0.01121 16.78130 0.63858 23 4 0 13 12 134 100.00000 0
1375 6994 10.73968 3.11806 5.03924 178.65041 41 0 0 36 22 384 100.00000 0
1218 7231 11.37964 1.64247 2.05521 5.19848 84 0 2 62 21 479 100.00000 0
53 3387 11.50802 0.00420 2.50028 0.92704 68 0 0 66 47 275 100.00000 0
1565 6798 11.46675 3.13735 3.81138 11.66145 8 0 0 4 4 101 100.00000 0
7 100 11.49053 0.02079 2.46802 0.87223 23 0 0 15 13 149 100.00000 0
5347 6750 11.13693 3.13920 3.09947 7.45240 5 0 0 2 4 72 100.00000 0
4972 6994 11.90298 3.10063 12.12973 2.97427 36 0 0 6 15 312 100.00000 0
5360 6745 11.78961 3.13936 2.73826 2.63121 10 0 0 4 3 113 100.00000 0
5400 6716 11.13082 2.84365 16.80646 162.92890 5 2 0 1 2 110 100.00000 0
29 8587 11.98392 0.03276 2.68552 1.61301 24 0 0 22 16 138 100.00000 0
24 100 11.49053 0.02079 2.40882 0.54965 29 0 0 25 12 150 100.00000 0
4850 7088 11.36913 3.05712 2.67395 1.58832 52 0 0 46 9 638 100.00000 0
4744 7177 10.96261 2.94022 5.33894 0.77934 27 0 0 20 7 259 100.00000 0
6231 7809 11.93871 3.13494 9.78791 179.62413 36 0 2 20 19 498 100.00000 0
1314 7067 11.36027 3.06765 2.29610 2.23037 43 0 0 39 15 433 100.00000 0
4746 7168 10.76591 2.97812 2.00041 1.47936 23 0 0 16 7 216 100.00000 0
4706 7146 10.17628 3.09370 2.00588 2.35950 60 0 0 52 23 489 100.00000 0
4683 7199 10.57347 2.68471 2.41671 2.84386 89 2 1 68 17 657 100.00000 0
1569 6795 11.93924 3.13430 9.77667 179.57572 4 0 0 4 3 60 100.00000 0
4978 6988 10.39741 3.11524 15.76735 178.49143 25 0 0 7 11 359 100.00000 0
6205 7809 11.64023 3.13751 19.55587 179.76510 13 0 0 10 2 228 100.00000 0
1324 7029 10.87700 3.00717 2.09146 2.15195 106 0 0 104 45 1125 100.00000 0
1290 7097 10.92879 3.06929 2.40338 1.04642 47 0 0 43 15 597 100.00000 0
4830 7073 11.04858 2.95866 2.07500 1.22077 66 0 0 62 20 702 100.00000 0
4825 7075 11.78188 2.97069 2.57121 1.66883 67 0 0 59 20 654 100.00000 0
59 8585 10.74196 0.02857 2.01866 0.70665 28 0 0 26 18 172 100.00000 0
6147 7873 10.31931 3.14090 2.51693 1.70272 83 0 0 74 19 719 100.00000 0
19 98 10.49104 0.01896 3.05413 2.41265 36 0 0 32 25 129 100.00000 0
6206 7835 11.82424 3.13915 6.65224 1.48675 10 0 0 5 3 106 100.00000 0
14 8586 11.48626 0.03120 2.06782 0.93837 21 0 0 21 12 129 100.00000 0
40 98 10.49104 0.01896 2.36638 0.92450 34 0 0 31 24 141 100.00000 0
53 8585 10.74196 0.02857 2.49579 0.57471 16 0 0 13 10 83 100.00000 0
4745 7172 11.11140 2.95808 2.00826 2.83835 21 0 0 17 10 243 100.00000 0
1302 7056 10.28483 3.02872 2.33843 1.81725 81 0 0 75 36 650 100.00000 0
56 8548 11.00254 0.00488 2.08520 0.81469 70 0 0 65 45 276 100.00000 0
50 3414 11.75156 0.02822 2.20056 0.79721 36 0 0 26 20 146 100.00000 0
5376 6735 10.90925 3.13445 1.13570 179.58222 4 0 0 0 2 63 100.00000 0
4733 7123 10.85620 3.12797 2.10961 1.34261 52 0 0 46 22 442 100.00000 0
56 8587 11.98392 0.03276 2.45966 0.80891 11 0 0 8 5 86 100.00000 0
1627 5329 10.97949 0.02873 10.41073 2.63165 10 0 0 7 5 143 100.00000 0
2844 5875 11.24896 0.00919 10.68683 3.95884 20 0 0 11 7 286 100.00000 0
4849 7087 10.10596 3.06744 2.49575 1.48990 75 0 0 69 20 683 100.00000 0
1524 6835 11.26981 3.12675 2.77225 3.74680 9 0 0 4 2 165 100.00000 0
1561 5215 10.27890 0.01472 17.56701 103.05985 3 0 0 3 2 47 100.00000 0
1542 6819 11.46525 3.13044 3.98964 5.33671 7 0 0 1 4 104 100.00000 0
