0.04625 0.02483
0.01787 0.01786
0.01639 0.02415
0.01733 0.02238
0.02137 0.02045
0.03244 0.02763
0.01742 0.01861
0.01907 0.02427
0.02015 0.01698
0.02301 0.01870
0.01338 0.01724
0.02024 0.01900
0.01763 0.02090
0.02164 0.02368
0.01880 0.03343
0.01535 0.02411
0.01453 0.01737
0.01805 0.01896
0.01897 0.02805
0.01696 0.02383
0.02089 0.02737
0.01639 0.02176
0.03328 0.03189
0.02127 0.02239
0.02218 0.02083
0.02149 0.02816
0.03027 0.02716
0.02022 0.03369
0.02088 0.02140
0.01694 0.02455
0.01747 0.02239
0.01493 0.01976
0.02250 0.02316
0.02121 0.01709
0.01565 0.01751
0.01853 0.02021
0.02571 0.02283
0.02956 0.02397
0.02794 0.02486
0.01877 0.02043
0.01576 0.02407
0.01746 0.02831
0.01795 0.01912
0.01833 0.01834
0.02163 0.01708
0.01931 0.01932
0.02650 0.02456
0.01750 0.01862
0.01548 0.01721
0.01971 0.03773
0.01527 0.01281
0.01371 0.02299
0.01806 0.02114
0.01448 0.01639
0.02430 0.02070
0.03221 0.02550
0.01661 0.03449
0.01858 0.01611
0.01990 0.03029
0.02058 0.02229
0.01853 0.02535
0.01773 0.02297
0.01721 0.01481
0.02038 0.03018
0.02454 0.03355
0.02060 0.02774
0.02068 0.02873
0.01760 0.01772
0.01399 0.01636
0.01036 0.01340
0.01522 0.02297
0.02257 0.02978
0.01779 0.02427
0.02305 0.02029
0.01820 0.02050
0.01597 0.01919
0.01910 0.02328
0.03227 0.03253
0.02737 0.02408
0.01952 0.02139
0.01654 0.02128
0.02009 0.02526
0.01747 0.02199
0.01805 0.01716
0.01767 0.02429
0.01333 0.02184
0.01532 0.02359
0.01752 0.02170
0.01426 0.01977
0.01389 0.02275
0.01734 0.02772
0.01382 0.02703
0.01351 0.02258
0.02343 0.03012
0.01884 0.02875
0.01427 0.01861
0.02597 0.01596
0.02230 0.02942
0.01486 0.01823
0.01517 0.02346
0.01808 0.02274
0.01958 0.02262
0.02760 0.02607
0.01640 0.02117
0.02064 0.02175
0.03502 0.03195
0.01458 0.01997
0.01483 0.02005
0.01297 0.01999
0.01684 0.02535
0.01879 0.02302
0.02068 0.01848
0.02089 0.02626
0.01921 0.01549
0.01817 0.02766
0.02692 0.01930
0.01712 0.01305
0.01569 0.02323
0.02240 0.02030
0.02853 0.01666
0.01856 0.01907
0.02421 0.03099
0.01793 0.02354
0.01741 0.02255
0.01382 0.01633
0.02827 0.03207
0.01868 0.02983
0.01361 0.02202
0.01461 0.01864
0.02377 0.01857
0.01876 0.01936
0.01649 0.02279
0.01468 0.02256
0.01824 0.02505
0.02080 0.03274
0.01583 0.02074
0.02070 0.02435
0.02171 0.02369
0.01420 0.01628
0.01895 0.02014
0.01877 0.03404
0.03170 0.03153
0.02398 0.01837
0.02413 0.02053
0.02947 0.03394
0.02068 0.02960
0.02132 0.01777
0.01876 0.02558
0.02375 0.02095
0.02376 0.03392
0.01787 0.01958
0.02456 0.01846
0.01575 0.01570
0.01591 0.01612
0.02029 0.02052
0.02121 0.02084
0.01494 0.02248
0.01923 0.03053
0.01936 0.02006
0.02503 0.02478
0.01523 0.02269
0.01989 0.03466
0.02160 0.01825
0.02029 0.02559
0.01494 0.02309
0.02247 0.02317
0.01679 0.02037
0.01527 0.02346
0.01670 0.02250
0.02230 0.03367
0.01629 0.02128
0.01524 0.01838
0.01609 0.02009
0.01930 0.01982
0.01920 0.01760
0.02083 0.02768
0.01808 0.02281
0.01705 0.02775
0.01722 0.01969
0.01419 0.01848
0.02079 0.01621
0.02368 0.02864
0.01877 0.03097
0.01773 0.02171
0.02511 0.02814
0.02061 0.02010
0.01910 0.02205
0.02111 0.02099
0.02294 0.02755
0.01913 0.03011
0.01543 0.02360
0.02073 0.01916
0.01412 0.02560
0.01529 0.02674
0.02306 0.02747
0.01527 0.02201
0.01487 0.01645
0.02097 0.02407
0.01718 0.02277
0.02138 0.02032
