0.01364 0.02659 0.00336
0.01597 0.02770 0.00625
0.01098 0.01905 0.00074
0.01426 0.03337 0.01438
0.01215 0.01803 0.01035
0.01232 0.03065 0.00527
0.00986 0.01710 0.01782
0.01212 0.02473 0.01843
0.01030 0.02125 0.00946
0.01207 0.03374 0.00898
0.01241 0.02228 0.00104
0.01802 0.02383 0.00661
0.00881 0.01577 0.01868
0.00915 0.01638 0.00111
0.01348 0.02416 0.00588
0.01083 0.02105 0.00164
0.01470 0.03009 0.01707
0.01601 0.03401 0.01904
0.01037 0.01955 0.01021
0.01377 0.02139 0.00403
0.01087 0.01819 0.00715
0.01093 0.01749 0.00651
0.01793 0.02077 0.01415
0.01006 0.01695 0.00968
0.00903 0.01536 0.00247
0.01020 0.02311 0.02077
0.01615 0.03213 0.00662
0.01386 0.02118 0.00091
0.01357 0.02851 0.01143
0.00807 0.01245 0.01220
0.01145 0.01966 0.00130
0.01101 0.01809 0.00592
0.01376 0.03046 0.00653
0.01047 0.01691 0.00128
0.01425 0.02785 0.01872
0.01237 0.02439 0.00522
0.01566 0.01845 0.00571
0.00920 0.02387 0.01355
0.01200 0.02430 0.01731
0.01363 0.02736 0.00271
0.01364 0.02959 0.01066
0.00792 0.01551 0.01492
0.01145 0.02106 0.00241
0.01258 0.02491 0.00286
0.01177 0.01860 0.02417
0.01382 0.02892 0.00303
0.01775 0.03125 0.01866
0.01214 0.02902 0.00524
0.01398 0.03068 0.00297
0.03122 0.03126 0.01861
0.01063 0.01783 0.00721
0.01250 0.03016 0.00574
0.01114 0.02476 0.01913
0.00937 0.01794 0.00863
0.00756 0.01258 0.00701
0.00849 0.01213 0.00085
0.01050 0.01672 0.00090
0.01205 0.02284 0.00591
0.01453 0.03135 0.01917
0.01134 0.02170 0.00215
0.01268 0.02455 0.00082
0.01181 0.02255 0.01004
0.01522 0.02297 0.00714
0.01129 0.02580 0.00144
0.01273 0.03096 0.00189
0.01279 0.03207 0.00454
0.03066 0.02794 0.00354
0.01113 0.02287 0.01198
0.01117 0.01800 0.00797
0.00984 0.01777 0.00693
0.01230 0.02395 0.00539
0.00922 0.01488 0.01881
0.00927 0.01561 0.00230
0.01862 0.02472 0.00116
0.01249 0.02367 0.00602
0.00795 0.01307 0.00074
0.01120 0.01837 0.00169
0.01147 0.01784 0.01890
0.01218 0.02847 0.00655
0.01327 0.03284 0.00107
0.02291 0.02893 0.00429
0.01197 0.02034 0.01766
0.01354 0.03282 0.00198
0.00943 0.02327 0.00160
0.01124 0.01947 0.00629
0.00977 0.02054 0.00649
0.01075 0.01807 0.00564
0.01127 0.02545 0.00319
0.01355 0.03612 0.00109
0.01251 0.02612 0.01102
0.01188 0.01812 0.01459
0.01058 0.01983 0.00188
0.00977 0.01649 0.00060
0.00894 0.01747 0.01025
0.01063 0.01705 0.00125
0.00867 0.01316 0.00185
0.01326 0.02715 0.00268
0.01399 0.02957 0.01907
0.01431 0.03325 0.00245
0.00848 0.01658 0.00563
0.01027 0.01670 0.01013
0.01092 0.01771 0.01865
0.01062 0.01797 0.00974
0.01081 0.01801 0.01750
0.01226 0.02871 0.00417
0.01253 0.02945 0.00884
0.01184 0.02307 0.00824
0.00910 0.01691 0.02058
0.01070 0.02297 0.00633
0.01720 0.02910 0.00986
0.01144 0.03033 0.01900
0.00825 0.01402 0.00097
0.00948 0.01783 0.00060
0.01955 0.02093 0.00553
0.01060 0.01880 0.00104
0.00901 0.01496 0.00132
0.00957 0.02240 0.02005
0.01177 0.02305 0.01685
0.01225 0.02440 0.00133
0.00972 0.01666 0.00511
0.01053 0.02147 0.00151
0.01246 0.03106 0.00953
0.01097 0.01879 0.01726
0.01180 0.02054 0.00243
0.00842 0.01638 0.01857
0.01613 0.03303 0.00122
0.01300 0.02733 0.01915
0.01183 0.02361 0.01905
0.01162 0.02080 0.00369
0.01064 0.02020 0.00961
0.01034 0.02161 0.00800
0.01078 0.01728 0.01964
0.01065 0.01876 0.00882
0.00977 0.01719 0.01857
0.01513 0.03233 0.01107
0.01204 0.02821 0.01309
0.00989 0.01882 0.02388
0.00949 0.01732 0.01399
0.00999 0.01683 0.00089
0.01590 0.02720 0.00957
0.01922 0.03521 0.00857
0.01408 0.03376 0.00827
0.01225 0.02188 0.01017
0.01021 0.02432 0.00089
0.01366 0.03115 0.00860
0.01176 0.01915 0.00683
0.00873 0.01518 0.02452
0.01205 0.02339 0.00614
0.01788 0.02678 0.00170
0.01227 0.02485 0.01887
0.01136 0.01971 0.00693
0.01528 0.02971 0.01914
0.01054 0.01825 0.00755
0.01140 0.02206 0.00479
0.01050 0.01782 0.01571
0.01261 0.02560 0.00133
0.01412 0.03505 0.00187
0.01790 0.02695 0.00159
0.01245 0.01794 0.00212
0.01066 0.01939 0.00917
0.00930 0.01539 0.01450
0.01167 0.02589 0.00730
0.01233 0.02200 0.01262
0.01187 0.02477 0.01605
0.00942 0.02191 0.00215
0.01041 0.01424 0.00612
0.01407 0.03043 0.00544
0.01272 0.02383 0.01428
0.01778 0.02688 0.01162
0.01029 0.01675 0.00654
0.01420 0.03230 0.00694
0.01119 0.01810 0.00818
0.01196 0.02511 0.01151
0.01096 0.02877 0.00244
0.00906 0.01328 0.00157
0.00952 0.01596 0.01452
0.01118 0.01861 0.00974
0.01243 0.02500 0.01076
0.01098 0.01764 0.00971
0.01331 0.03547 0.00355
0.01464 0.04146 0.01448
0.01249 0.03134 0.00336
0.01146 0.02083 0.00613
0.00982 0.02151 0.01005
0.02192 0.02724 0.00136
0.01053 0.02449 0.00160
0.00793 0.01251 0.00396
0.01255 0.02355 0.00083
0.00885 0.01530 0.00123
0.01146 0.02146 0.00163
0.01399 0.02861 0.01014
0.01227 0.02248 0.01433
0.01230 0.02575 0.00304
0.01427 0.04092 0.00433
0.00891 0.02274 0.02044
0.01025 0.01696 0.01691
0.01113 0.01829 0.00109
0.02693 0.02934 0.01867
0.00996 0.01739 0.00129
0.01193 0.02157 0.01523
