4788 7095 10.81350 3.14082 2.23132 0.60003 63 0 0 55 37 652 100.00000 0
1383 4966 10.28066 0.07490 5.61235 2.22985 29 0 0 4 7 578 100.00000 0
5412 6699 10.68882 2.38054 14.02876 75.96210 9 0 0 1 2 141 100.00000 0
5416 6686 11.19655 2.12976 14.17390 122.02609 6 0 0 3 2 115 100.00000 0
4743 7181 10.95530 2.92613 5.42989 59.85433 14 0 0 4 5 387 100.00000 0
1602 5348 11.99639 0.01276 20.20752 0.72739 14 0 1 6 7 244 100.00000 0
6308 7718 11.32889 3.08737 10.04965 7.17802 9 0 0 2 4 255 100.00000 0
38 3387 11.50802 0.00420 2.81281 0.29342 15 0 0 10 7 247 100.00000 0
4737 7202 11.02315 2.65492 7.52585 152.11592 16 0 0 4 5 370 100.00000 0
4701 7233 10.63455 1.64708 27.28083 94.37098 8 0 0 1 1 265 100.00000 0
1555 5205 10.74876 0.00984 14.56925 0.56924 13 0 0 6 8 224 100.00000 0
1082 4433 11.63277 0.06594 8.11351 5.13263 46 0 0 37 27 887 100.00000 0
342 8893 11.77738 0.01828 22.91065 1.04904 15 0 0 9 5 241 100.00000 0
6031 8030 10.30772 3.13107 11.37758 179.40062 20 0 0 16 10 300 100.00000 0
3300 8461 11.51975 0.00966 14.55568 0.55673 52 1 2 18 23 637 100.00000 0
3309 8438 11.77066 0.01154 14.35890 2.18050 47 0 0 41 38 391 100.00000 0
787 4003 11.50998 0.01277 16.26177 171.42710 9 0 0 1 2 252 100.00000 0
797 4017 10.74661 0.01164 8.22946 17.47217 18 0 0 4 4 321 100.00000 0
2963 8097 10.74930 0.02549 12.53746 5.11198 11 0 0 6 4 267 100.00000 0
1587 5217 10.75116 0.01148 10.64920 8.37808 42 0 0 36 30 556 100.00000 0
2916 5965 10.05853 0.09146 6.38726 13.47279 22 0 0 13 11 374 100.00000 0
17 3387 11.50802 0.00420 2.37913 1.06680 28 0 0 25 18 277 100.00000 0
336 8867 11.13984 0.02555 17.88105 1.46206 12 0 1 7 5 174 100.00000 0
1414 5015 11.07950 0.08558 4.47386 4.90353 11 0 0 2 3 354 100.00000 0
42 3414 11.75156 0.02822 14.66534 104.20600 11 0 0 9 6 213 100.00000 0
4796 7122 11.95018 3.03352 19.24044 31.00161 21 0 0 4 8 463 100.00000 0
1100 4418 10.65491 0.05900 9.58507 5.12300 47 0 0 42 33 973 100.00000 0
1495 5102 10.99809 0.02144 13.94777 1.22812 23 0 0 16 12 422 100.00000 0
2698 5646 11.29122 0.15585 5.16249 9.76042 17 0 0 8 3 405 100.00000 0
504 3733 10.98126 0.01194 14.53221 3.09326 14 0 0 7 8 149 100.00000 0
3277 8396 10.19108 0.42275 6.76555 10.46580 23 0 0 9 13 268 100.00000 0
1522 5132 11.52055 0.00711 3.91442 2.41379 12 0 0 8 5 280 100.00000 0
4771 7103 10.65832 3.09293 9.73022 177.21189 41 0 0 27 25 635 100.00000 0
1537 6800 10.97155 3.13928 12.01260 179.86878 14 0 0 9 4 284 100.00000 0
1012 4325 10.68182 0.02837 7.13917 3.18100 26 0 0 24 19 311 100.00000 0
5097 6852 11.69156 3.12546 15.49996 179.07359 27 0 0 10 12 499 100.00000 0
3168 8276 11.53381 0.07247 4.05402 4.15209 15 0 0 7 4 381 100.00000 0
49 3414 11.75156 0.02822 13.83400 1.61762 15 0 0 7 6 232 100.00000 0
3280 8398 11.13507 0.37005 9.75499 1.18564 17 0 0 2 5 245 100.00000 0
880 4105 11.93766 0.04189 6.86110 13.46960 11 0 0 0 3 208 100.00000 0
3279 8399 10.36215 0.33464 9.59925 1.12709 23 0 0 7 11 313 100.00000 0
6037 7988 11.05039 3.13779 12.45870 179.77971 12 0 0 1 4 238 100.00000 0
1624 5383 11.25008 0.02525 14.67135 1.44347 9 0 0 4 3 168 100.00000 0
25 8585 10.74196 0.02857 12.66757 1.63662 13 0 0 10 7 199 100.00000 0
1279 4835 10.99875 0.05521 11.69343 8.13567 20 0 0 4 9 426 100.00000 0
1068 4364 11.00272 0.03437 7.26411 1.96961 27 0 0 17 10 713 100.00000 0
8856 8910 10.38949 0.03636 9.85220 2.72893 22 0 0 18 18 300 100.00000 0
3361 8501 10.24352 0.00476 10.11772 3.69946 69 0 0 54 54 575 100.00000 0
3426 8620 11.04902 0.02550 18.19788 1.45965 14 0 1 5 8 244 100.00000 0
5217 6790 11.76252 3.13150 14.52181 179.42054 10 0 0 10 8 152 100.00000 0
5301 6767 11.10638 3.12139 12.10494 178.84090 13 0 0 6 8 246 100.00000 0
105 3405 10.30328 0.02403 7.15787 1.37771 16 0 0 12 8 232 100.00000 0
1250 7179 10.82512 3.00906 9.71063 172.40614 15 0 0 11 8 393 100.00000 0
6134 7909 11.09334 3.13980 11.01278 2.54960 14 0 0 8 4 157 100.00000 0
1538 6800 10.00986 3.13936 9.85978 179.87489 11 0 0 5 4 221 100.00000 0
1250 7185 11.46706 2.97565 2.77740 170.49221 16 0 0 3 8 411 100.00000 0
1263 7139 11.60710 3.04318 9.50660 37.00183 11 0 0 3 4 378 100.00000 0
1622 5377 10.00534 0.02559 5.27503 1.58016 13 0 0 8 5 171 100.00000 0
1177 4562 11.54704 0.05295 13.06087 3.64776 13 0 0 11 9 359 100.00000 0
3029 8133 10.50345 0.01303 2.16460 3.17237 18 0 0 6 5 377 100.00000 0
2665 5613 10.83734 0.09575 7.15222 5.48548 43 0 0 35 23 523 100.00000 0
5416 6678 11.92093 2.03890 9.82432 116.82057 7 0 0 4 3 107 100.00000 0
1592 6749 10.57266 3.13709 13.70187 179.74512 9 0 0 5 3 211 100.00000 0
192 8650 11.83438 0.01129 11.14501 2.86403 38 0 0 32 32 254 100.00000 0
3047 8150 10.53539 0.03481 5.34036 1.21885 10 0 0 4 3 244 100.00000 0
3469 8646 11.29900 0.00978 9.37782 2.55236 25 0 0 25 22 297 100.00000 0
1099 4475 10.85715 0.05417 10.76312 1.88989 37 0 0 22 15 1020 100.00000 0
421 3656 11.26950 0.01192 12.87183 0.69154 23 0 0 18 16 597 100.00000 0
65 8585 10.74196 0.02857 1.51759 11.85288 13 0 0 0 4 174 100.00000 0
3261 8367 10.18055 0.90672 3.07392 51.95095 13 0 0 1 0 143 100.00000 0
191 8676 10.85739 0.01627 13.07975 0.64041 34 0 0 34 31 266 100.00000 0
4968 6996 11.42188 3.09670 5.75114 177.42960 41 0 0 32 15 664 100.00000 0
2958 8092 11.48210 0.04144 11.34055 2.37339 14 0 0 2 0 214 100.00000 0
1132 4482 10.47787 0.07895 10.98101 1.07629 41 0 0 32 22 1319 100.00000 0
769 3981 10.28932 0.27680 3.03289 15.85948 13 0 0 5 6 235 100.00000 0
1130 4476 11.33315 0.08089 10.82015 6.59832 53 0 0 14 29 1320 100.00000 0
1216 7187 11.86606 2.85067 15.21936 163.33168 28 0 0 9 15 437 100.00000 0
4757 7150 10.35057 3.12753 8.98806 179.19254 11 0 0 4 3 330 100.00000 0
3363 8531 10.02579 0.01563 11.41108 0.89394 44 0 0 37 31 419 100.00000 0
1366 6980 11.22658 3.09564 13.88740 177.36745 80 0 0 80 25 1278 100.00000 0
322 8824 10.70421 0.05112 3.14931 4.17711 10 0 0 3 3 256 100.00000 0
253 3533 10.07381 0.01522 25.43791 83.67956 10 0 0 6 5 232 100.00000 0
1541 6820 11.95588 3.13107 20.46605 179.40686 6 0 0 0 1 141 100.00000 0
3589 8857 11.26583 0.05082 15.27058 4.75646 9 0 0 3 5 175 100.00000 0
7176 7230 11.12103 1.25418 7.44641 71.85889 11 0 0 1 0 279 100.00000 0
3062 8165 11.55130 0.04840 6.65068 2.77432 21 0 0 11 8 307 100.00000 0
4679 7225 11.35288 1.83809 10.00843 105.31467 15 0 0 6 3 292 100.00000 0
4859 7081 11.68554 3.11619 15.28011 39.28295 24 0 0 11 10 406 100.00000 0
3386 8531 10.75178 0.01039 5.38216 1.36487 22 0 0 13 18 287 100.00000 0
1627 5326 11.75301 0.02710 10.87044 20.16995 16 0 0 3 4 300 100.00000 0
4904 7044 11.76883 3.09693 11.31992 6.52943 13 0 0 1 5 375 100.00000 0
1170 4608 11.71303 0.03794 12.37859 4.37166 21 0 0 21 15 373 100.00000 0
1614 5367 10.98412 0.01304 6.81810 0.75121 13 0 0 10 5 217 100.00000 0
3422 8616 11.77707 0.03243 9.96358 0.79966 11 0 0 2 6 194 100.00000 0
914 4142 10.49397 0.00972 12.27300 2.27331 9 0 0 2 5 233 100.00000 0
2901 5947 11.18402 0.03651 15.08077 2.09106 19 0 0 15 9 387 100.00000 0
56 8547 11.75274 0.00574 2.07063 1.25492 20 0 0 17 12 228 100.00000 0
5237 5295 11.24141 0.01397 18.52460 0.79770 13 1 0 5 7 246 100.00000 0
2593 5582 11.56355 1.34431 14.51525 77.02333 17 0 0 15 4 339 100.00000 0
6228 7812 11.51755 3.13286 18.88567 179.50111 29 0 0 14 7 722 100.00000 0
755 4009 11.81708 0.12823 15.94296 7.34649 19 0 0 15 5 220 100.00000 0
4758 7153 11.79342 3.11472 13.93763 178.45998 12 0 0 9 5 300 100.00000 0
4782 7130 10.77576 3.06593 2.08194 0.95244 11 0 0 6 5 333 100.00000 0
1051 4371 10.37330 0.01401 11.07150 8.09347 18 0 0 12 12 469 100.00000 0
991 4303 11.40733 0.34054 2.53741 9.02121 11 1 0 3 5 218 100.00000 0
