2000 3419 11.77103 2.29658 0.71612 2.63017 18 9 1 7 6 70 100.00000 0
939 4195 10.75276 0.55559 1.76354 4.59329 9 4 1 7 4 49 100.00000 0
1981 4568 11.29674 0.04255 0.85172 2.37339 39 25 2 24 12 95 100.00000 0
1795 4404 10.92120 0.64557 0.72337 2.04143 14 11 1 12 5 87 100.00000 0
3424 4572 11.36026 1.65936 0.84033 2.20797 57 22 9 57 33 199 100.00000 0
941 4221 11.09795 0.03076 0.39320 1.97833 56 18 23 52 35 207 100.00000 0
3398 4574 11.66679 2.98580 0.74974 0.35388 41 32 1 33 23 141 100.00000 0
1944 4535 10.67241 0.06258 1.91671 1.54332 74 0 0 71 49 244 100.00000 0
2013 3414 11.94384 2.91902 0.35608 2.31139 41 36 5 36 12 147 100.00000 0
1004 4265 11.18746 0.01602 0.30155 0.90396 49 42 6 44 28 167 100.00000 0
3411 4586 11.09934 2.30212 0.63929 3.11496 13 11 1 11 7 44 100.00000 0
3360 4601 10.07671 3.12944 0.24810 3.16310 18 8 8 11 9 70 100.00000 0
2015 4579 11.80682 1.34021 0.13163 4.25533 17 14 2 13 6 49 100.00000 0
1003 4248 10.56080 0.02116 0.12192 0.92196 22 16 6 22 9 130 100.00000 0
1036 4277 11.74153 0.79050 0.35787 1.07374 52 36 7 44 22 265 100.00000 0
1025 4274 11.85598 0.18143 0.27056 1.27840 60 52 5 55 35 210 100.00000 0
3420 4569 11.16863 1.78615 0.83675 0.87715 39 23 5 33 16 138 100.00000 0
3369 4594 10.53298 3.11977 1.13384 3.81105 18 13 3 15 9 70 100.00000 0
1011 4252 10.43428 0.02551 0.34239 1.07556 32 21 9 25 12 145 100.00000 0
993 4259 11.01126 0.01514 0.13842 0.88735 35 22 13 31 10 167 100.00000 0
2004 4562 10.60807 0.72206 0.74720 0.61294 34 17 1 29 17 119 100.00000 0
1875 4467 10.31848 0.02322 0.76969 0.85866 37 10 1 26 14 175 100.00000 0
1034 4260 10.88328 0.64929 0.13074 1.22908 57 44 12 47 31 189 100.00000 0
3335 4630 11.35303 2.62880 0.77042 2.48743 6 2 2 1 1 26 100.00000 0
926 4210 10.75146 0.07148 0.52813 2.10245 31 10 7 29 22 150 100.00000 0
1813 4413 10.62826 0.04454 1.37060 1.71418 7 1 0 2 3 71 100.00000 0
980 4250 10.90960 0.01631 0.33820 0.73329 59 42 11 46 18 186 100.00000 0
909 4184 10.79670 1.93821 0.77002 4.35784 13 3 0 3 3 65 100.00000 0
1976 4547 11.30759 0.01199 1.00225 0.65132 23 5 0 12 9 108 100.00000 0
915 4178 11.78967 1.91361 0.86618 4.48244 17 11 1 12 4 69 100.00000 0
953 4211 10.15524 0.05537 0.90625 2.98675 37 14 21 27 13 158 100.00000 0
1840 4418 10.72135 0.02521 1.95503 1.79188 17 0 0 8 1 105 100.00000 0
3341 4612 10.69718 3.02119 0.42966 2.47180 28 24 3 25 15 95 100.00000 0
2006 3408 10.52550 2.96467 0.43558 2.42140 32 29 3 32 14 112 100.00000 0
923 4179 11.02409 1.52544 1.37546 6.62667 18 7 0 5 5 77 100.00000 0
928 4183 10.43089 1.23718 0.51984 3.48852 42 23 8 38 18 154 100.00000 0
1924 4499 11.64191 0.07469 1.92945 0.98318 46 0 0 31 14 157 100.00000 0
2012 3405 11.38195 2.42277 0.78656 2.20549 16 9 1 9 5 86 100.00000 0
990 4240 11.05713 0.01777 0.31095 1.04829 33 25 6 31 14 144 100.00000 0
914 4181 10.27047 1.83737 1.85405 8.18403 26 11 0 26 12 127 100.00000 0
909 4198 11.32270 1.16772 0.42705 2.47259 18 16 1 13 10 93 100.00000 0
1773 4395 10.52059 1.63534 1.68631 4.86486 5 1 1 1 1 39 100.00000 0
909 4185 10.34135 1.88849 0.47370 2.86826 22 20 2 18 13 94 100.00000 0
904 4191 11.88056 1.79913 0.37725 2.61464 17 10 2 17 10 72 100.00000 0
1003 4247 11.85033 0.01925 0.73384 0.81901 23 9 10 21 12 113 100.00000 0
945 4202 10.75995 0.16724 0.98149 3.28408 43 21 20 39 14 182 100.00000 0
993 4242 11.04556 0.01593 0.43385 1.00210 36 28 5 29 20 133 100.00000 0
3375 4605 10.08040 3.11669 1.35776 2.28636 7 2 0 1 3 41 100.00000 0
1917 4492 11.66333 0.08720 1.74977 0.54465 17 3 0 17 5 98 100.00000 0
1920 4496 10.29123 0.07388 1.54441 1.19190 51 3 0 45 17 190 100.00000 0
1034 4276 10.97397 0.66361 0.23297 1.32648 77 55 8 74 30 270 100.00000 0
1999 3415 11.39773 2.44775 0.40619 2.59541 24 23 1 22 13 87 100.00000 0
1995 4576 11.99923 0.21194 0.53043 2.93465 32 19 7 23 9 123 100.00000 0
1003 4265 11.85233 0.01634 0.27557 0.92620 48 39 9 48 17 150 100.00000 0
956 4213 10.99299 0.04848 0.29627 2.48112 34 23 9 29 13 140 100.00000 0
2011 3406 10.85734 2.54035 0.91286 2.04507 26 18 1 22 10 117 100.00000 0
1787 4387 11.94287 1.16181 0.83417 1.67257 30 14 0 28 12 154 100.00000 0
1846 4423 11.27993 0.01279 0.45576 0.73168 25 18 5 21 13 144 100.00000 0
1971 4543 11.59748 0.02409 1.00903 1.01914 52 11 3 42 35 157 100.00000 0
3387 4597 10.54897 3.09658 1.09011 2.75122 9 3 2 9 6 59 100.00000 0
1799 4406 11.22994 0.40873 0.39220 1.56173 33 18 3 28 10 162 100.00000 0
1879 4455 11.93614 0.01705 1.52252 1.15284 19 5 1 8 3 107 100.00000 0
1775 4391 10.73241 1.61475 1.07610 2.65844 9 4 4 5 2 51 100.00000 0
1921 4512 10.95557 0.07440 1.54750 1.24112 15 0 0 11 6 152 100.00000 0
1016 4254 10.51339 0.01777 0.31849 0.82756 35 23 9 33 12 100 100.00000 0
3337 4614 10.61003 2.89118 0.11549 2.17475 41 37 2 36 27 123 100.00000 0
948 4226 11.02207 0.02363 0.16749 1.29119 57 33 23 54 33 221 100.00000 0
931 4185 10.91660 1.12040 0.31377 3.56952 42 16 4 36 21 185 100.00000 0
925 4209 10.48984 0.09126 0.48611 1.84886 41 12 12 32 22 181 100.00000 0
1024 4257 10.44843 0.13301 0.17963 1.71509 59 50 7 48 41 153 100.00000 0
1048 4275 11.27001 1.44258 0.57428 0.92069 82 70 8 78 44 234 100.00000 0
3335 4629 10.09324 2.64073 0.96214 2.60384 10 4 5 8 3 45 100.00000 0
1996 4559 10.09778 0.26574 1.05260 1.37373 38 18 6 29 14 129 100.00000 0
1855 4432 10.69944 0.01525 0.99321 0.44937 15 6 3 8 4 139 100.00000 0
932 4187 10.41657 1.02100 0.60029 4.33459 36 10 0 32 21 162 100.00000 0
935 4217 11.30734 0.02482 0.39437 1.80320 41 8 9 38 26 186 100.00000 0
1988 4554 11.73670 0.04640 1.14383 2.02004 37 3 2 35 13 87 100.00000 0
1966 4539 11.40828 0.03065 1.65121 1.15961 26 2 1 19 10 108 100.00000 0
3337 4613 11.86500 2.89679 0.21841 2.23423 17 16 1 12 6 94 100.00000 0
1973 4545 11.03296 0.01471 1.11109 0.58148 20 1 2 12 7 108 100.00000 0
1930 4505 11.57754 0.07154 1.63254 0.46646 21 0 0 19 11 124 100.00000 0
927 4211 11.01240 0.05930 0.54722 2.72678 48 5 1 40 26 210 100.00000 0
918 4205 11.43448 0.41236 0.38175 2.55344 66 51 13 62 46 184 100.00000 0
913 4180 11.16035 1.93124 0.62753 3.50375 19 11 5 15 5 89 100.00000 0
3350 4607 10.75398 3.13012 0.47039 3.08286 27 21 3 24 14 101 100.00000 0
1837 4431 10.31661 0.01613 0.52951 0.92704 31 26 2 29 19 155 100.00000 0
1007 4249 11.88875 0.02524 0.28005 1.14055 24 17 6 20 12 148 100.00000 0
1972 4562 11.86741 0.00792 1.03321 0.50745 21 9 4 11 12 120 100.00000 0
2018 4574 10.62174 1.46662 1.21740 6.96064 13 4 0 8 5 69 100.00000 0
2013 4578 10.18013 1.25027 0.67909 3.40444 22 14 1 12 12 123 100.00000 0
2007 3416 10.76830 2.89315 1.08472 2.36844 26 16 8 19 11 119 100.00000 0
3350 4623 11.07258 3.00671 0.99177 2.80449 8 3 1 2 1 38 100.00000 0
1975 4563 10.21330 0.00829 0.75325 0.47147 52 30 7 45 19 127 100.00000 0
2006 3405 11.65777 2.78985 0.43981 1.93735 21 16 0 14 11 121 100.00000 0
3408 4570 10.87426 2.47119 0.52258 0.61548 32 24 4 25 21 93 100.00000 0
944 4200 11.37483 0.26690 0.50953 3.59532 27 9 13 23 7 165 100.00000 0
1828 4408 10.70368 0.02528 0.25755 1.45481 24 18 4 14 9 108 100.00000 0
1880 4457 10.42538 0.01939 1.20185 1.23321 23 13 2 21 9 134 100.00000 0
3331 4631 11.33074 2.44948 0.63087 2.15122 7 6 0 7 4 36 100.00000 0
2019 4574 11.28046 1.50488 0.33571 6.73388 10 6 0 2 2 60 100.00000 0
2014 4578 10.50472 1.29741 0.41989 3.94457 25 19 5 23 14 102 100.00000 0
3315 4624 10.75753 1.98481 0.77044 6.84567 4 0 0 4 3 21 100.00000 0
1846 4439 10.12485 0.02364 0.15400 1.35104 12 8 2 7 3 66 100.00000 0
1805 4392 11.92984 0.21849 0.28992 0.64771 44 40 4 37 31 173 100.00000 0
1972 4561 10.60044 0.00623 0.87132 0.33688 55 34 2 55 32 144 100.00000 0
967 4240 10.72533 0.01756 0.31369 0.89875 37 26 10 28 17 175 100.00000 0
3342 4611 11.31307 3.04279 0.58328 2.60173 25 14 5 25 14 82 100.00000 0
913 4202 11.93999 0.76753 0.65484 2.78643 23 11 11 20 11 132 100.00000 0
938 4193 11.22523 0.67019 1.35605 4.06284 10 5 3 5 5 59 100.00000 0
2017 4571 10.04170 1.43489 0.98761 3.91747 19 8 1 14 10 67 100.00000 0
3397 4591 10.03727 3.06997 0.70317 4.76411 7 4 0 4 4 33 100.00000 0
3418 4569 10.56296 1.87584 0.63079 1.20333 38 26 7 34 17 136 100.00000 0
994 4259 10.21233 0.01528 0.32332 0.88955 49 35 14 49 22 160 100.00000 0
995 4243 11.35005 0.01201 0.10491 0.81229 27 18 3 15 10 126 100.00000 0
3324 4620 10.04451 2.28863 0.68504 3.53624 12 11 1 5 7 31 100.00000 0
1045 4277 11.81589 1.32315 0.89060 1.28998 27 11 2 25 13 182 100.00000 0
3399 4574 11.01889 2.94948 0.53418 0.48618 46 39 3 37 24 171 100.00000 0
1859 4452 10.91428 0.01579 0.69351 1.01606 34 25 3 32 16 185 100.00000 0
3374 4607 11.67237 3.12439 0.69684 1.90701 7 2 2 7 4 48 100.00000 0
3352 4622 11.27447 3.01766 0.71892 2.73624 11 9 0 9 4 58 100.00000 0
2003 4561 11.35958 0.65753 0.83637 0.55320 41 15 4 38 31 88 100.00000 0
910 4181 11.75361 2.03191 0.42414 2.68394 21 19 2 21 8 104 100.00000 0
1048 4265 11.98599 1.42818 0.43885 1.02450 53 47 4 42 36 150 100.00000 0
972 4226 11.61386 0.03017 0.46056 1.68284 24 14 5 19 8 147 100.00000 0
3330 4631 11.14495 2.40421 0.69208 2.17691 16 15 0 14 12 51 100.00000 0
905 4192 11.45899 1.70048 0.63635 2.62719 6 3 2 4 2 46 100.00000 0
3408 4587 10.94561 2.48365 0.26930 3.52670 5 3 1 0 2 26 100.00000 0
1884 4476 10.86859 0.03449 0.60976 0.81565 43 28 4 31 26 171 100.00000 0
2002 3408 11.74755 3.06085 1.15596 2.64841 26 21 3 18 7 89 100.00000 0
1038 4262 10.10514 0.90286 0.32948 1.35451 49 40 8 49 24 143 100.00000 0
2009 3409 10.07049 2.84227 0.56209 2.54145 23 16 5 23 10 75 100.00000 0
971 4244 11.93306 0.02119 0.52601 0.87849 38 35 3 33 20 192 100.00000 0
1050 4273 11.32841 1.49845 0.23271 0.42887 83 78 5 80 65 241 100.00000 0
996 4261 11.33696 0.01223 0.27552 0.72416 53 37 15 49 23 153 100.00000 0
1821 4418 10.12617 0.03128 0.72371 1.77277 11 6 2 8 4 98 100.00000 0
1808 4394 11.40235 0.15463 0.29830 0.62307 46 37 6 36 23 203 100.00000 0
908 4184 11.30926 1.98541 0.46274 3.33847 8 2 0 3 1 51 100.00000 0
1025 4257 10.93063 0.17115 0.25300 1.82177 54 42 10 47 31 146 100.00000 0
1865 4442 10.81550 0.01758 0.78784 0.61612 27 14 1 22 16 147 100.00000 0
3358 4601 11.83048 3.12923 0.37821 3.11382 34 26 3 27 19 98 100.00000 0
1988 4572 11.24726 0.06362 0.77067 3.37336 39 24 6 31 13 120 100.00000 0
962 4236 10.44283 0.01649 0.22216 1.06496 52 38 11 50 24 217 100.00000 0
972 4244 10.96688 0.02179 0.13703 0.98079 63 52 10 54 36 215 100.00000 0
1864 4457 11.20748 0.01387 0.41017 0.83039 11 9 2 9 4 118 100.00000 0
1876 4468 10.39770 0.02699 0.75233 1.09504 27 12 0 22 15 147 100.00000 0
910 4199 11.41509 1.06317 0.52744 2.46228 27 22 5 20 15 126 100.00000 0
1798 4406 11.85898 0.46166 0.22634 1.62799 18 9 2 7 2 95 100.00000 0
1787 4388 10.85736 1.16898 0.85049 1.67234 53 48 4 53 38 162 100.00000 0
1955 4530 10.25962 0.03967 1.94154 0.19383 40 0 0 38 14 203 100.00000 0
1038 4261 11.36001 0.90229 0.19616 1.08894 52 41 11 52 21 159 100.00000 0
1987 4554 11.06692 0.03716 0.81393 1.94078 33 6 4 28 16 105 100.00000 0
2012 4566 10.21233 1.21747 0.49880 1.63015 36 28 2 26 16 145 100.00000 0
3418 4568 11.61788 1.87514 0.77379 1.39606 39 24 10 34 22 104 100.00000 0
1902 4478 10.28896 0.01911 1.09278 0.71655 51 24 1 47 31 238 100.00000 0
1871 4463 10.08523 0.01647 0.68251 0.72199 39 24 3 26 15 152 100.00000 0
988 4239 10.56721 0.01697 0.35816 0.99544 55 48 7 52 31 176 100.00000 0
2008 3409 10.09309 2.90685 0.34841 2.52832 23 17 6 19 10 77 100.00000 0
991 4241 10.65182 0.01536 0.45819 0.90914 36 27 9 30 16 122 100.00000 0
1792 4388 11.09643 0.87569 0.65520 1.41056 28 17 8 24 15 106 100.00000 0
907 4197 11.84313 1.31813 0.35244 2.68948 16 10 4 14 7 66 100.00000 0
2018 4577 11.79739 1.46103 0.93262 4.85785 10 8 1 7 6 52 100.00000 0
1845 4423 10.03944 0.01190 0.35103 0.66910 39 37 2 37 25 155 100.00000 0
1833 4428 10.89598 0.00736 0.24403 0.20558 39 33 5 31 14 146 100.00000 0
915 4203 11.55690 0.62720 0.22522 2.90609 49 33 14 39 22 180 100.00000 0
1915 4491 10.29585 0.08084 0.85611 0.23070 19 11 2 16 11 121 100.00000 0
1800 4406 10.64921 0.35751 0.20232 1.42519 33 20 4 26 14 173 100.00000 0
3359 4617 10.55261 3.08446 0.44779 2.27864 19 15 3 19 9 83 100.00000 0
3419 4582 10.61624 1.85010 0.38015 3.86716 28 26 2 26 15 87 100.00000 0
1032 4276 11.68811 0.54189 0.12570 1.40723 74 57 6 71 38 270 100.00000 0
1818 4400 11.67105 0.03280 0.55210 1.69142 44 31 6 23 17 193 100.00000 0
951 4209 10.20779 0.05337 0.55233 2.91524 35 15 20 30 16 131 100.00000 0
1050 4268 11.40344 1.48604 0.16346 1.05980 78 69 8 76 53 250 100.00000 0
3336 4614 11.18141 2.85533 0.26012 2.20904 36 32 3 29 21 102 100.00000 0
1964 4555 11.83696 0.02242 1.33429 1.23923 41 0 0 33 27 164 100.00000 0
989 4240 10.18471 0.01666 0.28376 1.17303 32 22 9 32 16 145 100.00000 0
933 4186 11.61900 1.06941 0.45352 3.78279 51 17 4 41 24 164 100.00000 0
2015 4566 11.82640 1.35950 0.43043 2.83656 24 19 3 17 14 96 100.00000 0
