472 9812 11.33911 0.01522 0.74022 0.78034 13 3 1 11 6
9417 9580 11.73887 0.01360 0.52345 1.13505 23 15 2 23 15
471 853 11.73438 0.01541 10.49275 1.08822 8 0 0 0 2
173 4386 10.75450 0.01352 9.36872 2.39359 23 0 0 23 9
2608 2879 10.34603 0.00507 7.55430 1.75725 32 0 0 15 17
7398 7886 10.66289 0.01038 0.44700 0.46478 7 5 1 4 3
128 8932 11.75814 0.01427 10.23174 8.08357 16 0 0 4 4
861 5653 11.51009 0.00689 5.69180 10.82762 11 0 0 2 5
467 5526 10.98902 0.00864 1.57490 2.28328 8 1 4 6 4
5276 5640 10.24678 0.00458 0.38198 0.25334 16 9 1 14 10
9036 9578 10.73478 0.01693 0.55328 0.98516 28 12 0 24 15
4395 4781 10.26359 0.00659 0.68082 0.85455 22 6 4 18 16
10335 10462 10.03247 0.02840 10.02244 1.62702 24 2 1 7 9
467 5176 10.98905 0.00820 10.14061 3.17274 8 0 0 1 2
2621 3421 10.49943 0.00616 27.20518 0.35608 16 3 1 4 6
2622 3287 10.50040 0.00555 8.51763 1.96384 7 0 0 7 7
5210 5643 11.75281 0.00514 0.30244 0.35827 18 9 5 9 8
2903 7301 11.21096 0.01277 21.10876 179.80820 10 0 0 5 2
871 5394 11.75400 0.01364 10.95283 5.54602 14 0 0 7 5
2593 2678 11.01334 0.00400 13.51723 1.53033 21 0 0 19 11
1597 6457 11.11532 0.01370 0.35091 0.78833 20 11 4 15 14
4391 4684 11.01433 0.00882 15.83638 12.85174 22 0 0 11 10
165 4571 10.25909 0.01222 11.88350 0.69998 23 0 1 19 9
5119 5536 11.25046 0.00640 0.32534 0.38563 17 10 3 17 10
6430 6480 11.62721 0.00437 0.46343 0.66146 21 13 2 10 8
2623 3175 10.14935 0.00507 26.57391 0.28667 18 2 2 1 5
2616 3023 11.40075 0.00559 7.50587 1.93533 13 0 0 8 6
2611 2943 11.75371 0.00569 6.45822 1.55620 20 0 0 14 11
3600 7657 10.66031 0.00542 9.78051 0.31898 8 1 1 0 0
2169 6917 11.55061 0.03021 8.11064 1.11206 21 0 0 19 8
894 5685 10.37607 0.46267 2.17866 8.32244 11 5 1 2 4
3452 7324 10.46743 0.00854 10.82705 2.32001 16 0 0 12 9
1903 6683 11.91269 0.02960 12.11809 1.69489 15 1 1 5 5
868 5237 10.00870 0.01253 0.29298 0.51662 24 14 3 16 12
2622 3111 10.50040 0.00555 9.35502 0.58950 19 0 0 15 11
2963 7302 10.35164 0.01278 6.20029 0.72847 11 1 0 0 4
457 631 10.50817 0.00403 0.43938 0.24389 21 13 2 14 11
2624 3429 10.14860 0.00533 11.42408 3.12412 17 0 0 13 9
3339 3534 11.89772 0.00899 8.07237 0.51282 7 0 1 7 3
877 5629 10.28897 0.01583 0.85727 0.76053 15 2 1 13 8
456 795 11.00853 0.00572 0.48529 0.47147 25 11 7 25 15
3133 3530 10.10154 0.00994 10.14776 0.82234 12 0 0 10 9
4824 9539 10.24559 0.00723 0.48980 0.75796 30 16 8 28 16
455 689 11.76960 0.00598 0.77472 0.33220 18 4 1 10 10
2790 3512 10.84755 0.00766 8.02526 0.57267 15 0 0 11 8
118 4332 10.74991 0.01447 0.58556 0.82424 22 5 1 15 11
2609 2902 11.90940 0.00507 7.39972 2.39653 16 0 0 16 14
1701 6448 11.84707 0.00772 0.58952 0.95121 36 14 3 29 26
2592 2797 11.55707 0.00483 11.10657 0.26688 11 0 0 4 6
3629 7591 10.13326 0.47270 0.53965 2.04258 4 1 0 4 3
2789 3515 11.35806 0.00770 10.43899 0.87223 26 0 0 21 16
3702 8310 10.08429 0.11314 0.22401 1.08354 20 9 7 12 7
456 522 11.00952 0.00481 0.28234 0.26393 20 10 6 18 9
3007 7303 10.00207 0.01284 13.74882 0.73701 7 0 0 7 6
2622 3435 10.50040 0.00555 8.97996 1.47724 22 0 0 17 12
9001 9184 10.99228 0.01013 0.54178 1.26918 24 11 3 17 14
5050 9762 11.54718 0.04783 0.80853 0.28116 20 5 7 8 5
4276 8892 11.50177 0.00639 0.34634 1.07992 25 8 4 7 11
2299 7020 10.98244 0.07089 0.36316 0.73489 31 17 2 27 20
851 5644 11.00640 0.00616 13.90954 0.34830 12 1 0 5 9
9054 9579 10.99214 0.01385 0.22417 0.80794 18 9 3 14 8
3527 7334 10.33072 0.01258 1.18808 0.81325 7 0 5 2 2
4853 9359 11.76266 0.01426 5.58787 0.82329 3 0 0 3 3
1611 6472 11.35945 0.01497 0.42056 0.98952 28 15 3 18 19
3630 8094 10.84035 0.50281 21.21461 32.96051 7 0 0 3 4
186 4721 10.99973 0.01010 3.75509 12.71921 25 1 0 8 6
3631 8111 11.39162 0.53306 2.28529 3.17299 7 0 0 2 3
4820 9028 11.26952 0.00703 5.65980 0.40348 19 0 0 9 6
2188 6959 11.35103 0.16039 15.15888 3.21223 15 0 0 5 5
692 5111 11.28863 0.00535 0.74750 0.50358 13 2 2 13 8
5119 5383 11.25048 0.00606 0.41380 0.38765 19 10 8 19 9
1124 5901 11.51007 0.01466 8.01430 0.84070 8 0 0 5 5
3268 3530 10.10154 0.00994 10.24184 0.91728 18 0 0 13 11
3328 3533 11.35089 0.00962 10.47450 1.47777 6 0 0 1 3
2594 2728 10.85770 0.00365 12.19118 0.18767 12 0 0 10 6
165 4760 10.25909 0.01222 6.94765 0.61294 14 0 0 11 7
2617 3356 11.39920 0.00640 11.11254 2.32658 12 0 0 8 6
3363 3531 10.64505 0.01036 13.90270 0.59149 8 0 0 8 8
590 9826 10.52250 0.01159 0.97093 0.64589 14 0 0 12 6
4824 9365 10.00452 0.00552 0.51178 1.00639 47 27 8 43 29
9425 9580 11.73887 0.01360 0.66427 2.82355 19 8 2 12 9
2773 7297 10.00458 0.00907 6.92686 2.90205 9 0 0 1 4
2616 7313 11.35910 0.00582 11.17872 3.37185 16 0 0 16 13
450 5122 11.51102 0.00760 8.07503 0.43251 18 4 1 8 10
10334 10431 10.53211 0.02975 0.57670 0.11191 23 8 1 18 10
4260 8863 10.76318 0.00526 7.61167 1.18167 14 0 0 12 5
7398 7786 10.66289 0.01038 0.90875 1.24017 8 3 1 3 3
4997 9716 10.29714 0.01291 0.67734 0.90569 19 6 4 12 8
2006 6780 11.09054 0.01489 0.26367 0.27124 30 23 3 26 20
870 5660 10.75634 0.02053 7.95189 1.97655 9 0 0 6 3
9484 9579 10.99214 0.01385 0.29412 0.80842 33 24 2 29 22
1633 6375 10.56375 0.00699 9.45627 4.48594 17 0 0 10 9
3631 7995 11.39162 0.53306 30.13743 30.54235 4 0 0 4 1
3629 7480 10.13326 0.47270 0.67430 2.23511 6 0 0 4 3
2619 3027 11.04744 0.00711 9.88359 2.15213 12 0 0 4 8
976 5735 11.25070 0.00908 22.18701 0.51358 5 0 0 2 1
2713 7296 11.05562 0.00871 10.14768 1.40221 12 0 0 10 6
187 4436 11.98668 0.01263 10.66230 0.71710 15 0 0 7 4
5138 5638 11.48454 0.01111 0.40447 1.72646 11 4 3 5 4
5118 5568 11.74907 0.00718 0.51043 1.25429 8 2 3 8 4
190 9353 10.75013 0.00781 0.33806 2.23055 30 9 3 24 19
2623 3132 10.14935 0.00507 27.30209 0.28667 16 5 0 6 4
189 9344 11.74867 0.00898 0.55976 1.14603 23 6 5 17 10
3629 7460 10.13326 0.47270 1.47716 2.32086 5 0 0 2 3
5302 5641 10.74659 0.00486 2.08779 0.27124 14 6 0 6 3
883 5674 11.05002 0.21303 13.53682 12.20610 7 0 0 4 2
2661 3510 10.29797 0.00829 10.26769 0.90525 20 0 0 9 10
869 5393 10.50818 0.01323 0.22738 0.25334 22 13 3 20 12
3631 7855 11.39162 0.53306 5.26794 5.21699 7 0 1 7 2
2645 3509 11.35484 0.00789 12.46555 0.69774 15 0 0 13 8
9015 9571 10.95918 0.02728 0.40734 2.22070 20 10 2 11 12
2625 3058 10.14779 0.00580 9.12367 0.49019 15 0 0 15 13
8132 8247 11.40301 0.43728 0.51929 1.60450 12 1 4 10 6
766 9827 11.67985 0.01142 1.82235 1.45750 9 0 0 6 7
2614 3436 11.94936 0.00614 8.88853 1.24112 15 0 0 12 7
4853 9421 11.76266 0.01426 1.16987 0.82329 12 0 0 6 4
5685 9843 11.94565 0.55264 11.61279 31.66422 6 1 0 6 3
1421 6210 10.21098 0.01242 0.70149 0.44937 10 4 0 7 9
2616 3340 11.40075 0.00559 12.38877 0.94956 19 0 0 12 9
602 859 10.74014 0.00919 0.52012 1.09718 10 5 1 6 7
2262 7020 11.32004 0.13175 0.26499 0.34264 30 16 3 22 16
869 5500 10.50820 0.01351 0.15389 0.75485 21 16 2 19 14
1629 6375 10.56713 0.00526 9.94866 1.51129 24 0 0 15 12
9000 9169 11.74228 0.01094 1.29144 4.57166 19 5 4 14 9
5274 9830 10.42122 0.01208 0.85480 0.81469 9 1 0 7 2
4547 8969 10.01552 0.01110 8.04734 0.77126 22 0 0 14 12
186 4524 10.99973 0.01010 10.45177 0.57946 20 0 1 13 9
467 5339 10.98905 0.00820 9.54130 7.01968 10 0 0 6 4
3573 7345 10.85946 0.01122 7.10204 0.63919 7 0 0 7 5
4393 4617 10.26022 0.00778 0.66544 0.54608 25 6 5 23 16
4824 9471 10.00452 0.00552 0.51729 0.58350 44 23 10 39 27
2653 3516 11.90222 0.00796 9.40346 0.67202 24 0 0 20 18
465 5478 11.73588 0.00933 0.54462 0.80988 7 2 1 5 1
3687 8318 11.67846 0.12774 1.05780 0.48618 19 1 4 8 8
7398 8191 10.66289 0.01038 2.12035 3.81084 9 2 0 5 2
8006 8248 11.85529 0.46580 1.11587 1.30566 8 2 1 6 4
4599 8969 10.01552 0.01110 5.39438 5.30585 17 0 0 14 6
2596 2788 10.30982 0.00316 12.38321 0.76156 21 0 0 18 14
9519 9578 10.74205 0.01270 0.65310 0.85134 26 5 1 24 13
2309 7058 11.36218 0.18745 0.16733 1.08679 21 9 2 19 15
4255 8858 11.76245 0.00384 19.95673 0.21850 14 2 0 1 3
9002 9225 10.25126 0.01010 0.53073 0.60909 46 20 2 44 28
3630 7833 10.84035 0.50281 23.81433 178.31321 4 0 0 4 2
3629 7518 10.13326 0.47270 4.53971 8.34803 6 1 0 6 3
10335 10402 10.03035 0.02833 0.46007 0.03956 22 11 3 22 15
10332 10423 11.54721 0.03155 11.89628 1.80840 22 4 1 14 11
2614 3299 11.94936 0.00614 8.81099 3.92705 14 0 0 2 5
5659 9844 10.21681 0.01177 1.46691 2.43703 7 3 0 4 2
1310 6113 10.55476 0.00778 0.47196 0.39762 13 6 4 11 7
4852 9526 11.24935 0.01377 1.87574 0.90569 15 0 0 9 4
5645 9827 10.76793 0.01590 1.24490 0.92111 18 1 0 14 10
3600 8025 10.66031 0.00542 0.56093 0.74441 22 8 3 12 11
5296 5642 11.50407 0.00450 10.43920 7.30331 13 0 0 3 4
9002 9530 10.25126 0.01010 0.53585 0.80454 36 17 2 36 24
2615 3235 11.75153 0.00590 11.83646 1.37913 16 0 0 16 14
2724 3511 10.65191 0.00813 10.75738 0.53449 15 0 0 15 10
2944 3530 10.99819 0.01010 4.73967 11.90544 8 1 1 4 4
1098 5871 10.25913 0.02268 8.10182 0.98198 26 0 0 26 16
3629 7508 10.13326 0.47270 1.30104 1.62414 4 0 0 1 2
269 4914 10.50215 0.00218 6.31020 25.54621 21 1 0 10 7
7864 8246 10.95663 0.41146 0.47994 2.06317 10 1 1 10 4
2594 2837 10.85512 0.00362 25.16801 0.19383 16 0 0 5 3
2614 3337 11.94936 0.00614 9.47166 11.08972 13 0 0 9 9
7397 7643 10.85805 0.01038 0.60416 0.62244 9 3 1 5 5
9407 9580 11.73887 0.01360 0.65711 1.95204 26 13 1 22 16
1528 6331 11.32901 0.01105 8.30021 0.54751 18 0 0 11 12
5260 9818 11.53701 0.01207 1.48931 1.15284 17 0 0 12 11
3136 7324 10.46316 0.00917 12.65999 0.52638 12 0 0 5 5
3720 8345 10.30047 0.00770 0.41213 0.40154 10 4 3 8 4
3966 8565 10.79995 0.00959 11.93717 0.54680 20 0 0 13 11
7395 7789 11.91205 0.01091 7.49202 0.63180 5 2 1 2 3
467 5341 10.98905 0.00820 0.53143 0.50976 18 6 6 16 8
2624 3473 10.84936 0.00578 13.06412 1.73844 14 0 0 14 11
2743 7318 11.52442 0.01092 11.44110 0.62932 9 1 1 9 5
4821 9058 11.75490 0.00687 0.59781 2.75421 12 3 1 9 5
2624 3368 10.14860 0.00533 11.18431 1.40416 16 0 0 10 4
1800 6574 10.36030 nan 0.31608 0.57946 45 34 6 45 32
8002 8245 10.40541 0.38381 3.00644 1.88180 8 0 1 6 2
1696 6421 11.16946 0.00871 0.86843 2.05938 29 2 0 24 20
3558 7329 11.75382 0.00345 15.84256 0.19782 11 0 0 9 4
3242 7302 11.25182 0.01280 12.96651 0.72900 4 1 0 4 4
9214 9578 10.74205 0.01270 0.72951 1.43940 28 5 1 22 10
7 126 11.52326 0.02952 10.22445 2.79064 24 0 0 18 12
2601 2870 11.36221 0.00478 11.06878 3.60934 20 0 0 8 10
9000 9197 11.74228 0.01094 0.39340 0.62807 26 12 2 16 14
869 5427 10.50820 0.01351 3.75549 0.78034 13 0 0 9 3
5486 5641 10.74660 0.00471 0.52612 0.78135 14 6 0 11 8
2659 3509 10.10594 0.00837 12.24306 8.75993 21 0 0 17 14
2703 3516 11.55116 0.00778 11.84929 15.61146 9 0 0 9 4
2623 3333 10.14935 0.00507 28.52417 0.28667 19 2 0 2 3
2614 3409 11.94936 0.00614 8.83937 3.43673 11 0 0 9 4
2618 3012 11.04822 0.00697 11.78026 6.92192 14 0 0 9 7
3631 8011 11.39162 0.53306 9.16523 41.80020 11 0 0 8 10
4850 9029 10.49222 0.01688 0.87050 1.98977 32 11 0 26 14
465 5499 11.73588 0.00933 0.35188 1.06899 10 6 1 10 7
2625 3160 10.14779 0.00580 8.54131 22.55299 20 3 0 7 13
171 4805 10.49759 0.01268 0.57343 1.68051 19 9 1 14 13
7938 8248 11.85529 0.46580 0.71057 1.35826 6 1 4 4 3
9168 9579 10.99214 0.01385 0.59979 2.67810 19 9 0 9 7
2900 7302 10.00040 0.01261 7.63063 0.72524 7 0 0 7 4
