2000 3419 11.77103 2.29658 0.66450 3.07791 24 17 3 13 8 76 100.00000 0
939 4195 10.75276 0.55559 1.27939 4.52212 23 9 8 19 6 112 100.00000 0
1981 4568 11.29674 0.04255 0.61090 2.42123 34 21 7 26 13 106 100.00000 0
1795 4404 10.92120 0.64557 0.80047 2.15013 22 9 0 20 9 120 100.00000 0
3424 4572 11.36026 1.65936 0.69621 2.14174 75 39 14 72 37 213 100.00000 0
941 4221 11.09795 0.03076 0.39840 2.24437 64 25 11 60 49 215 100.00000 0
3313 4624 11.54661 1.93089 0.77337 5.07613 3 2 0 0 1 9 100.00000 0
3398 4574 11.66679 2.98580 0.41990 0.54965 31 19 7 31 11 135 100.00000 0
1944 4535 10.67241 0.06258 1.72756 1.52931 72 0 0 64 42 236 100.00000 0
2013 3414 11.94384 2.91902 0.57983 2.65535 26 23 1 26 11 108 100.00000 0
1004 4265 11.18746 0.01602 0.50820 0.92069 40 31 7 35 16 160 100.00000 0
3411 4586 11.09934 2.30212 0.48879 3.09098 14 12 2 14 8 47 100.00000 0
3360 4601 10.07671 3.12944 0.54906 3.17077 28 20 6 15 10 125 100.00000 0
3316 4625 10.05877 1.99911 1.65621 5.48369 7 2 0 5 2 19 100.00000 0
2015 4579 11.80682 1.34021 0.26004 4.25561 30 22 6 23 11 87 100.00000 0
1003 4248 10.56080 0.02116 0.23528 0.90655 31 27 2 25 14 136 100.00000 0
1036 4277 11.74153 0.79050 0.09681 1.07811 92 81 4 92 61 295 100.00000 0
1025 4274 11.85598 0.18143 0.28106 1.35393 24 14 5 24 12 171 100.00000 0
3420 4569 11.16863 1.78615 0.62749 0.88116 67 48 8 65 41 192 100.00000 0
3369 4594 10.53298 3.11977 0.66421 3.86564 26 18 2 23 14 81 100.00000 0
1011 4252 10.43428 0.02551 0.25867 1.07593 39 35 4 36 22 193 100.00000 0
993 4259 11.01126 0.01514 0.27138 0.90396 50 36 14 48 22 188 100.00000 0
2004 4562 10.60807 0.72206 0.68898 0.87133 34 24 1 34 23 126 100.00000 0
1875 4467 10.31848 0.02322 0.51013 0.94502 40 16 0 32 17 156 100.00000 0
1034 4260 10.88328 0.64929 0.48127 1.32145 47 36 7 45 21 167 100.00000 0
3335 4630 11.35303 2.62880 0.56948 2.50577 24 24 0 17 14 86 100.00000 0
926 4210 10.75146 0.07148 0.52548 2.26814 48 10 7 45 21 161 100.00000 0
1910 4502 11.95305 0.07152 1.44060 1.47060 24 0 0 20 10 151 100.00000 0
1813 4413 10.62826 0.04454 0.45189 1.80363 16 14 0 9 6 103 100.00000 0
980 4250 10.90960 0.01631 0.25938 0.71982 48 38 10 44 25 169 100.00000 0
909 4184 10.79670 1.93821 0.37893 3.04002 31 17 2 16 11 117 100.00000 0
1976 4547 11.30759 0.01199 1.07474 0.66558 36 10 1 23 17 127 100.00000 0
915 4178 11.78967 1.91361 0.77525 4.42934 23 18 4 21 7 83 100.00000 0
953 4211 10.15524 0.05537 0.57041 3.01337 34 16 11 32 14 191 100.00000 0
1840 4418 10.72135 0.02521 0.81800 1.51775 31 25 2 23 12 133 100.00000 0
3341 4612 10.69718 3.02119 0.36106 2.56231 28 18 3 19 12 112 100.00000 0
2006 3408 10.52550 2.96467 1.11296 2.42414 29 24 5 27 11 78 100.00000 0
923 4179 11.02409 1.52544 0.42533 4.07102 33 19 12 30 16 103 100.00000 0
928 4183 10.43089 1.23718 0.43492 3.49693 41 15 16 34 20 175 100.00000 0
1924 4499 11.64191 0.07469 1.66493 0.99936 24 0 0 22 11 110 100.00000 0
3403 4589 10.95719 2.79297 0.51275 3.09402 28 21 0 22 16 107 100.00000 0
2012 3405 11.38195 2.42277 1.01001 2.05290 36 32 3 29 17 130 100.00000 0
990 4240 11.05713 0.01777 0.50097 1.05165 20 13 1 12 6 146 100.00000 0
914 4181 10.27047 1.83737 0.35930 3.36558 27 25 2 19 7 123 100.00000 0
909 4198 11.32270 1.16772 0.62313 2.56872 20 12 7 14 9 105 100.00000 0
1773 4395 10.52059 1.63534 0.27639 3.01402 18 15 1 10 5 90 100.00000 0
909 4185 10.34135 1.88849 0.44050 3.24498 33 15 6 26 11 90 100.00000 0
904 4191 11.88056 1.79913 0.47206 2.64693 16 13 2 10 6 78 100.00000 0
1003 4247 11.85033 0.01925 0.32493 0.83134 24 16 7 24 11 119 100.00000 0
945 4202 10.75995 0.16724 0.83320 3.27978 41 27 9 35 20 166 100.00000 0
993 4242 11.04556 0.01593 0.75880 0.97358 29 19 3 29 15 145 100.00000 0
3375 4605 10.08040 3.11669 0.85850 2.74067 16 3 2 5 3 75 100.00000 0
1917 4492 11.66333 0.08720 1.67378 0.74125 14 0 0 10 8 95 100.00000 0
1920 4496 10.29123 0.07388 1.30612 1.08028 31 3 0 23 7 187 100.00000 0
2020 4573 11.91393 1.54531 1.33009 6.87911 15 5 0 2 6 84 100.00000 0
1034 4276 10.97397 0.66361 0.17733 1.26424 92 72 10 88 41 311 100.00000 0
1999 3415 11.39773 2.44775 0.76365 2.61254 41 34 4 37 19 127 100.00000 0
1775 4398 11.22049 1.59651 0.33869 3.49278 14 9 3 14 5 75 100.00000 0
1995 4576 11.99923 0.21194 0.61718 3.23398 27 14 7 22 15 102 100.00000 0
3326 4631 10.67376 2.23366 0.35193 3.34749 5 4 1 3 2 26 100.00000 0
1003 4265 11.85233 0.01634 0.36661 0.95121 35 23 12 33 17 127 100.00000 0
956 4213 10.99299 0.04848 0.15757 2.46434 37 20 16 37 18 143 100.00000 0
2011 3406 10.85734 2.54035 0.84927 2.05443 36 21 10 32 13 159 100.00000 0
1787 4387 11.94287 1.16181 0.37323 1.66836 41 30 4 34 10 151 100.00000 0
1846 4423 11.27993 0.01279 0.67900 0.82614 22 16 1 14 13 112 100.00000 0
1971 4543 11.59748 0.02409 1.20202 1.03325 66 16 4 48 42 195 100.00000 0
3387 4597 10.54897 3.09658 0.69544 2.39833 16 5 1 10 4 101 100.00000 0
1799 4406 11.22994 0.40873 0.11347 1.68656 38 26 3 36 22 166 100.00000 0
1934 4525 10.74210 0.08102 1.69636 1.21949 35 1 0 33 19 181 100.00000 0
1879 4455 11.93614 0.01705 0.87203 1.11417 32 12 1 28 14 167 100.00000 0
1776 4397 10.39107 1.58363 0.68480 3.17965 16 13 1 11 11 89 100.00000 0
1775 4391 10.73241 1.61475 1.07760 3.01688 10 1 2 8 6 50 100.00000 0
1921 4512 10.95557 0.07440 1.68799 1.15352 13 0 0 11 6 128 100.00000 0
1016 4254 10.51339 0.01777 0.40699 0.81709 13 13 0 11 8 123 100.00000 0
3337 4614 10.61003 2.89118 0.50466 2.16573 37 34 2 32 26 132 100.00000 0
948 4226 11.02207 0.02363 0.21900 1.31433 47 34 13 39 28 250 100.00000 0
931 4185 10.91660 1.12040 0.14078 3.47480 51 22 13 49 20 181 100.00000 0
925 4209 10.48984 0.09126 0.31055 1.90536 39 12 11 31 21 200 100.00000 0
1024 4257 10.44843 0.13301 0.44108 1.64924 33 32 1 29 18 116 100.00000 0
1048 4275 11.27001 1.44258 0.22427 0.94045 62 57 5 62 28 260 100.00000 0
3335 4629 10.09324 2.64073 0.42573 2.59435 21 20 1 19 8 84 100.00000 0
1996 4559 10.09778 0.26574 0.75876 1.40444 48 21 5 44 29 136 100.00000 0
1847 4441 11.55264 0.03036 1.27486 1.80927 9 9 0 7 4 99 100.00000 0
1855 4432 10.69944 0.01525 0.88076 1.02603 19 4 1 10 12 138 100.00000 0
932 4187 10.41657 1.02100 0.36673 3.96269 35 8 8 33 18 149 100.00000 0
935 4217 11.30734 0.02482 0.58892 1.70088 33 7 10 28 20 154 100.00000 0
1988 4554 11.73670 0.04640 0.95909 2.02584 38 11 0 33 26 115 100.00000 0
1966 4539 11.40828 0.03065 1.47095 1.16197 26 0 0 24 12 129 100.00000 0
3313 4625 11.22320 1.91811 1.97698 4.72638 3 0 0 1 1 6 100.00000 0
3337 4613 11.86500 2.89679 0.48009 2.21275 33 31 1 29 24 121 100.00000 0
1973 4545 11.03296 0.01471 1.15067 0.56924 41 4 0 36 27 157 100.00000 0
1930 4505 11.57754 0.07154 1.67090 0.37639 25 0 0 25 13 128 100.00000 0
927 4211 11.01240 0.05930 0.59165 2.49450 50 13 6 48 23 188 100.00000 0
918 4205 11.43448 0.41236 0.46478 2.55021 52 34 18 52 29 206 100.00000 0
913 4180 11.16035 1.93124 0.97927 3.54111 29 11 0 23 13 116 100.00000 0
3350 4607 10.75398 3.13012 0.38468 3.08502 37 28 2 32 14 111 100.00000 0
1837 4431 10.31661 0.01613 0.63754 0.93628 21 15 3 18 10 129 100.00000 0
1007 4249 11.88875 0.02524 0.35980 1.07338 23 23 0 21 11 158 100.00000 0
1972 4562 11.86741 0.00792 0.95431 0.55036 33 11 5 24 15 143 100.00000 0
2018 4574 10.62174 1.46662 1.25643 6.04650 13 4 1 7 5 67 100.00000 0
2013 4578 10.18013 1.25027 0.67544 3.41444 28 21 1 26 17 141 100.00000 0
2007 3416 10.76830 2.89315 0.79410 2.28705 43 40 3 41 27 113 100.00000 0
3350 4623 11.07258 3.00671 0.10464 2.66785 18 14 4 16 6 102 100.00000 0
1975 4563 10.21330 0.00829 1.02650 0.58484 54 20 7 32 23 152 100.00000 0
2006 3405 11.65777 2.78985 0.43285 1.80450 42 32 7 39 14 154 100.00000 0
3408 4570 10.87426 2.47119 0.85377 0.70388 28 20 1 28 17 110 100.00000 0
944 4200 11.37483 0.26690 0.82447 3.58812 40 23 16 37 19 148 100.00000 0
1828 4408 10.70368 0.02528 0.14441 1.43967 35 32 3 35 17 125 100.00000 0
1880 4457 10.42538 0.01939 1.04145 1.39156 26 15 1 18 13 177 100.00000 0
3331 4631 11.33074 2.44948 0.41721 2.14977 12 11 1 10 8 54 100.00000 0
2019 4574 11.28046 1.50488 1.15002 4.79240 15 6 2 12 9 57 100.00000 0
2014 4578 10.50472 1.29741 0.60459 3.82316 33 15 10 31 10 120 100.00000 0
3315 4624 10.75753 1.98481 0.94963 6.44132 11 2 0 7 3 39 100.00000 0
1846 4439 10.12485 0.02364 0.99357 1.35191 24 13 1 14 6 162 100.00000 0
1805 4392 11.92984 0.21849 0.21962 0.68870 45 40 4 38 27 177 100.00000 0
1972 4561 10.60044 0.00623 1.15716 0.32626 67 17 2 61 41 186 100.00000 0
967 4240 10.72533 0.01756 0.32055 0.89351 47 39 8 43 28 156 100.00000 0
3342 4611 11.31307 3.04279 0.32488 2.73581 30 22 0 23 17 124 100.00000 0
913 4202 11.93999 0.76753 0.70962 2.79204 37 24 13 35 22 153 100.00000 0
938 4193 11.22523 0.67019 0.51070 4.06987 15 6 5 9 3 119 100.00000 0
2017 4571 10.04170 1.43489 0.49303 3.96250 22 17 0 20 10 80 100.00000 0
3397 4591 10.03727 3.06997 0.76054 4.10799 16 4 1 8 8 58 100.00000 0
3418 4569 10.56296 1.87584 0.62545 1.20203 36 24 7 26 17 147 100.00000 0
1831 4410 11.25117 0.00843 0.29724 0.98318 12 8 0 5 6 96 100.00000 0
994 4259 10.21233 0.01528 0.29560 0.89918 56 44 11 47 28 181 100.00000 0
995 4243 11.35005 0.01201 0.35060 0.78235 37 30 5 30 19 181 100.00000 0
3324 4620 10.04451 2.28863 0.48052 3.35509 10 8 0 5 5 23 100.00000 0
1045 4277 11.81589 1.32315 0.28047 1.16936 50 44 6 48 34 196 100.00000 0
3399 4574 11.01889 2.94948 0.32566 0.41496 30 25 4 26 9 147 100.00000 0
1859 4452 10.91428 0.01579 0.72442 1.14842 45 30 0 32 25 216 100.00000 0
3374 4607 11.67237 3.12439 1.22614 1.72578 6 1 0 6 2 41 100.00000 0
3352 4622 11.27447 3.01766 0.45581 2.72907 20 18 1 12 7 72 100.00000 0
2003 4561 11.35958 0.65753 0.78258 0.44411 37 13 7 30 20 100 100.00000 0
910 4181 11.75361 2.03191 0.50498 2.69210 33 20 6 16 11 122 100.00000 0
1048 4265 11.98599 1.42818 0.46124 0.87133 43 38 3 41 28 163 100.00000 0
972 4226 11.61386 0.03017 0.33423 1.67725 32 19 8 24 14 129 100.00000 0
3330 4631 11.14495 2.40421 0.61106 2.82632 30 28 1 26 20 94 100.00000 0
905 4192 11.45899 1.70048 0.96344 4.74210 10 1 0 8 3 54 100.00000 0
3408 4587 10.94561 2.48365 0.52574 3.31635 15 13 2 11 6 66 100.00000 0
1884 4476 10.86859 0.03449 0.86817 0.81373 34 17 0 29 11 190 100.00000 0
2002 3408 11.74755 3.06085 0.71780 2.66580 33 32 1 27 15 77 100.00000 0
1038 4262 10.10514 0.90286 0.22749 1.33969 30 23 6 28 15 139 100.00000 0
2009 3409 10.07049 2.84227 0.58733 2.56277 26 21 1 19 9 104 100.00000 0
971 4244 11.93306 0.02119 0.33524 0.88071 60 49 10 60 35 204 100.00000 0
1050 4273 11.32841 1.49845 0.29903 0.41965 59 56 3 59 34 231 100.00000 0
996 4261 11.33696 0.01223 0.25102 0.71052 21 16 4 18 13 131 100.00000 0
1808 4394 11.40235 0.15463 0.15359 0.75796 45 40 3 30 22 165 100.00000 0
908 4184 11.30926 1.98541 0.96814 2.96451 13 10 3 13 5 63 100.00000 0
1025 4257 10.93063 0.17115 0.42303 1.76990 36 32 3 36 21 138 100.00000 0
1865 4442 10.81550 0.01758 1.04076 0.75744 27 7 1 16 11 160 100.00000 0
1856 4433 10.68525 0.01605 0.52909 0.70831 12 11 0 8 5 110 100.00000 0
3358 4601 11.83048 3.12923 0.38166 3.10917 46 40 1 39 22 130 100.00000 0
1988 4572 11.24726 0.06362 0.18983 3.43125 53 46 3 38 26 111 100.00000 0
962 4236 10.44283 0.01649 0.85391 1.03665 50 24 5 46 23 216 100.00000 0
972 4244 10.96688 0.02179 0.12301 0.97919 62 54 8 54 41 208 100.00000 0
1876 4468 10.39770 0.02699 0.92353 1.04343 36 15 0 32 27 144 100.00000 0
910 4199 11.41509 1.06317 0.38120 2.45734 24 16 8 20 14 159 100.00000 0
1798 4406 11.85898 0.46166 0.48865 1.83398 20 16 1 11 7 109 100.00000 0
1787 4388 10.85736 1.16898 0.93077 1.44969 31 27 1 29 15 125 100.00000 0
1038 4261 11.36001 0.90229 0.21931 1.11592 20 19 0 16 14 99 100.00000 0
1987 4554 11.06692 0.03716 1.07984 1.97318 37 6 2 35 20 158 100.00000 0
2012 4566 10.21233 1.21747 0.79141 1.52264 59 35 6 52 28 198 100.00000 0
3418 4568 11.61788 1.87514 0.77819 1.72374 44 31 7 33 21 142 100.00000 0
1902 4478 10.28896 0.01911 1.32675 0.84116 59 8 0 52 38 260 100.00000 0
1871 4463 10.08523 0.01647 0.53810 0.88603 50 37 2 46 30 211 100.00000 0
988 4239 10.56721 0.01697 0.58507 0.99229 48 43 5 40 23 201 100.00000 0
2008 3409 10.09309 2.90685 1.10509 2.81758 19 8 1 10 10 78 100.00000 0
991 4241 10.65182 0.01536 0.17230 1.01529 40 31 6 36 23 140 100.00000 0
1792 4388 11.09643 0.87569 0.61227 1.48859 32 28 1 32 14 148 100.00000 0
907 4197 11.84313 1.31813 0.70296 4.07996 23 20 1 12 10 82 100.00000 0
2018 4577 11.79739 1.46103 1.17597 5.34595 22 18 1 16 13 104 100.00000 0
1845 4423 10.03944 0.01190 0.58540 0.71436 32 25 5 30 16 119 100.00000 0
1833 4428 10.89598 0.00736 0.45212 0.16313 39 35 1 37 22 143 100.00000 0
915 4203 11.55690 0.62720 0.20911 2.91040 31 18 11 21 16 161 100.00000 0
1861 4438 10.71111 0.01766 0.54251 0.61038 24 17 2 11 8 106 100.00000 0
1915 4491 10.29585 0.08084 1.20134 0.28531 24 5 0 21 13 148 100.00000 0
1800 4406 10.64921 0.35751 0.39758 1.38706 44 36 2 42 23 177 100.00000 0
3359 4617 10.55261 3.08446 0.74183 2.33498 24 8 7 13 5 99 100.00000 0
3419 4582 10.61624 1.85010 0.77059 4.00057 38 23 6 33 12 110 100.00000 0
1032 4276 11.68811 0.54189 0.40675 1.23035 83 63 11 79 31 318 100.00000 0
1818 4400 11.67105 0.03280 0.53873 1.77432 44 33 4 31 19 181 100.00000 0
951 4209 10.20779 0.05337 1.03067 2.90421 39 16 19 24 15 194 100.00000 0
1050 4268 11.40344 1.48604 0.20288 1.15691 66 52 6 62 32 204 100.00000 0
3336 4614 11.18141 2.85533 0.39752 2.23686 30 26 0 24 14 101 100.00000 0
1964 4555 11.83696 0.02242 1.62701 1.23353 50 0 0 43 31 158 100.00000 0
989 4240 10.18471 0.01666 0.52237 1.00249 22 18 2 20 11 126 100.00000 0
933 4186 11.61900 1.06941 0.39642 3.73214 45 26 9 38 25 206 100.00000 0
3318 4631 11.65608 1.98073 1.76582 6.69041 4 0 0 4 2 6 100.00000 0
2015 4566 11.82640 1.35950 0.86372 2.83103 33 15 1 24 15 165 100.00000 0
