115 1547 10.74453 1.81495 0.14617 4.35352 31 20 8 31 14
2449 3377 11.51103 1.06393 0.14430 2.54684 88 42 36 88 29
371 2423 11.23183 1.47320 0.28285 1.71235 31 16 9 28 12
578 3561 10.68366 1.14106 0.01875 1.47618 196 165 27 196 130
525 3499 10.48394 0.06692 0.18014 0.66969 96 80 13 96 68
2334 3288 10.21449 0.60180 0.14682 1.73731 161 126 26 157 92
391 2423 11.78355 1.43327 0.21845 3.25028 66 46 14 66 22
1403 3556 10.73074 2.22336 0.14908 0.81565 87 72 15 87 62
15 4449 11.54991 0.30032 0.25980 0.94045 47 28 8 39 25
591 1415 10.97019 3.09723 0.15967 0.58013 51 43 7 51 36
595 1404 10.35491 2.30808 0.25103 1.13746 61 53 6 57 44
444 3427 10.04481 0.90278 0.04104 1.12883 146 127 15 144 87
523 3550 11.45851 1.08776 0.16363 2.45973 77 52 22 75 49
595 1405 10.42108 2.35133 0.16380 1.16668 88 68 11 88 62
1386 3550 10.00667 2.22747 0.03058 1.38734 143 125 13 139 98
2335 3263 10.68921 1.68586 0.97303 2.77784 106 79 26 106 38
572 1420 10.90436 1.95009 0.22740 1.58066 53 38 9 53 29
410 3398 10.06667 0.08351 0.15281 2.62614 163 145 16 163 98
595 1408 10.75489 2.49652 0.16944 0.56093 128 97 21 128 83
858 3768 10.49101 0.04389 0.10207 2.19214 72 53 15 68 34
571 1421 11.45938 1.88885 0.21537 1.47299 70 53 15 70 43
547 3502 10.88783 0.11507 0.22739 1.36286 127 96 15 125 52
413 3441 10.15621 1.24783 0.31282 4.48664 44 15 24 41 21
83 4512 11.02520 0.03714 0.28780 0.88823 112 75 29 112 73
551 3501 11.73357 0.11499 0.19379 1.35277 115 93 18 115 55
158 1616 11.69931 0.12112 0.18294 0.53887 54 37 13 46 29
754 3668 10.93412 1.51079 0.52006 2.06014 71 37 16 69 35
532 3553 10.10113 1.22467 0.11493 2.19749 128 100 24 126 89
556 1407 11.72521 2.51256 0.09425 1.42930 90 67 8 83 68
428 2456 10.19883 1.06349 0.15632 4.82735 111 78 24 107 41
2464 3402 11.17440 0.09188 0.28043 2.37916 68 45 12 68 33
544 3557 11.21174 1.41059 0.08303 1.62967 77 59 17 72 42
2455 3388 11.07632 0.61450 0.15415 2.70081 121 96 16 119 62
5 4431 10.81164 0.89906 0.66475 2.75605 109 90 16 105 47
447 3464 11.48221 0.02016 0.07516 1.11698 94 66 23 94 49
1540 4534 11.82773 3.13185 0.12798 3.91767 83 62 11 81 49
395 3377 11.00395 1.18611 0.33507 2.80491 69 40 28 67 22
717 3679 11.35865 0.62154 0.82218 2.78193 56 41 13 56 19
2328 3273 10.71687 1.61371 0.40830 3.01649 133 90 30 124 52
428 3408 11.76796 1.05132 0.38679 4.26857 63 41 11 61 31
378 3364 11.72483 1.59149 0.22860 1.81445 108 79 15 108 61
786 3713 10.60311 0.03818 0.11317 0.84395 109 74 27 109 75
749 3662 11.42045 1.29293 0.66176 2.57648 38 27 10 36 12
417 3446 11.29783 1.13541 0.46176 2.19499 100 67 19 98 54
2466 3407 10.19850 0.06239 0.11613 3.49536 63 42 16 61 25
92 1565 10.98516 1.94637 0.05286 1.23733 116 99 15 113 74
958 3841 10.50947 1.13182 0.24036 0.37325 104 84 16 100 80
915 3836 10.34230 0.02788 0.31493 0.80600 55 32 13 43 27
666 3624 11.09642 0.00355 0.18554 0.22728 109 82 14 109 73
1416 3551 11.15230 3.09194 0.27007 0.48537 64 47 4 62 46
562 1406 11.63728 2.56523 0.30505 1.36286 60 50 6 54 43
678 3616 11.85252 0.00666 0.05523 0.37220 19 13 6 17 9
419 2452 10.01915 0.50459 0.19413 1.47432 139 104 21 135 81
877 3784 11.97781 0.06473 0.24801 0.66793 177 146 25 172 115
751 3666 10.34155 1.39535 0.24144 2.71930 69 44 17 67 29
391 3369 11.88995 1.48783 0.23441 3.13150 100 75 19 95 42
516 580 11.61045 0.55335 0.14765 2.10951 89 71 11 86 61
475 3464 11.97015 0.01877 0.06734 0.41117 128 109 15 123 91
148 1576 11.63775 0.08388 0.24460 1.83909 65 36 19 61 31
1408 3554 10.14746 2.55443 0.18374 0.36584 134 103 25 132 91
667 3607 11.56704 0.01346 0.25208 0.72416 87 71 12 84 59
131 4532 10.50841 1.54555 0.11021 0.73807 134 104 20 127 94
405 3389 11.91620 0.55190 0.10131 3.44014 105 78 18 105 58
125 4540 10.85627 1.44683 0.42191 1.84864 129 81 28 123 43
684 3621 11.86790 0.01961 0.22362 1.11768 47 25 11 42 19
102 4520 11.13582 0.32612 0.33402 1.00755 112 87 18 108 72
2432 3403 10.70970 0.94258 0.20714 2.58573 130 103 17 124 61
511 3528 11.00628 0.18681 0.18804 1.57991 146 113 31 146 98
826 3745 11.94841 0.05989 0.07872 0.73754 74 52 20 71 43
471 3461 11.28026 0.02688 0.23345 1.09146 102 73 19 99 65
194 1619 11.49547 0.08180 0.19220 0.06853 95 72 15 95 62
541 3503 10.04788 0.11372 0.53751 1.22269 100 74 10 94 51
18 4453 11.70835 0.16095 0.01251 1.34494 71 50 12 69 53
1399 3532 11.38021 2.97869 0.10449 0.71819 93 79 7 91 68
772 3695 11.96207 0.07969 0.04688 1.95425 137 116 18 137 94
576 1389 11.68375 3.02322 0.15839 0.59215 109 94 6 104 88
518 3542 10.83686 0.61577 0.25705 1.97278 78 60 13 74 51
2439 3364 11.02399 0.96576 0.87226 3.42417 102 82 14 94 65
412 3442 10.95368 1.31661 0.36831 4.75440 45 29 13 45 17
569 1407 10.30924 2.58635 0.20464 1.71372 80 56 14 78 45
439 3459 11.71112 0.04273 0.08212 0.71327 107 79 25 105 63
874 3782 11.16013 0.05782 0.14377 0.39565 145 107 25 139 85
132 4537 11.66718 1.54946 0.46321 2.12891 107 62 19 107 48
597 1402 11.24369 2.15792 0.25149 1.31254 65 49 13 63 35
2452 3428 11.20538 0.70663 0.08870 3.08363 80 61 8 70 41
425 2479 11.64363 0.88348 0.94406 5.83869 39 26 11 39 13
1388 3542 10.64649 2.75023 0.21158 1.54383 82 68 9 78 53
492 3499 10.18538 0.04577 0.66151 2.44008 75 52 17 69 30
659 3601 10.89804 0.02354 0.28924 1.34814 59 38 15 57 41
2379 3312 11.17297 0.02863 0.15774 0.48859 100 64 27 100 51
219 1633 10.33262 1.44979 0.04315 0.57675 74 65 7 71 53
582 1383 11.27619 2.64342 0.29096 2.02255 133 108 18 131 82
2388 3344 11.19975 0.02217 0.33813 1.29059 65 44 8 61 36
1410 3527 10.31118 2.41201 0.11116 1.84674 75 63 8 73 55
737 3657 10.15225 0.52011 0.17713 2.05252 100 79 17 98 58
2469 3445 11.11509 1.54966 0.95000 6.14274 12 4 3 9 7
429 2479 11.43009 1.10903 0.68069 4.96483 38 19 5 29 10
7 4432 11.96482 0.87808 0.22449 2.35933 98 83 12 98 39
381 3364 11.64073 1.58401 0.17827 1.65209 101 77 19 99 56
149 1578 11.24811 0.07916 0.24317 1.71692 96 60 18 96 47
213 1630 10.02511 1.19971 0.12477 0.37220 86 72 6 77 66
681 3636 10.07453 0.02479 0.26428 1.36888 80 49 13 78 47
727 3693 11.66185 1.53192 0.58379 2.68511 100 77 17 100 40
564 3557 10.75864 1.39588 0.25445 1.52931 63 39 17 60 29
1398 3535 10.94358 3.08101 0.10559 0.94128 86 69 15 84 58
213 1649 11.10205 1.46747 0.15180 1.37572 101 82 10 101 66
510 565 11.20023 0.14017 0.54925 2.16085 118 83 18 116 65
421 3447 10.49148 0.91149 0.08007 0.76208 70 61 7 70 49
542 595 10.21960 1.32607 0.22319 1.81424 124 94 26 124 79
509 563 11.52826 0.13012 0.78605 2.06659 60 43 5 51 22
598 3532 10.25474 1.26658 0.22578 1.89610 155 122 26 153 81
740 3700 10.65723 1.01638 0.12907 1.04829 152 123 25 148 85
2449 3380 10.40104 0.92095 0.41571 2.11230 93 56 31 91 36
736 3656 10.57821 0.46328 0.20884 1.67958 108 81 19 104 63
702 3658 11.19489 0.03453 0.16438 0.39958 117 77 35 107 74
405 2442 10.16858 0.40647 0.12168 2.97901 133 106 17 129 84
2436 3360 11.51892 0.82616 0.37344 1.66366 183 150 21 183 112
2447 3373 11.76464 1.16633 1.00962 2.33246 92 66 18 90 57
515 576 10.93095 0.36941 0.19759 2.32204 84 61 16 79 43
521 586 11.14252 0.89090 0.32097 2.33515 52 40 5 52 38
714 3644 11.58707 0.01470 0.10625 0.38664 68 46 22 68 39
125 1551 10.88796 1.29487 0.15127 1.86088 85 48 16 81 53
2359 3280 11.60974 0.91132 0.39820 1.88180 109 87 6 104 52
593 3518 10.65518 1.28173 0.18227 2.86785 76 58 16 72 39
546 3557 11.21914 1.41025 0.16061 1.62534 79 51 21 76 43
97 1552 11.90716 2.58595 0.37496 2.46053 30 24 3 30 16
90 1564 11.94260 2.02168 0.11386 1.12152 98 69 21 92 49
392 2424 11.74396 1.40119 1.34520 3.20589 115 89 22 115 37
601 3538 10.76442 1.13034 0.14049 1.21273 157 124 21 153 108
945 3855 10.68365 0.34359 0.23707 0.53449 92 72 18 92 71
503 3487 10.36291 0.04223 0.16209 2.05443 97 71 10 88 56
405 3433 10.01999 1.05772 0.15285 5.01032 89 54 21 86 48
2342 3260 11.49206 1.57446 0.21291 3.02181 45 20 18 45 20
2473 3443 10.71559 1.51622 0.73417 5.10684 37 20 15 35 13
396 2431 10.60505 1.07662 0.17806 2.92302 111 82 19 111 40
800 3726 10.08626 0.02419 0.13493 0.33572 100 61 24 96 52
741 3657 11.69153 0.75466 0.31448 2.83697 63 46 12 63 27
603 3541 11.22881 1.01205 0.39318 1.81013 92 65 25 90 53
564 1409 10.85084 2.42396 0.16877 1.65753 65 45 19 63 37
106 4540 10.55858 0.55062 0.16584 1.52239 141 108 28 139 74
551 1411 11.18623 2.29926 0.21661 1.63423 35 22 5 28 20
91 1562 11.53892 2.13203 0.54611 1.44456 96 78 9 86 43
400 3383 11.69340 0.89346 0.39141 2.97019 83 59 16 75 34
539 1417 11.51541 1.94865 0.06520 1.71486 73 62 9 73 53
818 3739 11.86804 0.05403 0.18524 0.86139 14 8 3 8 6
1578 4537 11.65490 1.63819 0.46845 1.62438 105 81 17 105 63
741 3702 11.61325 0.95157 0.06420 1.06054 195 175 17 195 139
743 3701 10.10380 0.82626 0.15434 1.67841 180 156 22 175 106
495 3480 11.73798 0.02048 0.21871 0.34264 142 110 23 138 90
26 4463 11.34854 0.02353 0.13473 0.83509 124 96 15 120 87
588 1378 11.81548 2.20251 0.17462 1.05647 128 100 16 118 63
566 1403 11.69155 2.72289 0.78473 1.37316 31 23 5 29 12
698 3653 10.73586 0.02149 0.20811 0.27124 121 90 25 116 75
2432 3404 11.20678 0.95801 0.69218 2.67781 92 68 19 87 45
590 1382 10.80670 2.13124 0.09861 1.50558 121 90 23 117 79
595 3519 11.19941 1.36407 0.18887 2.78881 64 32 19 58 28
12 4445 11.12199 0.44621 0.25569 0.88160 142 106 14 140 95
619 3565 10.61115 0.01832 0.26156 0.97156 107 69 35 105 67
1385 3554 10.85013 1.97478 0.17912 1.10074 138 119 14 129 99
621 3587 10.80721 0.01343 0.13835 0.12820 78 65 9 78 57
1575 4529 10.71214 1.66072 0.25031 1.37800 160 130 25 155 111
719 3681 10.97407 0.77446 0.03314 2.91913 72 45 24 72 20
1418 3522 11.60818 1.88990 0.25223 1.98643 57 42 10 53 31
919 3839 10.00787 0.03057 0.44463 1.04005 119 98 11 117 82
708 3665 10.80542 0.01654 0.22527 0.60909 176 144 25 176 124
600 3536 10.63680 1.19250 0.36378 1.70387 109 85 17 102 61
552 1416 11.26247 2.00088 0.27438 1.87053 27 18 7 27 15
1390 3540 10.87568 2.87580 0.07962 1.01799 131 109 19 129 91
221 1636 10.07077 1.52997 0.07746 0.85318 91 68 12 82 57
546 3502 10.88827 0.11496 0.31165 1.30746 116 95 5 116 57
523 588 10.95953 1.01092 0.14910 2.38852 113 73 32 113 64
650 3611 10.98224 0.02716 0.40719 1.40193 114 88 16 114 66
565 1420 11.70149 1.83120 0.21086 1.88948 28 17 8 25 12
582 3562 10.30517 0.93559 0.23053 2.13295 144 120 15 142 71
792 3718 11.26078 0.01629 0.19838 0.69830 47 29 12 47 24
567 1414 10.14103 2.16253 0.11882 2.23055 76 59 11 69 42
370 2439 11.62313 0.64640 0.50397 1.29271 95 72 13 91 45
1558 4527 10.29856 2.35834 0.23659 1.80363 35 22 10 33 14
478 3488 10.80364 0.01575 0.07639 0.64650 148 112 33 146 97
835 3775 10.17397 0.07998 0.37120 1.57719 162 129 29 157 65
535 3556 11.07096 1.37410 0.11114 1.63351 114 94 15 110 76
1402 3527 11.84386 2.78534 0.14170 1.28664 70 57 6 64 45
1420 3539 10.52194 2.19549 0.13275 0.80939 81 57 19 72 50
508 558 11.79446 0.12236 0.58205 1.55469 132 107 9 121 52
513 3531 10.48913 0.23966 0.20793 1.46687 111 64 36 107 73
539 3502 10.76934 0.11422 0.31387 1.25803 147 112 13 147 86
514 577 11.75332 0.41583 0.24438 2.42414 71 58 9 64 43
558 3501 11.84659 0.11612 0.61565 1.48569 147 103 19 141 65
377 3366 10.89388 1.57292 0.19557 2.43156 71 46 19 69 37
560 1417 11.27358 1.95091 0.26007 1.97318 66 44 11 62 30
464 3455 10.16057 0.01633 0.07291 0.96631 126 100 17 121 84
501 3509 10.82882 0.02260 0.15437 0.80113 130 104 17 130 83
1403 3534 10.20601 2.89883 0.16537 1.06054 110 94 11 110 82
106 1579 10.98190 1.08515 0.12571 1.26702 182 135 19 180 127
2455 3432 10.65047 1.00399 0.23419 4.51293 99 67 13 99 49
533 3500 11.83555 0.10438 0.30241 0.94253 105 75 17 105 63
41 4479 10.39581 0.02173 0.33102 0.58751 63 33 16 49 26
964 3856 10.91288 1.47447 0.29962 1.23035 136 95 24 130 60
100 4538 10.44230 0.21965 0.07728 1.06459 106 79 21 104 60
557 3557 11.15820 1.40951 0.11303 1.52495 71 54 15 71 43
