0.09597 0.08171
0.08212 0.09478
0.04968 0.07567
0.04923 0.07801
0.04699 0.07245
0.04487 0.07338
0.06736 0.08089
0.06512 0.08283
0.04594 0.07118
0.08294 0.10315
0.06581 0.07719
0.06963 0.08679
0.08933 0.10541
0.04677 0.07071
0.05986 0.07037
0.04651 0.06847
0.04708 0.07458
0.04811 0.07860
0.06829 0.08212
0.05793 0.08582
0.04702 0.06581
0.04693 0.07661
0.08204 0.08828
0.08609 0.10436
0.04885 0.07494
0.06216 0.07510
0.07804 0.09624
0.05725 0.07762
0.04835 0.07413
0.04707 0.07401
0.07730 0.09145
0.07642 0.08600
0.07566 0.08602
0.06471 0.07381
0.07011 0.08359
0.06955 0.08479
0.06604 0.08207
0.07869 0.08651
0.06649 0.08155
0.04602 0.07451
0.06521 0.07362
0.08127 0.10131
0.06599 0.09425
0.08083 0.09267
0.04880 0.05505
0.04719 0.07699
0.04724 0.07665
0.04997 0.06284
0.07332 0.08611
0.07584 0.10606
0.07079 0.07953
0.06421 0.08215
0.06819 0.08783
0.04770 0.07025
0.04839 0.07136
0.06602 0.08707
0.06761 0.08441
0.04825 0.07487
0.06599 0.07945
0.06254 0.09111
0.04932 0.07353
0.06063 0.08763
0.08772 0.10158
0.09794 0.09228
0.08106 0.10034
0.09726 0.10297
0.07883 0.09303
0.04766 0.07446
0.04665 0.07194
0.04746 0.07186
0.07407 0.08790
0.07577 0.09698
0.05747 0.06858
0.04428 0.07464
0.04811 0.07733
0.08430 0.09254
0.06036 0.06791
0.07355 0.09051
0.06150 0.08609
0.06547 0.08130
0.05680 0.06903
0.06910 0.08312
0.04596 0.07092
0.04775 0.07102
0.07065 0.08206
0.05751 0.07393
0.06693 0.07697
0.09600 0.09670
0.05852 0.07461
0.06121 0.06516
0.07216 0.08361
0.07350 0.08272
0.08734 0.10390
0.06138 0.07623
0.08552 0.09962
0.07823 0.06685
0.07136 0.07539
0.05820 0.07078
0.04845 0.07213
0.04860 0.07647
0.04695 0.05865
0.06929 0.08465
0.07603 0.08428
0.05333 0.07678
0.05076 0.07513
0.06037 0.07606
0.07117 0.08658
0.06288 0.08087
0.06274 0.08386
0.07448 0.07930
0.07209 0.08462
0.05210 0.06619
0.08346 0.10329
0.07236 0.10390
0.07815 0.09018
0.04785 0.07254
0.08369 0.10183
0.08604 0.10365
0.06056 0.07337
0.07442 0.07873
0.04751 0.07357
0.08612 0.10593
0.07744 0.07825
0.05872 0.07814
0.04522 0.07550
0.04937 0.07672
0.06037 0.08469
0.04757 0.07305
0.06843 0.07901
0.07834 0.09053
0.07096 0.08319
0.06960 0.08826
0.07923 0.08121
0.09463 0.09678
0.06388 0.07907
0.08407 0.07835
0.04739 0.07291
0.07563 0.10238
0.07192 0.08733
0.08253 0.06761
0.04848 0.07344
0.05043 0.07713
0.08548 0.10112
0.07009 0.08580
0.06116 0.08734
0.08538 0.10048
0.06027 0.07693
0.05349 0.07486
0.08275 0.09948
0.06657 0.08716
0.06182 0.08172
0.04632 0.06999
0.04774 0.07536
0.06223 0.07500
0.07343 0.08427
0.07579 0.08796
0.05746 0.07582
0.07392 0.08450
0.04853 0.07653
0.06856 0.09039
0.04843 0.07750
0.04386 0.07243
0.06998 0.08570
0.05156 0.07121
0.04533 0.07345
0.08394 0.09024
0.07334 0.09806
0.08014 0.09044
0.08709 0.09595
0.07889 0.09212
0.08570 0.10454
0.07410 0.09281
0.04772 0.07367
0.04647 0.08497
0.07429 0.08994
0.07273 0.09362
0.04646 0.07167
0.06639 0.08617
0.06092 0.07626
0.04611 0.07251
0.04686 0.07569
0.04637 0.07035
0.06626 0.08112
0.05912 0.07386
0.06866 0.09011
0.06002 0.08164
0.04489 0.07302
0.06275 0.08322
0.07985 0.09423
0.04827 0.07444
0.06902 0.08677
0.04619 0.07114
0.06109 0.07095
0.06914 0.08736
0.04487 0.07437
0.05578 0.07856
0.06087 0.08212
0.04766 0.06171
0.05732 0.06508
0.07847 0.07502
