115 1547 10.74453 1.81495 0.11332 4.34875 38 36 2 38 23
2449 3377 11.51103 1.06393 1.34740 2.57405 49 46 3 49 17
371 2423 11.23183 1.47320 0.40379 1.79166 26 21 4 18 10
578 3561 10.68366 1.14106 0.12054 1.47565 98 90 8 98 69
525 3499 10.48394 0.06692 0.30814 0.72793 40 31 7 36 26
2334 3288 10.21449 0.60180 0.20282 1.73348 60 57 3 58 28
391 2423 11.78355 1.43327 1.50657 3.25185 51 47 4 51 13
1403 3556 10.73074 2.22336 0.18964 0.79525 85 78 7 85 61
15 4449 11.54991 0.30032 0.16911 0.91941 41 33 8 37 22
591 1415 10.97019 3.09723 0.28293 0.58950 37 33 4 37 20
595 1404 10.35491 2.30808 0.25461 1.15691 69 61 8 67 40
444 3427 10.04481 0.90278 0.37443 1.11206 59 53 5 56 24
523 3550 11.45851 1.08776 0.26208 2.46783 31 30 1 29 16
595 1405 10.42108 2.35133 0.21955 1.12570 76 71 5 76 41
1386 3550 10.00667 2.22747 0.19815 1.40945 45 43 2 43 26
2335 3263 10.68921 1.68586 0.50061 2.77827 45 43 2 41 15
572 1420 10.90436 1.95009 0.26239 1.59201 29 25 4 29 16
410 3398 10.06667 0.08351 0.22450 2.62883 54 48 6 54 33
595 1408 10.75489 2.49652 0.26873 0.51738 89 83 5 84 50
858 3768 10.49101 0.04389 0.19275 2.18660 46 42 4 42 21
571 1421 11.45938 1.88885 0.07249 1.47087 27 25 2 24 10
547 3502 10.88783 0.11507 0.11835 1.36143 65 58 7 65 31
413 3441 10.15621 1.24783 1.22998 4.67814 9 5 2 5 4
83 4512 11.02520 0.03714 0.27919 0.89219 51 45 6 51 26
551 3501 11.73357 0.11499 0.50528 1.35509 40 35 5 38 18
158 1616 11.69931 0.12112 0.30103 0.52638 41 35 5 38 21
754 3668 10.93412 1.51079 0.09550 2.04220 47 41 3 41 18
532 3553 10.10113 1.22467 0.24618 2.19802 46 36 10 44 21
556 1407 11.72521 2.51256 0.06525 1.33940 40 36 3 35 22
428 2456 10.19883 1.06349 0.14622 4.82832 53 48 5 50 28
2464 3402 11.17440 0.09188 0.18793 2.38294 40 39 0 35 28
544 3557 11.21174 1.41059 0.26644 1.64972 26 22 4 22 15
2455 3388 11.07632 0.61450 0.30137 2.71296 79 73 6 75 43
5 4431 10.81164 0.89906 0.44473 2.74823 36 32 4 32 13
447 3464 11.48221 0.02016 0.42858 1.24866 43 36 6 39 19
1540 4534 11.82773 3.13185 0.08025 3.91737 66 64 2 60 32
395 3377 11.00395 1.18611 0.11579 2.80212 74 69 5 74 28
717 3679 11.35865 0.62154 1.64022 2.78108 18 16 2 14 6
2328 3273 10.71687 1.61371 1.05597 3.01805 43 40 3 37 19
428 3408 11.76796 1.05132 0.21039 4.25183 51 51 0 51 33
378 3364 11.72483 1.59149 0.18305 1.75836 20 14 6 18 8
786 3713 10.60311 0.03818 0.20688 0.86094 36 32 4 34 19
749 3662 11.42045 1.29293 0.89694 2.60249 32 22 9 32 9
417 3446 11.29783 1.13541 0.51046 2.18516 24 17 5 15 7
2466 3407 10.19850 0.06239 0.51384 3.49525 31 27 2 22 11
92 1565 10.98516 1.94637 0.15818 1.24584 49 47 2 49 19
958 3841 10.50947 1.13182 0.22784 0.58081 36 35 1 32 18
915 3836 10.34230 0.02788 0.22401 0.79130 31 28 3 22 15
666 3624 11.09642 0.00355 0.44485 0.23407 29 26 3 29 15
1416 3551 11.15230 3.09194 0.17934 0.48376 64 60 4 64 42
562 1406 11.63728 2.56523 0.05603 1.33911 43 40 3 35 21
678 3616 11.85252 0.00666 0.40905 0.37534 16 15 1 16 7
419 2452 10.01915 0.50459 0.21786 1.47909 64 55 9 62 34
877 3784 11.97781 0.06473 0.12838 0.66676 80 67 12 74 30
751 3666 10.34155 1.39535 0.42195 2.70516 32 27 4 29 14
391 3369 11.88995 1.48783 0.87957 3.14398 34 30 3 28 6
516 580 11.61045 0.55335 0.06083 2.10970 51 46 5 44 30
475 3464 11.97015 0.01877 0.16699 0.44235 73 70 3 73 50
148 1576 11.63775 0.08388 0.21049 1.85857 57 47 7 55 27
1408 3554 10.14746 2.55443 0.21413 0.37742 84 81 3 84 50
667 3607 11.56704 0.01346 0.11820 0.71873 49 43 6 44 22
131 4532 10.50841 1.54555 0.07471 0.91813 85 75 5 81 50
405 3389 11.91620 0.55190 0.10236 3.43969 59 53 5 54 28
125 4540 10.85627 1.44683 0.37383 1.84886 56 47 9 54 25
684 3621 11.86790 0.01961 0.11256 1.12848 35 29 6 29 19
102 4520 11.13582 0.32612 0.32886 1.03401 38 28 10 34 13
2432 3403 10.70970 0.94258 0.83100 2.58619 59 56 3 55 24
511 3528 11.00628 0.18681 0.20802 1.58486 46 36 10 44 18
826 3745 11.94841 0.05989 0.35460 0.76719 30 26 1 23 12
471 3461 11.28026 0.02688 0.09256 0.93628 46 43 3 42 22
194 1619 11.49547 0.08180 0.11556 0.07402 46 38 7 43 23
541 3503 10.04788 0.11372 0.14156 1.21756 56 52 3 48 26
18 4453 11.70835 0.16095 0.26054 1.29724 64 56 7 58 28
1399 3532 11.38021 2.97869 0.14704 0.71601 79 68 11 79 39
772 3695 11.96207 0.07969 0.14730 1.95405 62 55 7 60 37
576 1389 11.68375 3.02322 0.23545 0.54965 55 47 8 51 30
518 3542 10.83686 0.61577 0.13261 1.97159 61 58 3 57 31
2439 3364 11.02399 0.96576 0.97470 3.45819 49 45 3 42 21
412 3442 10.95368 1.31661 0.67905 4.77545 19 14 5 17 9
569 1407 10.30924 2.58635 0.26041 1.74988 53 43 9 53 27
439 3459 11.71112 0.04273 0.25375 0.70665 46 40 6 42 19
874 3782 11.16013 0.05782 0.23665 0.47806 84 77 7 82 49
132 4537 11.66718 1.54946 0.47394 2.06317 75 69 3 71 37
597 1402 11.24369 2.15792 0.24279 1.36401 67 59 8 65 30
2452 3428 11.20538 0.70663 0.53114 3.09579 45 40 5 40 26
425 2479 11.64363 0.88348 1.07494 5.90226 12 5 0 5 6
1388 3542 10.64649 2.75023 0.59438 1.56548 58 52 5 56 22
492 3499 10.18538 0.04577 0.20375 2.44104 30 29 1 25 16
659 3601 10.89804 0.02354 0.39594 1.35162 24 20 3 22 12
2379 3312 11.17297 0.02863 0.10196 0.52489 68 55 11 62 34
219 1633 10.33262 1.44979 0.09791 0.70665 28 27 1 24 17
582 1383 11.27619 2.64342 0.33900 2.08168 52 51 1 52 23
2388 3344 11.19975 0.02217 0.20043 1.33295 48 38 7 43 28
1410 3527 10.31118 2.41201 0.24884 1.84356 57 48 9 48 30
737 3657 10.15225 0.52011 0.27175 2.05481 53 47 5 49 28
2469 3445 11.11509 1.54966 33.48362 78.51639 4 0 0 2 2
429 2479 11.43009 1.10903 0.25260 4.96396 23 19 4 23 6
7 4432 11.96482 0.87808 0.43932 2.35784 29 26 3 27 9
381 3364 11.64073 1.58401 0.47838 1.64354 39 33 3 27 18
149 1578 11.24811 0.07916 0.11972 1.72828 57 52 5 55 30
213 1630 10.02511 1.19971 0.29746 0.48618 31 27 3 24 18
681 3636 10.07453 0.02479 0.15870 1.36773 72 62 9 69 36
727 3693 11.66185 1.53192 0.74920 2.74467 25 22 3 25 7
564 3557 10.75864 1.39588 0.21973 1.53033 41 40 1 41 14
1398 3535 10.94358 3.08101 0.23821 0.92238 53 50 3 49 32
213 1649 11.10205 1.46747 0.38171 1.32293 52 43 8 52 27
510 565 11.20023 0.14017 0.45268 2.16157 51 38 13 46 25
421 3447 10.49148 0.91149 0.23899 0.76413 46 45 1 39 23
542 595 10.21960 1.32607 0.24310 1.82542 38 30 8 38 21
509 563 11.52826 0.13012 0.49004 2.07735 51 46 3 45 30
598 3532 10.25474 1.26658 0.08078 1.90331 64 52 12 62 31
740 3700 10.65723 1.01638 0.16594 1.03665 60 52 8 54 26
2449 3380 10.40104 0.92095 0.69848 2.10301 60 56 4 55 18
736 3656 10.57821 0.46328 0.53507 1.67818 55 46 9 53 23
702 3658 11.19489 0.03453 0.11780 0.42058 118 111 7 116 81
405 2442 10.16858 0.40647 0.21127 2.97822 54 49 5 54 23
2436 3360 11.51892 0.82616 0.49323 1.64568 38 34 4 36 19
2447 3373 11.76464 1.16633 1.01308 2.33397 59 55 4 57 27
515 576 10.93095 0.36941 0.36805 2.32069 71 65 5 68 31
521 586 11.14252 0.89090 0.39127 2.35534 45 43 2 39 24
714 3644 11.58707 0.01470 0.23632 0.42521 54 51 3 50 25
125 1551 10.88796 1.29487 0.31152 1.90578 35 30 3 29 14
2359 3280 11.60974 0.91132 0.13587 1.89093 74 71 1 66 40
593 3518 10.65518 1.28173 0.30502 2.86826 35 28 7 35 14
546 3557 11.21914 1.41025 0.16089 1.61592 26 18 8 26 13
97 1552 11.90716 2.58595 0.30520 2.48349 44 38 5 41 23
90 1564 11.94260 2.02168 0.21145 1.11978 65 60 5 60 30
392 2424 11.74396 1.40119 0.59892 3.23095 34 28 2 30 17
601 3538 10.76442 1.13034 0.24701 1.21499 66 62 3 56 38
945 3855 10.68365 0.34359 0.30406 0.53814 31 26 4 26 12
503 3487 10.36291 0.04223 0.48233 2.05709 41 31 10 37 24
405 3433 10.01999 1.05772 0.14222 5.01431 40 36 2 33 24
2342 3260 11.49206 1.57446 0.73798 3.02297 38 33 4 33 13
2473 3443 10.71559 1.51622 0.78325 5.11473 9 5 1 1 1
396 2431 10.60505 1.07662 0.24500 2.91511 68 61 7 68 43
800 3726 10.08626 0.02419 0.21656 0.43160 74 68 6 72 40
741 3657 11.69153 0.75466 0.64068 2.85266 31 28 3 27 10
603 3541 11.22881 1.01205 0.26176 1.80970 72 60 12 72 38
564 1409 10.85084 2.42396 0.29590 1.66342 76 70 6 63 43
106 4540 10.55858 0.55062 0.34819 1.54408 47 41 5 40 25
551 1411 11.18623 2.29926 0.23367 1.59422 53 47 6 43 22
91 1562 11.53892 2.13203 0.67229 1.46767 70 66 4 64 27
400 3383 11.69340 0.89346 0.21152 2.96306 58 54 4 55 27
539 1417 11.51541 1.94865 0.16824 1.71714 38 35 3 34 22
818 3739 11.86804 0.05403 0.26976 0.75173 32 25 7 32 15
1578 4537 11.65490 1.63819 0.41143 1.61398 60 55 5 58 31
741 3702 11.61325 0.95157 0.31125 1.05943 85 81 4 83 46
743 3701 10.10380 0.82626 0.30257 1.67795 76 71 5 70 26
495 3480 11.73798 0.02048 0.24450 0.32746 56 44 11 56 29
26 4463 11.34854 0.02353 0.13473 0.84488 36 33 3 36 20
588 1378 11.81548 2.20251 0.43631 1.08930 73 67 6 73 35
566 1403 11.69155 2.72289 0.29109 1.42930 39 35 4 39 20
698 3653 10.73586 0.02149 0.14394 0.28531 71 64 7 67 42
2432 3404 11.20678 0.95801 0.79483 2.67781 71 65 6 67 28
590 1382 10.80670 2.13124 0.26231 1.51594 52 47 5 48 24
595 3519 11.19941 1.36407 0.31911 2.78474 37 34 3 33 20
12 4445 11.12199 0.44621 0.23443 0.75017 40 37 3 38 23
619 3565 10.61115 0.01832 0.11421 0.97398 32 24 8 28 16
1385 3554 10.85013 1.97478 0.23156 1.06899 58 52 6 52 29
621 3587 10.80721 0.01343 0.11213 0.17246 37 33 4 32 19
1575 4529 10.71214 1.66072 0.39917 1.38565 59 55 4 52 27
719 3681 10.97407 0.77446 0.76729 2.92101 34 29 5 34 12
1418 3522 11.60818 1.88990 0.35838 2.01616 26 21 4 24 11
919 3839 10.00787 0.03057 0.46216 1.00833 45 43 1 41 26
708 3665 10.80542 0.01654 0.08678 0.61357 119 116 3 119 71
600 3536 10.63680 1.19250 0.47468 1.70594 43 36 6 38 20
552 1416 11.26247 2.00088 0.48401 1.86844 48 40 8 46 20
1390 3540 10.87568 2.87580 0.20898 1.01027 60 54 6 60 32
221 1636 10.07077 1.52997 0.08287 0.80015 56 53 3 46 31
546 3502 10.88827 0.11496 0.27825 1.30686 57 48 9 53 20
523 588 10.95953 1.01092 0.36253 2.38753 66 59 7 64 35
650 3611 10.98224 0.02716 0.37974 1.40500 40 38 2 40 22
565 1420 11.70149 1.83120 0.20613 1.90475 23 18 4 16 9
582 3562 10.30517 0.93559 0.24310 2.11618 88 80 8 84 36
792 3718 11.26078 0.01629 0.10122 0.69830 24 21 3 22 14
567 1414 10.14103 2.16253 0.12922 2.23037 66 56 9 55 27
370 2439 11.62313 0.64640 0.21930 1.28725 73 72 1 66 31
1558 4527 10.29856 2.35834 0.12263 1.76724 36 32 2 32 16
478 3488 10.80364 0.01575 0.14362 0.64041 41 35 6 39 23
835 3775 10.17397 0.07998 0.24542 1.57917 99 89 10 99 38
535 3556 11.07096 1.37410 0.14328 1.64616 38 31 7 38 22
1402 3527 11.84386 2.78534 0.20911 1.23289 31 26 5 29 18
1420 3539 10.52194 2.19549 0.18934 0.81565 46 40 6 43 29
508 558 11.79446 0.12236 0.34645 1.55091 70 67 3 65 33
513 3531 10.48913 0.23966 0.34897 1.46527 59 48 10 52 28
539 3502 10.76934 0.11422 0.24872 1.26145 49 38 11 49 21
514 577 11.75332 0.41583 0.28181 2.42430 62 56 5 58 20
558 3501 11.84659 0.11612 0.62185 1.49567 27 15 5 22 11
377 3366 10.89388 1.57292 1.56334 2.40697 27 26 1 25 8
560 1417 11.27358 1.95091 0.14368 1.97199 29 29 0 26 13
464 3455 10.16057 0.01633 0.28200 0.90784 50 44 5 41 22
501 3509 10.82882 0.02260 0.50330 0.79672 41 31 8 35 17
1403 3534 10.20601 2.89883 0.15546 1.08606 67 61 6 61 34
106 1579 10.98190 1.08515 0.17901 1.30176 81 64 15 76 35
2455 3432 10.65047 1.00399 0.16001 4.49396 41 35 4 39 26
533 3500 11.83555 0.10438 0.39305 0.96103 28 23 5 23 13
41 4479 10.39581 0.02173 0.43594 0.45885 26 21 2 18 10
964 3856 10.91288 1.47447 0.43588 1.21176 58 52 6 54 27
100 4538 10.44230 0.21965 0.44114 1.07847 47 41 6 39 21
557 3557 11.15820 1.40951 0.53015 1.64853 12 6 4 10 5
