234 1662 10.63839 3.07429 0.47741 1.86383 32 20 8 28 18
2483 2533 11.04360 0.82204 0.63356 3.25462 66 45 19 66 28
2545 3865 10.48631 1.54727 0.32690 1.77123 63 36 19 59 36
2470 3874 10.50921 1.74521 0.32246 2.50077 68 48 11 61 33
783 1409 11.60208 3.07069 0.14706 1.12674 53 44 4 48 33
2472 3875 10.41003 1.78004 0.22245 2.62242 64 40 9 62 26
43 1845 10.03140 0.57334 0.30679 2.23055 49 37 9 47 21
159 1743 10.30131 3.12881 0.21410 2.49889 53 23 8 51 27
3988 4053 10.90274 0.97014 0.03698 1.53595 111 93 10 107 77
787 1439 10.61322 2.82809 0.34428 1.91090 60 38 0 60 43
762 1434 11.03832 3.13913 0.26704 1.53085 44 27 8 41 22
261 1606 10.30592 1.99024 0.63627 2.44409 55 34 15 51 24
2491 3860 10.10924 2.34001 0.23442 1.50246 107 91 14 105 66
795 1436 11.66549 2.50151 0.67289 2.65314 54 22 3 50 25
809 1396 10.51438 1.87392 0.07561 1.17437 67 55 8 60 47
25 1832 10.95749 1.13211 0.23348 1.87304 104 53 4 98 63
49 1819 11.81298 1.65135 0.08310 1.67164 68 45 16 68 35
2468 3875 11.52321 1.70104 0.08583 2.93932 52 39 9 52 24
213 1666 10.06260 3.09433 0.24577 2.31224 88 56 14 86 56
59 1818 10.49670 2.05153 0.25875 3.39523 49 25 7 33 21
3978 4036 10.03953 0.56307 0.29065 1.78268 63 48 6 59 29
700 1518 10.39746 1.65303 0.08003 0.84580 123 99 18 117 84
22 73 11.93283 1.29606 0.67686 2.36281 49 34 5 47 20
27 1840 10.78155 0.75794 0.10978 1.84653 62 41 4 59 35
98 1810 11.38976 3.08978 1.23458 4.31874 48 12 2 48 15
240 1615 11.35117 2.29083 0.23616 2.93438 29 11 4 25 16
2503 3856 11.71558 2.09171 0.32663 3.03215 68 59 7 68 34
2472 2522 11.40524 0.57343 1.18645 3.08540 50 36 9 46 17
259 1592 11.35363 1.66595 0.68632 1.64473 45 35 8 42 31
803 1430 10.87332 2.17039 0.23312 1.73911 72 52 5 52 24
27 1825 11.63714 1.38313 0.48160 3.02233 76 31 5 72 45
104 1800 11.12741 3.08154 0.53732 3.07829 81 49 9 77 32
719 1474 10.28870 2.58041 0.12888 1.62462 82 59 16 80 44
219 1656 10.31267 3.11771 0.17197 1.88263 86 51 17 80 57
261 1600 10.87417 1.80871 0.35361 2.02023 68 40 17 68 31
767 1452 10.61291 3.09450 0.17534 2.88934 31 17 3 26 12
76 1803 11.80758 3.01375 0.64386 5.10277 23 4 7 19 7
735 1494 10.23924 3.09042 0.71788 2.33448 82 55 19 78 33
212 1667 10.44215 3.09431 0.30994 2.48081 61 32 13 61 31
64 1815 10.38910 2.33657 0.53766 3.91287 48 26 1 42 16
788 1404 11.21641 2.87568 0.15570 0.44146 44 32 7 38 25
23 1836 11.09805 0.96305 0.11940 2.02758 61 39 13 54 33
29 1829 10.82961 1.23511 0.19949 1.82606 86 45 5 83 56
710 1478 11.26949 2.15776 0.29724 1.68214 61 43 11 59 32
40 1824 11.03683 1.42681 0.10614 1.87847 91 61 15 88 56
63 1815 10.68313 2.28112 0.46202 3.79199 53 28 11 45 23
4003 4059 10.49876 0.82947 0.31536 1.74136 101 87 13 101 61
109 1773 10.55399 3.07129 0.09160 2.00115 50 36 11 47 13
232 1632 10.26103 2.85519 0.31520 2.14211 83 57 7 81 61
207 1674 10.44595 3.06776 0.26079 1.77454 74 45 21 74 38
2475 3877 11.11226 1.83517 0.22262 2.54422 104 78 15 102 39
204 1698 10.55483 3.12124 0.38125 3.21443 94 15 1 85 47
136 1765 10.41799 3.13601 0.37640 1.44239 82 65 11 80 36
2483 3862 10.51057 2.13137 0.04811 0.70388 109 86 20 109 73
237 1623 10.75507 2.59879 0.29240 2.42301 35 17 6 33 15
705 1483 10.48411 1.94231 0.14553 1.40834 77 58 10 72 41
773 1421 11.23730 3.06033 0.34029 2.10152 62 47 11 57 35
785 1409 10.55820 3.01477 0.14065 1.20626 82 73 5 78 59
225 1643 11.05309 3.11120 0.33256 2.05595 62 41 7 56 30
696 1490 11.08932 1.57555 0.12475 1.44401 89 57 25 89 44
237 1659 11.16651 3.09723 0.29240 1.56473 35 20 10 32 22
247 1597 11.00671 1.75262 0.17823 3.18531 33 8 1 27 13
2125 2179 11.99988 1.36474 0.22012 3.09592 7 5 2 7 4
3998 4059 11.15614 0.91149 0.19668 1.58264 102 85 12 100 61
75 1806 10.45452 2.96528 0.29729 5.01571 24 19 4 24 7
775 1419 11.05022 3.06226 0.46425 2.39490 75 57 10 71 40
26 1833 10.74473 1.08793 0.23487 1.80363 98 57 3 98 53
241 1653 10.75470 3.12576 0.27099 1.58659 38 20 10 36 16
777 1418 10.32235 3.07488 0.14970 2.49026 95 78 14 90 44
238 1657 10.65313 3.10845 0.34356 1.57022 43 22 12 39 20
4006 4060 11.14651 0.84740 0.04535 1.52470 96 76 16 92 57
814 1405 11.43635 1.72554 0.27982 1.68237 52 35 4 46 22
2469 3874 10.81255 1.72632 0.26153 2.54791 72 52 13 67 28
28 1824 11.77994 1.41910 0.38320 2.81633 77 28 11 75 36
164 1739 10.95904 3.13862 0.82386 2.04316 36 11 16 29 20
2546 3866 10.75527 1.55958 0.07167 1.96822 39 23 11 37 13
748 1471 10.47793 3.09120 0.41144 3.12575 32 16 10 29 10
798 1397 10.22290 2.42608 0.24206 2.07188 57 39 8 53 30
731 1464 11.20526 3.02467 0.96243 2.97124 45 35 6 43 15
24 74 11.99104 1.35638 0.32558 2.51357 50 33 10 43 25
258 1593 10.72677 1.67473 0.72342 1.99135 56 43 10 51 37
2473 2526 11.84237 0.64603 0.65201 1.48911 70 47 14 68 25
228 1637 11.19047 2.98773 0.16572 3.18567 43 20 6 35 16
1912 1964 11.24225 1.41212 0.23038 2.10896 84 58 18 78 50
790 1401 11.60937 2.78097 0.20771 1.17969 41 29 4 35 21
65 1811 11.99646 2.40815 0.63432 4.19703 41 9 5 37 13
799 1433 11.09755 2.33161 0.63742 2.87004 62 43 14 58 29
2494 3858 11.24619 2.33816 0.42459 2.98885 58 54 3 58 25
36 1829 10.32213 1.22989 0.20468 1.48200 104 54 5 98 67
2509 3856 11.30012 1.80352 0.28986 2.26071 84 73 9 82 38
122 1780 11.88884 3.08297 0.17933 2.00623 38 20 10 36 19
2539 3876 10.60069 1.37735 0.36263 2.33028 73 61 9 66 44
32 1824 11.49686 1.41371 0.08199 2.51575 84 45 19 78 36
773 1422 10.60115 3.06406 0.08508 2.00584 69 49 11 67 30
44 1849 11.44283 0.43344 0.25191 1.69881 33 17 9 26 13
47 1823 10.83041 1.52392 0.30650 1.83696 67 26 3 67 37
795 1396 11.74745 2.56474 0.45273 2.01654 19 11 3 17 11
2546 3874 11.94770 1.50451 0.28276 2.11341 54 40 9 49 23
2467 3873 11.21814 1.70371 0.45260 2.64012 81 61 16 79 31
692 1507 10.50455 1.41881 0.17573 2.20212 79 65 8 79 47
172 1731 10.12747 3.12913 0.29278 1.62654 59 39 6 47 30
714 1477 10.48466 2.33867 0.09016 1.03779 97 76 16 95 59
169 1734 10.44423 3.13289 0.23459 2.24123 42 21 13 38 20
1920 1970 10.25627 1.07698 0.20594 1.43831 68 46 12 57 37
128 1755 10.99779 3.11420 0.37711 2.14795 74 49 19 72 33
769 1425 11.69638 3.06395 0.16904 2.09779 46 28 8 43 26
239 1616 11.84019 2.34024 0.39775 2.65343 21 8 4 16 5
229 1636 10.74775 2.95634 0.28645 2.92650 41 25 4 37 19
766 1454 11.72160 3.10575 0.18912 3.44458 48 34 8 46 23
250 1639 10.59495 3.01054 0.57989 1.94742 57 25 7 48 28
95 1818 11.97948 3.11935 0.57750 3.06682 36 17 3 36 21
689 1504 11.89823 1.41251 0.29687 1.83611 87 57 15 79 36
87 1841 10.81547 2.37148 0.42510 2.61015 31 7 2 23 11
238 1619 11.62750 2.44209 0.40364 3.26567 27 5 4 19 7
719 1517 11.15961 2.51282 0.06759 0.95613 52 38 8 44 30
242 1610 11.17539 2.10787 0.35161 3.10955 34 10 0 21 9
41 1847 10.93038 0.48397 0.21566 2.09816 33 17 6 23 12
183 1703 10.28267 3.12609 0.38820 2.79708 49 13 4 47 16
134 1768 11.65296 3.13946 0.52204 1.53570 41 33 4 37 17
736 1459 11.98873 3.13613 0.27433 2.98045 50 39 9 50 26
742 1483 11.93997 3.14075 0.96785 2.15722 58 45 5 54 25
3985 4049 10.28654 0.86030 0.25438 1.29513 104 88 12 102 62
796 1396 11.38104 2.52014 0.35871 2.02739 43 22 5 39 19
754 1464 10.25263 3.08156 0.10646 2.63180 63 42 18 55 25
30 1846 11.85410 0.50589 0.22129 2.15722 26 16 6 26 8
92 1789 10.95972 3.13920 0.50631 3.02194 56 44 6 48 31
810 1425 11.85194 1.88316 0.34821 1.36143 67 48 12 65 42
235 1625 11.58277 2.67429 0.25269 2.35318 56 31 5 56 28
253 1592 10.31764 1.66572 0.29231 2.16501 34 18 2 30 14
751 1468 11.00600 3.07857 0.36194 3.41249 40 16 5 33 13
809 1395 10.86295 1.87852 0.29285 1.13608 72 46 8 69 44
241 1610 11.95953 2.10807 0.65568 2.91900 35 14 1 28 5
202 1701 11.37262 3.13492 0.55678 3.42554 79 1 2 73 25
693 1508 10.12015 1.43227 0.14778 2.41492 56 42 10 53 27
36 1827 10.65459 1.30314 0.15951 1.54155 85 24 7 83 56
22 1827 11.89350 1.32124 0.15786 2.55344 108 35 4 98 64
157 1745 10.34566 3.13266 0.40123 2.46037 29 10 6 23 9
689 1506 11.91199 1.40185 0.34864 1.92661 80 63 11 78 38
31 1836 10.08956 0.94988 0.09099 1.38649 76 42 18 72 44
1909 1960 11.78008 1.45372 0.18108 1.93917 66 56 10 66 37
45 1821 11.51536 1.54494 0.17276 1.61010 81 58 18 72 44
708 1521 11.38928 2.02187 0.13002 0.75485 135 115 17 133 86
221 1650 11.71287 3.12485 0.23059 2.11914 45 34 8 45 23
702 1484 11.02941 1.81443 0.20017 0.67609 84 60 12 80 50
48 1825 10.23154 1.49288 0.07432 1.38762 89 57 7 83 58
2129 2183 11.53087 1.48958 0.26361 3.69046 18 10 4 14 8
776 1419 10.37950 3.06622 0.40349 2.45224 107 95 8 103 61
261 1622 11.94723 2.54572 0.16389 2.74994 31 1 2 26 6
263 1608 11.90766 2.04267 0.97612 2.51715 54 43 9 52 31
691 1498 11.36102 1.46338 0.19622 1.46367 95 73 17 93 63
2482 3877 10.52515 2.02142 0.69621 2.84441 70 52 12 67 32
83 1851 11.38382 1.98058 0.31952 2.28465 51 27 10 51 24
730 1464 11.94796 2.99989 0.57575 2.74623 58 48 9 55 37
2507 3877 11.68887 1.83394 0.41512 4.07458 59 42 14 55 19
782 1442 10.88623 2.98671 0.62172 2.35800 41 8 5 30 13
2477 3877 10.86826 1.88443 0.23915 2.30461 107 80 12 100 46
746 1450 11.57539 3.10554 0.21481 2.54314 44 26 5 36 12
33 1843 10.58965 0.60252 0.40556 2.00506 54 23 4 47 30
135 1766 10.40348 3.14045 0.40352 1.54662 84 61 12 75 45
770 1425 10.89268 3.06824 0.22979 2.33532 22 7 3 16 11
78 1801 11.91767 3.09133 2.40878 4.75102 41 13 7 41 16
800 1393 11.49277 2.33850 0.12766 2.31782 39 22 8 37 21
23 1835 11.08404 1.00802 0.33983 2.07453 69 32 12 65 31
805 1430 11.90323 2.06224 0.23941 1.69996 57 36 8 48 27
76 1856 10.61164 1.63661 0.27767 3.64744 42 32 7 42 16
26 1842 11.24982 0.66572 0.28286 1.97080 47 22 11 47 27
247 1645 11.33900 3.11734 0.27018 2.01693 38 12 4 29 16
794 1435 10.39528 2.54263 0.51596 2.46418 61 42 5 53 20
724 1512 10.57137 2.70496 0.21972 1.74114 66 61 4 66 48
2475 2527 11.47286 0.69885 0.33163 1.66389 70 49 18 70 36
30 1829 10.74847 1.23410 0.22887 1.79711 82 47 3 78 53
3983 4047 10.39995 0.80786 0.13142 0.82139 110 84 20 106 73
1921 1976 11.93919 1.03813 0.15731 1.02106 69 51 11 62 45
732 1500 10.22154 3.00330 0.11012 3.10438 43 30 6 39 16
1917 1970 11.11806 1.21606 0.24511 1.49410 68 50 13 68 39
253 1635 10.97831 2.89834 0.14155 1.65753 41 30 8 41 20
261 1601 10.74862 1.83826 0.83747 2.02236 36 16 13 31 14
43 1824 10.87030 1.44927 0.15965 1.71258 80 55 7 76 43
3993 4058 11.94038 1.01521 0.06089 0.91472 100 82 11 98 69
693 1496 10.83800 1.49815 0.07417 2.05538 105 82 12 103 68
811 1397 11.06975 1.79320 0.17004 0.96995 67 43 12 55 36
722 1515 11.27853 2.63641 0.20565 0.81084 46 27 7 46 25
238 1621 10.78799 2.52845 0.40680 2.44553 28 16 10 26 13
243 1606 11.45543 1.99002 0.42425 2.89895 29 6 2 24 8
246 1647 11.62065 3.13605 0.43352 1.94722 44 17 5 41 23
246 1598 11.31224 1.76964 0.23022 3.10866 28 8 6 26 8
692 1498 10.93850 1.47240 0.12729 1.68702 84 67 9 79 45
41 1822 11.48337 1.48404 0.16004 1.81359 70 39 11 61 30
35 1829 10.38252 1.22900 0.12397 1.47962 102 44 3 102 73
39 1845 10.48129 0.54484 0.24045 2.16048 53 32 16 45 18
88 1793 10.80026 3.11060 0.93851 4.29354 57 10 8 53 18
39 1821 11.84054 1.49341 0.11705 1.86760 70 45 13 70 28
2475 2525 11.01814 0.68816 0.26616 1.68656 83 62 12 83 33
248 1594 11.23981 1.71233 0.58723 3.37765 41 21 0 35 22
702 1482 11.79513 1.81207 0.13450 0.87536 78 61 8 69 48
114 1768 10.94061 3.06791 0.51658 1.79188 55 26 8 52 25
697 1518 11.21772 1.53984 0.15549 1.32057 72 47 21 66 32
28 1841 10.78248 0.70624 0.47810 1.96244 49 23 6 41 23
2486 3861 10.61364 2.21568 0.10819 0.40830 96 75 15 96 66
1913 1966 11.33390 1.37970 0.28034 1.81575 74 60 10 74 47
