0.02849 0.02194 0.00196
0.01708 0.02177 0.00270
0.03381 0.04123 0.01552
0.02677 0.02632 0.01478
0.02587 0.03740 0.01859
0.02742 0.03258 0.01745
0.01313 0.01377 0.01613
0.01681 0.01664 0.01422
0.03293 0.03692 0.01872
0.00927 0.01014 0.01496
0.00654 0.00700 0.01835
0.01415 0.01440 0.00087
0.00860 0.00864 0.01508
0.01142 0.01420 0.00498
0.04299 0.03455 0.01846
0.02211 0.03644 0.01007
0.01999 0.03254 0.00075
0.01586 0.01655 0.00578
0.01605 0.02330 0.00070
0.01561 0.01846 0.01505
0.01300 0.01394 0.00067
0.01471 0.01991 0.02015
0.02752 0.03250 0.01863
0.03017 0.04446 0.00984
0.02946 0.03137 0.03537
0.01651 0.01457 0.00820
0.02993 0.03467 0.00074
0.02713 0.02918 0.02161
0.01516 0.01431 0.00192
0.01438 0.01792 0.00792
0.01814 0.02741 0.01265
0.01005 0.00928 0.03158
0.02856 0.03809 0.00550
0.02010 0.02696 0.01943
0.01689 0.02025 0.01069
0.00911 0.00924 0.00045
0.02206 0.03285 0.01844
0.01916 0.02240 0.00092
0.03048 0.02360 0.00980
0.01405 0.01259 0.01517
0.01926 0.03519 0.00639
0.01391 0.01273 0.01846
0.01561 0.02399 0.00085
0.01296 0.01292 0.01517
0.02248 0.03267 0.01857
0.02522 0.03981 0.00870
0.01671 0.01675 0.00133
0.03137 0.03367 0.00069
0.01877 0.02175 0.01482
0.02131 0.02235 0.00884
0.01562 0.02003 0.00672
0.01558 0.02134 0.00799
0.02225 0.03008 0.02493
0.02713 0.03761 0.01859
0.01484 0.02323 0.00181
0.03630 0.03608 0.00252
0.00694 0.00721 0.00454
0.01046 0.01176 0.01140
0.03964 0.04077 0.01861
0.02132 0.02623 0.00111
0.01836 0.01456 0.00711
0.01100 0.01232 0.00811
0.01717 0.01949 0.01853
0.01257 0.01529 0.02003
0.03036 0.05560 0.01855
0.01446 0.01504 0.00723
0.01877 0.02393 0.00271
0.01661 0.02063 0.01696
0.02391 0.03583 0.01462
0.02806 0.03031 0.01883
0.00908 0.01078 0.00052
0.03256 0.04002 0.02276
0.01198 0.01283 0.01175
0.01488 0.01669 0.01014
0.01727 0.01563 0.01852
0.01997 0.02364 0.01851
0.01708 0.01750 0.00137
0.03285 0.02967 0.00548
0.01781 0.01621 0.00589
0.01303 0.01412 0.00070
0.02920 0.04921 0.01877
0.01280 0.01704 0.00580
0.02170 0.03040 0.01852
0.01374 0.02111 0.00077
0.01091 0.01175 0.00600
0.00820 0.00938 0.01839
0.01458 0.02068 0.01064
0.01969 0.02790 0.00567
0.01733 0.03191 0.01435
0.01233 0.01277 0.01868
0.02150 0.02472 0.01855
0.01709 0.01448 0.00363
0.03192 0.03631 0.00084
0.01874 0.02958 0.00071
0.01883 0.02291 0.00102
0.01633 0.01659 0.00092
0.02125 0.02290 0.01928
0.02627 0.02413 0.00311
0.01154 0.01258 0.03553
0.01344 0.01741 0.01948
0.01629 0.01958 0.00076
0.01408 0.01346 0.01393
0.01220 0.01284 0.00875
0.02684 0.03355 0.01004
0.03517 0.02906 0.01901
0.01065 0.01314 0.02246
0.01318 0.01791 0.00069
0.00771 0.00707 0.01828
0.01846 0.02051 0.00418
0.01326 0.01378 0.00466
0.02162 0.02486 0.00078
0.04250 0.05590 0.00622
0.01232 0.01051 0.01837
0.01524 0.01948 0.01828
0.01164 0.01212 0.00084
0.00819 0.00938 0.01455
0.01230 0.01402 0.00508
0.01085 0.01065 0.01858
0.02117 0.03459 0.00190
0.02450 0.02987 0.01494
0.01988 0.03207 0.00183
0.02310 0.03119 0.00097
0.03029 0.04297 0.02227
0.01259 0.01237 0.02113
0.01042 0.01026 0.01386
0.03740 0.05138 0.01871
0.01814 0.02590 0.00076
0.01652 0.01634 0.01883
0.02267 0.03431 0.00678
0.01570 0.01570 0.02227
0.02159 0.03162 0.00629
0.01416 0.01205 0.01911
0.01137 0.01416 0.01844
0.02634 0.03209 0.02805
0.02300 0.02770 0.01992
0.01037 0.01025 0.01397
0.01846 0.02250 0.01901
0.01163 0.01776 0.01388
0.01007 0.01150 0.01043
0.01077 0.00843 0.01110
0.01205 0.01051 0.02141
0.01526 0.01973 0.00607
0.01329 0.01634 0.00626
0.03438 0.03525 0.02206
0.02129 0.02377 0.01847
0.01223 0.01694 0.01886
0.02105 0.02204 0.00287
0.01289 0.01260 0.02501
0.02120 0.02498 0.02000
0.02115 0.02923 0.05243
0.02667 0.04221 0.00502
0.02258 0.02789 0.00625
0.02773 0.02573 0.04358
0.03690 0.04537 0.01869
0.01992 0.02420 0.00088
0.01764 0.01492 0.00361
0.01715 0.02116 0.00866
0.03093 0.03792 0.04740
0.01173 0.01460 0.00531
0.01101 0.01206 0.00058
0.02498 0.04586 0.02100
0.01786 0.01145 0.01793
0.02383 0.02560 0.00247
0.02092 0.01958 0.01872
0.01356 0.01777 0.01998
0.02493 0.02585 0.01868
0.03606 0.04319 0.01886
0.02138 0.03091 0.01154
0.01222 0.01712 0.01207
0.01534 0.01710 0.00760
0.01509 0.01679 0.00976
0.02120 0.03861 0.01850
0.02414 0.03083 0.01859
0.01576 0.01675 0.01840
0.02539 0.03396 0.02085
0.03085 0.03816 0.00553
0.01432 0.01338 0.01857
0.01348 0.01860 0.00062
0.01694 0.01462 0.01877
0.01440 0.01955 0.00572
0.02550 0.03275 0.00768
0.01409 0.01840 0.00811
0.01241 0.01380 0.00069
0.03529 0.02841 0.01853
0.02061 0.02363 0.01910
0.03586 0.03656 0.01851
0.02506 0.03536 0.01915
0.02364 0.02849 0.00808
0.01855 0.02144 0.00139
0.01227 0.01424 0.00055
0.01862 0.02025 0.00052
0.02057 0.01557 0.00888
0.01350 0.01726 0.01861
0.01784 0.01868 0.00819
0.01254 0.01347 0.01848
0.01896 0.02796 0.00136
0.01462 0.01712 0.00207
0.01729 0.02675 0.02127
0.01622 0.02535 0.00147
0.01221 0.01824 0.00647
