0.03669 0.08403 0.00902
0.04730 0.12586 0.00805
0.04024 0.11201 0.01860
0.04282 0.12094 0.01117
0.04063 0.14940 0.01941
0.04214 0.11907 0.00326
0.02401 0.08752 0.00813
0.03237 0.11372 0.02139
0.03127 0.09216 0.01440
0.04150 0.15852 0.01653
0.07077 0.14898 0.02575
0.03152 0.10505 0.00656
0.04480 0.12751 0.01380
0.04138 0.15188 0.02229
0.05231 0.14687 0.01366
0.02382 0.08860 0.02013
0.02404 0.08804 0.01038
0.04840 0.11664 0.00259
0.04893 0.09800 0.03170
0.02641 0.08457 0.00589
0.03114 0.09802 0.01750
0.03771 0.11963 0.01347
0.03917 0.09467 0.00297
0.02403 0.09012 0.00469
0.03959 0.07725 0.01427
0.02829 0.09226 0.01906
0.04499 0.12663 0.01549
0.04275 0.12415 0.00730
0.03296 0.10857 0.01185
0.05061 0.14718 0.02031
0.02386 0.08685 0.01274
0.02294 0.07548 0.02628
0.03883 0.13650 0.01928
0.02954 0.08734 0.05607
0.03231 0.10757 0.00632
0.05352 0.15226 0.00828
0.02221 0.07599 0.00836
0.05844 0.13567 0.00414
0.03591 0.09275 0.02285
0.02226 0.07741 0.01991
0.04059 0.09409 0.00183
0.02288 0.08833 0.00889
0.03324 0.09065 0.00879
0.03907 0.13371 0.02159
0.03356 0.08502 0.01926
0.02189 0.07882 0.01161
0.02704 0.08826 0.01657
0.02940 0.08178 0.02268
0.02676 0.08599 0.00749
0.02920 0.08826 0.02676
0.04288 0.12228 0.01245
0.04665 0.10057 0.02186
0.03279 0.09601 0.03328
0.04487 0.13133 0.01693
0.03600 0.08917 0.00849
0.03935 0.13018 0.01375
0.04240 0.15199 0.00770
0.04095 0.15350 0.01224
0.02997 0.09240 0.03039
0.04287 0.12970 0.01320
0.03817 0.07103 0.01523
0.04269 0.10290 0.01935
0.04724 0.11600 0.00106
0.02698 0.08828 0.01432
0.03160 0.07710 0.01406
0.04400 0.14986 0.02069
0.03257 0.08926 0.00931
0.03078 0.09101 0.00409
0.05328 0.15143 0.01990
0.02859 0.08654 0.01485
0.02764 0.08650 0.02034
0.06597 0.14866 0.02600
0.04263 0.12511 0.01884
0.02398 0.08706 0.01914
0.03237 0.11570 0.01972
0.03885 0.11149 0.01606
0.04307 0.14987 0.01309
0.04463 0.16789 0.01329
0.05948 0.15651 0.02091
0.02537 0.09488 0.01667
0.03351 0.11052 0.02111
0.04332 0.12868 0.02213
0.03948 0.09796 0.02401
0.03371 0.09586 0.01211
0.04246 0.16209 0.00834
0.02247 0.08097 0.01937
0.03995 0.14711 0.01861
0.04905 0.12845 0.00401
0.02431 0.08814 0.00552
0.05085 0.12249 0.01338
0.02917 0.08067 0.02640
0.03866 0.11046 0.00370
0.02336 0.07596 0.01537
0.04616 0.15240 0.01861
0.02401 0.08765 0.01857
0.02331 0.08357 0.00343
0.04223 0.15873 0.00279
0.03901 0.10749 0.00245
0.04478 0.11201 0.01219
0.03888 0.12411 0.01414
0.03237 0.10922 0.01993
0.03788 0.13321 0.02043
0.04365 0.11142 0.01919
0.03473 0.10166 0.01421
0.03245 0.10030 0.02383
0.04165 0.15519 0.01577
0.03798 0.09008 0.02276
0.03140 0.10027 0.01221
0.04054 0.15094 0.02085
0.03390 0.10927 0.01943
0.03257 0.07821 0.01750
0.05026 0.12537 0.00715
0.02099 0.07230 0.01355
0.02763 0.08887 0.00400
0.03738 0.12523 0.01408
0.02908 0.10048 0.01384
0.02391 0.08868 0.00724
0.03155 0.09556 0.01936
0.03114 0.09295 0.01751
0.05649 0.15213 0.00546
0.04707 0.14571 0.02101
0.03002 0.09468 0.00569
0.04253 0.15829 0.01451
0.04323 0.15581 0.01281
0.02315 0.09020 0.00574
0.02264 0.07035 0.02088
0.04200 0.14576 0.00481
0.02689 0.08500 0.01627
0.03337 0.10774 0.01938
0.04413 0.15645 0.01897
0.04498 0.14737 0.02401
0.02968 0.09860 0.01872
0.03162 0.09875 0.02116
0.04057 0.12564 0.00509
0.02372 0.08630 0.00766
0.02414 0.08970 0.01693
0.03261 0.10909 0.02379
0.03888 0.12307 0.01972
0.02318 0.08757 0.00519
0.05136 0.08519 0.01261
0.02374 0.08194 0.01944
0.03609 0.13110 0.00981
0.02959 0.07361 0.01935
0.03883 0.12477 0.01187
0.02414 0.08381 0.01012
0.06365 0.08609 0.00110
0.04028 0.14783 0.00990
0.03556 0.07110 0.00240
0.03252 0.10944 0.01923
0.03844 0.12068 0.00477
0.04305 0.12814 0.01741
0.03130 0.07610 0.00450
0.04672 0.14424 0.01901
0.04343 0.12670 0.00519
0.04135 0.15409 0.02011
0.04326 0.12563 0.00737
0.06011 0.15584 0.02753
0.02336 0.08214 0.00817
0.04602 0.09539 0.02788
0.04291 0.14911 0.00692
0.03201 0.08122 0.01917
0.04226 0.15245 0.00208
0.02428 0.08826 0.01993
0.04108 0.14276 0.02306
0.02273 0.07815 0.01915
0.02346 0.09108 0.00299
0.02724 0.09161 0.01922
0.04415 0.15473 0.01700
0.03716 0.12982 0.01921
0.05288 0.11736 0.01147
0.02390 0.08767 0.00590
0.03062 0.09550 0.02348
0.03395 0.10045 0.00427
0.03929 0.13633 0.00669
0.03412 0.10045 0.02015
0.03242 0.10960 0.01889
0.03166 0.10615 0.01973
0.02918 0.08477 0.00993
0.02785 0.08857 0.01975
0.03852 0.11909 0.02039
0.04333 0.14491 0.01752
0.03794 0.12758 0.01993
0.02830 0.09297 0.00550
0.03015 0.09917 0.00841
0.02864 0.09773 0.02474
0.03179 0.10854 0.00368
0.04136 0.12260 0.01150
0.02927 0.08616 0.01794
0.03072 0.08822 0.00734
0.03086 0.08918 0.02165
0.03012 0.07659 0.01787
0.04091 0.08594 0.01993
0.04239 0.12697 0.02139
0.03140 0.10649 0.01916
0.05106 0.12822 0.01904
0.02985 0.08783 0.02108
0.04089 0.12689 0.01885
0.04046 0.09043 0.01897
0.06526 0.12815 0.01830
0.03693 0.09862 0.02017
