0.08409 0.03159
0.08401 0.02268
0.05750 0.02086
0.08421 0.02233
0.06738 0.02945
0.07347 0.02304
0.06341 0.02171
0.07025 0.01966
0.07092 0.02495
0.09998 0.02636
0.05824 0.02355
0.06830 0.02040
0.06478 0.02201
0.06356 0.02468
0.05874 0.02303
0.04986 0.02552
0.07700 0.02052
0.07517 0.02348
0.07424 0.02747
0.06231 0.02291
0.07615 0.02338
0.08570 0.02912
0.08024 0.02200
0.06170 0.02215
0.06337 0.02748
0.05759 0.02106
0.06533 0.02213
0.06180 0.02056
0.06838 0.01915
0.08361 0.02167
0.07928 0.02247
0.07849 0.02659
0.07159 0.02174
0.05396 0.02044
0.06248 0.02749
0.06393 0.01545
0.06209 0.02054
0.08070 0.02238
0.07616 0.02154
0.06510 0.01793
0.05768 0.02245
0.09427 0.02076
0.08951 0.02249
0.07593 0.02543
0.07467 0.02003
0.06287 0.01550
0.06481 0.02812
0.07508 0.02072
0.05476 0.02209
0.06878 0.02388
0.06866 0.02466
0.07230 0.02556
0.06083 0.02605
0.05782 0.02645
0.06577 0.02683
0.06735 0.02317
0.06168 0.01967
0.07718 0.02187
0.07916 0.02113
0.04998 0.02168
0.06048 0.02192
0.05777 0.01537
0.06962 0.03006
0.08719 0.03184
0.07130 0.02577
0.07329 0.02671
0.06032 0.01956
0.07573 0.02512
0.05136 0.02100
0.07127 0.02700
0.06163 0.02234
0.07160 0.02543
0.06430 0.02116
0.05222 0.02535
0.05956 0.02238
0.06066 0.02126
0.07219 0.02241
0.07695 0.02590
0.07986 0.02684
0.06657 0.01921
0.08058 0.02888
0.06484 0.02218
0.06421 0.02176
0.06025 0.01938
0.07810 0.02736
0.06832 0.02815
0.07136 0.02236
0.06622 0.02616
0.07559 0.02448
0.06472 0.02348
0.07488 0.03067
0.07902 0.02576
0.07265 0.02117
0.06797 0.02530
0.05671 0.02262
0.04636 0.02054
0.06412 0.02607
0.06369 0.02731
0.07541 0.02643
0.06248 0.02235
0.06951 0.01891
0.06801 0.02135
0.08386 0.02187
0.07313 0.02485
0.06179 0.02636
0.08642 0.02873
0.09468 0.02440
0.07618 0.02553
0.06029 0.02486
0.06351 0.02504
0.08215 0.02232
0.06208 0.02455
0.07733 0.02225
0.06486 0.03146
0.08156 0.02423
0.06846 0.01977
0.05996 0.02279
0.07671 0.02434
0.06106 0.02413
0.08218 0.02613
0.06929 0.02513
0.07971 0.02440
0.05147 0.02118
0.08234 0.02449
0.06327 0.02438
0.08439 0.02713
0.06139 0.02291
0.07167 0.02225
0.06888 0.02413
0.07005 0.02326
0.07460 0.02264
0.06623 0.01990
0.05174 0.02601
0.06689 0.02179
0.08329 0.02478
0.07947 0.02501
0.08010 0.01906
0.05550 0.01914
0.07408 0.02484
0.07959 0.02426
0.07642 0.02618
0.06130 0.01857
0.06854 0.02831
0.07216 0.02139
0.07803 0.03094
0.09044 0.02367
0.06622 0.01812
0.06261 0.02867
0.06769 0.02172
0.06602 0.02755
0.09389 0.02659
0.04431 0.02272
0.07112 0.02585
0.05482 0.01706
0.07368 0.02228
0.07220 0.02445
0.05976 0.02170
0.06480 0.02186
0.05611 0.02266
0.06841 0.02570
0.07760 0.02341
0.04865 0.01972
0.04918 0.02008
0.07995 0.02058
0.05876 0.02199
0.07722 0.02113
0.08478 0.02653
0.07010 0.02359
0.07542 0.01898
0.05716 0.02194
0.07459 0.01984
0.06132 0.02499
0.04261 0.01897
0.07022 0.01951
0.08455 0.03012
0.05428 0.01850
0.06617 0.02302
0.06284 0.01787
0.08301 0.02572
0.05159 0.02473
0.05699 0.02806
0.07961 0.02286
0.07214 0.02718
0.06597 0.02379
0.06222 0.02521
0.07526 0.02160
0.07395 0.02023
0.07216 0.02283
0.07687 0.02134
0.07108 0.02834
0.08646 0.02437
0.06168 0.02269
0.06314 0.02247
0.05853 0.01747
0.06503 0.02034
0.05756 0.02174
0.07025 0.02337
0.07998 0.02819
0.07643 0.02863
0.08462 0.02630
