578 5020 11.43621 3.12303 1.04181 1.19910 50 0 0 45 26
136 5376 11.92129 3.12279 0.51025 0.86773 56 4 3 54 35
92 159 10.90026 0.22630 9.24674 12.96609 15 0 0 5 8
788 3842 10.74027 3.10179 1.16973 2.71613 49 0 0 47 27
3639 4606 10.30963 0.03521 0.25646 1.09289 115 3 4 113 89
644 4962 10.71149 3.05329 0.87900 1.98485 62 0 0 56 31
243 1953 11.63800 0.24712 0.64732 0.55813 103 0 0 103 89
3712 4655 11.93130 0.31879 16.20704 34.53232 7 0 0 2 1
2004 5259 11.67707 2.98746 1.60600 5.12828 20 0 1 8 5
2145 5124 10.08740 2.92687 1.11855 1.10429 65 0 0 63 35
1550 3198 11.41989 0.02848 0.70491 0.61739 69 0 3 67 54
2533 4712 11.80353 3.12994 1.47000 2.16229 32 0 0 28 18
833 2494 10.30965 0.05381 0.39478 0.21122 76 1 5 76 54
1007 2700 10.46347 0.00817 0.62137 0.57539 77 1 1 72 50
615 4004 10.56244 3.14075 1.56938 1.33881 50 0 0 48 25
1661 3312 11.31256 0.10250 12.01378 5.87310 78 0 0 69 66
403 2100 11.47804 0.09983 0.45004 0.29074 55 2 11 48 36
1534 3208 11.67620 0.03358 0.28331 0.35166 97 4 11 88 60
589 2288 10.95919 0.02587 0.15754 0.52563 42 3 4 38 27
550 5029 10.41016 3.09732 1.44957 2.21045 27 0 0 17 6
842 3783 11.93545 3.09398 1.24177 1.22237 34 0 0 29 17
2390 4890 11.60265 3.13811 0.99444 2.60504 24 0 0 20 9
743 4861 10.88555 3.13681 0.75015 2.10821 30 0 2 23 11
2261 4049 11.76058 3.13964 9.59419 179.89721 51 0 0 42 33
3813 4777 10.23002 0.03804 0.32061 0.23407 50 3 0 48 30
654 4922 10.28362 2.40536 1.02554 2.01635 173 0 0 153 115
582 2262 11.35520 0.02476 0.30850 0.70388 63 3 1 57 45
446 5121 10.31008 2.89163 0.88386 0.68927 39 0 0 39 19
2044 5244 10.66355 3.06308 0.57505 1.48490 49 0 0 41 32
1946 5329 11.74434 2.73203 0.75178 1.28634 145 0 0 140 113
976 2666 10.07307 0.03653 0.33433 0.80746 27 3 3 21 18
2489 4763 11.74640 3.07237 0.90414 1.79885 27 0 0 13 11
2104 5181 10.10429 3.05098 0.35090 1.04717 37 1 2 26 25
895 3724 11.70746 3.12927 1.31801 2.71527 23 0 0 21 10
438 2153 11.04805 0.07786 0.58321 0.63180 80 1 3 73 62
1000 2693 10.87926 0.02734 0.74787 1.24333 26 0 1 26 16
2282 4025 11.86480 3.13588 2.08946 1.74451 97 0 0 84 56
560 2244 10.34940 0.03513 0.28052 0.65730 47 1 3 43 31
675 3936 10.04436 2.55379 1.21879 1.25990 97 0 0 93 70
709 2368 10.67656 0.21330 0.40661 0.52786 34 1 0 32 18
2515 4752 11.43473 3.11735 0.77267 1.66554 20 0 0 18 8
3708 4652 11.12419 0.34071 0.45706 1.31224 34 2 8 34 22
356 2078 11.90709 0.05991 0.40181 0.20174 57 1 0 52 42
569 5026 10.00868 3.08333 1.31264 1.51465 77 0 0 77 44
674 2373 11.86279 0.45703 0.55293 0.57335 23 0 0 14 13
678 3930 11.71887 2.60869 1.19417 1.39437 44 0 0 42 28
2382 3936 10.91116 3.11171 1.11525 2.12191 34 0 0 34 13
925 2581 11.68842 0.04156 0.27487 1.53799 18 2 2 18 11
2572 4686 10.71264 3.08337 3.66252 5.35804 12 0 0 4 5
97 5378 11.99398 3.12519 6.30736 6.74547 40 0 0 38 20
1947 5320 11.05873 2.74457 1.18570 1.71052 69 0 0 66 50
610 4970 11.35571 3.12428 1.96620 2.74138 31 0 0 25 19
2340 3950 11.63911 2.28591 0.70462 1.45804 125 0 0 121 91
4168 5099 11.64545 0.61028 0.53027 1.39325 14 1 0 12 6
4058 5007 10.84930 0.01445 0.36624 0.71217 96 5 6 88 71
2174 5107 10.02640 3.08997 1.36413 1.79624 30 0 0 25 16
544 4094 10.20710 3.12869 1.48453 3.46656 28 0 0 28 11
437 5144 11.77698 3.00304 0.49749 1.74585 33 0 0 31 16
2493 4778 11.12138 3.11368 1.04116 1.78092 43 0 0 39 19
2427 3891 11.61145 3.12966 0.74977 2.00096 68 0 0 59 40
2355 3931 11.53232 2.54781 1.10203 1.15216 42 0 0 40 30
650 3998 11.78803 2.91330 0.85400 1.67748 33 0 0 33 23
1680 3388 11.48121 0.97328 0.76926 1.73212 69 0 3 65 50
841 3785 11.07551 3.09259 1.38481 1.40277 50 0 0 41 31
2172 5113 11.52031 3.11062 1.30260 0.75069 71 0 0 65 49
2250 4062 11.78848 3.13045 1.68445 2.14813 17 0 0 10 7
2526 3783 10.31615 3.13565 0.60185 1.91765 69 0 0 69 55
778 2458 10.79463 0.02716 0.62138 0.83228 55 0 7 53 43
3596 4535 10.11508 0.09803 0.17470 1.18630 66 14 12 64 47
429 5150 10.65522 3.00195 0.80008 1.34843 50 0 0 46 36
2182 5092 11.76291 3.12019 1.18402 2.27830 21 0 0 17 9
2076 5190 11.97962 3.03250 1.37375 1.15893 31 0 0 29 16
4171 5108 11.75264 0.77976 0.51353 1.76746 32 0 2 27 21
2416 3900 10.24818 3.13990 1.40283 1.89548 44 0 0 37 17
3596 4561 10.82686 0.02832 0.68751 1.61979 46 0 3 44 22
663 4948 11.21786 2.65241 0.22971 3.45853 50 7 5 42 30
196 5351 11.16528 3.07223 0.70168 1.27319 49 0 2 45 36
1638 3280 11.84708 0.02932 0.62044 0.43341 48 0 5 48 33
2234 4100 10.59321 3.11914 1.28412 3.73423 55 0 0 52 26
3714 4658 11.05753 0.25151 1.74843 6.74488 7 0 0 1 3
1453 3101 10.51488 0.01896 0.73161 3.63152 24 2 2 16 10
613 4006 10.80174 3.13620 1.26301 1.47379 65 0 0 63 32
459 2172 10.93767 0.20373 0.43354 0.51738 56 3 1 49 39
674 3972 10.94729 2.84530 0.51075 0.71982 19 1 0 16 13
587 2287 11.72779 0.02617 0.40723 0.53522 51 1 1 43 37
206 1926 11.39087 0.56721 0.70625 1.04867 84 1 3 79 44
3876 4847 11.90419 0.00792 0.74155 0.73966 113 1 6 106 81
940 4629 11.60252 2.19801 0.52592 1.28420 49 1 4 47 26
531 2236 10.44393 0.01136 0.35577 0.45370 41 2 2 35 28
2332 4928 10.44883 2.51728 0.81465 2.02951 139 0 0 125 75
617 2316 10.64289 0.00780 0.71024 0.45111 52 0 0 52 35
4128 5070 11.75155 0.05453 0.09440 1.02450 19 1 4 16 11
4115 5059 11.25828 0.00781 0.55633 0.70776 21 1 2 21 14
2490 3826 10.80704 3.12297 0.96182 1.89692 45 0 0 41 22
687 2341 11.94929 0.71080 0.45646 1.47618 27 0 4 27 21
2070 5218 10.22833 3.08474 0.71284 1.38169 97 0 1 86 54
942 4632 11.85576 2.23617 0.44332 0.88293 39 1 3 39 23
461 4174 11.06802 2.00171 1.09535 2.06678 25 0 1 22 17
4071 5039 11.58759 0.05218 0.53221 0.76105 26 0 4 26 20
697 4909 11.46042 3.11627 0.51966 1.81531 32 0 2 30 20
592 4028 10.66870 3.12096 1.80029 1.88969 106 0 0 102 56
1553 3201 11.06317 0.02811 0.59172 0.46730 73 0 4 64 52
4153 5107 11.61201 0.35407 0.44752 0.60845 19 1 0 16 14
566 5013 10.95632 3.09711 1.31456 1.60425 44 0 0 40 21
677 2374 11.17772 0.39846 0.52935 0.55249 28 1 4 28 23
2430 4847 10.06805 3.12970 0.59640 1.76547 151 2 2 140 80
1021 2697 10.74601 0.00637 0.42716 0.53522 52 1 0 50 38
762 4843 10.68134 3.12868 0.56774 1.85182 130 0 3 126 74
697 3948 11.22365 3.10169 0.57066 1.64259 44 0 0 40 22
347 2069 10.25467 0.05346 0.32592 0.61929 108 2 6 95 59
639 2343 11.23128 0.59822 0.53025 1.35046 50 1 7 45 35
2577 3702 11.56777 2.89834 1.20716 0.79819 14 0 0 10 8
757 2420 10.30308 0.00808 0.45456 0.37534 153 4 11 149 110
761 4824 11.60918 3.12781 1.36923 2.95300 74 0 0 55 20
310 2037 11.00547 0.08125 0.33471 0.64407 71 6 16 66 47
1431 3074 11.13807 0.30732 0.52554 1.14227 29 1 2 19 15
905 4667 10.86729 3.05894 0.91304 2.85499 16 0 0 14 7
137 5378 11.90650 3.09767 0.78836 1.25117 37 1 1 37 29
4047 4996 11.62425 0.02259 0.29687 1.45212 82 3 2 78 43
2135 5132 10.26642 3.00705 1.30415 0.52638 66 0 0 64 32
2277 4031 11.83600 3.13328 1.81699 1.92539 63 0 0 60 32
468 4159 11.03084 2.53441 1.00916 1.36344 40 0 1 36 15
1480 3131 11.43637 0.03320 0.28448 0.32385 102 6 13 97 74
2214 4103 10.80985 3.08739 1.62263 3.47536 33 0 0 29 16
4160 5108 10.66491 0.48043 0.26552 0.77632 42 14 4 35 35
3718 4684 10.02011 0.03842 0.79043 1.78925 11 0 1 9 9
634 4945 11.14350 2.87061 1.13413 2.61629 71 0 0 65 33
788 4816 10.05842 3.11728 0.84459 2.62316 43 0 0 38 24
8 159 10.90026 0.22630 12.79743 12.96609 14 1 0 7 7
486 5098 10.34994 3.03570 0.67018 2.13185 52 0 3 46 22
2177 5097 11.62230 3.06622 1.39505 1.99292 24 0 0 17 9
494 4157 11.60848 2.97025 2.26632 4.30539 10 1 0 3 4
2357 4893 10.46996 2.60736 0.89402 0.86321 49 0 0 46 35
1613 3255 11.98887 0.02737 0.75173 0.66793 69 1 9 67 50
734 3888 11.81277 3.12974 0.99739 1.60059 56 0 0 45 22
257 5284 11.46593 2.95364 1.32439 0.54680 44 0 0 40 17
692 2349 10.51250 0.52118 0.35198 1.46313 26 0 1 26 20
2563 3720 11.41264 3.13139 1.27566 1.94682 30 0 0 28 12
824 3804 11.44454 3.07048 1.23907 2.25845 43 0 0 38 19
2182 4176 10.18623 2.29928 0.89466 1.56948 30 2 3 25 21
3705 4674 11.76040 0.23167 0.85643 1.87659 15 0 1 15 9
2195 4152 11.36919 3.03954 0.65752 2.14667 9 0 0 4 4
940 4638 10.44231 2.35295 0.30892 1.63805 33 1 0 27 15
634 3981 11.78940 2.81591 1.33611 2.54407 66 0 0 60 34
1 161 11.92404 0.22584 4.48252 3.55490 18 0 0 15 3
1457 3136 11.46753 0.06903 0.61981 0.86953 73 0 1 69 41
2541 3748 10.85111 3.07535 1.28830 0.96225 44 0 0 39 22
906 4666 10.64531 3.03913 0.91546 3.18125 18 0 0 16 8
1626 3269 10.47484 0.02782 0.59175 0.49178 45 2 4 45 23
2422 4856 10.96830 3.13239 0.64901 1.64568 47 1 0 43 22
153 5375 11.47355 2.95406 0.41103 0.87402 38 2 0 34 25
670 2369 11.19629 0.49906 0.48379 1.12952 43 0 4 43 29
3733 4679 10.39465 0.03934 0.52197 0.61739 27 1 5 23 15
1396 3081 11.00135 0.55455 0.49998 0.51282 87 0 1 83 63
3958 4939 10.66157 0.69696 0.59360 0.46814 77 0 0 75 50
2529 3762 10.92583 3.09764 1.55227 2.20886 80 0 0 70 56
796 4809 11.59035 3.10642 7.09848 177.98346 37 0 0 26 10
461 4184 11.81846 1.68117 0.49871 2.18176 40 1 2 36 22
541 2226 11.49723 0.02005 0.26037 0.86457 31 0 2 26 21
802 4802 10.86504 3.10626 0.47935 1.29664 67 4 5 54 33
700 3945 11.49248 3.11606 0.35323 2.07754 27 0 1 25 13
3652 4597 10.41791 0.03204 0.31634 1.69858 55 4 9 47 29
1295 2970 11.17072 0.01139 0.36751 0.58283 44 4 6 44 32
179 5351 10.79003 3.06699 0.74861 1.70226 77 0 0 71 51
1054 2731 11.99553 0.00913 0.59846 0.88779 111 1 7 109 79
3658 4603 10.67150 0.02717 0.42158 0.78932 59 5 11 57 43
400 2118 10.44191 0.16050 0.54432 0.26688 76 0 1 70 53
2347 4944 11.84810 2.67898 0.39252 4.68383 18 2 1 14 12
2308 4957 11.53459 3.08270 0.76669 2.11118 83 0 3 77 39
1053 2731 10.83645 0.01043 0.28790 0.77076 109 6 14 109 66
887 3752 10.21932 3.08382 0.60457 1.79755 54 1 1 54 26
1477 3128 11.03882 0.01932 0.62483 0.31404 128 0 0 120 110
313 5258 10.32121 3.10810 23.21520 178.08092 13 0 0 6 6
3677 4623 10.12217 0.15192 0.35302 0.91856 63 2 9 63 47
2572 4687 11.84642 3.08366 1.01085 2.50640 11 0 0 9 2
314 2018 10.77043 0.08374 0.27086 0.47313 92 7 11 88 51
817 4786 11.00763 3.09832 0.54388 1.38621 37 0 2 33 21
1949 5317 10.78087 2.75912 1.22778 1.75658 128 0 0 123 82
1389 3031 11.51288 0.55584 0.39112 0.66558 61 2 4 61 34
5426 5536 10.62562 0.00675 0.54696 0.56163 54 4 6 51 36
723 3920 11.65564 3.13268 1.01028 2.24053 66 0 0 54 33
1285 2934 11.92193 0.01450 0.58341 0.59083 120 0 1 120 104
600 2277 11.91047 0.01061 0.78305 0.51434 46 0 5 40 25
618 2292 11.68035 0.01462 0.65119 0.80551 60 0 11 49 31
224 1937 11.76984 0.37191 0.40989 0.32506 87 4 13 82 67
270 5294 10.66483 3.11474 1.13676 0.61038 50 0 2 32 25
944 3672 11.28042 2.26879 0.38741 1.45750 39 3 1 32 25
656 4955 11.70043 2.78651 0.72702 2.56369 54 2 1 43 22
667 4904 11.18733 2.38016 1.19953 1.42272 52 0 0 48 36
2438 3861 11.49946 3.13012 1.36934 2.89530 55 0 0 42 14
2043 5246 11.85717 3.05463 0.78468 1.27840 28 1 0 19 15
409 2105 11.49739 0.10281 0.69128 0.49496 42 0 0 42 28
684 2338 11.82251 0.76163 0.23768 0.84904 38 1 6 36 30
1993 5270 11.50930 2.92640 7.49725 9.97086 37 0 0 28 23
1439 3119 11.31318 0.05056 0.50765 0.70221 39 1 4 32 23
539 4100 11.09622 3.12502 1.37400 3.81228 26 0 0 26 11
2353 4932 10.61107 2.91770 0.19203 1.29965 27 2 3 23 18
677 3969 11.13485 2.89401 0.10534 2.20247 39 5 2 36 28
3651 4621 11.06482 0.03315 0.63950 1.84016 44 0 0 44 23
590 4992 10.14524 3.12284 1.18125 2.36678 78 0 1 73 38
