92 159 10.90026 0.22630 5.84160 6.49830 53 0 0 47 42 203 100.00000 0
2004 5259 11.67707 2.98746 2.10091 2.22141 19 0 1 11 6 185 100.00000 0
2261 4049 11.76058 3.13964 2.12901 1.01645 37 0 0 28 15 237 100.00000 0
2282 4025 11.86480 3.13588 2.22604 1.73821 101 0 0 95 43 419 100.00000 0
97 5378 11.99398 3.12519 6.58785 6.70160 36 0 0 36 25 136 100.00000 0
2250 4062 11.78848 3.13045 2.25258 2.32153 19 0 0 11 6 107 100.00000 0
2076 5190 11.97962 3.03250 14.79910 173.74919 17 0 0 17 8 122 100.00000 0
761 4824 11.60918 3.12781 2.93765 2.93318 110 1 8 88 46 520 100.00000 0
8 159 10.90026 0.22630 5.56738 6.37480 44 0 0 36 31 190 100.00000 0
1 161 11.92404 0.22584 5.84110 6.34322 43 0 0 43 31 170 100.00000 0
313 5258 10.32121 3.10810 17.91301 178.08092 16 0 0 2 2 121 100.00000 0
2572 4687 11.84642 3.08366 2.65604 9.22940 10 2 0 1 7 142 100.00000 0
2438 3861 11.49946 3.13012 3.74667 2.87385 113 0 1 94 71 599 100.00000 0
