46 2458 10.93899 0.00085 0.14741 0.18131 44 42 2 39 26 191 100.00000 0
595 1365 11.63918 0.00886 0.42897 0.46140 27 26 1 23 14 127 100.00000 0
2 2410 10.83188 1.08332 0.31364 1.49043 73 65 8 69 35 217 100.00000 0
4 2341 10.62587 1.34239 0.29347 1.60206 90 84 6 85 42 258 100.00000 0
2375 2429 11.63953 1.09843 0.60598 1.83888 41 30 11 39 20 164 100.00000 0
2293 2351 11.73693 0.14199 0.07394 1.04568 77 68 9 73 32 224 100.00000 0
583 1353 11.11828 0.00704 0.11026 0.39664 36 32 3 32 21 113 100.00000 0
830 2600 11.72119 0.03361 0.20884 0.78733 50 41 9 41 22 172 100.00000 0
26 2320 11.85411 1.40166 0.36941 2.11803 37 33 4 35 14 99 100.00000 0
740 1474 11.04118 0.01730 0.05220 1.02067 71 61 8 65 40 206 100.00000 0
768 1540 11.46680 0.04711 0.16867 2.41346 52 45 6 49 27 105 100.00000 0
151 2525 10.88839 1.50885 0.16052 0.85455 61 57 4 57 34 143 100.00000 0
567 1306 11.93804 0.21390 0.17809 0.27695 28 24 3 22 14 82 100.00000 0
25 2341 10.58463 1.36991 0.80938 2.24803 35 26 4 33 14 162 100.00000 0
28 2409 10.76865 1.14760 0.11693 1.62895 34 24 9 24 14 142 100.00000 0
27 2409 10.05551 1.15001 0.54555 1.93634 41 39 2 41 24 121 100.00000 0
1 2373 11.80218 1.33674 0.37516 1.74854 63 60 3 61 44 179 100.00000 0
5 2398 10.22260 1.33467 0.15495 1.82027 64 56 8 64 29 213 100.00000 0
596 1342 10.87567 0.00974 0.09417 0.36045 31 29 1 24 19 110 100.00000 0
797 1571 10.72722 0.45146 0.25784 0.96225 30 26 3 24 16 135 100.00000 0
32 2416 11.69083 0.84080 0.19893 0.99740 62 55 7 56 38 172 100.00000 0
0 2404 11.97429 1.26074 0.37528 2.03682 75 64 11 71 44 205 100.00000 0
584 1329 11.44588 0.01643 0.12316 0.71982 28 19 4 17 6 79 100.00000 0
740 1496 10.92571 0.01624 0.06224 0.66793 46 39 6 41 24 157 100.00000 0
4 2383 10.65034 1.34265 0.35447 1.60108 80 72 8 76 42 239 100.00000 0
24 2361 10.04750 1.36643 1.00414 2.47607 40 38 2 38 10 123 100.00000 0
726 1481 10.03635 0.02048 0.14081 0.68756 102 96 6 95 57 228 100.00000 0
1564 2566 10.70175 1.50673 0.40372 2.31224 45 42 3 39 25 157 100.00000 0
1 2375 11.79752 1.33567 0.17229 1.73866 65 62 3 62 34 196 100.00000 0
2360 2428 10.98106 1.06656 0.44178 1.55620 38 33 5 34 18 123 100.00000 0
712 1470 11.73819 0.02236 0.11850 0.54751 79 73 6 76 47 247 100.00000 0
681 1423 10.40942 0.01884 0.13112 0.36262 72 61 8 65 44 199 100.00000 0
583 1329 10.58680 0.01714 0.06522 0.72470 34 24 8 18 8 116 100.00000 0
919 2637 11.19761 1.57544 0.19306 1.20203 42 40 2 40 24 108 100.00000 0
1535 2585 11.70529 1.43565 0.21536 1.88907 43 42 0 40 24 131 100.00000 0
817 1528 10.77377 1.18721 0.08728 1.16567 62 57 5 55 33 186 100.00000 0
825 1568 11.70404 1.50176 0.26123 1.23258 42 39 3 34 23 149 100.00000 0
139 2526 10.04170 0.99317 0.14438 1.13436 52 49 2 48 27 170 100.00000 0
824 1549 11.47331 1.45764 0.18134 0.74965 47 46 1 45 27 137 100.00000 0
2300 2416 11.82551 0.67374 0.85296 2.16193 78 74 4 76 30 298 100.00000 0
24 2358 10.03758 1.36668 0.32678 2.50640 44 42 2 42 14 120 100.00000 0
515 1293 11.25712 2.67819 0.46384 2.62763 62 50 12 62 21 162 100.00000 0
708 1466 11.15262 0.02371 0.16074 0.34830 87 83 4 87 49 243 100.00000 0
745 1503 11.94916 0.06552 0.44434 0.47806 28 19 7 21 8 110 100.00000 0
866 2628 10.76031 0.04720 0.23351 1.44672 28 27 1 28 10 100 100.00000 0
2 2341 11.38150 1.33852 0.16715 1.69258 66 59 7 64 29 205 100.00000 0
2 2387 11.40851 1.33970 0.12753 1.69350 59 52 7 55 21 183 100.00000 0
884 2637 10.26543 0.12983 0.18306 1.03098 20 15 5 20 11 77 100.00000 0
543 1280 11.67295 1.66358 1.26210 1.92966 12 9 2 9 2 44 100.00000 0
643 1388 10.37749 0.02097 0.10653 0.58950 55 47 5 55 31 162 100.00000 0
824 1552 11.17464 1.47307 0.23424 0.41496 49 47 2 49 34 167 100.00000 0
773 1549 10.26261 0.04022 0.55781 2.07415 55 53 2 49 20 154 100.00000 0
841 2587 11.54700 0.01892 0.11396 0.58817 70 67 3 68 48 186 100.00000 0
26 2339 11.16932 1.36647 0.31898 2.05004 30 23 6 25 13 118 100.00000 0
25 2382 10.59903 1.36948 0.54894 2.23002 40 34 5 28 11 164 100.00000 0
1521 2575 10.17923 1.40703 0.30274 2.37949 36 35 1 32 15 105 100.00000 0
775 1557 11.67465 0.07071 0.76044 2.40501 30 26 3 27 15 75 100.00000 0
0 2406 11.87292 1.21274 0.36978 2.01421 69 63 6 67 29 175 100.00000 0
822 1540 11.25692 1.38793 0.17113 0.66146 62 59 3 60 38 150 100.00000 0
1576 2577 10.81003 1.51538 0.12439 0.63366 58 53 5 54 26 202 100.00000 0
2362 2427 10.32198 1.02867 0.45559 1.42464 51 42 7 42 24 158 100.00000 0
104 2514 10.79346 0.06914 0.69943 1.82671 46 42 2 36 14 141 100.00000 0
565 1303 11.90033 0.35548 0.17605 0.91343 27 21 5 25 15 94 100.00000 0
573 1317 10.50901 0.02034 0.07592 0.88470 43 32 8 31 17 139 100.00000 0
546 1326 11.65109 0.17241 0.33451 1.69927 26 17 8 24 8 69 100.00000 0
737 1493 11.13119 0.02668 0.10202 0.52786 46 42 4 40 21 133 100.00000 0
563 1336 11.37131 0.13468 0.20414 2.25603 12 11 0 7 4 56 100.00000 0
24 2336 10.03906 1.36620 0.77888 2.49952 33 28 5 31 14 108 100.00000 0
23 2315 11.47313 1.48938 0.58984 3.12888 34 31 3 34 14 93 100.00000 0
25 2365 10.58384 1.36866 0.34009 2.23493 46 38 7 42 14 195 100.00000 0
529 1282 11.26956 2.44269 1.31577 2.99853 30 27 2 27 16 79 100.00000 0
737 1471 11.66466 0.01107 0.09044 0.64650 58 55 2 55 33 160 100.00000 0
865 2604 11.63693 0.01499 0.10670 0.18975 51 45 6 45 24 169 100.00000 0
2293 2376 11.71953 0.14188 0.73918 1.04455 58 49 8 54 22 213 100.00000 0
17 2309 11.65034 1.51767 0.16600 2.51839 60 41 18 56 19 193 100.00000 0
752 1510 11.02960 0.13390 0.17870 1.42848 47 40 6 45 20 152 100.00000 0
27 2389 11.81937 1.36719 0.29463 1.87576 39 36 3 39 18 110 100.00000 0
586 1331 11.58355 0.01549 0.40405 1.30386 38 31 1 24 16 119 100.00000 0
789 1566 10.03461 0.22545 0.28502 1.06386 35 32 3 35 17 136 100.00000 0
769 1543 11.40710 0.04528 0.40586 2.55834 36 32 2 33 12 111 100.00000 0
27 2375 11.80736 1.36562 0.31576 1.84143 36 31 5 36 18 93 100.00000 0
799 1513 11.78918 0.37536 0.10089 0.92788 51 46 5 45 24 142 100.00000 0
27 2331 11.81117 1.36477 0.53217 1.96204 39 34 5 37 14 122 100.00000 0
2341 2429 11.63297 1.10052 0.20030 1.86718 26 19 7 16 9 119 100.00000 0
1532 2584 11.23132 1.43172 0.74501 2.32742 37 36 1 34 19 107 100.00000 0
792 2565 11.47370 1.20942 0.43653 1.83013 27 25 1 23 15 97 100.00000 0
5 2387 10.29263 1.34510 0.41156 1.58856 84 70 14 81 35 270 100.00000 0
624 1368 11.41175 0.01324 0.15227 0.29608 42 37 5 39 21 136 100.00000 0
793 2566 10.57228 1.18263 0.34288 1.85351 46 41 4 40 26 159 100.00000 0
916 2627 11.62152 1.45207 0.59496 1.88034 23 20 3 23 10 61 100.00000 0
535 1280 11.32455 2.11320 1.12236 2.84345 10 9 1 8 3 45 100.00000 0
788 1566 10.38221 0.20558 0.36390 1.37885 43 40 2 37 28 141 100.00000 0
542 1323 10.85830 0.35420 0.24048 2.45798 24 19 2 14 14 80 100.00000 0
4 2393 10.63482 1.34212 0.37612 1.67631 79 71 8 75 42 238 100.00000 0
520 1313 10.65331 1.63807 0.26643 3.47367 34 34 0 34 14 105 100.00000 0
856 2620 10.82168 0.01847 0.26032 0.29342 39 34 3 34 20 127 100.00000 0
2293 2375 11.71962 0.14290 0.14249 1.01991 73 68 5 71 28 224 100.00000 0
849 2614 10.90120 0.00592 0.26152 0.28804 52 43 9 50 26 151 100.00000 0
27 2343 11.79208 1.36450 0.14951 1.85815 38 30 7 38 21 98 100.00000 0
3 2354 11.00165 1.34195 0.12725 1.64092 67 61 6 61 38 224 100.00000 0
28 2442 10.81052 0.02036 0.49406 0.85363 58 54 4 52 22 150 100.00000 0
1519 2578 11.66793 1.39084 0.71796 2.72347 23 13 2 16 10 59 100.00000 0
774 1500 11.20667 0.02587 0.06225 1.06017 41 33 8 31 21 131 100.00000 0
0 2405 11.92305 1.23969 0.29932 2.05138 52 47 5 44 25 160 100.00000 0
2 2347 11.37986 1.33622 0.41886 1.69119 67 57 9 63 30 210 100.00000 0
1 2372 11.80754 1.34093 0.47011 1.76236 71 65 5 67 36 191 100.00000 0
1523 2579 10.16952 1.40160 0.26708 2.85225 31 26 5 29 9 106 100.00000 0
55 2466 10.34770 0.01323 0.17628 0.77984 66 62 4 58 41 188 100.00000 0
822 2574 11.39987 0.06396 0.28098 0.46646 53 47 6 49 35 169 100.00000 0
854 2597 11.06671 0.01489 0.62714 0.84719 32 20 11 28 11 141 100.00000 0
1518 2576 11.77089 1.39266 0.34632 2.47101 16 14 2 16 9 52 100.00000 0
31 2415 11.20437 0.88999 0.15334 1.14090 98 89 8 92 59 201 100.00000 0
509 1304 11.72909 2.16563 1.01154 4.27196 27 23 0 18 15 79 100.00000 0
618 1386 11.13316 0.00832 0.10760 0.41684 53 46 7 48 24 138 100.00000 0
763 1491 11.86349 0.03237 0.13292 0.27124 43 42 1 39 23 139 100.00000 0
2359 2427 10.31873 1.02897 0.46574 1.39718 53 50 3 49 25 163 100.00000 0
747 1479 11.67712 0.01548 0.13360 0.68756 44 34 10 38 19 135 100.00000 0
513 1306 10.36536 2.04343 0.34357 4.01815 26 19 3 16 6 91 100.00000 0
787 2566 10.96029 1.32212 0.20782 2.57679 30 24 6 25 11 105 100.00000 0
802 2567 10.37612 0.88837 0.25846 1.81531 49 46 2 45 29 152 100.00000 0
2365 2427 10.31003 1.02748 0.45155 1.41444 37 25 11 34 16 120 100.00000 0
751 1483 10.77079 0.01507 0.09149 0.69998 41 38 3 41 28 130 100.00000 0
4 2417 10.55067 0.76945 0.35127 1.11698 102 93 9 100 52 265 100.00000 0
4 2403 10.36711 1.28480 0.20885 2.04354 55 49 6 53 30 212 100.00000 0
2295 2384 10.42894 0.14259 0.13387 0.77278 83 70 13 81 40 250 100.00000 0
12 2311 11.15060 1.50528 0.33829 1.75792 77 69 8 77 40 235 100.00000 0
66 2458 10.53798 0.00285 0.21238 0.11535 59 55 4 51 30 204 100.00000 0
2342 2427 10.31183 1.02909 0.39367 1.42217 40 31 9 40 18 140 100.00000 0
766 1536 11.96242 0.05261 0.42039 2.39800 37 35 2 35 19 94 100.00000 0
612 1357 10.91410 0.00355 0.15524 0.10087 39 33 5 30 20 132 100.00000 0
581 1351 11.02611 0.01117 0.28245 0.60263 27 21 1 18 12 102 100.00000 0
607 1353 10.27421 0.00539 0.20857 0.33572 61 50 6 47 29 150 100.00000 0
823 1539 11.92658 1.41236 0.20259 1.06386 53 42 10 46 25 175 100.00000 0
612 1381 11.54455 0.01643 0.26347 0.50976 42 39 2 42 25 125 100.00000 0
825 1551 11.87165 1.48175 0.20372 0.76413 59 49 9 57 34 164 100.00000 0
766 1532 11.10990 0.05289 0.39375 2.32541 39 35 1 30 26 132 100.00000 0
2349 2429 11.62844 1.10009 1.05220 1.95124 35 27 8 30 12 120 100.00000 0
640 1384 11.35806 0.03641 0.20518 0.45197 47 42 3 42 22 168 100.00000 0
786 1566 11.14171 0.17185 0.20705 1.47034 45 43 2 43 24 141 100.00000 0
909 2625 10.08337 1.20961 0.10902 1.75212 29 22 7 26 14 94 100.00000 0
2351 2429 11.62733 1.09946 0.68821 1.87430 36 32 4 34 13 123 100.00000 0
5 2388 10.28821 1.34143 0.10836 1.58708 90 82 8 90 39 292 100.00000 0
570 1311 11.60665 0.06447 0.06008 0.91215 41 38 3 39 28 136 100.00000 0
599 1344 11.70250 0.01072 0.16006 0.50280 25 23 1 20 12 129 100.00000 0
806 1573 10.08900 0.80071 0.29195 0.78932 62 57 5 60 35 222 100.00000 0
561 1300 10.59863 0.52653 0.11177 0.71873 32 27 2 30 17 116 100.00000 0
2 2396 11.37464 1.33109 0.32350 1.72283 52 50 2 48 28 178 100.00000 0
2 2327 11.37770 1.33784 0.41683 1.32412 93 91 2 91 45 237 100.00000 0
513 1303 10.13627 2.19268 0.73487 3.08921 24 23 1 24 12 96 100.00000 0
814 2571 10.15425 0.38129 0.21033 0.57539 42 36 5 34 18 112 100.00000 0
121 2500 11.93792 0.15387 0.34679 1.18432 69 61 6 65 42 195 100.00000 0
26 2373 11.16690 1.36603 0.07149 2.03894 37 30 7 28 11 148 100.00000 0
3 2402 10.81171 1.29859 0.28631 2.07320 46 37 9 46 23 183 100.00000 0
780 2567 11.83630 1.41893 1.05039 3.31293 5 4 1 5 3 26 100.00000 0
545 1284 10.09625 1.52196 0.12854 1.44266 31 29 2 27 21 92 100.00000 0
581 1326 11.13531 0.01596 0.99905 0.86094 22 11 4 7 2 78 100.00000 0
1554 2565 11.13388 1.49976 0.23876 0.96225 50 49 1 47 33 167 100.00000 0
528 1283 10.98001 2.48471 0.55173 2.84565 21 17 4 19 8 75 100.00000 0
2 2353 11.39246 1.33481 0.48878 1.70731 68 63 5 66 35 207 100.00000 0
600 1346 10.68940 0.00999 0.34224 1.01645 33 30 1 28 23 103 100.00000 0
7 2312 11.79154 1.49298 0.49199 2.37422 63 57 6 61 27 206 100.00000 0
2294 2391 11.04337 0.13987 0.33560 1.00405 80 66 14 78 31 261 100.00000 0
1523 2580 10.64905 1.40371 0.10224 3.01818 30 25 4 23 11 110 100.00000 0
27 2324 11.90775 1.37116 0.27737 1.41665 27 23 4 24 14 97 100.00000 0
2299 2409 10.01077 0.36506 0.09423 1.05869 106 93 13 102 57 304 100.00000 0
588 1333 11.71107 0.01540 0.22105 0.57335 24 19 4 17 11 85 100.00000 0
616 1385 11.89989 0.00704 0.21286 0.32984 42 36 6 38 15 103 100.00000 0
577 1320 11.93913 0.01633 0.31473 1.00327 15 13 0 12 6 52 100.00000 0
527 1317 11.20113 1.25423 0.31732 3.18678 33 31 1 28 12 126 100.00000 0
746 1503 11.07246 0.06654 0.59871 0.44587 40 24 14 38 11 149 100.00000 0
563 1301 11.42933 0.46310 0.17640 0.73061 40 38 0 32 24 141 100.00000 0
610 1378 10.44543 0.01670 0.10703 0.34150 42 40 1 27 21 166 100.00000 0
2373 2427 10.31331 1.02771 0.37794 1.40667 32 22 9 32 12 119 100.00000 0
24 2392 10.04264 1.36657 0.28942 2.54083 29 27 2 23 10 114 100.00000 0
569 1340 10.72652 0.12411 0.32473 0.82756 32 27 4 27 16 92 100.00000 0
558 1333 11.84365 0.09345 1.30524 3.50967 12 3 0 7 4 76 100.00000 0
25 2381 10.59779 1.37083 0.14618 2.27417 45 40 4 43 14 176 100.00000 0
820 1575 11.90368 1.39391 0.40771 1.10995 35 28 4 25 15 152 100.00000 0
2 2401 11.26625 1.30930 0.19944 2.17727 45 33 12 36 24 166 100.00000 0
24 2345 10.04960 1.36710 0.32851 2.46720 31 25 6 25 10 96 100.00000 0
1 2388 11.81227 1.33527 0.47389 1.73821 67 57 8 58 30 213 100.00000 0
27 2381 11.81097 1.36864 0.07017 1.86004 23 18 5 23 11 96 100.00000 0
769 1542 11.20931 0.04515 0.10893 2.52026 61 58 2 61 31 154 100.00000 0
2293 2379 11.72207 0.14122 0.47591 1.00833 63 59 4 63 30 204 100.00000 0
695 1435 11.15665 0.01586 0.07320 0.35498 64 57 7 64 34 185 100.00000 0
59 2451 11.02260 0.01357 0.15574 0.58081 47 42 5 45 20 157 100.00000 0
2297 2407 10.64833 0.29433 0.19318 1.22589 82 76 6 72 41 252 100.00000 0
81 2472 11.09812 0.01802 0.19247 0.94170 37 35 1 25 14 135 100.00000 0
518 1289 11.62870 2.77427 0.38627 2.85197 58 52 6 56 32 145 100.00000 0
2322 2426 10.00644 1.01176 0.43858 1.30356 53 47 6 50 20 139 100.00000 0
597 1343 10.85277 0.01101 0.29997 0.53522 32 28 3 29 13 109 100.00000 0
27 2369 11.80023 1.36692 0.39942 1.83632 29 25 4 29 12 86 100.00000 0
26 2403 10.62914 1.30953 0.28881 2.43815 36 31 5 36 16 129 100.00000 0
551 1287 10.59431 1.27589 0.20847 1.37116 19 18 1 19 12 48 100.00000 0
2294 2347 11.07012 0.14239 0.06139 0.93670 85 76 9 83 34 272 100.00000 0
7 2313 11.54238 1.48556 0.30199 2.25116 89 86 3 89 44 213 100.00000 0
119 2500 11.18993 0.09686 0.40632 1.33940 52 42 10 52 23 148 100.00000 0
30 2443 10.03865 0.02430 0.26583 0.94833 60 51 8 55 33 192 100.00000 0
883 2614 10.87805 0.06420 0.35580 0.27976 51 46 5 51 28 139 100.00000 0
2 2342 11.38481 1.33888 0.19550 1.69628 48 38 10 46 19 177 100.00000 0
