0.02734 0.02101
0.01804 0.01694
0.01823 0.01898
0.01526 0.01880
0.01475 0.01464
0.01853 0.02849
0.01566 0.01529
0.01543 0.01991
0.01868 0.02647
0.01612 0.02141
0.01564 0.01927
0.01902 0.02296
0.01563 0.02182
0.02184 0.02059
0.01611 0.02555
0.01769 0.02357
0.01553 0.01986
0.01562 0.01701
0.01629 0.01412
0.01545 0.02406
0.01507 0.02021
0.01614 0.01663
0.02029 0.01890
0.01439 0.01567
0.01540 0.01679
0.01486 0.01611
0.01482 0.01971
0.01528 0.01945
0.01635 0.02325
0.01869 0.02073
0.01902 0.01637
0.01487 0.01878
0.01619 0.02112
0.01881 0.02383
0.01674 0.01803
0.01557 0.02229
0.01596 0.01575
0.01640 0.02502
0.01792 0.02557
0.01835 0.02100
0.01928 0.01675
0.01109 0.01208
0.01598 0.02209
0.01766 0.02016
0.01625 0.01621
0.01690 0.02318
0.01737 0.01830
0.01627 0.01670
0.01158 0.01502
0.01583 0.02103
0.01644 0.02145
0.01170 0.01292
0.01866 0.01925
0.01388 0.01579
0.01626 0.02155
0.01523 0.02010
0.01575 0.02161
0.01679 0.02432
0.02748 0.02599
0.01638 0.02026
0.02345 0.01496
0.01740 0.01976
0.01522 0.01596
0.01635 0.02146
0.02556 0.01672
0.01602 0.01920
0.01653 0.01755
0.01545 0.01698
0.01919 0.02157
0.01758 0.02611
0.02300 0.02223
0.01533 0.01660
0.01693 0.02078
0.01692 0.02259
0.01329 0.01581
0.01677 0.02426
0.01548 0.01686
0.01731 0.01679
0.01754 0.01860
0.01636 0.02568
0.01655 0.01900
0.01502 0.01848
0.02055 0.01866
0.01957 0.02535
0.01908 0.02120
0.03149 0.02303
0.01702 0.02174
0.01541 0.02054
0.01226 0.01691
0.01769 0.02493
0.01753 0.02000
0.01733 0.02146
0.02406 0.02138
0.02482 0.02188
0.02181 0.02327
0.01759 0.01886
0.01944 0.02125
0.01832 0.02191
0.01764 0.01937
0.01692 0.01723
0.01675 0.02109
0.01260 0.01485
0.01557 0.02097
0.01511 0.01974
0.01739 0.02232
0.02726 0.02259
0.01547 0.01987
0.01874 0.02118
0.02235 0.02039
0.01513 0.02307
0.01521 0.01869
0.01570 0.02766
0.01960 0.01724
0.02278 0.02309
0.03146 0.01945
0.01526 0.01525
0.01893 0.02037
0.01623 0.01661
0.01718 0.02628
0.01587 0.02250
0.01890 0.01820
0.01755 0.01677
0.01695 0.02428
0.02548 0.01900
0.01448 0.01813
0.01715 0.02493
0.01930 0.02077
0.01523 0.01539
0.01554 0.01836
0.01919 0.02280
0.01580 0.01633
0.01674 0.01759
0.02830 0.02454
0.02716 0.01888
0.01603 0.01727
0.01529 0.01449
0.01629 0.01945
0.01472 0.01974
0.01688 0.02228
0.01761 0.02240
0.01620 0.02021
0.01667 0.02027
0.02776 0.02093
0.01526 0.02000
0.01881 0.02449
0.01730 0.01735
0.01562 0.02539
0.01524 0.01817
0.01474 0.01574
0.01710 0.01973
0.01674 0.02165
0.01656 0.02087
0.02128 0.02022
0.01740 0.01715
0.02402 0.02677
0.01502 0.01803
0.01828 0.02586
0.01599 0.01886
0.02068 0.02368
0.01576 0.01725
0.02589 0.01980
0.01625 0.02021
0.01507 0.01970
0.01720 0.01727
0.01520 0.01784
0.01509 0.01879
0.01624 0.01920
0.02640 0.02268
0.01657 0.01932
0.01530 0.01577
0.02108 0.02188
0.01211 0.01523
0.02137 0.02849
0.01542 0.02419
0.01260 0.01218
0.01595 0.02086
0.03337 0.01784
0.01701 0.02413
0.01448 0.01564
0.01495 0.01715
0.01561 0.01967
0.01920 0.02597
0.01735 0.02480
0.01479 0.01705
0.01563 0.01768
0.01771 0.02144
0.01569 0.01533
0.01533 0.01598
0.01821 0.02267
0.01546 0.02038
0.03127 0.01929
0.01690 0.01690
0.01627 0.02131
0.01928 0.01985
0.01836 0.02335
0.01607 0.01624
0.01331 0.02090
0.01839 0.02071
0.01730 0.02056
0.01513 0.01965
