0.01814 0.03248
0.01628 0.03775
0.01682 0.03497
0.01490 0.03804
0.01475 0.02679
0.01440 0.02788
0.01805 0.03503
0.01618 0.03339
0.01584 0.03053
0.01574 0.03221
0.01426 0.02983
0.01560 0.03251
0.01193 0.02271
0.01611 0.03138
0.01472 0.03333
0.01604 0.03375
0.01601 0.03041
0.02307 0.03136
0.01628 0.03467
0.01558 0.03116
0.01566 0.03414
0.01435 0.02911
0.01590 0.03471
0.01626 0.03464
0.01483 0.02872
0.01611 0.03011
0.01605 0.03329
0.01874 0.03332
0.01564 0.03068
0.01474 0.03290
0.01383 0.02664
0.01656 0.03165
0.01537 0.03234
0.01560 0.03593
0.02372 0.03020
0.01715 0.03539
0.01287 0.02532
0.01552 0.03128
0.01480 0.03343
0.02605 0.03410
0.01591 0.03496
0.01508 0.03113
0.01634 0.03358
0.01983 0.03093
0.01281 0.02534
0.01807 0.03590
0.01437 0.02858
0.01656 0.03588
0.01592 0.03797
0.01398 0.02796
0.01762 0.02841
0.01519 0.02927
0.01581 0.03390
0.01668 0.03189
0.01577 0.03727
0.02235 0.03453
0.01845 0.03536
0.01481 0.03503
0.01595 0.02967
0.01696 0.02836
0.01449 0.03479
0.01872 0.03112
0.01407 0.02839
0.01450 0.02923
0.01393 0.02651
0.01610 0.03401
0.01570 0.03312
0.01535 0.03474
0.01505 0.02822
0.01695 0.03660
0.02439 0.03278
0.01399 0.03699
0.01634 0.03263
0.01599 0.03154
0.01391 0.02670
0.01656 0.03592
0.01563 0.03406
0.01354 0.02707
0.01594 0.03173
0.01436 0.02842
0.01562 0.02963
0.01353 0.02584
0.01579 0.02529
0.01637 0.03276
0.01609 0.03636
0.01493 0.03134
0.01636 0.03230
0.01357 0.02638
0.01409 0.02745
0.01490 0.03098
0.01605 0.03524
0.01574 0.03056
0.01313 0.02600
0.01510 0.03308
0.01621 0.03118
0.01600 0.03714
0.01305 0.02506
0.01561 0.03033
0.01342 0.02516
0.01659 0.03690
0.01372 0.02643
0.01556 0.03075
0.01576 0.03046
0.01751 0.03603
0.01669 0.03001
0.01581 0.03305
0.01609 0.03624
0.01526 0.03441
0.01495 0.03319
0.01418 0.02774
0.01454 0.03109
0.01373 0.02644
0.01499 0.03287
0.01267 0.02366
0.01489 0.02802
0.01555 0.03364
0.01365 0.02523
0.01732 0.03582
0.01460 0.03068
0.01700 0.03505
0.02118 0.03496
0.01770 0.03825
0.01428 0.03036
0.02208 0.02721
0.01548 0.03148
0.02144 0.03213
0.01674 0.03358
0.01378 0.03083
0.01356 0.02550
0.01548 0.03178
0.01436 0.03017
0.01497 0.03363
0.01467 0.02861
0.01941 0.03156
0.01407 0.02650
0.02196 0.03057
0.01522 0.02905
0.01326 0.02705
0.01453 0.02664
0.01493 0.02912
0.01478 0.03126
0.01434 0.02940
0.01684 0.04230
0.01484 0.02944
0.01644 0.03274
0.01507 0.03232
0.01507 0.03361
0.01529 0.02921
0.01629 0.03276
0.01459 0.03121
0.01443 0.03099
0.01373 0.02674
0.01664 0.03374
0.01796 0.02612
0.01539 0.03097
0.01537 0.03913
0.01698 0.03189
0.01585 0.03311
0.01906 0.03044
0.01629 0.03096
0.01564 0.03365
0.01585 0.03715
0.01315 0.02499
0.01381 0.02672
0.01357 0.02565
0.01520 0.02923
0.01472 0.02926
0.01562 0.02858
0.01646 0.03291
0.01316 0.02517
0.01656 0.03247
0.01631 0.03390
0.01751 0.03523
0.01525 0.03286
0.01694 0.03212
0.01404 0.03060
0.01512 0.03056
0.02320 0.03283
0.01478 0.02984
0.02602 0.03129
0.01936 0.03922
0.01452 0.02885
0.01593 0.03727
0.01322 0.02669
0.01441 0.02907
0.01453 0.02961
0.01461 0.02774
0.01304 0.02579
0.01514 0.03032
0.01694 0.03317
0.01582 0.03190
0.01568 0.02929
0.01682 0.03344
0.01557 0.03591
0.01445 0.03073
0.01566 0.03417
0.01543 0.03345
0.01402 0.02876
0.01873 0.02954
0.01558 0.03000
0.01679 0.03452
0.01692 0.03375
0.01460 0.03003
0.01589 0.03805
0.01552 0.03246
0.01512 0.03390
0.01511 0.03131
0.01662 0.03134
0.01347 0.02668
0.01307 0.03045
0.01500 0.03076
0.01531 0.03366
0.02236 0.02651
0.01469 0.03525
0.01671 0.03451
0.01326 0.02644
0.01381 0.03423
0.01803 0.02985
0.01599 0.03129
0.01537 0.03125
0.01551 0.03414
0.01529 0.04172
0.01374 0.02892
0.01644 0.03498
0.02064 0.03012
0.01430 0.02827
0.01451 0.03054
0.01639 0.03324
0.01518 0.03052
0.01463 0.03140
0.01647 0.03512
0.01536 0.03219
0.01498 0.03351
0.02276 0.03085
0.01566 0.03706
0.02656 0.03346
0.01638 0.03070
0.01525 0.03351
0.01355 0.02596
0.02082 0.03015
0.01490 0.03271
0.01626 0.02428
0.01529 0.02987
0.01484 0.03878
0.01510 0.02766
0.01596 0.03059
0.01579 0.02967
0.02021 0.03504
0.01490 0.03226
0.01768 0.03490
0.02153 0.02970
0.01658 0.03457
0.01408 0.02923
0.01489 0.02947
0.01644 0.03034
0.01700 0.03529
0.01367 0.02860
0.01574 0.03145
0.01692 0.02966
0.01352 0.02600
0.01544 0.03318
0.01375 0.02527
0.01640 0.03409
0.02403 0.02759
0.01789 0.03224
0.01558 0.03244
0.02005 0.02779
0.01655 0.03343
0.01292 0.02821
0.01319 0.02904
0.01558 0.02870
0.01472 0.03168
0.01400 0.02664
0.01534 0.04251
0.01604 0.03490
0.01354 0.02638
0.01720 0.03635
0.01665 0.03539
0.01445 0.02869
0.01519 0.03017
0.01391 0.03233
0.01483 0.03570
0.01345 0.02600
0.01395 0.02654
0.01978 0.03075
0.01570 0.03206
0.01487 0.03090
0.01443 0.03155
0.01716 0.03669
0.01615 0.03112
0.01405 0.02575
0.01633 0.03530
0.02812 0.03181
0.01741 0.03541
0.01397 0.02585
0.01315 0.02628
0.01517 0.03308
0.01573 0.03120
0.01339 0.02656
0.01667 0.03146
0.01888 0.03106
0.01553 0.03273
0.01372 0.02991
0.02940 0.03616
0.01585 0.03255
0.01571 0.03123
0.01448 0.02991
0.02311 0.03118
0.01640 0.02845
0.01314 0.02560
0.01948 0.03292
0.01629 0.03343
0.01330 0.02606
0.01559 0.03038
0.01390 0.03260
0.01409 0.02985
0.01320 0.02574
0.01685 0.03642
0.02286 0.03098
0.01500 0.03067
0.01637 0.03237
0.01675 0.03457
0.01830 0.03852
0.01754 0.03089
0.01746 0.03549
0.01629 0.03387
0.01584 0.03371
0.01331 0.03247
0.01681 0.03524
0.01447 0.03097
0.02184 0.03416
0.01327 0.02836
0.01408 0.02576
0.01511 0.03123
0.01333 0.02568
0.01463 0.02641
0.01676 0.03233
0.01384 0.02601
0.01242 0.02976
0.01651 0.03340
0.01490 0.03085
0.01596 0.02862
0.02288 0.03481
0.01387 0.02633
0.01337 0.02953
0.01810 0.02896
0.01460 0.02649
0.01594 0.03078
0.02218 0.03099
0.01328 0.02563
0.01495 0.03097
0.01350 0.02902
0.01436 0.03068
0.01430 0.03005
0.01522 0.03040
0.01392 0.02912
0.01511 0.03327
0.01367 0.02635
0.02398 0.02762
0.02442 0.02843
0.01832 0.02930
0.01660 0.03402
0.01949 0.03559
0.01922 0.03259
0.01651 0.03641
0.01850 0.02979
0.01520 0.03149
0.01459 0.03368
0.01650 0.03097
0.01431 0.02910
0.01538 0.03119
0.02193 0.03275
0.01591 0.03646
0.01496 0.03340
0.01423 0.02831
0.01464 0.02967
0.02504 0.03552
0.01583 0.03201
0.01498 0.03178
0.02362 0.04008
0.01582 0.03003
0.01506 0.02837
0.02354 0.03334
0.01520 0.03127
0.01662 0.03368
0.01673 0.03664
0.01521 0.02520
0.01451 0.03254
0.01678 0.04014
0.02419 0.02990
0.01616 0.03096
0.01446 0.03158
0.01579 0.03206
0.01660 0.03186
0.01451 0.02979
0.01367 0.02569
0.01711 0.03131
0.01524 0.02980
0.01402 0.02866
0.01689 0.03668
0.01605 0.03461
0.01924 0.02961
0.01715 0.03508
0.01811 0.02989
0.02495 0.03263
0.01601 0.03068
0.01304 0.02633
0.01668 0.03928
0.01685 0.03434
0.01430 0.03023
0.01578 0.03228
0.01661 0.03257
0.01381 0.02672
0.02111 0.03467
0.01543 0.03465
0.02350 0.03281
0.01384 0.02905
0.01562 0.03638
0.01586 0.03305
0.01449 0.03123
0.01465 0.03244
0.01557 0.02978
0.01637 0.03188
0.01439 0.02649
0.01544 0.03189
0.01557 0.03027
0.02446 0.03225
0.01595 0.03222
0.02065 0.03557
0.01358 0.02731
0.01547 0.03070
0.01565 0.03086
0.01583 0.02939
0.01616 0.03369
0.01653 0.03514
0.01450 0.03125
0.01435 0.02894
0.02463 0.03426
0.01428 0.02577
0.01423 0.02952
0.01558 0.03531
0.01913 0.02840
0.01910 0.03067
0.01775 0.03255
0.01625 0.03159
0.01458 0.03044
0.01517 0.03372
0.01637 0.03083
0.01541 0.03972
0.01643 0.03231
0.01663 0.03458
0.01392 0.02674
0.01360 0.02859
0.01209 0.02433
0.01406 0.02838
0.01461 0.03640
0.01604 0.03644
0.02080 0.02624
0.01644 0.03280
0.01543 0.03129
0.01539 0.03260
0.01499 0.03134
0.01550 0.03149
0.01592 0.03009
0.01746 0.03225
0.01601 0.02965
0.01590 0.03301
0.01561 0.03023
0.01426 0.02946
0.01376 0.03005
0.01306 0.03021
0.01551 0.04144
0.01574 0.02993
0.01375 0.02712
0.01646 0.03522
0.01804 0.03283
0.01622 0.02908
0.01623 0.03284
0.01505 0.02843
0.01585 0.03705
0.01987 0.03618
0.01518 0.03180
0.01564 0.03136
0.01684 0.04675
0.01604 0.03321
0.01357 0.02583
0.01734 0.03018
0.01657 0.03212
0.01513 0.03295
0.01735 0.02849
0.01719 0.02935
0.01327 0.02807
0.01241 0.02613
0.01509 0.03562
0.02786 0.03236
0.01552 0.02969
0.01739 0.03488
0.01489 0.03120
0.01667 0.03180
0.01587 0.03243
0.01977 0.04853
0.01856 0.02557
0.01768 0.03173
0.01466 0.03245
0.01574 0.03247
0.01336 0.03074
0.01476 0.03209
0.01567 0.03383
0.01375 0.02962
0.01576 0.03362
0.01508 0.03301
0.01450 0.03760
0.01408 0.02699
0.01637 0.03665
0.01464 0.02683
0.01788 0.02911
0.01465 0.03212
0.01664 0.03302
0.01517 0.03735
0.02071 0.03056
0.01449 0.02909
0.01570 0.03064
0.01525 0.03400
0.01337 0.02568
0.01625 0.03338
0.01571 0.03065
0.02433 0.03331
0.02766 0.03092
0.01625 0.03870
0.02333 0.03227
0.02253 0.03057
0.02441 0.03110
0.01250 0.02983
0.01353 0.02685
0.01349 0.02635
0.01701 0.03313
0.01495 0.03461
0.01696 0.03371
0.01494 0.03510
0.01575 0.02964
0.01744 0.03529
0.01575 0.03205
0.01842 0.03317
0.01487 0.02765
0.01457 0.02997
0.01517 0.03212
0.01559 0.03094
0.01486 0.03880
0.01694 0.03621
0.02013 0.04081
0.01310 0.02538
0.01347 0.02614
0.01486 0.03142
0.01506 0.02879
0.01758 0.02784
0.01332 0.02443
0.01342 0.02487
0.02189 0.03101
0.01522 0.03330
0.01624 0.03502
0.01388 0.02810
0.01563 0.03062
0.01469 0.02579
0.01477 0.03294
0.01717 0.03583
0.01555 0.03372
0.01612 0.03341
0.01676 0.03424
0.01359 0.02367
0.01497 0.02970
0.01538 0.03281
0.01513 0.03237
0.01609 0.02970
0.01542 0.03165
0.02057 0.03106
0.01298 0.02540
0.02120 0.03763
0.01405 0.02646
0.01584 0.03179
0.01450 0.03386
0.01498 0.02925
0.01458 0.02580
0.01561 0.02865
0.01574 0.02972
0.01573 0.03479
0.03059 0.02638
0.01401 0.02652
0.01546 0.02763
0.01626 0.03723
0.01536 0.03368
0.02551 0.02860
0.01360 0.02884
0.01601 0.03027
0.01609 0.03412
0.01445 0.02622
0.01670 0.03310
0.01506 0.03324
0.01238 0.02348
0.02267 0.03155
0.01442 0.03168
0.01888 0.04317
0.01480 0.03257
0.01741 0.03387
0.01420 0.02917
0.01321 0.02463
0.01591 0.03920
0.01571 0.03099
0.01571 0.03112
0.01544 0.03340
0.01450 0.03025
0.01435 0.02783
0.01534 0.03352
0.01375 0.02638
0.01254 0.02522
0.01666 0.03296
0.01288 0.02501
0.01636 0.03284
0.01695 0.03623
0.02046 0.03532
0.01584 0.02819
0.01465 0.03093
0.01388 0.02545
0.01954 0.03371
0.01266 0.02539
0.01593 0.03109
0.02457 0.03121
0.01524 0.03008
0.01583 0.03139
0.01273 0.02661
0.01648 0.03206
0.01410 0.02591
0.02479 0.03168
0.01497 0.03008
0.01755 0.03587
0.01494 0.03585
0.01699 0.03233
0.01353 0.02605
0.02166 0.02580
0.01617 0.03272
0.02450 0.03712
0.01409 0.03190
0.01558 0.03791
0.01467 0.03224
0.01507 0.03293
0.01384 0.03215
0.01996 0.02747
0.03093 0.03202
0.01526 0.03280
0.01503 0.03294
0.01664 0.03611
0.01453 0.03072
0.01402 0.03030
0.02309 0.03170
0.01652 0.02945
0.01316 0.03200
0.01338 0.02521
0.01469 0.03069
0.01553 0.02988
0.01534 0.03300
0.01570 0.03333
0.01526 0.03008
0.01374 0.03109
0.01648 0.03180
0.01607 0.03315
0.01412 0.03001
0.01549 0.03173
0.01696 0.02774
0.01489 0.02830
0.01539 0.03014
0.01557 0.03430
0.01463 0.02987
0.01613 0.03199
0.01707 0.03399
0.01355 0.02546
0.01597 0.03184
0.01552 0.02997
0.01417 0.02443
0.01367 0.02880
0.01381 0.03002
0.01471 0.02929
0.01670 0.03605
0.01362 0.02947
0.01404 0.03378
0.01515 0.03361
0.01518 0.02898
0.02256 0.03271
0.01536 0.03202
0.01664 0.02625
0.01446 0.03625
0.01683 0.03657
0.01655 0.03270
0.01561 0.03525
0.01652 0.03622
0.01585 0.03235
0.03011 0.03373
0.01544 0.03097
0.01376 0.02924
0.01525 0.02871
0.01626 0.03320
0.02141 0.03454
0.02434 0.03644
0.01545 0.03540
0.01535 0.02996
0.02169 0.02625
0.01486 0.04021
0.01253 0.02594
0.01586 0.02756
0.01538 0.03108
0.01819 0.03063
0.01286 0.03141
0.01461 0.02664
0.01332 0.02528
0.01519 0.03138
0.01499 0.02867
0.01268 0.02824
0.01680 0.03270
0.01506 0.03123
0.01521 0.03006
0.01681 0.03814
0.01568 0.02941
0.02536 0.03548
0.01347 0.02599
0.01768 0.03068
0.01417 0.02930
0.01449 0.03197
0.01649 0.03579
0.01729 0.03633
0.02053 0.03173
0.03086 0.03048
0.01988 0.03578
0.01257 0.02437
0.01910 0.02678
0.01588 0.03393
0.01785 0.03275
0.01399 0.02624
0.02082 0.02738
0.01503 0.03389
0.01674 0.03655
0.01586 0.03222
0.01592 0.03203
0.01379 0.02597
0.01534 0.03272
0.01493 0.02894
0.01621 0.03172
0.01630 0.03343
0.01641 0.04099
0.01489 0.02949
0.01512 0.03418
0.01258 0.02656
0.01367 0.03553
0.01482 0.02966
0.01431 0.03033
0.01531 0.03526
0.01416 0.03273
0.01480 0.03936
0.01356 0.02532
0.01557 0.03510
0.01438 0.02943
0.01643 0.03221
0.01782 0.03657
0.01706 0.03211
0.01552 0.03069
0.01447 0.03017
0.02511 0.03636
0.01493 0.02915
0.02084 0.03133
0.01419 0.03105
0.01527 0.03476
0.01528 0.02747
0.01439 0.03104
0.01509 0.03239
0.01628 0.03411
0.01528 0.03161
0.02217 0.03200
0.01854 0.02998
0.01321 0.02628
0.02179 0.03230
0.01690 0.03770
0.01580 0.03251
0.01445 0.03028
0.01776 0.03196
0.01682 0.03175
0.01447 0.02807
0.01349 0.02838
0.01574 0.02951
0.01627 0.03467
0.01259 0.02492
0.01538 0.03563
0.01759 0.02968
0.01371 0.02702
0.02021 0.03045
0.01627 0.02993
0.01537 0.03111
0.01478 0.03265
0.01538 0.03277
0.01482 0.02820
0.01979 0.03182
0.01318 0.02582
0.01485 0.02770
0.01583 0.03248
0.01911 0.03238
0.01633 0.03251
0.01530 0.03128
0.02079 0.03212
0.01517 0.03082
0.02146 0.03302
0.01508 0.02909
0.01626 0.03446
0.01430 0.02639
0.01402 0.02573
0.01466 0.03975
0.01717 0.03797
0.01448 0.02958
0.02070 0.03139
0.01543 0.03201
0.01672 0.03227
0.01261 0.02605
0.01483 0.03649
0.02240 0.03507
0.01284 0.02586
0.01300 0.02399
0.01541 0.02872
0.01263 0.02490
0.02104 0.02710
0.01344 0.02644
0.01653 0.02993
0.01371 0.02636
0.01670 0.03406
0.01946 0.03557
0.01354 0.02830
0.01216 0.02487
0.01399 0.02633
0.01679 0.03265
0.01320 0.03158
0.01486 0.03481
0.01587 0.03015
0.01382 0.02647
0.02275 0.03201
0.01555 0.03069
0.01678 0.03315
0.01580 0.03397
0.01587 0.03138
0.01610 0.03570
0.01300 0.02509
0.01585 0.03225
0.01569 0.03381
0.01547 0.03082
0.01564 0.03116
0.02306 0.03512
0.01276 0.02578
0.02582 0.03334
0.01475 0.02972
0.01707 0.04655
0.01603 0.03201
0.01501 0.02969
0.01583 0.03335
0.01276 0.02573
0.01655 0.03279
0.01624 0.03415
0.02664 0.03395
0.01985 0.03054
0.02189 0.03118
0.01661 0.02647
0.01538 0.03306
0.01543 0.03544
0.01897 0.02613
0.01511 0.02951
0.01716 0.03329
0.01364 0.02788
0.01500 0.02461
0.01677 0.03091
0.01563 0.03282
0.01457 0.02839
0.02097 0.02936
0.01392 0.03158
0.01604 0.03569
0.01520 0.03084
0.01819 0.03261
0.01539 0.03477
0.01513 0.03236
0.01463 0.02575
0.01295 0.02631
0.01373 0.02613
0.01433 0.02929
0.01586 0.03020
0.01488 0.03154
0.01397 0.02994
0.01577 0.03381
0.01332 0.03024
0.01529 0.03838
0.01410 0.02908
0.01592 0.03604
0.01687 0.03632
0.01613 0.03037
0.01613 0.03152
0.01536 0.03028
0.01257 0.02459
0.03137 0.03532
0.01582 0.03056
0.01664 0.03149
0.01644 0.03536
0.01655 0.03573
0.01500 0.03233
0.01697 0.03675
0.01609 0.03116
0.03094 0.02611
0.01471 0.03377
0.01538 0.04137
0.01651 0.03046
0.01520 0.02955
0.02231 0.03253
0.01747 0.03716
0.01589 0.03104
0.01345 0.03107
0.01404 0.02948
0.01534 0.03381
0.01753 0.03070
0.01806 0.02882
0.01542 0.03120
0.01587 0.03271
0.01490 0.03297
0.01515 0.03111
0.01646 0.03025
0.01624 0.03172
0.02041 0.02595
0.01563 0.03169
0.01424 0.02848
0.01475 0.02526
0.01516 0.03142
0.01660 0.03285
0.01529 0.03133
0.01417 0.02915
0.01832 0.03349
0.01809 0.03282
0.01474 0.03140
0.01353 0.02838
0.01396 0.02479
0.01460 0.02712
0.01387 0.03073
0.01359 0.02570
0.01612 0.03649
0.01376 0.02667
0.01443 0.03147
0.01468 0.03181
0.01570 0.03514
0.01539 0.03282
0.01690 0.03516
0.01564 0.03470
0.01476 0.03685
0.01537 0.03010
0.01705 0.03637
0.01431 0.03048
0.01505 0.03049
0.01528 0.03038
0.01799 0.03384
0.01588 0.03384
0.01524 0.03056
0.01626 0.03034
0.01676 0.03181
0.01738 0.03522
0.01383 0.02620
0.01574 0.03276
0.01384 0.02927
0.02440 0.03266
0.01406 0.03298
0.01587 0.03136
0.01691 0.03075
0.01475 0.03217
0.01661 0.03581
0.01618 0.03235
0.01512 0.02524
0.01402 0.04250
0.01357 0.02453
0.01368 0.02774
0.01598 0.03112
0.02179 0.03098
0.01623 0.03241
0.02367 0.02844
0.01507 0.02726
0.01546 0.02424
0.02477 0.03645
0.01588 0.03477
0.01575 0.02977
0.01557 0.03000
0.01314 0.02609
0.01663 0.03378
0.01405 0.02594
0.01521 0.03402
0.01597 0.03174
0.01496 0.02823
0.01593 0.03091
0.01665 0.04226
0.01233 0.02428
0.01754 0.03630
0.01566 0.02585
0.01539 0.02981
0.01599 0.03113
0.01556 0.03733
0.01589 0.03118
0.01829 0.03298
