0.02008 0.03717
0.01473 0.03430
0.01302 0.02531
0.01660 0.03001
0.01453 0.02648
0.01269 0.02560
0.01376 0.02632
0.01439 0.03146
0.01350 0.02425
0.01776 0.03385
0.01703 0.03534
0.01287 0.02551
0.01648 0.03350
0.01744 0.03167
0.01625 0.03158
0.01828 0.03007
0.01407 0.02955
0.01531 0.03167
0.02406 0.03021
0.01440 0.03000
0.01568 0.02609
0.01344 0.03295
0.01642 0.03063
0.01318 0.02735
0.01437 0.02972
0.01672 0.03275
0.01443 0.03074
0.01271 0.02556
0.02251 0.03179
0.01633 0.03228
0.02033 0.02650
0.01655 0.03526
0.02200 0.03062
0.01653 0.03262
0.01814 0.03461
0.01553 0.03147
0.01356 0.02517
0.01634 0.03261
0.01531 0.03107
0.01505 0.03811
0.02883 0.04003
0.02329 0.03341
0.01594 0.03919
0.01526 0.03147
0.01244 0.02429
0.01613 0.03146
0.01577 0.03107
0.01636 0.03588
0.01376 0.02551
0.02289 0.03233
0.01892 0.03378
0.01452 0.03118
0.01358 0.02745
0.01667 0.03766
0.01673 0.03508
0.01796 0.03053
0.01334 0.02630
0.01680 0.03223
0.01582 0.03006
0.01582 0.03261
0.01587 0.02996
0.01929 0.03064
0.01627 0.02978
0.01891 0.03597
0.02877 0.03097
0.01512 0.02889
0.01352 0.02705
0.02696 0.03128
0.01352 0.02607
0.02067 0.02662
0.01738 0.03009
0.01604 0.02942
0.01656 0.03155
0.02431 0.03420
0.02062 0.03187
0.01555 0.03159
0.01759 0.02797
0.01521 0.03192
0.01527 0.02927
0.01332 0.02603
0.01641 0.03298
0.01419 0.02844
0.01478 0.03040
0.01277 0.02611
0.01629 0.02964
0.02401 0.02923
0.01581 0.03405
0.01327 0.02669
0.01548 0.03369
0.01427 0.02880
0.01453 0.02950
0.01440 0.03379
0.01606 0.03095
0.02230 0.02690
0.01382 0.02730
0.01858 0.03093
0.01674 0.03004
0.01509 0.03325
0.01533 0.03122
0.01337 0.02584
0.01280 0.02495
0.01652 0.03351
0.01682 0.03686
0.01946 0.03502
0.01800 0.03301
0.01418 0.02463
0.01426 0.02571
0.01497 0.03264
0.01514 0.02804
0.01584 0.03158
0.01325 0.02549
0.01473 0.02583
0.01441 0.03763
0.01588 0.03274
0.01600 0.03078
0.01568 0.03018
0.01458 0.03224
0.01557 0.03213
0.01667 0.03120
0.01720 0.03665
0.01370 0.02669
0.01584 0.03055
0.01695 0.03249
0.01483 0.03094
0.01833 0.02983
0.01416 0.02891
0.01558 0.03408
0.01714 0.03253
0.01482 0.02756
0.01341 0.02592
0.01566 0.03124
0.01580 0.02989
0.01639 0.03740
0.01790 0.03104
0.01485 0.02942
0.01526 0.03482
0.01500 0.03172
0.01545 0.03346
0.01481 0.03096
0.01969 0.03095
0.01602 0.03001
0.01406 0.02678
0.01971 0.03190
0.02657 0.02791
0.01617 0.03094
0.01346 0.02678
0.01493 0.03437
0.01337 0.02607
0.01667 0.03106
0.01757 0.03114
0.01648 0.03190
0.02257 0.03066
0.01614 0.03197
0.01596 0.03344
0.01745 0.03392
0.02023 0.02739
0.01487 0.03085
0.01356 0.02622
0.01645 0.03949
0.01635 0.03365
0.01422 0.02596
0.01442 0.03157
0.01615 0.03493
0.01452 0.03476
0.01266 0.02423
0.01669 0.03404
0.01522 0.03071
0.01992 0.02665
0.01505 0.03138
0.01732 0.02662
0.01491 0.03225
0.01280 0.02401
0.01791 0.02685
0.01330 0.03077
0.01385 0.02656
0.01526 0.03251
0.01639 0.03481
0.01537 0.02825
0.01655 0.03172
0.01702 0.03019
0.01511 0.02970
0.01488 0.03670
0.01654 0.02546
0.01573 0.03129
0.01367 0.03315
0.01514 0.02822
0.01494 0.02976
0.01465 0.03261
0.02557 0.03248
0.01590 0.03255
0.01516 0.02972
0.01537 0.03066
0.01441 0.02856
0.01701 0.03083
0.01345 0.02554
0.01606 0.03000
0.01716 0.03029
0.01678 0.03677
0.01573 0.03111
0.01438 0.02918
0.01551 0.03542
0.01395 0.03057
0.01449 0.02793
0.01693 0.03228
0.01685 0.03268
0.01571 0.02941
0.01327 0.02989
0.02166 0.02612
0.01680 0.03234
0.01611 0.03104
0.01636 0.03253
0.01598 0.03299
0.01368 0.03002
0.01676 0.03266
0.01688 0.03319
0.01496 0.03228
0.01474 0.03011
0.01479 0.03077
0.01637 0.03316
0.01532 0.02763
0.01436 0.03119
0.01293 0.02539
0.01313 0.02681
0.01508 0.03101
0.01492 0.02827
0.01426 0.03050
0.01530 0.02504
0.01727 0.03927
0.01596 0.03179
0.02140 0.02638
0.01520 0.02905
0.01367 0.02613
0.01598 0.03101
0.01550 0.03315
0.02431 0.03188
0.01465 0.03104
0.01509 0.02849
0.01427 0.02604
0.01424 0.03554
0.02203 0.03243
0.01455 0.02882
0.01340 0.02772
0.01514 0.03133
0.01701 0.03619
0.01609 0.03403
0.01384 0.02687
0.01698 0.03782
0.01579 0.03374
0.01407 0.02670
0.01512 0.02886
0.01643 0.02865
0.01997 0.03321
0.01363 0.02684
0.01517 0.03311
0.02556 0.03249
0.01532 0.03501
0.01598 0.03431
0.02179 0.03021
0.01571 0.03785
0.01485 0.03056
0.01340 0.02559
0.01490 0.02823
0.01612 0.03326
0.01901 0.03145
0.01754 0.03324
0.01467 0.03129
0.01666 0.03222
0.01836 0.03512
0.01664 0.03199
0.01548 0.02878
0.01622 0.03351
0.01351 0.02713
0.01618 0.03179
0.01563 0.03312
0.01470 0.03250
0.01933 0.04134
0.01899 0.02881
0.01500 0.03941
0.01533 0.03180
0.01844 0.03006
0.01598 0.02642
0.02315 0.02898
0.01743 0.02836
0.01496 0.02870
0.01566 0.02960
0.01618 0.03371
0.01615 0.03210
0.01496 0.03064
0.01854 0.02855
0.01456 0.03233
0.01662 0.03146
0.01612 0.03301
0.02029 0.03258
0.01329 0.02538
0.01670 0.03259
0.02751 0.03725
0.01568 0.03654
0.01692 0.03573
0.01878 0.03440
0.01554 0.02980
0.01648 0.03088
0.01468 0.03036
0.01402 0.02581
0.03282 0.02865
0.02250 0.03399
0.02647 0.02588
0.01929 0.02829
0.01456 0.03110
0.01360 0.02843
0.01559 0.03481
0.01844 0.02990
0.01620 0.03629
0.01457 0.02918
0.01942 0.03244
0.01473 0.02991
0.01400 0.02669
0.01656 0.03352
0.01635 0.03234
0.01710 0.04060
0.01949 0.03077
0.01676 0.03493
0.01343 0.02617
0.02277 0.02832
0.01559 0.03261
0.01341 0.02542
0.01566 0.02970
0.02617 0.03266
0.01322 0.03278
0.01448 0.02706
0.01562 0.03585
0.01390 0.03539
0.01444 0.03026
0.01760 0.03599
0.01606 0.03514
0.01693 0.03748
0.01555 0.03159
0.01725 0.03155
0.01458 0.02908
0.01577 0.03167
0.02371 0.03090
0.01519 0.03036
0.01623 0.03465
0.01608 0.03049
0.01913 0.03072
0.01684 0.03176
0.02459 0.03292
0.01632 0.03268
0.02155 0.03487
0.01540 0.03416
0.01580 0.03638
0.01508 0.03250
0.01553 0.03230
0.01559 0.03403
0.01641 0.03037
0.01423 0.02968
0.01706 0.03145
0.01497 0.03315
0.01657 0.03359
0.01615 0.03410
0.01641 0.03474
0.01357 0.02718
0.01623 0.02756
0.01356 0.02560
0.01600 0.03227
0.01501 0.03693
0.01430 0.02842
0.01666 0.03356
0.01470 0.03036
0.01426 0.02762
0.01621 0.03242
0.01587 0.03368
0.01748 0.03216
0.01631 0.03145
0.01448 0.03282
0.01485 0.03382
0.01497 0.03136
0.01613 0.03504
0.01606 0.03084
0.02894 0.03340
0.01461 0.03504
0.01976 0.03079
0.01374 0.02882
0.02497 0.03419
0.01345 0.02851
0.01615 0.03164
0.01479 0.03338
0.01616 0.03327
0.01583 0.03626
0.01424 0.02529
0.01910 0.03250
0.01665 0.03232
0.01571 0.03335
0.01483 0.03164
0.01620 0.03516
0.01608 0.03165
0.01603 0.03365
0.01517 0.03108
0.01578 0.03411
0.01621 0.03155
0.01344 0.02949
0.01532 0.03036
0.01300 0.02604
0.01308 0.02563
0.01621 0.03227
0.01914 0.02524
0.01574 0.02857
0.01354 0.02654
0.01638 0.03129
0.01379 0.03117
0.01555 0.03542
0.01585 0.03558
0.01261 0.02470
0.01386 0.02596
0.01568 0.03131
0.01317 0.03651
0.01347 0.02741
0.01731 0.03609
0.01584 0.03420
0.01516 0.03094
0.02820 0.02765
0.02456 0.03198
0.01800 0.03116
0.01497 0.03700
0.01650 0.03337
0.02187 0.02695
0.01635 0.03153
0.01558 0.03896
0.01374 0.02771
0.01478 0.03052
0.01605 0.03229
0.01592 0.03281
0.01502 0.02877
0.01318 0.02596
0.02996 0.03255
0.01462 0.02829
0.01556 0.03285
0.01631 0.03302
0.01613 0.03017
0.02526 0.03278
0.01524 0.03410
0.02244 0.03590
0.01466 0.02718
0.01637 0.03204
0.01649 0.03515
0.01552 0.03656
0.01508 0.02870
0.01484 0.03246
0.01478 0.03704
0.01846 0.03059
0.01884 0.03192
0.01530 0.03572
0.01537 0.02996
0.01367 0.02636
0.01379 0.02754
0.01578 0.02990
0.01888 0.03045
0.01435 0.03029
0.01315 0.02611
0.01569 0.03097
0.01530 0.03181
0.01875 0.03284
0.01396 0.02718
0.02334 0.03009
0.01758 0.03329
0.01535 0.03417
0.01588 0.03145
0.01540 0.03160
0.01400 0.03670
0.01961 0.03620
0.01521 0.02963
0.01415 0.02587
0.01598 0.03829
0.01522 0.03689
0.01527 0.03116
0.01606 0.03612
0.01408 0.02972
0.01748 0.04341
0.01312 0.02655
0.01685 0.03644
0.01533 0.03078
0.01663 0.03446
0.02266 0.03244
0.01738 0.03249
0.01353 0.02725
0.01365 0.02523
0.01522 0.03074
0.01600 0.03361
0.01445 0.02940
0.01402 0.02959
0.01636 0.03521
0.01594 0.03622
0.01611 0.03014
0.01438 0.02964
0.01419 0.02731
0.01658 0.03512
0.02224 0.03483
0.01369 0.02943
0.01777 0.03215
0.01470 0.03051
0.01637 0.03269
0.01525 0.03304
0.02047 0.02649
0.01545 0.03404
0.01348 0.02536
0.01481 0.02904
0.01402 0.02950
0.01498 0.03086
0.01633 0.03124
0.01704 0.03339
0.01763 0.03347
0.01599 0.03311
0.02278 0.03130
0.01608 0.03361
0.01346 0.02687
0.01665 0.03119
0.01626 0.03053
0.02011 0.02511
0.01479 0.03726
0.01819 0.03007
0.01494 0.03130
0.01609 0.03564
0.01383 0.03058
0.01378 0.02602
0.01603 0.03422
0.01583 0.03179
0.02089 0.02855
0.01364 0.02575
0.01550 0.03099
0.01548 0.03509
0.01526 0.03026
0.01500 0.02667
0.01453 0.02884
0.01443 0.02755
0.02172 0.03533
0.01369 0.02567
0.01678 0.03805
0.01585 0.03351
0.01580 0.03605
0.01495 0.03082
0.01346 0.02927
0.01371 0.02748
0.01710 0.03287
0.01493 0.03405
0.01648 0.03138
0.01410 0.02571
0.01459 0.02917
0.01527 0.02875
0.01525 0.03676
0.01465 0.03036
0.01569 0.03273
0.01656 0.03153
0.01681 0.03212
0.01380 0.02643
0.01317 0.02657
0.01523 0.03585
0.01388 0.02638
0.01499 0.03477
0.01465 0.03192
0.01593 0.03119
0.01690 0.03669
0.01457 0.03138
0.01726 0.03223
0.02158 0.02648
0.01506 0.03034
0.01465 0.03172
0.01359 0.02627
0.01505 0.03030
0.01386 0.02787
0.01488 0.02485
0.02405 0.03020
0.02410 0.03116
0.01531 0.03170
0.01436 0.02984
0.01494 0.02832
0.01389 0.02576
0.01636 0.03144
0.01702 0.03612
0.02277 0.03233
0.01284 0.02394
0.01569 0.02963
0.02950 0.03098
0.01552 0.03683
0.01545 0.02861
0.01409 0.02960
0.01403 0.02500
0.01504 0.03083
0.01562 0.03540
0.01394 0.02592
0.01598 0.03198
0.01730 0.03008
0.01377 0.02731
0.01987 0.03176
0.01545 0.03145
0.01359 0.03258
0.01348 0.02606
0.01410 0.02630
0.01505 0.03155
0.01516 0.02988
0.01561 0.03433
0.01250 0.02483
0.01646 0.03874
0.01508 0.03303
0.01540 0.03417
0.01738 0.03652
0.01634 0.03176
0.01576 0.02976
0.02051 0.03051
0.02411 0.03324
0.01434 0.02647
0.01502 0.03192
0.01531 0.03218
0.01587 0.03487
0.01487 0.03375
0.01864 0.03219
0.01723 0.03552
0.01732 0.03507
0.01399 0.02739
0.01581 0.03175
0.01609 0.03016
0.01617 0.03400
0.01604 0.03514
0.01312 0.02718
0.01358 0.02669
0.01655 0.03207
0.01688 0.03284
0.01650 0.02679
0.01359 0.02996
0.01514 0.03276
0.01652 0.02889
0.01532 0.03304
0.01474 0.02863
0.01574 0.03356
0.01425 0.02542
0.01588 0.03117
0.01764 0.03406
0.01731 0.03344
0.01347 0.02593
0.01566 0.03235
0.01452 0.02762
0.01535 0.03411
0.02755 0.03175
0.01426 0.03702
0.01528 0.03248
0.01395 0.02945
0.01405 0.03286
0.01567 0.03093
0.01464 0.02970
0.01382 0.03073
0.01564 0.03269
0.01591 0.03444
0.01607 0.03106
0.01506 0.02722
0.02328 0.03487
0.01643 0.03080
0.01442 0.03475
0.01798 0.03367
0.01510 0.03728
0.01745 0.03193
0.01567 0.03225
0.01384 0.02932
0.01609 0.03194
0.01531 0.03532
0.01614 0.03094
0.01624 0.03161
0.01907 0.03389
0.02341 0.03123
0.01564 0.02915
0.01432 0.02632
0.01536 0.03347
0.01354 0.02864
0.01452 0.03170
0.01604 0.03066
0.01345 0.02684
0.01329 0.03083
0.01424 0.02499
0.01486 0.03292
0.01574 0.02988
0.01675 0.03142
0.01395 0.03069
0.01789 0.03063
0.01549 0.03549
0.01360 0.02695
0.01580 0.03058
0.01391 0.02875
0.01454 0.02936
0.01554 0.02939
0.01502 0.02791
0.01659 0.03251
0.01290 0.02589
0.01508 0.03189
0.01434 0.03175
0.02348 0.03195
0.01533 0.03404
0.01323 0.02626
0.01502 0.03115
0.03104 0.03253
0.01651 0.03475
0.01442 0.02988
0.01444 0.03086
0.01442 0.02828
0.01596 0.03152
0.01550 0.03117
0.01358 0.02648
0.01411 0.03201
0.01499 0.03091
0.01994 0.03386
0.01371 0.02632
0.01631 0.03140
0.01595 0.03027
0.01418 0.02546
0.01542 0.02951
0.01575 0.03160
0.01502 0.03189
0.01555 0.02954
0.01506 0.03431
0.01538 0.03615
0.02182 0.02598
0.01609 0.03004
0.01653 0.03507
0.01535 0.03127
0.01621 0.03055
0.01364 0.02729
0.01738 0.03693
0.01921 0.03357
0.01677 0.03524
0.01263 0.02512
0.01878 0.03387
0.01419 0.02653
0.01342 0.02894
0.01681 0.03523
0.01664 0.03133
0.01346 0.02679
0.01564 0.03060
0.01540 0.03221
0.01320 0.02581
0.01857 0.03277
0.02139 0.02664
0.03025 0.03852
0.01376 0.02599
0.01656 0.03263
0.01671 0.03324
0.01748 0.03109
0.01498 0.03110
0.01719 0.03807
0.02289 0.03233
0.01376 0.02622
0.01686 0.03135
0.02985 0.03434
0.01723 0.03467
0.01524 0.02580
0.01430 0.03301
0.01552 0.02518
0.01855 0.03600
0.01438 0.03342
0.01672 0.03059
0.01511 0.02822
0.01500 0.03360
0.01760 0.03575
0.01708 0.03371
0.02287 0.03190
0.02710 0.03215
0.01692 0.02688
0.01589 0.03102
0.01537 0.02807
0.01433 0.03095
0.01560 0.03499
0.01584 0.03654
0.01571 0.03385
0.01528 0.03321
0.02222 0.02612
0.01602 0.03255
0.01967 0.02770
0.01451 0.03083
0.01516 0.03196
0.01552 0.03132
0.01359 0.02584
0.01559 0.03129
0.01489 0.03091
0.01470 0.03121
0.02472 0.03701
0.01450 0.02913
0.01415 0.02550
0.01482 0.02758
0.01387 0.02664
0.01346 0.03018
0.01289 0.02754
0.01430 0.02964
0.01426 0.02977
0.01567 0.03471
0.01679 0.02468
0.01593 0.02863
0.01618 0.03582
0.01303 0.02545
0.01624 0.03607
0.01682 0.03389
0.01283 0.02783
0.01760 0.03137
0.01585 0.03180
0.03256 0.03454
0.01617 0.02793
0.02013 0.03286
0.01532 0.03161
0.01545 0.03523
0.02208 0.03307
0.01426 0.03190
0.01570 0.02904
0.01766 0.03041
0.01422 0.02999
0.01393 0.02923
0.01573 0.02939
0.01314 0.02553
0.01564 0.03110
0.01585 0.03145
0.01749 0.03150
0.01594 0.03379
0.01568 0.02892
0.01369 0.02556
0.01305 0.02576
0.01472 0.03306
0.01497 0.03080
0.01594 0.03005
0.01704 0.03229
0.01356 0.02815
0.01543 0.03320
0.01280 0.02580
0.01555 0.03294
0.01462 0.02663
0.02925 0.03586
0.01710 0.03199
0.01576 0.03123
0.01357 0.02642
0.01541 0.03353
0.01607 0.03176
0.01625 0.03465
0.01478 0.03015
0.01422 0.02667
0.02090 0.03039
0.02190 0.02837
0.02786 0.03287
0.01397 0.02658
0.01463 0.02938
0.01364 0.02565
0.01720 0.03601
0.01638 0.03248
0.01531 0.03561
0.01262 0.02585
0.01296 0.02491
0.01577 0.03372
0.01478 0.03036
0.01460 0.02973
0.01638 0.03418
0.01478 0.03023
0.01605 0.03028
0.01558 0.03442
0.01378 0.02615
0.01511 0.03704
0.01423 0.02857
0.01594 0.03100
0.01712 0.03707
0.01347 0.02790
0.02081 0.03702
0.01412 0.02677
0.02359 0.03366
0.01425 0.02728
0.01466 0.03212
0.01606 0.03256
0.01677 0.03279
0.01508 0.03015
0.01445 0.02650
0.01562 0.03507
0.01396 0.03060
0.01459 0.03027
0.01359 0.02895
0.02060 0.03128
0.01533 0.02981
0.01465 0.02741
0.01368 0.03116
0.01599 0.03397
0.01682 0.03143
0.01689 0.03252
0.01323 0.02708
0.01682 0.03548
0.01359 0.02581
0.01539 0.03054
0.01339 0.02618
0.01529 0.02965
0.01415 0.02917
0.01566 0.03397
0.02326 0.04002
0.01743 0.03471
0.01648 0.03144
0.01724 0.03917
0.01389 0.02944
0.01666 0.03519
0.02510 0.03182
0.01534 0.02704
0.01957 0.02784
0.01683 0.03308
0.01371 0.02555
0.01401 0.02714
0.02125 0.03380
0.01510 0.03162
0.01377 0.02657
0.01450 0.04230
0.01482 0.02922
0.01660 0.03099
0.01549 0.03084
0.01484 0.02545
0.01853 0.03303
0.01797 0.03425
0.01564 0.03099
0.01436 0.03067
0.01564 0.02780
0.02079 0.02732
0.01452 0.02983
0.01618 0.03717
0.01539 0.03264
0.01538 0.02933
0.01626 0.03148
0.01615 0.03274
0.02004 0.03149
0.01660 0.02909
0.01780 0.02941
0.01316 0.02333
0.01921 0.04110
0.01580 0.03093
0.01695 0.03339
0.01567 0.03455
0.01432 0.03029
0.01661 0.03348
0.01463 0.03044
0.01565 0.02929
0.01271 0.02588
0.01442 0.02675
0.01513 0.03125
0.01663 0.03446
0.01551 0.03238
0.01358 0.02748
0.01481 0.03163
0.01522 0.03032
0.01593 0.03151
0.01516 0.03099
0.01662 0.02930
0.01528 0.03480
0.01730 0.03302
0.01337 0.02754
0.02884 0.03333
0.01633 0.03157
0.01468 0.03035
0.02970 0.03136
0.01672 0.03568
0.01328 0.02693
0.01500 0.03084
0.01356 0.02906
0.01644 0.03209
0.01656 0.03016
0.01911 0.03278
0.01589 0.03411
0.01458 0.03280
0.01291 0.02834
0.02661 0.03091
0.01579 0.03556
0.01351 0.02651
0.01906 0.03212
0.01492 0.02849
0.01555 0.02988
0.01557 0.03193
0.01546 0.03179
0.01702 0.03409
0.01632 0.02446
0.01790 0.03278
0.01346 0.02584
0.01545 0.03283
0.01634 0.02607
0.01660 0.02741
0.01617 0.03361
0.01564 0.03231
0.01637 0.03510
0.02394 0.03202
0.01387 0.02580
0.01693 0.03555
0.01688 0.03604
0.01526 0.03203
0.01469 0.02785
0.01526 0.02798
0.01721 0.02775
0.01745 0.03623
0.01372 0.02718
0.01502 0.03444
0.01606 0.02965
0.01412 0.02552
0.01379 0.02776
0.01586 0.03376
0.01356 0.02651
0.01899 0.03127
0.01630 0.03364
0.01542 0.03542
0.01654 0.02739
0.01453 0.03316
0.01324 0.02719
