234 1662 10.63839 3.07429 0.15433 1.88367 105 68 26 99 55
2483 2533 11.04360 0.82204 1.11973 3.25414 129 103 21 125 52
2545 3865 10.48631 1.54727 0.07642 1.76857 137 105 32 137 83
2470 3874 10.50921 1.74521 0.49890 2.49575 92 66 14 90 38
783 1409 11.60208 3.07069 0.11367 1.16500 115 88 19 105 70
2472 3875 10.41003 1.78004 0.11214 2.54391 120 84 30 116 47
43 1845 10.03140 0.57334 0.41957 2.21964 98 74 14 94 41
159 1743 10.30131 3.12881 0.19067 2.48475 113 57 7 101 45
3988 4053 10.90274 0.97014 0.18418 1.50168 130 105 19 130 81
787 1439 10.61322 2.82809 0.46370 1.72283 104 60 8 102 51
762 1434 11.03832 3.13913 0.45545 1.50844 164 112 16 149 109
261 1606 10.30592 1.99024 0.94185 2.46688 83 34 11 75 31
2491 3860 10.10924 2.34001 0.21228 1.51698 119 97 17 117 54
795 1436 11.66549 2.50151 0.65505 2.62062 60 23 9 55 20
809 1396 10.51438 1.87392 0.11721 1.17503 102 84 14 100 70
25 1832 10.95749 1.13211 0.24230 1.81380 160 62 7 158 60
49 1819 11.81298 1.65135 0.61457 1.68563 129 90 25 127 34
2468 3875 11.52321 1.70104 0.82291 2.89773 75 56 14 70 23
213 1666 10.06260 3.09433 0.12743 2.31054 169 103 53 165 66
59 1818 10.49670 2.05153 0.55186 3.37661 124 39 20 124 60
3978 4036 10.03953 0.56307 0.32557 1.76569 183 152 22 183 92
700 1518 10.39746 1.65303 0.02989 0.86953 152 119 22 143 98
22 73 11.93283 1.29606 1.39397 2.43815 86 29 14 80 33
27 1840 10.78155 0.75794 0.38003 2.03375 111 44 7 107 54
98 1810 11.38976 3.08978 0.67755 4.33540 78 12 6 78 30
240 1615 11.35117 2.29083 1.25646 2.73595 105 57 4 99 38
2503 3856 11.71558 2.09171 0.55793 3.03732 77 60 15 77 32
2472 2522 11.40524 0.57343 0.32511 3.08616 80 63 15 78 25
259 1592 11.35363 1.66595 0.32824 1.64163 71 54 7 62 30
803 1430 10.87332 2.17039 0.64430 1.77388 119 107 7 114 46
27 1825 11.63714 1.38313 0.39933 2.81564 232 87 9 226 151
104 1800 11.12741 3.08154 0.69717 3.08312 88 41 10 82 41
719 1474 10.28870 2.58041 0.20726 1.57321 248 190 33 243 136
219 1656 10.31267 3.11771 0.12051 1.99351 173 100 11 165 77
261 1600 10.87417 1.80871 0.73295 2.01732 73 60 12 73 24
767 1452 10.61291 3.09450 0.16288 2.78741 124 71 25 112 51
76 1803 11.80758 3.01375 1.59466 5.05951 43 16 4 43 13
735 1494 10.23924 3.09042 0.27922 2.33749 131 106 22 127 60
212 1667 10.44215 3.09431 0.77208 2.45304 110 66 24 110 33
64 1815 10.38910 2.33657 0.18936 3.88373 69 23 1 65 15
788 1404 11.21641 2.87568 0.14928 0.45628 112 90 15 108 80
23 1836 11.09805 0.96305 0.40761 2.00993 124 62 10 120 56
29 1829 10.82961 1.23511 0.19982 1.71029 162 56 13 160 90
710 1478 11.26949 2.15776 0.22418 1.66836 183 147 32 179 80
40 1824 11.03683 1.42681 0.16478 1.88824 144 87 26 141 86
63 1815 10.68313 2.28112 0.29840 3.79168 103 38 15 99 26
4003 4059 10.49876 0.82947 0.27684 1.74204 256 219 25 254 162
109 1773 10.55399 3.07129 1.08104 2.01013 169 121 23 167 48
232 1632 10.26103 2.85519 0.17971 2.15486 164 84 5 164 76
207 1674 10.44595 3.06776 0.22462 1.73190 269 212 20 267 145
2475 3877 11.11226 1.83517 0.19574 2.56033 88 72 12 86 40
204 1698 10.55483 3.12124 0.35676 3.05531 150 21 2 150 69
136 1765 10.41799 3.13601 0.14439 1.43559 168 140 22 162 78
2483 3862 10.51057 2.13137 0.07978 0.69774 79 62 14 79 58
237 1623 10.75507 2.59879 0.50273 2.35684 100 55 11 98 42
705 1483 10.48411 1.94231 0.45052 1.43777 178 144 26 174 91
773 1421 11.23730 3.06033 0.18692 2.11803 124 83 17 118 76
785 1409 10.55820 3.01477 0.05267 1.17036 101 75 20 95 64
225 1643 11.05309 3.11120 0.14835 1.98584 147 66 20 139 51
696 1490 11.08932 1.57555 0.15705 1.45347 165 130 23 162 80
237 1659 11.16651 3.09723 0.60078 1.57470 123 89 25 119 52
247 1597 11.00671 1.75262 1.65244 3.25510 57 13 0 50 19
2125 2179 11.99988 1.36474 0.22476 3.22270 42 35 3 39 31
3998 4059 11.15614 0.91149 0.32122 1.56498 186 143 36 181 101
75 1806 10.45452 2.96528 0.31731 5.01579 55 30 14 51 18
775 1419 11.05022 3.06226 0.30828 2.39343 143 119 20 143 90
26 1833 10.74473 1.08793 0.60888 1.75814 136 63 13 132 52
241 1653 10.75470 3.12576 0.23091 1.59053 65 38 16 61 25
777 1418 10.32235 3.07488 0.36724 2.48081 166 131 30 164 102
238 1657 10.65313 3.10845 0.27273 1.54914 129 95 21 120 57
4006 4060 11.14651 0.84740 0.24280 1.52572 225 181 37 223 110
814 1405 11.43635 1.72554 0.20453 1.68934 84 67 12 82 44
2469 3874 10.81255 1.72632 0.19711 2.56948 107 71 25 105 48
28 1824 11.77994 1.41910 0.80143 2.84400 174 79 14 172 94
164 1739 10.95904 3.13862 0.12989 2.04066 110 87 18 110 62
2546 3866 10.75527 1.55958 0.06855 1.96184 96 69 21 94 58
748 1471 10.47793 3.09120 1.04539 3.08705 73 41 17 59 20
798 1397 10.22290 2.42608 0.13724 2.07113 109 80 27 105 74
731 1464 11.20526 3.02467 0.49243 2.95685 217 174 29 209 80
24 74 11.99104 1.35638 0.50011 2.56704 88 46 9 84 26
258 1593 10.72677 1.67473 0.53668 1.98859 88 61 11 84 33
2473 2526 11.84237 0.64603 0.37105 1.50142 94 61 24 89 41
228 1637 11.19047 2.98773 1.41923 2.99304 105 58 7 101 49
1912 1964 11.24225 1.41212 0.08834 2.10729 149 112 29 145 90
790 1401 11.60937 2.78097 0.06185 1.15352 75 45 15 63 30
65 1811 11.99646 2.40815 0.23743 4.13744 108 71 15 104 40
799 1433 11.09755 2.33161 0.71606 2.87154 98 76 18 98 39
2494 3858 11.24619 2.33816 0.61761 2.98872 83 69 13 83 35
36 1829 10.32213 1.22989 0.14626 1.26331 161 48 10 161 95
2509 3856 11.30012 1.80352 0.13898 2.23511 135 113 17 135 47
122 1780 11.88884 3.08297 0.07490 1.99390 110 74 21 103 44
2539 3876 10.60069 1.37735 0.30823 2.32927 132 111 17 126 75
32 1824 11.49686 1.41371 0.34228 2.54899 128 60 19 121 65
773 1422 10.60115 3.06406 0.33350 2.01188 157 101 29 155 97
44 1849 11.44283 0.43344 0.06918 1.69835 82 59 13 77 34
47 1823 10.83041 1.52392 0.63742 1.89651 143 19 5 141 70
795 1396 11.74745 2.56474 0.15716 1.74876 76 58 11 74 43
2546 3874 11.94770 1.50451 0.22745 2.11618 92 66 17 85 51
2467 3873 11.21814 1.70371 0.47862 2.66095 69 45 11 65 27
692 1507 10.50455 1.41881 0.07043 2.18265 163 117 18 163 87
172 1731 10.12747 3.12913 0.68168 1.64521 69 43 9 63 35
714 1477 10.48466 2.33867 0.24384 1.01298 197 151 38 192 99
169 1734 10.44423 3.13289 0.29645 2.14722 62 33 11 51 27
1920 1970 10.25627 1.07698 0.06608 1.43858 105 78 19 105 60
128 1755 10.99779 3.11420 0.15194 2.20886 166 88 5 156 58
769 1425 11.69638 3.06395 0.24442 2.08713 143 110 15 133 76
239 1616 11.84019 2.34024 1.30961 2.87249 78 21 7 75 21
229 1636 10.74775 2.95634 1.42403 2.91215 126 69 9 124 45
766 1454 11.72160 3.10575 0.18670 3.45672 127 77 21 117 46
250 1639 10.59495 3.01054 0.64591 1.83334 78 41 14 67 22
95 1818 11.97948 3.11935 0.28460 3.01324 87 41 3 85 41
689 1504 11.89823 1.41251 0.32714 1.91295 108 66 13 106 53
87 1841 10.81547 2.37148 0.39680 2.27589 54 23 4 48 26
238 1619 11.62750 2.44209 0.94406 2.71354 80 49 20 74 27
719 1517 11.15961 2.51282 0.29445 0.99976 80 58 15 78 49
242 1610 11.17539 2.10787 0.55604 2.80463 75 16 6 71 37
41 1847 10.93038 0.48397 0.17089 2.08093 88 71 11 86 35
183 1703 10.28267 3.12609 0.27864 2.86826 118 23 4 115 42
134 1768 11.65296 3.13946 0.45472 1.52880 110 67 32 104 39
736 1459 11.98873 3.13613 0.70783 2.98452 144 105 22 144 73
742 1483 11.93997 3.14075 0.51160 2.05728 121 84 29 119 46
3985 4049 10.28654 0.86030 0.13092 1.27901 129 107 13 120 57
796 1396 11.38104 2.52014 0.26075 1.89816 79 56 10 76 38
754 1464 10.25263 3.08156 0.31069 2.61883 94 63 21 92 39
30 1846 11.85410 0.50589 0.18926 2.13001 101 69 27 97 50
92 1789 10.95972 3.13920 0.66467 3.03757 89 61 8 70 40
810 1425 11.85194 1.88316 0.17418 1.39241 108 80 20 104 70
235 1625 11.58277 2.67429 0.46275 2.35584 92 31 9 90 40
253 1592 10.31764 1.66572 0.25145 1.98465 77 33 9 73 28
751 1468 11.00600 3.07857 0.55495 3.42806 64 35 12 58 22
809 1395 10.86295 1.87852 0.06035 1.12257 146 121 17 142 86
241 1610 11.95953 2.10807 0.67649 2.77389 66 12 2 62 31
202 1701 11.37262 3.13492 0.32137 3.40778 118 4 1 113 58
693 1508 10.12015 1.43227 0.10025 2.39996 130 104 17 128 57
36 1827 10.65459 1.30314 0.11524 1.74159 156 25 3 154 87
22 1827 11.89350 1.32124 0.26655 2.57861 141 22 8 141 62
157 1745 10.34566 3.13266 0.49941 2.43269 76 55 7 67 35
689 1506 11.91199 1.40185 0.08157 1.87409 136 89 15 128 62
31 1836 10.08956 0.94988 0.24007 1.51388 144 67 14 142 62
1909 1960 11.78008 1.45372 0.19398 1.94058 117 94 16 114 67
45 1821 11.51536 1.54494 0.64895 1.62702 127 89 19 127 46
708 1521 11.38928 2.02187 0.02830 0.75847 170 145 24 170 117
221 1650 11.71287 3.12485 0.15570 2.11230 91 65 19 81 35
702 1484 11.02941 1.81443 0.20342 0.67840 215 175 36 213 135
48 1825 10.23154 1.49288 0.05703 1.41693 209 114 26 209 129
2129 2183 11.53087 1.48958 9.06691 177.04130 6 0 0 3 2
776 1419 10.37950 3.06622 0.35080 2.46434 129 98 21 123 76
261 1622 11.94723 2.54572 0.29020 3.02569 57 6 3 52 19
263 1608 11.90766 2.04267 1.26173 2.52026 80 67 10 80 31
691 1498 11.36102 1.46338 0.21243 1.49489 164 123 24 161 97
2482 3877 10.52515 2.02142 0.16684 2.85266 124 101 17 120 71
83 1851 11.38382 1.98058 0.17818 2.26503 67 36 11 65 28
730 1464 11.94796 2.99989 0.49073 2.72577 192 150 35 188 83
2507 3877 11.68887 1.83394 0.75518 4.07275 93 65 21 89 40
782 1442 10.88623 2.98671 0.26602 2.38983 105 39 17 97 46
2477 3877 10.86826 1.88443 0.41619 2.31410 126 104 20 124 79
746 1450 11.57539 3.10554 0.58225 2.46736 89 54 8 80 36
33 1843 10.58965 0.60252 0.28046 2.09219 94 22 1 92 43
135 1766 10.40348 3.14045 0.38529 1.50480 147 110 19 142 63
770 1425 10.89268 3.06824 0.22580 2.25099 142 97 16 135 92
78 1801 11.91767 3.09133 0.54880 4.72804 52 20 11 52 12
800 1393 11.49277 2.33850 0.22559 2.23195 96 76 14 94 39
23 1835 11.08404 1.00802 0.36665 2.08638 117 42 4 115 54
805 1430 11.90323 2.06224 0.32899 1.72442 97 82 7 95 50
76 1856 10.61164 1.63661 0.43114 3.66618 86 53 17 81 36
26 1842 11.24982 0.66572 0.17145 1.96643 97 66 10 90 38
247 1645 11.33900 3.11734 0.30158 1.82199 105 23 4 103 54
794 1435 10.39528 2.54263 0.41738 2.42237 92 75 9 85 41
724 1512 10.57137 2.70496 0.11548 1.74540 125 100 15 114 77
2475 2527 11.47286 0.69885 0.22648 1.64282 119 82 28 114 53
30 1829 10.74847 1.23410 0.16051 1.69558 189 45 8 189 116
3983 4047 10.39995 0.80786 0.12626 0.82329 175 147 24 171 111
1921 1976 11.93919 1.03813 0.10781 1.00949 99 78 17 97 47
732 1500 10.22154 3.00330 0.47591 3.10791 152 111 29 149 60
1917 1970 11.11806 1.21606 0.11690 1.48648 89 66 13 84 47
253 1635 10.97831 2.89834 0.44466 1.67257 99 50 9 99 45
261 1601 10.74862 1.83826 0.68118 2.04775 79 53 12 79 23
43 1824 10.87030 1.44927 0.13220 1.70777 164 109 31 162 67
3993 4058 11.94038 1.01521 0.07621 0.89700 197 147 42 193 125
693 1496 10.83800 1.49815 0.13438 2.02333 121 94 23 115 76
811 1397 11.06975 1.79320 0.21406 0.98397 81 57 16 74 45
722 1515 11.27853 2.63641 0.09582 0.79031 86 59 20 84 50
238 1621 10.78799 2.52845 0.49863 2.44601 95 64 20 88 32
243 1606 11.45543 1.99002 0.51871 2.92837 55 6 1 53 14
246 1647 11.62065 3.13605 0.51699 2.08131 85 17 7 83 32
246 1598 11.31224 1.76964 0.20806 3.01831 58 11 0 54 19
692 1498 10.93850 1.47240 0.06475 1.65493 144 101 25 142 92
41 1822 11.48337 1.48404 0.17323 1.82863 141 78 13 137 63
35 1829 10.38252 1.22900 0.15996 1.39044 179 45 9 179 102
39 1845 10.48129 0.54484 0.18911 2.14064 82 55 17 74 34
88 1793 10.80026 3.11060 0.47523 4.28112 61 5 3 58 22
39 1821 11.84054 1.49341 0.49183 1.85962 120 52 33 118 48
2475 2525 11.01814 0.68816 0.18741 1.67725 131 90 34 129 67
248 1594 11.23981 1.71233 0.79176 3.34035 44 10 1 42 12
702 1482 11.79513 1.81207 0.17416 0.88514 176 140 26 176 104
114 1768 10.94061 3.06791 1.07947 1.79755 162 72 20 158 61
697 1518 11.21772 1.53984 0.09193 1.30746 151 131 15 145 83
28 1841 10.78248 0.70624 0.18969 1.91683 117 46 11 113 54
2486 3861 10.61364 2.21568 0.13983 0.40926 96 69 23 96 56
1913 1966 11.33390 1.37970 0.33724 1.83013 127 87 30 125 62
