5988 8036 10.63461 2.17040 0.52406 2.58558 28 18 1 24 13 108 100.00000 0
1414 5052 10.33247 0.36931 0.37762 0.42336 85 78 6 82 56 369 100.00000 0
5077 6904 10.86195 3.00305 0.73400 2.40127 28 11 1 26 7 173 100.00000 0
5152 6832 10.06994 3.13832 1.74500 1.86928 15 0 0 13 10 111 100.00000 0
1383 4966 10.28066 0.07490 0.33961 0.69492 29 23 1 24 17 282 100.00000 0
5412 6699 10.68882 2.38054 0.65036 1.40834 31 19 1 18 17 262 100.00000 0
283 8736 11.53186 0.06029 0.48339 0.35277 68 60 6 64 44 295 100.00000 0
1444 5046 10.90901 0.33415 0.51866 0.81757 45 30 6 35 21 269 100.00000 0
5416 6686 11.19655 2.12976 0.79493 1.17769 32 19 3 13 10 256 100.00000 0
568 3789 11.33644 0.02823 0.20910 1.52829 51 42 6 38 17 316 100.00000 0
4743 7181 10.95530 2.92613 1.76340 2.99892 14 2 0 5 2 214 100.00000 0
551 3799 10.99034 0.03162 0.70017 1.33911 47 32 7 47 26 335 100.00000 0
451 3708 11.51139 0.00466 0.30945 0.27976 45 41 1 34 29 178 100.00000 0
1481 5085 11.31140 0.16682 0.46687 1.02106 58 49 4 56 33 350 100.00000 0
1602 5348 11.99639 0.01276 0.42958 0.90222 12 9 2 6 6 50 100.00000 0
6308 7718 11.32889 3.08737 0.98538 2.02565 24 8 0 24 8 171 100.00000 0
4678 7207 11.63310 2.48294 1.31575 2.08168 40 1 1 36 13 338 100.00000 0
4701 7233 10.63455 1.64708 1.43238 2.54776 71 0 0 62 30 405 100.00000 0
1378 4993 10.70005 0.01567 0.52348 0.65611 49 44 4 41 33 307 100.00000 0
1555 5205 10.74876 0.00984 0.62799 1.25492 16 13 1 13 10 81 100.00000 0
1082 4433 11.63277 0.06594 0.37636 1.05202 44 42 2 44 24 460 100.00000 0
342 8893 11.77738 0.01828 0.73303 0.75225 57 37 4 55 41 202 100.00000 0
5111 6866 10.18816 3.12082 1.37769 1.85709 25 0 0 18 10 154 100.00000 0
6031 8030 10.30772 3.13107 0.72337 3.81742 10 2 7 5 5 46 100.00000 0
3300 8461 11.51975 0.00966 0.55203 1.80602 40 32 1 31 22 201 100.00000 0
3309 8438 11.77066 0.01154 0.35761 0.89613 26 19 3 12 10 165 100.00000 0
787 4003 11.50998 0.01277 0.77355 1.38282 24 14 8 17 9 148 100.00000 0
570 3792 10.40776 0.02981 0.20648 1.71006 56 51 5 50 35 340 100.00000 0
1524 5135 11.01220 0.00244 0.30323 0.66441 15 14 1 13 10 102 100.00000 0
797 4017 10.74661 0.01164 0.67070 0.75433 29 21 1 24 16 150 100.00000 0
2948 6004 10.19878 1.18354 0.45897 2.63299 10 3 0 10 6 76 100.00000 0
5390 6681 11.48172 2.06655 0.92163 1.59790 35 17 14 25 10 269 100.00000 0
1587 5217 10.75116 0.01148 0.23862 0.23739 58 53 5 55 31 314 100.00000 0
2916 5965 10.05853 0.09146 0.77265 2.04717 37 37 0 33 10 164 100.00000 0
6310 7717 11.61955 3.08949 1.53808 1.70686 14 7 3 12 8 91 100.00000 0
3625 8929 10.11312 0.03816 0.64932 0.83275 99 74 13 93 82 340 100.00000 0
1326 7027 10.51857 2.99876 1.99375 2.18982 81 0 0 71 21 793 100.00000 0
336 8867 11.13984 0.02555 0.61550 1.44076 92 83 5 90 51 282 100.00000 0
1600 6738 11.81658 3.13946 1.77046 0.81325 14 0 1 12 6 86 100.00000 0
1414 5015 11.07950 0.08558 0.37250 0.49653 63 62 1 59 42 320 100.00000 0
737 3942 10.32301 0.84648 0.62011 1.00327 46 35 1 30 21 312 100.00000 0
1482 6872 10.04486 3.12266 1.38791 1.52906 49 20 1 41 22 325 100.00000 0
6142 7877 11.44315 3.13854 1.81053 1.22812 49 0 0 45 16 478 100.00000 0
128 3419 11.74596 0.01835 0.75617 0.88382 43 32 3 33 26 161 100.00000 0
1100 4418 10.65491 0.05900 0.35796 0.56232 81 70 10 76 59 581 100.00000 0
1495 5102 10.99809 0.02144 1.34933 1.00093 22 8 4 12 5 266 100.00000 0
941 4172 10.52709 0.02551 0.62853 1.34086 41 28 8 33 24 335 100.00000 0
2698 5646 11.29122 0.15585 0.56074 1.42354 35 28 5 27 21 235 100.00000 0
504 3733 10.98126 0.01194 0.50176 0.65132 46 42 2 42 31 202 100.00000 0
3277 8396 10.19108 0.42275 0.63408 2.46577 24 13 0 13 10 128 100.00000 0
1522 5132 11.52055 0.00711 0.62967 1.41831 19 14 0 17 12 140 100.00000 0
1449 6912 11.35509 2.89181 0.59702 2.32001 34 17 4 32 16 225 100.00000 0
1237 7135 10.41648 3.08859 1.26973 1.65067 35 8 4 33 13 282 100.00000 0
3223 8324 11.32034 0.02473 0.48652 0.83743 36 28 6 27 13 182 100.00000 0
2934 5949 10.19149 0.03884 0.18716 2.22440 25 20 5 23 11 148 100.00000 0
4771 7103 10.65832 3.09293 1.75560 1.38536 60 0 0 50 30 529 100.00000 0
4736 7121 10.95820 3.11465 1.27308 0.80259 52 3 1 46 18 428 100.00000 0
1012 4325 10.68182 0.02837 0.45431 1.65422 27 25 0 25 15 259 100.00000 0
108 8610 10.49891 0.04796 0.40280 0.55320 42 40 2 36 27 164 100.00000 0
5097 6852 11.69156 3.12546 1.85832 1.17437 13 0 0 7 6 214 100.00000 0
5084 6894 10.58147 3.04418 0.91542 1.46447 24 10 1 13 11 120 100.00000 0
3234 8402 11.47139 0.97493 0.81197 0.58950 28 19 6 26 11 156 100.00000 0
1364 4931 11.87389 0.01883 0.19819 0.48133 49 43 4 34 29 463 100.00000 0
546 3770 11.35102 0.04734 0.84711 0.89219 55 35 3 48 35 356 100.00000 0
1637 6693 11.63501 2.20014 1.62466 0.96469 24 8 10 17 6 140 100.00000 0
3168 8276 11.53381 0.07247 0.31700 0.81084 15 15 0 9 7 98 100.00000 0
1143 4551 10.01507 0.07036 0.57723 1.40945 117 71 6 110 71 593 100.00000 0
3280 8398 11.13507 0.37005 0.31947 1.09110 27 16 2 15 7 192 100.00000 0
102 3428 11.50927 0.05388 0.34362 0.80988 37 35 0 30 16 150 100.00000 0
5010 6968 11.29138 2.95108 0.57190 1.50220 27 23 2 21 15 154 100.00000 0
1213 7223 11.34054 1.90211 0.55626 1.05090 34 9 8 8 9 337 100.00000 0
5048 6896 11.73193 2.63804 1.02569 1.94541 41 8 7 39 18 201 100.00000 0
243 8697 10.88567 0.03663 0.50269 2.09816 61 56 4 57 25 268 100.00000 0
4691 7164 11.27247 3.02844 1.53345 1.88222 29 1 1 29 14 351 100.00000 0
3233 8398 10.80862 0.87012 0.25313 0.15826 30 25 4 27 14 176 100.00000 0
880 4105 11.93766 0.04189 0.51444 2.15450 40 27 10 30 13 231 100.00000 0
5994 8067 10.56765 1.58472 1.11791 2.56811 13 4 1 9 8 101 100.00000 0
1213 4645 10.41249 0.08131 0.32773 1.92620 51 39 12 37 19 439 100.00000 0
3279 8399 10.36215 0.33464 0.78676 1.45266 33 29 1 30 17 153 100.00000 0
1215 4647 11.38444 0.07990 0.32950 1.04680 30 25 3 24 11 386 100.00000 0
3200 8307 10.45604 0.16594 0.38189 1.53442 48 40 8 46 21 210 100.00000 0
6037 7988 11.05039 3.13779 1.60887 3.77232 6 2 0 4 2 93 100.00000 0
1624 5383 11.25008 0.02525 0.42340 1.14910 25 18 6 23 15 139 100.00000 0
5230 6759 11.88507 3.12304 0.61734 1.36315 37 17 5 33 25 179 100.00000 0
1068 4364 11.00272 0.03437 0.36628 0.82424 66 61 4 66 52 337 100.00000 0
8856 8910 10.38949 0.03636 0.69107 2.06980 94 83 8 88 40 337 100.00000 0
3361 8501 10.24352 0.00476 0.38977 0.29608 35 28 4 28 17 309 100.00000 0
3426 8620 11.04902 0.02550 0.31237 0.31898 35 28 7 31 20 162 100.00000 0
981 4224 11.26091 0.41318 1.04856 2.61120 53 50 3 49 18 326 100.00000 0
168 3467 10.54856 0.01504 0.42893 0.39366 54 46 4 48 39 267 100.00000 0
5301 6767 11.10638 3.12139 1.09720 1.37601 10 6 2 4 3 47 100.00000 0
532 3783 11.79261 0.01484 0.41764 0.15826 53 49 1 40 32 294 100.00000 0
229 3516 11.83603 0.02063 1.13883 1.18465 67 62 4 63 20 302 100.00000 0
5407 6672 11.61022 1.98239 1.79610 1.20528 27 15 5 21 5 298 100.00000 0
105 3405 10.30328 0.02403 0.40189 1.18927 39 34 2 29 20 157 100.00000 0
1250 7179 10.82512 3.00906 1.51669 0.64589 29 1 0 22 5 269 100.00000 0
6134 7909 11.09334 3.13980 1.76653 0.55883 54 0 0 50 33 492 100.00000 0
1538 6800 10.00986 3.13936 1.25209 1.72896 12 2 0 7 4 72 100.00000 0
3233 8332 11.28283 0.19775 0.68993 1.77343 33 19 7 23 12 213 100.00000 0
367 8881 11.25742 0.03415 0.75735 0.39366 38 26 4 36 27 275 100.00000 0
8851 8903 10.87758 0.03191 0.60550 1.78136 83 77 6 81 35 323 100.00000 0
7163 7227 11.30097 1.23672 0.50337 1.44996 50 43 7 46 35 245 100.00000 0
1263 7139 11.60710 3.04318 1.65325 1.23035 40 1 0 34 15 313 100.00000 0
1622 5377 10.00534 0.02559 0.62722 1.29452 25 19 4 25 12 131 100.00000 0
1177 4562 11.54704 0.05295 0.51242 1.05721 42 31 5 31 21 483 100.00000 0
3029 8133 10.50345 0.01303 0.38114 0.48537 30 25 4 28 15 309 100.00000 0
1409 6925 10.24348 2.87217 1.08918 1.37828 29 7 1 20 19 227 100.00000 0
2665 5613 10.83734 0.09575 0.48816 1.20106 27 19 3 19 13 173 100.00000 0
1678 5403 10.94540 1.13851 0.86630 1.19649 23 6 2 13 13 148 100.00000 0
5416 6678 11.92093 2.03890 0.73956 1.58338 46 35 5 32 16 346 100.00000 0
2735 5688 10.25589 0.08270 0.73375 1.22812 16 6 6 10 4 113 100.00000 0
1592 6749 10.57266 3.13709 1.38064 1.82027 18 10 1 14 7 123 100.00000 0
1248 7191 10.42904 2.91139 1.79403 0.55743 37 0 0 30 10 276 100.00000 0
1426 5071 11.44287 0.45463 0.68410 0.69661 39 21 9 37 17 279 100.00000 0
192 8650 11.83438 0.01129 0.42390 0.48457 54 45 8 49 30 206 100.00000 0
3047 8150 10.53539 0.03481 0.37426 1.15352 40 37 3 35 28 189 100.00000 0
3469 8646 11.29900 0.00978 0.56457 0.74651 27 21 1 18 12 165 100.00000 0
1213 4706 11.12573 0.09906 0.45732 2.53265 35 29 3 28 16 344 100.00000 0
1099 4475 10.85715 0.05417 0.55984 0.23407 73 63 4 65 50 564 100.00000 0
421 3656 11.26950 0.01192 0.25423 0.23903 164 164 0 148 125 446 100.00000 0
662 3879 10.00162 0.02537 0.26787 0.33920 60 55 5 56 38 446 100.00000 0
65 8585 10.74196 0.02857 1.46459 0.83087 15 1 0 12 11 76 100.00000 0
869 4131 11.49482 0.00704 0.33205 0.38052 50 48 1 44 29 233 100.00000 0
3261 8367 10.18055 0.90672 0.32055 0.88293 29 17 6 29 14 147 100.00000 0
191 8676 10.85739 0.01627 0.28468 0.48133 64 60 2 56 40 303 100.00000 0
537 3786 10.26905 0.01459 0.26712 0.37742 56 53 3 53 36 373 100.00000 0
2942 6000 10.13712 1.02719 0.45343 1.19124 29 25 1 24 17 167 100.00000 0
339 3582 11.07659 0.02189 0.39552 0.32021 99 99 0 99 78 325 100.00000 0
4968 6996 11.42188 3.09670 1.36859 2.87317 14 3 1 6 4 169 100.00000 0
2591 5585 11.46648 1.38067 0.72070 0.96510 31 24 4 28 14 139 100.00000 0
976 4213 11.91001 0.44477 1.18914 2.21187 47 44 1 43 17 330 100.00000 0
4910 7013 11.18828 2.99508 1.57453 1.58610 49 1 0 42 19 659 100.00000 0
1655 6681 10.84117 1.78538 1.34799 0.98834 48 16 21 34 20 344 100.00000 0
2958 8092 11.48210 0.04144 0.13268 1.25679 18 16 1 14 8 136 100.00000 0
1132 4482 10.47787 0.07895 0.38903 0.30647 91 87 3 87 61 599 100.00000 0
1408 5007 10.78992 0.08551 0.46760 1.07593 62 49 7 58 43 420 100.00000 0
769 3981 10.28932 0.27680 0.67722 1.10783 13 4 2 6 2 67 100.00000 0
1130 4476 11.33315 0.08089 0.29240 0.38563 100 83 16 95 73 505 100.00000 0
2661 5639 10.78855 0.09797 0.73077 1.16332 22 8 2 17 13 106 100.00000 0
4757 7150 10.35057 3.12753 1.69380 1.35219 46 0 0 35 16 269 100.00000 0
3363 8531 10.02579 0.01563 0.35896 0.79426 34 24 9 26 15 247 100.00000 0
322 8824 10.70421 0.05112 0.43317 0.46309 109 101 3 109 85 318 100.00000 0
253 3533 10.07381 0.01522 0.60843 0.47230 70 66 3 64 45 296 100.00000 0
1541 6820 11.95588 3.13107 0.64275 2.31596 6 2 3 1 2 67 100.00000 0
3589 8857 11.26583 0.05082 0.47477 2.77291 121 114 1 117 75 403 100.00000 0
1351 7022 10.63067 3.12180 1.66108 2.93998 54 1 0 46 24 584 100.00000 0
1290 4812 10.21574 0.02344 0.99405 1.16500 74 26 15 68 20 525 100.00000 0
7176 7230 11.12103 1.25418 0.49342 1.43040 68 62 6 68 34 296 100.00000 0
2594 5597 11.45521 1.31962 1.38211 2.29831 36 11 3 28 17 129 100.00000 0
2653 5634 11.79973 0.05114 0.27035 1.39100 18 17 1 16 10 68 100.00000 0
3062 8165 11.55130 0.04840 0.24055 1.88865 19 17 1 19 11 184 100.00000 0
4679 7225 11.35288 1.83809 1.21417 0.39762 64 5 1 46 12 427 100.00000 0
4859 7081 11.68554 3.11619 1.81434 0.63674 41 0 0 36 12 266 100.00000 0
3386 8531 10.75178 0.01039 0.28674 0.50202 37 22 12 33 14 230 100.00000 0
1627 5326 11.75301 0.02710 0.44520 1.15623 14 10 2 9 4 146 100.00000 0
6356 7620 10.42478 1.73005 0.92359 3.21175 26 1 0 24 14 220 100.00000 0
4904 7044 11.76883 3.09693 1.80521 2.55497 81 1 0 73 43 635 100.00000 0
1170 4608 11.71303 0.03794 0.60115 0.66205 34 30 3 31 25 449 100.00000 0
1614 5367 10.98412 0.01304 0.55895 0.48779 26 20 3 21 15 240 100.00000 0
3194 8343 11.41136 0.07426 0.94445 1.02259 25 14 2 23 12 165 100.00000 0
3422 8616 11.77707 0.03243 0.36205 0.45111 28 24 3 26 19 115 100.00000 0
7165 7229 11.66662 1.28931 0.82765 1.51620 28 23 5 28 17 179 100.00000 0
914 4142 10.49397 0.00972 0.36902 0.53959 32 25 6 25 17 167 100.00000 0
2901 5947 11.18402 0.03651 0.37294 2.22070 17 15 0 11 12 103 100.00000 0
7162 7225 11.08314 1.16855 0.62859 0.85272 43 35 7 38 21 215 100.00000 0
5237 5295 11.24141 0.01397 0.76286 0.78385 9 2 4 7 1 76 100.00000 0
2593 5582 11.56355 1.34431 0.57763 1.00210 39 27 8 30 19 151 100.00000 0
3092 8196 11.34989 0.12846 0.49957 0.90135 14 7 4 8 6 111 100.00000 0
755 4009 11.81708 0.12823 0.72995 2.23633 25 14 6 23 9 120 100.00000 0
1224 4670 10.01207 0.05575 0.28943 0.77833 53 44 7 53 35 446 100.00000 0
3605 8830 11.32970 0.06066 0.81384 3.41180 108 57 32 104 73 322 100.00000 0
5382 6692 10.14992 2.20815 0.27906 1.16835 24 15 4 14 6 118 100.00000 0
4758 7153 11.79342 3.11472 1.57667 1.31760 23 0 0 14 6 214 100.00000 0
116 8583 10.99558 0.01661 0.42172 0.67027 33 32 1 29 21 173 100.00000 0
1031 4314 10.09291 0.01767 0.08541 1.00911 46 36 10 46 27 259 100.00000 0
3620 8883 11.31508 0.03541 0.99703 0.45885 83 31 4 79 63 312 100.00000 0
3173 8280 11.97832 0.11593 0.53244 0.94460 25 20 2 18 13 143 100.00000 0
1051 4371 10.37330 0.01401 0.23933 0.13988 68 63 4 63 46 417 100.00000 0
991 4303 11.40733 0.34054 0.58581 0.65132 52 38 0 47 36 357 100.00000 0
333 3578 10.01554 0.02137 0.62261 0.51510 96 91 1 92 76 316 100.00000 0
