352 4110 10.52336 0.01361 0.25844 2.43558 15 0 0 9 8 271 100.00000 0
459 3982 10.49489 0.01009 0.51811 0.50668 31 0 4 28 18 238 100.00000 0
346 709 11.50833 0.00719 0.63660 0.42887 20 0 0 16 12 277 100.00000 0
555 976 11.26895 0.00154 0.48367 0.77884 28 2 2 24 19 272 100.00000 0
531 976 11.26895 0.00154 0.43395 0.11535 33 1 2 33 25 265 100.00000 0
420 975 10.76826 0.00183 0.73351 1.13918 12 0 0 10 8 215 100.00000 0
7754 7810 11.31788 0.72617 0.85321 2.22352 11 0 0 8 4 75 100.00000 0
734 4172 10.02836 0.01118 0.63250 0.50358 25 1 0 23 16 361 100.00000 0
758 4172 10.03026 0.01108 0.91978 2.03913 23 0 2 18 16 359 100.00000 0
497 976 11.26895 0.00154 0.50579 0.87581 31 1 0 25 18 305 100.00000 0
2843 5563 11.77477 0.05659 0.37462 0.79966 15 0 0 11 7 448 100.00000 0
458 4171 10.79933 0.01107 0.76951 1.19419 25 0 1 23 15 348 100.00000 0
3389 6303 10.30408 0.05438 0.58323 1.68074 23 0 1 19 12 146 100.00000 0
345 476 11.74965 0.00708 0.65086 0.79721 22 0 1 15 14 267 100.00000 0
2429 5323 11.68318 0.82280 0.49997 3.24643 17 0 3 17 11 78 100.00000 0
898 980 11.77208 0.00498 0.48945 0.55673 25 1 1 22 11 325 100.00000 0
2287 5313 11.57005 0.70560 0.54383 2.14009 12 0 0 12 9 75 100.00000 0
3053 5787 10.69800 0.01198 0.37184 1.00405 26 0 1 16 11 527 100.00000 0
2472 2581 11.22698 0.77641 0.89182 2.91107 14 0 0 12 8 85 100.00000 0
392 974 10.01406 0.00381 0.52825 0.80357 30 1 0 26 20 348 100.00000 0
345 660 11.74965 0.00708 0.40004 0.59281 20 0 4 14 8 250 100.00000 0
2171 2366 11.86999 0.30255 1.74838 2.71181 8 0 0 2 2 42 100.00000 0
2411 5323 11.68318 0.82280 0.58134 4.24584 11 0 0 8 10 56 100.00000 0
1697 4865 10.52734 0.00414 0.32278 0.16786 52 2 3 50 43 228 100.00000 0
733 979 11.51780 0.00406 0.53845 0.24708 17 0 2 0 5 324 100.00000 0
2281 5312 11.91985 0.68669 0.17165 2.67284 9 2 0 9 6 36 100.00000 0
2420 5269 11.68981 0.30783 0.86755 3.10236 8 0 0 3 5 29 100.00000 0
337 3957 10.51725 0.00644 0.54356 0.46309 30 0 2 30 23 360 100.00000 0
1007 4188 10.27012 0.01706 0.29220 0.33455 36 2 3 30 20 330 100.00000 0
1759 4933 10.45872 0.70154 0.28285 0.89263 28 3 6 21 20 77 100.00000 0
791 979 11.51970 0.00400 0.77159 2.37108 15 0 1 13 7 279 100.00000 0
2317 5270 10.63578 0.26030 1.13758 5.39063 7 0 0 4 5 39 100.00000 0
2495 5320 10.24209 0.74014 1.51765 7.55461 9 1 0 5 1 51 100.00000 0
632 3982 10.49489 0.01009 0.37237 0.49732 28 2 3 26 16 219 100.00000 0
346 608 11.50244 0.00580 0.46270 0.73382 24 0 2 14 16 270 100.00000 0
2862 5582 11.64744 0.02020 0.46261 0.64891 20 0 0 17 16 365 100.00000 0
1397 4571 11.51180 0.00561 0.68217 0.83650 27 0 0 19 16 365 100.00000 0
2320 5321 10.76751 0.80012 0.46329 2.56552 15 1 0 13 10 65 100.00000 0
404 977 11.52020 0.00049 0.52238 0.70831 12 0 1 10 7 217 100.00000 0
481 3982 10.49489 0.01009 0.31259 0.48939 32 1 4 26 21 242 100.00000 0
2622 5348 10.90531 0.02185 0.36679 1.26795 24 1 2 16 11 368 100.00000 0
2488 5323 11.68318 0.82280 0.70753 4.33594 20 0 0 14 11 52 100.00000 0
2565 5331 10.40103 0.58587 0.32210 1.48569 44 6 5 39 32 209 100.00000 0
8038 8089 11.01070 0.43522 0.46922 3.09920 83 1 3 83 54 409 100.00000 0
667 4173 11.79777 0.00987 0.55917 0.45800 25 0 0 23 12 341 100.00000 0
148 3816 10.81143 0.02904 0.15570 0.63796 22 1 3 20 14 368 100.00000 0
3694 7205 10.66241 0.46041 1.85100 1.57147 6 0 1 2 4 73 100.00000 0
773 979 11.51970 0.00400 0.44784 1.20528 18 0 1 13 9 280 100.00000 0
540 974 10.01791 0.00258 0.43435 0.48779 25 1 1 20 17 334 100.00000 0
1864 4978 11.72648 0.00625 1.47790 0.34718 19 0 0 13 7 144 100.00000 0
1251 4418 10.26327 0.01129 0.15277 0.57471 33 2 4 29 22 425 100.00000 0
457 3980 11.49638 0.01155 0.40602 1.98110 20 0 2 20 12 266 100.00000 0
777 3985 10.24876 0.00981 0.47036 0.69998 22 0 3 20 17 325 100.00000 0
981 4142 11.02953 0.01426 1.37552 1.68330 12 0 0 6 3 255 100.00000 0
4116 4174 10.00670 0.00664 0.22031 1.00405 31 1 2 26 21 365 100.00000 0
2172 2464 11.68279 0.30204 0.88534 2.52228 6 0 0 4 3 27 100.00000 0
812 978 10.77040 0.00229 0.43897 0.62558 30 1 1 27 22 336 100.00000 0
2511 2583 11.93117 0.82358 0.24591 3.42874 34 1 0 30 24 106 100.00000 0
1067 4264 11.51297 0.00305 0.38827 0.76002 37 2 7 34 30 501 100.00000 0
711 4170 10.03241 0.01130 0.55282 1.49567 21 0 2 19 10 354 100.00000 0
4011 4171 11.77155 0.00644 0.57728 0.81036 26 1 0 24 16 324 100.00000 0
350 917 10.50898 0.00703 0.39334 0.46814 29 0 2 29 19 275 100.00000 0
848 3984 10.74879 0.01016 0.54251 2.05004 28 0 1 16 10 264 100.00000 0
8045 8108 11.99700 1.25167 0.49218 2.27004 38 0 0 38 24 321 100.00000 0
1590 4754 10.06641 0.01400 0.70982 0.53887 24 0 0 24 12 450 100.00000 0
464 4170 10.30159 0.01147 0.39538 1.01375 19 0 1 19 14 316 100.00000 0
368 967 10.00277 0.01055 0.59252 0.77582 28 0 0 24 20 294 100.00000 0
3246 6014 10.43816 0.01363 0.76465 0.29871 26 0 0 21 12 492 100.00000 0
889 979 11.51970 0.00400 0.69516 1.25679 23 0 2 23 16 325 100.00000 0
2335 2582 11.44621 0.80088 0.30729 3.07358 11 0 1 9 8 66 100.00000 0
925 976 10.00929 0.00120 0.45649 0.59347 36 0 2 36 29 321 100.00000 0
2267 2565 11.79055 0.60432 0.69077 1.59643 17 1 0 15 12 49 100.00000 0
364 4161 10.26025 0.01913 0.33562 1.42574 20 2 0 16 14 253 100.00000 0
348 618 10.25119 0.00537 0.46793 0.81469 22 0 3 19 13 258 100.00000 0
829 976 10.00929 0.00120 0.45596 0.63427 37 1 2 32 26 374 100.00000 0
983 4146 11.78416 0.01610 1.54875 2.56552 14 0 0 14 7 287 100.00000 0
825 4173 10.53017 0.01052 0.50733 1.06496 30 1 3 30 21 289 100.00000 0
458 4173 11.79777 0.00987 0.53478 0.78235 14 0 0 14 4 136 100.00000 0
4002 4166 11.51660 0.01168 0.42855 0.70554 27 0 1 22 12 307 100.00000 0
2644 5371 11.79552 0.02474 1.19786 3.98880 25 0 0 14 10 417 100.00000 0
1793 4951 11.30203 0.21655 0.62406 3.43205 26 1 0 18 20 92 100.00000 0
654 4170 10.30159 0.01147 0.56253 0.44146 29 0 0 27 11 348 100.00000 0
558 974 10.01791 0.00258 0.49024 0.43879 17 0 0 15 8 355 100.00000 0
350 743 10.50898 0.00703 0.47259 0.41022 32 1 1 30 27 324 100.00000 0
351 4093 11.02224 0.01386 0.96131 2.88174 18 0 1 13 11 267 100.00000 0
2927 5646 10.06681 0.00285 0.39599 0.53668 24 0 2 24 18 306 100.00000 0
508 3982 10.49489 0.01009 0.54724 0.74546 24 0 0 24 16 196 100.00000 0
484 4170 10.30159 0.01147 0.61674 0.46478 25 0 0 17 14 311 100.00000 0
