2000 3419 11.77103 2.29658 0.40116 2.62077 56 6 1 54 20 218 100.00000 0
939 4195 10.75276 0.55559 1.60261 4.52602 56 0 8 54 22 202 100.00000 0
1981 4568 11.29674 0.04255 0.83049 2.37356 119 1 2 107 53 346 100.00000 0
1795 4404 10.92120 0.64557 0.86961 2.11489 23 0 0 23 7 217 100.00000 0
3424 4572 11.36026 1.65936 0.74301 2.14046 296 0 0 296 207 634 100.00000 0
941 4221 11.09795 0.03076 0.38464 2.13130 226 0 0 221 167 605 100.00000 0
3313 4624 11.54661 1.93089 0.84669 6.07348 68 0 0 62 40 117 100.00000 0
3398 4574 11.66679 2.98580 0.46124 0.35718 171 0 4 166 116 431 100.00000 0
1944 4535 10.67241 0.06258 1.93003 1.54763 194 0 0 154 102 719 100.00000 0
2013 3414 11.94384 2.91902 0.65122 2.31156 93 6 7 91 41 351 100.00000 0
1004 4265 11.18746 0.01602 0.35038 0.90222 226 7 15 184 95 570 100.00000 0
3411 4586 11.09934 2.30212 0.46164 3.08845 159 1 4 153 123 310 100.00000 0
3360 4601 10.07671 3.12944 0.27762 3.15939 53 4 2 36 31 280 100.00000 0
3316 4625 10.05877 1.99911 0.47478 6.01529 93 0 0 89 72 175 100.00000 0
2015 4579 11.80682 1.34021 0.52447 4.25054 17 0 0 14 7 94 100.00000 0
1003 4248 10.56080 0.02116 0.55495 0.96266 93 0 0 72 48 416 100.00000 0
1036 4277 11.74153 0.79050 0.18288 1.17935 152 4 3 142 84 739 100.00000 0
1025 4274 11.85598 0.18143 0.22850 1.37515 209 5 13 191 151 722 100.00000 0
3420 4569 11.16863 1.78615 0.59095 0.87223 151 1 0 151 92 437 100.00000 0
3369 4594 10.53298 3.11977 0.26457 3.71415 141 9 6 134 66 347 100.00000 0
1011 4252 10.43428 0.02551 0.06075 1.09074 160 12 28 147 107 506 100.00000 0
993 4259 11.01126 0.01514 0.28779 0.89700 244 6 31 240 196 616 100.00000 0
2004 4562 10.60807 0.72206 0.65421 0.70221 156 0 1 153 103 376 100.00000 0
1875 4467 10.31848 0.02322 0.61899 0.85363 89 1 1 87 36 384 100.00000 0
1034 4260 10.88328 0.64929 0.27202 1.25865 430 106 26 428 332 825 100.00000 0
3335 4630 11.35303 2.62880 0.33805 2.47939 93 17 11 86 67 241 100.00000 0
926 4210 10.75146 0.07148 0.53663 2.15831 224 1 1 217 160 654 100.00000 0
1910 4502 11.95305 0.07152 1.06936 1.36200 53 0 0 50 30 614 100.00000 0
1813 4413 10.62826 0.04454 1.14985 1.71919 42 0 0 35 28 244 100.00000 0
980 4250 10.90960 0.01631 0.25928 0.71764 95 2 11 88 60 416 100.00000 0
909 4184 10.79670 1.93821 0.42142 2.80700 67 2 6 61 37 273 100.00000 0
1976 4547 11.30759 0.01199 1.43374 0.78185 44 0 1 24 19 162 100.00000 0
915 4178 11.78967 1.91361 0.18690 4.47300 44 0 9 44 20 192 100.00000 0
953 4211 10.15524 0.05537 0.53668 3.01090 159 2 5 142 80 560 100.00000 0
1840 4418 10.72135 0.02521 0.89890 1.48885 42 0 0 22 19 263 100.00000 0
3341 4612 10.69718 3.02119 0.31187 2.52305 85 4 4 70 47 264 100.00000 0
2006 3408 10.52550 2.96467 0.35688 2.42237 111 7 4 105 54 349 100.00000 0
923 4179 11.02409 1.52544 0.31188 4.00184 154 3 16 150 102 425 100.00000 0
928 4183 10.43089 1.23718 0.19826 3.50140 175 0 7 164 97 461 100.00000 0
1924 4499 11.64191 0.07469 1.37763 1.00093 83 0 0 73 48 535 100.00000 0
3403 4589 10.95719 2.79297 0.33350 3.28873 64 0 5 40 25 235 100.00000 0
2012 3405 11.38195 2.42277 0.34508 2.02023 163 22 19 154 64 464 100.00000 0
990 4240 11.05713 0.01777 0.16782 1.07411 90 6 19 85 52 382 100.00000 0
914 4181 10.27047 1.83737 0.20184 3.35147 78 0 9 76 28 371 100.00000 0
909 4198 11.32270 1.16772 0.27746 2.46720 155 22 22 149 114 440 100.00000 0
1773 4395 10.52059 1.63534 1.09675 2.91336 40 0 0 31 10 223 100.00000 0
909 4185 10.34135 1.88849 0.29952 2.83876 68 3 7 57 28 339 100.00000 0
904 4191 11.88056 1.79913 0.21713 2.59963 111 7 7 97 75 307 100.00000 0
945 4202 10.75995 0.16724 1.00839 3.27943 144 2 12 140 74 392 100.00000 0
993 4242 11.04556 0.01593 0.13827 0.96063 46 0 6 39 26 302 100.00000 0
3375 4605 10.08040 3.11669 0.26575 2.47607 46 5 1 41 22 203 100.00000 0
1920 4496 10.29123 0.07388 1.22582 1.05721 207 0 0 205 124 945 100.00000 0
1953 4527 11.82973 0.05470 1.96843 0.31528 92 0 0 86 51 456 100.00000 0
2020 4573 11.91393 1.54531 0.52126 4.87291 24 0 0 21 14 124 100.00000 0
1034 4276 10.97397 0.66361 0.23937 1.25990 276 14 8 264 153 1040 100.00000 0
1999 3415 11.39773 2.44775 0.54443 2.63180 60 1 2 58 24 232 100.00000 0
1995 4576 11.99923 0.21194 0.68361 2.93652 112 1 0 106 66 349 100.00000 0
1003 4265 11.85233 0.01634 0.29692 0.92620 288 56 47 275 205 606 100.00000 0
956 4213 10.99299 0.04848 0.61001 2.44409 109 0 4 102 63 384 100.00000 0
2011 3406 10.85734 2.54035 0.46983 2.25047 143 11 6 133 51 498 100.00000 0
1787 4387 11.94287 1.16181 0.36880 1.72896 90 2 1 86 66 382 100.00000 0
1846 4423 11.27993 0.01279 0.42039 0.77632 80 0 1 63 46 356 100.00000 0
1971 4543 11.59748 0.02409 1.15959 1.02793 61 0 0 50 41 251 100.00000 0
1799 4406 11.22994 0.40873 0.28731 1.45562 62 0 2 49 22 328 100.00000 0
1934 4525 10.74210 0.08102 1.73327 1.16634 123 0 0 118 95 513 100.00000 0
1879 4455 11.93614 0.01705 1.17934 1.11592 66 0 0 60 31 264 100.00000 0
1776 4397 10.39107 1.58363 0.67575 3.24136 13 1 0 9 5 114 100.00000 0
1775 4391 10.73241 1.61475 0.19458 2.27847 42 0 4 38 22 192 100.00000 0
1016 4254 10.51339 0.01777 0.09220 0.81613 193 60 32 191 139 418 100.00000 0
3337 4614 10.61003 2.89118 0.42953 2.15994 77 3 5 72 44 239 100.00000 0
948 4226 11.02207 0.02363 0.09918 1.27779 223 15 34 216 156 651 100.00000 0
931 4185 10.91660 1.12040 0.48798 3.45887 183 0 4 168 102 501 100.00000 0
925 4209 10.48984 0.09126 0.48171 1.81618 174 1 0 169 108 645 100.00000 0
1024 4257 10.44843 0.13301 0.19752 1.65800 301 35 33 297 241 537 100.00000 0
1048 4275 11.27001 1.44258 0.38749 0.91557 228 19 25 224 156 639 100.00000 0
3335 4629 10.09324 2.64073 0.13778 2.59133 124 18 24 122 98 239 100.00000 0
1996 4559 10.09778 0.26574 0.82327 1.32086 259 0 0 245 192 503 100.00000 0
3320 4631 11.24219 2.03471 1.57524 8.42026 10 1 0 5 5 24 100.00000 0
932 4187 10.41657 1.02100 0.21855 3.99194 144 0 0 136 98 446 100.00000 0
935 4217 11.30734 0.02482 0.44461 1.83590 205 1 0 192 147 547 100.00000 0
1988 4554 11.73670 0.04640 0.88333 2.01926 85 0 0 73 48 259 100.00000 0
1966 4539 11.40828 0.03065 1.81867 1.18630 51 0 0 37 26 168 100.00000 0
3313 4625 11.22320 1.91811 0.60531 6.36396 25 0 0 23 10 88 100.00000 0
3337 4613 11.86500 2.89679 0.60764 2.22598 45 0 0 37 28 284 100.00000 0
927 4211 11.01240 0.05930 0.59238 2.48491 231 0 0 227 166 626 100.00000 0
918 4205 11.43448 0.41236 0.18653 2.55482 191 4 34 186 146 520 100.00000 0
913 4180 11.16035 1.93124 0.46791 3.36697 76 9 5 72 39 343 100.00000 0
3350 4607 10.75398 3.13012 0.48908 3.04735 142 7 6 137 59 352 100.00000 0
1837 4431 10.31661 0.01613 0.23845 0.87760 85 1 9 75 61 343 100.00000 0
1962 4536 10.60356 0.03098 1.70267 0.95491 92 0 0 84 48 354 100.00000 0
1007 4249 11.88875 0.02524 0.29376 1.09396 130 3 4 128 105 499 100.00000 0
1972 4562 11.86741 0.00792 0.90827 0.42058 77 0 0 69 45 281 100.00000 0
2018 4574 10.62174 1.46662 0.74482 4.31030 67 0 0 67 26 261 100.00000 0
2013 4578 10.18013 1.25027 1.02167 3.47761 66 1 0 56 44 231 100.00000 0
2007 3416 10.76830 2.89315 0.86378 2.28293 66 1 6 57 18 244 100.00000 0
3350 4623 11.07258 3.00671 0.26534 2.65446 48 2 8 43 31 157 100.00000 0
1975 4563 10.21330 0.00829 0.88375 0.47313 129 0 0 107 48 362 100.00000 0
2006 3405 11.65777 2.78985 0.92251 1.79231 139 3 3 125 54 409 100.00000 0
3408 4570 10.87426 2.47119 0.75650 0.60263 99 2 2 87 55 321 100.00000 0
1932 4508 10.13007 0.06367 1.85246 0.46055 62 0 0 55 40 401 100.00000 0
3320 4620 11.54667 2.16904 0.65579 5.34148 22 0 0 17 12 45 100.00000 0
944 4200 11.37483 0.26690 1.12896 3.60554 123 0 17 116 72 386 100.00000 0
1828 4408 10.70368 0.02528 0.48528 1.52906 57 3 2 50 32 275 100.00000 0
1880 4457 10.42538 0.01939 1.00890 1.23923 84 0 0 76 35 375 100.00000 0
3331 4631 11.33074 2.44948 0.18952 2.14867 36 4 6 29 19 155 100.00000 0
2019 4574 11.28046 1.50488 0.71104 4.65892 46 0 0 42 20 163 100.00000 0
2014 4578 10.50472 1.29741 0.91512 4.01054 55 0 0 45 33 228 100.00000 0
3315 4624 10.75753 1.98481 0.64114 7.18900 46 0 0 38 28 80 100.00000 0
1846 4439 10.12485 0.02364 0.72608 1.35509 21 0 0 13 11 187 100.00000 0
1805 4392 11.92984 0.21849 0.13425 0.66558 83 7 14 77 46 332 100.00000 0
1972 4561 10.60044 0.00623 0.83466 0.35936 94 2 0 74 48 365 100.00000 0
967 4240 10.72533 0.01756 0.10182 0.89787 169 15 40 154 111 577 100.00000 0
3342 4611 11.31307 3.04279 0.71129 2.71397 60 0 0 54 31 280 100.00000 0
913 4202 11.93999 0.76753 0.38982 2.79316 170 32 17 166 117 393 100.00000 0
938 4193 11.22523 0.67019 0.63451 4.06948 57 2 5 52 16 247 100.00000 0
2017 4571 10.04170 1.43489 0.67008 3.89642 67 0 0 62 31 290 100.00000 0
3397 4591 10.03727 3.06997 0.75357 4.18610 39 0 0 35 13 136 100.00000 0
3418 4569 10.56296 1.87584 0.78333 1.23606 158 0 0 154 83 442 100.00000 0
1831 4410 11.25117 0.00843 1.07816 0.61802 64 0 0 50 48 251 100.00000 0
994 4259 10.21233 0.01528 0.33494 0.88603 245 2 43 243 190 728 100.00000 0
3324 4620 10.04451 2.28863 0.22588 3.35474 26 4 2 24 19 98 100.00000 0
1045 4277 11.81589 1.32315 0.44949 1.17536 166 7 13 151 98 664 100.00000 0
3399 4574 11.01889 2.94948 0.48237 0.39565 155 2 11 152 87 444 100.00000 0
1859 4452 10.91428 0.01579 0.65390 1.02679 106 3 0 60 56 476 100.00000 0
3374 4607 11.67237 3.12439 0.90842 1.82263 22 0 0 17 11 150 100.00000 0
3352 4622 11.27447 3.01766 0.46670 2.68467 75 9 4 70 55 217 100.00000 0
2003 4561 11.35958 0.65753 0.90115 0.43701 99 0 1 91 63 244 100.00000 0
910 4181 11.75361 2.03191 0.12221 2.71166 51 6 5 48 23 277 100.00000 0
1048 4265 11.98599 1.42818 0.25547 0.83930 272 21 38 272 223 523 100.00000 0
972 4226 11.61386 0.03017 0.46039 1.67281 90 2 2 74 48 314 100.00000 0
3330 4631 11.14495 2.40421 1.59542 2.27469 18 0 0 16 11 71 100.00000 0
905 4192 11.45899 1.70048 0.34079 2.63091 106 15 4 97 84 306 100.00000 0
3408 4587 10.94561 2.48365 0.43442 3.30239 104 0 5 96 75 162 100.00000 0
1884 4476 10.86859 0.03449 0.66901 0.82329 134 0 3 130 86 567 100.00000 0
2002 3408 11.74755 3.06085 0.56284 2.63700 154 4 3 150 67 399 100.00000 0
1038 4262 10.10514 0.90286 0.31360 1.34494 220 10 26 218 166 495 100.00000 0
2009 3409 10.07049 2.84227 0.54607 2.65933 60 1 0 51 28 278 100.00000 0
971 4244 11.93306 0.02119 0.14320 0.90309 89 3 13 79 47 415 100.00000 0
1050 4273 11.32841 1.49845 0.21455 0.46394 214 12 25 199 152 621 100.00000 0
1960 4551 11.58699 0.02696 1.87179 0.81181 66 0 0 56 31 279 100.00000 0
996 4261 11.33696 0.01223 0.33147 0.71436 213 43 17 213 163 534 100.00000 0
1821 4418 10.12617 0.03128 0.59919 1.76658 34 0 1 32 11 239 100.00000 0
1808 4394 11.40235 0.15463 0.18781 0.76310 63 0 7 54 28 323 100.00000 0
908 4184 11.30926 1.98541 0.76380 2.96425 25 0 2 22 6 167 100.00000 0
1025 4257 10.93063 0.17115 0.13555 1.77078 314 42 70 303 262 549 100.00000 0
1865 4442 10.81550 0.01758 0.91493 0.73542 86 0 0 76 56 410 100.00000 0
1856 4433 10.68525 0.01605 0.67395 0.54393 28 0 1 21 13 237 100.00000 0
1988 4572 11.24726 0.06362 0.77525 3.37092 164 0 0 157 99 350 100.00000 0
962 4236 10.44283 0.01649 0.17056 1.02067 263 28 52 261 211 703 100.00000 0
972 4244 10.96688 0.02179 0.16106 0.98596 162 1 30 160 116 508 100.00000 0
1864 4457 11.20748 0.01387 1.13649 0.93419 83 0 0 65 58 411 100.00000 0
1876 4468 10.39770 0.02699 0.56997 1.14295 44 1 0 39 20 252 100.00000 0
910 4199 11.41509 1.06317 0.31873 2.45639 134 19 14 131 93 376 100.00000 0
1798 4406 11.85898 0.46166 0.67500 1.99135 64 3 1 59 22 326 100.00000 0
1787 4388 10.85736 1.16898 0.88204 1.85625 69 0 0 53 28 312 100.00000 0
1038 4261 11.36001 0.90229 0.45117 1.13160 251 11 23 244 186 473 100.00000 0
1987 4554 11.06692 0.03716 0.95362 1.93775 69 0 0 56 34 247 100.00000 0
2012 4566 10.21233 1.21747 0.65450 1.58807 179 0 0 177 126 533 100.00000 0
3418 4568 11.61788 1.87514 0.76707 1.36773 125 0 2 123 73 365 100.00000 0
1902 4478 10.28896 0.01911 1.26643 0.81132 91 0 0 68 53 528 100.00000 0
1871 4463 10.08523 0.01647 0.55899 0.91172 116 3 2 113 80 418 100.00000 0
988 4239 10.56721 0.01697 0.12508 1.01259 135 7 16 133 87 468 100.00000 0
2008 3409 10.09309 2.90685 0.49304 2.65903 71 1 6 60 24 269 100.00000 0
991 4241 10.65182 0.01536 0.14180 0.95450 92 14 13 85 47 440 100.00000 0
1792 4388 11.09643 0.87569 0.50733 1.39325 46 1 2 44 29 192 100.00000 0
907 4197 11.84313 1.31813 0.30684 2.54330 133 14 13 131 107 387 100.00000 0
2018 4577 11.79739 1.46103 0.38053 4.85535 49 1 5 42 20 205 100.00000 0
1845 4423 10.03944 0.01190 0.40348 0.67027 80 0 3 68 47 366 100.00000 0
1833 4428 10.89598 0.00736 0.47419 0.16786 179 4 10 166 120 462 100.00000 0
915 4203 11.55690 0.62720 0.28161 2.89611 277 21 69 275 218 581 100.00000 0
1800 4406 10.64921 0.35751 0.25004 1.49043 75 1 2 70 41 402 100.00000 0
3359 4617 10.55261 3.08446 0.26181 2.44873 51 0 1 45 22 167 100.00000 0
3419 4582 10.61624 1.85010 0.43876 3.86250 146 0 2 146 98 350 100.00000 0
1032 4276 11.68811 0.54189 0.52407 1.21499 176 3 7 144 72 789 100.00000 0
1818 4400 11.67105 0.03280 0.40759 1.69281 122 4 11 118 58 451 100.00000 0
951 4209 10.20779 0.05337 0.87299 2.90461 198 1 28 192 103 521 100.00000 0
1050 4268 11.40344 1.48604 0.15141 0.95940 263 16 31 263 209 586 100.00000 0
3336 4614 11.18141 2.85533 0.25719 2.20797 72 6 6 64 33 274 100.00000 0
1964 4555 11.83696 0.02242 1.27455 1.24301 79 0 0 74 52 264 100.00000 0
989 4240 10.18471 0.01666 0.29258 1.00833 89 12 9 89 48 368 100.00000 0
933 4186 11.61900 1.06941 0.07329 3.86189 174 0 1 167 103 465 100.00000 0
3318 4631 11.65608 1.98073 0.69869 4.98169 14 1 0 12 8 32 100.00000 0
2015 4566 11.82640 1.35950 1.24642 2.87957 175 0 0 169 104 490 100.00000 0
