0.02116 0.03175 0.00105
0.01550 0.02571 0.00262
0.01440 0.02242 0.02234
0.01351 0.02093 0.00543
0.01306 0.01815 0.01182
0.01574 0.02874 0.02068
0.01317 0.01684 0.00192
0.01698 0.02782 0.00650
0.01530 0.02910 0.01475
0.01466 0.02503 0.01509
0.01402 0.02827 0.01060
0.01617 0.02460 0.01683
0.01338 0.02007 0.00630
0.01449 0.02639 0.01159
0.01404 0.02336 0.01133
0.01671 0.02779 0.01069
0.01302 0.02220 0.00213
0.01392 0.01863 0.00917
0.01408 0.02365 0.00483
0.01398 0.02053 0.00242
0.01578 0.02685 0.00635
0.01364 0.01991 0.00733
0.01560 0.02472 0.00247
0.01215 0.01761 0.01920
0.01368 0.01861 0.01531
0.01243 0.01827 0.01865
0.01340 0.02731 0.01897
0.01371 0.01808 0.00314
0.01408 0.02361 0.00951
0.01586 0.02277 0.01883
0.01450 0.01859 0.00201
0.01323 0.02085 0.01931
0.01361 0.02561 0.01191
0.01689 0.02970 0.00535
0.01425 0.02199 0.00331
0.01404 0.02627 0.01889
0.01348 0.02172 0.01072
0.01468 0.02306 0.00778
0.01558 0.02869 0.01137
0.01638 0.02212 0.00605
0.01455 0.02083 0.01694
0.00977 0.01264 0.00159
0.01359 0.02168 0.01059
0.01547 0.02254 0.01099
0.01369 0.02566 0.00139
0.01519 0.02409 0.00275
0.01463 0.01989 0.01092
0.01345 0.01743 0.00794
0.01020 0.01467 0.01893
0.01440 0.02413 0.01165
0.01435 0.02387 0.00270
0.01102 0.01492 0.01857
0.01514 0.02546 0.00407
0.01336 0.02424 0.03052
0.01385 0.02286 0.00734
0.01786 0.02132 0.00203
0.01342 0.01892 0.00131
0.01366 0.02071 0.01970
0.01462 0.02373 0.00566
0.01415 0.02398 0.02237
0.01016 0.01449 0.01863
0.01471 0.02267 0.00449
0.02044 0.01929 0.00726
0.01430 0.02666 0.00712
0.01039 0.01562 0.00826
0.01491 0.02202 0.00629
0.01461 0.02424 0.00729
0.02084 0.02177 0.01195
0.01967 0.02551 0.00096
0.01400 0.02103 0.01900
0.01463 0.02210 0.01913
0.01301 0.02486 0.01936
0.01487 0.02856 0.00714
0.02059 0.02454 0.00178
0.01548 0.02306 0.00192
0.01638 0.02492 0.00183
0.01345 0.02193 0.02396
0.01467 0.01799 0.00193
0.01484 0.02137 0.00926
0.01471 0.02579 0.01948
0.01434 0.02201 0.01646
0.01348 0.01986 0.02091
0.01450 0.02087 0.01614
0.01420 0.02194 0.01224
0.01582 0.02361 0.02208
0.01720 0.03418 0.02291
0.01520 0.02393 0.00755
0.01280 0.01913 0.00174
0.01018 0.01464 0.00854
0.02324 0.02556 0.00363
0.01499 0.02115 0.00224
0.01514 0.02473 0.00297
0.02943 0.02448 0.00250
0.01406 0.02406 0.01042
0.01761 0.03219 0.00482
0.01661 0.02512 0.00076
0.01855 0.02750 0.00561
0.01848 0.03469 0.00261
0.01460 0.01819 0.01326
0.01448 0.02061 0.00695
0.01401 0.02276 0.00138
0.01129 0.01689 0.02130
0.01406 0.02503 0.00107
0.01353 0.02260 0.00738
0.01513 0.02569 0.00257
0.01479 0.02459 0.00255
0.01313 0.02054 0.00134
0.01610 0.02585 0.01920
0.01328 0.02149 0.00778
0.01439 0.01962 0.00611
0.01350 0.02316 0.01995
0.01367 0.02270 0.00965
0.01985 0.02966 0.01675
0.01422 0.02196 0.00537
0.01333 0.02040 0.00349
0.01477 0.01811 0.01012
0.01497 0.01888 0.00955
0.01370 0.02417 0.00168
0.01305 0.02013 0.00926
0.01355 0.02050 0.00577
0.01342 0.01968 0.01237
0.01496 0.02282 0.00217
0.01523 0.02562 0.00171
0.01620 0.02123 0.01060
0.01285 0.02103 0.00209
0.01470 0.02458 0.00562
0.01453 0.02643 0.00244
0.01334 0.01645 0.00712
0.01400 0.02156 0.01843
0.01603 0.02607 0.00165
0.01372 0.02373 0.00159
0.02343 0.02170 0.00091
0.01599 0.02780 0.00142
0.01485 0.02830 0.00583
0.02503 0.02195 0.00250
0.01212 0.01929 0.01852
0.01422 0.02213 0.01511
0.01372 0.01991 0.00331
0.01411 0.02422 0.00188
0.02208 0.02425 0.01367
0.01413 0.01844 0.00723
0.01477 0.02641 0.00266
0.01316 0.01883 0.01221
0.01325 0.02801 0.00991
0.01567 0.02140 0.00687
0.01617 0.02047 0.00748
0.01355 0.02206 0.00553
0.01299 0.02067 0.01282
0.01306 0.01893 0.01098
0.01525 0.02593 0.00211
0.01455 0.02457 0.00957
0.01724 0.02704 0.00112
0.01484 0.02050 0.01623
0.01414 0.01911 0.00188
0.01680 0.02476 0.01309
0.01312 0.02074 0.00275
0.02524 0.02895 0.00710
0.01199 0.01814 0.00616
0.01453 0.02485 0.00762
0.02784 0.02158 0.00887
0.01533 0.02339 0.00511
0.01487 0.02233 0.01058
0.01935 0.02208 0.00121
0.01412 0.01904 0.00187
0.01388 0.02592 0.01135
0.01382 0.02523 0.01398
0.01377 0.02316 0.01858
0.01475 0.02525 0.00722
0.01425 0.02041 0.01728
0.01325 0.02385 0.00461
0.01523 0.02272 0.02055
0.01075 0.01614 0.00315
0.02345 0.02313 0.00152
0.01422 0.02087 0.00351
0.01037 0.01364 0.00125
0.01905 0.02275 0.00119
0.01584 0.01948 0.01726
0.01501 0.02542 0.01083
0.01211 0.01852 0.00200
0.01284 0.02035 0.02116
0.01848 0.02232 0.00160
0.01446 0.02346 0.01620
0.01352 0.02231 0.00632
0.01999 0.02062 0.00884
0.01384 0.02065 0.00182
0.01290 0.01943 0.00293
0.01678 0.02244 0.00611
0.01360 0.02309 0.01007
0.01488 0.02079 0.01118
0.01312 0.02295 0.01025
0.01399 0.02122 0.00411
0.01395 0.01912 0.01948
0.01468 0.03037 0.01190
0.01586 0.02901 0.01304
0.01501 0.02666 0.01162
0.01297 0.01938 0.01450
0.01225 0.01941 0.01016
0.01508 0.02338 0.00267
0.01859 0.02381 0.00977
0.01307 0.02113 0.00775
