578 5020 11.43621 3.12303 0.89934 1.04080 45 0 0 38 23 360 100.00000 0
136 5376 11.92129 3.12279 0.60782 0.70721 64 2 0 61 41 271 100.00000 0
788 3842 10.74027 3.10179 1.15910 2.77573 54 0 0 51 27 678 100.00000 0
3639 4606 10.30963 0.03521 0.24785 1.05053 130 3 9 119 100 594 100.00000 0
644 4962 10.71149 3.05329 0.83243 1.91928 55 0 0 51 29 433 100.00000 0
243 1953 11.63800 0.24712 0.63606 0.55391 98 2 1 92 86 534 100.00000 0
3712 4655 11.93130 0.31879 0.20785 0.69830 8 0 0 4 6 268 100.00000 0
2004 5259 11.67707 2.98746 1.65528 4.90345 15 0 0 0 3 312 100.00000 0
2145 5124 10.08740 2.92687 1.02522 1.02603 69 0 0 69 33 395 100.00000 0
1550 3198 11.41989 0.02848 0.65637 0.64710 66 0 4 66 53 505 100.00000 0
2533 4712 11.80353 3.12994 1.33475 2.16284 24 0 0 24 15 476 100.00000 0
833 2494 10.30965 0.05381 0.42012 0.25488 74 1 5 74 49 541 100.00000 0
1007 2700 10.46347 0.00817 0.64139 0.46981 74 1 2 72 49 553 100.00000 0
615 4004 10.56244 3.14075 1.44808 1.49829 46 0 0 46 26 574 100.00000 0
1661 3312 11.31256 0.10250 0.38678 1.08534 77 2 2 73 49 875 100.00000 0
403 2100 11.47804 0.09983 0.35632 0.29342 49 2 13 49 32 536 100.00000 0
1534 3208 11.67620 0.03358 0.26751 0.39366 85 4 7 81 54 587 100.00000 0
589 2288 10.95919 0.02587 0.15133 0.67086 32 3 3 24 16 450 100.00000 0
550 5029 10.41016 3.09732 1.15710 2.26676 33 0 0 31 19 219 100.00000 0
842 3783 11.93545 3.09398 1.61285 1.26887 33 0 0 33 20 493 100.00000 0
2390 4890 11.60265 3.13811 0.96948 2.46085 26 0 1 24 9 344 100.00000 0
743 4861 10.88555 3.13681 0.73308 2.25099 31 0 2 22 6 555 100.00000 0
3813 4777 10.23002 0.03804 0.34685 0.31652 58 4 0 54 34 601 100.00000 0
654 4922 10.28362 2.40536 1.02116 2.01208 176 0 0 151 119 851 100.00000 0
582 2262 11.35520 0.02476 0.39751 0.69267 48 1 1 44 33 529 100.00000 0
446 5121 10.31008 2.89163 1.02238 0.62620 51 0 0 49 28 339 100.00000 0
2044 5244 10.66355 3.06308 0.68819 1.47830 48 0 0 38 22 605 100.00000 0
1946 5329 11.74434 2.73203 0.75648 1.24490 141 0 0 136 105 390 100.00000 0
976 2666 10.07307 0.03653 0.41897 1.04829 29 1 5 18 17 420 100.00000 0
2489 4763 11.74640 3.07237 0.85975 1.96682 22 0 0 18 9 352 100.00000 0
2104 5181 10.10429 3.05098 0.32931 1.12952 35 0 3 25 22 395 100.00000 0
895 3724 11.70746 3.12927 1.17134 2.71267 21 0 0 18 8 330 100.00000 0
438 2153 11.04805 0.07786 0.52113 0.65909 88 2 3 82 66 482 100.00000 0
1000 2693 10.87926 0.02734 0.66142 1.08137 41 1 0 41 30 460 100.00000 0
560 2244 10.34940 0.03513 0.28125 0.70665 45 2 2 45 30 256 100.00000 0
675 3936 10.04436 2.55379 1.21389 1.26176 92 0 0 90 66 411 100.00000 0
709 2368 10.67656 0.21330 0.46845 0.59347 27 0 0 27 15 388 100.00000 0
2515 4752 11.43473 3.11735 1.05162 2.54037 14 0 0 9 7 371 100.00000 0
3708 4652 11.12419 0.34071 0.46609 1.66929 36 2 9 31 25 285 100.00000 0
356 2078 11.90709 0.05991 0.53265 0.56510 73 2 0 69 54 573 100.00000 0
569 5026 10.00868 3.08333 1.28501 1.51698 72 0 0 68 40 336 100.00000 0
674 2373 11.86279 0.45703 1.48035 4.65926 28 1 1 24 18 271 100.00000 0
678 3930 11.71887 2.60869 1.23420 1.38197 33 0 0 31 21 366 100.00000 0
2382 3936 10.91116 3.11171 0.97303 2.08638 33 0 1 31 13 366 100.00000 0
925 2581 11.68842 0.04156 0.42831 1.66883 21 2 2 17 6 256 100.00000 0
1947 5320 11.05873 2.74457 1.17169 1.74226 80 0 0 77 67 343 100.00000 0
610 4970 11.35571 3.12428 1.65227 3.89360 32 1 2 25 18 473 100.00000 0
2340 3950 11.63911 2.28591 0.71657 1.42491 129 0 0 123 97 646 100.00000 0
4168 5099 11.64545 0.61028 0.53766 1.73144 15 0 0 13 10 231 100.00000 0
4058 5007 10.84930 0.01445 0.34956 0.45111 110 5 7 101 73 849 100.00000 0
2174 5107 10.02640 3.08997 1.33128 1.88762 31 0 0 28 21 293 100.00000 0
544 4094 10.20710 3.12869 1.34515 3.47694 30 0 0 25 15 304 100.00000 0
437 5144 11.77698 3.00304 0.49630 1.73303 42 0 1 38 27 415 100.00000 0
2493 4778 11.12138 3.11368 0.99775 1.92844 40 0 0 32 20 517 100.00000 0
2427 3891 11.61145 3.12966 0.73203 2.02565 75 0 0 67 41 631 100.00000 0
2355 3931 11.53232 2.54781 1.13002 1.10995 52 0 0 52 37 457 100.00000 0
650 3998 11.78803 2.91330 0.94667 1.53697 25 0 0 25 15 270 100.00000 0
1680 3388 11.48121 0.97328 0.78413 1.63710 66 1 3 64 51 358 100.00000 0
841 3785 11.07551 3.09259 1.37985 1.22876 49 0 0 43 29 457 100.00000 0
2172 5113 11.52031 3.11062 1.24458 0.81805 75 0 0 70 54 314 100.00000 0
2250 4062 11.78848 3.13045 1.77408 1.52495 14 0 0 12 6 258 100.00000 0
2526 3783 10.31615 3.13565 0.63261 1.93026 67 0 0 58 47 458 100.00000 0
778 2458 10.79463 0.02716 0.53697 0.58417 63 0 7 61 50 710 100.00000 0
3596 4535 10.11508 0.09803 0.14581 1.08679 61 12 10 61 48 430 100.00000 0
429 5150 10.65522 3.00195 0.85118 1.31997 33 0 0 31 24 353 100.00000 0
2182 5092 11.76291 3.12019 1.18846 2.21911 22 0 0 16 9 183 100.00000 0
2076 5190 11.97962 3.03250 1.47445 1.11838 24 0 0 21 17 309 100.00000 0
4171 5108 11.75264 0.77976 0.35702 1.60059 30 0 2 30 17 278 100.00000 0
2416 3900 10.24818 3.13990 1.43353 1.89196 47 0 0 34 16 553 100.00000 0
3596 4561 10.82686 0.02832 0.58940 1.60888 49 1 2 49 29 332 100.00000 0
663 4948 11.21786 2.65241 0.17373 3.39684 53 8 6 49 30 304 100.00000 0
196 5351 11.16528 3.07223 0.79770 1.64116 42 0 1 30 26 254 100.00000 0
1638 3280 11.84708 0.02932 0.63408 0.24389 51 0 5 51 42 326 100.00000 0
2234 4100 10.59321 3.11914 1.24962 3.73035 49 0 0 47 18 253 100.00000 0
3714 4658 11.05753 0.25151 0.31376 2.41848 9 1 0 9 4 221 100.00000 0
1453 3101 10.51488 0.01896 0.28301 0.60133 27 2 0 23 20 411 100.00000 0
613 4006 10.80174 3.13620 1.60581 1.41555 67 0 0 61 33 593 100.00000 0
459 2172 10.93767 0.20373 0.53203 0.52934 53 1 1 48 39 381 100.00000 0
674 3972 10.94729 2.84530 0.55958 1.72465 24 1 0 24 21 186 100.00000 0
587 2287 11.72779 0.02617 0.51228 0.40926 36 1 1 27 21 464 100.00000 0
206 1926 11.39087 0.56721 0.76759 1.03967 75 1 3 70 42 424 100.00000 0
3876 4847 11.90419 0.00792 0.77188 0.55036 108 1 3 98 80 866 100.00000 0
940 4629 11.60252 2.19801 0.57726 1.32471 49 1 2 45 31 312 100.00000 0
531 2236 10.44393 0.01136 0.35331 0.56093 40 4 2 40 25 316 100.00000 0
2332 4928 10.44883 2.51728 0.80737 2.11118 138 0 0 134 79 772 100.00000 0
617 2316 10.64289 0.00780 0.70214 0.44850 55 0 1 53 41 857 100.00000 0
4128 5070 11.75155 0.05453 0.21434 1.02641 22 2 2 16 12 262 100.00000 0
4115 5059 11.25828 0.00781 0.52817 0.52934 15 2 0 13 12 267 100.00000 0
2490 3826 10.80704 3.12297 0.87551 1.87325 56 0 0 50 28 491 100.00000 0
687 2341 11.94929 0.71080 0.31453 1.28481 29 0 2 27 22 300 100.00000 0
2070 5218 10.22833 3.08474 0.67455 1.32353 84 1 1 78 42 547 100.00000 0
942 4632 11.85576 2.23617 0.47830 0.86998 36 0 4 34 18 340 100.00000 0
461 4174 11.06802 2.00171 0.93935 1.06606 26 0 3 16 14 315 100.00000 0
4071 5039 11.58759 0.05218 0.65973 0.71162 23 0 2 18 16 233 100.00000 0
697 4909 11.46042 3.11627 0.43476 1.74720 25 0 0 21 13 322 100.00000 0
592 4028 10.66870 3.12096 1.84234 2.00993 109 0 0 104 57 741 100.00000 0
1553 3201 11.06317 0.02811 0.65050 0.50358 74 0 2 74 51 643 100.00000 0
4153 5107 11.61201 0.35407 0.35563 0.55883 27 2 1 25 20 203 100.00000 0
566 5013 10.95632 3.09711 1.47597 1.19975 51 0 0 51 25 385 100.00000 0
677 2374 11.17772 0.39846 0.48704 0.57946 25 0 4 25 17 343 100.00000 0
2430 4847 10.06805 3.12970 0.58293 1.73664 156 2 2 153 89 1033 100.00000 0
1021 2697 10.74601 0.00637 0.49186 0.62620 63 2 0 63 46 454 100.00000 0
762 4843 10.68134 3.12868 0.57316 1.84547 136 0 3 127 80 1124 100.00000 0
697 3948 11.22365 3.10169 0.33262 2.35135 33 0 0 33 19 363 100.00000 0
347 2069 10.25467 0.05346 0.46418 0.74494 113 2 6 93 61 801 100.00000 0
639 2343 11.23128 0.59822 0.52963 1.10003 55 1 6 43 30 431 100.00000 0
2577 3702 11.56777 2.89834 0.63577 2.64575 16 1 0 12 10 183 100.00000 0
757 2420 10.30308 0.00808 0.46172 0.38461 150 4 11 144 104 1069 100.00000 0
761 4824 11.60918 3.12781 1.26081 2.91739 77 0 0 68 19 754 100.00000 0
310 2037 11.00547 0.08125 0.33079 0.56924 69 6 16 62 43 948 100.00000 0
1431 3074 11.13807 0.30732 0.80477 1.11276 23 0 0 11 9 333 100.00000 0
905 4667 10.86729 3.05894 0.89562 2.77897 20 0 0 13 9 307 100.00000 0
137 5378 11.90650 3.09767 0.76842 1.09575 31 0 1 24 21 233 100.00000 0
4047 4996 11.62425 0.02259 0.30949 1.34930 79 2 4 75 42 439 100.00000 0
2135 5132 10.26642 3.00705 1.25647 0.78034 64 0 0 58 34 333 100.00000 0
2277 4031 11.83600 3.13328 1.54685 1.92702 68 0 0 62 33 574 100.00000 0
468 4159 11.03084 2.53441 1.15246 1.54763 39 0 0 27 18 355 100.00000 0
1480 3131 11.43637 0.03320 0.33957 0.24389 99 5 11 97 73 1439 100.00000 0
2214 4103 10.80985 3.08739 1.63905 3.40743 27 0 0 27 10 264 100.00000 0
4160 5108 10.66491 0.48043 0.38909 1.16768 45 15 3 42 39 293 100.00000 0
3718 4684 10.02011 0.03842 0.47247 0.98596 23 1 3 21 17 394 100.00000 0
634 4945 11.14350 2.87061 1.13007 2.61449 76 0 0 69 42 476 100.00000 0
788 4816 10.05842 3.11728 0.82432 2.58104 65 0 0 62 34 603 100.00000 0
486 5098 10.34994 3.03570 0.70550 2.21576 48 0 2 46 21 245 100.00000 0
2177 5097 11.62230 3.06622 1.47076 2.38901 21 0 0 16 7 242 100.00000 0
494 4157 11.60848 2.97025 0.74864 1.88429 12 0 0 12 8 166 100.00000 0
2357 4893 10.46996 2.60736 1.09087 1.07920 53 0 0 53 38 426 100.00000 0
1613 3255 11.98887 0.02737 0.68217 0.68643 60 1 4 60 38 531 100.00000 0
734 3888 11.81277 3.12974 1.36489 1.50870 50 0 0 50 11 664 100.00000 0
257 5284 11.46593 2.95364 1.26623 0.53668 35 0 0 33 16 367 100.00000 0
692 2349 10.51250 0.52118 0.31782 1.21981 28 0 1 28 19 295 100.00000 0
2563 3720 11.41264 3.13139 1.16184 1.94742 38 0 0 31 17 390 100.00000 0
824 3804 11.44454 3.07048 1.14235 2.25516 48 0 0 43 32 500 100.00000 0
2182 4176 10.18623 2.29928 1.09715 2.00623 22 1 1 20 16 191 100.00000 0
3705 4674 11.76040 0.23167 0.68827 1.70180 18 0 0 15 10 254 100.00000 0
2195 4152 11.36919 3.03954 0.42655 1.66883 11 0 2 11 5 139 100.00000 0
940 4638 10.44231 2.35295 0.46308 1.55015 39 0 0 30 19 336 100.00000 0
634 3981 11.78940 2.81591 1.40587 2.53327 67 0 0 64 32 505 100.00000 0
1457 3136 11.46753 0.06903 0.51831 0.97879 76 3 7 65 47 779 100.00000 0
2541 3748 10.85111 3.07535 1.32011 1.01722 51 0 0 46 27 582 100.00000 0
906 4666 10.64531 3.03913 0.98651 3.11395 14 0 0 14 9 270 100.00000 0
1626 3269 10.47484 0.02782 0.60946 0.52489 53 2 1 49 35 489 100.00000 0
2422 4856 10.96830 3.13239 0.61918 1.63901 47 1 0 40 17 561 100.00000 0
153 5375 11.47355 2.95406 0.46404 1.29905 27 1 2 25 17 267 100.00000 0
670 2369 11.19629 0.49906 0.41863 1.26362 45 0 2 45 32 299 100.00000 0
3733 4679 10.39465 0.03934 0.24412 0.50046 22 1 3 19 12 485 100.00000 0
1396 3081 11.00135 0.55455 0.49525 0.49732 85 0 2 78 56 537 100.00000 0
3958 4939 10.66157 0.69696 0.65322 0.48779 77 0 0 73 52 437 100.00000 0
2529 3762 10.92583 3.09764 1.50020 2.20886 79 0 0 73 58 488 100.00000 0
796 4809 11.59035 3.10642 0.82709 2.00506 33 0 0 28 17 622 100.00000 0
461 4184 11.81846 1.68117 0.53444 2.03759 43 0 3 37 22 349 100.00000 0
541 2226 11.49723 0.02005 0.28696 0.77430 32 0 1 32 24 284 100.00000 0
802 4802 10.86504 3.10626 0.47474 1.30476 72 3 2 61 37 740 100.00000 0
700 3945 11.49248 3.11606 0.33997 1.94441 40 1 3 40 22 390 100.00000 0
3652 4597 10.41791 0.03204 0.69798 1.69443 46 3 5 44 21 439 100.00000 0
1295 2970 11.17072 0.01139 0.34224 0.71217 53 4 4 46 36 469 100.00000 0
179 5351 10.79003 3.06699 0.75267 1.70318 77 0 0 69 46 499 100.00000 0
1054 2731 11.99553 0.00913 0.52052 0.58684 106 1 9 97 72 589 100.00000 0
3658 4603 10.67150 0.02717 0.40694 0.80939 58 2 5 58 42 427 100.00000 0
400 2118 10.44191 0.16050 0.55252 0.25793 79 1 5 72 51 515 100.00000 0
2347 4944 11.84810 2.67898 0.16529 2.29780 21 3 2 16 15 256 100.00000 0
2308 4957 11.53459 3.08270 0.79835 2.11118 83 0 2 76 39 694 100.00000 0
1053 2731 10.83645 0.01043 0.31878 0.87804 104 6 10 100 66 662 100.00000 0
887 3752 10.21932 3.08382 0.51502 1.81790 41 1 0 37 14 402 100.00000 0
1477 3128 11.03882 0.01932 0.64795 0.41117 125 0 0 121 101 1333 100.00000 0
3677 4623 10.12217 0.15192 0.34289 0.84673 52 1 9 50 41 371 100.00000 0
314 2018 10.77043 0.08374 0.30825 0.47230 91 8 11 88 56 1141 100.00000 0
817 4786 11.00763 3.09832 0.55250 1.42051 40 0 1 32 24 525 100.00000 0
1949 5317 10.78087 2.75912 1.25177 1.81962 117 0 0 109 66 396 100.00000 0
1389 3031 11.51288 0.55584 0.29318 1.11347 66 2 8 60 35 714 100.00000 0
5426 5536 10.62562 0.00675 0.45916 0.55036 58 5 7 45 35 981 100.00000 0
723 3920 11.65564 3.13268 0.98043 2.20389 52 0 0 34 22 496 100.00000 0
1285 2934 11.92193 0.01450 0.56929 0.57675 117 0 1 117 98 627 100.00000 0
600 2277 11.91047 0.01061 0.81929 0.50124 44 2 6 42 25 474 100.00000 0
618 2292 11.68035 0.01462 0.24786 1.15216 60 0 9 50 33 880 100.00000 0
224 1937 11.76984 0.37191 0.48342 0.17246 94 4 11 89 70 428 100.00000 0
270 5294 10.66483 3.11474 0.90347 0.76719 51 0 1 46 33 384 100.00000 0
944 3672 11.28042 2.26879 0.35604 1.34959 64 5 3 56 36 371 100.00000 0
656 4955 11.70043 2.78651 0.67014 2.47939 55 0 2 51 21 377 100.00000 0
667 4904 11.18733 2.38016 1.12455 1.35162 58 0 0 51 42 334 100.00000 0
2438 3861 11.49946 3.13012 1.34931 2.82992 53 0 0 49 31 749 100.00000 0
2043 5246 11.85717 3.05463 0.60124 1.49515 29 1 0 20 18 607 100.00000 0
409 2105 11.49739 0.10281 0.64053 0.36691 40 0 1 38 24 423 100.00000 0
684 2338 11.82251 0.76163 0.26173 0.86592 49 2 10 49 39 288 100.00000 0
1439 3119 11.31318 0.05056 0.39125 0.51813 42 3 4 40 28 510 100.00000 0
539 4100 11.09622 3.12502 1.66653 3.81228 31 0 0 31 15 265 100.00000 0
2353 4932 10.61107 2.91770 0.32690 1.27534 19 2 1 16 12 209 100.00000 0
677 3969 11.13485 2.89401 0.05894 2.20389 38 3 5 38 31 220 100.00000 0
3651 4621 11.06482 0.03315 0.66587 1.83952 55 0 0 53 28 511 100.00000 0
590 4992 10.14524 3.12284 1.15715 2.39147 86 0 1 80 49 574 100.00000 0
