762 1434 11.03832 3.13913 10.88560 179.86878 47 0 0 44 26 556 100.00000 0
2468 3875 11.52321 1.70104 9.25465 97.46268 20 2 1 16 15 443 100.00000 0
767 1452 10.61291 3.09450 10.30171 3.22622 34 0 0 29 15 714 100.00000 0
2125 2179 11.99988 1.36474 16.81735 87.60807 15 0 0 15 8 302 100.00000 0
731 1464 11.20526 3.02467 5.24226 173.30121 21 0 0 14 14 488 100.00000 0
128 1755 10.99779 3.11420 16.11164 178.43177 43 0 0 7 13 863 100.00000 0
766 1454 11.72160 3.10575 7.84728 4.50919 28 0 0 19 13 679 100.00000 0
250 1639 10.59495 3.01054 12.26066 172.49125 42 1 2 22 21 638 100.00000 0
134 1768 11.65296 3.13946 12.85117 5.29284 32 0 0 19 25 742 100.00000 0
736 1459 11.98873 3.13613 11.39631 4.95701 30 0 0 27 17 644 100.00000 0
742 1483 11.93997 3.14075 14.00574 179.97202 33 0 0 33 25 606 100.00000 0
751 1468 11.00600 3.07857 9.68299 176.39011 36 0 1 34 26 705 100.00000 0
2129 2183 11.53087 1.48958 12.32684 85.34682 14 0 0 6 4 283 100.00000 0
730 1464 11.94796 2.99989 6.18145 171.88100 42 0 0 39 34 580 100.00000 0
746 1450 11.57539 3.10554 9.22883 177.93531 66 2 3 61 48 874 100.00000 0
243 1606 11.45543 1.99002 2.20740 114.01996 14 0 0 1 1 297 100.00000 0
