578 5020 11.43621 3.12303 5.61293 178.93578 6 0 0 3 3
136 5376 11.92129 3.12279 11.76004 149.27687 6 0 0 4 3
92 159 10.90026 0.22630 11.45026 3.45128 13 0 0 10 5
788 3842 10.74027 3.10179 1.54339 2.70949 12 0 1 6 4
3639 4606 10.30963 0.03521 0.28564 1.26579 17 10 3 13 9
644 4962 10.71149 3.05329 1.98137 3.27883 12 0 0 4 5
243 1953 11.63800 0.24712 0.58788 0.50435 24 5 4 18 12
3712 4655 11.93130 0.31879 0.79289 2.43847 6 2 0 2 3
2004 5259 11.67707 2.98746 0.80438 1.08570 13 4 1 7 4
2145 5124 10.08740 2.92687 6.38363 8.70112 6 0 0 4 2
1550 3198 11.41989 0.02848 1.18275 2.18158 11 0 2 1 0
2533 4712 11.80353 3.12994 1.53480 2.17331 15 0 0 11 4
833 2494 10.30965 0.05381 0.27329 0.81181 17 5 5 15 7
1007 2700 10.46347 0.00817 0.54757 0.62558 21 7 5 19 12
615 4004 10.56244 3.14075 7.89151 3.35322 12 0 0 2 2
1661 3312 11.31256 0.10250 0.72347 1.09682 25 4 5 19 10
403 2100 11.47804 0.09983 11.63321 1.74742 15 0 0 7 4
1534 3208 11.67620 0.03358 0.60555 0.35827 20 4 4 18 8
589 2288 10.95919 0.02587 0.09762 0.57471 15 9 4 13 10
550 5029 10.41016 3.09732 14.20409 177.46302 4 0 0 0 0
842 3783 11.93545 3.09398 15.88347 177.27164 7 1 0 4 3
2390 4890 11.60265 3.13811 0.57067 2.26848 8 1 0 5 5
743 4861 10.88555 3.13681 0.98417 179.74977 9 0 0 6 4
2261 4049 11.76058 3.13964 5.47718 179.89721 5 0 0 3 3
3813 4777 10.23002 0.03804 0.76336 0.41871 18 1 1 12 9
654 4922 10.28362 2.40536 1.34088 1.99802 17 0 0 10 7
582 2262 11.35520 0.02476 8.74705 0.95777 12 0 0 10 9
446 5121 10.31008 2.89163 1.65753 1.92884 10 0 0 7 4
2044 5244 10.66355 3.06308 6.99305 7.32585 10 0 0 2 3
1946 5329 11.74434 2.73203 2.57303 2.67284 7 0 0 7 5
976 2666 10.07307 0.03653 14.27125 12.94760 8 0 0 2 1
2489 4763 11.74640 3.07237 5.74081 20.18449 9 0 2 3 5
2104 5181 10.10429 3.05098 6.61258 1.33530 10 0 0 5 4
895 3724 11.70746 3.12927 12.37590 179.29557 5 0 0 5 2
438 2153 11.04805 0.07786 1.60613 6.20643 10 1 0 0 2
1000 2693 10.87926 0.02734 0.54152 1.71098 8 3 0 3 4
2282 4025 11.86480 3.13588 2.54024 1.75858 7 0 0 3 1
560 2244 10.34940 0.03513 1.38152 0.69661 6 0 0 1 0
675 3936 10.04436 2.55379 0.83828 1.91928 8 1 0 8 4
709 2368 10.67656 0.21330 5.46954 9.33934 7 0 0 4 3
2515 4752 11.43473 3.11735 0.54886 2.85389 8 2 0 4 2
3708 4652 11.12419 0.34071 0.70574 2.58467 4 2 0 2 2
356 2078 11.90709 0.05991 12.43427 3.43388 14 0 0 10 6
569 5026 10.00868 3.08333 13.51488 90.37184 5 0 0 0 2
674 2373 11.86279 0.45703 4.74338 6.37892 7 0 0 5 2
678 3930 11.71887 2.60869 0.98942 2.22774 20 1 0 17 15
2382 3936 10.91116 3.11171 1.60669 3.35672 8 0 3 6 3
925 2581 11.68842 0.04156 0.21773 1.66154 9 2 1 2 3
2572 4686 10.71264 3.08337 9.55541 171.43108 5 0 0 3 2
97 5378 11.99398 3.12519 6.27429 9.03183 6 0 0 4 3
1947 5320 11.05873 2.74457 1.62110 2.37009 20 0 3 16 6
610 4970 11.35571 3.12428 1.42314 2.12596 13 2 2 8 2
2340 3950 11.63911 2.28591 0.60475 1.89878 14 3 0 10 9
4168 5099 11.64545 0.61028 1.10206 1.72238 5 0 1 2 3
4058 5007 10.84930 0.01445 0.17766 1.31462 9 6 0 9 6
2174 5107 10.02640 3.08997 1.04178 1.69165 6 0 1 3 5
544 4094 10.20710 3.12869 1.39162 3.90164 9 0 0 6 5
437 5144 11.77698 3.00304 14.48492 2.52259 7 0 0 3 3
2493 4778 11.12138 3.11368 1.19069 1.79798 13 0 0 9 3
2427 3891 11.61145 3.12966 1.34669 2.89042 14 2 0 8 5
2355 3931 11.53232 2.54781 2.10022 5.98445 11 0 0 3 2
650 3998 11.78803 2.91330 13.91057 166.91964 11 0 2 4 1
1680 3388 11.48121 0.97328 1.13025 2.14448 16 0 4 16 4
841 3785 11.07551 3.09259 1.17948 5.41139 9 1 0 5 1
2172 5113 11.52031 3.11062 32.66713 178.22811 3 0 0 0 0
2250 4062 11.78848 3.13045 13.35098 107.63549 5 0 0 1 3
2526 3783 10.31615 3.13565 7.66576 179.66428 6 0 0 1 2
778 2458 10.79463 0.02716 9.57618 0.82044 12 0 0 3 1
3596 4535 10.11508 0.09803 0.84849 1.88969 11 7 1 4 4
429 5150 10.65522 3.00195 4.29528 21.53150 8 0 0 5 5
2182 5092 11.76291 3.12019 20.39822 178.77539 5 0 0 0 1
2076 5190 11.97962 3.03250 8.93709 173.74919 13 1 0 9 6
4171 5108 11.75264 0.77976 1.14807 2.76045 9 1 0 6 5
2416 3900 10.24818 3.13990 2.66887 2.14083 8 0 0 0 4
3596 4561 10.82686 0.02832 0.63161 1.60815 8 3 1 8 5
663 4948 11.21786 2.65241 0.50865 5.12736 9 3 0 4 4
196 5351 11.16528 3.07223 0.76511 1.93128 17 4 0 4 3
1638 3280 11.84708 0.02932 0.84689 0.89263 12 2 4 3 6
2234 4100 10.59321 3.11914 16.11907 178.71199 4 0 0 2 2
3714 4658 11.05753 0.25151 6.50031 14.41014 7 0 0 5 4
1453 3101 10.51488 0.01896 7.97348 0.20174 9 0 0 3 2
613 4006 10.80174 3.13620 14.40649 179.68973 9 1 0 3 2
459 2172 10.93767 0.20373 0.56886 1.65327 10 1 0 6 5
674 3972 10.94729 2.84530 9.20050 163.02356 7 1 0 7 5
587 2287 11.72779 0.02617 0.69213 0.37325 12 0 6 2 4
206 1926 11.39087 0.56721 0.41705 1.40834 12 2 2 9 5
3876 4847 11.90419 0.00792 0.43789 0.46646 25 8 11 20 11
940 4629 11.60252 2.19801 17.77147 132.52814 5 0 0 5 2
531 2236 10.44393 0.01136 13.61965 29.05321 5 0 0 1 2
2332 4928 10.44883 2.51728 0.70370 2.48207 18 3 2 13 5
617 2316 10.64289 0.00780 0.50391 0.86728 13 4 2 4 2
4128 5070 11.75155 0.05453 0.56839 3.36104 7 0 0 1 3
4115 5059 11.25828 0.00781 0.37930 0.85638 7 3 1 5 4
2490 3826 10.80704 3.12297 1.50955 2.07490 13 0 0 5 5
687 2341 11.94929 0.71080 9.06410 40.72559 9 0 1 4 2
2070 5218 10.22833 3.08474 1.23650 1.40081 15 1 5 13 5
942 4632 11.85576 2.23617 10.49831 157.94689 5 0 0 1 3
461 4174 11.06802 2.00171 1.18271 2.18427 9 0 1 6 5
4071 5039 11.58759 0.05218 15.32493 18.46038 4 0 0 0 1
697 4909 11.46042 3.11627 16.06609 126.46840 8 1 0 1 2
592 4028 10.66870 3.12096 1.82834 1.91070 14 0 0 14 7
1553 3201 11.06317 0.02811 0.35786 0.82992 11 4 5 11 5
4153 5107 11.61201 0.35407 1.36109 0.93041 5 1 1 5 2
566 5013 10.95632 3.09711 6.93792 1.15826 7 0 0 5 4
677 2374 11.17772 0.39846 1.28993 2.63582 9 3 3 7 2
2430 4847 10.06805 3.12970 0.96562 1.73911 28 4 3 16 7
1021 2697 10.74601 0.00637 0.57227 0.71052 10 3 2 2 3
762 4843 10.68134 3.12868 1.42774 1.91520 39 9 8 34 12
697 3948 11.22365 3.10169 18.29474 177.71450 7 0 2 2 3
347 2069 10.25467 0.05346 0.32204 0.63674 22 14 6 19 12
639 2343 11.23128 0.59822 1.09505 1.29935 9 1 3 9 3
2577 3702 11.56777 2.89834 3.29350 166.06291 6 0 0 1 1
757 2420 10.30308 0.00808 0.51108 0.36477 37 11 17 35 15
761 4824 11.60918 3.12781 1.05006 2.90811 19 0 6 13 4
310 2037 11.00547 0.08125 0.93515 1.16096 15 2 7 9 4
1431 3074 11.13807 0.30732 1.17803 1.04755 11 4 1 9 3
905 4667 10.86729 3.05894 1.02974 3.55765 6 0 0 4 1
137 5378 11.90650 3.09767 1.09280 1.08679 6 1 0 3 0
4047 4996 11.62425 0.02259 0.70770 1.60937 11 4 2 8 5
2135 5132 10.26642 3.00705 1.51461 2.82508 8 0 0 2 0
2277 4031 11.83600 3.13328 1.55245 1.98209 6 0 0 4 4
468 4159 11.03084 2.53441 1.36633 1.05721 8 0 0 5 4
1480 3131 11.43637 0.03320 0.46029 0.73754 21 10 5 15 9
2214 4103 10.80985 3.08739 1.39920 3.48504 11 0 0 7 5
4160 5108 10.66491 0.48043 0.37684 1.56548 5 1 1 1 2
3718 4684 10.02011 0.03842 25.03172 2.20176 8 3 2 1 1
634 4945 11.14350 2.87061 2.75098 5.93346 13 1 0 2 4
788 4816 10.05842 3.11728 11.18544 178.60759 13 0 0 5 4
8 159 10.90026 0.22630 6.42953 1.07920 7 0 0 1 2
486 5098 10.34994 3.03570 11.93894 173.93298 4 0 0 0 2
2177 5097 11.62230 3.06622 1.36662 2.04296 12 0 0 4 4
494 4157 11.60848 2.97025 0.94167 1.69950 5 1 1 3 2
2357 4893 10.46996 2.60736 1.43389 0.95244 10 0 0 10 4
1613 3255 11.98887 0.02737 0.65849 1.18762 7 2 1 2 2
734 3888 11.81277 3.12974 3.70325 15.72231 16 0 0 6 6
257 5284 11.46593 2.95364 1.22120 0.69097 15 2 0 5 5
692 2349 10.51250 0.52118 1.05608 1.22589 6 1 0 3 2
2563 3720 11.41264 3.13139 10.25310 179.41617 5 0 0 1 1
824 3804 11.44454 3.07048 1.28752 2.25915 18 0 1 15 7
2182 4176 10.18623 2.29928 1.03414 2.31917 7 0 1 5 2
3705 4674 11.76040 0.23167 4.53932 55.32326 5 0 0 0 1
2195 4152 11.36919 3.03954 18.44389 174.15373 4 0 0 1 2
940 4638 10.44231 2.35295 3.44721 7.18119 7 1 1 7 2
634 3981 11.78940 2.81591 0.45317 4.74648 14 1 2 12 6
1 161 11.92404 0.22584 14.45810 5.83298 8 0 0 4 5
1457 3136 11.46753 0.06903 1.17538 1.18134 13 2 5 6 7
2541 3748 10.85111 3.07535 6.14777 8.03715 6 0 0 4 2
906 4666 10.64531 3.03913 5.29682 142.73558 5 0 0 0 0
1626 3269 10.47484 0.02782 0.86836 0.46730 11 1 6 8 5
2422 4856 10.96830 3.13239 2.23483 179.46734 11 0 0 2 2
153 5375 11.47355 2.95406 0.60527 2.39261 5 2 0 3 2
670 2369 11.19629 0.49906 10.61681 28.59411 8 0 0 2 3
3733 4679 10.39465 0.03934 0.21988 0.49732 12 8 1 10 7
1396 3081 11.00135 0.55455 0.57341 1.02793 15 4 4 8 9
3958 4939 10.66157 0.69696 0.64511 0.47478 13 2 2 13 8
2529 3762 10.92583 3.09764 1.53083 2.22352 7 0 0 5 4
796 4809 11.59035 3.10642 0.93356 2.02681 16 4 1 10 4
461 4184 11.81846 1.68117 1.22836 1.43422 6 0 2 6 3
541 2226 11.49723 0.02005 6.52470 11.84889 8 0 0 4 4
802 4802 10.86504 3.10626 8.35432 14.13708 12 4 2 3 2
700 3945 11.49248 3.11606 10.45670 178.53981 9 1 0 5 3
3652 4597 10.41791 0.03204 0.77505 1.69304 16 7 5 13 8
1295 2970 11.17072 0.01139 1.90218 0.81805 9 2 0 3 2
179 5351 10.79003 3.06699 0.43968 1.83462 15 0 0 9 3
1054 2731 11.99553 0.00913 12.86180 0.52860 9 1 1 1 2
3658 4603 10.67150 0.02717 0.48512 1.02793 16 9 4 16 10
400 2118 10.44191 0.16050 0.21394 1.32116 14 10 1 12 9
2347 4944 11.84810 2.67898 5.11732 12.50342 5 0 0 0 2
2308 4957 11.53459 3.08270 2.20636 4.08370 12 0 2 4 1
1053 2731 10.83645 0.01043 0.31011 0.73648 14 6 4 12 5
887 3752 10.21932 3.08382 12.43441 1.81488 7 0 0 4 3
1477 3128 11.03882 0.01932 1.19467 1.93876 35 2 3 28 22
313 5258 10.32121 3.10810 0.29245 3.02297 11 2 0 4 5
3677 4623 10.12217 0.15192 0.40446 1.50870 13 8 2 10 6
2572 4687 11.84642 3.08366 22.90757 176.67999 7 0 0 2 2
314 2018 10.77043 0.08374 0.20113 0.94128 18 7 4 10 8
817 4786 11.00763 3.09832 0.09726 2.11674 13 4 0 8 5
1949 5317 10.78087 2.75912 1.30335 1.74451 21 0 0 21 8
1389 3031 11.51288 0.55584 0.72320 0.67027 17 5 7 15 9
5426 5536 10.62562 0.00675 9.10816 1.06533 16 0 0 11 10
723 3920 11.65564 3.13268 0.39659 2.54130 10 5 1 10 6
1285 2934 11.92193 0.01450 0.78042 0.75641 30 6 8 19 10
600 2277 11.91047 0.01061 1.63043 0.49732 9 0 1 3 4
618 2292 11.68035 0.01462 14.21289 0.83416 19 0 3 10 6
224 1937 11.76984 0.37191 0.44749 0.24389 10 5 1 10 5
270 5294 10.66483 3.11474 8.27797 178.46049 8 0 2 3 2
944 3672 11.28042 2.26879 1.38760 3.86452 7 1 1 3 2
656 4955 11.70043 2.78651 0.72530 2.90340 8 0 2 1 3
667 4904 11.18733 2.38016 0.61837 1.68237 8 1 0 8 6
2438 3861 11.49946 3.13012 1.42607 3.11860 13 0 1 11 3
2043 5246 11.85717 3.05463 0.90505 1.27503 20 0 0 18 10
409 2105 11.49739 0.10281 13.15732 5.89036 13 0 0 7 8
684 2338 11.82251 0.76163 3.83601 43.63835 8 0 0 4 2
1993 5270 11.50930 2.92640 10.33632 3.91076 13 0 0 6 6
1439 3119 11.31318 0.05056 6.87475 11.58898 11 0 0 0 3
539 4100 11.09622 3.12502 33.71168 179.05044 5 0 0 2 2
2353 4932 10.61107 2.91770 0.56733 1.67257 8 3 1 5 5
677 3969 11.13485 2.89401 12.00420 122.80549 7 1 0 2 3
3651 4621 11.06482 0.03315 0.61384 1.84843 10 0 2 8 5
590 4992 10.14524 3.12284 0.97671 2.19517 21 0 1 17 9
