0.02179 0.00975 0.00153
0.01109 0.00946 0.00167
0.01474 0.01314 0.00287
0.01834 0.01738 0.00734
0.00932 0.01177 0.00927
0.01166 0.01212 0.00376
0.00798 0.00831 0.01311
0.00866 0.01001 0.00130
0.00944 0.01276 0.00733
0.01566 0.01304 0.00147
0.00908 0.01324 0.00088
0.01014 0.01357 0.00102
0.00952 0.00928 0.00058
0.00953 0.01222 0.01840
0.00915 0.01170 0.00067
0.01173 0.01915 0.00080
0.01346 0.01269 0.00908
0.01612 0.01320 0.00217
0.00844 0.00978 0.02483
0.01005 0.01297 0.00107
0.01024 0.01582 0.00957
0.01031 0.01208 0.00149
0.00998 0.00843 0.00306
0.01002 0.00926 0.00445
0.00971 0.01492 0.00191
0.01515 0.02281 0.00074
0.00991 0.00957 0.00279
0.01219 0.01209 0.00134
0.01248 0.01239 0.00125
0.00939 0.01209 0.00079
0.01068 0.01146 0.00236
0.00872 0.00944 0.00138
0.00829 0.00769 0.00522
0.00847 0.01022 0.00064
0.00920 0.01100 0.01841
0.00936 0.01145 0.00120
0.00918 0.01207 0.00545
0.01621 0.01319 0.00447
0.00891 0.01110 0.00195
0.01021 0.01731 0.02282
0.00992 0.01517 0.00355
0.01153 0.01018 0.00096
0.01064 0.01420 0.01901
0.00909 0.00955 0.00073
0.00760 0.00742 0.01831
0.00981 0.01273 0.00627
0.00999 0.01347 0.00674
0.00749 0.00860 0.00556
0.00916 0.00964 0.01387
0.01024 0.01111 0.00093
0.02245 0.01978 0.00123
0.00938 0.01420 0.02654
0.00944 0.01242 0.01161
0.00938 0.01226 0.00082
0.01468 0.01598 0.00629
0.00935 0.01132 0.00088
0.00877 0.01077 0.00810
0.01021 0.01235 0.00740
0.00919 0.01397 0.02540
0.01228 0.01855 0.00353
0.00977 0.01226 0.00090
0.00939 0.01312 0.00063
0.00961 0.00956 0.00053
0.00890 0.01030 0.01614
0.00923 0.00902 0.00054
0.00982 0.00923 0.01332
0.00845 0.00867 0.00057
0.02176 0.01822 0.00067
0.01008 0.01278 0.00060
0.00990 0.01242 0.01115
0.01227 0.01492 0.00826
0.00925 0.01021 0.02242
0.01606 0.01419 0.00138
0.00943 0.01421 0.00485
0.01292 0.01327 0.00121
0.00898 0.00893 0.00538
0.01519 0.01256 0.00508
0.00856 0.00880 0.00178
0.01787 0.01589 0.01888
0.00881 0.01015 0.00074
0.01766 0.02200 0.00250
0.00955 0.01213 0.00134
0.01204 0.01225 0.01847
0.00996 0.01204 0.01854
0.00910 0.01207 0.00079
0.00869 0.01101 0.00069
0.01020 0.01315 0.00365
0.00933 0.01016 0.00097
0.00968 0.01329 0.00104
0.01055 0.00828 0.00053
0.00921 0.01022 0.00595
0.00977 0.01244 0.00550
0.00995 0.01226 0.01172
0.00993 0.01609 0.02321
0.00969 0.00934 0.00058
0.01295 0.00946 0.01847
0.00923 0.01209 0.00823
0.00931 0.00886 0.00094
0.00937 0.01181 0.00068
0.01256 0.01256 0.00963
0.00789 0.01020 0.00962
0.00905 0.01129 0.00510
0.01335 0.01515 0.00075
0.01420 0.01266 0.00138
0.01811 0.01407 0.00181
0.00957 0.01208 0.02047
0.00911 0.01062 0.00079
0.01083 0.01344 0.00663
0.00929 0.01174 0.01851
0.00881 0.00974 0.00090
0.00891 0.01234 0.00263
0.00927 0.01141 0.00140
0.01094 0.01058 0.00061
0.02102 0.01427 0.01848
0.00931 0.00916 0.00092
0.00945 0.01212 0.00083
0.01056 0.00910 0.00122
0.01000 0.01045 0.00054
0.00878 0.01104 0.00256
0.00975 0.01171 0.00168
0.01040 0.01260 0.00647
0.00992 0.00917 0.01436
0.01050 0.01255 0.01559
0.00955 0.01231 0.00147
0.01376 0.02164 0.00419
0.01185 0.01598 0.00195
0.01211 0.00994 0.00611
0.00986 0.01252 0.00085
0.00982 0.01002 0.01844
0.00919 0.01021 0.01450
0.00849 0.00808 0.01843
0.00926 0.00944 0.00172
0.00912 0.01193 0.01460
0.00928 0.01015 0.00855
0.00909 0.01176 0.02065
0.00864 0.00953 0.00072
0.01308 0.01689 0.00666
0.01010 0.01077 0.00837
0.00920 0.01154 0.01841
0.01024 0.00887 0.00063
0.01448 0.01254 0.00079
0.01430 0.01938 0.01180
0.00915 0.00892 0.00530
0.00860 0.00882 0.00068
0.02214 0.01848 0.00924
0.00982 0.01014 0.01910
0.00996 0.01655 0.00410
0.01127 0.01734 0.00204
0.01036 0.01089 0.00057
0.00984 0.01249 0.00278
0.00976 0.01098 0.00101
0.00941 0.01472 0.00079
0.00975 0.01222 0.00109
0.00851 0.01041 0.00047
0.01420 0.01086 0.00055
0.00817 0.00781 0.00519
0.00986 0.01387 0.00361
0.00944 0.01001 0.00059
0.00970 0.01280 0.00156
0.00883 0.00950 0.00600
0.01051 0.01598 0.00900
0.01479 0.01324 0.01535
0.00950 0.01180 0.00180
0.00932 0.01164 0.00071
0.01006 0.01351 0.00987
0.00982 0.00893 0.00069
0.00999 0.01118 0.00084
0.00834 0.00826 0.00052
0.01631 0.01714 0.03767
0.00876 0.00905 0.00528
0.01171 0.00991 0.00063
0.00930 0.01059 0.01213
0.01002 0.01448 0.00131
0.01219 0.01288 0.01792
0.00844 0.00804 0.00056
0.00937 0.00893 0.00224
0.00995 0.01256 0.00075
0.01871 0.01562 0.00089
0.01681 0.01368 0.00130
0.00982 0.01304 0.00847
0.00965 0.01231 0.00586
0.00978 0.01188 0.00373
0.01307 0.01625 0.00085
0.01616 0.01927 0.00195
0.00922 0.00959 0.00144
0.01804 0.01356 0.00622
0.01432 0.01327 0.00245
0.00916 0.01120 0.01412
0.01003 0.01115 0.01359
0.01180 0.01267 0.01849
0.01262 0.01007 0.00084
0.00913 0.01192 0.00116
0.00928 0.01254 0.00076
0.01144 0.01124 0.02058
0.01016 0.01229 0.00166
0.01646 0.01996 0.00165
0.01187 0.01701 0.00821
0.01251 0.01589 0.00117
0.01116 0.00968 0.00820
0.01023 0.01277 0.00724
