0.04510 0.09717
0.02849 0.09410
0.02720 0.07620
0.02881 0.07903
0.02938 0.07207
0.01052 0.02093
0.01832 0.05848
0.01065 0.02137
0.02574 0.08428
0.02739 0.08172
0.02609 0.08450
0.01758 0.04483
0.03556 0.10650
0.01158 0.02270
0.03547 0.08257
0.02510 0.08283
0.03031 0.08185
0.00960 0.01501
0.02650 0.08292
0.01027 0.02044
0.00624 0.00743
0.01265 0.02006
0.01015 0.01084
0.02791 0.08336
0.01328 0.01446
0.02346 0.11107
0.01183 0.02063
0.01450 0.01866
0.02929 0.08243
0.01330 0.02258
0.02799 0.07217
0.03735 0.11704
0.03668 0.09897
0.03113 0.09314
0.02764 0.07882
0.01418 0.02692
0.02914 0.08036
0.04014 0.09581
0.01775 0.02312
0.01735 0.02676
0.04204 0.07942
0.03081 0.10115
0.01635 0.03097
0.01509 0.03333
0.00984 0.02014
0.02858 0.08603
0.01372 0.01305
0.04100 0.10562
0.02968 0.07425
0.01092 0.01992
0.01016 0.02458
0.01367 0.01971
0.00703 0.00847
0.01253 0.02081
0.01519 0.02567
0.01498 0.02700
0.02295 0.04856
0.01451 0.02174
0.01441 0.02079
0.03208 0.07227
0.02558 0.08104
0.01560 0.02387
0.02980 0.10103
0.01445 0.02329
0.04138 0.08895
0.00986 0.01635
0.03732 0.08996
0.02329 0.07283
0.01313 0.01667
0.00935 0.01470
0.01282 0.02052
0.02780 0.08314
0.01054 0.01140
0.01564 0.02065
0.01552 0.02621
0.03290 0.07878
0.01227 0.01644
0.01191 0.02133
0.03234 0.07150
0.01245 0.01561
0.03065 0.10147
0.02917 0.08990
0.03037 0.07984
0.01177 0.01626
0.01478 0.02589
0.02739 0.08238
0.03972 0.07829
0.01474 0.02330
0.02017 0.05946
0.03212 0.09630
0.01171 0.02681
0.01217 0.01487
0.01674 0.02600
0.02811 0.07653
0.01996 0.03378
0.00577 0.00668
0.02977 0.07099
0.03263 0.05355
0.01013 0.01789
0.02751 0.07871
0.02750 0.07220
0.02900 0.10465
0.00985 0.01759
0.01108 0.03321
0.01424 0.01650
0.02502 0.07984
0.02568 0.08307
0.01489 0.01985
0.00983 0.01906
0.00935 0.01506
0.01208 0.01776
0.01129 0.02149
0.00886 0.00830
0.03115 0.08649
0.04141 0.11336
0.02695 0.08294
0.02755 0.07799
0.00962 0.01770
0.02830 0.07790
0.01043 0.02083
0.02417 0.07383
0.03297 0.10671
0.03093 0.07965
0.02742 0.09617
0.03844 0.07345
0.01592 0.02276
0.02725 0.08144
0.03243 0.07639
0.01448 0.02661
0.03594 0.09231
0.02474 0.07337
0.03351 0.08200
0.03022 0.08337
0.01573 0.01779
0.02565 0.08106
0.03761 0.07690
0.02969 0.07741
0.04513 0.05646
0.01438 0.01949
0.03906 0.07875
0.01363 0.02555
0.03199 0.10076
0.02565 0.08291
0.00997 0.02449
0.01739 0.02546
0.00916 0.01674
0.02702 0.08510
0.03817 0.07825
0.01021 0.02015
0.02833 0.09153
0.03345 0.09050
0.02536 0.08030
0.01594 0.02749
0.02481 0.10103
0.03438 0.08448
0.01582 0.02848
0.03444 0.08287
0.01199 0.02745
0.00577 0.00675
0.01277 0.01621
0.01156 0.01477
0.01036 0.01955
0.01510 0.02090
0.00680 0.00797
0.01660 0.02314
0.01126 0.01560
0.01580 0.02071
0.00828 0.01562
0.01222 0.01357
0.01277 0.02161
0.02663 0.07781
0.00952 0.01747
0.02914 0.07297
0.02723 0.08385
0.01224 0.01932
0.01559 0.02008
0.01250 0.01775
0.00694 0.00811
0.02442 0.07459
0.01296 0.01587
0.03388 0.08026
0.02530 0.08083
0.03568 0.09747
0.02564 0.07928
0.01305 0.04056
0.02336 0.08035
0.01099 0.01429
0.03995 0.07709
0.03563 0.08508
0.01456 0.02198
0.03926 0.08229
0.03642 0.07605
0.01316 0.02539
0.02776 0.07632
0.03303 0.10709
0.02426 0.07894
0.03101 0.08281
0.02723 0.07694
0.02863 0.08453
0.00876 0.01440
