2000 3419 11.77103 2.29658 0.70336 2.58664 334 20 21 332 215
939 4195 10.75276 0.55559 0.82405 4.51041 357 55 50 357 217
1981 4568 11.29674 0.04255 0.70575 2.38458 162 0 2 160 106
1795 4404 10.92120 0.64557 0.30729 2.27279 322 7 3 315 213
3424 4572 11.36026 1.65936 0.74272 2.13772 775 2 3 775 366
941 4221 11.09795 0.03076 0.31279 1.94118 509 21 48 507 427
3313 4624 11.54661 1.93089 0.80674 6.56160 202 1 2 198 117
3398 4574 11.66679 2.98580 0.45158 0.37430 555 1 5 549 420
1944 4535 10.67241 0.06258 1.71830 1.52547 227 0 0 225 201
2013 3414 11.94384 2.91902 0.48441 2.31088 331 13 8 329 191
1004 4265 11.18746 0.01602 0.11443 0.90135 155 30 15 148 122
3411 4586 11.09934 2.30212 0.33147 3.08794 516 17 18 512 319
3360 4601 10.07671 3.12944 0.06754 3.17891 352 98 64 350 246
3316 4625 10.05877 1.99911 0.51607 5.93531 280 0 0 278 146
2015 4579 11.80682 1.34021 0.57984 4.25156 362 2 4 358 225
1003 4248 10.56080 0.02116 0.12397 0.90396 287 55 44 287 251
1036 4277 11.74153 0.79050 0.12603 1.11241 387 32 32 387 292
1025 4274 11.85598 0.18143 0.23906 1.47698 356 41 7 350 291
3420 4569 11.16863 1.78615 0.60777 0.87223 523 0 0 515 433
3369 4594 10.53298 3.11977 0.32482 3.87959 407 12 64 403 257
1011 4252 10.43428 0.02551 0.10644 1.10287 314 55 51 314 247
993 4259 11.01126 0.01514 0.15021 0.89263 205 23 29 205 154
2004 4562 10.60807 0.72206 0.70300 0.50668 218 0 0 212 170
1834 4412 11.87768 0.00420 0.36538 0.24228 256 20 11 256 230
1875 4467 10.31848 0.02322 0.81115 0.85088 240 0 0 236 218
3313 4629 11.68643 1.86852 0.29255 6.87290 305 1 0 305 207
1034 4260 10.88328 0.64929 0.07531 1.24710 184 31 18 178 140
3335 4630 11.35303 2.62880 0.48499 2.47449 306 47 39 306 196
926 4210 10.75146 0.07148 0.43188 2.17655 556 11 6 551 456
1910 4502 11.95305 0.07152 1.12138 1.44293 220 0 0 213 179
1813 4413 10.62826 0.04454 0.24024 1.72533 298 58 17 298 258
980 4250 10.90960 0.01631 0.13525 0.72308 310 24 50 303 236
909 4184 10.79670 1.93821 0.30588 2.83476 317 5 58 317 178
1976 4547 11.30759 0.01199 1.04396 0.67955 182 0 0 182 160
915 4178 11.78967 1.91361 0.39246 4.41331 566 36 130 566 371
953 4211 10.15524 0.05537 0.41918 2.99304 636 9 56 636 540
1840 4418 10.72135 0.02521 0.42596 1.46099 440 22 8 434 397
3341 4612 10.69718 3.02119 0.11638 2.57207 352 22 8 349 277
2006 3408 10.52550 2.96467 0.59342 2.42269 630 32 30 630 373
923 4179 11.02409 1.52544 0.51172 4.00673 668 66 125 666 411
928 4183 10.43089 1.23718 0.32783 3.45989 448 17 35 444 295
1924 4499 11.64191 0.07469 11.41550 4.28149 101 0 0 97 64
3403 4589 10.95719 2.79297 0.12207 3.18432 571 21 14 569 308
2012 3405 11.38195 2.42277 0.37304 2.02391 646 159 93 644 403
990 4240 11.05713 0.01777 0.33433 1.16902 264 19 8 262 217
914 4181 10.27047 1.83737 0.59459 3.37034 624 44 105 622 277
909 4198 11.32270 1.16772 0.33934 2.47370 215 12 63 213 163
1773 4395 10.52059 1.63534 0.45240 3.15529 269 8 1 267 147
909 4185 10.34135 1.88849 0.25162 2.87576 307 5 60 303 172
904 4191 11.88056 1.79913 0.19389 2.58800 257 7 53 248 194
1003 4247 11.85033 0.01925 0.17287 0.82377 122 11 23 118 81
945 4202 10.75995 0.16724 0.88887 3.27978 373 1 11 367 254
993 4242 11.04556 0.01593 0.28173 0.99544 237 15 8 222 166
3375 4605 10.08040 3.11669 0.57291 2.46450 307 19 7 303 199
1917 4492 11.66333 0.08720 1.38509 0.45284 180 0 0 176 160
1920 4496 10.29123 0.07388 1.37548 1.25242 111 0 0 111 97
1953 4527 11.82973 0.05470 2.15322 0.59610 114 0 0 111 85
2020 4573 11.91393 1.54531 0.76941 4.82775 214 0 0 214 104
1034 4276 10.97397 0.66361 0.15032 1.38027 466 44 17 462 346
1999 3415 11.39773 2.44775 0.62029 2.60113 475 32 33 475 267
1775 4398 11.22049 1.59651 0.53135 3.75045 401 19 1 399 257
1995 4576 11.99923 0.21194 0.64915 2.94331 267 0 0 265 190
3326 4631 10.67376 2.23366 0.72789 3.36302 442 126 69 442 356
1003 4265 11.85233 0.01634 0.22096 0.92493 137 23 11 135 98
956 4213 10.99299 0.04848 0.31574 2.44312 296 3 24 294 182
2011 3406 10.85734 2.54035 0.42190 2.09088 648 75 16 646 390
1787 4387 11.94287 1.16181 0.32824 1.76791 689 22 6 687 631
1846 4423 11.27993 0.01279 0.46725 0.76105 389 7 5 385 360
1971 4543 11.59748 0.02409 1.18907 1.02832 186 0 0 183 163
3387 4597 10.54897 3.09658 0.32867 2.70588 466 3 7 466 293
1799 4406 11.22994 0.40873 0.17537 1.59324 139 5 4 134 107
1934 4525 10.74210 0.08102 1.70215 1.16264 430 0 0 430 386
1879 4455 11.93614 0.01705 12.03931 1.07338 170 0 0 165 156
1776 4397 10.39107 1.58363 0.35900 3.20161 469 28 3 466 314
1775 4391 10.73241 1.61475 0.33688 2.41070 370 15 12 368 318
1921 4512 10.95557 0.07440 1.60261 1.12640 89 0 0 85 78
1016 4254 10.51339 0.01777 0.11836 0.85775 251 22 20 247 195
3337 4614 10.61003 2.89118 0.19156 2.19017 309 51 20 307 252
948 4226 11.02207 0.02363 0.09382 1.27534 543 114 97 543 466
931 4185 10.91660 1.12040 0.26387 3.42668 365 7 12 361 203
925 4209 10.48984 0.09126 0.35840 1.75256 470 18 3 468 367
1024 4257 10.44843 0.13301 0.24185 1.67351 201 45 20 201 150
1048 4275 11.27001 1.44258 0.25861 0.92323 362 30 39 359 271
3335 4629 10.09324 2.64073 0.32095 2.59616 418 51 44 414 335
1996 4559 10.09778 0.26574 0.83320 1.36114 251 1 1 247 210
3320 4631 11.24219 2.03471 0.59926 4.77610 538 0 1 534 356
1847 4441 11.55264 0.03036 0.38643 1.80255 112 6 5 112 82
1855 4432 10.69944 0.01525 0.73986 0.54965 173 1 0 166 132
932 4187 10.41657 1.02100 0.27636 3.93502 355 7 23 353 217
935 4217 11.30734 0.02482 0.46069 1.60474 390 10 13 353 264
1988 4554 11.73670 0.04640 0.88435 2.02217 147 0 0 147 116
1966 4539 11.40828 0.03065 1.60351 1.16399 143 0 0 139 121
3313 4625 11.22320 1.91811 0.56368 6.28703 227 1 2 227 113
3337 4613 11.86500 2.89679 0.17844 2.26071 312 37 7 310 264
1973 4545 11.03296 0.01471 1.10021 0.58013 133 1 0 121 100
1930 4505 11.57754 0.07154 1.72207 0.18975 57 0 0 50 42
927 4211 11.01240 0.05930 0.49808 2.55880 441 17 9 439 360
918 4205 11.43448 0.41236 0.29140 2.54561 427 17 69 427 332
913 4180 11.16035 1.93124 0.66150 3.34714 593 21 135 593 356
3350 4607 10.75398 3.13012 0.32254 3.02479 198 10 9 196 150
1837 4431 10.31661 0.01613 0.25860 0.88823 479 66 36 472 437
1962 4536 10.60356 0.03098 2.08332 0.97076 189 0 0 187 171
1007 4249 11.88875 0.02524 0.15710 1.09896 188 25 20 188 159
1972 4562 11.86741 0.00792 0.92192 0.42058 170 0 0 168 128
2018 4574 10.62174 1.46662 1.21421 4.32010 402 0 2 396 207
2013 4578 10.18013 1.25027 0.57804 3.38876 404 3 1 399 289
2007 3416 10.76830 2.89315 0.63221 2.29831 492 42 42 492 316
3350 4623 11.07258 3.00671 0.24587 2.65387 317 29 16 317 255
1975 4563 10.21330 0.00829 0.77201 0.81277 242 0 0 235 193
2006 3405 11.65777 2.78985 0.55966 1.78882 617 53 43 617 362
3408 4570 10.87426 2.47119 0.59388 0.55320 443 2 4 443 389
1932 4508 10.13007 0.06367 1.95406 0.69830 284 0 0 284 244
3320 4620 11.54667 2.16904 0.83001 4.72696 150 1 2 150 56
944 4200 11.37483 0.26690 0.92693 3.60033 264 3 14 264 178
1828 4408 10.70368 0.02528 0.36138 1.42958 326 29 10 320 272
1880 4457 10.42538 0.01939 0.99880 1.18828 218 0 0 218 194
3331 4631 11.33074 2.44948 0.38990 2.14904 430 112 69 428 349
2019 4574 11.28046 1.50488 1.39640 4.69478 377 1 1 371 180
2014 4578 10.50472 1.29741 0.62488 3.81772 450 0 0 448 280
3315 4624 10.75753 1.98481 0.75786 6.35280 203 0 0 203 108
1846 4439 10.12485 0.02364 0.26777 1.39381 191 5 13 187 155
1805 4392 11.92984 0.21849 0.17199 0.72253 230 59 30 228 189
1972 4561 10.60044 0.00623 0.89238 0.32143 254 0 0 252 207
967 4240 10.72533 0.01756 0.14913 0.89962 489 92 66 483 421
3342 4611 11.31307 3.04279 0.10910 2.65918 321 15 10 319 261
913 4202 11.93999 0.76753 0.41689 2.78600 234 9 47 234 128
938 4193 11.22523 0.67019 0.66271 4.05811 389 56 43 387 293
2017 4571 10.04170 1.43489 1.15169 3.90003 469 1 0 469 276
3397 4591 10.03727 3.06997 0.33467 4.50667 464 0 5 456 264
3418 4569 10.56296 1.87584 0.63474 1.21885 669 1 2 669 551
1831 4410 11.25117 0.00843 0.34473 0.47478 182 23 3 175 157
994 4259 10.21233 0.01528 0.15323 0.89482 298 37 42 296 231
995 4243 11.35005 0.01201 8.71119 1.35335 153 0 0 140 103
3324 4620 10.04451 2.28863 0.27125 3.41524 318 59 29 316 150
1045 4277 11.81589 1.32315 0.28381 1.16902 400 47 70 397 292
3399 4574 11.01889 2.94948 0.50515 0.40348 569 1 1 565 445
1859 4452 10.91428 0.01579 0.43132 1.02374 131 3 3 129 120
3374 4607 11.67237 3.12439 0.53533 1.92742 272 36 20 272 221
3352 4622 11.27447 3.01766 0.24893 2.68365 309 16 17 303 217
2003 4561 11.35958 0.65753 0.87397 0.59083 157 0 0 155 109
910 4181 11.75361 2.03191 0.28287 2.69791 386 20 73 378 229
1048 4265 11.98599 1.42818 0.27945 0.99426 322 26 25 318 269
972 4226 11.61386 0.03017 0.35878 1.71235 417 17 4 415 373
3330 4631 11.14495 2.40421 0.35708 2.15849 480 124 60 476 419
905 4192 11.45899 1.70048 0.22784 2.66653 203 9 30 203 137
3408 4587 10.94561 2.48365 0.34320 3.30215 501 20 31 497 250
1884 4476 10.86859 0.03449 0.75579 0.76310 194 0 0 190 176
2002 3408 11.74755 3.06085 0.57616 2.63775 475 22 41 473 272
1038 4262 10.10514 0.90286 0.12951 1.35046 343 88 40 343 264
2009 3409 10.07049 2.84227 0.43032 2.59103 582 61 15 580 381
971 4244 11.93306 0.02119 0.13339 0.87893 347 67 48 341 292
1050 4273 11.32841 1.49845 0.28232 0.50124 355 30 57 353 266
1960 4551 11.58699 0.02696 1.82210 0.80697 225 0 0 220 201
996 4261 11.33696 0.01223 0.24678 0.78285 163 16 6 151 129
1821 4418 10.12617 0.03128 0.29167 1.76702 318 63 27 313 271
1808 4394 11.40235 0.15463 0.19869 0.93837 163 19 15 156 130
908 4184 11.30926 1.98541 0.21699 2.97427 309 6 43 309 170
1025 4257 10.93063 0.17115 0.31769 1.78487 260 38 29 252 171
1865 4442 10.81550 0.01758 0.96085 0.83743 261 1 0 261 237
1856 4433 10.68525 0.01605 0.74700 0.47147 151 0 0 145 116
3358 4601 11.83048 3.12923 0.07253 3.11068 205 8 16 205 157
1988 4572 11.24726 0.06362 0.68755 3.37928 385 1 1 371 277
962 4236 10.44283 0.01649 0.14431 1.02182 648 90 109 645 596
972 4244 10.96688 0.02179 0.16296 0.98516 319 51 39 317 258
1864 4457 11.20748 0.01387 10.05357 0.89351 152 0 0 150 137
1876 4468 10.39770 0.02699 0.78247 1.09361 248 0 0 246 230
910 4199 11.41509 1.06317 0.29936 2.45846 181 8 41 181 130
1798 4406 11.85898 0.46166 0.22447 1.72238 185 19 7 181 122
1787 4388 10.85736 1.16898 0.27667 1.66742 897 105 28 895 824
1955 4530 10.25962 0.03967 2.20069 0.41212 320 0 0 316 282
1038 4261 11.36001 0.90229 0.10228 1.09182 211 55 29 203 173
1987 4554 11.06692 0.03716 0.84337 1.93371 147 0 0 142 126
2012 4566 10.21233 1.21747 0.72915 1.54104 699 0 2 695 612
3418 4568 11.61788 1.87514 0.86103 1.39353 624 0 1 620 356
1902 4478 10.28896 0.01911 1.27001 0.72199 337 0 0 333 311
1871 4463 10.08523 0.01647 0.64766 0.78684 238 0 0 234 217
988 4239 10.56721 0.01697 0.25018 1.00015 269 26 14 264 217
2008 3409 10.09309 2.90685 0.46483 2.55696 677 76 65 677 374
991 4241 10.65182 0.01536 0.35613 0.90698 303 18 15 301 257
1792 4388 11.09643 0.87569 0.26908 1.38988 653 58 19 647 611
907 4197 11.84313 1.31813 0.13279 2.51170 128 6 24 126 79
2018 4577 11.79739 1.46103 0.60249 4.86969 255 0 0 255 123
1845 4423 10.03944 0.01190 0.45680 0.67144 441 8 7 439 406
1833 4428 10.89598 0.00736 0.23011 0.17471 332 71 37 332 286
915 4203 11.55690 0.62720 0.23774 2.89665 428 29 74 424 288
1861 4438 10.71111 0.01766 0.76315 0.44235 246 0 0 242 212
1915 4491 10.29585 0.08084 1.34737 0.61421 186 0 0 182 151
1800 4406 10.64921 0.35751 0.19941 1.33237 181 4 5 181 142
3359 4617 10.55261 3.08446 0.28476 2.41330 286 8 13 281 219
3419 4582 10.61624 1.85010 0.40069 3.85966 377 8 9 377 193
1032 4276 11.68811 0.54189 0.11936 1.39325 396 37 9 390 286
1818 4400 11.67105 0.03280 0.20505 1.69835 202 40 18 200 161
951 4209 10.20779 0.05337 0.45116 2.90515 557 10 76 555 435
1050 4268 11.40344 1.48604 0.45742 1.08246 517 16 33 513 356
3336 4614 11.18141 2.85533 0.14889 2.22809 331 71 40 331 263
1964 4555 11.83696 0.02242 1.45174 1.26980 298 0 0 283 264
989 4240 10.18471 0.01666 0.52527 1.11943 292 5 11 280 240
933 4186 11.61900 1.06941 0.52357 3.77761 287 6 12 285 118
3318 4631 11.65608 1.98073 0.61839 5.66739 530 0 1 530 340
2015 4566 11.82640 1.35950 0.90016 2.83255 608 0 1 606 359
