5988 8036 10.63461 2.17040 0.63726 2.62659 49 25 11 42 24
4788 7095 10.81350 3.14082 2.15579 0.83322 75 0 0 69 29
1414 5052 10.33247 0.36931 0.33972 0.42887 79 76 2 74 53
5077 6904 10.86195 3.00305 1.09468 2.56109 30 12 3 27 9
5152 6832 10.06994 3.13832 2.33146 2.55941 52 0 0 47 35
1383 4966 10.28066 0.07490 0.93894 0.28667 39 27 9 32 14
5412 6699 10.68882 2.38054 2.06791 1.84483 65 27 7 43 16
283 8736 11.53186 0.06029 0.49810 0.14537 112 109 3 102 81
1444 5046 10.90901 0.33415 0.20744 0.77934 52 38 11 35 17
5416 6686 11.19655 2.12976 1.60845 1.32648 48 24 5 30 17
568 3789 11.33644 0.02823 0.53292 1.52701 53 46 1 43 14
4743 7181 10.95530 2.92613 2.18795 3.19463 27 0 0 19 10
551 3799 10.99034 0.03162 0.84173 1.20138 52 38 8 46 27
451 3708 11.51139 0.00466 0.53545 0.43160 47 44 0 33 29
1481 5085 11.31140 0.16682 0.41987 1.10464 92 84 3 85 63
1602 5348 11.99639 0.01276 1.03365 2.09237 18 11 1 10 8
6308 7718 11.32889 3.08737 1.24757 1.72033 13 5 0 13 6
38 3387 11.50802 0.00420 2.27991 0.63118 106 0 0 96 78
4678 7207 11.63310 2.48294 1.96433 1.91029 80 0 0 71 30
39 8586 11.48626 0.03120 2.40594 1.38253 19 0 0 11 12
4737 7202 11.02315 2.65492 2.04060 0.24228 104 0 2 97 70
4701 7233 10.63455 1.64708 2.02322 2.51544 129 0 0 112 53
1378 4993 10.70005 0.01567 0.55808 0.65492 71 62 7 67 51
1555 5205 10.74876 0.00984 2.10765 2.95287 18 15 2 9 10
1082 4433 11.63277 0.06594 0.26322 1.15589 44 32 5 29 21
342 8893 11.77738 0.01828 0.90521 0.85684 47 20 1 41 25
5111 6866 10.18816 3.12082 1.83135 1.84398 23 1 2 18 10
6031 8030 10.30772 3.13107 0.40428 3.71836 27 13 13 23 11
3300 8461 11.51975 0.00966 0.25965 0.91685 56 49 3 40 32
3309 8438 11.77066 0.01154 0.35975 0.80891 67 60 5 61 46
787 4003 11.50998 0.01277 0.61899 0.64163 25 17 3 16 10
570 3792 10.40776 0.02981 0.23455 1.71052 82 77 3 71 55
1524 5135 11.01220 0.00244 0.40798 0.58551 76 70 1 65 52
797 4017 10.74661 0.01164 0.34404 0.70443 31 24 6 20 10
2948 6004 10.19878 1.18354 0.86503 1.33060 14 5 2 3 3
5390 6681 11.48172 2.06655 0.85715 1.60961 49 35 6 47 22
2963 8097 10.74930 0.02549 0.19946 1.25398 17 15 1 9 8
1587 5217 10.75116 0.01148 0.33378 0.33804 79 71 6 72 49
2916 5965 10.05853 0.09146 0.71024 2.09069 97 95 1 77 52
17 3387 11.50802 0.00420 1.97120 0.30901 94 0 0 88 56
6310 7717 11.61955 3.08949 1.71518 1.62293 32 12 19 24 12
3625 8929 10.11312 0.03816 0.57565 0.83087 100 71 15 77 61
1326 7027 10.51857 2.99876 2.21361 2.26520 134 0 0 116 57
336 8867 11.13984 0.02555 0.98410 1.42875 118 100 13 111 65
1600 6738 11.81658 3.13946 1.58341 0.56717 18 1 0 9 7
1414 5015 11.07950 0.08558 0.24541 0.52339 63 57 5 59 38
737 3942 10.32301 0.84648 0.89434 1.92498 113 55 15 87 47
1482 6872 10.04486 3.12266 2.08580 1.12187 48 1 6 44 22
42 3414 11.75156 0.02822 2.19854 0.74441 32 0 0 28 18
6142 7877 11.44315 3.13854 2.23013 1.24395 83 11 0 74 20
128 3419 11.74596 0.01835 0.67872 0.67377 86 67 7 77 58
4796 7122 11.95018 3.03352 2.19267 1.71897 64 0 0 52 22
1100 4418 10.65491 0.05900 0.34368 0.47478 51 37 14 49 28
1495 5102 10.99809 0.02144 0.69167 1.03173 26 10 9 13 6
941 4172 10.52709 0.02551 0.40522 1.34610 62 55 5 51 33
2698 5646 11.29122 0.15585 0.47810 1.01568 43 36 7 36 26
504 3733 10.98126 0.01194 0.30220 0.66441 80 78 2 72 57
3277 8396 10.19108 0.42275 0.80415 1.75346 53 36 5 45 33
1522 5132 11.52055 0.00711 0.49341 0.37949 46 44 1 38 26
1449 6912 11.35509 2.89181 0.64356 2.42317 44 22 4 37 17
1237 7135 10.41648 3.08859 1.49851 1.14227 57 0 0 49 24
3223 8324 11.32034 0.02473 0.35840 0.83369 37 35 2 33 21
2934 5949 10.19149 0.03884 0.90985 2.40680 51 35 2 34 20
4771 7103 10.65832 3.09293 1.77276 1.49095 104 0 0 86 48
1537 6800 10.97155 3.13928 7.82584 1.98031 8 0 0 2 2
4736 7121 10.95820 3.11465 1.54311 1.18101 80 11 6 74 27
1012 4325 10.68182 0.02837 0.47190 1.42106 37 34 3 34 15
108 8610 10.49891 0.04796 0.41168 0.74178 28 27 1 24 17
5097 6852 11.69156 3.12546 2.10590 1.02144 19 0 0 13 12
5084 6894 10.58147 3.04418 0.54903 2.13845 11 4 0 8 6
3234 8402 11.47139 0.97493 0.58043 0.85318 64 38 20 50 25
1364 4931 11.87389 0.01883 0.36658 1.03590 49 42 5 44 24
546 3770 11.35102 0.04734 0.74310 0.84811 41 29 8 35 15
45 100 11.49053 0.02079 2.94545 1.89279 22 0 0 17 15
1637 6693 11.63501 2.20014 1.15369 1.02259 18 1 4 13 8
3168 8276 11.53381 0.07247 0.49662 0.74546 28 25 2 22 14
49 3414 11.75156 0.02822 2.12482 0.54894 49 0 0 27 27
1143 4551 10.01507 0.07036 0.50726 1.12431 155 137 6 151 127
3280 8398 11.13507 0.37005 0.85297 1.30236 42 27 0 29 26
102 3428 11.50927 0.05388 0.09073 0.45970 79 77 2 74 46
5010 6968 11.29138 2.95108 1.44245 3.42554 33 16 11 29 28
1213 7223 11.34054 1.90211 1.96772 1.05573 99 1 0 92 69
5048 6896 11.73193 2.63804 0.81429 2.13936 15 6 1 12 6
243 8697 10.88567 0.03663 0.51734 2.10970 142 136 5 130 95
4691 7164 11.27247 3.02844 1.53425 1.95284 172 4 16 159 94
3233 8398 10.80862 0.87012 0.34126 0.38664 53 42 10 43 23
880 4105 11.93766 0.04189 0.92775 2.15231 39 31 8 24 15
5994 8067 10.56765 1.58472 0.94217 2.51653 19 9 1 17 11
1213 4645 10.41249 0.08131 1.06427 1.94320 66 61 5 58 25
3279 8399 10.36215 0.33464 0.72405 1.68051 95 72 5 87 67
1215 4647 11.38444 0.07990 0.47822 1.06275 44 16 6 39 20
3200 8307 10.45604 0.16594 0.40455 1.53187 63 57 5 56 37
6037 7988 11.05039 3.13779 0.46665 3.48942 11 0 3 3 4
1624 5383 11.25008 0.02525 0.45204 1.16533 25 17 6 17 12
25 8585 10.74196 0.02857 1.78607 0.42244 13 0 0 11 6
1279 4835 10.99875 0.05521 0.75620 1.42079 26 17 6 21 11
5230 6759 11.88507 3.12304 1.72898 1.30686 16 2 0 9 6
1068 4364 11.00272 0.03437 0.37986 0.69886 69 66 0 57 55
8856 8910 10.38949 0.03636 1.02912 2.06942 116 93 8 110 46
3361 8501 10.24352 0.00476 0.46098 0.85272 45 32 9 31 20
3426 8620 11.04902 0.02550 0.28765 0.40542 34 29 2 26 19
981 4224 11.26091 0.41318 1.14563 2.56582 155 146 7 140 59
168 3467 10.54856 0.01504 0.45841 0.05595 111 101 3 96 68
5217 6790 11.76252 3.13150 13.45189 179.42054 5 0 0 0 1
5301 6767 11.10638 3.12139 1.71144 1.69558 19 11 2 13 4
532 3783 11.79261 0.01484 0.68279 0.12820 48 35 1 39 26
229 3516 11.83603 0.02063 0.74248 1.19223 121 116 4 100 63
5407 6672 11.61022 1.98239 1.77751 1.30746 59 39 10 52 17
105 3405 10.30328 0.02403 0.43077 1.09754 69 66 1 58 37
1250 7179 10.82512 3.00906 1.71795 1.27472 33 4 0 28 9
6134 7909 11.09334 3.13980 1.91052 0.51358 115 0 8 86 34
1538 6800 10.00986 3.13936 1.28522 1.74001 9 0 0 4 3
3233 8332 11.28283 0.19775 1.26777 1.92112 71 23 1 59 23
1250 7185 11.46706 2.97565 1.54045 0.31153 52 0 0 38 19
367 8881 11.25742 0.03415 0.65486 0.36584 65 52 7 54 39
8851 8903 10.87758 0.03191 0.53869 1.78356 87 62 10 64 28
7163 7227 11.30097 1.23672 0.55372 1.43531 119 109 10 107 88
1263 7139 11.60710 3.04318 1.96134 1.09504 56 2 0 47 14
1622 5377 10.00534 0.02559 0.39534 1.45239 37 28 1 22 18
1177 4562 11.54704 0.05295 0.54606 1.09110 38 24 3 26 19
3029 8133 10.50345 0.01303 0.52473 0.45197 36 29 3 25 26
1409 6925 10.24348 2.87217 0.74253 1.32412 29 11 5 21 13
2665 5613 10.83734 0.09575 0.27534 1.14192 24 23 0 18 10
1678 5403 10.94540 1.13851 0.97394 0.78534 27 5 0 21 9
5416 6678 11.92093 2.03890 2.26210 1.64806 64 46 9 51 15
2735 5688 10.25589 0.08270 1.14612 1.27503 21 13 6 19 8
1592 6749 10.57266 3.13709 2.38379 2.43510 19 8 0 4 10
1248 7191 10.42904 2.91139 2.18307 0.35718 75 0 0 58 26
1426 5071 11.44287 0.45463 0.79572 0.67435 57 39 4 51 30
192 8650 11.83438 0.01129 0.21412 0.49575 68 64 3 61 32
3047 8150 10.53539 0.03481 0.07565 1.15487 81 80 0 77 53
3469 8646 11.29900 0.00978 0.19240 0.78634 47 37 7 32 20
1213 4706 11.12573 0.09906 0.22536 2.51591 126 121 5 126 89
1099 4475 10.85715 0.05417 0.31817 0.22728 70 66 3 56 38
421 3656 11.26950 0.01192 0.36379 0.29739 204 193 11 194 145
662 3879 10.00162 0.02537 0.32311 0.47064 127 111 12 123 75
65 8585 10.74196 0.02857 1.10562 0.47642 48 19 0 42 27
869 4131 11.49482 0.00704 0.34897 0.39565 56 53 2 50 29
3261 8367 10.18055 0.90672 0.32690 1.13608 54 40 4 52 33
191 8676 10.85739 0.01627 0.26693 0.56093 96 89 4 90 62
537 3786 10.26905 0.01459 0.33053 0.41401 59 45 14 51 30
2942 6000 10.13712 1.02719 0.44214 1.42079 40 21 4 34 14
339 3582 11.07659 0.02189 0.47585 0.52712 99 92 2 97 66
4968 6996 11.42188 3.09670 1.22720 1.90454 13 1 0 13 6
2591 5585 11.46648 1.38067 1.11811 1.16062 38 20 10 27 9
976 4213 11.91001 0.44477 1.19504 2.20620 123 118 4 110 39
4910 7013 11.18828 2.99508 1.62721 1.86383 84 1 0 73 38
1655 6681 10.84117 1.78538 1.27042 0.94419 89 60 22 65 22
2958 8092 11.48210 0.04144 0.35886 1.19091 39 38 1 37 15
1132 4482 10.47787 0.07895 0.45444 0.79623 69 28 17 59 19
1408 5007 10.78992 0.08551 0.31692 1.41028 82 75 6 69 47
769 3981 10.28932 0.27680 0.74065 1.48121 56 22 1 41 30
1130 4476 11.33315 0.08089 0.16073 0.31153 101 93 7 96 63
2661 5639 10.78855 0.09797 0.32429 1.07155 14 12 2 7 7
1216 7187 11.86606 2.85067 2.35126 2.93238 143 0 0 109 63
4757 7150 10.35057 3.12753 1.78602 1.54864 62 0 0 52 27
3363 8531 10.02579 0.01563 0.12863 0.84395 66 52 10 60 29
1366 6980 11.22658 3.09564 1.87443 1.20982 25 0 0 23 14
322 8824 10.70421 0.05112 0.50678 0.36262 117 97 6 113 86
253 3533 10.07381 0.01522 0.48816 0.43521 98 97 1 82 69
1541 6820 11.95588 3.13107 5.82309 155.67070 5 0 0 2 2
3589 8857 11.26583 0.05082 0.65631 2.85938 87 73 1 79 41
1351 7022 10.63067 3.12180 1.81172 3.01493 47 0 0 40 14
1290 4812 10.21574 0.02344 0.36865 0.66558 83 52 24 69 36
7176 7230 11.12103 1.25418 0.47914 1.63925 55 38 12 51 37
2594 5597 11.45521 1.31962 0.60056 1.21370 17 7 2 7 5
2653 5634 11.79973 0.05114 23.98952 2.92998 14 7 0 5 5
3062 8165 11.55130 0.04840 0.46633 1.96005 32 26 2 25 15
4679 7225 11.35288 1.83809 1.86150 1.19518 51 12 0 35 25
4859 7081 11.68554 3.11619 2.27192 0.57471 72 0 0 66 16
3386 8531 10.75178 0.01039 0.13139 0.59281 82 74 4 69 47
1627 5326 11.75301 0.02710 0.35298 1.36544 24 16 5 14 11
6356 7620 10.42478 1.73005 1.23888 2.63760 24 10 3 9 6
4904 7044 11.76883 3.09693 1.79804 2.64012 163 6 0 152 61
1170 4608 11.71303 0.03794 0.45016 0.92788 30 18 6 26 9
1614 5367 10.98412 0.01304 1.89343 0.67027 20 9 9 20 7
3194 8343 11.41136 0.07426 0.84601 0.95368 46 33 11 46 27
3422 8616 11.77707 0.03243 0.59144 0.43879 48 42 1 40 28
7165 7229 11.66662 1.28931 1.47342 1.50662 51 21 3 51 33
914 4142 10.49397 0.00972 0.41590 0.53814 47 39 6 36 16
2901 5947 11.18402 0.03651 0.62412 2.07924 36 32 4 25 12
7162 7225 11.08314 1.16855 0.79819 0.85592 96 84 11 91 55
56 8547 11.75274 0.00574 2.04056 0.63056 95 0 0 79 67
5237 5295 11.24141 0.01397 0.94685 1.08930 20 13 2 20 9
2593 5582 11.56355 1.34431 0.96195 1.91234 29 17 7 23 18
6228 7812 11.51755 3.13286 0.45002 1.92559 13 9 0 7 7
3092 8196 11.34989 0.12846 0.40116 1.34988 12 6 0 7 6
755 4009 11.81708 0.12823 0.21751 1.65233 57 50 4 40 31
1224 4670 10.01207 0.05575 0.24863 0.59149 114 110 4 106 66
3605 8830 11.32970 0.06066 1.00344 3.43536 83 29 13 72 50
5382 6692 10.14992 2.20815 1.40366 0.85684 20 6 12 15 6
4758 7153 11.79342 3.11472 1.72399 2.35085 45 5 0 32 11
116 8583 10.99558 0.01661 0.60591 0.72362 37 33 1 33 28
1031 4314 10.09291 0.01767 0.64202 1.28634 26 9 8 20 6
3620 8883 11.31508 0.03541 1.11912 0.66617 106 21 8 83 79
3173 8280 11.97832 0.11593 0.50189 0.90222 39 30 0 30 22
4782 7130 10.77576 3.06593 2.19192 1.49515 96 0 0 86 48
1051 4371 10.37330 0.01401 0.37856 0.17694 69 61 6 65 46
991 4303 11.40733 0.34054 0.37751 0.83883 81 55 2 77 50
333 3578 10.01554 0.02137 0.47829 0.20367 125 117 5 119 105
