0.20784 0.04875
0.20144 0.03940
0.19674 0.03640
0.17137 0.03633
0.15317 0.03037
0.20609 0.05071
0.18774 0.03370
0.18017 0.04212
0.20884 0.05022
0.19746 0.04409
0.18450 0.04149
0.21874 0.04454
0.16796 0.03583
0.18678 0.04235
0.20000 0.04540
0.19695 0.04915
0.17931 0.04253
0.19475 0.03860
0.18425 0.04258
0.18319 0.03952
0.17872 0.04170
0.16208 0.03359
0.20710 0.04343
0.14916 0.03001
0.16212 0.03319
0.16105 0.02954
0.18715 0.04542
0.17479 0.03954
0.18112 0.04286
0.21353 0.04218
0.19490 0.03849
0.16165 0.03672
0.19643 0.03701
0.22925 0.05550
0.18739 0.03784
0.17858 0.03816
0.19026 0.03409
0.18799 0.04299
0.19999 0.04729
0.21398 0.04048
0.20164 0.03496
0.12662 0.02266
0.18882 0.04258
0.21132 0.04140
0.20074 0.03996
0.19426 0.04326
0.19550 0.03564
0.17038 0.03035
0.12614 0.02593
0.19016 0.04213
0.18631 0.04288
0.13026 0.02682
0.21249 0.04308
0.16087 0.03317
0.19260 0.04545
0.19354 0.03425
0.17077 0.03543
0.17930 0.03380
0.19148 0.03471
0.19196 0.04462
0.12776 0.02527
0.19347 0.04029
0.19069 0.03746
0.19013 0.04118
0.13031 0.02678
0.18676 0.03829
0.20324 0.03746
0.16591 0.03532
0.19181 0.03806
0.17515 0.03364
0.18149 0.03335
0.15619 0.03364
0.19320 0.04785
0.19408 0.04604
0.15702 0.03214
0.19419 0.04543
0.17090 0.03558
0.19987 0.03444
0.20742 0.04093
0.19518 0.04697
0.18740 0.03663
0.16658 0.03764
0.18316 0.03865
0.18056 0.04083
0.22100 0.04244
0.23720 0.04834
0.20003 0.04455
0.15462 0.03116
0.13734 0.02624
0.21286 0.04542
0.18427 0.03506
0.19571 0.04672
0.23428 0.04021
0.18918 0.04525
0.17911 0.04059
0.21025 0.04246
0.22797 0.04792
0.23108 0.05480
0.20611 0.03523
0.18492 0.03284
0.18512 0.03517
0.13452 0.02675
0.18838 0.04408
0.17220 0.03892
0.19110 0.04617
0.18961 0.03706
0.16563 0.03496
0.21931 0.04405
0.16934 0.03963
0.16058 0.03422
0.17375 0.03858
0.19624 0.04643
0.20050 0.03764
0.18532 0.04165
0.16371 0.03542
0.19161 0.03714
0.21645 0.03567
0.20135 0.03666
0.16963 0.03568
0.17719 0.03605
0.17113 0.03529
0.19608 0.04252
0.20541 0.04712
0.17717 0.04113
0.16361 0.03791
0.19791 0.04445
0.19368 0.04041
0.18954 0.03436
0.17210 0.03730
0.20747 0.04474
0.15776 0.03074
0.21333 0.04168
0.19212 0.04714
0.20955 0.04307
0.19363 0.03593
0.15223 0.02679
0.18683 0.04178
0.16653 0.03612
0.18256 0.04348
0.20454 0.04473
0.18255 0.04131
0.19586 0.04469
0.19526 0.03677
0.17270 0.04035
0.18451 0.03416
0.18845 0.03734
0.18929 0.04230
0.18732 0.04364
0.14819 0.02920
0.19476 0.04615
0.19015 0.04381
0.18443 0.04509
0.16487 0.03510
0.19596 0.03707
0.20075 0.04460
0.16796 0.03900
0.21631 0.05292
0.14484 0.03023
0.18817 0.04368
0.16775 0.03657
0.19781 0.04065
0.18618 0.04214
0.17358 0.03993
0.18302 0.03344
0.16776 0.03716
0.16652 0.03792
0.17875 0.04036
0.20182 0.04474
0.18178 0.03503
0.15594 0.03337
0.17230 0.03582
0.13802 0.02609
0.17415 0.04214
0.17042 0.03644
0.12913 0.02302
0.18602 0.04389
0.19182 0.03597
0.20107 0.04608
0.14551 0.02772
0.17534 0.03609
0.16275 0.03825
0.18693 0.04433
0.18130 0.04231
0.15567 0.03220
0.16321 0.03524
0.15523 0.03266
0.17403 0.03515
0.15699 0.03315
0.20842 0.03665
0.17997 0.04049
0.18289 0.03457
0.15927 0.03126
0.19607 0.04682
0.20789 0.04001
0.21784 0.04119
0.15700 0.03402
0.15627 0.03376
0.20267 0.03915
0.20605 0.04608
0.16569 0.03767
