0.06448 0.04958 0.02796
0.02068 0.04540 0.02079
0.01755 0.03490 0.01877
0.01789 0.03364 0.00594
0.01743 0.03191 0.01543
0.00567 0.00842 0.01827
0.01515 0.03554 0.00668
0.00615 0.00736 0.01842
0.01825 0.03560 0.02585
0.01913 0.03576 0.02131
0.01829 0.03611 0.01896
0.01148 0.02658 0.01877
0.02372 0.05652 0.01496
0.00560 0.00657 0.01937
0.01961 0.03859 0.01590
0.01709 0.03437 0.01384
0.01730 0.03419 0.01719
0.00399 0.00491 0.00048
0.02208 0.03431 0.00230
0.00864 0.01020 0.02038
0.00311 0.00338 0.02552
0.00584 0.00714 0.00794
0.00338 0.00387 0.00067
0.02190 0.03462 0.00276
0.00499 0.00534 0.01939
0.02502 0.06512 0.01872
0.00609 0.00925 0.00218
0.00538 0.00653 0.00098
0.02024 0.03459 0.01533
0.01010 0.01621 0.00062
0.02299 0.03280 0.00197
0.02809 0.05296 0.01879
0.02076 0.04488 0.01502
0.02359 0.04178 0.01528
0.02447 0.04125 0.01567
0.00902 0.01510 0.00174
0.02485 0.03372 0.02338
0.02288 0.04149 0.01370
0.01079 0.01263 0.01868
0.00579 0.00826 0.02131
0.01864 0.03791 0.00108
0.03183 0.05425 0.01871
0.01206 0.01420 0.00459
0.01092 0.01506 0.00091
0.00594 0.00867 0.01966
0.02192 0.03474 0.01877
0.00549 0.00617 0.02188
0.02660 0.05168 0.00335
0.02455 0.02124 0.01844
0.00621 0.00787 0.01161
0.00703 0.01117 0.00047
0.00766 0.00845 0.00211
0.00508 0.00416 0.01882
0.01288 0.01364 0.00077
0.01367 0.01663 0.00075
0.01285 0.01556 0.00077
0.02281 0.02210 0.01073
0.00981 0.01059 0.01838
0.00697 0.00758 0.00515
0.02156 0.03337 0.01047
0.02780 0.03589 0.01892
0.00708 0.00963 0.00709
0.02839 0.05461 0.01881
0.00709 0.00752 0.01829
0.01944 0.03893 0.00603
0.00412 0.00474 0.01831
0.02119 0.03900 0.01003
0.02104 0.04005 0.00701
0.00685 0.00655 0.00365
0.00429 0.00489 0.01855
0.00714 0.00984 0.02421
0.01704 0.03390 0.01889
0.00350 0.00353 0.00164
0.00621 0.00882 0.00053
0.01161 0.01244 0.00077
0.02829 0.03314 0.01890
0.00399 0.00465 0.01888
0.00632 0.00852 0.01837
0.01682 0.03144 0.00100
0.00411 0.00432 0.02304
0.02110 0.06573 0.00224
0.02218 0.05085 0.00813
0.02182 0.03862 0.00764
0.00644 0.00841 0.01453
0.00853 0.01216 0.00104
0.02003 0.03448 0.00378
0.02063 0.03281 0.00720
0.00572 0.00871 0.02053
0.01655 0.02942 0.00968
0.02444 0.04842 0.00770
0.00811 0.01237 0.01832
0.00451 0.00501 0.01892
0.00797 0.01112 0.00502
0.01638 0.03193 0.01934
0.01218 0.01655 0.01062
0.00253 0.00343 0.02270
0.02630 0.03443 0.00114
0.01331 0.01739 0.00351
0.00465 0.00555 0.00080
0.02361 0.03600 0.01452
0.01640 0.03127 0.00117
0.02730 0.04920 0.01880
0.00568 0.00728 0.01850
0.00856 0.01638 0.01840
0.00451 0.00523 0.00217
0.01734 0.03523 0.01924
0.01736 0.03423 0.01912
0.00575 0.00708 0.00698
0.00530 0.00751 0.01834
0.00430 0.00526 0.00050
0.00725 0.00966 0.00054
0.00813 0.00938 0.00047
0.00347 0.00422 0.03835
0.02620 0.04597 0.00385
0.02477 0.05596 0.01864
0.01759 0.03422 0.00187
0.02505 0.03073 0.00793
0.00817 0.01059 0.01785
0.01769 0.03158 0.00583
0.00741 0.00986 0.00434
0.02650 0.03500 0.01862
0.02423 0.05328 0.01859
0.02113 0.02136 0.01837
0.02265 0.05016 0.01981
0.01827 0.03449 0.00278
0.00566 0.00714 0.01451
0.01688 0.03515 0.01599
0.01722 0.03406 0.01057
0.01219 0.01529 0.01852
0.02310 0.04315 0.01459
0.01751 0.03588 0.01880
0.02022 0.03790 0.00113
0.03103 0.04285 0.00571
0.00408 0.00430 0.00691
0.03088 0.03562 0.01072
0.01634 0.03369 0.01150
0.01741 0.03281 0.01875
0.01287 0.01435 0.00124
0.00513 0.00588 0.00057
0.02130 0.03974 0.01851
0.00584 0.00714 0.01837
0.02406 0.04366 0.00598
0.01974 0.03510 0.00183
0.00764 0.01067 0.02088
0.00903 0.01284 0.00071
0.00597 0.00746 0.02176
0.02510 0.03499 0.00278
0.02174 0.03794 0.01866
0.00559 0.00739 0.01829
0.02046 0.04512 0.01887
0.01944 0.04445 0.01773
0.02466 0.03380 0.01886
0.00810 0.01299 0.01845
0.02285 0.05394 0.02049
0.01828 0.03534 0.02084
0.00890 0.01259 0.00066
0.02186 0.03567 0.01935
0.00814 0.01247 0.00079
0.00251 0.00261 0.01837
0.00376 0.00463 0.00856
0.00393 0.00435 0.01833
0.00831 0.01019 0.00642
0.00758 0.00937 0.00211
0.00269 0.00313 0.00116
0.01135 0.01061 0.00068
0.00512 0.00554 0.01818
0.00760 0.00984 0.00299
0.00510 0.00575 0.00509
0.00373 0.00438 0.01725
0.00979 0.01051 0.00097
0.02060 0.03350 0.00980
0.00543 0.00705 0.00055
0.01649 0.03180 0.00167
0.01726 0.03481 0.01894
0.00544 0.00665 0.00155
0.00569 0.00808 0.02684
0.00533 0.00613 0.00246
0.00258 0.00306 0.00481
0.01735 0.03627 0.00518
0.00386 0.00453 0.01834
0.02057 0.03426 0.00317
0.02708 0.03523 0.00653
0.02832 0.04779 0.01861
0.01758 0.03462 0.01934
0.01222 0.03483 0.01408
0.01905 0.04010 0.00658
0.00682 0.00742 0.02578
0.01703 0.03304 0.00132
0.01922 0.03866 0.01913
0.00897 0.01040 0.00997
0.02483 0.03589 0.01453
0.01848 0.03276 0.01035
0.00820 0.01155 0.01855
0.01722 0.03377 0.00139
0.02506 0.05215 0.01879
0.01917 0.03528 0.01484
0.01845 0.03737 0.00580
0.02356 0.03191 0.01720
0.01975 0.03712 0.00199
0.00527 0.00620 0.00045
