5988 8036 10.63461 2.17040 0.65895 2.71079 47 21 9 36 23 260 100.00000 0
1414 5052 10.33247 0.36931 0.28877 0.43879 93 89 3 82 54 440 100.00000 0
5077 6904 10.86195 3.00305 1.35246 1.85752 17 1 0 12 5 136 100.00000 0
5152 6832 10.06994 3.13832 1.66985 2.04966 39 3 0 33 26 199 100.00000 0
1383 4966 10.28066 0.07490 0.26483 0.51282 51 29 13 30 16 283 100.00000 0
5412 6699 10.68882 2.38054 0.55992 1.81488 65 40 6 44 26 417 100.00000 0
283 8736 11.53186 0.06029 0.39277 0.28531 106 97 4 94 73 396 100.00000 0
1444 5046 10.90901 0.33415 0.56365 0.78634 55 39 14 38 19 368 100.00000 0
5416 6686 11.19655 2.12976 1.70693 1.33559 43 21 6 26 11 356 100.00000 0
568 3789 11.33644 0.02823 0.74442 1.52598 74 69 2 65 29 422 100.00000 0
4743 7181 10.95530 2.92613 1.78397 1.61228 40 0 2 36 17 300 100.00000 0
551 3799 10.99034 0.03162 0.63673 1.19124 79 60 17 66 55 410 100.00000 0
451 3708 11.51139 0.00466 0.31945 0.39565 41 35 4 29 27 262 100.00000 0
1481 5085 11.31140 0.16682 0.41539 1.21241 85 75 1 81 54 453 100.00000 0
1602 5348 11.99639 0.01276 0.57080 0.74230 13 9 2 9 6 65 100.00000 0
6308 7718 11.32889 3.08737 1.57133 1.74899 24 2 0 16 5 132 100.00000 0
4678 7207 11.63310 2.48294 1.58611 2.09275 53 0 0 47 21 459 100.00000 0
4737 7202 11.02315 2.65492 1.92363 0.25334 65 1 2 60 32 363 100.00000 0
4701 7233 10.63455 1.64708 1.70587 2.48443 83 0 0 71 23 469 100.00000 0
1378 4993 10.70005 0.01567 0.53684 0.65849 61 51 9 51 44 346 100.00000 0
1555 5205 10.74876 0.00984 0.43431 1.29573 13 11 2 11 6 109 100.00000 0
1082 4433 11.63277 0.06594 0.33695 1.01760 49 42 7 47 28 580 100.00000 0
342 8893 11.77738 0.01828 0.83837 0.93545 67 50 1 57 45 335 100.00000 0
5111 6866 10.18816 3.12082 1.78314 1.71418 31 2 2 25 14 215 100.00000 0
6031 8030 10.30772 3.13107 0.35849 3.71404 17 10 7 13 6 68 100.00000 0
3300 8461 11.51975 0.00966 0.24667 0.67435 49 49 0 36 27 255 100.00000 0
3309 8438 11.77066 0.01154 0.22077 0.55813 64 59 3 52 37 278 100.00000 0
787 4003 11.50998 0.01277 0.62450 0.76361 36 28 6 27 17 183 100.00000 0
570 3792 10.40776 0.02981 0.20340 1.69789 94 91 3 87 67 352 100.00000 0
1524 5135 11.01220 0.00244 0.39710 0.55036 45 43 0 40 32 145 100.00000 0
797 4017 10.74661 0.01164 0.33074 0.66205 40 36 3 26 17 184 100.00000 0
2948 6004 10.19878 1.18354 0.74491 2.38983 12 1 1 7 6 109 100.00000 0
5390 6681 11.48172 2.06655 0.86689 1.66366 70 53 6 54 28 416 100.00000 0
2963 8097 10.74930 0.02549 0.82538 1.78969 14 11 1 10 7 160 100.00000 0
1587 5217 10.75116 0.01148 0.25980 0.21670 84 84 0 78 52 467 100.00000 0
2916 5965 10.05853 0.09146 0.93471 2.09947 74 71 3 74 40 369 100.00000 0
6310 7717 11.61955 3.08949 0.62360 1.69766 37 23 6 28 12 247 100.00000 0
3625 8929 10.11312 0.03816 0.47592 0.83228 109 97 12 94 80 501 100.00000 0
336 8867 11.13984 0.02555 0.69792 1.40054 129 126 1 121 81 443 100.00000 0
1600 6738 11.81658 3.13946 1.87850 0.39958 20 0 0 18 7 143 100.00000 0
1414 5015 11.07950 0.08558 0.41480 0.54680 62 57 5 54 38 306 100.00000 0
737 3942 10.32301 0.84648 0.95517 1.83462 120 71 10 100 61 524 100.00000 0
1482 6872 10.04486 3.12266 1.96383 1.83803 55 11 2 48 34 337 100.00000 0
42 3414 11.75156 0.02822 1.83875 0.10087 29 0 0 29 16 125 100.00000 0
128 3419 11.74596 0.01835 0.57178 0.54965 61 48 5 59 32 267 100.00000 0
1100 4418 10.65491 0.05900 0.47413 0.56232 42 36 4 33 23 608 100.00000 0
1495 5102 10.99809 0.02144 0.42516 1.02870 36 35 1 31 18 297 100.00000 0
941 4172 10.52709 0.02551 0.40176 1.42051 56 49 3 35 25 413 100.00000 0
2698 5646 11.29122 0.15585 0.43419 1.00717 42 42 0 42 26 230 100.00000 0
504 3733 10.98126 0.01194 0.43278 0.65968 88 82 5 77 45 408 100.00000 0
3277 8396 10.19108 0.42275 1.06286 1.76170 52 26 4 39 28 219 100.00000 0
1522 5132 11.52055 0.00711 0.34361 0.77177 69 68 1 61 51 225 100.00000 0
1449 6912 11.35509 2.89181 0.81472 2.29917 34 18 1 31 12 215 100.00000 0
1237 7135 10.41648 3.08859 1.36928 0.95121 57 2 0 41 22 446 100.00000 0
3223 8324 11.32034 0.02473 0.28729 1.10003 30 22 6 18 13 242 100.00000 0
2934 5949 10.19149 0.03884 0.65662 2.25932 53 42 8 40 19 272 100.00000 0
4771 7103 10.65832 3.09293 1.78032 1.23416 91 0 1 81 31 630 100.00000 0
4736 7121 10.95820 3.11465 1.18861 1.24678 110 13 8 104 36 567 100.00000 0
1012 4325 10.68182 0.02837 0.48874 1.48068 32 24 3 24 14 330 100.00000 0
108 8610 10.49891 0.04796 0.65747 0.76974 17 14 1 10 6 139 100.00000 0
5084 6894 10.58147 3.04418 0.95479 1.57619 24 8 1 18 14 116 100.00000 0
3234 8402 11.47139 0.97493 0.61543 0.68300 43 29 12 32 13 223 100.00000 0
1364 4931 11.87389 0.01883 0.48746 1.76636 51 32 4 14 12 396 100.00000 0
546 3770 11.35102 0.04734 0.82664 0.88116 76 51 9 70 33 464 100.00000 0
1637 6693 11.63501 2.20014 0.72169 1.10853 15 5 5 11 4 113 100.00000 0
3168 8276 11.53381 0.07247 0.42044 0.79574 26 25 1 22 14 151 100.00000 0
49 3414 11.75156 0.02822 1.88655 0.28531 32 0 0 23 18 123 100.00000 0
1143 4551 10.01507 0.07036 0.48694 1.08787 144 128 8 136 105 630 100.00000 0
3280 8398 11.13507 0.37005 0.89373 1.10394 55 32 0 47 36 271 100.00000 0
102 3428 11.50927 0.05388 0.54559 0.54249 55 50 1 45 30 244 100.00000 0
5010 6968 11.29138 2.95108 0.68274 1.80883 47 42 2 47 29 142 100.00000 0
1213 7223 11.34054 1.90211 1.71033 1.01722 79 0 3 60 52 407 100.00000 0
5048 6896 11.73193 2.63804 1.60767 2.69733 20 0 0 12 10 130 100.00000 0
243 8697 10.88567 0.03663 0.55955 2.09798 98 87 9 88 59 399 100.00000 0
4691 7164 11.27247 3.02844 1.47048 1.83675 139 8 13 120 75 631 100.00000 0
3233 8398 10.80862 0.87012 0.34465 0.22381 63 53 9 61 39 284 100.00000 0
880 4105 11.93766 0.04189 1.07159 2.22528 57 49 6 48 20 364 100.00000 0
5994 8067 10.56765 1.58472 1.26009 2.54960 11 1 1 11 9 152 100.00000 0
1213 4645 10.41249 0.08131 0.83343 1.92458 90 82 8 77 35 566 100.00000 0
3279 8399 10.36215 0.33464 0.74763 1.68051 98 60 3 85 65 322 100.00000 0
1215 4647 11.38444 0.07990 0.35714 1.04605 45 33 9 39 23 467 100.00000 0
3200 8307 10.45604 0.16594 0.52519 1.55972 47 40 4 36 22 254 100.00000 0
6037 7988 11.05039 3.13779 0.95091 3.48425 12 2 4 8 3 110 100.00000 0
1624 5383 11.25008 0.02525 0.34467 1.18564 28 22 6 20 12 180 100.00000 0
25 8585 10.74196 0.02857 1.93629 0.68927 23 0 0 23 10 112 100.00000 0
1279 4835 10.99875 0.05521 0.40180 1.20626 42 31 7 27 17 474 100.00000 0
5230 6759 11.88507 3.12304 0.88499 1.30686 20 12 0 15 8 155 100.00000 0
1068 4364 11.00272 0.03437 0.42207 0.52414 83 79 4 77 66 378 100.00000 0
8856 8910 10.38949 0.03636 0.76199 2.07226 153 130 9 147 68 521 100.00000 0
3361 8501 10.24352 0.00476 0.39487 0.92577 44 38 1 36 29 335 100.00000 0
3426 8620 11.04902 0.02550 0.28357 0.30647 39 36 3 37 21 222 100.00000 0
981 4224 11.26091 0.41318 1.01251 2.57770 110 104 6 102 40 526 100.00000 0
168 3467 10.54856 0.01504 0.43599 0.23407 114 109 2 108 81 379 100.00000 0
5217 6790 11.76252 3.13150 1.59285 2.12339 5 1 0 1 1 58 100.00000 0
5301 6767 11.10638 3.12139 1.24307 1.66130 17 9 4 10 7 101 100.00000 0
532 3783 11.79261 0.01484 0.40459 0.13706 52 39 10 42 23 430 100.00000 0
229 3516 11.83603 0.02063 0.80254 1.18828 112 109 2 109 66 447 100.00000 0
5407 6672 11.61022 1.98239 0.77756 1.27380 65 38 5 38 25 399 100.00000 0
105 3405 10.30328 0.02403 0.31756 1.19025 59 55 2 59 31 193 100.00000 0
1250 7179 10.82512 3.00906 1.68003 0.95368 37 0 0 30 8 340 100.00000 0
6134 7909 11.09334 3.13980 1.87677 0.54465 79 1 6 46 19 538 100.00000 0
3233 8332 11.28283 0.19775 0.59746 1.83632 60 33 5 54 19 308 100.00000 0
1250 7185 11.46706 2.97565 1.71832 0.56579 40 1 0 34 22 315 100.00000 0
367 8881 11.25742 0.03415 0.66180 0.45197 66 53 12 59 46 389 100.00000 0
8851 8903 10.87758 0.03191 0.78928 1.79668 81 67 4 79 30 443 100.00000 0
7163 7227 11.30097 1.23672 0.52242 1.54155 95 84 8 95 69 343 100.00000 0
1263 7139 11.60710 3.04318 1.67929 1.76946 77 9 4 58 23 491 100.00000 0
1622 5377 10.00534 0.02559 0.43985 1.20333 36 32 4 32 21 155 100.00000 0
1177 4562 11.54704 0.05295 0.48516 1.13056 46 36 5 36 30 460 100.00000 0
3029 8133 10.50345 0.01303 0.46160 0.53229 44 40 0 35 28 393 100.00000 0
1409 6925 10.24348 2.87217 1.34783 1.91315 31 8 1 22 9 258 100.00000 0
2665 5613 10.83734 0.09575 0.12350 1.53799 26 19 1 23 13 153 100.00000 0
1678 5403 10.94540 1.13851 1.02825 0.91685 21 5 5 12 10 178 100.00000 0
5416 6678 11.92093 2.03890 0.54840 1.57619 82 75 2 67 30 468 100.00000 0
2735 5688 10.25589 0.08270 0.58444 1.24835 17 14 2 14 9 94 100.00000 0
1248 7191 10.42904 2.91139 1.44273 0.29739 63 0 0 50 24 391 100.00000 0
1426 5071 11.44287 0.45463 0.65122 0.65252 60 39 10 41 27 366 100.00000 0
192 8650 11.83438 0.01129 0.09656 0.48779 65 63 1 56 41 292 100.00000 0
3047 8150 10.53539 0.03481 0.22086 1.22780 69 61 4 52 44 328 100.00000 0
3469 8646 11.29900 0.00978 0.21915 0.30901 60 48 11 45 33 279 100.00000 0
1213 4706 11.12573 0.09906 0.31137 2.50468 98 92 6 82 60 564 100.00000 0
1099 4475 10.85715 0.05417 0.72737 0.32984 73 56 1 69 51 552 100.00000 0
421 3656 11.26950 0.01192 0.34099 0.45197 204 203 1 193 165 612 100.00000 0
662 3879 10.00162 0.02537 0.31167 0.34830 109 102 7 96 68 618 100.00000 0
65 8585 10.74196 0.02857 1.38990 0.45284 47 2 0 42 34 158 100.00000 0
869 4131 11.49482 0.00704 0.13065 0.22206 55 48 6 49 37 308 100.00000 0
3261 8367 10.18055 0.90672 0.22170 0.80113 45 32 9 30 16 247 100.00000 0
191 8676 10.85739 0.01627 0.37481 0.48457 68 57 9 57 31 337 100.00000 0
537 3786 10.26905 0.01459 0.31560 0.44057 68 61 1 53 34 461 100.00000 0
2942 6000 10.13712 1.02719 0.36368 1.60937 35 19 1 29 24 192 100.00000 0
339 3582 11.07659 0.02189 0.58054 0.33102 134 125 7 120 90 411 100.00000 0
2591 5585 11.46648 1.38067 1.24083 1.06054 41 21 15 39 12 154 100.00000 0
976 4213 11.91001 0.44477 1.14514 2.20585 95 89 5 69 29 457 100.00000 0
4910 7013 11.18828 2.99508 1.49756 1.84991 87 3 0 71 39 835 100.00000 0
1655 6681 10.84117 1.78538 0.43084 0.94667 70 49 18 54 18 468 100.00000 0
2958 8092 11.48210 0.04144 0.63073 1.19223 18 18 0 7 4 163 100.00000 0
1132 4482 10.47787 0.07895 0.43073 0.24389 101 96 5 97 63 624 100.00000 0
1408 5007 10.78992 0.08551 0.34682 1.06459 80 72 7 74 49 414 100.00000 0
769 3981 10.28932 0.27680 0.61696 1.82713 68 31 1 57 29 255 100.00000 0
1130 4476 11.33315 0.08089 0.32669 0.52190 114 109 4 114 77 590 100.00000 0
2661 5639 10.78855 0.09797 0.17395 0.79229 36 33 2 28 25 129 100.00000 0
4757 7150 10.35057 3.12753 1.68394 1.55696 64 0 0 56 21 399 100.00000 0
3363 8531 10.02579 0.01563 0.39246 0.87492 69 62 3 65 33 344 100.00000 0
1366 6980 11.22658 3.09564 1.56077 0.63304 17 0 0 15 8 261 100.00000 0
322 8824 10.70421 0.05112 0.34600 0.84209 176 157 0 168 137 463 100.00000 0
253 3533 10.07381 0.01522 0.48742 0.42704 94 92 2 83 68 407 100.00000 0
3589 8857 11.26583 0.05082 0.35057 2.77418 84 81 2 78 48 415 100.00000 0
1351 7022 10.63067 3.12180 1.73354 3.10021 47 0 0 43 18 559 100.00000 0
1290 4812 10.21574 0.02344 0.29097 0.81277 100 57 29 98 38 732 100.00000 0
7176 7230 11.12103 1.25418 0.78023 1.58708 57 44 12 52 33 273 100.00000 0
2594 5597 11.45521 1.31962 0.54310 1.12744 13 5 1 7 2 89 100.00000 0
2653 5634 11.79973 0.05114 1.12057 2.69951 11 7 0 11 3 94 100.00000 0
3062 8165 11.55130 0.04840 0.22194 1.82285 24 19 1 13 8 211 100.00000 0
4679 7225 11.35288 1.83809 1.55208 0.32143 59 6 0 48 24 444 100.00000 0
4859 7081 11.68554 3.11619 1.73215 0.64407 73 0 0 71 22 540 100.00000 0
3386 8531 10.75178 0.01039 0.24677 0.58551 84 69 11 78 49 378 100.00000 0
1627 5326 11.75301 0.02710 0.24006 1.11136 19 11 4 7 5 113 100.00000 0
6356 7620 10.42478 1.73005 0.52700 2.78586 22 4 1 14 8 207 100.00000 0
4904 7044 11.76883 3.09693 1.83674 2.52755 135 3 0 129 60 783 100.00000 0
1170 4608 11.71303 0.03794 0.32032 0.70109 35 24 5 29 16 400 100.00000 0
1614 5367 10.98412 0.01304 1.01093 0.49575 26 15 10 24 15 227 100.00000 0
3194 8343 11.41136 0.07426 0.91669 0.92238 34 18 8 34 18 253 100.00000 0
3422 8616 11.77707 0.03243 0.48184 0.47724 44 42 1 39 28 164 100.00000 0
7165 7229 11.66662 1.28931 1.03020 1.49305 51 48 3 49 33 249 100.00000 0
914 4142 10.49397 0.00972 0.38289 0.55813 60 53 5 50 33 276 100.00000 0
2901 5947 11.18402 0.03651 0.12783 2.07886 22 18 3 15 8 186 100.00000 0
7162 7225 11.08314 1.16855 0.42806 0.85363 92 86 6 88 51 383 100.00000 0
56 8547 11.75274 0.00574 1.99815 0.49099 113 0 0 105 80 411 100.00000 0
5237 5295 11.24141 0.01397 0.49872 0.76464 20 14 4 13 9 118 100.00000 0
2593 5582 11.56355 1.34431 0.77158 1.41748 26 14 5 23 13 108 100.00000 0
6228 7812 11.51755 3.13286 0.88733 2.38047 11 8 1 9 8 128 100.00000 0
3092 8196 11.34989 0.12846 0.60287 0.83463 26 18 4 17 14 168 100.00000 0
755 4009 11.81708 0.12823 0.21294 1.63853 85 68 9 62 42 284 100.00000 0
1224 4670 10.01207 0.05575 0.29498 0.64285 95 88 7 87 63 675 100.00000 0
3605 8830 11.32970 0.06066 0.92927 3.47705 92 55 14 88 68 415 100.00000 0
5382 6692 10.14992 2.20815 1.47015 0.85775 20 7 11 17 9 136 100.00000 0
4758 7153 11.79342 3.11472 1.90212 1.54510 64 1 0 42 20 322 100.00000 0
116 8583 10.99558 0.01661 0.48930 0.77430 34 32 0 30 22 184 100.00000 0
1031 4314 10.09291 0.01767 0.32719 1.01683 26 24 2 24 18 208 100.00000 0
3620 8883 11.31508 0.03541 1.02561 0.47147 108 33 6 103 82 413 100.00000 0
3173 8280 11.97832 0.11593 0.34040 0.91343 43 32 8 36 25 283 100.00000 0
1051 4371 10.37330 0.01401 0.35325 0.14265 63 59 3 63 46 485 100.00000 0
991 4303 11.40733 0.34054 0.68458 0.31528 87 63 2 72 58 564 100.00000 0
333 3578 10.01554 0.02137 0.59843 0.25641 157 144 6 151 134 411 100.00000 0
