0.07967 0.04638
0.08492 0.03839
0.09122 0.03198
0.09170 0.02839
0.09017 0.03668
0.07146 0.04851
0.07900 0.03411
0.07663 0.03295
0.07966 0.05091
0.09446 0.03138
0.08791 0.04316
0.08722 0.03521
0.07797 0.04333
0.08886 0.03276
0.08750 0.03404
0.08437 0.03918
0.08509 0.03291
0.06978 0.04568
0.08881 0.03178
0.07690 0.04489
0.09058 0.05610
0.07574 0.04415
0.09241 0.04480
0.08993 0.03852
0.10537 0.03114
0.08940 0.03681
0.07853 0.04486
0.09836 0.05189
0.07138 0.04511
0.09683 0.05143
0.07540 0.04671
0.09675 0.03204
0.06732 0.04365
0.07827 0.04265
0.05999 0.03020
0.07069 0.04699
0.08702 0.04400
0.09209 0.03270
0.08005 0.05050
0.10104 0.05562
0.09440 0.03232
0.08432 0.03311
0.08596 0.02974
0.07231 0.04979
0.07149 0.04285
0.08204 0.04088
0.09224 0.03551
0.08077 0.04376
0.08489 0.03434
0.09988 0.03617
0.09475 0.03459
0.08878 0.04265
0.09278 0.04674
0.07185 0.02956
0.07423 0.02814
0.06445 0.04100
0.08170 0.04427
0.10429 0.03112
0.09570 0.03320
0.07894 0.03501
0.07036 0.04086
0.09232 0.03557
0.07008 0.04461
0.09340 0.05193
0.09452 0.04958
0.10497 0.04786
0.09164 0.03286
0.07567 0.03165
0.08608 0.03469
0.07299 0.05193
0.10485 0.03657
0.08737 0.03347
0.07289 0.03531
0.09714 0.02914
0.08082 0.04969
0.09101 0.03063
0.09357 0.05206
0.06822 0.04009
0.06577 0.03905
0.08312 0.03439
0.09033 0.04847
0.05541 0.03928
0.08282 0.02919
0.09353 0.03316
0.06426 0.04654
0.08706 0.04477
0.08277 0.03385
0.07534 0.03850
0.08688 0.04418
0.08196 0.02780
0.10243 0.03122
0.08288 0.04965
0.07411 0.03576
0.09158 0.03592
0.07119 0.02884
0.11110 0.05387
0.07915 0.05150
0.09188 0.02948
0.08496 0.03215
0.10583 0.03439
0.07699 0.04450
0.07411 0.03536
0.07785 0.03227
0.09072 0.04422
0.09123 0.04259
0.06650 0.04138
0.07785 0.04252
0.06898 0.03183
0.08977 0.03043
0.07692 0.03789
0.10780 0.03903
0.08211 0.03031
0.09621 0.05341
0.06350 0.03564
0.08877 0.04221
0.09901 0.03854
0.08677 0.03843
0.09435 0.03379
0.09447 0.02898
0.09091 0.02908
0.08159 0.04548
0.10227 0.05892
0.12528 0.03148
0.07333 0.03997
0.08860 0.04381
0.09297 0.03640
0.08026 0.04605
0.08928 0.03374
0.08541 0.03409
0.08713 0.04482
0.08096 0.04217
0.08331 0.03102
0.08514 0.04049
0.09102 0.03132
0.08386 0.03687
0.07789 0.03213
0.08262 0.02934
0.08843 0.03346
0.09221 0.03337
0.08243 0.04349
0.09568 0.02997
0.09456 0.05106
0.07691 0.03249
0.10042 0.02997
0.09756 0.04764
0.08056 0.04048
0.10035 0.05775
0.09989 0.04705
0.06674 0.04457
0.09403 0.03594
0.10695 0.04595
0.07359 0.03350
0.10466 0.03452
0.07525 0.03848
0.07610 0.04315
0.09780 0.03324
0.06858 0.05112
0.08230 0.04369
0.06937 0.04395
0.08763 0.04475
0.08719 0.02991
0.06891 0.02817
0.09327 0.05199
0.07005 0.03570
0.09424 0.04420
0.07636 0.04280
0.09807 0.03058
0.06473 0.04210
0.07396 0.04664
0.08154 0.04121
0.08720 0.05206
0.06873 0.04372
0.08051 0.04829
0.06624 0.03948
0.10568 0.03404
0.10583 0.03606
0.10109 0.03228
0.05863 0.03980
0.09574 0.05339
0.07910 0.03104
0.09591 0.03475
0.08639 0.05239
0.07796 0.03761
0.08344 0.04189
0.08001 0.04652
0.07101 0.03515
0.09459 0.05024
0.08659 0.03340
0.08370 0.03541
0.09618 0.03537
0.08947 0.04910
0.08882 0.04958
0.07653 0.04545
0.10449 0.04226
0.08281 0.04016
0.09224 0.04787
0.08067 0.03341
0.08166 0.03349
0.08778 0.04583
0.09893 0.03369
