2000 3419 11.77103 2.29658 0.79061 2.60579 44 34 9 44 22
939 4195 10.75276 0.55559 1.64308 4.52766 49 8 31 47 23
1981 4568 11.29674 0.04255 1.58365 3.58419 8 0 0 6 3
1795 4404 10.92120 0.64557 0.30495 2.17978 57 29 2 53 37
3424 4572 11.36026 1.65936 0.66151 2.13698 77 25 2 72 35
941 4221 11.09795 0.03076 0.39393 1.99547 57 18 11 55 35
3313 4624 11.54661 1.93089 0.93995 6.15791 23 4 0 21 13
3398 4574 11.66679 2.98580 0.41124 0.37115 55 39 6 53 33
1944 4535 10.67241 0.06258 1.99618 1.62027 49 0 0 44 38
2013 3414 11.94384 2.91902 0.64350 2.31004 22 15 1 20 8
1004 4265 11.18746 0.01602 0.20211 0.90005 34 29 3 32 26
3411 4586 11.09934 2.30212 0.26566 3.08870 83 57 13 79 35
3360 4601 10.07671 3.12944 0.26553 3.15963 55 36 13 51 26
3316 4625 10.05877 1.99911 0.30517 6.01660 28 0 1 24 19
2015 4579 11.80682 1.34021 0.40210 4.25367 35 20 5 29 16
1003 4248 10.56080 0.02116 9.25938 0.94460 30 0 0 26 16
1036 4277 11.74153 0.79050 0.16861 1.26300 71 48 4 64 42
1025 4274 11.85598 0.18143 0.14503 1.34057 70 49 8 63 44
3420 4569 11.16863 1.78615 0.68149 0.89526 57 9 5 55 45
3369 4594 10.53298 3.11977 0.99435 3.83563 46 14 6 46 17
1011 4252 10.43428 0.02551 0.17161 1.07556 47 24 19 42 25
993 4259 11.01126 0.01514 0.27343 0.90266 27 10 7 21 11
2004 4562 10.60807 0.72206 0.65892 0.45970 33 3 1 31 15
1834 4412 11.87768 0.00420 8.32988 0.95981 20 0 0 18 13
1875 4467 10.31848 0.02322 8.97272 0.76105 23 0 0 13 10
3313 4629 11.68643 1.86852 1.89129 12.84136 14 0 0 9 9
1034 4260 10.88328 0.64929 0.18905 1.37116 38 21 7 35 19
3335 4630 11.35303 2.62880 0.56453 2.47354 52 35 7 46 35
926 4210 10.75146 0.07148 0.62702 2.05862 85 9 1 78 59
1910 4502 11.95305 0.07152 1.68940 1.55419 34 0 0 34 23
1813 4413 10.62826 0.04454 10.82272 3.63658 25 0 0 20 15
980 4250 10.90960 0.01631 10.76095 0.95532 31 1 1 31 20
909 4184 10.79670 1.93821 0.37048 2.80351 42 14 12 38 19
1976 4547 11.30759 0.01199 1.11680 0.62683 28 0 0 23 22
915 4178 11.78967 1.91361 0.23983 4.44761 37 22 6 33 16
953 4211 10.15524 0.05537 0.42096 2.99474 58 11 34 52 23
1840 4418 10.72135 0.02521 8.80992 1.54383 29 0 0 29 21
3341 4612 10.69718 3.02119 0.13715 2.57070 65 26 11 62 32
2006 3408 10.52550 2.96467 0.33223 2.43253 49 28 13 41 18
923 4179 11.02409 1.52544 0.23805 4.00154 28 13 8 19 10
928 4183 10.43089 1.23718 0.09628 3.53513 39 14 4 35 18
1924 4499 11.64191 0.07469 10.68628 3.90505 25 0 0 19 15
3403 4589 10.95719 2.79297 0.68438 3.14174 59 19 19 54 27
2012 3405 11.38195 2.42277 0.40696 2.05862 43 26 3 41 16
990 4240 11.05713 0.01777 0.17935 1.04717 34 19 4 24 17
914 4181 10.27047 1.83737 0.22749 3.37139 40 21 5 33 19
909 4198 11.32270 1.16772 0.22053 2.46545 67 31 30 64 46
1773 4395 10.52059 1.63534 0.40270 2.96399 4 3 1 4 3
909 4185 10.34135 1.88849 0.26085 2.87276 74 45 17 72 34
904 4191 11.88056 1.79913 0.26441 2.53667 46 31 6 40 32
1003 4247 11.85033 0.01925 12.41059 1.12605 30 1 0 11 13
945 4202 10.75995 0.16724 1.92920 3.28002 46 17 11 38 16
993 4242 11.04556 0.01593 13.19912 0.94336 32 0 0 23 16
3375 4605 10.08040 3.11669 0.41480 2.43992 49 19 7 49 25
1917 4492 11.66333 0.08720 1.17413 0.63551 24 0 0 22 15
1920 4496 10.29123 0.07388 1.24767 1.10924 16 0 0 14 9
1953 4527 11.82973 0.05470 11.22259 3.86706 27 0 0 25 19
2020 4573 11.91393 1.54531 0.63884 4.81312 25 5 2 23 6
1034 4276 10.97397 0.66361 0.16061 1.24804 68 49 8 66 43
1999 3415 11.39773 2.44775 0.97634 2.64575 30 14 6 19 8
1775 4398 11.22049 1.59651 0.53443 4.06110 69 35 1 69 47
1995 4576 11.99923 0.21194 0.99221 3.07549 26 5 1 24 22
3326 4631 10.67376 2.23366 0.60254 3.38321 21 10 7 16 7
1003 4265 11.85233 0.01634 9.73787 0.92535 22 0 0 22 10
956 4213 10.99299 0.04848 0.39570 2.55206 59 27 10 52 30
2011 3406 10.85734 2.54035 0.52308 2.07226 68 34 5 68 39
1787 4387 11.94287 1.16181 0.32530 1.66624 70 50 0 64 55
1846 4423 11.27993 0.01279 0.10450 0.91941 27 21 3 22 21
1971 4543 11.59748 0.02409 11.69746 2.24838 21 0 0 18 14
3387 4597 10.54897 3.09658 0.52759 2.50608 42 14 5 36 21
1799 4406 11.22994 0.40873 0.20212 1.63303 27 16 2 27 19
1934 4525 10.74210 0.08102 2.05759 1.21885 35 0 0 31 25
1879 4455 11.93614 0.01705 9.48548 1.00327 29 0 0 29 20
1776 4397 10.39107 1.58363 0.66322 5.06415 61 34 3 59 41
1775 4391 10.73241 1.61475 0.29140 2.30512 41 28 2 39 27
1921 4512 10.95557 0.07440 10.40394 4.35190 22 0 0 20 17
1016 4254 10.51339 0.01777 0.21713 0.82519 38 24 9 36 21
3337 4614 10.61003 2.89118 0.17514 2.25308 41 25 4 41 27
948 4226 11.02207 0.02363 0.15838 1.29724 66 33 21 58 40
931 4185 10.91660 1.12040 0.61299 3.70370 33 8 5 29 17
925 4209 10.48984 0.09126 0.53336 2.15649 63 7 13 57 37
1024 4257 10.44843 0.13301 0.21068 1.69003 39 24 11 36 19
1048 4275 11.27001 1.44258 0.45199 0.93962 72 31 12 64 40
3335 4629 10.09324 2.64073 0.50782 2.59586 53 38 8 51 33
1996 4559 10.09778 0.26574 0.72758 1.40723 34 6 0 30 15
3320 4631 11.24219 2.03471 0.89862 4.39882 17 8 0 17 12
1847 4441 11.55264 0.03036 11.24159 1.74742 52 0 0 50 36
1855 4432 10.69944 0.01525 11.92085 0.54536 27 0 0 22 18
932 4187 10.41657 1.02100 1.33628 3.97306 59 6 5 57 28
935 4217 11.30734 0.02482 0.59985 1.74226 44 6 6 41 25
1988 4554 11.73670 0.04640 0.84806 2.02275 13 0 0 11 8
1966 4539 11.40828 0.03065 6.88034 1.13229 18 0 0 13 8
3313 4625 11.22320 1.91811 0.36956 7.27586 17 0 0 17 11
3337 4613 11.86500 2.89679 0.14581 2.38950 46 33 2 39 31
1973 4545 11.03296 0.01471 7.81027 0.90439 19 0 0 16 10
1930 4505 11.57754 0.07154 10.94125 4.05878 11 0 0 11 8
927 4211 11.01240 0.05930 0.59717 2.42414 87 7 1 87 58
918 4205 11.43448 0.41236 0.46666 2.54576 51 19 29 49 27
913 4180 11.16035 1.93124 0.15738 3.34070 55 33 16 51 28
3350 4607 10.75398 3.13012 0.35080 3.06273 62 38 6 53 34
1837 4431 10.31661 0.01613 0.22962 0.87581 58 53 2 55 46
1962 4536 10.60356 0.03098 11.12680 3.53358 27 0 0 25 21
1007 4249 11.88875 0.02524 0.21900 1.10712 42 20 13 40 25
1972 4562 11.86741 0.00792 0.98807 0.43879 44 1 1 39 30
2018 4574 10.62174 1.46662 0.56658 4.33847 27 10 0 27 14
2013 4578 10.18013 1.25027 0.39209 3.39800 37 16 5 37 20
2007 3416 10.76830 2.89315 0.80026 2.28773 23 8 6 21 17
3350 4623 11.07258 3.00671 0.22823 2.66521 43 27 11 33 26
1975 4563 10.21330 0.00829 0.92858 0.53155 46 0 2 44 28
2006 3405 11.65777 2.78985 0.36537 1.79450 40 22 5 38 16
3408 4570 10.87426 2.47119 0.37272 0.47806 29 14 2 19 17
1932 4508 10.13007 0.06367 9.93967 4.09137 56 0 0 49 37
3320 4620 11.54667 2.16904 0.91775 4.46721 23 8 3 21 11
944 4200 11.37483 0.26690 1.54447 3.61985 56 14 34 53 33
1828 4408 10.70368 0.02528 9.97252 1.52418 19 0 0 17 12
1880 4457 10.42538 0.01939 8.09935 1.25990 23 0 0 21 16
3331 4631 11.33074 2.44948 0.12261 2.19428 47 29 8 37 26
2019 4574 11.28046 1.50488 0.72971 5.05834 23 5 0 21 9
2014 4578 10.50472 1.29741 0.75034 3.81557 50 8 0 39 28
3315 4624 10.75753 1.98481 0.13562 6.64275 18 2 0 14 6
1846 4439 10.12485 0.02364 0.68811 1.63662 47 19 0 43 31
1805 4392 11.92984 0.21849 0.21475 0.78534 26 20 1 20 19
1972 4561 10.60044 0.00623 0.98262 0.31898 42 0 0 42 34
967 4240 10.72533 0.01756 0.20615 0.92366 60 44 8 58 46
3342 4611 11.31307 3.04279 0.12740 2.81466 44 16 1 42 24
913 4202 11.93999 0.76753 0.23952 2.80812 50 18 22 50 23
938 4193 11.22523 0.67019 1.53408 4.09481 30 8 11 27 9
2017 4571 10.04170 1.43489 0.69886 3.96428 32 12 0 24 16
3397 4591 10.03727 3.06997 0.40783 4.74450 49 0 0 37 24
3418 4569 10.56296 1.87584 0.60471 1.20138 110 45 11 108 70
1831 4410 11.25117 0.00843 1.02334 2.20921 19 3 1 10 11
994 4259 10.21233 0.01528 0.14071 0.91771 47 23 16 37 24
995 4243 11.35005 0.01201 10.54450 3.27883 46 0 0 38 28
3324 4620 10.04451 2.28863 0.76033 3.35649 25 10 8 23 11
1045 4277 11.81589 1.32315 0.31703 1.21079 66 48 13 64 45
3399 4574 11.01889 2.94948 0.59670 0.40926 56 15 5 56 31
1859 4452 10.91428 0.01579 8.80786 0.95450 22 0 0 20 17
3374 4607 11.67237 3.12439 0.45046 1.93836 52 35 3 52 37
3352 4622 11.27447 3.01766 0.31765 2.71007 26 16 5 24 17
2003 4561 11.35958 0.65753 0.82899 0.40154 48 1 1 44 21
910 4181 11.75361 2.03191 0.22181 2.68394 35 21 6 30 21
1048 4265 11.98599 1.42818 0.18129 1.05425 93 62 15 93 66
972 4226 11.61386 0.03017 0.41190 1.67023 39 22 2 28 24
3330 4631 11.14495 2.40421 0.44821 2.25290 34 17 7 25 13
905 4192 11.45899 1.70048 0.21255 2.64974 64 33 21 59 50
3408 4587 10.94561 2.48365 0.53151 3.32355 69 30 5 69 34
1884 4476 10.86859 0.03449 0.82566 0.72362 44 3 0 42 40
2002 3408 11.74755 3.06085 0.46853 2.63552 27 19 5 27 12
1038 4262 10.10514 0.90286 0.18780 1.33823 62 54 6 60 41
2009 3409 10.07049 2.84227 0.59082 2.60804 53 36 4 53 24
971 4244 11.93306 0.02119 0.32269 0.88514 31 11 13 27 17
1050 4273 11.32841 1.49845 0.31518 0.47806 47 28 3 43 28
1960 4551 11.58699 0.02696 3.05043 1.40695 23 0 0 10 11
996 4261 11.33696 0.01223 0.24851 0.72954 39 26 8 37 24
1821 4418 10.12617 0.03128 8.30430 1.78048 24 0 0 18 14
1808 4394 11.40235 0.15463 0.38315 1.71029 37 18 0 35 27
908 4184 11.30926 1.98541 0.40872 3.07116 36 18 11 30 18
1025 4257 10.93063 0.17115 11.24222 1.82413 29 0 0 23 17
1865 4442 10.81550 0.01758 8.23243 0.58417 29 0 0 24 14
1856 4433 10.68525 0.01605 11.10608 0.52039 26 0 0 21 18
3358 4601 11.83048 3.12923 0.23761 3.23531 63 39 7 52 43
1988 4572 11.24726 0.06362 0.93166 3.37951 31 1 1 24 22
962 4236 10.44283 0.01649 0.22562 1.07775 85 61 11 82 55
972 4244 10.96688 0.02179 0.32540 0.97919 50 16 26 43 34
1864 4457 11.20748 0.01387 11.44765 1.13849 31 0 0 31 17
1876 4468 10.39770 0.02699 11.26725 1.20073 31 0 0 23 20
910 4199 11.41509 1.06317 0.33122 2.45575 56 17 24 54 38
1798 4406 11.85898 0.46166 8.01711 4.44867 13 0 0 7 8
1787 4388 10.85736 1.16898 0.25562 1.63087 89 72 6 87 65
1955 4530 10.25962 0.03967 2.43186 0.69154 28 0 0 20 21
1038 4261 11.36001 0.90229 0.20961 1.21241 46 33 3 44 34
1987 4554 11.06692 0.03716 0.82388 1.95425 30 0 1 28 26
2012 4566 10.21233 1.21747 0.51911 1.53289 42 13 4 35 25
3418 4568 11.61788 1.87514 0.80611 1.37373 76 27 9 68 44
1902 4478 10.28896 0.01911 1.39510 1.01914 35 0 0 30 26
1871 4463 10.08523 0.01647 10.78749 0.99465 28 0 0 18 19
988 4239 10.56721 0.01697 10.49601 0.99662 35 1 3 29 24
2008 3409 10.09309 2.90685 0.38969 2.52569 43 25 6 35 16
991 4241 10.65182 0.01536 0.12436 0.96266 32 21 6 28 21
1792 4388 11.09643 0.87569 0.33004 1.38197 90 59 9 90 61
907 4197 11.84313 1.31813 0.33197 2.51186 57 24 28 53 37
2018 4577 11.79739 1.46103 0.58271 4.86550 34 13 6 28 11
1845 4423 10.03944 0.01190 7.34472 0.73008 24 0 0 22 18
1833 4428 10.89598 0.00736 0.57259 0.34605 39 16 1 39 29
915 4203 11.55690 0.62720 0.30874 2.91067 52 13 14 49 25
1861 4438 10.71111 0.01766 9.22829 0.83837 31 0 0 25 18
1915 4491 10.29585 0.08084 10.01088 3.43125 36 0 0 32 25
1800 4406 10.64921 0.35751 0.68471 1.17902 23 4 0 21 11
3359 4617 10.55261 3.08446 0.24614 2.29269 38 20 5 38 19
3419 4582 10.61624 1.85010 0.49073 3.86594 62 34 3 60 27
1032 4276 11.68811 0.54189 0.29020 1.72737 39 18 6 35 18
1818 4400 11.67105 0.03280 0.35089 1.74159 32 19 5 32 23
951 4209 10.20779 0.05337 0.44876 2.90959 90 34 38 84 47
1050 4268 11.40344 1.48604 0.31400 1.02641 95 60 11 91 64
3336 4614 11.18141 2.85533 0.07224 2.23546 26 17 5 19 14
1964 4555 11.83696 0.02242 1.73368 1.28298 37 0 0 35 28
989 4240 10.18471 0.01666 0.24483 1.05425 27 16 4 20 16
933 4186 11.61900 1.06941 1.37569 3.80179 69 4 8 66 25
3318 4631 11.65608 1.98073 1.15110 4.81296 5 1 0 5 4
2015 4566 11.82640 1.35950 0.93345 2.83131 53 15 12 51 27
