2875 6465 11.37997 3.13401 1.03002 1.78553 32 10 1 27 16
2281 4641 10.33926 2.17209 1.07972 0.76002 26 10 7 22 13
727 2364 11.59337 0.01602 0.98803 0.86773 20 6 3 2 3
664 2303 10.00971 0.01206 0.40992 0.61166 28 24 4 26 21
1535 5211 10.40192 0.02752 0.51419 1.18762 86 68 15 84 46
4453 6880 11.50391 0.01357 0.21676 0.18557 38 24 14 34 13
363 7274 10.14497 2.99480 1.22495 1.11663 35 4 5 31 10
5274 5634 10.73340 0.01224 0.40696 0.63796 47 37 9 47 21
2235 7066 11.45802 3.01571 1.58269 1.73122 15 1 2 10 6
3406 5838 10.95734 3.13293 4.98179 8.26434 27 2 0 21 18
1167 6557 11.46000 2.50050 1.25278 1.50142 28 12 7 9 11
5165 5374 10.50349 0.00224 0.29990 0.33455 71 64 7 64 52
179 7384 11.50242 3.05583 0.56536 0.66086 15 5 5 6 3
3268 5988 10.64540 2.47694 1.51087 1.91315 34 2 0 22 23
5394 5637 11.98348 0.01338 0.37336 0.81613 49 38 8 47 22
1155 4078 10.09015 2.79338 1.10519 1.65091 26 14 6 13 4
436 7203 10.11910 3.05139 1.61317 1.52829 33 0 0 29 7
5161 5355 11.49891 0.00378 0.46247 0.72091 60 50 4 52 30
875 4355 11.16602 3.04880 1.23077 1.46286 13 1 1 11 4
2269 4611 10.62775 2.69751 0.48532 0.52786 59 31 23 48 19
1016 2660 11.94728 0.06784 0.45679 0.54393 23 17 5 20 12
5313 5636 11.48350 0.01362 0.51913 0.86457 46 39 6 41 25
3644 5397 11.73552 3.13387 0.61068 0.95532 39 27 3 29 18
5279 5633 10.23636 0.01103 0.24555 0.87178 71 60 6 69 47
577 7082 10.86016 2.94655 1.47841 1.20950 27 2 0 23 9
5213 5614 10.25740 0.01801 0.46611 1.02029 56 33 15 50 21
1469 3746 10.79166 3.10909 1.04774 2.55482 34 12 5 24 9
2614 4261 10.95837 3.10482 0.87746 2.44889 33 21 3 20 15
654 7004 11.82911 3.08382 1.93279 1.78400 11 0 0 8 4
277 7330 10.12963 2.89185 1.82160 0.94128 29 1 0 16 4
175 7422 11.63325 3.04663 0.59634 1.52058 5 4 0 1 3
2169 7153 11.68474 3.04841 23.01066 174.66076 3 0 0 1 1
2478 6856 10.93461 2.80736 1.01733 3.10841 22 4 0 22 8
5161 5375 11.49891 0.00378 0.47196 0.37534 46 39 3 36 25
1359 4972 11.03299 0.40695 0.42995 1.36458 45 40 2 42 25
3173 6115 11.23794 3.13941 1.68150 1.09182 30 8 4 21 9
3649 5644 10.94752 3.12930 0.89506 0.96388 57 34 2 57 34
1562 3640 11.54237 3.12696 1.00905 1.11908 48 23 10 42 20
1355 4964 10.37109 0.67761 0.90867 1.65965 32 15 4 21 15
1065 2686 10.49684 0.03866 0.46427 0.37430 50 42 5 43 36
4350 6789 10.15264 0.00183 0.76298 0.05595 79 55 24 73 45
3078 6253 11.54726 3.02575 0.67099 1.55167 20 14 1 12 10
5163 5338 11.00212 0.00293 0.69434 0.30132 78 69 8 74 48
4626 7042 11.27092 0.67087 1.26480 0.65252 54 1 0 46 29
327 1998 10.65641 0.27014 0.28211 0.64589 91 83 4 84 39
2565 4307 11.82333 3.13335 9.10351 179.52358 11 4 1 2 2
5160 5492 11.75078 0.00316 0.43805 0.47970 50 43 3 43 33
707 6957 10.49859 3.11814 1.34395 2.42043 40 2 1 37 21
828 2448 10.77234 0.37731 0.67167 1.74854 65 38 9 55 33
613 2280 10.82996 0.22710 0.39600 0.28255 67 60 6 57 43
1496 5080 10.14222 0.03047 0.27487 1.11311 138 130 7 131 73
1592 5638 10.37175 0.21470 0.34668 0.75796 68 53 8 65 34
3685 5117 11.23999 3.14045 1.97493 1.02565 41 6 3 31 9
626 4597 10.96606 2.95835 1.49942 1.43831 35 11 18 31 15
1569 3636 10.36959 3.09449 0.66663 1.34581 41 19 5 29 12
5165 5441 10.50349 0.00224 0.28790 0.47230 77 74 2 70 49
3672 5140 10.39466 3.13710 0.89246 0.78584 66 37 14 62 26
2310 7002 10.28864 3.09134 1.45394 1.95805 20 0 0 18 8
2332 4561 11.96810 3.10516 0.65927 1.45750 8 4 3 6 2
2983 6354 10.04617 3.12760 14.05512 179.20303 4 1 0 1 1
2503 6793 10.42455 2.92093 1.43560 1.47193 24 1 2 24 10
2458 6843 10.46713 2.51513 0.60957 0.82139 61 32 9 59 31
681 6981 10.55501 3.13425 1.83006 2.95949 31 1 0 27 15
698 6966 10.12844 3.12585 1.59049 3.45082 31 2 0 27 17
739 6925 11.42306 3.13506 1.14112 0.99308 45 10 19 37 24
845 6846 11.13680 2.78264 0.96816 2.72477 19 4 0 13 7
2390 6944 11.93398 3.11034 10.82527 2.18839 7 0 0 2 2
5167 5547 10.00159 0.00338 0.42622 0.20174 72 57 14 70 41
1372 3811 11.57124 3.12064 0.88807 1.85224 25 11 5 17 10
5161 5503 11.49891 0.00378 0.82242 0.20174 58 46 3 54 35
5165 5502 10.50349 0.00224 0.41885 0.10835 70 59 11 63 31
5164 5334 10.75340 0.00234 0.31620 0.65551 54 46 3 45 37
1061 4182 10.16415 3.12441 1.48044 1.58264 15 0 0 13 6
4244 6709 11.17632 0.03305 0.54818 1.22429 22 15 3 15 9
3681 5179 11.47913 3.12039 0.40058 1.14569 44 24 15 27 14
1318 3879 11.69506 3.13017 1.25812 3.00400 25 16 1 17 11
666 4579 11.96130 3.11409 1.16001 0.80891 6 2 1 4 3
1541 5570 11.59120 0.01806 0.93144 0.79031 51 23 5 49 21
846 6803 11.65775 2.56849 0.55516 1.78860 20 6 4 18 6
1369 3814 11.36005 3.12021 2.47180 1.88969 13 0 0 7 4
923 4286 11.26177 3.13746 1.39518 1.74406 25 2 2 20 4
1165 4058 10.13499 2.78017 0.74493 1.27103 25 19 2 17 8
4112 6593 10.94380 0.01593 0.33196 0.44937 44 38 2 31 23
296 7323 11.00445 2.94064 1.78838 0.84673 52 2 0 40 32
1570 5283 10.92418 0.01846 0.36915 0.97237 52 44 8 50 34
5487 5635 11.23314 0.01343 0.38491 0.65372 40 33 5 40 19
3262 6003 10.28770 2.66573 0.94643 1.60693 32 5 1 28 13
933 2562 10.73045 0.00316 0.33313 0.32746 32 23 9 22 15
2281 7035 11.02438 3.11616 1.15444 1.64734 41 5 2 33 21
871 6812 10.75492 nan 0.70925 1.15691 17 6 3 14 7
5161 5279 11.50095 0.00365 0.50841 0.60328 53 45 7 49 27
515 7145 10.08485 3.08925 1.05478 1.15046 16 0 4 7 5
2189 7131 11.45305 3.00589 1.05693 0.69436 22 5 2 20 11
3647 5432 10.10077 3.14056 0.70310 1.08354 32 21 1 29 16
5349 5635 11.23314 0.01343 0.29464 0.67377 46 37 6 42 23
3116 6165 10.79080 3.13014 2.47117 2.11618 78 20 29 68 30
3254 6055 10.87374 3.01573 0.78917 0.92788 47 22 6 38 18
2286 7035 11.56521 3.04072 1.55060 2.06166 38 1 0 38 12
1201 4011 11.60302 3.07664 0.88081 1.23859 37 33 3 35 18
277 7338 10.24224 2.97523 1.87026 1.48121 18 1 4 6 4
624 2263 10.84767 0.20257 0.30220 0.67897 59 58 1 57 40
5225 5622 11.25670 0.01582 0.23183 0.46646 48 37 9 43 22
5335 5634 10.73539 0.01218 0.30440 0.90828 56 42 8 46 29
1542 5432 10.86400 0.01730 0.63277 0.74546 51 27 7 47 25
2261 4627 10.36025 2.27821 0.58256 0.98596 63 37 20 50 19
2030 7265 11.71943 2.83812 1.61514 0.81853 16 1 5 14 4
1577 3645 10.46301 3.12169 1.26331 1.27656 71 19 15 69 42
3068 6210 11.67118 2.76213 1.20115 0.75069 43 16 3 33 14
2588 6742 11.68465 nan 1.28944 1.75747 23 13 1 17 10
1520 3687 11.01113 3.12501 1.24574 1.22173 37 3 0 33 19
176 7390 11.24530 3.05866 0.69009 1.47830 17 9 2 15 8
2429 6879 10.10836 3.12889 0.82000 1.22365 27 21 0 25 8
3336 5932 10.23117 3.12556 1.58185 0.74651 21 5 2 16 6
2468 4420 10.13656 2.84177 1.95047 2.12854 24 2 9 11 6
1177 2781 11.57526 0.78966 0.58868 0.97116 82 78 4 75 46
4382 6812 11.11117 0.35581 0.44754 1.87304 53 44 8 49 17
2440 4423 10.11896 3.13168 1.47514 2.12025 42 35 0 35 27
154 7442 11.36918 3.05384 0.10689 0.80113 51 29 18 51 17
3733 5062 11.64765 3.13182 1.06693 2.46799 87 2 16 83 56
377 2052 11.81512 0.10181 0.31882 0.75069 48 42 5 36 19
5168 5457 10.00092 0.00372 0.28654 0.23739 52 46 5 45 29
1547 5145 10.99439 0.01997 0.40051 1.48411 45 34 3 41 20
5160 5438 11.75078 0.00316 0.53775 0.28804 43 25 8 35 22
1570 5556 10.92639 0.01845 0.57001 1.05053 54 41 4 45 32
807 4441 10.85764 3.10993 1.07851 1.97140 27 11 3 25 14
4495 6925 10.73172 0.01363 0.56857 1.02029 35 29 5 30 16
4072 6552 10.84779 0.03320 0.35700 1.22940 45 28 6 33 23
2526 4317 11.76100 3.09606 2.75372 2.08281 20 0 0 18 13
484 7154 10.22289 3.04096 1.03072 1.43804 16 4 2 10 5
4429 6888 10.98967 0.01919 0.56270 0.69210 38 22 16 35 10
1320 3854 11.81582 3.13287 0.87936 1.40862 24 6 3 17 7
5167 5422 10.00159 0.00338 0.40243 0.09279 60 56 4 58 41
4020 6548 10.53490 0.98884 0.91329 0.47478 75 53 16 67 31
179 7391 10.43252 3.05738 0.57934 1.08787 18 14 4 16 7
314 1981 10.63075 0.66213 0.66425 0.81373 159 121 23 151 93
1290 3877 10.39017 3.11550 0.80093 3.39627 25 8 4 22 8
851 2465 11.93710 0.98657 0.42684 1.56997 27 12 3 19 13
2313 6999 10.12550 3.09290 1.76054 1.83654 15 0 0 8 7
3459 5813 11.88302 3.13669 2.24484 1.97516 14 3 3 5 4
3821 4987 10.80227 3.04822 1.02251 1.87304 18 7 3 12 5
2766 4041 11.34717 2.49206 1.20473 0.60263 25 5 0 17 11
3644 5390 11.73552 3.13387 0.44009 0.84209 27 18 4 27 11
405 2053 10.89948 0.11932 0.62486 0.82424 28 21 5 18 16
1257 3929 11.03190 3.13562 0.50483 3.94198 28 15 2 14 13
169 7423 10.83834 3.03987 0.69869 1.54002 11 7 0 11 2
1541 5450 11.59120 0.01806 0.70259 1.24049 51 24 7 49 24
819 4396 11.04415 2.62896 0.42880 2.64545 57 7 3 53 23
2494 4344 11.26386 2.70291 1.17994 5.32296 10 3 0 2 3
1543 5465 10.15180 0.01764 0.27985 0.79031 51 45 5 47 27
162 7418 11.19908 3.04783 1.24272 0.71162 33 4 27 26 16
1417 3770 11.81272 3.11757 2.17517 1.29241 33 3 10 29 8
1428 3761 11.80295 3.09333 2.36808 1.83334 38 0 2 31 9
662 4554 11.93667 3.10649 1.32770 1.76347 16 2 2 8 5
5320 5637 11.98348 0.01338 0.42716 0.82091 47 41 4 40 25
2304 7020 10.21625 2.98296 2.11020 2.24298 17 0 0 12 3
272 7343 11.49717 3.01550 1.21562 1.39662 10 1 2 5 3
2402 4467 10.17869 3.07819 1.22574 1.49541 51 4 0 49 24
332 7302 10.35823 3.04623 1.06060 1.05388 31 9 2 31 13
2834 6487 10.21468 3.07224 1.62813 4.03430 10 1 1 5 4
2972 6346 10.35081 3.14090 2.15289 2.08825 10 0 0 8 4
5166 5509 10.25254 0.00276 0.25846 0.61421 54 50 4 46 29
5546 5637 11.98348 0.01338 0.45088 1.08787 41 35 1 36 25
1145 4091 10.21901 3.07100 1.88774 2.10245 9 1 2 4 3
1585 5629 10.57755 0.10222 0.29896 0.56302 48 44 4 46 21
172 7425 11.46992 3.03980 0.90192 1.58288 19 7 8 17 7
1397 3789 10.42634 3.13298 1.50273 2.24890 36 7 2 23 16
3774 5017 11.82818 3.13854 0.83042 1.74473 31 8 11 31 9
5168 5565 10.00092 0.00372 0.35652 0.16313 53 49 3 47 32
5161 5288 11.49891 0.00378 0.56423 0.33688 52 38 10 48 28
909 2537 11.92525 0.00578 0.35609 0.40542 27 22 3 25 14
3661 5161 11.26315 3.13255 1.06901 0.70831 49 16 6 42 19
892 4335 10.53773 3.08573 0.91549 1.89837 31 14 4 27 8
3276 6028 11.28733 2.55606 1.71652 2.03240 31 4 8 29 8
4441 6869 10.23902 0.06157 0.26082 0.62244 54 45 6 46 33
2489 6845 11.36449 2.77400 0.23209 2.59375 27 3 0 19 10
3468 5781 11.25450 3.13455 2.63917 1.58461 34 0 0 20 14
5412 5636 11.48350 0.01362 0.41627 1.09647 29 19 9 24 10
2033 7264 10.45129 2.86967 1.68610 1.10145 16 2 4 13 6
1146 4057 10.02834 2.93081 0.95906 1.89134 17 2 6 8 5
1540 5255 11.35654 0.01825 0.51531 0.89087 53 27 5 49 30
834 4371 10.45451 2.30124 0.84207 1.99056 41 2 0 29 10
1458 3756 11.50085 3.07679 1.74180 2.38080 53 26 8 38 32
1614 5663 11.83780 1.14561 0.40175 2.52491 95 37 0 95 37
1379 3806 10.47662 3.12576 0.82693 2.03836 32 6 4 24 10
1337 3842 11.35475 3.13005 0.82347 1.31045 34 13 8 32 15
3466 5784 10.10749 3.13092 2.42160 1.73303 42 1 0 33 16
1542 5379 10.86400 0.01730 0.70046 0.69210 50 29 6 43 25
5161 5447 11.49891 0.00378 0.70324 0.20174 61 48 10 55 36
3670 5402 10.95647 3.12657 0.77653 0.78435 86 66 11 82 51
300 7332 11.80717 3.06676 1.09834 0.75796 45 8 1 43 16
988 4252 10.35396 3.10382 0.81990 1.56173 25 16 2 16 10
3572 5689 10.46941 2.78770 1.09897 2.01071 48 17 13 41 17
3646 5311 10.70784 nan 0.35160 0.74230 30 24 3 26 11
2459 6837 11.57387 2.36822 0.57861 1.45455 63 4 1 59 21
5162 5375 11.24999 0.00352 0.63136 0.24228 61 43 11 55 35
2046 7270 10.14328 3.05404 2.20291 0.85272 18 1 0 3 5
5165 5285 10.50550 0.00207 0.71113 0.35718 61 40 7 53 33
3570 5689 11.42490 2.78372 0.99921 2.15450 37 9 12 31 10
1569 5339 10.20782 0.01841 0.24196 0.94087 52 47 4 42 30
2335 4557 11.20360 3.10965 19.10421 178.17072 5 1 0 1 2
