472 9812 11.33911 0.01522 0.70146 1.06165 28 1 0 28 22
9417 9580 11.73887 0.01360 0.43265 0.87402 95 0 1 89 73
471 853 11.73438 0.01541 0.44131 0.87402 31 0 3 31 22
173 4386 10.75450 0.01352 0.28153 1.11873 168 4 4 168 148
2608 2879 10.34603 0.00507 7.58717 1.87972 143 0 0 95 114
7398 7886 10.66289 0.01038 0.28274 0.48295 41 2 8 28 21
128 8932 11.75814 0.01427 0.71873 1.34814 54 0 0 50 42
861 5653 11.51009 0.00689 0.55919 0.58417 27 0 0 27 18
467 5526 10.98902 0.00864 0.42375 0.49178 32 0 1 26 21
5276 5640 10.24678 0.00458 0.32893 0.48051 43 7 9 43 37
9036 9578 10.73478 0.01693 0.38877 1.04080 134 3 4 132 116
4395 4781 10.26359 0.00659 0.47202 0.44057 187 3 6 187 167
10335 10462 10.03247 0.02840 9.85730 0.69998 70 0 0 66 63
467 5176 10.98905 0.00820 0.90653 0.47395 21 0 1 19 9
2621 3421 10.49943 0.00616 7.85669 0.94874 24 0 0 15 11
2622 3287 10.50040 0.00555 7.95739 1.63590 19 0 0 11 10
5210 5643 11.75281 0.00514 0.37390 0.45284 39 1 1 39 28
2903 7301 11.21096 0.01277 10.82385 6.07444 27 0 0 14 15
871 5394 11.75400 0.01364 0.23500 0.90655 39 2 6 37 32
2593 2678 11.01334 0.00400 13.38376 15.63748 40 0 0 21 16
1597 6457 11.11532 0.01370 0.44454 0.78335 72 1 6 70 53
4391 4684 11.01433 0.00882 0.61224 0.52934 84 0 1 84 68
165 4571 10.25909 0.01222 0.63621 0.37009 168 0 3 166 149
5119 5536 11.25046 0.00640 0.60860 0.73542 13 0 0 10 7
6430 6480 11.62721 0.00437 0.39551 0.36154 61 3 8 59 46
2623 3175 10.14935 0.00507 25.71790 0.28667 46 0 3 2 15
2616 3023 11.40075 0.00559 4.36823 2.33716 38 0 0 26 28
2611 2943 11.75371 0.00569 6.64201 2.74010 73 0 0 59 61
3600 7657 10.66031 0.00542 0.19647 0.36477 48 1 7 46 32
2169 6917 11.55061 0.03021 0.78996 0.37742 62 0 0 58 39
894 5685 10.37607 0.46267 0.60031 1.26362 21 0 1 21 13
3452 7324 10.46743 0.00854 10.88468 5.52698 17 0 0 9 12
1903 6683 11.91269 0.02960 0.76397 1.80537 36 0 2 30 15
868 5237 10.00870 0.01253 0.16067 0.89043 66 8 1 63 56
2622 3111 10.50040 0.00555 2.77990 0.88071 40 0 0 17 29
2963 7302 10.35164 0.01278 8.47636 2.56338 14 0 0 3 6
457 631 10.50817 0.00403 0.36147 0.62807 45 0 2 45 31
2624 3429 10.14860 0.00533 9.91131 2.36844 31 0 0 19 18
3339 3534 11.89772 0.00899 0.35453 0.51052 13 2 1 11 7
877 5629 10.28897 0.01583 0.52736 0.62745 60 1 0 53 44
456 795 11.00853 0.00572 0.40208 0.30774 41 1 0 41 32
3133 3530 10.10154 0.00994 16.76293 6.36532 16 0 0 10 12
4824 9539 10.24559 0.00723 0.47169 0.79328 161 12 30 151 123
455 689 11.76960 0.00598 0.54842 0.44146 25 0 0 23 17
2790 3512 10.84755 0.00766 10.70469 39.12439 16 0 0 4 4
118 4332 10.74991 0.01447 0.57501 0.80891 147 1 1 147 131
2609 2902 11.90940 0.00507 6.93120 0.23239 109 0 0 81 92
1701 6448 11.84707 0.00772 0.27935 0.54823 62 3 6 60 48
2592 2797 11.55707 0.00483 27.48750 0.26688 22 0 0 9 10
3629 7591 10.13326 0.47270 0.76245 1.66554 25 1 0 19 12
2789 3515 11.35806 0.00770 10.77919 2.33330 39 0 0 16 20
3702 8310 10.08429 0.11314 0.23018 1.15454 23 5 1 23 17
456 522 11.00952 0.00481 0.52626 1.36085 33 0 1 29 19
3007 7303 10.00207 0.01284 6.14982 1.43640 9 0 0 4 6
2622 3435 10.50040 0.00555 6.89734 1.15758 26 0 0 26 14
9001 9184 10.99228 0.01013 0.42671 0.64407 173 13 21 171 136
5050 9762 11.54718 0.04783 0.59752 0.82234 37 0 1 35 22
4276 8892 11.50177 0.00639 11.33216 0.33804 146 0 0 144 125
2299 7020 10.98244 0.07089 0.25241 0.75899 63 10 5 61 49
851 5644 11.00640 0.00616 0.20324 0.48779 41 1 9 38 27
9054 9579 10.99214 0.01385 0.37956 0.99268 164 4 4 160 116
3527 7334 10.33072 0.01258 4.75246 0.70109 12 0 0 12 7
4853 9359 11.76266 0.01426 0.22028 0.98158 121 4 4 119 94
1611 6472 11.35945 0.01497 0.40621 0.94045 90 7 14 88 76
3630 8094 10.84035 0.50281 0.63294 1.71555 20 0 0 20 8
186 4721 10.99973 0.01010 0.39488 1.67023 141 0 0 130 113
3631 8111 11.39162 0.53306 1.23695 2.04985 12 0 0 10 6
4820 9028 11.26952 0.00703 0.67157 0.44850 91 0 0 89 63
2188 6959 11.35103 0.16039 1.04438 3.21223 49 0 0 47 22
692 5111 11.28863 0.00535 0.61393 0.57130 18 0 0 16 11
5119 5383 11.25048 0.00606 0.44343 0.38563 25 1 1 19 18
1124 5901 11.51007 0.01466 8.67908 5.79224 21 0 0 19 12
3268 3530 10.10154 0.00994 15.27356 1.60742 22 0 0 22 19
3328 3533 11.35089 0.00962 10.51804 1.59790 16 0 0 14 13
2594 2728 10.85770 0.00365 26.11546 0.18767 25 0 0 15 15
165 4760 10.25909 0.01222 0.61261 0.36904 96 1 2 89 78
2617 3356 11.39920 0.00640 8.64951 0.98755 23 0 0 18 15
3363 3531 10.64505 0.01036 10.97324 0.59215 18 0 0 18 14
590 9826 10.52250 0.01159 0.59586 0.95940 35 0 0 35 23
4824 9365 10.00452 0.00552 0.49244 0.49099 187 10 30 183 152
9425 9580 11.73887 0.01360 0.41990 0.84023 116 3 5 111 93
2773 7297 10.00458 0.00907 8.77975 0.52786 23 0 0 21 11
2616 7313 11.35910 0.00582 11.13631 1.99488 25 0 0 20 12
450 5122 11.51102 0.00760 0.41785 0.39466 51 3 2 51 40
10334 10431 10.53211 0.02975 10.71742 4.27563 73 0 0 59 63
4260 8863 10.76318 0.00526 0.27225 0.40926 128 6 20 126 103
7398 7786 10.66289 0.01038 0.27173 0.61802 25 0 6 16 14
4997 9716 10.29714 0.01291 0.58278 0.52039 56 0 0 49 44
2006 6780 11.09054 0.01489 0.32560 0.28255 72 2 16 70 55
870 5660 10.75634 0.02053 0.44162 0.95613 19 4 1 16 14
9484 9579 10.99214 0.01385 0.38810 0.99229 137 12 5 135 106
1633 6375 10.56375 0.00699 0.48826 0.39167 48 1 0 46 37
3631 7995 11.39162 0.53306 0.84399 1.73393 8 0 0 5 4
3629 7480 10.13326 0.47270 0.90082 1.62148 19 0 0 15 7
2619 3027 11.04744 0.00711 4.09526 1.30985 55 0 0 52 43
976 5735 11.25070 0.00908 12.09355 6.92339 14 0 0 11 10
2713 7296 11.05562 0.00871 11.31548 3.08807 33 0 0 14 20
187 4436 11.98668 0.01263 0.29106 1.64711 89 2 2 86 74
5138 5638 11.48454 0.01111 0.53605 0.92111 21 2 2 21 15
5118 5568 11.74907 0.00718 0.56221 0.90569 24 0 1 22 18
190 9353 10.75013 0.00781 0.70848 1.14192 133 0 11 133 106
2623 3132 10.14935 0.00507 4.20569 10.46388 36 0 2 28 22
189 9344 11.74867 0.00898 0.83782 0.99268 76 1 1 60 47
3629 7460 10.13326 0.47270 0.76046 1.67538 23 0 0 19 7
5302 5641 10.74659 0.00486 0.25575 1.13298 54 5 6 54 43
883 5674 11.05002 0.21303 13.20151 12.20610 7 0 0 5 1
2661 3510 10.29797 0.00829 11.90814 1.34494 65 0 0 46 46
869 5393 10.50818 0.01323 0.20994 0.50124 60 4 6 60 41
3631 7855 11.39162 0.53306 1.37400 1.78969 12 0 0 12 3
2645 3509 11.35484 0.00789 12.56429 1.52264 23 0 0 14 9
9015 9571 10.95918 0.02728 0.53788 1.57619 182 4 0 180 137
2625 3058 10.14779 0.00580 4.06898 9.96798 51 0 0 38 44
8132 8247 11.40301 0.43728 0.87358 1.70456 20 1 0 15 8
766 9827 11.67985 0.01142 0.82879 1.03325 32 1 0 30 22
2614 3436 11.94936 0.00614 31.61576 0.35936 15 0 0 8 8
4853 9421 11.76266 0.01426 0.26044 1.03060 100 3 0 87 78
5685 9843 11.94565 0.55264 1.28472 1.56022 19 0 0 17 11
1421 6210 10.21098 0.01242 0.42710 0.48295 89 2 1 83 66
2616 3340 11.40075 0.00559 13.64780 0.39366 21 0 0 14 14
602 859 10.74014 0.00919 0.38172 0.54032 37 0 3 37 22
2262 7020 11.32004 0.13175 0.24983 0.43879 136 16 18 132 119
869 5500 10.50820 0.01351 0.25750 0.65432 54 0 8 52 39
1629 6375 10.56713 0.00526 0.40064 0.56579 67 1 1 67 52
9000 9169 11.74228 0.01094 0.51271 0.76002 156 8 39 154 124
5274 9830 10.42122 0.01208 0.64889 1.94561 85 13 3 85 73
4547 8969 10.01552 0.01110 0.86175 0.82519 285 0 0 285 264
186 4524 10.99973 0.01010 0.36139 2.19891 139 0 0 135 119
467 5339 10.98905 0.00820 0.42312 0.65252 20 0 0 20 15
3573 7345 10.85946 0.01122 0.33585 0.65072 22 2 2 18 12
4393 4617 10.26022 0.00778 0.61854 0.75899 213 1 1 208 177
4824 9471 10.00452 0.00552 0.52978 0.53522 202 4 21 194 172
2653 3516 11.90222 0.00796 9.70422 0.85180 43 0 0 32 26
465 5478 11.73588 0.00933 0.44781 0.53229 25 0 4 23 14
3687 8318 11.67846 0.12774 0.46725 0.35608 30 0 0 27 19
7398 8191 10.66289 0.01038 0.47317 0.49968 32 1 4 30 16
8006 8248 11.85529 0.46580 0.95877 1.39437 15 0 1 13 5
4599 8969 10.01552 0.01110 0.87121 0.95368 213 0 2 213 184
2596 2788 10.30982 0.00316 12.87086 3.98182 62 0 0 35 41
9519 9578 10.74205 0.01270 0.46473 0.76719 124 1 0 122 109
2309 7058 11.36218 0.18745 0.16807 1.22876 27 3 0 23 22
4255 8858 11.76245 0.00384 0.37514 0.32626 104 6 19 101 81
9002 9225 10.25126 0.01010 0.52265 0.70942 196 1 1 194 165
3630 7833 10.84035 0.50281 0.81469 1.73144 14 0 0 6 7
3629 7518 10.13326 0.47270 0.54334 1.62148 20 1 0 20 5
10335 10402 10.03035 0.02833 11.33164 15.17959 54 0 0 39 42
10332 10423 11.54721 0.03155 12.91501 16.46625 85 0 0 82 72
2614 3299 11.94936 0.00614 11.76285 1.30746 26 0 0 22 21
5659 9844 10.21681 0.01177 0.42155 0.92450 30 1 2 28 18
1310 6113 10.55476 0.00778 0.46983 0.36477 18 0 1 18 14
4852 9526 11.24935 0.01377 0.45453 0.92450 67 11 5 67 54
5645 9827 10.76793 0.01590 0.53384 3.64271 31 0 0 27 20
3600 8025 10.66031 0.00542 0.36835 0.36045 74 1 6 47 26
5296 5642 11.50407 0.00450 0.46050 0.84302 45 2 3 45 38
9002 9530 10.25126 0.01010 0.55291 0.96550 185 2 1 178 153
2615 3235 11.75153 0.00590 13.82981 0.66500 23 0 0 9 13
2724 3511 10.65191 0.00813 6.84142 0.47147 24 0 0 22 14
2944 3530 10.99819 0.01010 17.69629 0.73115 20 0 0 20 16
1098 5871 10.25913 0.02268 7.24685 2.07132 32 0 0 20 22
3629 7508 10.13326 0.47270 0.86915 1.91500 13 0 0 8 4
269 4914 10.50215 0.00218 0.27441 0.28939 87 4 9 85 77
7864 8246 10.95663 0.41146 0.61304 1.75167 25 1 3 25 7
2594 2837 10.85512 0.00362 26.19266 0.19383 25 0 0 18 13
2614 3337 11.94936 0.00614 11.06740 2.61075 21 0 0 5 11
7397 7643 10.85805 0.01038 0.41598 0.54321 33 0 3 31 17
9407 9580 11.73887 0.01360 0.44741 0.99387 97 1 3 92 71
1528 6331 11.32901 0.01105 15.38997 2.02313 35 0 0 18 14
5260 9818 11.53701 0.01207 0.87622 0.99229 31 1 0 29 21
3136 7324 10.46316 0.00917 15.20167 1.74876 14 0 0 5 6
3720 8345 10.30047 0.00770 0.33840 0.27124 14 1 1 12 9
3966 8565 10.79995 0.00959 0.40648 0.67724 32 2 5 32 24
7395 7789 11.91205 0.01091 0.34401 0.41212 21 0 3 21 9
467 5341 10.98905 0.00820 0.43918 0.45970 42 0 1 42 33
2624 3473 10.84936 0.00578 7.66408 3.05851 19 0 0 17 10
2743 7318 11.52442 0.01092 10.30865 0.53302 14 0 0 11 12
4821 9058 11.75490 0.00687 0.68992 0.65252 147 0 0 142 122
2624 3368 10.14860 0.00533 7.06037 0.78435 21 0 0 13 11
1800 6574 10.36030 nan 0.38130 0.35166 77 3 4 70 59
8002 8245 10.40541 0.38381 0.49852 1.81919 20 0 0 16 8
1696 6421 11.16946 0.00871 0.41003 0.87626 63 1 0 63 50
3558 7329 11.75382 0.00345 11.06536 0.28116 16 0 0 16 9
3242 7302 11.25182 0.01280 13.11296 0.72900 8 0 0 3 4
9214 9578 10.74205 0.01270 0.48578 1.02870 137 1 1 135 118
7 126 11.52326 0.02952 0.94611 1.20203 101 0 0 97 77
2601 2870 11.36221 0.00478 10.21842 0.32264 90 0 0 84 75
9000 9197 11.74228 0.01094 0.51378 0.63551 130 4 40 130 110
869 5427 10.50820 0.01351 0.23769 0.77076 85 5 5 85 70
5486 5641 10.74660 0.00471 0.32610 0.71491 61 10 9 59 46
2659 3509 10.10594 0.00837 11.22678 2.62197 36 0 0 4 17
2703 3516 11.55116 0.00778 9.36578 0.42978 48 0 0 40 33
2623 3333 10.14935 0.00507 27.75131 0.28667 22 0 1 4 7
2614 3409 11.94936 0.00614 8.78430 0.81853 20 0 0 12 11
2618 3012 11.04822 0.00697 3.71575 2.66785 43 0 0 37 33
3631 8011 11.39162 0.53306 0.93550 1.73461 12 0 0 8 4
4850 9029 10.49222 0.01688 0.40283 1.02679 160 29 3 153 130
465 5499 11.73588 0.00933 0.50297 0.65252 21 0 2 18 14
2625 3160 10.14779 0.00580 3.98572 9.47515 48 0 0 42 40
171 4805 10.49759 0.01268 0.84276 0.68300 141 0 0 139 133
7938 8248 11.85529 0.46580 0.66804 1.39690 19 0 0 17 6
9168 9579 10.99214 0.01385 0.46646 0.87402 119 3 1 119 91
2900 7302 10.00040 0.01261 1.24273 0.72524 24 0 0 0 6
