115 1547 10.74453 1.81495 0.14861 4.34902 81 53 20 77 33
2449 3377 11.51103 1.06393 0.39907 2.54868 71 43 21 69 37
371 2423 11.23183 1.47320 0.16248 1.70961 73 51 17 71 38
578 3561 10.68366 1.14106 0.13328 1.47883 155 130 23 155 110
525 3499 10.48394 0.06692 0.07031 0.65252 57 35 15 51 30
2334 3288 10.21449 0.60180 0.17409 1.72147 102 74 10 92 57
391 2423 11.78355 1.43327 0.40488 3.25546 85 59 20 77 22
1403 3556 10.73074 2.22336 0.12622 0.82519 118 106 12 118 95
15 4449 11.54991 0.30032 0.26288 0.92535 54 34 8 48 26
591 1415 10.97019 3.09723 0.16969 0.58148 40 24 10 38 22
595 1404 10.35491 2.30808 0.13626 1.14671 126 106 15 124 85
444 3427 10.04481 0.90278 0.31985 1.13298 70 45 12 63 36
523 3550 11.45851 1.08776 0.22821 2.46482 57 37 17 55 30
595 1405 10.42108 2.35133 0.10478 1.16062 124 103 16 122 87
1386 3550 10.00667 2.22747 0.05425 1.38959 125 99 19 115 73
2335 3263 10.68921 1.68586 0.73278 2.77897 96 74 17 88 51
572 1420 10.90436 1.95009 0.11727 1.58264 58 49 5 53 33
410 3398 10.06667 0.08351 0.14544 2.62704 79 54 16 72 36
595 1408 10.75489 2.49652 0.11608 0.52638 126 105 13 124 90
858 3768 10.49101 0.04389 0.22260 2.18373 88 61 20 88 34
571 1421 11.45938 1.88885 0.22325 1.45911 50 35 10 48 27
547 3502 10.88783 0.11507 0.38924 1.36888 57 40 12 49 32
413 3441 10.15621 1.24783 2.60146 4.48768 49 30 12 47 10
83 4512 11.02520 0.03714 0.24499 1.02603 55 41 11 52 31
551 3501 11.73357 0.11499 0.29742 1.42354 30 18 7 19 12
158 1616 11.69931 0.12112 0.09739 0.58950 47 32 11 42 28
754 3668 10.93412 1.51079 0.17135 2.03817 55 35 15 53 24
532 3553 10.10113 1.22467 0.11697 2.20229 115 97 10 112 70
556 1407 11.72521 2.51256 0.12492 1.31105 103 88 8 97 69
428 2456 10.19883 1.06349 0.19681 4.82881 68 51 14 68 36
2464 3402 11.17440 0.09188 0.16852 2.39964 94 86 6 92 60
544 3557 11.21174 1.41059 0.11467 1.66295 58 48 4 56 39
2455 3388 11.07632 0.61450 0.11851 2.70125 73 56 13 69 41
5 4431 10.81164 0.89906 0.18780 2.74980 67 48 11 62 30
447 3464 11.48221 0.02016 0.14076 1.12152 66 52 10 60 38
1540 4534 11.82773 3.13185 0.12866 3.92685 91 77 10 87 50
395 3377 11.00395 1.18611 0.69670 2.80296 81 59 12 81 37
717 3679 11.35865 0.62154 0.31932 2.78881 71 41 23 69 27
2328 3273 10.71687 1.61371 0.64445 3.01480 73 46 19 64 28
428 3408 11.76796 1.05132 0.14197 4.26149 76 57 13 74 45
378 3364 11.72483 1.59149 0.39109 1.76081 32 16 11 30 13
786 3713 10.60311 0.03818 0.08989 0.87043 56 39 11 50 39
749 3662 11.42045 1.29293 0.50748 2.58377 74 51 18 74 35
417 3446 11.29783 1.13541 0.63741 2.23195 37 18 7 22 9
2466 3407 10.19850 0.06239 0.19945 3.53978 48 40 5 48 30
92 1565 10.98516 1.94637 0.24480 1.23923 112 81 20 108 63
958 3841 10.50947 1.13182 0.11715 0.42613 89 68 15 87 57
915 3836 10.34230 0.02788 0.09958 1.13367 51 36 2 40 34
666 3624 11.09642 0.00355 0.09831 0.17471 61 51 9 61 44
1416 3551 11.15230 3.09194 0.19438 0.49178 56 42 8 52 39
562 1406 11.63728 2.56523 0.23208 1.34523 81 70 6 79 59
678 3616 11.85252 0.00666 12.80237 0.62558 29 0 0 27 13
419 2452 10.01915 0.50459 0.03206 1.48885 50 42 5 44 35
877 3784 11.97781 0.06473 0.22804 0.66969 93 81 12 93 64
751 3666 10.34155 1.39535 0.29429 2.69719 35 11 13 33 15
391 3369 11.88995 1.48783 0.16253 3.13325 62 37 20 60 26
516 580 11.61045 0.55335 0.49051 2.11211 49 34 12 49 23
475 3464 11.97015 0.01877 0.13240 0.44937 72 56 12 70 49
148 1576 11.63775 0.08388 0.25084 1.84801 31 15 0 21 17
1408 3554 10.14746 2.55443 0.14085 0.28393 160 131 23 158 112
667 3607 11.56704 0.01346 0.09352 0.73115 32 25 6 30 21
131 4532 10.50841 1.54555 0.07460 0.87133 148 108 17 145 102
405 3389 11.91620 0.55190 0.24986 3.43821 75 58 11 71 42
125 4540 10.85627 1.44683 0.19882 1.86655 82 51 15 78 44
684 3621 11.86790 0.01961 0.41288 1.11487 25 15 7 22 12
102 4520 11.13582 0.32612 0.05054 1.03779 57 41 12 55 30
2432 3403 10.70970 0.94258 0.49014 2.59163 84 69 13 84 47
511 3528 11.00628 0.18681 0.40905 1.59520 96 76 15 92 68
826 3745 11.94841 0.05989 0.14378 0.76413 31 23 3 24 21
471 3461 11.28026 0.02688 0.36580 1.26980 52 32 7 49 29
194 1619 11.49547 0.08180 0.22773 0.17471 52 34 9 46 29
541 3503 10.04788 0.11372 0.15653 1.22045 64 48 7 56 42
18 4453 11.70835 0.16095 0.16019 1.34581 51 30 12 49 26
1399 3532 11.38021 2.97869 0.11182 0.71982 89 77 8 85 70
772 3695 11.96207 0.07969 0.08462 1.96324 104 88 11 104 65
576 1389 11.68375 3.02322 0.10910 0.48618 94 80 9 89 68
518 3542 10.83686 0.61577 0.16123 1.97120 75 55 15 72 51
2439 3364 11.02399 0.96576 0.64692 3.43296 69 45 15 63 22
412 3442 10.95368 1.31661 0.65247 4.74962 47 33 7 47 14
569 1407 10.30924 2.58635 0.20363 1.71418 126 110 12 124 91
439 3459 11.71112 0.04273 0.21404 0.73061 57 34 10 51 30
874 3782 11.16013 0.05782 0.22302 0.47313 92 69 12 88 49
132 4537 11.66718 1.54946 0.45589 2.05747 88 65 12 84 43
597 1402 11.24369 2.15792 0.34191 1.35739 112 84 20 110 72
2452 3428 11.20538 0.70663 0.23403 3.12224 68 41 15 64 33
425 2479 11.64363 0.88348 0.97537 5.88257 32 19 7 32 10
1388 3542 10.64649 2.75023 0.11535 1.47962 103 94 8 100 64
492 3499 10.18538 0.04577 0.38951 2.44104 55 36 7 53 34
659 3601 10.89804 0.02354 0.16315 1.34115 39 28 9 37 22
2379 3312 11.17297 0.02863 0.19264 0.49416 62 39 14 54 34
219 1633 10.33262 1.44979 0.06653 0.57946 62 53 4 60 48
582 1383 11.27619 2.64342 0.20060 2.01480 115 99 13 113 73
2388 3344 11.19975 0.02217 0.12443 1.30056 55 42 10 51 33
1410 3527 10.31118 2.41201 0.08618 1.84780 106 98 4 104 82
737 3657 10.15225 0.52011 0.12352 2.05042 112 80 28 107 55
2469 3445 11.11509 1.54966 1.59010 6.12823 26 18 3 24 8
429 2479 11.43009 1.10903 1.48703 5.01806 31 21 6 26 9
7 4432 11.96482 0.87808 0.21304 2.35817 74 52 13 70 28
381 3364 11.64073 1.58401 0.32906 1.64163 50 38 8 50 28
149 1578 11.24811 0.07916 0.58095 1.72238 36 10 7 31 17
213 1630 10.02511 1.19971 0.09063 0.35498 64 52 8 62 45
681 3636 10.07453 0.02479 0.25523 1.37002 63 42 13 61 34
727 3693 11.66185 1.53192 0.65489 2.68103 66 47 9 64 31
564 3557 10.75864 1.39588 0.21388 1.52880 93 83 10 93 58
1398 3535 10.94358 3.08101 0.13587 0.90871 110 99 7 110 78
213 1649 11.10205 1.46747 0.14328 1.39016 91 68 13 81 58
510 565 11.20023 0.14017 0.29901 2.18463 25 12 9 20 13
421 3447 10.49148 0.91149 0.21540 0.82377 29 18 4 24 15
542 595 10.21960 1.32607 0.02368 1.81575 110 82 21 108 60
509 563 11.52826 0.13012 0.73041 2.06583 40 37 3 38 20
598 3532 10.25474 1.26658 0.24164 1.89052 161 141 16 159 104
740 3700 10.65723 1.01638 0.10708 1.03628 149 127 19 147 106
2449 3380 10.40104 0.92095 0.21873 2.10338 96 71 19 94 44
736 3656 10.57821 0.46328 0.12634 1.67023 138 112 26 138 87
702 3658 11.19489 0.03453 0.03293 0.39762 89 58 28 86 44
405 2442 10.16858 0.40647 0.18807 2.97940 68 47 18 62 33
2436 3360 11.51892 0.82616 0.04852 1.68214 70 57 12 68 40
2447 3373 11.76464 1.16633 0.88050 2.33213 73 55 5 69 32
515 576 10.93095 0.36941 0.34371 2.32338 53 40 7 53 30
521 586 11.14252 0.89090 0.16102 2.36447 85 69 9 85 53
714 3644 11.58707 0.01470 0.05998 0.39860 54 47 6 54 39
125 1551 10.88796 1.29487 0.25425 1.82928 75 52 12 73 42
2359 3280 11.60974 0.91132 0.38911 1.87430 77 57 15 67 37
593 3518 10.65518 1.28173 0.04836 2.87494 96 81 11 94 52
546 3557 11.21914 1.41025 0.06238 1.61786 68 56 8 68 40
97 1552 11.90716 2.58595 0.54636 2.45830 59 32 17 59 26
90 1564 11.94260 2.02168 0.13004 1.12361 80 56 17 78 51
392 2424 11.74396 1.40119 0.22079 3.21211 66 48 11 66 24
601 3538 10.76442 1.13034 0.26006 1.21305 138 123 13 136 98
945 3855 10.68365 0.34359 0.20172 0.55953 71 60 4 71 53
503 3487 10.36291 0.04223 0.24330 2.05443 50 31 17 47 27
405 3433 10.01999 1.05772 0.17061 5.00061 68 50 9 56 45
2342 3260 11.49206 1.57446 0.08476 3.02220 52 40 11 50 19
2473 3443 10.71559 1.51622 0.55807 5.13538 32 17 7 27 13
396 2431 10.60505 1.07662 0.25788 2.89124 76 65 8 76 38
800 3726 10.08626 0.02419 0.11761 0.32984 117 94 20 115 84
741 3657 11.69153 0.75466 0.72776 2.83379 66 36 25 66 21
603 3541 11.22881 1.01205 0.39610 1.82134 125 106 15 123 84
564 1409 10.85084 2.42396 0.16195 1.65777 62 48 8 60 40
106 4540 10.55858 0.55062 0.12696 1.53697 124 97 19 122 78
551 1411 11.18623 2.29926 0.11633 1.59152 81 67 10 77 67
91 1562 11.53892 2.13203 0.20192 1.43885 52 37 13 47 25
400 3383 11.69340 0.89346 0.11553 2.96597 84 64 17 84 37
539 1417 11.51541 1.94865 0.22536 1.72420 62 55 3 62 45
818 3739 11.86804 0.05403 0.23165 0.78335 14 8 3 12 9
1578 4537 11.65490 1.63819 0.47265 1.66695 122 88 14 120 69
741 3702 11.61325 0.95157 0.09637 1.06017 135 117 16 135 92
743 3701 10.10380 0.82626 0.35152 1.68144 146 124 20 146 83
495 3480 11.73798 0.02048 0.13781 0.31528 47 29 13 40 24
26 4463 11.34854 0.02353 0.11418 0.82234 65 48 13 57 39
588 1378 11.81548 2.20251 0.09170 1.06459 108 83 16 108 56
566 1403 11.69155 2.72289 0.34277 1.37402 72 60 7 69 45
698 3653 10.73586 0.02149 0.17994 0.27268 49 30 9 44 29
2432 3404 11.20678 0.95801 0.71218 2.67576 47 39 7 45 20
590 1382 10.80670 2.13124 0.05834 1.53926 111 86 15 105 70
595 3519 11.19941 1.36407 0.12065 2.78164 118 93 17 116 52
12 4445 11.12199 0.44621 0.16829 0.80015 67 48 8 65 48
619 3565 10.61115 0.01832 0.27520 0.97156 66 43 19 64 38
1385 3554 10.85013 1.97478 0.06001 1.11065 126 102 16 121 86
621 3587 10.80721 0.01343 0.10532 0.27554 38 27 7 36 24
1575 4529 10.71214 1.66072 0.47985 1.40388 125 102 21 120 74
719 3681 10.97407 0.77446 0.92975 2.92061 95 61 29 93 49
1418 3522 11.60818 1.88990 0.22049 1.98662 72 61 4 66 42
919 3839 10.00787 0.03057 0.19898 1.08787 53 38 7 45 34
708 3665 10.80542 0.01654 0.10472 0.60716 84 67 17 84 53
600 3536 10.63680 1.19250 0.49067 1.72283 135 115 16 133 82
552 1416 11.26247 2.00088 0.09473 1.89176 102 89 10 100 62
1390 3540 10.87568 2.87580 0.13772 1.00988 120 102 13 120 77
221 1636 10.07077 1.52997 0.11302 0.95777 66 50 9 64 44
546 3502 10.88827 0.11496 0.34819 1.30716 45 30 9 43 22
523 588 10.95953 1.01092 0.13766 2.39114 86 68 14 86 60
650 3611 10.98224 0.02716 0.15400 1.41913 25 16 5 21 15
565 1420 11.70149 1.83120 0.19321 1.89155 47 35 10 45 27
582 3562 10.30517 0.93559 0.32985 2.10524 146 126 16 141 88
792 3718 11.26078 0.01629 0.32793 0.69942 44 26 5 40 23
567 1414 10.14103 2.16253 0.08851 2.23230 99 76 14 91 58
370 2439 11.62313 0.64640 0.26650 1.33002 87 70 10 85 66
1558 4527 10.29856 2.35834 0.27374 1.76303 57 48 4 57 28
478 3488 10.80364 0.01575 0.13646 0.65372 71 57 13 69 43
835 3775 10.17397 0.07998 0.09809 1.57371 124 103 17 121 67
535 3556 11.07096 1.37410 0.13996 1.63423 73 56 12 73 49
1402 3527 11.84386 2.78534 0.16506 1.22717 80 64 9 78 60
1420 3539 10.52194 2.19549 0.12991 0.81181 87 70 10 84 65
508 558 11.79446 0.12236 0.10287 1.56848 42 29 8 40 21
513 3531 10.48913 0.23966 0.32090 1.47299 70 50 18 70 46
539 3502 10.76934 0.11422 0.10318 1.25803 68 59 6 66 42
514 577 11.75332 0.41583 0.66504 2.42640 23 17 6 23 14
558 3501 11.84659 0.11612 0.47667 1.48622 40 26 12 40 16
377 3366 10.89388 1.57292 0.09579 2.41103 46 31 11 44 24
560 1417 11.27358 1.95091 0.14989 1.97417 71 63 6 69 44
464 3455 10.16057 0.01633 0.01299 0.97438 97 76 15 88 53
501 3509 10.82882 0.02260 0.10410 0.80064 74 55 15 68 46
1403 3534 10.20601 2.89883 0.13183 1.07484 141 117 17 136 94
106 1579 10.98190 1.08515 0.11574 1.27257 153 119 26 148 109
2455 3432 10.65047 1.00399 0.23907 4.52801 79 58 3 77 51
533 3500 11.83555 0.10438 0.20434 1.03476 35 16 10 31 15
41 4479 10.39581 0.02173 0.25637 0.47395 53 38 10 46 34
964 3856 10.91288 1.47447 0.36762 1.21241 74 47 23 74 35
100 4538 10.44230 0.21965 0.16912 1.06936 63 42 16 63 34
557 3557 11.15820 1.40951 0.16645 1.52264 76 61 12 76 45
