488 3515 10.56562 0.10188 8.05758 2.31596 19 0 0 15 6 149 100.00000 0
551 7156 11.19273 2.95583 8.59352 6.62963 14 0 0 8 4 102 100.00000 0
7429 7507 11.25316 0.01296 14.69803 0.74230 19 0 0 12 9 300 100.00000 0
3084 5477 11.92975 3.13191 10.48179 1.82756 28 0 0 12 8 335 100.00000 0
3060 5475 10.45492 3.13401 6.94406 179.56524 34 5 1 19 15 312 100.00000 0
4133 6514 11.38160 nan 7.00786 3.18948 11 0 0 3 5 160 100.00000 0
1510 6184 11.88497 3.09254 15.54908 177.18819 10 0 0 1 2 176 100.00000 0
2205 2324 10.08808 0.02070 11.68092 1.18564 29 0 0 16 12 328 100.00000 0
3939 6708 10.79658 3.10509 6.47762 2.36149 9 0 0 6 4 120 100.00000 0
578 7147 11.25232 3.00914 6.80240 172.41134 10 1 0 0 2 49 100.00000 0
2862 5475 10.45492 3.13401 5.84282 179.56524 29 3 1 17 16 305 100.00000 0
1004 6771 10.15407 2.98035 6.48505 170.76188 6 0 0 4 3 74 100.00000 0
3727 6968 11.09867 3.00185 12.11710 56.15227 8 0 0 3 2 91 100.00000 0
512 7197 11.98086 3.08385 19.18502 36.47119 8 0 0 3 3 58 100.00000 0
2187 5501 10.39527 3.09895 17.81405 177.55760 9 0 0 4 4 93 100.00000 0
523 7191 11.64097 3.05963 12.25605 175.30364 6 0 0 2 1 72 100.00000 0
893 6882 11.14054 3.13706 12.79293 155.91819 11 0 0 4 2 93 100.00000 0
989 6753 10.83691 2.29045 11.61674 131.23294 13 0 0 0 2 163 100.00000 0
2048 5614 10.43174 3.08955 7.26574 5.20323 11 0 0 7 6 130 100.00000 0
3774 6916 10.48370 3.11127 10.62594 178.26652 6 0 0 4 2 122 100.00000 0
113 169 10.75039 0.04458 4.07995 12.60736 42 30 0 23 28 396 100.00000 0
3694 7003 11.88168 3.00898 9.09125 172.40209 7 0 0 3 2 122 100.00000 0
2205 2292 10.08808 0.02070 10.72441 1.18564 26 0 0 16 12 226 100.00000 0
2484 5477 11.93388 3.13196 6.36966 179.44751 22 0 0 12 10 278 100.00000 0
2411 5476 11.20983 3.13290 0.88011 17.75533 18 0 0 4 6 246 100.00000 0
2924 5477 11.92975 3.13191 7.14716 179.44680 23 1 0 12 11 322 100.00000 0
3720 6970 10.88772 3.09206 8.93048 26.52825 6 0 0 2 3 111 100.00000 0
5210 5338 10.98272 0.01316 12.57667 0.75277 45 8 1 25 18 446 100.00000 0
508 7199 11.71929 3.09812 9.84049 177.50636 9 0 0 9 6 45 100.00000 0
783 6988 11.37710 3.11473 4.63068 178.45972 3 0 0 0 1 46 100.00000 0
4042 6585 11.03005 3.08358 2.52217 5.39398 16 0 0 6 3 246 100.00000 0
724 7047 11.14035 3.02502 7.87121 173.32092 10 0 0 2 6 149 100.00000 0
1309 6418 10.46674 3.11723 2.27197 16.13424 25 1 0 5 3 244 100.00000 0
5208 5281 11.98285 0.01307 12.43973 0.74913 27 1 0 19 15 358 100.00000 0
1245 6486 11.55414 3.11703 8.57253 178.59556 7 0 0 7 4 136 100.00000 0
3715 6977 11.33154 3.12405 12.35536 178.99322 5 0 0 2 2 90 100.00000 0
541 3544 11.74476 0.15328 11.26184 11.87205 11 0 0 4 3 108 100.00000 0
2309 5476 11.20983 3.13290 9.69399 2.98400 23 0 0 19 12 240 100.00000 0
240 7369 11.45907 2.99942 26.39546 170.29720 7 0 0 1 3 124 100.00000 0
492 7185 10.84931 2.97515 6.03321 2.48632 11 0 0 7 2 142 100.00000 0
5210 5321 10.98272 0.01316 11.82175 0.75277 31 2 0 11 7 434 100.00000 0
2550 5477 11.93388 3.13196 9.41560 179.44751 26 0 0 16 12 250 100.00000 0
5297 5390 10.24948 0.12549 5.55448 1.65280 25 0 0 16 16 291 100.00000 0
4139 6509 11.78473 3.13977 2.88639 3.98968 7 0 0 2 3 144 100.00000 0
505 3526 11.46548 0.13809 14.34009 166.69313 6 0 0 2 2 72 100.00000 0
283 7324 11.93102 3.10492 21.62836 177.90034 7 0 0 1 1 87 100.00000 0
2585 5475 10.45907 3.13408 6.04188 179.56524 39 4 1 14 22 287 100.00000 0
3795 6891 10.39161 3.13936 11.79921 179.88131 9 0 0 2 2 123 100.00000 0
2518 5476 11.20983 3.13290 9.91983 179.50822 22 0 1 15 12 258 100.00000 0
469 7197 11.37693 3.01921 6.58815 5.46415 11 0 0 9 4 155 100.00000 0
2320 5475 10.45907 3.13408 7.11872 179.56524 32 1 0 27 25 250 100.00000 0
2679 5476 11.20983 3.13290 4.20524 179.50822 28 1 0 5 9 294 100.00000 0
1227 6504 11.53815 3.13066 2.33696 4.69686 19 0 0 15 12 216 100.00000 0
501 3498 11.11976 0.08551 6.49481 2.83559 21 0 0 19 12 195 100.00000 0
5209 5283 11.48280 0.01318 9.99403 0.75381 32 0 0 19 13 433 100.00000 0
2358 5475 10.45907 3.13408 2.67380 2.95896 38 4 0 3 6 308 100.00000 0
2960 5476 11.20570 3.13283 10.26458 179.50822 20 1 1 11 13 284 100.00000 0
3744 6935 11.81514 3.09863 5.57453 29.46046 5 0 0 3 0 78 100.00000 0
874 3798 11.74607 0.00900 10.61841 2.81355 16 0 0 9 8 149 100.00000 0
1940 5712 11.26322 2.93346 2.15206 168.07509 30 1 0 22 7 503 100.00000 0
2296 5477 11.93388 3.13196 7.18454 179.44751 29 2 1 14 6 247 100.00000 0
906 3806 10.50705 0.01391 8.84884 0.96510 26 0 0 22 18 229 100.00000 0
225 7378 11.46465 2.84751 12.44500 163.15045 5 0 0 3 0 78 100.00000 0
59 142 11.75631 0.02808 13.38793 0.20367 25 0 0 21 20 263 100.00000 0
1525 6197 11.76704 3.04467 8.91489 24.10902 6 0 0 1 1 109 100.00000 0
2897 5476 11.20570 3.13283 9.57379 179.50822 25 3 1 4 5 277 100.00000 0
880 6896 11.54188 3.13452 11.40061 123.41374 11 0 0 8 4 104 100.00000 0
3622 7063 10.09100 3.03184 7.36915 1.89878 12 0 0 6 3 97 100.00000 0
2202 2529 11.49669 0.02420 3.82921 11.58323 26 0 0 4 10 370 100.00000 0
863 3787 10.49507 0.01264 9.47136 1.05053 16 0 0 5 5 226 100.00000 0
