46 2458 10.93899 0.00085 0.07600 0.09691 111 26 12 100 74 590 100.00000 0
2 2410 10.83188 1.08332 0.19097 1.50662 140 40 21 134 108 656 100.00000 0
4 2341 10.62587 1.34239 0.23408 1.60206 167 44 34 165 115 579 100.00000 0
2375 2429 11.63953 1.09843 0.38750 1.84228 144 23 25 138 82 572 100.00000 0
2293 2351 11.73693 0.14199 0.05571 1.03590 74 10 17 65 45 410 100.00000 0
583 1353 11.11828 0.00704 0.13821 0.96022 72 8 14 61 33 506 100.00000 0
830 2600 11.72119 0.03361 0.22882 0.79081 72 11 17 72 43 514 100.00000 0
26 2320 11.85411 1.40166 0.11033 2.12302 161 38 19 159 106 644 100.00000 0
740 1474 11.04118 0.01730 0.06229 0.97076 95 26 11 93 64 630 100.00000 0
768 1540 11.46680 0.04711 0.15638 2.40078 48 5 8 45 29 315 100.00000 0
151 2525 10.88839 1.50885 0.12909 0.90005 56 10 15 52 38 370 100.00000 0
567 1306 11.93804 0.21390 0.05925 0.27268 59 16 7 57 43 391 100.00000 0
25 2341 10.58463 1.36991 0.18801 2.23668 136 21 15 130 95 608 100.00000 0
28 2409 10.76865 1.14760 0.11639 1.85330 76 12 8 72 55 487 100.00000 0
27 2409 10.05551 1.15001 0.13525 1.89548 137 32 13 130 101 686 100.00000 0
1 2373 11.80218 1.33674 0.22661 1.75033 118 27 24 113 75 608 100.00000 0
5 2398 10.22260 1.33467 0.06469 1.82199 141 32 36 141 92 647 100.00000 0
596 1342 10.87567 0.00974 0.23948 0.72145 81 15 14 77 58 595 100.00000 0
797 1571 10.72722 0.45146 0.03587 0.69323 105 10 19 105 71 414 100.00000 0
32 2416 11.69083 0.84080 0.09880 0.98198 64 11 10 62 53 430 100.00000 0
0 2404 11.97429 1.26074 0.14201 2.03663 103 21 22 100 62 556 100.00000 0
584 1329 11.44588 0.01643 0.18679 0.48133 26 2 1 24 18 352 100.00000 0
740 1496 10.92571 0.01624 0.23287 1.01568 87 12 10 75 60 600 100.00000 0
4 2383 10.65034 1.34265 0.20700 1.60474 132 34 26 128 92 620 100.00000 0
24 2361 10.04750 1.36643 0.14274 2.50983 182 30 25 171 106 740 100.00000 0
726 1481 10.03635 0.02048 0.16335 0.68643 133 33 23 131 99 633 100.00000 0
1564 2566 10.70175 1.50673 0.18835 2.31984 56 9 9 52 34 425 100.00000 0
1 2375 11.79752 1.33567 0.18142 1.75547 133 30 30 133 81 546 100.00000 0
2360 2428 10.98106 1.06656 0.31092 1.53748 79 14 12 72 44 390 100.00000 0
712 1470 11.73819 0.02236 0.16358 1.57545 63 9 2 54 45 727 100.00000 0
681 1423 10.40942 0.01884 0.15180 0.68414 109 16 22 101 67 609 100.00000 0
583 1329 10.58680 0.01714 0.15724 0.58950 19 1 3 16 14 397 100.00000 0
919 2637 11.19761 1.57544 0.08004 1.34290 53 7 7 45 29 332 100.00000 0
1535 2585 11.70529 1.43565 0.27079 1.94722 28 0 2 18 13 267 100.00000 0
817 1528 10.77377 1.18721 0.32767 1.21370 75 5 9 75 47 300 100.00000 0
825 1568 11.70404 1.50176 0.04892 1.24049 98 22 17 92 70 511 100.00000 0
139 2526 10.04170 0.99317 0.20594 1.13229 43 7 8 41 32 396 100.00000 0
824 1549 11.47331 1.45764 0.19594 1.00171 56 13 9 56 44 287 100.00000 0
2300 2416 11.82551 0.67374 0.01031 2.16338 185 45 57 185 113 556 100.00000 0
24 2358 10.03758 1.36668 0.24090 2.48774 161 28 32 156 84 659 100.00000 0
515 1293 11.25712 2.67819 0.08687 2.63507 84 13 9 73 56 505 100.00000 0
708 1466 11.15262 0.02371 0.15871 0.54249 59 10 7 49 39 595 100.00000 0
745 1503 11.94916 0.06552 0.13047 0.70776 26 2 2 22 12 423 100.00000 0
2 2341 11.38150 1.33852 0.38150 1.69073 149 29 33 149 89 604 100.00000 0
2 2387 11.40851 1.33970 0.23345 1.68330 129 26 22 125 86 579 100.00000 0
543 1280 11.67295 1.66358 0.53753 1.96384 32 6 6 30 22 234 100.00000 0
643 1388 10.37749 0.02097 0.10650 0.30390 75 20 4 71 59 506 100.00000 0
824 1552 11.17464 1.47307 0.12941 0.52489 49 10 8 47 38 306 100.00000 0
773 1549 10.26261 0.04022 0.06192 2.09406 71 21 9 68 55 346 100.00000 0
841 2587 11.54700 0.01892 0.24570 0.50822 51 12 9 51 36 458 100.00000 0
26 2339 11.16932 1.36647 0.08346 2.04354 138 24 14 129 72 630 100.00000 0
25 2382 10.59903 1.36948 0.09884 2.27538 95 14 12 89 50 553 100.00000 0
1521 2575 10.17923 1.40703 0.08227 2.38721 31 4 8 31 17 314 100.00000 0
775 1557 11.67465 0.07071 0.87743 2.38327 15 1 4 10 6 208 100.00000 0
0 2406 11.87292 1.21274 0.15686 2.04296 115 27 16 113 74 454 100.00000 0
822 1540 11.25692 1.38793 0.18032 1.18167 67 13 3 62 47 354 100.00000 0
1576 2577 10.81003 1.51538 0.21744 0.60781 83 17 17 83 61 464 100.00000 0
2362 2427 10.32198 1.02867 0.29848 1.44888 239 62 35 235 151 878 100.00000 0
104 2514 10.79346 0.06914 0.06386 1.81402 69 19 13 67 33 525 100.00000 0
565 1303 11.90033 0.35548 0.16994 0.73595 31 8 5 25 20 336 100.00000 0
573 1317 10.50901 0.02034 0.10544 0.52563 72 14 9 62 35 530 100.00000 0
546 1326 11.65109 0.17241 0.29152 1.89940 34 4 4 23 19 312 100.00000 0
737 1493 11.13119 0.02668 0.16356 0.44499 54 8 9 48 35 567 100.00000 0
563 1336 11.37131 0.13468 0.31903 2.28722 33 3 1 29 20 418 100.00000 0
24 2336 10.03906 1.36620 0.13727 2.55006 154 19 43 146 89 681 100.00000 0
23 2315 11.47313 1.48938 0.30878 3.13688 152 10 27 150 85 608 100.00000 0
25 2365 10.58384 1.36866 0.07819 2.23353 131 17 15 127 71 637 100.00000 0
529 1282 11.26956 2.44269 0.56257 2.97322 53 8 12 48 27 403 100.00000 0
737 1471 11.66466 0.01107 0.08808 0.62370 71 13 12 71 45 580 100.00000 0
2293 2376 11.71953 0.14188 0.10585 0.99897 38 4 7 36 28 362 100.00000 0
17 2309 11.65034 1.51767 0.25907 2.53497 167 46 25 153 106 578 100.00000 0
752 1510 11.02960 0.13390 0.18922 1.44726 84 10 5 82 58 494 100.00000 0
27 2389 11.81937 1.36719 0.10119 1.84079 123 24 20 115 78 557 100.00000 0
586 1331 11.58355 0.01549 0.11659 0.45024 43 6 7 40 29 454 100.00000 0
789 1566 10.03461 0.22545 0.27899 1.08462 50 3 7 48 41 295 100.00000 0
769 1543 11.40710 0.04528 0.19465 2.56430 46 1 8 46 31 309 100.00000 0
27 2375 11.80736 1.36562 0.10264 1.84143 124 17 15 117 71 552 100.00000 0
799 1513 11.78918 0.37536 0.97468 6.52498 18 0 0 6 9 287 100.00000 0
27 2331 11.81117 1.36477 0.11796 1.96722 118 21 14 110 64 547 100.00000 0
2341 2429 11.63297 1.10052 0.18752 1.86991 178 26 30 174 103 603 100.00000 0
1532 2584 11.23132 1.43172 0.69009 2.33246 33 4 7 31 14 250 100.00000 0
792 2565 11.47370 1.20942 0.21323 1.72056 40 6 7 40 31 340 100.00000 0
5 2387 10.29263 1.34510 0.11900 1.58979 191 32 56 187 142 701 100.00000 0
624 1368 11.41175 0.01324 0.06074 0.46897 85 26 6 82 65 435 100.00000 0
793 2566 10.57228 1.18263 0.11774 1.99822 94 23 17 94 53 389 100.00000 0
916 2627 11.62152 1.45207 0.11665 1.88014 25 4 4 23 19 225 100.00000 0
788 1566 10.38221 0.20558 0.36694 1.69397 38 1 4 38 25 192 100.00000 0
542 1323 10.85830 0.35420 0.10992 2.55665 74 14 5 65 44 395 100.00000 0
4 2393 10.63482 1.34212 0.04734 1.67608 154 34 23 150 89 639 100.00000 0
520 1313 10.65331 1.63807 0.05842 3.47514 131 29 25 129 52 533 100.00000 0
2293 2375 11.71962 0.14290 0.13977 1.00405 52 11 6 48 35 408 100.00000 0
27 2343 11.79208 1.36450 0.08171 1.87179 148 31 8 144 106 567 100.00000 0
3 2354 11.00165 1.34195 0.17607 1.64616 103 11 20 101 65 535 100.00000 0
28 2442 10.81052 0.02036 0.08302 0.84302 93 12 21 93 65 620 100.00000 0
774 1500 11.20667 0.02587 0.11171 1.14603 94 29 8 87 68 562 100.00000 0
0 2405 11.92305 1.23969 0.37102 2.19945 73 17 12 73 51 491 100.00000 0
2 2347 11.37986 1.33622 0.30746 1.69281 149 24 34 149 94 603 100.00000 0
1 2372 11.80754 1.34093 0.12622 1.76170 109 22 28 105 59 501 100.00000 0
1523 2579 10.16952 1.40160 0.67812 2.91793 37 2 2 35 14 309 100.00000 0
55 2466 10.34770 0.01323 0.05720 0.88470 70 19 7 70 54 502 100.00000 0
822 2574 11.39987 0.06396 0.04104 0.32626 44 5 8 44 27 412 100.00000 0
854 2597 11.06671 0.01489 0.17511 0.80939 56 8 6 56 34 480 100.00000 0
31 2415 11.20437 0.88999 0.08112 1.09468 57 12 2 57 44 487 100.00000 0
509 1304 11.72909 2.16563 0.47548 2.87630 42 4 2 36 21 372 100.00000 0
618 1386 11.13316 0.00832 0.14228 0.57607 58 10 14 47 35 487 100.00000 0
763 1491 11.86349 0.03237 0.10777 0.29871 57 11 9 52 35 459 100.00000 0
2359 2427 10.31873 1.02897 0.30389 1.44347 203 51 30 201 122 771 100.00000 0
513 1306 10.36536 2.04343 0.17379 3.11118 52 11 8 50 28 301 100.00000 0
787 2566 10.96029 1.32212 0.44765 2.56857 65 16 9 65 41 363 100.00000 0
802 2567 10.37612 0.88837 0.33537 1.80970 47 9 6 47 30 461 100.00000 0
2365 2427 10.31003 1.02748 0.29861 1.42519 230 53 38 215 127 814 100.00000 0
751 1483 10.77079 0.01507 0.16629 0.71162 86 8 13 79 55 603 100.00000 0
4 2417 10.55067 0.76945 0.09683 1.13677 120 21 29 118 83 554 100.00000 0
4 2403 10.36711 1.28480 0.11031 2.04717 174 43 40 172 121 668 100.00000 0
2295 2384 10.42894 0.14259 0.02916 0.81661 157 26 42 157 109 613 100.00000 0
12 2311 11.15060 1.50528 0.24101 1.76436 192 35 60 192 127 767 100.00000 0
66 2458 10.53798 0.00285 0.11572 0.22206 112 23 19 112 86 626 100.00000 0
2342 2427 10.31183 1.02909 0.26613 1.50220 209 45 36 204 123 758 100.00000 0
766 1536 11.96242 0.05261 0.20165 2.41460 74 11 15 70 48 355 100.00000 0
612 1357 10.91410 0.00355 0.40188 0.91984 67 8 15 61 42 554 100.00000 0
581 1351 11.02611 0.01117 0.14701 0.75433 83 17 17 76 51 476 100.00000 0
607 1353 10.27421 0.00539 0.16409 0.76002 72 6 9 65 45 523 100.00000 0
823 1539 11.92658 1.41236 0.15456 1.41389 21 1 0 21 16 217 100.00000 0
612 1381 11.54455 0.01643 0.06585 0.53595 33 8 2 25 22 413 100.00000 0
825 1551 11.87165 1.48175 0.13736 0.94460 33 6 2 33 28 311 100.00000 0
766 1532 11.10990 0.05289 0.35816 3.92765 60 12 6 41 34 433 100.00000 0
2349 2429 11.62844 1.10009 0.33179 1.89713 143 21 12 131 84 554 100.00000 0
640 1384 11.35806 0.03641 0.08170 0.24708 42 8 6 40 27 505 100.00000 0
786 1566 11.14171 0.17185 0.29379 1.30686 51 4 5 51 40 310 100.00000 0
909 2625 10.08337 1.20961 0.30234 1.75234 49 10 13 49 34 272 100.00000 0
2351 2429 11.62733 1.09946 0.36334 1.90393 158 31 22 145 102 580 100.00000 0
5 2388 10.28821 1.34143 0.14290 1.59790 158 27 38 154 112 668 100.00000 0
570 1311 11.60665 0.06447 0.17136 0.73008 21 3 2 17 12 383 100.00000 0
599 1344 11.70250 0.01072 0.05420 0.51205 80 14 8 76 62 613 100.00000 0
806 1573 10.08900 0.80071 0.15757 0.92281 177 33 41 177 138 486 100.00000 0
561 1300 10.59863 0.52653 0.21949 0.73595 48 11 9 46 36 389 100.00000 0
2 2396 11.37464 1.33109 0.11186 1.71166 135 22 20 135 85 510 100.00000 0
2 2327 11.37770 1.33784 0.23240 1.32234 176 58 25 169 128 559 100.00000 0
513 1303 10.13627 2.19268 0.10980 3.09162 110 13 19 98 53 484 100.00000 0
814 2571 10.15425 0.38129 0.25195 1.46233 59 7 5 59 40 412 100.00000 0
121 2500 11.93792 0.15387 0.16600 1.10500 88 21 9 86 66 509 100.00000 0
26 2373 11.16690 1.36603 0.15527 2.02796 130 18 22 128 82 556 100.00000 0
3 2402 10.81171 1.29859 0.20638 2.08732 132 24 26 132 81 536 100.00000 0
780 2567 11.83630 1.41893 0.65275 3.29432 19 2 1 17 8 219 100.00000 0
545 1284 10.09625 1.52196 0.15989 1.40862 183 44 42 183 127 550 100.00000 0
1554 2565 11.13388 1.49976 0.06980 0.99426 84 19 17 84 62 493 100.00000 0
528 1283 10.98001 2.48471 0.40385 2.85197 55 9 11 51 30 320 100.00000 0
2 2353 11.39246 1.33481 0.26158 1.70318 154 31 36 144 97 547 100.00000 0
600 1346 10.68940 0.00999 0.07776 0.47064 123 25 16 112 92 586 100.00000 0
7 2312 11.79154 1.49298 0.34463 2.37603 169 53 41 163 111 595 100.00000 0
2294 2391 11.04337 0.13987 0.18289 1.00366 100 11 39 100 77 536 100.00000 0
1523 2580 10.64905 1.40371 0.43246 2.96623 53 9 8 53 25 272 100.00000 0
27 2324 11.90775 1.37116 0.05831 1.41831 134 24 11 128 87 602 100.00000 0
2299 2409 10.01077 0.36506 0.03544 1.06569 254 41 66 250 181 836 100.00000 0
616 1385 11.89989 0.00704 0.42895 1.76014 43 4 2 15 25 557 100.00000 0
577 1320 11.93913 0.01633 0.10933 0.68300 63 10 8 49 39 436 100.00000 0
527 1317 11.20113 1.25423 0.26153 3.20381 62 17 13 62 38 361 100.00000 0
746 1503 11.07246 0.06654 0.15285 0.54176 57 8 17 55 21 514 100.00000 0
563 1301 11.42933 0.46310 0.32626 0.80015 35 5 1 28 22 328 100.00000 0
610 1378 10.44543 0.01670 0.07300 0.48295 30 8 3 30 23 384 100.00000 0
2373 2427 10.31331 1.02771 0.27503 1.43040 251 63 36 244 169 812 100.00000 0
24 2392 10.04264 1.36657 0.26279 2.62182 138 11 30 131 67 593 100.00000 0
569 1340 10.72652 0.12411 0.10435 0.70776 23 5 2 17 16 344 100.00000 0
25 2381 10.59779 1.37083 0.06648 2.24960 143 16 14 134 84 595 100.00000 0
820 1575 11.90368 1.39391 0.25994 1.01104 141 42 27 141 102 403 100.00000 0
2 2401 11.26625 1.30930 0.26767 2.13735 143 48 17 138 90 535 100.00000 0
24 2345 10.04960 1.36710 0.16572 2.47132 163 31 28 158 108 666 100.00000 0
1 2388 11.81227 1.33527 0.16018 1.73235 77 16 11 72 48 528 100.00000 0
27 2381 11.81097 1.36864 0.04995 1.94521 107 16 8 96 61 525 100.00000 0
769 1542 11.20931 0.04515 0.25383 2.47844 54 4 8 54 34 318 100.00000 0
2293 2379 11.72207 0.14122 0.07239 1.00327 68 6 22 64 40 414 100.00000 0
695 1435 11.15665 0.01586 0.10653 0.47395 79 22 16 77 56 675 100.00000 0
59 2451 11.02260 0.01357 0.07277 0.65312 191 52 41 191 133 664 100.00000 0
2297 2407 10.64833 0.29433 0.10376 1.22908 168 19 36 166 120 680 100.00000 0
81 2472 11.09812 0.01802 0.20544 0.91856 104 20 12 98 71 731 100.00000 0
518 1289 11.62870 2.77427 0.33265 2.86088 56 11 4 51 33 401 100.00000 0
2322 2426 10.00644 1.01176 0.27253 1.25054 209 46 41 207 133 742 100.00000 0
597 1343 10.85277 0.01101 0.09435 0.54176 124 26 25 118 93 652 100.00000 0
27 2369 11.80023 1.36692 0.06886 1.81768 134 24 13 118 89 593 100.00000 0
26 2403 10.62914 1.30953 0.17379 2.42753 128 21 21 124 76 620 100.00000 0
551 1287 10.59431 1.27589 0.24663 1.48068 114 22 19 110 67 527 100.00000 0
2294 2347 11.07012 0.14239 0.04979 0.93670 113 19 26 107 79 572 100.00000 0
7 2313 11.54238 1.48556 0.18701 2.24873 170 34 46 165 106 617 100.00000 0
119 2500 11.18993 0.09686 0.17913 1.34028 73 14 13 71 52 532 100.00000 0
30 2443 10.03865 0.02430 0.13500 0.93795 96 21 11 93 72 705 100.00000 0
2 2342 11.38481 1.33888 0.36181 1.69651 133 28 33 131 88 595 100.00000 0
