5988 8036 10.63461 2.17040 0.44981 2.34919 38 0 1 38 26 266 100.00000 0
1414 5052 10.33247 0.36931 0.17766 0.47724 104 16 14 99 71 670 100.00000 0
5077 6904 10.86195 3.00305 0.90895 1.88533 41 0 0 30 25 401 100.00000 0
5152 6832 10.06994 3.13832 1.09196 1.86614 27 0 0 16 9 366 100.00000 0
5412 6699 10.68882 2.38054 0.92752 1.55570 15 0 0 10 8 134 100.00000 0
283 8736 11.53186 0.06029 0.51671 0.04846 45 0 2 43 37 322 100.00000 0
1444 5046 10.90901 0.33415 0.37078 0.93293 90 6 4 81 75 566 100.00000 0
5416 6686 11.19655 2.12976 0.77323 0.94045 10 0 0 6 3 114 100.00000 0
568 3789 11.33644 0.02823 0.38362 1.52470 38 3 1 34 19 357 100.00000 0
4743 7181 10.95530 2.92613 1.67832 1.00483 17 0 0 3 5 349 100.00000 0
551 3799 10.99034 0.03162 0.53527 1.28907 34 2 6 26 23 253 100.00000 0
451 3708 11.51139 0.00466 0.35879 0.36045 13 1 1 11 5 199 100.00000 0
1481 5085 11.31140 0.16682 0.33012 1.05536 72 4 8 70 41 735 100.00000 0
1602 5348 11.99639 0.01276 0.51800 1.07775 19 1 1 12 12 199 100.00000 0
6308 7718 11.32889 3.08737 0.88346 1.65753 21 0 0 19 10 253 100.00000 0
4678 7207 11.63310 2.48294 1.37381 1.86025 30 0 0 28 16 459 100.00000 0
39 8586 11.48626 0.03120 1.17118 0.46394 14 0 0 6 9 200 100.00000 0
4701 7233 10.63455 1.64708 1.54291 2.49920 35 0 0 31 12 486 100.00000 0
1378 4993 10.70005 0.01567 0.44316 1.66530 50 2 2 46 33 495 100.00000 0
1555 5205 10.74876 0.00984 0.29024 0.54751 14 2 0 10 8 196 100.00000 0
1082 4433 11.63277 0.06594 0.25775 0.95409 89 2 6 87 62 1255 100.00000 0
342 8893 11.77738 0.01828 0.78411 0.74965 33 0 0 24 20 229 100.00000 0
5111 6866 10.18816 3.12082 1.61572 1.80515 30 0 0 21 15 422 100.00000 0
787 4003 11.50998 0.01277 0.35748 0.91043 20 0 1 20 13 239 100.00000 0
570 3792 10.40776 0.02981 0.23485 1.85667 36 1 3 34 15 367 100.00000 0
1524 5135 11.01220 0.00244 0.30939 0.83463 44 2 0 32 31 372 100.00000 0
797 4017 10.74661 0.01164 0.44880 3.29717 18 0 1 11 11 266 100.00000 0
2948 6004 10.19878 1.18354 0.32738 1.68191 19 0 0 17 14 167 100.00000 0
5390 6681 11.48172 2.06655 0.38131 1.66812 32 1 1 28 11 159 100.00000 0
1587 5217 10.75116 0.01148 0.31601 0.21670 42 0 4 33 20 561 100.00000 0
2916 5965 10.05853 0.09146 0.37344 2.06052 25 1 6 23 13 350 100.00000 0
6310 7717 11.61955 3.08949 0.82529 1.60766 15 1 0 13 5 272 100.00000 0
3625 8929 10.11312 0.03816 0.58489 1.02412 91 0 1 83 68 444 100.00000 0
336 8867 11.13984 0.02555 0.46154 1.38847 46 2 2 46 26 223 100.00000 0
1600 6738 11.81658 3.13946 1.02811 4.33675 21 2 0 15 13 250 100.00000 0
1414 5015 11.07950 0.08558 0.29158 0.87893 44 2 8 42 33 548 100.00000 0
737 3942 10.32301 0.84648 0.74607 1.92864 35 1 0 30 15 433 100.00000 0
1482 6872 10.04486 3.12266 1.37861 1.33852 53 0 0 39 23 672 100.00000 0
6142 7877 11.44315 3.13854 1.52068 1.25554 63 0 0 54 24 1080 100.00000 0
128 3419 11.74596 0.01835 0.56614 0.65671 34 1 0 34 25 278 100.00000 0
1495 5102 10.99809 0.02144 0.24100 1.70203 65 2 4 56 53 732 100.00000 0
941 4172 10.52709 0.02551 0.42102 1.35595 59 2 2 59 47 469 100.00000 0
2698 5646 11.29122 0.15585 0.28076 1.28359 41 2 1 39 24 681 100.00000 0
504 3733 10.98126 0.01194 0.54061 0.85501 12 2 4 10 4 104 100.00000 0
3277 8396 10.19108 0.42275 0.67465 1.55972 13 1 0 13 8 211 100.00000 0
1522 5132 11.52055 0.00711 0.40967 1.15284 38 2 1 30 25 408 100.00000 0
1449 6912 11.35509 2.89181 0.54123 1.70433 53 0 3 49 37 391 100.00000 0
1237 7135 10.41648 3.08859 1.23587 1.11838 34 0 0 11 11 415 100.00000 0
3223 8324 11.32034 0.02473 0.54206 0.93670 48 0 10 48 26 326 100.00000 0
2934 5949 10.19149 0.03884 0.23311 2.26036 22 2 1 20 15 323 100.00000 0
4771 7103 10.65832 3.09293 1.54728 2.52956 54 0 0 36 23 796 100.00000 0
1537 6800 10.97155 3.13928 1.18610 1.76125 30 0 0 28 22 248 100.00000 0
1012 4325 10.68182 0.02837 0.11909 1.39998 41 8 14 36 31 472 100.00000 0
108 8610 10.49891 0.04796 0.99506 1.48648 17 2 1 8 6 161 100.00000 0
5097 6852 11.69156 3.12546 1.81621 1.18465 56 0 0 39 26 559 100.00000 0
5084 6894 10.58147 3.04418 1.21127 2.02139 91 0 0 84 62 542 100.00000 0
3234 8402 11.47139 0.97493 0.45196 0.68643 43 0 0 43 24 313 100.00000 0
1364 4931 11.87389 0.01883 0.48011 0.47478 128 0 2 124 91 1181 100.00000 0
546 3770 11.35102 0.04734 0.48868 0.86457 40 0 1 38 23 359 100.00000 0
1637 6693 11.63501 2.20014 0.81587 1.16163 28 0 0 23 14 147 100.00000 0
3168 8276 11.53381 0.07247 0.33440 0.73595 20 1 2 18 12 297 100.00000 0
1143 4551 10.01507 0.07036 0.48256 1.12222 128 0 0 119 72 1475 100.00000 0
3280 8398 11.13507 0.37005 0.66693 0.97156 20 0 1 15 9 227 100.00000 0
102 3428 11.50927 0.05388 1.41832 2.66389 26 0 1 24 14 191 100.00000 0
5010 6968 11.29138 2.95108 0.79481 1.91254 41 0 0 41 24 280 100.00000 0
1213 7223 11.34054 1.90211 1.28246 1.05276 39 0 0 35 22 431 100.00000 0
5048 6896 11.73193 2.63804 0.89770 2.05214 66 0 0 57 49 350 100.00000 0
243 8697 10.88567 0.03663 0.76066 2.11600 31 1 2 24 17 261 100.00000 0
4691 7164 11.27247 3.02844 1.18154 1.63470 74 0 0 61 26 660 100.00000 0
3233 8398 10.80862 0.87012 0.29465 0.45628 33 4 7 28 18 255 100.00000 0
880 4105 11.93766 0.04189 0.35004 2.15413 46 0 6 43 32 375 100.00000 0
5994 8067 10.56765 1.58472 0.95157 2.57101 8 0 0 5 6 89 100.00000 0
1213 4645 10.41249 0.08131 0.12342 1.92661 50 2 9 48 23 489 100.00000 0
1215 4647 11.38444 0.07990 0.42845 1.09575 39 2 6 35 20 483 100.00000 0
3200 8307 10.45604 0.16594 0.17206 1.53340 63 3 14 52 32 441 100.00000 0
6037 7988 11.05039 3.13779 0.80571 3.83839 16 0 0 14 7 213 100.00000 0
1624 5383 11.25008 0.02525 0.30213 4.19199 10 0 1 3 4 173 100.00000 0
25 8585 10.74196 0.02857 0.65060 7.19778 13 0 0 5 4 186 100.00000 0
1279 4835 10.99875 0.05521 0.57625 1.20073 55 0 1 48 29 844 100.00000 0
5230 6759 11.88507 3.12304 0.82037 1.31105 56 0 0 52 18 609 100.00000 0
1068 4364 11.00272 0.03437 0.45103 0.56924 37 2 3 25 18 622 100.00000 0
8856 8910 10.38949 0.03636 0.46281 2.09723 54 0 1 47 30 268 100.00000 0
3426 8620 11.04902 0.02550 0.13436 0.32021 13 2 1 8 6 243 100.00000 0
981 4224 11.26091 0.41318 0.29719 2.65712 29 2 0 29 14 270 100.00000 0
168 3467 10.54856 0.01504 0.49442 1.32972 26 0 1 26 13 319 100.00000 0
5301 6767 11.10638 3.12139 1.82274 2.25828 12 0 0 0 1 218 100.00000 0
532 3783 11.79261 0.01484 0.45630 0.12820 51 0 0 49 34 312 100.00000 0
229 3516 11.83603 0.02063 0.38278 1.45562 17 0 0 17 9 226 100.00000 0
5407 6672 11.61022 1.98239 0.70095 1.68609 10 0 0 4 4 93 100.00000 0
105 3405 10.30328 0.02403 1.72688 4.64207 17 0 0 12 8 245 100.00000 0
1250 7179 10.82512 3.00906 1.47882 0.42244 18 0 0 5 5 397 100.00000 0
6134 7909 11.09334 3.13980 1.77271 0.68870 30 0 0 14 8 653 100.00000 0
1538 6800 10.00986 3.13936 1.06417 3.25221 25 0 0 25 17 230 100.00000 0
3233 8332 11.28283 0.19775 0.64945 2.52972 33 2 2 21 16 280 100.00000 0
1250 7185 11.46706 2.97565 1.99083 1.22237 20 0 0 14 4 344 100.00000 0
367 8881 11.25742 0.03415 0.56029 0.40638 90 0 1 86 74 332 100.00000 0
8851 8903 10.87758 0.03191 0.28789 1.91131 82 0 4 76 46 306 100.00000 0
7163 7227 11.30097 1.23672 0.33069 1.46980 35 1 4 33 27 331 100.00000 0
1622 5377 10.00534 0.02559 0.86283 2.54284 31 0 2 29 21 214 100.00000 0
1177 4562 11.54704 0.05295 0.49380 1.08858 56 1 2 49 44 552 100.00000 0
3029 8133 10.50345 0.01303 0.39015 0.76923 24 0 2 16 14 378 100.00000 0
1409 6925 10.24348 2.87217 0.62878 2.20389 39 2 0 29 20 422 100.00000 0
1678 5403 10.94540 1.13851 1.02436 0.67782 29 0 0 27 16 188 100.00000 0
2735 5688 10.25589 0.08270 0.36235 1.23067 43 4 8 39 26 421 100.00000 0
1592 6749 10.57266 3.13709 1.15713 1.87951 24 0 0 22 10 304 100.00000 0
1248 7191 10.42904 2.91139 1.95384 1.43012 29 0 0 11 8 439 100.00000 0
1426 5071 11.44287 0.45463 0.75487 0.64407 59 2 0 51 37 434 100.00000 0
3047 8150 10.53539 0.03481 0.20969 1.27288 37 2 6 32 22 377 100.00000 0
3469 8646 11.29900 0.00978 0.43025 1.00522 37 0 2 33 25 315 100.00000 0
1213 4706 11.12573 0.09906 0.51361 2.50655 40 0 1 38 14 563 100.00000 0
1099 4475 10.85715 0.05417 0.44682 0.32984 54 2 4 52 33 1162 100.00000 0
421 3656 11.26950 0.01192 0.29909 0.77833 57 1 8 57 49 543 100.00000 0
662 3879 10.00162 0.02537 0.19848 0.47806 56 2 5 47 35 526 100.00000 0
869 4131 11.49482 0.00704 0.31502 0.22029 36 1 4 33 25 272 100.00000 0
3261 8367 10.18055 0.90672 0.15580 1.16432 39 2 2 34 25 337 100.00000 0
191 8676 10.85739 0.01627 0.80166 2.35551 27 5 2 23 13 214 100.00000 0
537 3786 10.26905 0.01459 0.35231 0.37742 64 4 3 59 34 385 100.00000 0
2942 6000 10.13712 1.02719 0.21465 1.17836 42 1 3 34 31 251 100.00000 0
339 3582 11.07659 0.02189 0.41712 0.32385 82 3 6 80 73 325 100.00000 0
2591 5585 11.46648 1.38067 0.56113 1.42327 53 0 1 46 27 417 100.00000 0
976 4213 11.91001 0.44477 0.61081 2.20638 14 0 1 9 6 198 100.00000 0
4910 7013 11.18828 2.99508 1.65282 1.37913 94 0 0 72 45 1043 100.00000 0
1655 6681 10.84117 1.78538 0.61907 1.28512 22 0 3 20 11 124 100.00000 0
2958 8092 11.48210 0.04144 0.07852 1.20658 16 2 3 16 8 276 100.00000 0
1132 4482 10.47787 0.07895 0.57631 0.25793 62 0 0 43 25 1142 100.00000 0
1408 5007 10.78992 0.08551 0.34059 0.99071 53 3 5 48 37 523 100.00000 0
1130 4476 11.33315 0.08089 0.32753 0.29871 67 2 17 60 38 1086 100.00000 0
2661 5639 10.78855 0.09797 0.37689 1.61034 88 2 9 85 78 438 100.00000 0
1216 7187 11.86606 2.85067 1.46037 2.63730 59 0 0 46 34 671 100.00000 0
322 8824 10.70421 0.05112 0.51067 0.17694 77 0 0 75 57 396 100.00000 0
253 3533 10.07381 0.01522 0.32047 0.47395 22 0 2 22 13 204 100.00000 0
3589 8857 11.26583 0.05082 0.89247 2.78024 102 3 2 100 74 345 100.00000 0
1351 7022 10.63067 3.12180 1.56876 2.88690 108 0 0 98 53 1206 100.00000 0
1290 4812 10.21574 0.02344 0.47828 1.05053 80 3 14 74 45 956 100.00000 0
7176 7230 11.12103 1.25418 0.27218 1.47512 28 1 0 25 16 352 100.00000 0
2594 5597 11.45521 1.31962 0.74408 1.67958 55 0 0 51 34 295 100.00000 0
2653 5634 11.79973 0.05114 0.64012 2.82965 35 0 2 33 30 306 100.00000 0
3062 8165 11.55130 0.04840 0.38830 2.08657 48 0 13 42 35 461 100.00000 0
4679 7225 11.35288 1.83809 1.23657 0.60523 35 0 0 31 14 392 100.00000 0
3386 8531 10.75178 0.01039 0.30661 0.50358 34 3 3 31 22 323 100.00000 0
6356 7620 10.42478 1.73005 0.84579 2.32894 31 0 0 31 17 277 100.00000 0
4904 7044 11.76883 3.09693 1.75249 2.49779 45 0 0 36 22 680 100.00000 0
1614 5367 10.98412 0.01304 0.40661 0.46140 29 1 2 29 20 248 100.00000 0
3194 8343 11.41136 0.07426 0.58787 1.03173 53 0 1 51 33 423 100.00000 0
3422 8616 11.77707 0.03243 0.53891 1.17736 8 0 0 8 4 115 100.00000 0
7165 7229 11.66662 1.28931 0.14197 1.48938 37 3 8 35 17 369 100.00000 0
914 4142 10.49397 0.00972 0.34682 0.53887 25 2 2 23 17 255 100.00000 0
7162 7225 11.08314 1.16855 0.12681 1.19583 21 0 1 21 11 325 100.00000 0
5237 5295 11.24141 0.01397 0.56842 0.79475 16 0 4 14 8 283 100.00000 0
2593 5582 11.56355 1.34431 0.69803 0.91215 44 0 1 36 20 315 100.00000 0
6228 7812 11.51755 3.13286 0.81641 2.44745 35 2 5 27 14 867 100.00000 0
3092 8196 11.34989 0.12846 0.75886 0.51129 42 0 0 28 27 406 100.00000 0
1224 4670 10.01207 0.05575 0.16507 0.59083 44 1 12 39 22 639 100.00000 0
3605 8830 11.32970 0.06066 0.71359 3.41317 84 0 0 81 66 334 100.00000 0
5382 6692 10.14992 2.20815 0.83149 0.95695 53 2 3 44 26 208 100.00000 0
116 8583 10.99558 0.01661 0.35740 0.64102 26 2 1 22 18 155 100.00000 0
1031 4314 10.09291 0.01767 0.34195 1.01336 84 2 11 77 64 568 100.00000 0
3620 8883 11.31508 0.03541 1.11765 0.55813 111 0 0 109 95 359 100.00000 0
3173 8280 11.97832 0.11593 0.38318 0.78634 31 2 0 6 15 374 100.00000 0
1051 4371 10.37330 0.01401 0.31925 0.88911 49 4 6 47 42 676 100.00000 0
991 4303 11.40733 0.34054 1.00397 1.21176 33 0 1 20 19 367 100.00000 0
333 3578 10.01554 0.02137 0.53256 0.19383 43 0 2 41 27 284 100.00000 0
