2644 3293 7.65267 0.00280 8.97769 25.33731 9 1 0 9 5 66 100.00000 0
2626 3099 9.79770 0.00565 26.67425 0.32021 19 2 2 7 8 104 100.00000 0
2629 3421 9.45175 0.00411 6.86644 5.62594 8 0 0 6 2 98 100.00000 0
2628 3012 9.44973 0.00426 3.45271 9.97153 16 5 0 7 9 101 100.00000 0
2718 3372 6.40398 0.00285 6.49568 1.93351 16 0 0 10 10 115 100.00000 0
2604 2747 7.65506 0.00378 8.52575 1.26918 18 0 0 13 10 160 100.00000 0
1027 5808 9.01124 0.00400 29.76679 0.23903 10 0 0 2 3 45 100.00000 0
2816 3386 6.40398 0.00285 6.92194 1.67981 11 0 0 5 6 105 100.00000 0
2627 3028 9.79903 0.00493 2.29338 4.33160 12 3 0 6 3 92 100.00000 0
2632 3262 8.90466 0.00406 4.65591 1.50740 17 0 0 13 9 125 100.00000 0
2716 3207 6.40398 0.00285 6.75532 0.51662 19 0 0 16 13 70 100.00000 0
2861 3504 7.45766 0.00403 6.51522 1.75011 7 0 0 2 4 71 100.00000 0
2676 3028 6.40398 0.00285 5.54018 0.74178 19 0 0 9 11 107 100.00000 0
2804 3286 6.40398 0.00285 8.30201 2.45830 6 0 0 6 4 61 100.00000 0
2680 3332 6.40398 0.00285 5.34613 0.85226 14 0 0 12 11 116 100.00000 0
2815 3450 6.40043 0.00381 30.36907 0.22900 11 0 0 11 8 51 100.00000 0
2716 3412 6.40398 0.00285 2.61259 6.11517 14 1 2 12 7 108 100.00000 0
2631 3241 9.25648 0.00434 7.90183 0.23239 15 0 0 6 4 123 100.00000 0
2836 3484 7.62272 0.00349 9.24974 0.36797 9 0 0 6 5 54 100.00000 0
2715 3470 7.10438 0.00365 6.76380 0.37220 18 0 0 15 10 125 100.00000 0
2693 3369 6.40398 0.00285 6.69260 0.70997 15 0 0 11 9 104 100.00000 0
2639 3337 8.20220 0.00359 4.78084 4.83627 20 0 0 18 13 123 100.00000 0
2713 3358 6.40398 0.00285 7.08987 3.29075 17 0 0 3 4 92 100.00000 0
2690 3301 6.40398 0.00285 6.65780 2.81953 14 0 0 14 12 112 100.00000 0
2607 2674 6.95131 0.00331 9.48898 0.37949 10 0 0 8 5 109 100.00000 0
3542 7341 8.72719 0.00996 4.26852 0.63919 7 0 0 5 2 99 100.00000 0
2841 2990 6.05674 0.00352 4.29621 5.02664 11 0 0 7 5 74 100.00000 0
3297 3526 8.50382 0.00808 14.17278 2.92730 13 0 0 0 2 83 100.00000 0
2643 3145 7.65286 0.00289 23.15375 0.17246 15 3 0 1 5 106 100.00000 0
2608 2810 6.80089 0.00272 7.74938 0.11191 27 0 0 23 14 189 100.00000 0
2825 3457 6.40238 0.00309 4.03605 1.96623 15 7 0 4 4 107 100.00000 0
2826 3059 6.40749 0.00272 19.23702 0.15577 15 6 0 10 8 122 100.00000 0
2641 3485 9.21889 0.00414 7.96070 0.21850 4 0 0 4 2 36 100.00000 0
3250 3525 8.15197 0.00787 15.68300 0.44762 5 0 0 5 3 56 100.00000 0
3424 3518 6.20419 0.00512 10.23652 0.45970 18 0 0 16 8 110 100.00000 0
2669 3319 6.40398 0.00285 22.52213 0.17914 12 1 1 3 4 106 100.00000 0
2639 3373 8.20220 0.00359 3.58752 1.29241 16 0 0 7 4 116 100.00000 0
2838 3483 7.62274 0.00313 7.68993 179.37882 10 0 0 8 6 64 100.00000 0
2504 7234 9.10241 0.03692 5.70828 2.11489 12 0 0 10 6 105 100.00000 0
2810 3464 6.56026 0.00328 23.25431 0.18767 17 0 0 2 5 110 100.00000 0
2628 3298 9.44973 0.00426 13.37678 0.24708 5 0 0 0 2 67 100.00000 0
2800 3331 6.40398 0.00285 19.38307 0.17914 10 2 0 5 4 121 100.00000 0
2768 3340 6.40398 0.00285 28.96318 0.17914 8 0 0 2 3 82 100.00000 0
2622 2968 9.59882 0.00623 6.57893 2.79694 16 0 0 16 11 88 100.00000 0
2630 3350 9.25582 0.00411 5.02815 1.22844 17 0 0 14 8 109 100.00000 0
2732 3217 6.40398 0.00285 12.02269 0.87402 11 0 0 11 8 107 100.00000 0
2676 3492 8.16151 0.00473 7.25693 1.10606 9 0 0 9 7 99 100.00000 0
2813 3464 6.56026 0.00328 5.92245 0.17694 18 0 0 15 13 125 100.00000 0
3148 7304 9.10339 0.01296 5.98323 2.57268 8 0 0 8 3 82 100.00000 0
2468 7214 9.17721 0.05272 14.83652 0.52786 11 0 0 11 7 86 100.00000 0
2630 3183 9.25582 0.00411 2.79201 5.64882 20 0 0 8 12 118 100.00000 0
2576 7298 9.05415 0.00747 20.57637 0.43701 11 0 0 5 6 92 100.00000 0
2716 3494 8.35399 0.00442 2.78792 7.02493 9 1 0 4 6 97 100.00000 0
2806 3474 7.10587 0.00331 5.63671 0.25023 12 0 0 12 8 116 100.00000 0
2615 2859 7.09871 0.00574 6.64406 2.79666 27 0 0 4 11 147 100.00000 0
2693 3496 8.35322 0.00486 27.43524 0.28116 12 1 0 3 3 86 100.00000 0
2709 3400 6.40398 0.00285 19.09257 0.17914 17 7 0 6 7 86 100.00000 0
2719 3403 6.40398 0.00285 6.43452 3.74722 7 0 0 5 7 68 100.00000 0
2668 3058 6.40398 0.00285 20.43132 0.17914 13 4 1 1 5 67 100.00000 0
2607 2729 6.95131 0.00331 7.41798 1.25679 30 0 0 8 13 165 100.00000 0
3136 7321 7.81041 0.00846 7.72993 0.52339 9 0 0 9 8 73 100.00000 0
2778 3284 6.40398 0.00285 17.66552 0.17914 11 0 0 5 2 102 100.00000 0
2626 2944 8.89850 0.00550 28.24494 0.31404 20 5 0 5 4 127 100.00000 0
2628 2917 8.55157 0.00388 24.31356 0.23407 14 3 0 5 6 124 100.00000 0
2667 3014 6.40398 0.00285 15.69616 0.17914 17 4 1 1 4 105 100.00000 0
2797 3327 6.40398 0.00285 5.20160 0.21489 21 0 0 19 9 131 100.00000 0
2707 3233 6.40398 0.00285 2.27096 0.17914 7 0 0 5 3 45 100.00000 0
2803 3199 6.40398 0.00285 4.14514 0.16786 21 0 0 10 10 127 100.00000 0
2604 2844 8.00374 0.00420 9.25630 4.17007 22 0 0 13 14 142 100.00000 0
2976 7321 8.35830 0.00843 12.08031 1.26486 7 0 0 7 5 78 100.00000 0
3083 7304 9.10339 0.01296 30.97848 0.73913 7 0 0 4 4 74 100.00000 0
2778 3197 6.40398 0.00285 3.27482 11.14138 23 0 0 18 13 131 100.00000 0
2656 3365 6.75414 0.00342 4.72343 0.19383 9 0 0 5 3 81 100.00000 0
2838 3007 6.40657 0.00276 5.36663 4.25542 11 0 0 3 3 81 100.00000 0
2810 3318 6.40398 0.00285 5.37097 2.06469 10 0 0 8 8 62 100.00000 0
2844 3370 6.05536 0.00234 2.76800 1.93816 18 0 0 10 9 114 100.00000 0
2627 3017 9.79903 0.00493 2.43349 3.99214 15 0 1 8 8 92 100.00000 0
3298 3522 7.09893 0.00653 10.84967 0.37639 11 0 0 11 7 89 100.00000 0
3006 3519 6.36664 0.00561 23.51998 0.31652 16 0 0 3 5 98 100.00000 0
2783 3287 6.40398 0.00285 12.47546 0.82756 7 0 0 5 3 56 100.00000 0
1000 5763 9.50876 0.00213 31.50849 0.13988 3 2 0 3 2 15 100.00000 0
2767 3302 6.40398 0.00285 5.88619 0.17914 7 0 0 5 4 95 100.00000 0
2677 3203 6.40398 0.00285 7.62264 0.93920 18 0 0 10 11 107 100.00000 0
2686 3315 6.40398 0.00285 2.38676 0.59017 18 3 0 6 8 96 100.00000 0
2702 3263 6.40398 0.00285 6.40644 0.16786 15 0 0 5 7 134 100.00000 0
2599 2755 9.25431 0.00309 11.42778 0.26095 17 0 0 6 7 145 100.00000 0
2850 3509 9.21549 0.00616 13.10718 1.03136 14 0 0 14 10 90 100.00000 0
2664 3186 6.40398 0.00285 10.02589 0.68070 17 0 0 15 12 126 100.00000 0
3203 3521 6.90789 0.00612 19.47056 61.76119 5 1 1 1 2 59 100.00000 0
2781 3275 6.40398 0.00285 23.21099 0.17914 9 2 1 6 4 84 100.00000 0
2703 3506 9.59883 0.00639 8.82106 4.15558 8 0 0 2 2 57 100.00000 0
2723 3290 6.40398 0.00285 6.34931 0.81757 14 0 0 12 5 114 100.00000 0
2791 3307 6.40398 0.00285 9.95506 17.17933 13 0 0 5 4 68 100.00000 0
2664 3504 9.40543 0.00629 11.13857 8.80868 8 0 0 3 2 101 100.00000 0
2691 3135 6.40398 0.00285 23.43596 0.17914 24 4 2 6 7 165 100.00000 0
2707 3314 6.40398 0.00285 6.62545 4.35622 10 0 0 3 3 68 100.00000 0
2607 2777 6.95131 0.00331 7.09030 8.71537 23 0 0 12 12 179 100.00000 0
2881 3515 7.45788 0.00505 18.74696 0.29475 5 0 0 0 1 62 100.00000 0
2718 3320 6.40398 0.00285 20.64093 0.17914 9 5 0 6 7 102 100.00000 0
2681 3021 6.40398 0.00285 22.20559 0.17914 17 4 3 3 5 95 100.00000 0
2796 3441 6.40398 0.00285 19.06738 0.17914 5 2 0 0 2 69 100.00000 0
3133 3527 8.85637 0.00887 13.78186 2.68394 6 0 0 6 2 71 100.00000 0
2651 3203 6.94995 0.00355 5.72221 0.84349 16 0 0 10 12 86 100.00000 0
2809 3401 6.40398 0.00285 8.55988 1.76901 15 0 0 12 9 110 100.00000 0
988 5753 7.01120 0.00786 4.83872 0.95654 7 0 0 7 6 64 100.00000 0
2689 3337 6.40398 0.00285 6.65223 0.38359 13 0 0 9 7 136 100.00000 0
3343 3523 7.61147 0.00684 8.98907 179.64612 10 0 0 10 7 97 100.00000 0
2634 3363 8.90332 0.00381 45.04870 0.22728 4 0 0 4 3 69 100.00000 0
2747 3422 6.40398 0.00285 9.54770 2.94902 6 0 0 6 4 70 100.00000 0
2680 3404 6.40398 0.00285 7.50002 21.58854 8 1 1 6 4 49 100.00000 0
2685 3460 6.56096 0.00362 2.28235 0.23070 15 0 0 13 6 108 100.00000 0
2700 3441 6.40398 0.00285 12.17710 49.89904 7 0 0 5 4 68 100.00000 0
2724 3281 6.40398 0.00285 20.82972 179.23230 7 0 0 3 1 74 100.00000 0
2737 3506 9.59883 0.00639 8.22877 6.97392 15 0 0 8 4 74 100.00000 0
2799 3447 6.40398 0.00285 2.06475 2.13643 6 0 0 3 4 38 100.00000 0
2718 3504 9.40543 0.00629 13.25404 0.42521 7 0 0 5 4 71 100.00000 0
2841 3296 6.05536 0.00280 2.12599 0.84395 11 0 0 7 5 87 100.00000 0
2800 7314 7.45617 0.00507 7.34564 0.20748 13 0 0 13 11 103 100.00000 0
2840 3471 7.10762 0.00331 2.74796 0.79868 11 0 0 11 6 64 100.00000 0
2678 3246 6.40398 0.00285 19.92952 0.17914 16 4 1 4 6 104 100.00000 0
2832 3336 6.40614 0.00244 25.69873 0.15323 18 2 0 5 4 127 100.00000 0
2782 3433 6.40398 0.00285 6.77825 1.29089 17 0 0 14 12 99 100.00000 0
2694 3033 6.40398 0.00285 19.80664 0.17914 21 9 0 2 8 87 100.00000 0
2762 3401 6.40398 0.00285 19.86521 0.17914 13 2 3 3 4 61 100.00000 0
3155 7322 8.67709 0.00862 15.78387 178.01023 4 0 0 4 3 46 100.00000 0
2804 3242 6.40398 0.00285 5.78541 5.21812 5 0 0 2 3 64 100.00000 0
3344 3527 8.85637 0.00887 13.97184 1.23986 8 0 0 6 4 72 100.00000 0
2677 3356 6.40398 0.00285 6.76714 2.78024 22 0 0 13 15 173 100.00000 0
3408 3524 7.80041 0.00741 9.04670 178.33669 9 0 0 5 4 87 100.00000 0
2665 3145 6.40398 0.00285 6.96271 0.82091 25 0 0 21 14 127 100.00000 0
3367 7304 9.10339 0.01296 5.16440 1.40917 10 0 0 10 3 91 100.00000 0
2605 2764 7.50224 0.00414 8.01798 5.75973 31 0 0 20 21 177 100.00000 0
2657 3330 6.75414 0.00328 7.79347 0.44057 10 0 0 3 3 97 100.00000 0
3301 3519 6.36664 0.00561 5.10273 0.31652 10 2 0 7 4 78 100.00000 0
2802 3482 7.62005 0.00324 20.52926 0.20558 10 2 0 2 2 100 100.00000 0
2802 3262 6.40398 0.00285 2.53919 0.21122 20 0 0 11 10 137 100.00000 0
2789 3500 8.86156 0.00576 15.49161 5.28543 8 0 0 4 2 87 100.00000 0
2790 3372 6.40398 0.00285 5.23867 0.16551 21 0 0 21 10 133 100.00000 0
2914 7318 6.01932 0.00879 4.30328 0.50280 7 0 0 3 3 79 100.00000 0
2761 3209 6.40398 0.00285 8.16686 0.99111 24 0 0 19 18 95 100.00000 0
2638 3352 8.20217 0.00365 6.14849 0.20748 8 0 0 3 3 73 100.00000 0
2645 3247 7.65267 0.00267 7.88725 0.24549 13 0 0 10 8 92 100.00000 0
2936 3527 9.75234 0.00904 29.76678 0.51738 6 0 0 2 3 60 100.00000 0
2678 3156 6.40398 0.00285 5.74924 2.26019 24 0 0 22 12 166 100.00000 0
2758 3286 6.40398 0.00285 2.22658 2.96121 8 0 0 6 4 67 100.00000 0
3454 3523 7.61356 0.00629 11.21456 5.51264 11 0 0 3 6 113 100.00000 0
2845 7316 8.86748 0.00813 9.90771 3.35824 11 0 0 7 7 87 100.00000 0
3368 3522 7.09893 0.00653 10.85921 0.98118 11 0 0 7 6 79 100.00000 0
2836 3264 6.40657 0.00285 3.43112 0.64102 21 0 0 18 8 123 100.00000 0
2598 2652 9.10216 0.00280 11.23950 3.48167 17 0 0 12 11 144 100.00000 0
2797 3243 6.40398 0.00285 5.28904 6.77917 13 3 1 2 5 102 100.00000 0
2918 3517 6.74798 0.00544 11.07351 3.47604 18 0 0 10 11 106 100.00000 0
2835 3445 6.40660 0.00258 6.42575 16.56143 4 0 0 4 4 25 100.00000 0
2820 3253 6.40398 0.00285 4.67779 0.80406 7 0 0 5 4 96 100.00000 0
2780 3178 6.40398 0.00285 2.79326 9.40440 32 1 0 17 18 133 100.00000 0
2662 3031 6.40257 0.00293 6.90721 14.77812 29 0 0 23 23 147 100.00000 0
2679 3162 6.40398 0.00285 21.20081 0.17914 22 5 1 10 11 125 100.00000 0
2977 7306 6.25690 0.01358 13.57253 0.78135 4 0 0 4 3 55 100.00000 0
2674 3151 6.40398 0.00285 18.65792 0.17914 15 6 0 4 4 130 100.00000 0
2630 3177 9.25582 0.00411 3.04386 7.76152 33 14 1 27 24 146 100.00000 0
2686 3195 6.40398 0.00285 23.26923 0.17914 11 4 0 4 5 91 100.00000 0
3400 3529 9.59165 0.00942 14.59568 0.61102 5 0 0 1 3 52 100.00000 0
2635 3285 8.90410 0.00342 13.84946 157.36163 5 0 0 5 4 54 100.00000 0
2655 3095 6.75414 0.00331 21.19367 0.19383 12 0 1 2 3 99 100.00000 0
2745 3286 6.40398 0.00285 7.25023 1.18035 8 0 0 3 1 66 100.00000 0
2649 3290 6.95051 0.00324 7.80910 3.33824 12 0 0 7 5 75 100.00000 0
2682 3390 6.40398 0.00285 5.69504 17.18516 10 5 0 1 5 105 100.00000 0
2734 3211 6.40398 0.00285 8.52590 4.95725 9 0 0 6 7 74 100.00000 0
2793 3398 6.40398 0.00285 5.25490 0.17914 5 0 0 5 4 70 100.00000 0
2780 3012 6.40398 0.00285 21.57085 0.17914 27 8 0 8 14 161 100.00000 0
3082 3525 8.15197 0.00787 15.43420 4.61762 9 0 0 7 3 65 100.00000 0
2666 3062 6.40398 0.00285 19.74446 0.17914 19 11 0 10 11 110 100.00000 0
2743 3356 6.40398 0.00285 3.95858 11.17177 11 4 0 11 9 118 100.00000 0
2751 3384 6.40398 0.00285 19.37653 0.17914 8 3 1 6 2 59 100.00000 0
2607 2704 6.95131 0.00331 7.24639 0.93377 23 0 0 21 17 115 100.00000 0
2646 3482 8.51381 0.00359 7.36271 3.40352 10 0 0 4 4 95 100.00000 0
3271 3519 6.36664 0.00561 17.39037 179.15373 7 0 0 5 3 72 100.00000 0
2783 3208 6.40398 0.00285 7.58123 1.00483 15 0 0 15 10 99 100.00000 0
3090 3526 8.50382 0.00808 23.63593 26.76610 7 0 0 7 3 75 100.00000 0
2659 3301 6.40257 0.00320 3.39632 1.78246 12 0 0 10 6 97 100.00000 0
3175 3519 6.36664 0.00561 14.04063 0.60523 7 0 0 4 4 82 100.00000 0
2784 3377 6.40398 0.00285 3.37301 5.35028 16 0 0 11 10 138 100.00000 0
2833 3140 6.40614 0.00229 17.27210 0.15826 21 6 1 3 7 85 100.00000 0
2835 3263 6.40660 0.00258 5.66535 12.55412 13 3 0 5 5 92 100.00000 0
2733 3378 6.40398 0.00285 7.82343 2.40680 9 0 0 5 3 94 100.00000 0
3240 3527 8.85637 0.00887 13.68355 0.76515 10 0 0 10 5 59 100.00000 0
2705 3345 6.40398 0.00285 11.73511 1.46980 9 0 0 3 3 104 100.00000 0
2597 7291 7.21120 0.00539 13.97482 2.03336 13 0 0 13 10 128 100.00000 0
2720 2997 6.40398 0.00285 20.07269 0.17914 13 6 2 2 3 105 100.00000 0
2676 3375 6.40398 0.00285 5.30875 0.17914 17 2 1 5 6 117 100.00000 0
2655 2996 6.75414 0.00331 20.63973 0.19383 17 2 1 13 7 126 100.00000 0
2677 3395 6.40398 0.00285 4.78846 0.17914 9 0 0 6 6 91 100.00000 0
2768 3373 6.40398 0.00285 9.30195 1.41305 11 0 0 3 4 99 100.00000 0
3205 7321 7.81041 0.00846 7.48835 0.57267 10 0 0 7 5 52 100.00000 0
2735 3262 6.40398 0.00285 3.76256 9.06219 18 3 0 0 6 115 100.00000 0
2744 3500 8.86156 0.00576 9.25710 2.57131 6 0 0 2 4 91 100.00000 0
2653 3351 6.75493 0.00301 9.43494 0.17694 11 1 0 9 7 107 100.00000 0
2775 3195 6.40398 0.00285 3.19952 1.21370 20 0 0 13 11 94 100.00000 0
3167 7323 9.40784 0.00911 13.64287 1.01991 21 0 0 16 13 93 100.00000 0
2740 3396 6.40398 0.00285 21.04133 0.17914 16 0 2 9 6 127 100.00000 0
2628 3430 9.44973 0.00426 7.41450 0.23407 13 0 0 13 8 85 100.00000 0
2951 7320 7.81232 0.00851 3.26655 0.48779 6 0 0 2 2 53 100.00000 0
2633 3308 8.90332 0.00403 7.06084 0.23070 5 0 0 5 4 43 100.00000 0
2774 3283 6.40398 0.00285 8.12050 0.16551 15 0 0 9 7 96 100.00000 0
2812 3208 6.40398 0.00285 7.25699 23.56893 8 0 0 2 3 68 100.00000 0
2676 3321 6.40398 0.00285 20.28216 0.17914 19 9 0 1 8 149 100.00000 0
2626 3226 9.79770 0.00565 5.02947 5.23978 9 0 0 3 5 75 100.00000 0
3372 3520 6.55454 0.00604 7.22745 0.33920 15 3 0 7 8 107 100.00000 0
2786 3409 6.40398 0.00285 5.55404 1.05313 10 0 0 4 4 114 100.00000 0
2842 3190 6.05536 0.00249 3.86259 10.88879 21 5 1 5 5 101 100.00000 0
2660 3352 6.40257 0.00316 7.58519 4.19909 20 0 0 13 6 127 100.00000 0
2739 3336 6.40398 0.00285 4.52832 10.72758 18 5 0 7 10 139 100.00000 0
2599 2800 9.25431 0.00309 27.13731 0.15826 17 0 0 14 6 137 100.00000 0
2807 3066 6.40398 0.00285 9.68584 0.17914 12 0 0 9 6 101 100.00000 0
3088 7321 7.81041 0.00846 8.60862 13.02598 8 0 0 5 4 76 100.00000 0
2835 3387 6.40660 0.00258 2.64486 0.93962 9 0 0 2 4 64 100.00000 0
2839 3272 6.40657 0.00267 12.87495 155.52994 7 0 0 7 5 65 100.00000 0
2761 3488 7.80935 0.00384 9.22068 6.24730 8 0 0 3 2 87 100.00000 0
3334 7321 7.81041 0.00846 8.38336 1.34407 8 0 0 8 3 58 100.00000 0
2765 3386 6.40398 0.00285 4.74733 8.15230 10 1 0 4 6 96 100.00000 0
2675 3153 6.40398 0.00285 20.22812 0.17914 17 5 0 9 9 91 100.00000 0
2695 3393 6.40398 0.00285 6.20389 0.53814 8 0 0 2 3 84 100.00000 0
2800 3472 7.10492 0.00372 5.84830 0.42244 29 0 0 17 22 133 100.00000 0
2776 3268 6.40398 0.00285 7.30763 3.30215 15 0 0 11 7 113 100.00000 0
2631 2982 8.90458 0.00409 24.55770 0.21850 28 8 0 12 15 139 100.00000 0
2798 3321 6.40398 0.00285 21.70364 0.17914 9 4 0 2 4 93 100.00000 0
2716 3437 6.40398 0.00285 7.88773 23.20437 15 3 2 10 9 134 100.00000 0
2658 3476 7.10520 0.00378 7.42984 4.98460 17 0 0 9 9 101 100.00000 0
2704 3266 6.40398 0.00285 3.23886 4.39686 11 0 0 9 9 95 100.00000 0
2602 2686 8.35885 0.00316 7.86483 2.03721 23 0 0 21 14 153 100.00000 0
2650 3496 8.89841 0.00530 5.99565 0.71052 13 0 0 11 8 65 100.00000 0
3147 3519 6.36664 0.00561 13.36873 5.57190 13 0 0 1 4 82 100.00000 0
3429 7305 7.85687 0.01343 12.87940 0.76617 5 0 0 5 3 54 100.00000 0
2662 3408 6.40257 0.00293 4.27615 3.58627 17 0 0 6 10 106 100.00000 0
2704 3455 6.40101 0.00345 8.84942 0.43069 11 0 0 9 5 70 100.00000 0
2676 3149 6.40398 0.00285 20.99155 0.17914 33 11 0 8 16 153 100.00000 0
2672 3131 6.40398 0.00285 20.03049 0.17914 14 7 1 1 5 104 100.00000 0
2599 2817 9.25431 0.00309 11.10068 0.79721 24 0 0 15 13 169 100.00000 0
2837 3435 6.40657 0.00276 2.75822 2.04794 11 0 0 11 7 67 100.00000 0
2781 3506 9.59883 0.00639 9.58020 0.46646 14 0 0 14 12 116 100.00000 0
2751 3476 7.10655 0.00342 6.25458 0.99426 7 0 0 5 5 62 100.00000 0
2600 2683 9.06027 0.00331 7.04431 1.83930 15 0 0 5 5 171 100.00000 0
2634 3137 8.90332 0.00381 25.98817 0.22728 18 0 3 6 3 65 100.00000 0
2772 3388 6.40398 0.00285 7.33863 3.86067 12 0 0 3 4 115 100.00000 0
2638 3269 8.20217 0.00365 27.02427 169.36853 5 0 0 1 2 63 100.00000 0
2600 2848 9.76101 0.00409 10.98611 0.22381 41 0 0 29 31 145 100.00000 0
2713 3096 6.40398 0.00285 4.41485 14.57133 23 12 2 6 8 136 100.00000 0
2740 7315 8.35210 0.00689 7.64267 1.87304 13 0 0 10 3 87 100.00000 0
2706 7316 9.56933 0.00882 6.62067 1.37402 10 0 0 7 5 62 100.00000 0
2617 2870 7.80338 0.00606 4.46821 1.15961 25 0 0 16 12 121 100.00000 0
2706 3369 6.40398 0.00285 20.03678 0.17914 13 0 4 8 2 101 100.00000 0
2839 3246 6.40657 0.00267 20.65072 0.15826 7 2 0 2 3 57 100.00000 0
2626 2974 9.24694 0.00623 6.68067 1.59937 10 0 0 7 5 81 100.00000 0
2909 3523 8.50376 0.00858 10.75738 10.67653 6 0 0 6 3 68 100.00000 0
2644 3482 8.86646 0.00301 7.48650 2.45925 12 0 0 12 8 84 100.00000 0
2649 3209 6.95051 0.00324 8.18242 0.81805 16 0 0 11 10 67 100.00000 0
2670 3050 6.40398 0.00285 7.66437 0.98516 6 0 0 6 5 73 100.00000 0
938 5697 7.28810 0.37728 3.85692 8.98551 15 0 0 9 11 80 100.00000 0
3023 3528 9.39916 0.00913 15.52133 4.43862 7 0 0 4 5 48 100.00000 0
2844 3510 9.95038 0.00684 4.92693 6.38838 7 0 0 4 3 68 100.00000 0
2840 3186 6.40657 0.00280 2.03409 1.36688 34 0 1 22 17 148 100.00000 0
2645 3201 7.65267 0.00267 5.07307 0.22381 20 0 0 17 14 87 100.00000 0
2771 3496 8.35322 0.00486 5.79636 0.40926 21 0 0 18 9 140 100.00000 0
3133 3523 7.61147 0.00684 8.88959 178.85397 10 0 0 10 5 58 100.00000 0
2739 3312 6.40398 0.00285 18.93139 0.20174 5 0 0 5 4 31 100.00000 0
2638 3238 8.20217 0.00365 11.43817 0.85363 18 0 0 18 13 93 100.00000 0
2822 3264 6.40398 0.00285 3.56319 8.42082 15 1 0 1 6 115 100.00000 0
2675 3336 6.40398 0.00285 6.87017 4.80383 10 0 0 4 4 117 100.00000 0
2637 3374 8.55311 0.00359 7.38170 15.53600 12 0 0 0 3 97 100.00000 0
1008 5772 8.99554 0.00512 9.47285 0.85272 21 0 0 21 16 75 100.00000 0
2795 3263 6.40398 0.00285 3.51643 9.56382 20 4 0 8 9 128 100.00000 0
