61 1827 7.31620 1.94840 0.48203 2.75676 110 52 5 102 47 426 100.00000 0
715 1516 9.16088 2.31377 0.13270 0.83275 162 132 14 154 115 446 100.00000 0
2528 3862 6.37581 1.21874 0.22948 1.67491 196 157 30 194 115 486 100.00000 0
802 1396 9.72889 2.22993 0.22755 1.30086 154 126 11 151 99 371 100.00000 0
719 1512 8.01459 2.49771 0.07342 0.90655 168 117 32 164 93 415 100.00000 0
45 1842 9.06803 0.71679 0.25131 2.17331 126 85 28 122 51 472 100.00000 0
2471 3869 9.86330 1.80455 0.21436 1.59741 133 92 27 131 72 384 100.00000 0
2524 3873 6.62666 1.19404 0.46253 3.84237 164 131 29 158 79 419 100.00000 0
49 1846 9.38502 0.64377 0.04751 2.43622 98 72 21 90 37 428 100.00000 0
769 1428 9.59738 3.08776 0.27737 1.47538 305 244 24 299 196 634 100.00000 0
219 1678 7.99323 3.03788 0.16914 1.63159 164 92 25 164 87 591 100.00000 0
3988 4046 7.86943 0.72250 0.04621 1.22685 181 147 29 181 98 477 100.00000 0
238 1656 9.95665 3.11222 0.15052 1.51103 119 91 23 119 60 487 100.00000 0
809 1420 9.19229 1.94715 0.25114 1.45212 135 116 11 129 71 375 100.00000 0
802 1397 9.31305 2.22838 0.16744 1.18201 212 178 25 212 143 468 100.00000 0
72 1853 7.59918 1.50055 0.24473 2.08450 97 87 8 93 41 405 100.00000 0
2518 3874 8.01566 1.33185 0.47759 4.16368 147 127 13 145 71 363 100.00000 0
37 1836 9.56592 0.94924 0.12144 1.29905 105 62 18 103 50 401 100.00000 0
811 1407 9.21140 1.82090 0.21602 1.40221 153 126 20 151 88 417 100.00000 0
50 1840 8.05250 0.91870 0.05939 2.02255 117 80 18 112 60 496 100.00000 0
256 1619 6.63129 2.42237 0.63410 2.78839 165 89 6 156 85 512 100.00000 0
82 1842 7.17298 2.32479 0.15954 1.48227 156 66 13 156 84 457 100.00000 0
213 1667 9.22841 3.09018 0.28634 2.39572 126 71 32 124 59 471 100.00000 0
2486 3875 8.79091 2.15336 0.08782 3.20173 123 98 20 123 60 307 100.00000 0
2500 3861 7.02165 2.22335 0.04531 1.54560 166 135 23 166 96 388 100.00000 0
789 1411 7.58022 2.86897 0.24481 1.30925 257 228 21 253 172 591 100.00000 0
209 1688 6.19649 3.08638 0.40625 3.17792 163 95 20 160 70 621 100.00000 0
248 1613 6.22980 2.21490 0.29079 2.98216 110 56 7 106 37 373 100.00000 0
45 1835 8.89064 1.05267 0.26090 1.52726 176 115 28 165 74 586 100.00000 0
244 1611 9.42519 2.13139 0.17329 2.88934 107 74 4 107 29 408 100.00000 0
37 1842 9.95854 0.65826 0.15250 1.89445 110 68 19 104 46 422 100.00000 0
712 1483 8.18072 2.25280 0.30474 1.53748 193 162 17 181 109 494 100.00000 0
47 1828 9.70219 1.36437 0.06729 1.12883 111 39 12 109 57 485 100.00000 0
217 1660 9.90463 3.10173 0.27148 1.51284 119 58 17 117 62 615 100.00000 0
2473 3873 9.35878 1.82060 0.13752 1.98623 137 115 14 137 76 375 100.00000 0
60 1851 8.42392 0.89579 0.15007 1.29513 114 64 14 114 61 407 100.00000 0
232 1636 7.76052 2.95798 1.32378 2.89070 98 56 16 96 32 388 100.00000 0
736 1464 7.21133 3.11156 0.18870 2.91040 225 174 31 221 105 560 100.00000 0
250 1596 9.89052 1.72639 0.38719 2.77545 49 24 2 47 22 295 100.00000 0
248 1607 7.89913 2.02800 0.18850 3.13750 110 45 2 106 44 363 100.00000 0
809 1406 8.11287 1.89734 0.16327 1.40723 172 142 27 170 109 434 100.00000 0
2484 3868 6.53934 2.15036 0.04803 1.22013 229 199 23 226 149 555 100.00000 0
2504 3859 8.41394 2.05379 0.37060 2.34418 121 96 14 119 49 303 100.00000 0
108 1775 9.34441 3.08225 0.11687 2.20531 153 94 14 153 55 547 100.00000 0
65 1851 6.93987 1.16498 0.17434 1.63183 131 94 11 131 64 441 100.00000 0
67 1821 7.28189 2.45765 0.28879 3.31470 117 85 22 113 33 413 100.00000 0
2476 3870 8.23556 1.91326 0.09954 0.78135 162 114 39 160 101 422 100.00000 0
42 1839 9.10563 0.83166 0.51179 1.65256 121 73 18 119 45 510 100.00000 0
712 1487 6.59541 2.24907 0.07636 0.62118 293 253 31 293 224 694 100.00000 0
736 1484 7.00541 3.12091 0.72719 2.06886 179 155 23 177 79 528 100.00000 0
697 1503 8.34131 1.54572 0.24144 2.15013 217 162 22 217 133 579 100.00000 0
55 1825 9.19692 1.72975 0.29392 2.10524 146 94 21 142 82 500 100.00000 0
135 1765 9.21029 3.13858 0.25227 1.39128 152 131 15 148 83 478 100.00000 0
2512 3859 7.93742 1.67030 0.37387 1.65540 185 158 19 183 87 396 100.00000 0
2536 3863 7.70186 1.38963 0.29985 2.67034 166 135 28 166 83 404 100.00000 0
76 1852 7.89480 1.75222 0.21424 2.37883 82 60 11 80 42 277 100.00000 0
60 1830 6.84793 1.79264 0.33511 1.84525 157 114 35 153 83 585 100.00000 0
791 1434 8.20672 2.67892 0.30623 2.20460 145 129 11 140 69 436 100.00000 0
719 1481 6.15061 2.59734 0.14460 1.46340 207 171 23 205 120 558 100.00000 0
711 1489 6.22666 2.19806 0.03996 0.93712 324 277 39 322 224 742 100.00000 0
88 1834 9.91160 2.70197 0.23074 2.57314 56 40 8 54 25 327 100.00000 0
722 1507 6.70128 2.63570 0.10449 1.75390 224 181 36 222 126 567 100.00000 0
82 1846 8.47571 2.16995 0.23403 1.75301 139 25 8 137 68 452 100.00000 0
106 1794 8.40649 3.07885 0.17931 2.15195 95 65 21 93 31 403 100.00000 0
246 1611 8.06134 2.14064 0.09535 3.16508 108 59 3 101 38 366 100.00000 0
246 1605 9.65715 1.96326 0.37761 3.09237 81 15 2 79 23 337 100.00000 0
804 1404 6.65763 2.12801 0.07831 0.85272 306 266 23 301 221 648 100.00000 0
2487 3876 9.65225 2.17271 0.06391 3.53513 90 72 10 88 36 270 100.00000 0
703 1495 7.27581 1.83364 0.10624 1.54053 238 191 27 234 149 554 100.00000 0
120 1779 8.55339 3.08121 0.11409 1.76614 141 97 26 139 63 557 100.00000 0
798 1428 6.94507 2.45587 0.18700 2.91685 211 179 24 209 71 523 100.00000 0
811 1417 9.74764 1.86758 0.17250 0.85042 119 89 17 117 72 375 100.00000 0
703 1518 9.83489 1.77769 0.06217 0.65730 169 136 24 169 114 451 100.00000 0
738 1482 7.86636 3.13607 0.54781 2.39833 169 142 23 162 64 407 100.00000 0
51 1826 9.62371 1.54180 0.07859 1.24080 164 89 24 162 98 550 100.00000 0
748 1467 7.20637 3.08693 0.25419 2.85801 149 82 4 149 65 424 100.00000 0
106 1795 9.25935 3.07206 0.18880 2.34000 93 60 16 91 32 453 100.00000 0
191 1696 7.84442 3.10592 0.10034 3.40145 135 36 17 127 58 508 100.00000 0
75 1853 8.22686 1.66901 0.10779 2.46387 91 73 14 91 55 342 100.00000 0
811 1408 9.14384 1.83036 0.11572 1.24458 145 93 42 139 62 402 100.00000 0
245 1642 7.83485 3.07960 0.35098 1.77454 151 81 9 149 66 562 100.00000 0
68 1824 6.03239 2.43954 0.30516 3.71067 99 72 17 91 44 414 100.00000 0
2510 3859 7.98150 1.76403 0.35121 1.67351 160 124 29 157 76 405 100.00000 0
775 1443 7.77041 3.06703 0.16917 1.98367 160 112 18 160 92 448 100.00000 0
42 1831 9.61115 1.18688 0.22621 1.17403 150 72 13 145 80 529 100.00000 0
142 1745 7.23247 3.13263 0.16968 1.89568 194 132 19 192 93 597 100.00000 0
177 1712 7.36635 3.12696 0.18619 1.64330 179 123 18 177 99 509 100.00000 0
65 1816 9.65571 2.39081 1.81197 3.87606 75 39 9 75 21 314 100.00000 0
45 1831 9.36276 1.21841 0.19969 1.33647 155 73 10 149 88 564 100.00000 0
2534 3873 7.09812 1.28954 0.06684 1.55217 169 145 23 167 106 419 100.00000 0
766 1449 6.77886 3.09447 0.26014 2.76272 162 132 12 156 81 465 100.00000 0
101 1800 8.09860 3.09790 0.68394 3.21163 139 81 18 139 48 491 100.00000 0
4001 4052 6.66962 0.67147 0.02854 1.73596 265 221 40 265 140 550 100.00000 0
179 1710 7.25495 3.12705 0.29358 1.61616 236 163 20 232 160 609 100.00000 0
2524 3858 9.87673 1.23261 0.30295 2.21399 115 96 15 115 63 344 100.00000 0
244 1613 8.81886 2.19887 0.59784 2.69719 129 102 14 122 40 392 100.00000 0
105 1780 7.00632 3.08827 0.14621 2.04870 189 144 33 185 59 562 100.00000 0
765 1434 8.32673 3.11931 0.16753 1.89093 269 207 21 259 138 582 100.00000 0
792 1435 9.49722 2.62852 0.36044 2.41654 162 122 14 160 97 430 100.00000 0
803 1423 6.69876 2.23650 0.18136 1.35797 245 215 15 241 146 576 100.00000 0
231 1661 7.00109 3.08244 0.28205 2.06222 128 74 36 125 43 504 100.00000 0
3991 4051 8.86992 0.85727 0.06332 1.50037 174 145 24 174 110 450 100.00000 0
718 1476 9.40937 2.54155 0.16123 1.09860 225 188 30 217 116 485 100.00000 0
3984 4041 8.05052 0.63361 0.14086 1.17969 160 113 40 156 78 443 100.00000 0
58 1847 7.13834 0.95530 0.18568 1.57818 107 79 18 107 57 437 100.00000 0
64 1818 9.19389 2.31630 0.55336 3.51736 104 48 10 102 31 373 100.00000 0
58 1821 9.74607 1.97850 0.45210 2.72160 114 69 14 112 66 396 100.00000 0
177 1724 7.32542 3.11146 0.15560 1.36573 61 35 16 55 20 262 100.00000 0
762 1437 8.51285 3.11683 0.36490 1.81013 251 200 24 245 146 520 100.00000 0
72 1811 9.29264 2.80418 0.94229 4.52541 93 56 29 91 34 294 100.00000 0
809 1405 8.27676 1.88807 0.16383 1.53033 190 140 31 184 109 464 100.00000 0
811 1402 9.89871 1.80110 0.06651 1.11592 127 100 23 125 67 407 100.00000 0
256 1616 6.36518 2.32084 0.58679 2.20921 195 162 28 195 99 580 100.00000 0
3993 4050 7.72544 0.78272 0.07686 1.23162 207 166 28 205 142 566 100.00000 0
157 1731 7.29466 3.13896 0.15145 2.01848 123 92 7 117 69 419 100.00000 0
797 1402 8.28866 2.48259 0.15631 2.01480 164 131 20 162 97 407 100.00000 0
163 1724 9.21088 3.13964 0.15882 1.86593 112 60 11 106 46 369 100.00000 0
2495 3872 6.44447 2.29729 0.02935 3.76473 138 105 18 128 66 352 100.00000 0
806 1398 9.04548 2.01367 0.01667 0.87312 173 148 21 173 111 432 100.00000 0
757 1457 6.44975 3.11615 0.27466 2.59405 200 168 27 194 81 471 100.00000 0
44 1832 9.34839 1.16790 0.55726 1.24112 145 91 24 143 60 535 100.00000 0
253 1596 9.20623 1.71713 0.84751 2.28448 97 63 15 97 25 389 100.00000 0
753 1461 6.50814 3.10097 0.53363 2.72290 154 123 7 148 55 429 100.00000 0
199 1700 6.63248 3.10928 0.15220 3.01441 180 64 14 180 79 546 100.00000 0
223 1654 6.76523 3.10500 0.29743 1.78202 146 114 18 144 84 711 100.00000 0
709 1486 8.06545 2.11487 0.06815 1.10535 280 248 27 278 184 611 100.00000 0
47 1843 8.95509 0.69898 0.12881 2.46863 115 38 14 113 34 464 100.00000 0
701 1491 9.05516 1.75957 0.15564 1.09217 180 143 31 176 132 435 100.00000 0
804 1424 7.75411 2.17500 0.15002 1.19354 215 193 15 215 143 489 100.00000 0
140 1747 7.05018 3.12990 0.21355 1.93371 156 103 11 152 74 521 100.00000 0
231 1638 7.50739 3.00679 0.70254 2.90569 96 54 26 93 21 457 100.00000 0
797 1401 8.73246 2.47641 0.12178 2.03836 150 111 27 146 94 411 100.00000 0
187 1714 7.59242 3.10706 0.28001 2.38786 163 136 22 161 79 494 100.00000 0
2474 3869 8.91758 1.87455 0.04771 1.02412 187 153 24 185 132 460 100.00000 0
2487 3874 7.98320 2.18917 0.38613 3.14573 105 83 13 96 60 260 100.00000 0
2520 3875 8.95819 1.25839 0.62303 4.51284 104 86 10 97 56 300 100.00000 0
2529 3861 7.60845 1.22433 0.07941 1.57396 161 111 41 159 80 408 100.00000 0
731 1493 6.61075 3.01846 0.46703 2.39277 203 152 39 197 81 569 100.00000 0
810 1400 9.82823 1.83024 0.05348 1.13090 115 92 23 115 69 290 100.00000 0
54 1828 8.70457 1.57987 0.08862 1.32677 152 69 10 148 90 538 100.00000 0
799 1397 9.91551 2.37652 0.30766 2.05347 129 112 8 129 74 340 100.00000 0
57 1833 6.99358 1.52402 0.11124 1.02717 177 122 18 175 123 508 100.00000 0
2507 3873 7.41912 1.86707 0.07756 3.39661 159 123 34 155 70 405 100.00000 0
776 1442 7.52603 3.07279 0.20456 2.59556 127 62 6 122 57 464 100.00000 0
54 1842 7.23780 0.96764 0.09398 1.69789 185 113 50 181 74 549 100.00000 0
86 1839 9.50497 2.47588 0.38273 2.43944 51 28 2 45 21 236 100.00000 0
255 1625 7.34133 2.63515 0.16601 2.67737 118 28 3 116 55 492 100.00000 0
212 1685 6.70992 3.05469 0.58459 3.87505 130 66 23 130 40 557 100.00000 0
52 1841 7.64521 0.93239 0.13755 1.90967 143 89 21 141 49 581 100.00000 0
786 1436 7.52497 2.87741 0.18615 1.78750 142 98 8 138 80 411 100.00000 0
52 1835 7.83803 1.22520 0.17222 1.26610 148 117 23 148 83 560 100.00000 0
700 1494 8.64157 1.71335 0.13461 1.15080 226 197 21 226 152 565 100.00000 0
747 1471 9.48118 3.09633 0.25283 2.75903 141 99 24 132 49 408 100.00000 0
88 1828 8.54210 2.93028 0.79652 3.50107 50 34 10 48 22 264 100.00000 0
195 1693 6.20661 3.11861 0.08401 3.70031 180 119 42 174 76 611 100.00000 0
695 1511 9.69412 1.46146 0.20133 2.50124 140 115 14 134 82 347 100.00000 0
102 1797 6.82979 3.10400 0.44961 2.79568 136 78 18 134 43 489 100.00000 0
219 1660 7.46367 3.10185 0.22061 1.93107 160 104 19 156 89 722 100.00000 0
53 1835 7.62681 1.26251 0.21064 1.22269 154 109 26 148 82 578 100.00000 0
40 1839 9.29294 0.81750 0.07265 1.59814 117 81 16 117 46 455 100.00000 0
740 1481 9.20702 3.13596 0.82923 2.87004 145 127 10 137 43 369 100.00000 0
2533 3860 9.53228 1.30948 0.11189 3.01012 135 107 19 133 79 328 100.00000 0
109 1774 9.41092 3.07358 0.12291 2.09256 144 108 19 140 57 553 100.00000 0
4001 4057 9.44565 0.81011 0.14330 1.05053 219 193 23 217 150 475 100.00000 0
59 1829 7.34656 1.77263 0.39504 2.02449 139 77 15 139 68 497 100.00000 0
202 1699 9.19623 3.11277 0.25291 2.95420 160 53 5 156 99 526 100.00000 0
746 1472 9.30986 3.10078 0.56274 2.74352 182 134 27 173 66 443 100.00000 0
83 1799 9.92820 3.09142 0.23100 4.32771 55 21 9 53 11 299 100.00000 0
89 1797 6.72608 3.11924 0.83997 4.78987 49 37 7 45 17 280 100.00000 0
233 1631 9.91411 2.83575 0.24251 2.06052 107 39 18 103 50 435 100.00000 0
124 1773 6.13504 3.08982 0.31233 2.11803 236 209 20 230 152 679 100.00000 0
57 1846 7.16285 0.94659 0.14505 1.54586 120 88 20 118 64 462 100.00000 0
69 1856 9.89361 1.24338 0.30532 3.09453 72 54 4 70 23 343 100.00000 0
801 1428 8.48011 2.30692 0.43214 2.36910 194 164 17 194 70 459 100.00000 0
779 1442 9.30239 3.04355 0.49933 2.77036 189 81 11 183 79 471 100.00000 0
724 1476 6.26562 2.79664 0.17223 2.38409 275 231 35 264 123 646 100.00000 0
76 1811 7.32246 3.02291 0.14165 4.90353 59 39 15 55 15 251 100.00000 0
109 1791 8.86671 3.07698 0.71947 2.22669 126 101 16 122 48 539 100.00000 0
742 1476 8.23512 3.13270 0.49028 2.19232 148 124 12 144 47 461 100.00000 0
800 1402 7.49221 2.33717 0.08437 1.81186 231 198 25 231 137 467 100.00000 0
255 1612 6.03610 2.15276 0.65518 2.55512 175 137 14 171 80 535 100.00000 0
169 1731 6.60704 3.13492 0.36193 2.19945 125 82 20 121 67 407 100.00000 0
66 1819 8.27347 2.42767 0.64283 3.33531 114 71 35 110 36 384 100.00000 0
33 1837 9.89886 0.90148 0.04294 1.27196 157 101 22 157 77 508 100.00000 0
700 1508 7.21513 1.63924 0.07874 1.77806 318 292 21 316 205 636 100.00000 0
258 1605 8.40173 1.94689 0.53723 2.05233 159 121 13 159 78 481 100.00000 0
695 1497 9.90393 1.52674 0.10103 1.99351 149 107 26 143 102 448 100.00000 0
702 1515 8.53602 1.72087 0.15976 0.78684 228 185 32 226 173 547 100.00000 0
724 1507 7.84196 2.71173 0.19013 2.58604 177 135 27 173 67 443 100.00000 0
244 1609 9.93346 2.06626 0.20936 2.62122 111 60 9 100 43 380 100.00000 0
113 1772 7.36574 3.06615 0.25705 1.75256 166 124 20 166 54 609 100.00000 0
54 1831 8.07425 1.46965 0.16825 1.03325 166 96 25 164 93 524 100.00000 0
89 1818 6.67684 3.12506 0.62529 4.73673 91 69 3 91 42 303 100.00000 0
187 1699 9.54772 3.06671 0.96696 2.72793 119 36 13 115 35 480 100.00000 0
238 1624 9.39002 2.62908 0.45360 2.34635 123 67 14 123 53 438 100.00000 0
176 1713 7.37075 3.13104 0.13401 2.07792 188 111 23 186 106 488 100.00000 0
696 1499 9.20200 1.54127 0.12493 1.73641 196 153 32 192 129 523 100.00000 0
51 1844 8.36884 0.76586 0.14707 2.41168 81 32 8 75 37 410 100.00000 0
694 1510 9.93931 1.44107 0.39718 2.45479 173 136 20 169 94 456 100.00000 0
2537 3861 9.69440 1.41079 0.32971 2.91148 115 88 25 111 48 344 100.00000 0
797 1428 6.45461 2.50443 0.27926 2.87453 227 191 30 227 80 595 100.00000 0
51 1830 8.80368 1.39955 0.12771 0.98198 146 78 31 140 75 594 100.00000 0
701 1516 9.21349 1.68416 0.05900 0.39366 168 148 15 166 138 425 100.00000 0
801 1398 9.04532 2.27794 0.19062 1.50974 200 177 17 194 135 446 100.00000 0
714 1481 8.34772 2.34999 0.21323 1.22173 160 131 22 160 94 458 100.00000 0
252 1603 7.51195 1.89412 0.51021 2.07830 121 43 12 117 38 417 100.00000 0
229 1665 8.04330 3.06926 0.42892 1.74899 139 78 39 137 69 592 100.00000 0
132 1753 8.89497 3.13051 0.46522 1.94582 171 131 29 169 83 521 100.00000 0
116 1769 7.57674 3.06616 0.36193 1.34086 205 175 26 205 111 646 100.00000 0
192 1695 7.71908 3.11014 0.32814 3.54619 133 46 17 133 60 518 100.00000 0
710 1512 6.21771 2.06092 0.07789 0.58551 328 292 25 328 251 643 100.00000 0
2472 3871 9.30974 1.81476 0.14473 1.51852 139 117 16 135 84 387 100.00000 0
806 1397 9.39085 2.01287 0.04746 0.86048 181 150 28 176 121 409 100.00000 0
64 1817 9.57251 2.32500 0.99598 3.70190 101 43 3 97 21 393 100.00000 0
802 1399 8.47176 2.23074 0.04804 1.28877 206 165 28 206 127 551 100.00000 0
173 1717 6.19315 3.11985 0.05200 1.79078 142 106 30 140 77 405 100.00000 0
66 1820 7.95108 2.41759 0.50298 3.22780 91 62 25 91 42 283 100.00000 0
227 1642 9.32887 3.10301 0.34595 2.22176 122 75 7 118 53 590 100.00000 0
96 1806 7.23903 3.09589 0.89241 4.09060 126 53 5 124 49 404 100.00000 0
207 1678 6.68441 3.05417 0.15339 1.57222 223 180 33 221 118 740 100.00000 0
2532 3860 9.28273 1.28185 0.04607 2.31951 135 110 19 135 82 383 100.00000 0
2491 3873 7.19773 2.29597 0.17612 3.51435 112 90 16 107 61 288 100.00000 0
78 1848 6.68004 1.98102 0.34330 2.07867 115 74 26 113 57 445 100.00000 0
807 1397 9.59565 1.96285 0.06681 1.03211 178 156 18 178 133 452 100.00000 0
86 1798 8.37000 3.09549 0.14548 4.82718 62 33 10 58 15 275 100.00000 0
69 1815 8.68437 2.61271 0.51338 4.26948 80 32 10 78 28 279 100.00000 0
170 1718 8.56162 3.12726 0.24919 2.17439 101 60 29 99 51 301 100.00000 0
696 1501 8.92376 1.52446 0.14170 2.16573 198 155 26 196 118 516 100.00000 0
699 1493 9.26236 1.67624 0.15001 1.25492 159 124 29 159 101 435 100.00000 0
743 1476 9.19742 3.12602 0.27765 2.01169 138 117 13 130 44 351 100.00000 0
48 1836 8.46670 1.06530 0.26756 1.54839 152 93 18 150 77 530 100.00000 0
56 1829 8.05247 1.62939 0.18111 1.29754 209 109 15 209 146 621 100.00000 0
2515 3859 7.95320 1.52321 0.42169 2.02951 159 116 29 157 68 389 100.00000 0
730 1470 6.69962 2.99647 0.30566 3.32920 197 152 29 195 80 448 100.00000 0
756 1445 6.92629 3.12599 0.05159 1.58585 279 242 22 274 182 621 100.00000 0
212 1671 7.03070 3.07889 0.39873 2.41460 136 103 20 134 45 485 100.00000 0
256 1607 7.10684 2.00157 0.27961 1.91479 158 134 16 153 65 501 100.00000 0
3980 4030 8.35550 0.42353 0.10011 1.61737 144 127 15 141 78 425 100.00000 0
55 1830 8.05075 1.55473 0.13879 0.85684 148 111 18 146 88 523 100.00000 0
2477 3866 9.22783 1.96346 0.05161 0.99150 120 86 30 114 72 347 100.00000 0
3996 4053 8.23429 0.81526 0.19483 1.23162 210 179 21 206 130 571 100.00000 0
2513 3873 7.23345 1.58061 0.51699 3.51703 125 82 29 121 45 352 100.00000 0
729 1502 8.79283 2.90946 0.68999 2.88704 133 100 10 133 57 390 100.00000 0
61 1826 7.57824 1.98757 0.52588 2.93452 134 106 14 131 54 433 100.00000 0
752 1463 7.46662 3.09698 0.28282 3.11596 162 131 23 160 65 411 100.00000 0
228 1640 9.40559 3.05937 0.09877 2.58407 111 61 18 109 38 548 100.00000 0
752 1449 6.83226 3.13519 0.25124 2.74623 188 137 10 180 88 482 100.00000 0
699 1515 9.34645 1.59853 0.13151 1.28664 241 209 28 238 184 564 100.00000 0
723 1510 8.87637 2.66959 0.14948 1.59324 142 109 20 140 80 357 100.00000 0
48 1845 9.28246 0.65413 0.24286 2.49010 105 71 18 105 34 436 100.00000 0
2525 3876 9.71017 1.15681 0.39994 3.96980 78 54 15 74 39 231 100.00000 0
254 1627 7.25206 2.69731 0.19285 2.02178 156 72 10 156 67 488 100.00000 0
737 1487 9.09720 3.12601 0.27081 1.53570 150 108 20 146 62 415 100.00000 0
775 1422 9.20517 3.07032 0.44780 2.01868 207 180 13 205 116 463 100.00000 0
66 1852 7.34364 1.19325 0.09365 1.62389 144 120 19 136 76 430 100.00000 0
255 1605 7.16403 1.93848 0.51267 1.93310 155 128 13 155 75 526 100.00000 0
782 1416 8.63544 3.12492 0.07299 1.89754 248 218 23 244 138 578 100.00000 0
793 1402 9.83139 2.65564 0.11080 1.69674 101 71 24 99 52 321 100.00000 0
225 1672 9.53997 3.04415 0.21399 2.03874 123 38 21 121 67 482 100.00000 0
806 1399 8.68288 2.01523 0.02540 0.88470 163 146 14 163 109 394 100.00000 0
703 1513 7.51639 1.76004 0.12165 1.28634 328 292 27 322 210 697 100.00000 0
791 1411 6.65502 2.78188 0.15772 1.50974 233 204 22 231 142 512 100.00000 0
110 1773 9.47606 3.06724 0.13657 2.00154 115 85 24 113 36 521 100.00000 0
66 1855 9.54208 1.10790 0.50381 2.57891 95 77 14 95 32 309 100.00000 0
215 1682 7.18638 3.04639 0.67852 2.84221 176 127 32 174 76 513 100.00000 0
735 1493 9.82487 3.09370 0.21950 2.37833 114 75 23 109 42 362 100.00000 0
89 1821 7.56508 3.13416 0.40926 4.35271 72 56 10 66 27 263 100.00000 0
743 1457 7.61494 3.12206 0.18939 3.07065 154 110 27 149 48 421 100.00000 0
731 1468 7.60138 3.01609 0.13059 3.13987 197 130 21 191 79 492 100.00000 0
702 1498 6.96103 1.77368 0.07314 1.43149 260 219 27 255 191 602 100.00000 0
155 1732 8.23113 3.14017 0.31891 1.81013 170 92 6 168 108 534 100.00000 0
88 1830 9.01001 2.86212 0.15060 3.08566 77 56 10 75 26 338 100.00000 0
102 1801 9.82811 3.09204 0.59462 3.22379 72 30 4 68 18 353 100.00000 0
77 1811 6.74738 3.07182 0.30123 4.93094 75 57 13 75 21 297 100.00000 0
2495 3875 9.21121 2.27242 0.13383 4.17851 115 91 16 112 60 288 100.00000 0
97 1787 8.02899 3.13169 1.06755 3.13163 158 124 23 156 55 566 100.00000 0
797 1432 9.37380 2.44576 0.17156 2.96927 177 146 20 177 75 402 100.00000 0
69 1817 7.88992 2.60116 0.95085 4.13697 96 32 19 90 18 365 100.00000 0
768 1432 7.37206 3.14030 0.22106 1.36888 268 202 20 240 176 564 100.00000 0
42 1843 9.62321 0.63147 0.19495 2.26330 116 24 11 114 44 466 100.00000 0
162 1727 6.56777 3.13763 0.22048 1.66671 167 97 17 165 88 479 100.00000 0
142 1743 9.65635 3.13223 0.50112 1.81919 135 42 15 131 65 440 100.00000 0
808 1412 7.12582 1.97089 0.15043 0.90871 222 182 31 222 155 552 100.00000 0
804 1402 7.30647 2.12452 0.13391 0.71272 212 160 30 210 151 517 100.00000 0
38 1832 9.81207 1.12540 0.32842 1.19649 125 79 17 117 57 498 100.00000 0
705 1495 6.52193 1.91971 0.05576 1.37743 329 290 31 324 208 675 100.00000 0
128 1759 6.12711 3.11626 0.20112 2.27658 168 86 34 166 73 540 100.00000 0
2489 3862 8.89677 2.30048 0.10110 0.89875 201 174 23 199 136 474 100.00000 0
810 1408 8.51338 1.86694 0.09578 1.18399 171 135 23 171 109 434 100.00000 0
810 1418 9.30272 1.90485 0.03855 1.11803 166 139 21 164 92 444 100.00000 0
722 1506 6.20763 2.63978 0.12058 1.60547 212 164 42 208 116 525 100.00000 0
51 1847 9.26042 0.66164 0.33551 2.16175 93 67 16 89 37 444 100.00000 0
87 1835 9.30566 2.66456 0.57687 2.83476 90 40 12 86 38 406 100.00000 0
699 1506 7.47035 1.60162 0.08609 1.64330 254 192 33 250 149 597 100.00000 0
79 1847 6.82695 2.06191 0.23556 1.69950 105 66 9 105 59 437 100.00000 0
2481 3869 7.05982 2.05492 0.04458 0.91728 245 198 36 241 159 574 100.00000 0
805 1425 8.89698 2.11685 0.10320 1.27687 219 193 19 213 135 485 100.00000 0
222 1674 7.79011 3.03804 0.36660 1.92742 179 76 8 177 87 571 100.00000 0
2542 3863 9.99600 1.50210 0.13961 2.06564 129 91 32 127 73 395 100.00000 0
3995 4051 7.52612 0.77392 0.06204 1.28054 207 187 16 205 128 511 100.00000 0
55 1839 6.79729 1.15718 0.06041 1.24112 157 120 24 147 70 481 100.00000 0
703 1497 6.79711 1.82208 0.09990 1.72986 252 192 34 252 151 603 100.00000 0
149 1739 6.46853 3.13422 0.44202 1.79188 192 139 22 192 115 631 100.00000 0
800 1430 9.35665 2.32818 0.55678 2.74823 158 136 16 156 68 439 100.00000 0
102 1800 9.08705 3.09331 0.55082 3.14647 104 54 9 102 26 394 100.00000 0
2496 3874 8.27707 2.26408 0.27724 4.00624 57 42 12 57 26 205 100.00000 0
254 1602 7.66051 1.86412 0.56183 2.15813 114 67 11 108 47 466 100.00000 0
116 1767 9.92696 3.06292 0.37272 1.45697 173 133 24 166 92 538 100.00000 0
729 1504 9.69546 2.89869 0.47020 2.38524 140 100 20 136 63 379 100.00000 0
96 1786 9.96059 3.13157 0.42193 2.73781 97 64 7 93 29 427 100.00000 0
259 1608 8.72631 2.03234 0.55029 2.17439 176 138 26 174 91 507 100.00000 0
2497 3874 8.30170 2.24661 0.08492 3.90555 105 83 20 103 48 321 100.00000 0
753 1445 9.76701 3.12423 0.16386 1.87513 157 117 17 149 98 402 100.00000 0
697 1497 9.12408 1.58369 0.17765 1.61156 178 133 33 178 110 507 100.00000 0
71 1812 9.22384 2.74794 0.85768 4.27498 86 64 20 84 32 315 100.00000 0
701 1497 7.57038 1.73763 0.08299 1.46019 214 164 35 214 141 499 100.00000 0
189 1713 8.94147 3.12054 0.44397 2.61898 107 64 12 104 45 378 100.00000 0
721 1510 7.81681 2.58981 0.09054 1.38593 182 152 24 178 114 467 100.00000 0
256 1598 8.89699 1.74985 0.62163 2.24873 99 69 15 97 44 365 100.00000 0
250 1604 7.77759 1.92439 0.30500 2.45352 87 45 3 81 42 355 100.00000 0
122 1778 9.64165 3.08701 0.08372 2.03798 112 87 9 110 58 453 100.00000 0
254 1605 6.99763 1.94881 0.35346 2.02951 145 83 9 141 66 489 100.00000 0
726 1501 6.32730 2.81707 0.45175 3.23192 220 189 26 218 115 508 100.00000 0
59 1852 9.35681 0.81797 0.11886 0.96834 113 71 21 111 66 386 100.00000 0
69 1853 7.59065 1.32593 0.27468 2.09798 99 80 11 95 52 363 100.00000 0
2494 3861 8.31838 2.34419 0.25050 1.54763 191 154 32 191 109 481 100.00000 0
2540 3872 8.24038 1.42850 0.25206 1.64948 149 127 13 145 89 370 100.00000 0
2487 3871 6.18610 2.21558 0.05132 2.68628 242 211 29 242 160 467 100.00000 0
38 1842 9.86073 0.66127 0.12644 1.95104 93 58 16 93 36 391 100.00000 0
57 1845 6.87931 0.98087 0.22568 1.45481 142 110 22 140 66 467 100.00000 0
82 1802 8.55399 3.08234 0.47508 4.45457 99 35 4 95 26 335 100.00000 0
792 1410 6.67337 2.73260 0.06478 1.45320 244 212 27 244 156 550 100.00000 0
2489 3872 6.51884 2.26187 0.08348 3.03835 159 119 32 157 72 368 100.00000 0
728 1498 6.40067 2.90798 0.44812 2.53605 231 190 32 231 102 567 100.00000 0
806 1403 7.42492 2.02085 0.06500 1.01027 175 148 17 169 116 450 100.00000 0
60 1825 8.10857 1.96793 0.52738 3.15641 107 64 19 105 56 442 100.00000 0
124 1775 8.44598 3.09905 0.23838 2.14137 139 114 13 135 66 521 100.00000 0
39 1835 9.42289 1.00097 0.57293 1.33764 156 90 18 148 72 551 100.00000 0
53 1836 7.52684 1.21754 0.22244 1.12535 170 127 30 170 107 545 100.00000 0
70 1852 6.81456 1.41453 0.28248 1.72329 87 65 14 81 34 406 100.00000 0
761 1439 7.73229 3.12514 0.13444 2.08168 284 200 13 274 180 582 100.00000 0
712 1485 7.36363 2.25043 0.07369 1.00561 275 231 41 273 175 595 100.00000 0
779 1419 8.56969 3.09546 0.34592 2.45320 208 178 25 206 117 460 100.00000 0
760 1455 7.33125 3.13590 0.19173 2.98714 174 139 25 167 91 459 100.00000 0
218 1678 6.78281 3.03512 0.16407 1.62365 207 106 27 204 124 631 100.00000 0
751 1449 7.74632 3.13287 0.41487 3.21309 200 121 23 194 99 478 100.00000 0
793 1404 8.95141 2.65919 0.13233 1.60034 135 114 15 135 90 410 100.00000 0
182 1721 9.83150 3.11248 0.13535 1.74361 100 85 8 98 63 344 100.00000 0
716 1483 6.59125 2.45212 0.19236 1.59348 242 213 27 242 151 550 100.00000 0
39 1831 9.81898 1.16673 0.21439 1.15927 149 86 7 145 88 508 100.00000 0
809 1412 7.75331 1.92701 0.16592 0.88293 189 139 28 189 111 486 100.00000 0
98 1787 7.03062 3.12739 0.37919 3.26207 134 96 29 130 40 569 100.00000 0
705 1517 9.05844 1.85721 0.06546 1.05573 191 155 25 189 140 515 100.00000 0
2540 3867 7.39327 1.46288 0.24160 2.25897 128 97 23 126 77 336 100.00000 0
701 1494 8.26744 1.75388 0.06943 1.13263 235 205 28 233 179 506 100.00000 0
258 1621 8.81399 2.51206 0.42862 2.50327 129 72 5 123 54 451 100.00000 0
227 1643 8.78916 3.11392 0.61658 2.10208 157 101 16 157 72 656 100.00000 0
694 1509 9.79287 1.43964 0.32517 2.46545 157 107 17 153 90 446 100.00000 0
37 1831 9.96824 1.15996 0.45788 1.06496 119 55 16 110 54 453 100.00000 0
43 1831 9.53686 1.19525 0.52567 1.20236 183 88 11 179 98 595 100.00000 0
132 1754 7.62778 3.12880 0.78700 1.82499 177 151 12 177 84 526 100.00000 0
2493 3861 8.60036 2.34759 0.06687 1.48490 185 158 26 185 108 459 100.00000 0
2498 3862 6.45569 2.28263 0.33207 1.47406 191 164 20 183 110 467 100.00000 0
198 1689 6.67516 3.13105 0.17443 4.24344 181 67 10 175 76 482 100.00000 0
743 1475 8.54813 3.12654 0.24359 2.13038 140 118 11 140 53 413 100.00000 0
3988 4049 9.05532 0.82689 0.31640 1.60961 156 112 25 152 85 412 100.00000 0
53 1832 8.11835 1.39073 0.13671 1.10003 145 96 26 143 78 574 100.00000 0
70 1851 6.12984 1.44229 0.20293 1.69027 134 80 27 126 78 487 100.00000 0
47 1836 8.59835 1.04354 0.06205 1.52007 129 85 23 125 47 496 100.00000 0
737 1481 6.51919 3.12891 0.57635 2.33146 197 170 19 193 91 456 100.00000 0
143 1744 7.26068 3.12921 0.42648 2.05424 216 90 6 214 96 606 100.00000 0
56 1844 6.94844 0.96514 0.16723 1.54180 110 72 12 106 54 434 100.00000 0
214 1665 9.72708 3.09364 0.28125 2.18624 109 66 21 105 61 544 100.00000 0
3987 4044 7.59404 0.67414 0.04477 1.09825 238 215 19 238 173 552 100.00000 0
248 1599 9.96980 1.79860 0.35579 3.01973 42 10 2 40 15 268 100.00000 0
259 1618 9.09072 2.40175 0.36542 2.46815 140 112 10 140 66 452 100.00000 0
86 1833 8.06492 2.75177 0.50187 2.72175 58 34 12 50 16 278 100.00000 0
113 1787 9.33800 3.07154 0.82684 2.12006 149 123 21 144 66 540 100.00000 0
62 1829 6.53006 1.92751 0.39201 2.22862 152 78 24 148 51 531 100.00000 0
89 1827 9.13670 2.95269 0.09062 3.91186 55 32 9 51 14 266 100.00000 0
51 1841 7.88625 0.89888 0.35312 2.04335 113 64 18 104 43 505 100.00000 0
801 1399 8.60076 2.27950 0.15289 1.53799 257 230 21 255 178 531 100.00000 0
246 1616 6.39005 2.34053 0.29434 3.15591 129 42 5 129 49 481 100.00000 0
177 1726 9.82115 3.10813 0.71379 1.16902 51 25 13 44 14 235 100.00000 0
777 1420 9.14391 3.07517 0.32858 2.32894 248 214 28 245 134 509 100.00000 0
212 1687 8.78498 3.06495 0.40962 3.94089 113 28 9 105 40 459 100.00000 0
85 1828 6.18787 2.94264 0.50303 3.04182 102 75 18 102 26 413 100.00000 0
760 1454 6.35946 3.13997 0.14281 2.85499 239 189 27 235 124 552 100.00000 0
91 1816 7.60177 3.11654 0.45061 4.38812 84 32 5 80 34 270 100.00000 0
234 1633 7.72902 2.87745 0.18302 2.26330 112 51 12 112 39 449 100.00000 0
768 1431 8.15650 3.12858 0.33140 1.46447 263 213 16 254 164 570 100.00000 0
56 1835 6.90662 1.39138 0.08826 0.99465 199 140 19 190 122 581 100.00000 0
796 1430 7.37060 2.51746 0.54966 2.81383 196 175 17 192 77 519 100.00000 0
2472 3868 9.82252 1.83497 0.07505 1.73235 173 141 29 169 110 425 100.00000 0
259 1615 8.70257 2.28047 0.75090 2.31528 120 87 15 120 69 454 100.00000 0
2474 3874 9.48751 1.83579 0.16615 1.95324 134 96 34 134 80 339 100.00000 0
233 1658 6.75036 3.08619 0.72189 2.17042 166 130 28 166 59 573 100.00000 0
4005 4056 8.64409 0.75916 0.20243 1.30416 195 157 32 191 116 439 100.00000 0
253 1633 9.70814 2.84644 0.36428 1.14329 134 75 13 130 69 447 100.00000 0
760 1440 7.78696 3.12451 0.23373 1.98840 212 126 13 202 107 495 100.00000 0
56 1839 6.50978 1.20176 0.21048 1.07046 179 147 15 175 96 501 100.00000 0
167 1734 8.10708 3.13742 0.25515 2.03625 103 57 11 103 68 350 100.00000 0
742 1457 8.56859 3.11537 0.06202 3.21150 126 104 15 115 54 354 100.00000 0
3997 4056 9.59951 0.87199 0.17112 0.88160 152 119 28 150 102 432 100.00000 0
2483 3874 8.17224 2.07524 0.07948 2.37537 128 95 22 126 63 307 100.00000 0
106 1777 9.20898 3.08698 0.09772 2.21558 185 125 28 183 74 588 100.00000 0
2531 3876 9.53753 1.18427 0.17294 0.84023 100 80 14 94 66 308 100.00000 0
257 1624 8.84068 2.61127 0.47489 2.72088 127 38 0 123 56 475 100.00000 0
786 1410 9.54068 2.98030 0.08292 1.22301 232 195 33 232 157 516 100.00000 0
78 1805 9.29643 3.09656 1.25984 5.18323 62 42 15 62 16 293 100.00000 0
775 1425 7.23685 3.08510 0.34116 2.23686 213 179 21 208 122 539 100.00000 0
87 1824 6.76601 3.08475 0.93959 4.63523 89 47 6 89 34 348 100.00000 0
254 1606 6.78169 1.98721 0.53989 2.45400 150 67 9 147 74 504 100.00000 0
2509 3875 9.50129 1.75394 0.77986 3.58004 80 58 21 75 28 304 100.00000 0
40 1835 9.34143 1.00697 0.22389 1.36945 144 72 13 144 68 528 100.00000 0
64 1826 6.72657 2.14990 0.46246 3.01870 132 77 26 132 55 471 100.00000 0
711 1485 7.73834 2.20338 0.09819 1.25242 287 235 47 285 187 629 100.00000 0
2484 3875 8.83425 2.09601 0.12638 2.82619 113 87 17 111 57 268 100.00000 0
172 1717 7.41220 3.12401 0.26515 2.05557 131 89 25 129 69 355 100.00000 0
4004 4055 8.07926 0.73539 0.03628 1.48332 237 192 36 235 154 535 100.00000 0
703 1494 7.52615 1.83828 0.08813 1.29664 266 194 52 261 190 621 100.00000 0
2483 3876 9.66486 2.05870 0.10129 2.83048 116 81 25 109 41 323 100.00000 0
97 1786 8.99690 3.13065 0.18299 3.13925 123 93 15 117 45 512 100.00000 0
2478 3869 7.83686 1.97267 0.04368 0.56924 209 185 20 209 169 479 100.00000 0
201 1685 7.12845 3.07350 0.11325 3.54497 163 141 19 163 48 550 100.00000 0
257 1596 9.64770 1.71463 0.55349 2.29831 97 67 13 87 38 396 100.00000 0
115 1771 6.37305 3.06726 0.13053 1.28937 173 133 20 171 97 624 100.00000 0
200 1699 6.79006 3.11155 0.11907 3.07562 231 87 8 229 92 690 100.00000 0
242 1645 6.85016 3.10654 0.45594 1.84991 122 71 20 119 51 498 100.00000 0
2539 3870 7.03183 1.42358 0.09400 1.08715 210 171 34 210 128 506 100.00000 0
2504 3861 6.36293 2.05740 0.31002 1.40388 189 154 29 187 103 463 100.00000 0
787 1409 9.52175 2.94695 0.04792 0.85821 177 152 19 171 119 469 100.00000 0
2496 3875 9.26569 2.25622 0.10579 4.16311 95 75 18 95 47 284 100.00000 0
704 1515 8.16209 1.80609 0.07408 0.55036 271 232 25 271 208 602 100.00000 0
203 1696 7.22151 3.11890 0.41623 3.15405 176 46 2 170 76 670 100.00000 0
62 1827 7.04207 2.00090 0.48817 2.71238 151 59 15 145 55 465 100.00000 0
2539 3871 7.39292 1.42078 0.13505 1.31254 228 190 28 223 159 483 100.00000 0
2487 3873 7.26802 2.19844 0.42577 3.01454 108 75 23 108 48 298 100.00000 0
2483 3868 6.79240 2.12175 0.02535 0.95654 284 247 33 284 213 641 100.00000 0
59 1830 7.11149 1.74258 0.21645 1.68679 161 118 29 161 95 553 100.00000 0
45 1838 8.75826 0.91269 0.12110 1.61592 156 93 27 154 57 547 100.00000 0
255 1630 9.82026 2.76980 0.38324 1.05795 107 55 6 105 66 450 100.00000 0
45 1837 8.78415 0.96185 0.15738 1.41028 146 101 24 142 67 601 100.00000 0
215 1683 8.24151 3.03834 0.45105 3.29027 162 64 30 158 77 519 100.00000 0
258 1608 8.05691 2.03090 0.38168 2.10543 195 170 12 193 112 505 100.00000 0
73 1815 7.03946 2.84296 1.23430 4.29072 105 46 24 102 31 347 100.00000 0
3982 4041 8.99634 0.64998 0.32767 1.21176 115 99 9 113 63 389 100.00000 0
199 1685 9.52288 3.09321 0.26695 4.02224 96 13 6 94 26 382 100.00000 0
2524 3860 7.73117 1.23831 0.50028 2.52290 170 141 22 166 96 442 100.00000 0
233 1660 8.17985 3.07824 0.53718 2.14229 90 70 18 88 36 516 100.00000 0
206 1693 7.71538 3.12403 0.46036 3.97592 187 22 2 185 90 580 100.00000 0
794 1407 7.22191 2.63308 0.09109 1.12466 259 220 30 255 192 629 100.00000 0
729 1498 7.09177 2.93754 0.24780 2.36314 180 145 25 180 72 465 100.00000 0
89 1822 7.83232 3.11211 0.41905 4.41836 76 56 12 76 32 286 100.00000 0
707 1494 6.04815 2.01157 0.10439 1.18861 348 277 56 348 254 678 100.00000 0
712 1512 6.29388 2.15251 0.09186 0.52786 273 239 29 269 194 606 100.00000 0
2512 3875 9.41581 1.61219 0.63466 3.66970 100 85 10 95 52 290 100.00000 0
2531 3861 8.06169 1.25622 0.36201 2.25880 148 102 33 142 62 397 100.00000 0
42 1838 9.08054 0.88112 0.26827 1.37515 146 87 30 142 55 569 100.00000 0
808 1406 7.59097 1.94119 0.21001 1.27411 231 185 34 227 130 579 100.00000 0
795 1407 6.83502 2.59085 0.11037 1.21949 230 196 17 228 163 645 100.00000 0
193 1708 7.90179 3.12564 0.53313 2.62585 138 63 17 138 55 547 100.00000 0
71 1820 6.16282 2.69778 0.11310 3.51524 93 69 19 89 33 381 100.00000 0
800 1429 8.64844 2.34825 0.58263 2.71556 193 174 14 193 89 422 100.00000 0
766 1434 7.46206 3.11193 0.32487 1.99213 253 179 15 249 153 589 100.00000 0
112 1774 6.18889 3.06805 0.17508 1.97576 156 116 21 152 50 562 100.00000 0
773 1425 8.63071 3.07884 0.15701 2.23458 205 150 24 205 128 471 100.00000 0
39 1842 9.74263 0.66501 0.38403 1.95064 86 44 12 84 33 414 100.00000 0
701 1500 7.02477 1.71889 0.11021 1.66413 287 236 33 282 201 669 100.00000 0
127 1773 9.53361 3.11126 0.25395 2.02100 126 98 22 120 62 490 100.00000 0
48 1843 8.78919 0.72070 0.20825 2.46212 91 36 3 89 32 407 100.00000 0
45 1843 9.24874 0.66313 0.15536 2.34785 119 59 8 110 35 469 100.00000 0
235 1631 8.03750 2.83192 0.36731 1.99429 138 57 9 134 70 516 100.00000 0
3996 4055 9.31048 0.87318 0.08311 0.92535 149 118 13 146 97 440 100.00000 0
193 1695 6.54009 3.09691 0.08629 3.25113 178 129 40 178 98 565 100.00000 0
2477 3870 7.97238 1.93814 0.09048 0.76617 174 140 31 174 128 429 100.00000 0
190 1696 9.09134 3.09820 0.47301 3.23555 126 53 30 120 57 463 100.00000 0
122 1775 6.24176 3.09112 0.20817 2.16483 195 138 16 193 100 669 100.00000 0
114 1784 7.39890 3.06984 0.17890 1.98662 153 123 22 151 61 578 100.00000 0
79 1810 6.06708 3.14021 0.66121 4.47081 71 52 14 68 21 350 100.00000 0
251 1599 8.76808 1.78104 0.40707 2.47116 69 30 17 65 20 325 100.00000 0
182 1706 8.16013 3.13103 0.32513 2.35667 145 48 7 145 63 502 100.00000 0
200 1686 7.30659 3.08206 0.12989 3.62169 152 109 31 150 73 470 100.00000 0
47 1830 9.33165 1.29635 0.21742 1.09718 143 90 23 137 74 548 100.00000 0
2526 3860 8.06299 1.22085 0.27821 2.14211 132 101 26 132 57 371 100.00000 0
118 1768 6.52577 3.07373 0.18091 1.86299 230 166 16 230 135 699 100.00000 0
234 1631 8.97274 2.83363 0.13457 2.06621 116 39 8 114 53 438 100.00000 0
2537 3875 9.33452 1.34699 0.21919 0.94915 144 106 35 144 80 345 100.00000 0
700 1512 8.03422 1.63130 0.26617 1.81056 210 183 15 204 137 475 100.00000 0
99 1786 7.03254 3.12618 0.10485 3.05915 126 97 25 126 42 558 100.00000 0
76 1851 7.29609 1.77999 0.12831 2.30070 84 65 13 80 43 354 100.00000 0
2502 3872 6.49401 2.11221 0.16945 3.65516 129 100 19 127 62 368 100.00000 0
202 1696 6.03708 3.11805 0.18496 3.18260 178 62 4 173 104 681 100.00000 0
2534 3872 6.34885 1.29763 0.03181 1.83440 175 141 33 175 100 465 100.00000 0
710 1518 9.63074 2.08259 0.16558 1.62389 133 113 15 129 86 358 100.00000 0
51 1839 7.79108 1.00215 0.19330 1.72238 142 99 22 142 63 504 100.00000 0
59 1849 7.68822 0.92783 0.32086 1.42161 131 104 25 131 73 469 100.00000 0
715 1483 7.02950 2.40156 0.16244 1.28512 278 241 23 274 173 633 100.00000 0
714 1517 9.55163 2.26548 0.19553 0.82662 161 133 25 161 120 400 100.00000 0
809 1402 8.84775 1.88028 0.12853 1.29241 162 129 27 155 104 405 100.00000 0
58 1850 8.50357 0.84075 0.25290 0.95695 110 88 8 106 58 443 100.00000 0
56 1847 7.81304 0.86102 0.11403 1.58560 131 89 33 125 64 464 100.00000 0
704 1512 6.92340 1.79858 0.13787 1.20203 272 235 27 268 176 603 100.00000 0
3984 4037 7.21155 0.54390 0.09081 1.31581 178 143 30 176 103 544 100.00000 0
54 1843 7.37725 0.91388 0.15737 1.85920 110 53 16 110 55 443 100.00000 0
2516 3873 7.09267 1.43242 0.76154 3.85631 129 98 26 127 51 347 100.00000 0
118 1781 8.55938 3.07984 0.23397 1.98071 139 70 16 129 52 612 100.00000 0
2490 3864 6.98142 2.32432 0.08564 1.71418 163 125 29 161 82 479 100.00000 0
721 1476 7.92012 2.68092 0.11418 1.70134 186 151 28 186 95 447 100.00000 0
3977 4028 9.81994 0.42048 0.16085 2.00369 136 116 13 131 64 371 100.00000 0
42 1840 9.20242 0.77896 0.09176 1.88596 122 65 13 120 51 455 100.00000 0
56 1828 8.28693 1.66750 0.24744 1.49358 153 81 7 151 98 490 100.00000 0
141 1759 8.98670 3.13342 0.52621 1.73844 125 77 21 121 52 441 100.00000 0
2475 3869 8.63309 1.89817 0.05822 0.77934 220 192 25 216 148 481 100.00000 0
708 1491 6.58728 2.05973 0.06852 1.31581 341 310 21 341 199 694 100.00000 0
736 1465 6.25286 3.11584 0.16764 2.60339 217 170 36 211 109 581 100.00000 0
699 1496 8.55153 1.66482 0.12539 1.38282 207 172 22 201 144 501 100.00000 0
47 1842 8.78169 0.75264 0.17632 2.28088 97 60 16 95 39 442 100.00000 0
698 1503 7.93147 1.58134 0.22914 1.92641 281 231 25 279 183 674 100.00000 0
743 1458 6.62101 3.12780 0.22728 2.72922 194 152 20 188 94 467 100.00000 0
733 1464 9.65903 3.06821 0.10883 3.10816 136 98 29 130 50 428 100.00000 0
231 1662 7.76984 3.07477 0.20375 1.95304 117 64 42 117 54 547 100.00000 0
253 1607 6.41912 2.00594 0.38992 1.93249 164 80 11 164 51 544 100.00000 0
706 1516 8.45038 1.89817 0.02176 0.88559 218 184 26 213 168 479 100.00000 0
245 1643 8.37699 3.09050 0.30941 1.66225 140 88 16 130 63 488 100.00000 0
3992 4052 9.01863 0.87473 0.32244 1.39746 154 129 22 154 85 414 100.00000 0
65 1821 7.92434 2.34680 0.35707 3.19757 102 72 22 96 38 355 100.00000 0
257 1614 7.07783 2.23572 0.71540 2.41460 196 152 19 188 98 560 100.00000 0
2535 3876 9.84031 1.28888 0.14776 0.53668 95 74 14 91 67 302 100.00000 0
48 1832 8.93762 1.23847 0.23413 1.55721 142 81 13 131 75 478 100.00000 0
63 1827 6.75427 2.05529 0.50577 2.73609 137 46 13 135 53 455 100.00000 0
2541 3864 8.99475 1.48394 0.10244 1.98840 123 83 25 115 65 330 100.00000 0
249 1607 7.39190 2.02582 0.22570 2.68278 93 32 5 93 43 327 100.00000 0
159 1730 6.20202 3.13854 0.31420 2.10189 194 132 19 190 76 529 100.00000 0
771 1427 8.74023 3.08917 0.37223 2.02507 240 172 5 240 138 533 100.00000 0
2523 3861 6.50861 1.25587 0.36021 2.80575 229 168 49 225 106 509 100.00000 0
740 1459 8.42578 3.11899 0.48938 2.89530 136 97 26 132 62 409 100.00000 0
3986 4044 8.01966 0.68530 0.11350 0.99505 203 170 28 197 127 478 100.00000 0
245 1614 7.76283 2.24996 0.71746 2.85197 112 80 5 112 39 411 100.00000 0
224 1671 7.51647 3.05603 0.11757 1.78180 178 98 12 178 105 573 100.00000 0
120 1780 9.65709 3.07443 0.18395 1.77100 112 77 25 107 36 485 100.00000 0
41 1834 9.35438 1.06145 0.47666 1.25461 162 116 25 158 88 568 100.00000 0
257 1611 7.22319 2.12282 0.73652 2.48963 196 168 17 192 88 529 100.00000 0
112 1771 9.63466 3.06792 0.68163 1.72283 124 111 5 122 45 483 100.00000 0
249 1637 8.46644 2.97380 0.42628 2.31816 113 50 6 111 54 419 100.00000 0
699 1511 8.13871 1.59123 0.08640 1.80710 207 167 31 203 134 525 100.00000 0
797 1399 9.64197 2.47702 0.34881 2.05138 120 98 15 116 70 327 100.00000 0
710 1488 6.95515 2.15548 0.04120 1.01722 262 211 36 256 186 637 100.00000 0
84 1803 6.43842 3.07065 1.44333 4.52584 132 82 6 130 44 372 100.00000 0
84 1840 8.14723 2.42490 0.37231 1.53901 83 46 17 81 38 420 100.00000 0
89 1828 9.36236 2.91748 0.22985 3.64486 71 40 7 67 26 260 100.00000 0
56 1842 6.62546 1.05501 0.17201 1.24584 188 134 30 188 104 562 100.00000 0
47 1840 8.58758 0.84640 0.29685 2.17871 108 54 25 103 41 467 100.00000 0
172 1718 6.22568 3.12454 0.24508 1.92254 126 83 20 123 63 352 100.00000 0
707 1486 8.70952 2.02932 0.07824 0.94460 189 151 28 186 109 469 100.00000 0
54 1841 7.13897 1.01097 0.16240 1.71646 151 88 37 151 68 541 100.00000 0
765 1435 7.50587 3.11319 0.16704 1.90002 256 201 40 246 117 594 100.00000 0
54 1845 7.82956 0.84725 0.45441 1.98426 110 73 26 106 48 438 100.00000 0
729 1501 8.37276 2.91533 0.68673 2.94384 148 114 18 142 74 408 100.00000 0
60 1847 6.45936 1.05418 0.31148 1.57570 138 102 26 136 67 542 100.00000 0
698 1501 8.10233 1.59156 0.10052 1.78400 245 190 23 243 166 655 100.00000 0
127 1758 8.54824 3.10701 0.42283 2.26088 121 68 18 119 39 440 100.00000 0
225 1645 9.88351 3.13235 0.31201 2.09088 121 45 16 121 47 490 100.00000 0
109 1790 7.95994 3.07856 0.96857 2.65461 99 78 18 99 34 467 100.00000 0
95 1791 6.31944 3.12521 0.41643 2.48538 132 98 12 130 46 534 100.00000 0
795 1429 6.16395 2.58213 0.40494 2.60098 286 248 29 279 120 641 100.00000 0
198 1687 8.70474 3.10983 0.16923 4.14491 154 61 3 148 75 539 100.00000 0
731 1498 8.62548 2.99340 0.17953 2.62555 164 122 28 160 59 424 100.00000 0
92 1816 8.45084 3.11708 0.36199 4.05280 96 47 4 94 54 267 100.00000 0
788 1414 6.54269 2.93137 0.10448 1.57967 280 238 21 278 201 645 100.00000 0
194 1694 6.34417 3.10528 0.08306 3.45094 195 142 47 193 94 575 100.00000 0
751 1465 8.40880 3.09137 0.31152 3.09996 111 77 22 101 36 334 100.00000 0
111 1775 6.10182 3.07675 0.87742 2.09387 176 102 18 172 67 603 100.00000 0
712 1486 6.97774 2.25255 0.17701 0.75485 263 218 35 261 182 654 100.00000 0
715 1485 6.19420 2.39917 0.03353 0.69323 300 267 28 296 217 678 100.00000 0
103 1795 6.20234 3.09323 0.53406 1.99488 148 114 28 146 51 560 100.00000 0
201 1698 6.91507 3.12123 0.16030 3.32531 201 35 1 199 97 629 100.00000 0
83 1846 9.21346 2.17792 0.07849 1.79450 112 14 2 108 64 441 100.00000 0
2487 3864 7.86101 2.24441 0.25526 1.35624 183 151 27 183 101 501 100.00000 0
754 1444 9.75486 3.12757 0.26122 1.69904 144 79 18 134 61 480 100.00000 0
51 1831 8.62058 1.35743 0.17407 1.06017 134 77 19 132 70 481 100.00000 0
53 1834 7.78663 1.31032 0.27458 1.17536 173 135 27 168 89 579 100.00000 0
84 1832 6.28005 2.79572 0.29461 2.25290 139 75 20 137 64 447 100.00000 0
2472 3872 9.39812 1.80532 0.24902 1.88471 144 113 27 142 82 352 100.00000 0
763 1438 6.76576 3.12531 0.18456 1.89940 272 155 15 270 166 572 100.00000 0
3990 4052 9.70134 0.90890 0.28955 1.61277 162 121 33 162 82 474 100.00000 0
180 1721 7.30023 3.11380 0.14507 1.07447 130 98 21 128 75 433 100.00000 0
55 1824 9.47650 1.76680 0.25435 2.24210 134 95 20 134 79 403 100.00000 0
72 1854 8.33371 1.46810 0.35616 2.59616 120 90 18 116 63 393 100.00000 0
49 1841 8.30593 0.84159 0.11544 2.23581 98 61 3 94 33 488 100.00000 0
2534 3875 8.79682 1.27203 0.08323 1.11206 145 111 31 145 91 352 100.00000 0
2476 3875 9.63851 1.87582 0.45778 1.92905 135 104 24 135 72 331 100.00000 0
772 1444 6.66179 3.07310 0.05493 1.76259 299 249 35 297 167 650 100.00000 0
757 1460 9.34334 3.10159 0.16321 1.92234 107 85 17 100 54 383 100.00000 0
732 1493 7.36708 3.04152 0.70637 2.50765 149 109 22 143 57 448 100.00000 0
807 1403 7.76903 1.97085 0.07217 1.15555 214 176 32 212 134 548 100.00000 0
196 1706 9.36845 3.13709 0.37925 2.83269 133 26 6 133 60 543 100.00000 0
74 1855 9.36270 1.55952 0.26960 2.86853 60 44 15 60 17 330 100.00000 0
44 1841 9.05370 0.74705 0.08482 2.06317 100 66 13 100 35 465 100.00000 0
782 1441 9.93631 2.96955 0.17375 1.98169 156 117 17 154 71 379 100.00000 0
793 1403 9.37892 2.65575 0.15433 1.69258 99 68 14 97 51 350 100.00000 0
701 1508 6.83585 1.67982 0.05759 1.80840 336 294 34 336 223 690 100.00000 0
117 1781 7.42168 3.07443 0.18498 1.70754 159 115 33 155 67 572 100.00000 0
723 1477 6.19793 2.75714 0.24852 1.96483 224 184 26 222 97 500 100.00000 0
221 1676 8.52724 3.02866 0.16684 1.68563 138 41 28 136 91 495 100.00000 0
67 1819 7.94614 2.48253 0.48176 3.46735 115 85 23 113 49 434 100.00000 0
49 1832 8.79697 1.26247 0.18707 1.40806 127 78 19 125 58 512 100.00000 0
704 1518 9.71881 1.82014 0.04954 0.88293 150 128 17 146 103 419 100.00000 0
2544 3867 9.40951 1.52734 0.10744 1.79122 103 81 15 100 56 359 100.00000 0
713 1515 8.09639 2.20943 0.10746 0.23739 238 208 26 235 190 536 100.00000 0
123 1762 8.14466 3.08729 0.20346 2.07943 150 109 20 150 66 520 100.00000 0
218 1660 8.68107 3.09905 0.25316 1.60034 160 107 18 156 103 687 100.00000 0
91 1794 7.44717 3.13436 0.64472 3.51458 110 95 7 108 52 372 100.00000 0
47 1845 9.45505 0.63243 0.17735 2.51170 82 64 12 82 21 353 100.00000 0
248 1604 8.70579 1.93732 0.20277 2.99186 93 27 5 87 37 348 100.00000 0
806 1422 8.03044 2.08112 0.18985 1.23289 158 129 18 152 86 489 100.00000 0
57 1841 6.23440 1.14471 0.18204 1.24804 190 130 17 188 105 568 100.00000 0
219 1659 8.19206 3.10584 0.21816 1.94199 168 94 21 166 89 689 100.00000 0
116 1768 8.74404 3.06732 0.17233 1.43504 185 150 24 182 87 628 100.00000 0
698 1506 7.88087 1.56428 0.13894 1.76458 237 151 46 235 134 590 100.00000 0
777 1419 9.74822 3.07371 0.15378 2.41751 228 200 23 225 120 465 100.00000 0
50 1833 8.45939 1.24716 0.30001 1.41831 124 79 21 118 63 543 100.00000 0
2497 3872 6.44117 2.26363 0.21671 3.62936 132 100 28 130 54 372 100.00000 0
704 1497 6.39971 1.86456 0.12666 1.64449 259 187 37 259 151 571 100.00000 0
736 1491 9.90553 3.10776 0.81306 2.28944 133 108 14 131 61 358 100.00000 0
58 1835 6.35683 1.48569 0.16866 1.17203 156 120 16 156 94 539 100.00000 0
2479 3875 9.21050 1.95298 0.38909 1.77542 127 95 25 127 72 349 100.00000 0
240 1619 9.90000 2.43748 0.09402 2.83987 90 69 9 88 46 350 100.00000 0
2483 3870 6.61333 2.10454 0.08312 1.64639 230 195 32 230 156 485 100.00000 0
217 1665 6.07569 3.09135 0.17439 1.11803 251 202 27 249 178 771 100.00000 0
752 1462 6.52618 3.09075 0.26956 3.25955 168 136 21 156 55 491 100.00000 0
2527 3861 7.19225 1.21712 0.23037 2.08206 169 121 42 169 101 432 100.00000 0
205 1696 9.66987 3.12214 0.45558 3.13375 191 53 3 189 93 608 100.00000 0
696 1512 9.49983 1.48665 0.21169 2.44409 173 154 18 171 115 422 100.00000 0
48 1838 8.36252 0.97029 0.08366 1.70915 134 82 19 134 50 555 100.00000 0
2489 3876 9.72871 2.22834 0.09584 3.77533 79 59 16 77 35 283 100.00000 0
57 1839 6.21973 1.24812 0.14188 1.06973 158 108 19 156 103 556 100.00000 0
244 1646 9.27936 3.11445 0.17439 1.79624 122 78 20 122 48 426 100.00000 0
2521 3873 6.77234 1.25099 0.49869 4.30157 143 103 31 143 74 391 100.00000 0
188 1714 8.85990 3.10971 0.10246 2.43976 135 104 26 135 71 484 100.00000 0
705 1488 8.66553 1.93665 0.04642 0.53522 240 213 19 238 188 555 100.00000 0
2476 3866 9.51319 1.93866 0.08278 1.24364 160 127 32 160 100 402 100.00000 0
784 1439 9.12707 2.92445 0.23209 1.52598 135 97 8 133 78 429 100.00000 0
205 1679 8.20315 3.06099 0.39124 1.93290 157 117 32 155 82 599 100.00000 0
2525 3874 7.60953 1.17310 0.29192 3.47547 140 119 15 138 71 376 100.00000 0
708 1515 7.79080 1.97935 0.04599 0.64771 224 198 25 224 178 564 100.00000 0
245 1615 7.43015 2.29181 0.36839 2.89408 116 67 10 114 50 433 100.00000 0
723 1474 8.16239 2.75154 0.09659 2.21753 149 112 19 149 61 407 100.00000 0
60 1822 9.00171 2.05555 0.52303 3.15045 87 66 9 85 48 372 100.00000 0
725 1507 8.48332 2.75005 0.34769 2.89340 164 131 20 160 69 419 100.00000 0
3988 4045 7.52097 0.69207 0.07486 1.17403 177 150 24 177 111 504 100.00000 0
172 1728 6.25702 3.11770 0.17189 1.42601 161 133 22 159 106 428 100.00000 0
182 1707 7.03234 3.12394 0.06954 2.22070 190 122 17 188 106 551 100.00000 0
130 1755 8.73127 3.12212 0.11614 2.21169 171 136 15 166 71 524 100.00000 0
720 1509 6.79361 2.54462 0.15340 1.71669 202 165 27 199 131 490 100.00000 0
63 1819 9.18412 2.26163 0.89254 3.20381 102 64 31 102 42 395 100.00000 0
3995 4050 7.05365 0.73675 0.04859 1.21047 245 206 27 245 148 562 100.00000 0
2510 3873 7.34148 1.72297 0.09797 3.23313 135 90 38 135 52 385 100.00000 0
44 1842 9.20015 0.70378 0.09800 2.03702 90 61 21 82 33 381 100.00000 0
807 1401 8.30820 1.96459 0.14486 1.07702 240 201 22 236 179 526 100.00000 0
234 1657 6.98162 3.09245 0.37954 2.04909 124 94 27 124 51 483 100.00000 0
696 1513 9.75504 1.49057 0.28141 2.42204 167 149 14 165 117 411 100.00000 0
3978 4032 9.54662 0.47033 0.36515 1.88263 94 80 10 90 36 318 100.00000 0
3984 4039 7.59404 0.59260 0.58428 1.38197 189 148 30 187 74 430 100.00000 0
788 1435 7.66274 2.80158 0.16515 1.67374 151 112 11 145 73 457 100.00000 0
113 1784 6.33911 3.07116 0.18031 2.14284 168 137 23 164 60 573 100.00000 0
713 1482 8.26481 2.30076 0.18172 1.36544 173 129 37 171 102 489 100.00000 0
708 1484 9.14057 2.07302 0.03914 1.46874 189 157 19 183 88 504 100.00000 0
3990 4048 7.89952 0.76269 0.28057 1.40361 227 198 18 227 146 552 100.00000 0
230 1665 9.03910 3.06851 0.37637 1.71006 127 49 61 123 67 517 100.00000 0
255 1629 9.25622 2.74097 0.35629 1.66460 132 58 9 128 65 450 100.00000 0
703 1507 6.00759 1.76292 0.05351 1.85372 340 296 34 338 189 729 100.00000 0
164 1723 9.29605 3.13629 0.21910 1.80624 141 92 18 134 69 430 100.00000 0
61 1824 8.14692 2.05734 0.51386 3.34726 94 67 13 88 28 385 100.00000 0
62 1824 7.88166 2.10983 0.84848 3.27572 115 63 30 115 35 435 100.00000 0
2534 3862 7.92159 1.33717 0.04974 3.74178 140 104 31 138 72 343 100.00000 0
100 1783 8.96770 3.13154 0.60305 2.76555 117 57 6 111 46 508 100.00000 0
700 1503 7.10234 1.65906 0.08143 1.76990 235 203 8 233 148 543 100.00000 0
61 1819 9.71722 2.15475 0.53670 3.29123 110 77 27 110 41 364 100.00000 0
4000 4056 8.99065 0.80366 0.21597 1.07265 193 157 29 189 115 493 100.00000 0
2491 3863 7.41649 2.34331 0.31251 1.58486 154 129 19 152 91 430 100.00000 0
211 1670 9.19217 3.07979 0.20922 2.40501 176 125 30 174 86 608 100.00000 0
717 1479 8.09500 2.49385 0.21204 1.43531 148 123 21 143 85 381 100.00000 0
239 1621 9.88099 2.52813 0.09139 2.56826 101 78 11 95 47 403 100.00000 0
236 1656 8.14760 3.10292 0.41265 1.63686 145 109 28 143 63 539 100.00000 0
2482 3873 7.67450 2.05494 0.17276 1.95865 142 122 13 138 87 385 100.00000 0
2540 3864 8.57708 1.46750 0.09262 2.06829 112 80 30 112 61 337 100.00000 0
3984 4038 7.39798 0.56890 0.29417 1.34872 162 130 30 158 84 429 100.00000 0
116 1783 8.52208 3.07265 0.08874 1.64877 159 104 45 155 61 609 100.00000 0
204 1681 7.44703 3.07001 0.19962 2.32288 147 93 14 145 68 526 100.00000 0
3997 4054 8.48092 0.81883 0.09880 1.23606 175 151 20 169 113 468 100.00000 0
3999 4051 6.47658 0.67352 0.03000 1.88844 245 211 31 245 144 577 100.00000 0
717 1477 9.23972 2.48874 0.19318 1.30026 182 133 38 180 117 460 100.00000 0
706 1513 6.98645 1.88964 0.15231 0.83228 247 202 34 245 163 551 100.00000 0
46 1829 9.61128 1.30647 0.20929 1.30566 163 67 12 161 80 631 100.00000 0
3994 4053 8.85906 0.86589 0.09533 1.13332 160 136 22 160 98 471 100.00000 0
259 1602 9.37124 1.86362 0.52072 2.02526 112 78 12 112 61 353 100.00000 0
48 1831 9.05721 1.27602 0.20164 1.43094 139 69 10 133 70 504 100.00000 0
151 1749 8.45098 3.13501 0.19661 2.04028 154 130 20 152 81 530 100.00000 0
75 1854 8.91867 1.63659 0.25449 2.97322 81 61 16 73 40 309 100.00000 0
748 1466 6.36274 3.08895 0.21905 2.76570 195 117 7 178 90 524 100.00000 0
152 1736 6.69869 3.13214 0.51034 1.89837 142 103 26 140 83 517 100.00000 0
755 1445 7.86802 3.12670 0.13048 1.66130 221 172 30 213 137 525 100.00000 0
786 1411 9.07466 2.98544 0.04204 1.56323 207 167 32 200 130 513 100.00000 0
35 1835 9.75855 0.99112 0.24165 1.47034 115 57 6 106 57 497 100.00000 0
718 1511 7.08506 2.44997 0.03215 0.56163 292 251 35 292 215 585 100.00000 0
191 1709 6.71388 3.13729 0.72933 3.41455 173 18 3 173 65 505 100.00000 0
2479 3865 9.29201 2.01731 0.04290 0.87893 128 105 23 128 90 360 100.00000 0
3985 4036 6.58072 0.50837 0.27938 1.34581 152 121 24 148 92 483 100.00000 0
127 1772 8.36396 3.11251 0.44652 1.91602 130 101 16 117 75 527 100.00000 0
809 1410 7.76773 1.91365 0.17447 0.94336 194 165 21 189 136 479 100.00000 0
734 1494 9.40428 3.07567 0.72728 2.42979 145 117 22 141 66 397 100.00000 0
259 1619 9.27497 2.42714 0.69894 2.76201 137 74 9 137 62 443 100.00000 0
727 1499 6.10424 2.86793 0.57268 2.78558 192 155 26 190 94 470 100.00000 0
3981 4031 7.91531 0.43178 0.08241 1.58264 141 120 18 141 66 407 100.00000 0
753 1447 7.86562 3.12624 0.34067 2.27159 171 136 21 169 100 452 100.00000 0
67 1820 7.62532 2.47245 0.10969 3.35742 85 61 21 85 29 338 100.00000 0
774 1424 8.59914 3.07589 0.42040 2.17115 231 202 19 229 143 515 100.00000 0
62 1818 9.75979 2.20646 0.81342 3.48964 119 42 18 117 32 437 100.00000 0
45 1832 9.25340 1.18085 0.10232 1.41056 167 104 25 165 79 605 100.00000 0
793 1408 7.20387 2.68481 0.06143 1.06863 187 161 14 179 135 491 100.00000 0
2486 3866 6.82969 2.21561 0.06296 1.11241 260 237 18 260 188 515 100.00000 0
703 1512 7.15625 1.75615 0.15022 1.38480 277 231 34 273 166 644 100.00000 0
204 1697 9.47765 3.11417 0.27197 2.90879 203 62 5 201 106 690 100.00000 0
698 1504 7.90291 1.57495 0.09635 1.86425 188 148 16 184 102 556 100.00000 0
2482 3865 8.48565 2.10189 0.06009 0.73807 149 132 12 147 106 385 100.00000 0
257 1623 8.48510 2.57782 0.63442 2.65137 127 48 5 123 58 427 100.00000 0
794 1408 6.78884 2.64254 0.06959 1.07192 210 178 23 208 156 480 100.00000 0
258 1617 8.03718 2.35626 0.54509 2.34952 208 177 11 206 116 541 100.00000 0
205 1695 8.59742 3.13013 0.41305 3.41558 206 55 6 204 104 600 100.00000 0
2478 3865 9.57941 1.99028 0.13126 0.80113 110 86 15 108 63 332 100.00000 0
48 1835 8.53591 1.11027 0.21676 1.62317 174 100 30 169 85 577 100.00000 0
202 1684 6.91914 3.07185 0.12433 3.31387 116 93 13 108 38 466 100.00000 0
748 1452 7.67744 3.12304 0.40155 2.90070 147 82 18 140 82 391 100.00000 0
249 1602 8.74652 1.88320 0.38399 3.08312 104 17 1 98 46 326 100.00000 0
101 1782 9.02722 3.11882 1.19642 2.31562 135 109 19 127 47 472 100.00000 0
201 1686 6.13221 3.07664 0.11044 3.51836 183 150 21 179 73 590 100.00000 0
757 1443 7.86608 3.13552 0.28662 1.72828 242 145 11 234 148 549 100.00000 0
64 1823 7.60085 2.23547 1.02469 3.44424 96 42 4 94 34 407 100.00000 0
4005 4057 9.23283 0.78211 0.11870 1.34930 229 191 32 223 138 566 100.00000 0
734 1486 6.16708 3.09340 0.66065 2.18176 206 182 21 202 106 516 100.00000 0
806 1409 6.17850 2.05589 0.12592 0.75589 323 265 36 312 230 687 100.00000 0
66 1815 9.76222 2.44715 1.13578 3.99988 77 30 5 75 24 317 100.00000 0
724 1471 9.85590 2.79270 0.61652 3.17027 152 113 27 152 49 407 100.00000 0
3984 4045 9.24783 0.73540 0.08955 0.73913 196 174 20 194 140 446 100.00000 0
105 1793 6.54446 3.08558 0.48163 1.92295 138 101 24 134 54 515 100.00000 0
62 1848 6.18483 1.11366 0.25000 1.40778 148 102 21 148 78 494 100.00000 0
777 1421 8.53983 3.07804 0.35769 2.14083 282 250 24 278 171 577 100.00000 0
700 1491 9.40982 1.71904 0.06361 1.06017 194 162 21 189 143 474 100.00000 0
740 1478 7.63018 3.13883 0.65686 2.75207 162 128 30 162 58 421 100.00000 0
56 1826 8.74809 1.74181 0.41996 1.92295 184 109 10 178 116 602 100.00000 0
54 1838 7.12362 1.16382 0.23720 1.19190 140 102 31 138 59 572 100.00000 0
3982 4035 7.85435 0.50852 0.12232 1.41444 117 91 17 117 46 384 100.00000 0
709 1482 9.65329 2.11376 0.25247 1.88720 158 134 17 156 84 410 100.00000 0
4004 4056 8.64665 0.76034 0.24246 1.30446 206 169 34 204 135 509 100.00000 0
700 1501 7.28149 1.66931 0.04924 1.79493 264 213 31 261 177 615 100.00000 0
733 1492 7.81505 3.06290 0.63963 2.50624 155 127 25 155 67 424 100.00000 0
2477 3875 9.48298 1.90071 0.45086 1.81790 176 145 24 174 98 396 100.00000 0
46 1837 8.67519 0.97786 0.90444 1.51646 148 96 25 146 56 561 100.00000 0
247 1610 7.70342 2.11861 0.22723 3.28861 111 24 2 104 27 367 100.00000 0
259 1613 8.59189 2.19322 0.65347 2.70125 137 78 15 137 65 464 100.00000 0
2544 3871 9.68371 1.50258 0.07123 0.79525 130 104 23 128 83 360 100.00000 0
70 1820 6.53705 2.63883 0.38753 3.44878 107 75 21 101 30 377 100.00000 0
172 1715 9.85080 3.12938 0.18577 2.02294 122 80 10 118 65 360 100.00000 0
68 1822 6.64213 2.49008 0.18808 3.54994 104 71 24 99 29 388 100.00000 0
726 1474 6.36401 2.86140 0.12918 3.06005 227 177 21 227 91 483 100.00000 0
101 1802 9.51184 3.09200 0.90863 3.31765 99 53 19 97 32 415 100.00000 0
809 1400 9.35744 1.87282 0.08127 1.26887 147 106 36 145 73 390 100.00000 0
88 1820 6.47127 3.12142 0.57507 4.24971 51 33 9 43 21 248 100.00000 0
101 1798 6.64602 3.10904 1.21127 3.08096 183 63 22 179 46 585 100.00000 0
2523 3875 8.78903 1.19392 0.65174 4.83951 102 85 11 95 51 326 100.00000 0
244 1618 7.01529 2.40740 0.37445 2.75449 172 112 16 172 73 509 100.00000 0
195 1705 6.92868 3.14013 0.54850 3.18973 127 2 0 127 47 535 100.00000 0
698 1495 9.16381 1.63094 0.05633 1.45750 202 150 33 196 127 491 100.00000 0
230 1662 6.74176 3.07288 0.27760 1.95264 151 108 37 151 81 642 100.00000 0
45 1828 9.87990 1.32854 0.09254 1.17470 132 53 15 132 79 501 100.00000 0
58 1848 7.53597 0.91008 0.24591 1.51594 99 66 13 93 41 400 100.00000 0
710 1516 8.40264 2.07340 0.08866 1.25461 196 152 27 192 120 484 100.00000 0
707 1488 7.99179 2.02387 0.12728 0.53959 223 181 28 217 162 586 100.00000 0
789 1406 9.86463 2.84737 0.10142 0.29739 137 110 21 137 96 400 100.00000 0
59 1835 6.07342 1.53458 0.09374 1.40193 195 143 32 188 115 542 100.00000 0
769 1431 7.34174 3.13160 0.30193 1.49489 268 194 21 253 142 564 100.00000 0
76 1809 8.31755 3.00818 0.08986 5.12010 64 37 15 58 12 329 100.00000 0
768 1447 6.45654 3.08389 0.11443 2.13240 214 172 32 214 113 489 100.00000 0
73 1855 9.16206 1.50370 0.45503 2.74181 117 95 20 112 37 391 100.00000 0
39 1832 9.72551 1.12917 0.47679 1.20464 127 66 19 123 57 480 100.00000 0
3999 4057 9.75024 0.84707 0.16404 1.24929 220 195 23 220 142 465 100.00000 0
250 1635 8.16579 2.90724 0.50473 1.90885 117 49 13 117 63 478 100.00000 0
257 1604 8.02387 1.91272 0.62585 1.88429 174 138 14 172 92 483 100.00000 0
67 1824 6.36663 2.38511 0.71234 3.53911 103 69 28 101 30 422 100.00000 0
715 1478 9.49697 2.39804 0.17602 1.02412 164 127 25 162 91 458 100.00000 0
133 1753 7.75494 3.13092 0.60756 1.94843 234 191 32 230 100 660 100.00000 0
768 1433 6.57204 3.12367 0.19310 1.32766 363 280 34 353 212 755 100.00000 0
748 1451 8.67648 3.12148 0.40605 2.93985 115 54 14 106 54 411 100.00000 0
256 1627 9.15359 2.69209 0.18561 2.40859 123 58 4 123 68 405 100.00000 0
695 1508 9.25241 1.46897 0.23077 2.43333 173 132 30 169 107 458 100.00000 0
175 1727 8.72647 3.11412 0.20401 1.29965 110 84 14 108 55 363 100.00000 0
776 1425 6.56864 3.08905 0.32971 2.28225 256 218 33 252 139 578 100.00000 0
2502 3859 8.67251 2.14536 0.87026 2.55052 51 40 7 51 15 170 100.00000 0
794 1404 8.53139 2.61692 0.07510 1.61058 181 152 22 177 119 448 100.00000 0
53 1831 8.26148 1.42830 0.22166 1.02793 180 120 16 175 109 577 100.00000 0
2492 3860 9.81722 2.34682 0.32284 1.70456 142 125 15 138 80 331 100.00000 0
725 1504 7.01039 2.76476 0.39061 2.53605 237 187 36 235 101 545 100.00000 0
59 1827 7.83243 1.84599 0.51795 2.53821 145 53 9 141 54 459 100.00000 0
3981 4036 8.49590 0.54225 0.23781 1.46500 160 134 15 154 74 451 100.00000 0
90 1825 9.49240 3.01885 0.97023 4.14038 42 15 6 42 25 201 100.00000 0
66 1853 8.05959 1.16032 0.33813 1.91949 140 111 10 138 65 415 100.00000 0
768 1448 7.45504 3.08517 0.09723 2.24228 185 134 32 181 85 426 100.00000 0
799 1403 7.27229 2.38456 0.24824 1.98406 209 181 20 205 117 505 100.00000 0
95 1812 9.46695 3.07848 0.61728 3.33836 77 56 8 73 25 285 100.00000 0
2491 3876 9.87270 2.27030 0.26650 4.00859 76 60 11 67 30 294 100.00000 0
2532 3862 7.36237 1.28423 0.12934 2.58649 170 140 24 170 81 412 100.00000 0
711 1481 9.42180 2.20523 0.18404 1.88658 147 118 24 145 64 386 100.00000 0
707 1511 6.01160 1.92970 0.07764 1.03136 303 260 36 297 205 656 100.00000 0
53 1849 9.58138 0.65590 0.38749 1.53646 95 74 13 95 42 430 100.00000 0
716 1512 7.01397 2.35175 0.03628 0.32143 264 230 26 260 196 591 100.00000 0
695 1509 9.36146 1.46027 0.12364 2.42689 163 116 16 155 82 413 100.00000 0
694 1508 9.68583 1.44835 0.24176 2.50921 174 133 25 172 100 468 100.00000 0
136 1764 9.22571 3.13850 0.10775 1.36888 170 148 14 166 75 541 100.00000 0
706 1485 9.40984 1.98360 0.14617 1.12779 177 136 27 175 105 422 100.00000 0
3989 4051 9.58373 0.88912 0.07285 1.72010 119 92 26 119 51 363 100.00000 0
764 1450 6.05752 3.10600 0.15420 2.69355 152 122 23 150 66 446 100.00000 0
140 1760 9.03147 3.13183 0.29726 1.81510 147 109 24 145 69 489 100.00000 0
2544 3865 9.95671 1.53254 0.20239 1.82842 123 102 12 121 73 331 100.00000 0
41 1837 9.17742 0.92283 0.15133 1.28085 156 96 19 151 73 563 100.00000 0
246 1644 9.86879 3.10217 0.14560 1.68748 110 56 9 108 48 423 100.00000 0
148 1750 6.16277 3.13627 0.42046 1.83035 148 115 28 146 59 518 100.00000 0
800 1400 8.35992 2.32971 0.15208 1.89072 166 142 15 166 95 418 100.00000 0
694 1505 9.57497 1.45778 0.17847 2.33179 167 114 25 163 96 465 100.00000 0
77 1809 7.72457 3.05708 0.12047 5.11902 73 50 16 68 13 336 100.00000 0
2485 3867 6.63806 2.18280 0.04878 1.07992 282 238 41 280 173 613 100.00000 0
705 1518 9.62174 1.86375 0.08294 1.06973 157 139 14 157 114 397 100.00000 0
259 1616 8.78616 2.32558 0.63965 2.23861 153 131 14 153 86 477 100.00000 0
86 1832 7.79502 2.79373 0.37558 2.84124 73 35 14 69 18 324 100.00000 0
779 1420 7.96580 3.09692 0.37648 2.34619 180 151 18 180 101 454 100.00000 0
2485 3864 8.39995 2.18734 0.19211 0.98118 150 124 17 148 100 405 100.00000 0
740 1461 6.51618 3.12538 0.28973 3.03886 210 163 28 200 101 466 100.00000 0
243 1643 6.55885 3.08246 0.55810 1.66742 121 92 17 121 48 486 100.00000 0
79 1808 7.02894 3.12351 1.19464 4.77151 63 31 6 57 20 328 100.00000 0
85 1829 6.40615 2.90452 0.11844 2.86430 110 67 30 105 39 503 100.00000 0
256 1612 6.55673 2.15787 0.64103 2.50311 172 134 14 169 88 530 100.00000 0
84 1834 6.71882 2.71524 0.04045 2.12265 125 60 7 121 58 479 100.00000 0
2496 3860 8.78508 2.31715 0.41858 1.95324 172 140 23 172 84 364 100.00000 0
249 1639 9.66045 3.02130 0.46230 2.01285 85 37 5 81 30 373 100.00000 0
74 1813 7.35423 2.91526 0.48670 4.35703 102 67 29 102 37 356 100.00000 0
717 1516 9.76850 2.41281 0.16371 1.12952 118 83 23 118 64 355 100.00000 0
2535 3872 6.59251 1.32316 0.09972 1.48859 170 134 32 168 105 440 100.00000 0
46 1843 9.11583 0.67917 0.06999 2.46196 106 40 13 102 29 435 100.00000 0
780 1419 8.00469 3.11227 0.31770 2.41557 236 186 23 236 110 536 100.00000 0
741 1476 7.34860 3.13742 0.73631 2.44569 232 194 30 230 78 529 100.00000 0
787 1438 9.73584 2.83802 0.39790 2.35102 151 48 5 145 75 423 100.00000 0
63 1823 7.89524 2.18003 0.61357 3.36790 106 30 5 104 36 385 100.00000 0
778 1418 9.72583 3.08463 0.36369 2.49591 201 168 18 201 97 496 100.00000 0
3988 4047 8.24628 0.75621 0.17096 1.30866 172 129 34 170 107 462 100.00000 0
2498 3873 7.39849 2.23652 0.35802 3.69565 93 74 18 91 41 254 100.00000 0
2473 3869 9.22590 1.85005 0.06473 1.23448 176 142 24 170 114 443 100.00000 0
716 1514 8.19707 2.35532 0.08094 0.19383 198 167 23 194 142 470 100.00000 0
2512 3874 8.33086 1.62003 0.19919 3.46204 100 73 20 98 41 299 100.00000 0
185 1704 6.69031 3.12846 0.35285 2.88975 153 34 2 149 69 518 100.00000 0
110 1776 6.11330 3.07194 0.34043 2.07226 174 135 35 174 62 589 100.00000 0
725 1473 7.69853 2.82807 0.58109 3.16718 180 155 15 178 75 445 100.00000 0
54 1833 7.71392 1.39012 0.22568 1.13815 132 79 23 130 74 490 100.00000 0
58 1829 7.58800 1.72372 0.30273 1.79537 140 67 10 138 72 557 100.00000 0
94 1811 8.00405 3.08686 0.54395 3.48167 95 59 16 95 40 367 100.00000 0
780 1422 6.16417 3.12031 0.31716 2.04794 325 278 25 323 197 674 100.00000 0
3993 4047 6.42753 0.67389 0.06366 0.90612 245 205 28 242 182 574 100.00000 0
2518 3875 9.09994 1.32409 0.77933 4.40469 91 73 12 91 46 317 100.00000 0
247 1603 9.53909 1.90908 0.88957 3.07523 96 21 4 94 29 334 100.00000 0
150 1750 8.52122 3.14110 0.40833 2.00115 117 88 17 117 53 416 100.00000 0
236 1654 6.83957 3.10397 0.36112 1.55595 127 80 28 123 55 500 100.00000 0
3992 4048 7.18802 0.72852 0.05711 1.17136 219 166 44 217 147 503 100.00000 0
177 1710 9.72178 3.12790 0.21283 1.86215 173 104 10 173 111 495 100.00000 0
717 1480 7.58227 2.49544 0.41589 1.62365 165 128 25 152 83 439 100.00000 0
733 1493 8.18214 3.06197 0.74710 2.47670 153 112 27 151 58 458 100.00000 0
192 1710 9.09010 3.14082 0.69171 2.99839 126 40 2 126 51 494 100.00000 0
93 1793 6.48211 3.13038 0.17078 2.68963 145 105 11 137 67 501 100.00000 0
254 1594 9.68817 1.69100 0.69736 2.39800 75 50 10 75 36 352 100.00000 0
799 1404 6.86686 2.38800 0.17982 1.92864 239 198 32 237 145 525 100.00000 0
787 1413 7.58432 2.96587 0.29310 1.69466 240 202 33 238 140 568 100.00000 0
810 1412 8.43466 1.88444 0.19232 0.70554 187 141 26 185 114 470 100.00000 0
51 1835 8.03620 1.19165 0.20650 1.40277 141 90 33 134 71 522 100.00000 0
190 1710 6.61930 3.13826 0.36914 2.96795 155 50 3 151 71 543 100.00000 0
771 1448 9.78897 3.07337 0.09077 2.56994 124 97 17 118 49 381 100.00000 0
2481 3871 7.10095 2.04288 0.23220 1.09146 225 171 45 223 139 554 100.00000 0
709 1489 6.96148 2.10742 0.09598 0.88955 321 294 13 316 208 672 100.00000 0
183 1718 7.41123 3.09995 0.22582 2.52863 117 80 16 112 46 392 100.00000 0
2522 3873 6.72600 1.22920 0.52583 4.50459 153 115 33 149 57 401 100.00000 0
700 1516 9.46705 1.64368 0.06817 0.58081 200 162 33 198 139 481 100.00000 0
58 1831 7.13565 1.65152 0.18003 1.35451 153 106 19 151 100 520 100.00000 0
61 1821 9.04763 2.12988 0.49113 3.12888 113 74 25 111 42 399 100.00000 0
708 1483 9.54353 2.07198 0.45666 1.67328 158 131 16 151 76 431 100.00000 0
136 1762 6.78297 3.13302 0.05797 1.71486 159 109 12 157 66 526 100.00000 0
753 1448 6.88515 3.12748 0.33170 2.31258 218 169 20 212 92 515 100.00000 0
3984 4042 8.31256 0.65412 0.06631 1.10783 199 169 18 195 129 472 100.00000 0
239 1628 6.27752 2.74946 0.19763 2.13075 187 138 21 181 112 528 100.00000 0
2479 3876 9.90129 1.94434 0.14924 2.01246 138 103 28 136 75 378 100.00000 0
2485 3870 6.24748 2.16117 0.05397 2.31748 265 229 32 263 147 514 100.00000 0
243 1645 7.72937 3.10365 0.50171 1.73325 119 96 14 119 51 425 100.00000 0
2544 3868 9.28858 1.52274 0.15332 1.25429 114 88 24 114 66 340 100.00000 0
3984 4036 7.05082 0.51831 0.24845 1.31343 213 183 25 209 124 544 100.00000 0
801 1396 9.88984 2.27868 0.12036 1.55997 157 137 12 157 105 344 100.00000 0
720 1474 9.77196 2.62789 0.07317 1.93917 131 97 15 131 68 375 100.00000 0
245 1644 8.97750 3.09856 0.72799 1.65517 150 99 25 150 54 485 100.00000 0
37 1840 9.69831 0.75208 0.12685 1.86572 95 47 12 93 34 396 100.00000 0
198 1703 8.45454 3.13825 0.55095 3.66693 145 9 1 141 55 554 100.00000 0
125 1775 9.60320 3.10443 0.26992 2.07566 140 104 16 138 73 560 100.00000 0
52 1825 9.71858 1.60796 0.08982 1.68888 151 81 16 141 85 565 100.00000 0
74 1854 8.66501 1.57964 0.23414 2.71959 73 53 11 71 28 315 100.00000 0
84 1799 9.16092 3.09337 0.83109 4.20104 79 45 25 76 27 325 100.00000 0
792 1405 8.93302 2.70701 0.09482 1.50818 219 181 24 215 142 446 100.00000 0
129 1756 8.62766 3.11548 0.19310 2.16048 139 104 19 135 62 467 100.00000 0
158 1728 9.97601 3.12994 0.15104 1.67211 105 78 15 97 53 318 100.00000 0
790 1436 9.41079 2.71756 0.17209 2.00545 100 67 11 98 44 308 100.00000 0
200 1685 8.31205 3.07893 0.29108 3.66853 135 98 10 133 40 420 100.00000 0
229 1663 6.46831 3.07240 0.14245 1.80103 176 134 36 176 86 642 100.00000 0
807 1419 7.56601 2.03911 0.20584 1.34901 202 158 31 200 126 506 100.00000 0
242 1644 6.27965 3.09342 0.43822 1.72692 178 140 19 173 77 513 100.00000 0
156 1730 9.73027 3.13590 0.17184 1.83334 139 96 26 135 82 384 100.00000 0
2539 3872 7.86107 1.41132 0.18635 1.59299 192 147 41 189 112 414 100.00000 0
2485 3863 9.16318 2.18884 0.08360 0.68643 124 99 21 118 82 340 100.00000 0
81 1802 9.26188 3.10177 1.87859 4.22262 98 44 9 98 26 362 100.00000 0
206 1694 8.75071 3.13515 0.52296 3.73203 162 32 1 158 77 535 100.00000 0
759 1457 8.28081 3.12087 0.28667 2.84826 140 113 11 134 66 411 100.00000 0
252 1632 8.17847 2.82417 0.27008 0.99623 174 118 12 170 123 533 100.00000 0
706 1494 6.43279 1.96797 0.07854 1.11803 293 248 37 291 202 634 100.00000 0
68 1815 9.07599 2.55642 0.50134 4.29400 80 37 7 74 18 349 100.00000 0
2497 3875 9.30114 2.23875 0.27214 4.06736 102 73 22 97 42 337 100.00000 0
698 1498 8.55942 1.61382 0.09512 1.34232 185 139 32 178 122 559 100.00000 0
207 1677 7.66737 3.05304 0.12744 1.33911 207 162 36 205 113 687 100.00000 0
2540 3871 7.80075 1.43795 0.16280 1.30206 178 149 22 178 107 440 100.00000 0
240 1651 8.57582 3.12800 0.25240 1.76547 135 83 38 127 60 429 100.00000 0
212 1672 6.15744 3.07317 0.29443 2.54391 144 114 19 142 54 502 100.00000 0
151 1737 6.61533 3.13516 0.19951 1.94622 168 123 20 159 89 530 100.00000 0
758 1458 8.34754 3.11092 0.24474 2.31478 135 117 9 129 67 432 100.00000 0
2505 3874 8.49786 1.95609 0.24181 3.67184 133 111 20 129 51 362 100.00000 0
2508 3873 7.40122 1.81853 0.04220 3.33578 140 109 24 138 62 398 100.00000 0
707 1493 6.34776 2.01483 0.07775 1.21176 321 271 37 317 212 665 100.00000 0
113 1786 8.35156 3.07048 0.57625 2.11007 141 101 26 137 64 534 100.00000 0
178 1724 8.57872 3.11073 0.16721 1.17570 100 63 31 96 42 357 100.00000 0
698 1494 9.38445 1.63566 0.10739 1.39662 186 152 18 182 102 513 100.00000 0
173 1728 7.47668 3.11352 0.30033 1.23575 158 123 27 154 109 428 100.00000 0
101 1783 7.97409 3.12443 0.23730 2.40094 135 78 17 133 50 546 100.00000 0
65 1853 8.30991 1.10433 0.13602 1.93351 97 77 13 90 47 395 100.00000 0
740 1476 6.44159 3.13983 0.67585 2.70805 223 187 27 215 78 496 100.00000 0
51 1828 9.20624 1.46760 0.12359 1.12779 165 76 15 163 106 532 100.00000 0
3985 4040 7.34768 0.60430 0.31997 1.34407 143 101 36 137 63 403 100.00000 0
41 1838 9.16617 0.87365 0.82786 1.41472 179 106 24 175 59 586 100.00000 0
2496 3873 7.33733 2.27332 0.28922 3.89149 58 39 14 56 21 213 100.00000 0
739 1461 7.40944 3.13078 0.33574 3.14896 138 113 20 136 53 410 100.00000 0
2542 3870 8.38701 1.47379 0.15807 0.79278 153 128 20 153 103 377 100.00000 0
243 1617 8.20249 2.36099 0.46215 2.40648 133 110 20 129 60 444 100.00000 0
3985 4041 7.58623 0.62367 0.24803 1.22621 185 145 34 181 95 473 100.00000 0
718 1479 7.63574 2.54313 0.16056 1.37686 179 159 10 175 99 424 100.00000 0
96 1790 6.21357 3.13329 0.16018 3.12073 150 110 24 150 40 612 100.00000 0
2485 3868 6.32742 2.17832 0.02847 1.51543 245 217 27 241 164 530 100.00000 0
3988 4044 7.17979 0.66216 0.14968 1.20399 210 167 26 202 148 545 100.00000 0
258 1604 8.52251 1.91417 0.34659 1.94883 155 133 12 153 87 457 100.00000 0
4002 4053 7.09279 0.69087 0.07019 1.64758 250 217 21 243 145 596 100.00000 0
172 1730 8.83990 3.12500 0.23668 1.69996 109 84 15 107 63 337 100.00000 0
2484 3865 7.93993 2.15997 0.06037 0.70276 229 194 34 229 156 534 100.00000 0
705 1487 9.01347 1.93862 0.06862 0.55813 239 189 35 233 168 529 100.00000 0
704 1494 7.14214 1.88075 0.05411 1.25461 267 191 50 263 179 641 100.00000 0
2528 3861 7.37731 1.21745 0.08497 1.71281 175 131 39 173 108 423 100.00000 0
696 1497 9.51965 1.55223 0.08561 1.79057 187 152 26 187 125 486 100.00000 0
786 1415 7.06038 3.00798 0.14162 1.61786 330 311 13 328 223 700 100.00000 0
2496 3861 7.82389 2.31804 0.23225 1.54712 204 169 31 204 110 442 100.00000 0
2479 3866 8.68660 2.01575 0.10588 1.02259 119 94 19 111 79 359 100.00000 0
239 1624 8.47326 2.62875 0.35799 2.47037 144 81 16 142 66 518 100.00000 0
232 1662 8.73308 3.07197 0.22684 1.97437 123 85 29 121 73 527 100.00000 0
140 1758 6.54260 3.13555 0.22649 1.82456 165 128 21 163 97 524 100.00000 0
2530 3876 9.51991 1.16551 0.08079 1.57122 107 92 11 105 66 264 100.00000 0
790 1432 6.10567 2.75028 0.05495 1.94843 209 175 27 202 115 580 100.00000 0
805 1397 9.24884 2.06342 0.08979 0.79525 171 149 13 169 118 432 100.00000 0
77 1852 8.34146 1.80115 0.29954 2.41784 71 50 13 67 35 299 100.00000 0
105 1778 9.19563 3.09231 0.28978 2.02912 98 65 17 98 35 431 100.00000 0
224 1650 8.08308 3.11875 0.14171 2.02700 185 123 45 183 107 663 100.00000 0
3985 4038 6.92981 0.55895 0.27517 1.36487 152 123 26 150 76 443 100.00000 0
737 1489 9.93344 3.12210 0.29876 1.48833 149 121 21 149 77 390 100.00000 0
4002 4054 7.62287 0.72053 0.10603 1.44834 201 176 23 199 110 486 100.00000 0
85 1833 7.26854 2.75274 0.22302 2.23633 94 59 16 90 40 435 100.00000 0
258 1620 8.56877 2.48521 0.39358 2.35401 142 118 10 142 65 414 100.00000 0
238 1625 8.89954 2.65992 0.24039 2.32709 168 97 4 162 80 479 100.00000 0
72 1852 6.88555 1.53352 0.18243 1.77784 110 82 14 108 47 393 100.00000 0
786 1412 8.57371 2.99376 0.15129 1.75122 253 225 25 253 186 601 100.00000 0
245 1639 6.03367 3.01297 0.70763 2.21823 132 84 6 130 61 405 100.00000 0
696 1505 8.72109 1.50387 0.07535 2.02062 183 134 36 181 108 495 100.00000 0
792 1431 6.25793 2.67723 0.05602 2.57085 251 216 24 247 120 525 100.00000 0
205 1693 6.53326 3.12895 0.45985 3.88615 200 37 0 198 99 571 100.00000 0
137 1748 9.31705 3.13181 0.73674 2.14703 163 55 14 161 68 522 100.00000 0
784 1437 7.40013 2.92133 0.15526 1.39662 171 148 10 169 89 469 100.00000 0
706 1490 7.64711 1.97488 0.05600 0.89700 222 183 27 215 150 524 100.00000 0
695 1500 9.45888 1.50798 0.17407 2.17151 195 159 12 185 119 483 100.00000 0
723 1472 9.61223 2.75211 0.45773 2.46926 151 119 19 149 50 373 100.00000 0
3990 4044 6.41229 0.63387 0.13771 1.13712 290 254 24 287 201 667 100.00000 0
50 1835 8.20945 1.16090 0.20838 1.54104 187 119 22 185 106 582 100.00000 0
2513 3874 8.30325 1.57140 0.61671 3.66490 105 81 15 103 53 293 100.00000 0
701 1489 9.69014 1.76432 0.07317 0.58350 130 103 24 128 84 375 100.00000 0
59 1820 9.87526 2.04225 0.54573 3.02168 129 91 29 127 71 427 100.00000 0
75 1815 6.08075 2.95573 1.24106 4.46247 75 39 17 73 17 300 100.00000 0
