5988 8036 10.63461 2.17040 0.57320 2.56491 24 10 3 14 9
4788 7095 10.81350 3.14082 2.14812 0.92620 40 0 0 26 15
1414 5052 10.33247 0.36931 0.47440 0.45456 63 57 5 57 38
5077 6904 10.86195 3.00305 0.89368 2.92596 25 10 3 16 12
5152 6832 10.06994 3.13832 1.80902 1.87659 22 4 0 17 15
1383 4966 10.28066 0.07490 0.39716 0.74599 36 22 8 33 14
5412 6699 10.68882 2.38054 0.84825 1.73686 34 15 4 25 10
283 8736 11.53186 0.06029 0.42158 0.29608 67 60 3 60 35
1444 5046 10.90901 0.33415 0.43027 0.90135 52 44 3 47 22
5416 6686 11.19655 2.12976 1.33024 1.22717 33 19 0 24 8
568 3789 11.33644 0.02823 0.32850 1.58338 47 47 0 38 15
4743 7181 10.95530 2.92613 1.70066 0.67724 30 0 0 23 12
551 3799 10.99034 0.03162 0.58837 1.19616 51 37 10 43 34
451 3708 11.51139 0.00466 0.57775 0.77682 30 22 4 8 11
1481 5085 11.31140 0.16682 0.44425 1.39213 71 48 3 65 46
1602 5348 11.99639 0.01276 1.56901 4.21296 10 7 0 8 2
6308 7718 11.32889 3.08737 1.21380 2.02178 21 12 1 18 9
38 3387 11.50802 0.00420 2.38422 0.85455 43 0 0 37 27
4678 7207 11.63310 2.48294 1.59739 2.58452 51 0 1 34 17
39 8586 11.48626 0.03120 2.01195 0.93461 14 0 0 6 6
4737 7202 11.02315 2.65492 2.49601 0.34830 55 0 1 48 30
4701 7233 10.63455 1.64708 1.97309 2.58073 64 0 0 46 18
1378 4993 10.70005 0.01567 0.41553 0.65372 49 41 5 41 32
1555 5205 10.74876 0.00984 0.50150 1.24929 27 20 4 16 10
1082 4433 11.63277 0.06594 0.25227 1.06606 35 34 0 31 22
342 8893 11.77738 0.01828 0.79951 0.74336 65 38 2 59 41
5111 6866 10.18816 3.12082 2.53157 1.75189 39 0 0 29 13
6031 8030 10.30772 3.13107 0.75519 3.72510 24 16 6 19 13
3300 8461 11.51975 0.00966 0.22723 0.57878 51 49 2 49 38
3309 8438 11.77066 0.01154 0.30916 1.10145 30 23 5 26 17
787 4003 11.50998 0.01277 0.70921 0.78135 10 5 1 2 5
570 3792 10.40776 0.02981 0.23025 1.71281 68 60 8 66 48
1524 5135 11.01220 0.00244 1.22928 2.90488 68 64 0 55 48
797 4017 10.74661 0.01164 0.53878 0.81229 24 18 5 20 8
2948 6004 10.19878 1.18354 0.82402 2.26986 12 0 2 8 3
5390 6681 11.48172 2.06655 0.10554 1.58363 35 21 10 22 11
2963 8097 10.74930 0.02549 0.38996 1.42656 15 12 1 9 5
1587 5217 10.75116 0.01148 0.32974 0.35608 63 58 2 56 31
2916 5965 10.05853 0.09146 0.81318 2.06545 36 32 3 26 16
17 3387 11.50802 0.00420 2.14498 1.08354 47 0 0 43 28
6310 7717 11.61955 3.08949 1.16829 2.14137 14 5 1 9 6
3625 8929 10.11312 0.03816 0.63397 0.81469 107 74 16 98 86
1326 7027 10.51857 2.99876 2.02092 2.20514 110 0 0 93 35
336 8867 11.13984 0.02555 0.72396 1.40109 86 80 1 78 52
1600 6738 11.81658 3.13946 9.71246 179.85463 10 0 0 6 2
1414 5015 11.07950 0.08558 0.34943 0.49732 93 88 5 91 58
737 3942 10.32301 0.84648 1.00506 1.22397 85 69 4 74 55
1482 6872 10.04486 3.12266 1.94908 1.90865 68 16 3 61 29
42 3414 11.75156 0.02822 1.79774 2.82133 14 2 0 9 7
6142 7877 11.44315 3.13854 2.20035 1.21466 62 2 1 56 15
128 3419 11.74596 0.01835 0.61482 0.49653 49 39 4 44 28
4796 7122 11.95018 3.03352 2.28844 1.71418 31 0 0 27 9
1100 4418 10.65491 0.05900 0.45250 0.52786 61 46 12 53 31
1495 5102 10.99809 0.02144 0.53273 1.01259 18 10 5 9 6
941 4172 10.52709 0.02551 0.45153 1.38818 38 32 4 32 23
2698 5646 11.29122 0.15585 0.68548 1.59078 18 10 6 8 6
504 3733 10.98126 0.01194 0.30781 0.65730 72 70 2 65 53
3277 8396 10.19108 0.42275 0.83024 2.34318 53 34 2 35 29
1522 5132 11.52055 0.00711 0.55046 0.82614 47 44 2 37 30
1449 6912 11.35509 2.89181 0.79240 2.38343 35 10 5 27 16
1237 7135 10.41648 3.08859 1.39944 1.46794 50 4 2 40 22
3223 8324 11.32034 0.02473 0.68758 1.02106 27 15 6 18 11
2934 5949 10.19149 0.03884 0.38325 2.24524 31 28 3 29 13
4771 7103 10.65832 3.09293 2.03800 1.35162 61 0 0 52 19
1537 6800 10.97155 3.13928 1.90963 2.09312 6 0 0 0 1
4736 7121 10.95820 3.11465 0.97315 1.48279 48 10 7 41 15
1012 4325 10.68182 0.02837 0.36108 1.45239 29 26 3 26 13
108 8610 10.49891 0.04796 0.32820 0.63489 52 50 1 46 37
5097 6852 11.69156 3.12546 1.20650 0.79819 20 2 0 14 8
5084 6894 10.58147 3.04418 0.59552 1.40528 16 10 2 14 11
3234 8402 11.47139 0.97493 1.03447 0.63612 35 21 9 23 14
1364 4931 11.87389 0.01883 0.54813 0.43069 42 34 6 27 20
546 3770 11.35102 0.04734 0.65767 0.86683 41 36 1 36 20
45 100 11.49053 0.02079 2.60794 0.81469 11 0 0 6 7
1637 6693 11.63501 2.20014 0.72327 1.02488 24 7 4 16 5
3168 8276 11.53381 0.07247 0.67773 1.37544 23 12 4 12 8
49 3414 11.75156 0.02822 1.30466 0.90914 17 0 0 6 8
1143 4551 10.01507 0.07036 0.52254 1.42930 153 108 10 148 117
3280 8398 11.13507 0.37005 0.71866 2.17241 39 25 1 36 19
102 3428 11.50927 0.05388 0.25947 0.58551 73 69 4 65 46
5010 6968 11.29138 2.95108 0.80513 2.21028 33 25 1 31 21
1213 7223 11.34054 1.90211 1.53112 1.01876 49 2 0 39 9
5048 6896 11.73193 2.63804 0.76089 2.00232 22 4 0 20 9
243 8697 10.88567 0.03663 0.56578 2.09667 102 89 13 98 66
4691 7164 11.27247 3.02844 1.44307 1.56723 52 1 0 32 23
3233 8398 10.80862 0.87012 0.83149 0.32143 33 18 5 22 13
880 4105 11.93766 0.04189 0.86553 2.15559 45 41 2 37 16
5994 8067 10.56765 1.58472 0.59569 2.54468 11 5 3 11 5
1213 4645 10.41249 0.08131 0.20548 1.92803 46 27 19 41 12
3279 8399 10.36215 0.33464 0.85734 1.66389 48 36 2 39 30
1215 4647 11.38444 0.07990 0.41302 1.04568 37 25 10 30 10
3200 8307 10.45604 0.16594 0.32930 1.53187 48 47 1 46 30
6037 7988 11.05039 3.13779 1.12402 3.47739 11 4 3 5 2
1624 5383 11.25008 0.02525 0.37862 1.14705 30 25 5 28 17
25 8585 10.74196 0.02857 2.23153 0.46897 11 0 0 9 4
1279 4835 10.99875 0.05521 0.51134 1.23986 37 25 11 31 13
5230 6759 11.88507 3.12304 0.76003 1.32618 31 11 7 31 14
1068 4364 11.00272 0.03437 0.31716 0.50280 55 47 8 46 28
8856 8910 10.38949 0.03636 0.80578 2.07547 88 75 7 84 42
3361 8501 10.24352 0.00476 0.22983 0.32143 35 29 3 27 21
3426 8620 11.04902 0.02550 0.70000 1.10818 30 24 1 25 17
981 4224 11.26091 0.41318 1.09778 2.56552 96 89 5 84 31
168 3467 10.54856 0.01504 0.50255 0.14265 60 50 5 58 36
5217 6790 11.76252 3.13150 2.23225 4.15850 6 1 0 0 0
5301 6767 11.10638 3.12139 4.22692 8.53658 4 0 0 4 1
532 3783 11.79261 0.01484 0.76969 0.38765 39 21 5 27 15
229 3516 11.83603 0.02063 0.95054 1.18432 88 86 1 80 48
5407 6672 11.61022 1.98239 0.94609 1.39942 28 5 11 23 9
105 3405 10.30328 0.02403 0.71480 1.11417 48 44 4 39 21
1250 7179 10.82512 3.00906 1.23596 0.20174 27 5 0 22 13
6134 7909 11.09334 3.13980 1.94084 0.55883 111 1 2 89 61
1538 6800 10.00986 3.13936 1.42514 1.80970 13 1 0 4 4
3233 8332 11.28283 0.19775 0.49197 1.88554 35 15 5 28 11
1250 7185 11.46706 2.97565 1.82596 0.38257 39 0 0 36 19
367 8881 11.25742 0.03415 0.89332 1.36200 42 25 7 30 22
8851 8903 10.87758 0.03191 0.35924 1.83888 104 87 11 96 38
7163 7227 11.30097 1.23672 0.61114 1.56473 64 58 4 60 43
1263 7139 11.60710 3.04318 1.65127 1.19288 35 1 0 27 11
1622 5377 10.00534 0.02559 0.39879 1.25959 28 25 2 28 20
1177 4562 11.54704 0.05295 0.63334 1.17603 36 28 3 29 19
3029 8133 10.50345 0.01303 0.39840 0.43160 40 32 6 31 18
1409 6925 10.24348 2.87217 0.90490 3.43274 32 1 1 27 13
2665 5613 10.83734 0.09575 0.24125 1.26826 16 12 3 11 4
1678 5403 10.94540 1.13851 1.16865 1.01760 16 1 2 11 6
5416 6678 11.92093 2.03890 0.84980 1.75703 31 5 6 12 8
2735 5688 10.25589 0.08270 0.17682 1.42161 18 13 2 12 5
1592 6749 10.57266 3.13709 1.92069 1.69281 19 1 1 13 8
1248 7191 10.42904 2.91139 1.67956 0.18557 74 0 0 70 38
1426 5071 11.44287 0.45463 0.69794 0.64285 41 21 8 24 11
192 8650 11.83438 0.01129 0.71145 0.49496 49 41 8 44 28
3047 8150 10.53539 0.03481 0.47758 1.14637 45 38 4 45 31
3469 8646 11.29900 0.00978 0.29090 0.45111 53 49 2 48 32
1213 4706 11.12573 0.09906 0.48873 2.52569 49 28 18 43 21
1099 4475 10.85715 0.05417 0.27256 0.21850 70 63 7 68 46
421 3656 11.26950 0.01192 0.29633 0.28667 182 176 6 180 124
662 3879 10.00162 0.02537 0.54148 0.59742 51 36 7 45 22
65 8585 10.74196 0.02857 0.91224 0.70776 21 15 0 19 14
869 4131 11.49482 0.00704 0.34001 0.38765 53 51 2 41 30
3261 8367 10.18055 0.90672 0.40736 1.23226 57 42 4 47 28
191 8676 10.85739 0.01627 0.29494 0.49416 75 69 5 67 48
537 3786 10.26905 0.01459 0.34552 0.37742 56 53 3 56 30
2942 6000 10.13712 1.02719 0.60024 1.21208 28 18 1 24 14
339 3582 11.07659 0.02189 0.49297 0.36154 107 103 4 101 76
4968 6996 11.42188 3.09670 1.13111 2.57390 26 3 0 21 11
2591 5585 11.46648 1.38067 1.05874 1.27962 30 20 3 23 16
976 4213 11.91001 0.44477 1.05896 2.22493 71 63 7 64 35
4910 7013 11.18828 2.99508 1.46527 2.02004 51 1 4 40 17
1655 6681 10.84117 1.78538 1.33138 1.04380 56 15 34 47 18
2958 8092 11.48210 0.04144 0.83721 1.24584 10 6 1 6 4
1132 4482 10.47787 0.07895 0.41643 0.22900 110 93 17 103 60
1408 5007 10.78992 0.08551 0.20733 0.94998 55 50 4 50 33
769 3981 10.28932 0.27680 0.69475 1.94983 29 12 5 12 8
1130 4476 11.33315 0.08089 0.42502 0.33804 87 73 14 83 48
2661 5639 10.78855 0.09797 0.50055 0.75173 14 10 1 7 6
1216 7187 11.86606 2.85067 2.74954 2.74552 68 0 0 55 22
4757 7150 10.35057 3.12753 1.58898 1.81553 51 3 0 42 17
3363 8531 10.02579 0.01563 0.10290 0.76923 52 47 5 52 30
1366 6980 11.22658 3.09564 12.24322 177.36745 25 0 0 17 12
322 8824 10.70421 0.05112 0.37660 0.58551 75 68 4 71 52
253 3533 10.07381 0.01522 0.43964 0.42978 91 87 4 84 59
1541 6820 11.95588 3.13107 21.49731 179.40686 4 0 0 1 1
3589 8857 11.26583 0.05082 0.50608 2.77389 156 151 1 144 96
1351 7022 10.63067 3.12180 1.68142 2.94929 45 0 0 35 19
1290 4812 10.21574 0.02344 1.10798 0.88647 58 27 10 58 19
7176 7230 11.12103 1.25418 0.64113 2.16844 65 36 3 49 38
2594 5597 11.45521 1.31962 1.28843 1.93634 26 15 4 20 12
2653 5634 11.79973 0.05114 0.49027 1.68841 13 5 2 7 7
3062 8165 11.55130 0.04840 0.50945 1.79144 23 18 2 13 13
4679 7225 11.35288 1.83809 1.93873 0.20748 78 1 0 74 44
4859 7081 11.68554 3.11619 1.93922 0.67377 38 0 0 36 12
3386 8531 10.75178 0.01039 0.24295 0.51586 49 43 3 37 24
1627 5326 11.75301 0.02710 0.51283 2.83462 15 10 1 7 6
6356 7620 10.42478 1.73005 0.26143 2.21417 32 26 0 24 20
4904 7044 11.76883 3.09693 1.78316 2.44521 126 5 0 113 55
1170 4608 11.71303 0.03794 0.57475 0.60003 32 21 0 24 23
1614 5367 10.98412 0.01304 1.80632 0.45111 24 12 11 15 10
3194 8343 11.41136 0.07426 0.59706 0.93545 39 32 5 35 23
3422 8616 11.77707 0.03243 0.63525 0.78335 25 14 3 15 10
7165 7229 11.66662 1.28931 0.60148 1.49043 38 22 8 28 12
914 4142 10.49397 0.00972 0.35264 0.61166 37 33 4 33 21
2901 5947 11.18402 0.03651 0.40375 2.10171 24 21 2 16 7
7162 7225 11.08314 1.16855 0.47396 0.95777 48 46 2 46 27
56 8547 11.75274 0.00574 1.67158 0.57607 34 0 0 28 19
5237 5295 11.24141 0.01397 0.67215 0.82234 11 6 2 9 3
2593 5582 11.56355 1.34431 0.44323 0.99780 32 20 9 30 11
6228 7812 11.51755 3.13286 0.67053 1.76036 10 7 1 2 4
3092 8196 11.34989 0.12846 0.57877 0.56023 20 14 2 16 8
755 4009 11.81708 0.12823 0.52475 1.60474 29 23 2 25 19
1224 4670 10.01207 0.05575 0.52733 1.48569 69 41 15 64 44
3605 8830 11.32970 0.06066 1.13110 3.40628 91 42 12 85 62
5382 6692 10.14992 2.20815 0.48236 2.56979 18 9 0 12 5
4758 7153 11.79342 3.11472 1.87209 1.44347 40 1 1 30 19
116 8583 10.99558 0.01661 0.27990 0.80891 38 36 2 34 23
1031 4314 10.09291 0.01767 0.19779 1.02450 33 30 3 33 20
3620 8883 11.31508 0.03541 1.08765 0.57267 117 23 18 96 88
3173 8280 11.97832 0.11593 0.70005 0.79031 33 21 2 19 17
4782 7130 10.77576 3.06593 2.01906 2.26900 31 2 1 24 13
1051 4371 10.37330 0.01401 0.32481 0.13122 61 54 4 57 39
991 4303 11.40733 0.34054 0.58236 0.56648 84 60 3 66 56
333 3578 10.01554 0.02137 0.53241 0.33102 91 79 4 76 67
