0.02774 0.07601 0.00329
0.01790 0.04931 0.04034
0.01935 0.05245 0.01894
0.02041 0.05558 0.00817
0.02137 0.05861 0.01010
0.00879 0.01045 0.01914
0.01639 0.02358 0.00654
0.01023 0.01139 0.01843
0.02156 0.04098 0.01435
0.01783 0.04173 0.01543
0.02265 0.04472 0.02114
0.00712 0.01235 0.00529
0.02117 0.09475 0.01821
0.00835 0.00999 0.02237
0.02266 0.08539 0.01466
0.01728 0.04419 0.01101
0.01636 0.04263 0.02237
0.00662 0.01027 0.00110
0.01570 0.04391 0.02081
0.00660 0.00939 0.01320
0.00637 0.00732 0.01887
0.00679 0.00914 0.00041
0.00630 0.01063 0.01860
0.01638 0.04174 0.01888
0.00773 0.01072 0.01839
0.01492 0.05114 0.01265
0.01159 0.02538 0.00716
0.00668 0.01035 0.01843
0.01725 0.04550 0.01548
0.00930 0.01123 0.00953
0.02080 0.05992 0.01180
0.02584 0.10094 0.02481
0.02332 0.09406 0.02255
0.02197 0.07477 0.01949
0.01357 0.02875 0.02544
0.01113 0.01347 0.00155
0.01959 0.03830 0.00632
0.02799 0.10953 0.01868
0.00814 0.01275 0.00056
0.00666 0.01098 0.01902
0.02411 0.06607 0.00220
0.03144 0.08918 0.02623
0.00714 0.01017 0.01208
0.00679 0.00970 0.00613
0.00859 0.01238 0.00044
0.01850 0.04414 0.00373
0.00733 0.01240 0.01844
0.02672 0.10449 0.01883
0.01817 0.05816 0.01437
0.00899 0.01105 0.00995
0.00705 0.01071 0.01849
0.00745 0.01084 0.01843
0.00529 0.00899 0.00063
0.00884 0.01321 0.01624
0.00785 0.01114 0.00052
0.00803 0.01162 0.00046
0.02524 0.04921 0.01900
0.00616 0.00953 0.00048
0.00933 0.01214 0.00044
0.02568 0.06450 0.01922
0.01758 0.03981 0.02237
0.00849 0.01299 0.01936
0.02156 0.08972 0.01965
0.01097 0.01180 0.02142
0.02406 0.08698 0.00583
0.00877 0.01140 0.01840
0.02356 0.10629 0.01872
0.01306 0.03655 0.00641
0.00892 0.01056 0.00075
0.00924 0.01395 0.02119
0.00687 0.00889 0.00063
0.01761 0.03888 0.00157
0.00567 0.00962 0.00267
0.01013 0.01223 0.01075
0.00829 0.01402 0.00043
0.02036 0.05616 0.01854
0.00647 0.00887 0.00070
0.00840 0.01207 0.00045
0.02052 0.05966 0.01876
0.00981 0.01139 0.00299
0.01548 0.05335 0.01923
0.02023 0.07632 0.00309
0.02299 0.07166 0.02361
0.00716 0.01011 0.01831
0.00846 0.01225 0.00103
0.02321 0.04227 0.01862
0.01854 0.05473 0.01852
0.00975 0.01335 0.00665
0.01583 0.02792 0.00196
0.01691 0.03993 0.02917
0.01076 0.01262 0.02093
0.00868 0.01234 0.00176
0.00895 0.01125 0.00286
0.01709 0.05288 0.01677
0.01083 0.01587 0.01070
0.00516 0.00677 0.01837
0.02107 0.06050 0.01289
0.02481 0.04357 0.01560
0.00831 0.01190 0.01936
0.01905 0.04075 0.00583
0.02416 0.05947 0.01481
0.01984 0.07984 0.01897
0.00673 0.00916 0.00830
0.00688 0.01137 0.02958
0.00718 0.00913 0.00382
0.02316 0.03956 0.01875
0.01612 0.04288 0.01981
0.00744 0.00894 0.01826
0.00877 0.01055 0.00442
0.00583 0.00729 0.00345
0.00630 0.00861 0.00365
0.00731 0.00961 0.01706
0.00562 0.00705 0.00209
0.02025 0.06900 0.01768
0.02939 0.12234 0.01880
0.01626 0.04066 0.01164
0.02343 0.05600 0.02304
0.00693 0.00912 0.01841
0.01817 0.05243 0.00236
0.00957 0.01014 0.01830
0.01731 0.03819 0.01867
0.02340 0.10318 0.01867
0.01560 0.04016 0.01266
0.02247 0.06779 0.02398
0.02155 0.06321 0.01930
0.00758 0.00889 0.00047
0.01920 0.03852 0.01890
0.02262 0.06484 0.02122
0.00765 0.01063 0.00605
0.03771 0.10580 0.02003
0.01620 0.04677 0.01902
0.02752 0.06510 0.02011
0.02244 0.08451 0.01886
0.00816 0.01297 0.00138
0.02269 0.04432 0.00574
0.01821 0.05360 0.00589
0.01778 0.05064 0.01859
0.02722 0.04362 0.01853
0.00930 0.01206 0.00165
0.02507 0.03351 0.01851
0.00984 0.01087 0.00828
0.02852 0.08880 0.00285
0.01833 0.04640 0.01958
0.00783 0.01185 0.01989
0.00677 0.01071 0.01840
0.00916 0.01093 0.00039
0.03019 0.04927 0.01475
0.02073 0.06647 0.01938
0.01014 0.01218 0.00376
0.02580 0.08793 0.00150
0.01762 0.04286 0.01398
0.02539 0.04193 0.01879
0.00779 0.01222 0.00059
0.02063 0.04746 0.02192
0.01928 0.04656 0.01885
0.00888 0.01324 0.01156
0.01559 0.04093 0.01887
0.00800 0.01214 0.02087
0.00704 0.00814 0.00816
0.00642 0.00948 0.01066
0.00685 0.00969 0.01827
0.00707 0.00899 0.00049
0.00858 0.00977 0.00055
0.00574 0.00740 0.01836
0.00728 0.01010 0.00050
0.00649 0.01022 0.00055
0.00601 0.00867 0.00042
0.00557 0.00943 0.00092
0.00706 0.01292 0.02346
0.01014 0.01174 0.00055
0.01706 0.05073 0.01458
0.00898 0.01109 0.01956
0.02393 0.05679 0.02646
0.01744 0.04150 0.01894
0.01038 0.01285 0.00511
0.00903 0.01192 0.02301
0.00749 0.01222 0.02667
0.00630 0.00853 0.01840
0.01470 0.03686 0.01526
0.00707 0.00990 0.01834
0.01562 0.03912 0.00589
0.01902 0.04108 0.01872
0.02994 0.10470 0.02335
0.01904 0.04939 0.01895
0.00805 0.01287 0.01833
0.01517 0.04179 0.00222
0.01065 0.01246 0.02276
0.01791 0.05272 0.00580
0.01606 0.04781 0.01877
0.00740 0.00917 0.02374
0.01732 0.04557 0.01474
0.01782 0.05386 0.02050
0.00926 0.01129 0.01838
0.01853 0.05446 0.00128
0.02476 0.10116 0.01866
0.01596 0.03969 0.01884
0.02495 0.06415 0.01174
0.01845 0.05554 0.00571
0.02282 0.04040 0.01855
0.00747 0.00937 0.01834
