98 3788 11.81900 0.03819 10.91825 2.18892 11 0 0 3 3 261 100.00000 0
352 4110 10.52336 0.01361 8.90564 0.45970 12 0 0 2 2 242 100.00000 0
7046 7203 11.24229 0.02743 9.15597 3.92266 6 0 0 4 5 81 100.00000 0
3265 6154 10.01053 0.00986 9.10923 0.78084 24 0 0 17 13 321 100.00000 0
555 976 11.26895 0.00154 2.64751 4.43527 18 6 0 8 6 307 100.00000 0
420 975 10.76826 0.00183 10.46220 0.08847 16 0 0 10 7 318 100.00000 0
2471 5270 11.33786 0.30847 9.30035 19.01321 5 0 0 1 3 45 100.00000 0
1358 4519 11.79033 0.00498 9.54386 0.28531 12 0 0 7 5 206 100.00000 0
3660 6675 11.15628 0.00375 6.32286 5.10561 6 0 0 4 3 61 100.00000 0
758 4172 10.03026 0.01108 2.05517 3.66522 17 0 1 12 4 341 100.00000 0
6806 7202 10.99288 0.02735 11.75083 8.28920 6 0 0 4 3 73 100.00000 0
1949 5079 10.80691 0.00882 10.95009 0.70443 9 0 0 6 4 46 100.00000 0
3645 6593 11.70663 0.00345 13.24244 0.20558 4 0 0 4 4 28 100.00000 0
497 976 11.26895 0.00154 11.08403 nan 17 1 0 4 3 287 100.00000 0
6603 6850 11.74586 0.00594 29.38527 0.34943 5 1 0 2 4 32 100.00000 0
2843 5563 11.77477 0.05659 10.95641 21.91736 12 0 0 2 4 348 100.00000 0
3559 6480 11.23116 0.01288 7.20280 5.66150 22 0 0 13 10 236 100.00000 0
6614 7182 10.97805 0.01904 12.22922 1.53544 13 0 0 11 10 86 100.00000 0
1211 4394 11.01681 0.01370 8.15702 11.30139 14 0 0 11 5 360 100.00000 0
1591 4756 11.77052 0.01505 21.29264 4.06852 10 0 0 3 3 195 100.00000 0
2751 5491 11.95889 0.01155 12.21988 0.96429 19 0 0 15 10 437 100.00000 0
2429 5323 11.68318 0.82280 11.73159 19.92959 4 0 0 4 2 44 100.00000 0
898 980 11.77208 0.00498 8.22907 0.29608 20 0 0 6 7 288 100.00000 0
1497 4649 10.80174 0.00434 12.27346 2.89110 11 0 0 1 2 191 100.00000 0
3246 6020 10.39814 0.01340 8.10011 1.59324 17 0 0 11 5 279 100.00000 0
2472 2581 11.22698 0.77641 9.59788 13.81885 6 0 0 0 2 50 100.00000 0
1659 4807 10.85102 0.00775 10.21555 1.76813 22 0 0 18 16 119 100.00000 0
2171 2470 11.86999 0.30255 9.50346 17.33490 7 0 0 7 3 42 100.00000 0
392 974 10.01406 0.00381 3.83768 0.21306 20 0 0 10 6 284 100.00000 0
3535 6455 10.86530 0.03133 10.51245 8.05384 8 0 0 8 6 65 100.00000 0
3153 5872 11.09845 0.04461 8.51036 2.55727 15 0 0 11 7 227 100.00000 0
7104 7204 11.73924 0.02765 5.86772 8.40971 6 0 0 1 3 65 100.00000 0
3681 7171 10.72075 0.15561 8.11505 8.85370 7 0 0 4 6 36 100.00000 0
2171 2366 11.86999 0.30255 2.27182 4.66144 8 0 0 8 3 56 100.00000 0
3526 6446 10.51057 0.03046 8.39713 9.44327 9 0 0 5 3 39 100.00000 0
2476 5321 10.45620 0.77092 9.56745 9.37119 3 0 0 0 1 28 100.00000 0
2218 5305 10.48793 0.48154 2.97929 3.00557 5 0 0 2 4 60 100.00000 0
2184 5300 10.80906 0.35654 9.83609 6.36359 4 0 0 0 1 29 100.00000 0
3231 6009 10.25562 0.04391 7.56680 2.51482 22 0 0 1 3 251 100.00000 0
2281 5312 11.91985 0.68669 12.24069 39.34424 5 0 0 2 3 56 100.00000 0
2420 5269 11.68981 0.30783 13.83721 17.63739 4 0 0 1 0 18 100.00000 0
337 3957 10.51725 0.00644 10.25605 5.73101 13 0 0 9 6 232 100.00000 0
6603 7152 11.74402 0.00648 10.47457 0.43251 5 0 0 2 3 40 100.00000 0
1490 4643 10.03190 0.00777 12.03876 5.12927 13 0 0 7 4 202 100.00000 0
6927 7202 10.99288 0.02735 8.93093 7.46719 8 0 0 5 6 59 100.00000 0
791 979 11.51970 0.00400 13.00796 0.24549 18 0 0 11 7 182 100.00000 0
3651 6604 10.22634 0.00689 23.18675 0.40734 7 0 0 4 2 40 100.00000 0
2317 5270 10.63578 0.26030 11.62204 14.91413 3 0 0 0 0 10 100.00000 0
2495 5320 10.24209 0.74014 98.04406 42.40688 4 0 0 1 2 38 100.00000 0
6603 6748 11.74586 0.00594 21.02889 63.26169 4 0 0 0 1 19 100.00000 0
6606 6982 10.49518 0.00708 6.10408 14.51121 7 0 0 1 1 34 100.00000 0
147 3815 11.45022 0.03145 12.56976 36.25717 13 0 1 6 0 208 100.00000 0
1397 4571 11.51180 0.00561 4.69803 0.43160 17 0 0 12 10 400 100.00000 0
1835 4974 10.05173 0.03954 4.56907 18.50408 10 0 0 7 6 99 100.00000 0
2320 5321 10.76751 0.80012 40.86185 45.84348 4 0 0 0 0 26 100.00000 0
6668 7203 11.24229 0.02743 7.27397 1.56848 6 0 0 6 4 79 100.00000 0
2719 5443 11.29588 0.01172 11.92436 0.65012 24 0 0 20 11 462 100.00000 0
2488 5323 11.68318 0.82280 9.83916 13.34195 7 0 0 2 1 44 100.00000 0
1658 4806 10.82079 0.00786 10.63489 0.57335 24 0 0 22 15 191 100.00000 0
3985 4106 11.26913 0.01135 8.93709 10.75188 13 0 0 3 5 209 100.00000 0
1915 5045 11.31781 0.00580 3.80013 0.34035 5 0 0 5 3 35 100.00000 0
5975 6038 11.10028 0.00458 7.48462 6.86181 18 0 0 9 13 239 100.00000 0
667 4173 11.79777 0.00987 18.40895 0.56093 20 1 0 4 3 225 100.00000 0
2171 2500 11.86999 0.30255 9.72911 26.77696 7 0 0 1 4 29 100.00000 0
3660 6714 11.15628 0.00375 12.00007 31.99210 4 0 0 1 2 20 100.00000 0
773 979 11.51970 0.00400 14.70153 0.24549 19 0 0 8 3 317 100.00000 0
6786 7201 10.24214 0.02731 12.84680 41.93401 7 0 0 5 3 80 100.00000 0
1864 4978 11.72648 0.00625 8.08793 0.34718 9 0 0 0 2 69 100.00000 0
2178 2503 10.26950 0.29786 2.25088 5.89395 3 0 0 0 0 15 100.00000 0
2052 5187 10.74936 0.02658 10.29267 1.95885 30 0 0 23 21 120 100.00000 0
111 3795 10.50595 0.01434 8.13329 0.82234 13 0 0 5 6 247 100.00000 0
2177 2412 10.26875 0.29874 5.27339 11.26642 5 0 0 3 1 32 100.00000 0
3680 6856 10.97298 0.13900 3.27844 7.96462 6 0 1 3 3 41 100.00000 0
981 4142 11.02953 0.01426 5.36226 9.97354 14 3 0 8 6 256 100.00000 0
239 3901 11.94909 0.07899 9.00222 0.48133 7 0 0 2 2 173 100.00000 0
3094 5828 11.10592 0.02019 10.38101 4.14529 13 0 0 5 6 284 100.00000 0
5990 6111 10.58967 0.01334 7.46132 1.26795 22 0 0 12 8 301 100.00000 0
2511 2583 11.93117 0.82358 33.90399 47.18743 5 0 0 2 3 33 100.00000 0
6050 6125 10.89225 0.00919 11.84765 7.16511 18 0 0 16 9 343 100.00000 0
1359 4520 11.54538 0.00724 11.44114 0.41307 12 0 0 1 3 208 100.00000 0
6603 6675 11.74586 0.00594 8.10347 0.34943 10 0 0 0 3 65 100.00000 0
4011 4171 11.77155 0.00644 4.49738 8.93916 18 2 0 7 7 276 100.00000 0
848 3984 10.74879 0.01016 6.95552 19.37856 18 5 1 4 4 195 100.00000 0
6604 6789 11.24828 0.00629 9.51405 2.31731 4 0 0 2 3 23 100.00000 0
642 3979 11.99371 0.01255 13.33940 0.71162 13 0 0 8 3 203 100.00000 0
2328 5272 10.63939 0.30767 8.22462 22.40017 5 0 1 0 0 31 100.00000 0
1590 4754 10.06641 0.01400 9.21420 0.80357 12 0 0 12 6 189 100.00000 0
7149 7203 11.24229 0.02743 13.10327 10.07923 9 0 0 7 7 81 100.00000 0
2312 5320 11.43827 0.82385 11.90386 24.25140 5 0 0 2 2 38 100.00000 0
3246 6014 10.43816 0.01363 8.86068 3.68015 19 0 0 9 9 313 100.00000 0
7112 7202 10.99288 0.02735 21.25208 1.56573 8 0 0 4 3 63 100.00000 0
1553 4703 11.01707 0.02319 12.66038 1.32589 16 0 0 11 3 217 100.00000 0
2770 5509 11.06598 0.01245 9.62814 0.81084 20 0 0 15 10 519 100.00000 0
2815 5536 11.68125 0.04535 10.56579 2.59872 12 0 0 6 3 472 100.00000 0
2359 5321 10.45620 0.77092 7.94225 5.24180 3 0 0 0 2 16 100.00000 0
2337 5323 11.68318 0.82280 14.34077 52.77972 6 0 0 2 3 36 100.00000 0
1942 5057 10.01155 0.01166 14.79878 3.73958 4 0 0 4 4 33 100.00000 0
6605 7012 10.99721 0.00661 6.15810 8.53608 6 0 0 2 3 55 100.00000 0
2535 5271 11.68632 0.33918 2.27001 4.97020 9 0 0 5 3 39 100.00000 0
6731 7202 10.99288 0.02735 9.87951 11.87992 16 0 0 13 10 114 100.00000 0
1927 5040 11.80408 0.00990 3.97167 0.81277 7 0 0 7 5 41 100.00000 0
3660 6661 11.15628 0.00375 6.56765 4.33603 9 0 0 3 2 60 100.00000 0
2178 2468 10.26950 0.29786 8.22128 21.72693 6 0 0 1 0 48 100.00000 0
6609 7175 11.22994 0.01664 8.34715 1.09647 16 0 0 13 13 82 100.00000 0
3540 6440 11.85126 0.04017 7.52267 6.43492 5 0 0 5 3 38 100.00000 0
2173 2440 11.32990 0.30114 4.67942 4.68358 6 0 0 1 3 38 100.00000 0
2156 2283 11.71973 0.09620 16.91200 76.41569 4 0 0 4 3 24 100.00000 0
6613 7181 10.97893 0.01845 6.69423 5.51185 10 0 0 8 5 92 100.00000 0
3477 6402 11.29745 0.04273 10.43853 19.22528 5 0 0 3 3 31 100.00000 0
6605 6975 10.99721 0.00661 10.25561 3.35614 6 0 0 6 4 40 100.00000 0
458 4173 11.79777 0.00987 2.81478 4.34488 16 2 0 3 6 227 100.00000 0
3680 6994 10.97298 0.13900 2.65692 7.96462 6 0 0 2 2 64 100.00000 0
558 974 10.01791 0.00258 3.99698 0.10468 16 0 0 8 2 314 100.00000 0
350 743 10.50898 0.00703 8.29821 0.40445 12 0 0 6 4 201 100.00000 0
2422 5320 10.24209 0.74014 13.05591 25.68974 5 0 0 1 3 45 100.00000 0
2927 5646 10.06681 0.00285 8.80226 20.63388 16 0 0 9 9 179 100.00000 0
6075 6128 11.38936 0.00959 16.43149 4.04574 16 0 0 12 8 298 100.00000 0
3660 7030 11.15628 0.00375 8.69261 9.67520 6 0 0 4 3 43 100.00000 0
