784 1431 2.42766 2.98624 0.08198 1.10924 885 844 28 879 687 2059 100.00000 0
234 1642 2.30103 3.09921 0.17244 2.23458 428 351 29 426 157 1861 100.00000 0
72 1820 5.76720 2.75776 0.33255 3.63259 276 251 21 267 149 1234 100.00000 0
175 1724 4.93073 3.11796 0.15844 1.59888 361 332 23 355 250 1336 100.00000 0
163 1729 2.90336 3.13958 0.13565 1.92091 515 409 13 506 401 1915 100.00000 0
79 1824 2.81963 3.01271 0.29623 3.72867 447 388 18 438 214 1745 100.00000 0
214 1682 5.98381 3.04550 0.03584 3.16879 235 207 20 221 117 1486 100.00000 0
204 1690 2.57176 3.12308 0.34809 3.41432 529 487 30 519 258 2351 100.00000 0
238 1646 3.82470 3.12377 0.06136 1.72238 300 249 39 298 156 1727 100.00000 0
138 1750 5.64087 3.13633 0.11380 1.97060 324 294 16 320 208 1634 100.00000 0
249 1619 3.71408 2.44663 0.37550 2.83821 340 297 24 335 143 1796 100.00000 0
2527 3871 4.66460 1.18856 0.24840 2.60233 467 432 23 460 304 1305 100.00000 0
790 1417 4.00531 2.85365 0.08135 1.62534 764 736 19 758 619 1969 100.00000 0
743 1462 3.01077 3.13190 0.11839 2.73881 506 446 30 496 288 1367 100.00000 0
801 1421 4.60211 2.34910 0.10231 1.87805 539 517 9 533 334 1489 100.00000 0
708 1500 4.31932 2.01916 0.04239 1.86257 734 695 36 732 554 2026 100.00000 0
207 1683 2.03221 3.05152 0.12792 2.71181 483 378 12 479 198 2112 100.00000 0
708 1497 4.89685 2.03787 0.05090 1.69281 647 605 33 638 513 1793 100.00000 0
798 1413 3.38298 2.48776 0.16071 1.84419 843 806 25 843 605 1995 100.00000 0
710 1510 5.30053 2.06172 0.08731 1.12813 517 479 31 511 426 1524 100.00000 0
716 1489 4.15656 2.44443 0.00698 0.78833 616 587 24 610 530 1751 100.00000 0
186 1705 4.36200 3.12698 0.14792 2.62659 458 284 7 454 291 1784 100.00000 0
80 1816 3.44523 3.12690 0.25417 3.90304 342 314 24 336 151 1628 100.00000 0
2497 3865 4.39039 2.30214 0.01722 2.10487 410 382 21 410 284 1263 100.00000 0
786 1433 5.01851 2.89399 0.09810 1.15758 413 386 18 407 293 1247 100.00000 0
738 1466 3.76903 3.12307 0.14509 2.80742 501 419 23 491 239 1417 100.00000 0
236 1650 4.34088 3.12036 0.09392 1.84695 229 186 28 225 113 1571 100.00000 0
787 1430 3.11968 2.90289 0.06159 1.45374 698 668 22 688 524 1797 100.00000 0
719 1506 4.79131 2.50859 0.12557 1.32825 584 552 24 582 468 1685 100.00000 0
115 1773 4.08853 3.06507 0.17774 1.46820 438 398 27 434 276 1869 100.00000 0
241 1642 4.24179 3.07465 0.09724 1.82048 337 290 28 333 188 1727 100.00000 0
2499 3869 4.09344 2.23917 0.40894 3.27608 233 216 16 231 113 764 100.00000 0
747 1459 2.33783 3.12477 0.09355 2.32119 649 614 21 645 436 1668 100.00000 0
66 1830 5.00266 2.11785 0.25999 2.14576 373 316 49 365 224 1649 100.00000 0
750 1456 2.40654 3.13053 0.33535 4.10284 587 542 22 580 287 1633 100.00000 0
248 1620 3.66426 2.50834 0.16949 3.07243 325 203 4 325 131 1819 100.00000 0
83 1812 3.14694 3.05587 0.25587 4.33440 298 213 5 294 131 1455 100.00000 0
84 1805 5.25815 3.07570 0.45593 4.68876 189 158 16 185 65 1132 100.00000 0
201 1690 2.39434 3.12313 0.39155 3.75359 517 485 27 514 234 1974 100.00000 0
719 1504 3.81522 2.51920 0.12347 1.16567 684 639 26 682 579 1929 100.00000 0
2502 3866 2.88321 2.14905 0.06185 2.12080 560 533 24 558 382 1537 100.00000 0
73 1819 5.66905 2.82355 0.35996 3.72205 291 254 33 287 149 1397 100.00000 0
756 1450 2.46339 3.13356 0.09378 2.36165 664 635 23 657 468 1653 100.00000 0
78 1817 4.02632 3.08227 0.46674 4.39641 263 240 20 257 100 1481 100.00000 0
213 1682 4.84741 3.04553 0.10950 3.19145 373 333 27 365 172 1857 100.00000 0
773 1441 4.58918 3.06587 0.33938 2.22669 378 355 14 365 176 1220 100.00000 0
245 1624 3.58272 2.62544 0.22114 2.37537 395 316 14 387 226 2033 100.00000 0
230 1658 3.80388 3.08690 0.34462 2.18821 301 237 47 299 171 1676 100.00000 0
724 1496 2.91809 2.77901 0.33349 2.61269 643 620 19 637 318 1765 100.00000 0
706 1500 5.08513 1.93308 0.04582 1.73235 664 629 28 655 515 1971 100.00000 0
74 1825 3.59326 2.74487 0.34367 3.70095 424 396 21 418 226 1607 100.00000 0
237 1634 4.30051 2.89258 0.09305 2.03394 351 243 13 349 197 1627 100.00000 0
732 1483 3.36756 3.05592 0.13111 2.37306 563 507 41 546 259 1579 100.00000 0
2532 3869 4.17098 1.26661 0.08980 1.37601 457 437 17 455 345 1315 100.00000 0
148 1748 3.67654 3.13361 0.12322 1.80667 445 394 21 445 288 2006 100.00000 0
796 1409 5.62302 2.56165 0.09828 1.44293 561 519 31 544 430 1583 100.00000 0
2508 3863 3.91747 1.86567 0.05378 1.42272 475 442 29 473 376 1317 100.00000 0
81 1827 3.53863 2.95350 0.12527 2.92770 416 357 44 410 250 1673 100.00000 0
2518 3862 4.87476 1.38725 0.04081 2.06772 479 455 20 473 304 1301 100.00000 0
91 1808 4.10518 3.12239 0.53431 5.09278 232 113 1 228 73 1221 100.00000 0
718 1487 4.03040 2.54620 0.02394 0.57811 598 559 33 598 525 1774 100.00000 0
799 1410 4.45464 2.41776 0.10901 1.80883 740 709 24 736 556 1830 100.00000 0
2497 3871 5.59384 2.27289 0.26108 3.54144 209 190 18 209 89 760 100.00000 0
81 1828 3.66297 2.91827 0.18805 2.68088 427 386 29 417 265 1756 100.00000 0
73 1823 4.49650 2.74194 0.34030 3.82991 356 274 12 354 188 1526 100.00000 0
2494 3865 5.11862 2.34573 0.17263 2.20336 333 297 30 327 189 1035 100.00000 0
125 1770 3.76781 3.09434 0.14336 1.78991 517 467 32 513 311 2121 100.00000 0
735 1468 4.52713 3.09132 0.15757 3.11332 501 454 19 491 263 1392 100.00000 0
142 1753 2.83785 3.13456 0.21776 1.93249 557 493 32 553 353 2270 100.00000 0
188 1702 5.21065 3.10007 0.08970 2.50640 324 263 33 320 153 1546 100.00000 0
75 1841 2.25458 2.12539 0.22431 1.64282 399 367 26 393 241 1890 100.00000 0
733 1470 4.49592 3.06487 0.13224 3.60000 468 448 18 465 230 1326 100.00000 0
222 1660 3.85083 3.08845 0.13981 1.90598 408 366 30 405 292 2009 100.00000 0
787 1421 3.12661 2.97606 0.16302 1.50142 858 831 19 852 689 2007 100.00000 0
775 1438 3.29809 3.07857 0.13070 2.06583 450 356 20 441 256 1475 100.00000 0
75 1821 4.25733 2.91144 0.33177 3.77906 268 241 22 255 115 1454 100.00000 0
767 1439 2.58885 3.09442 0.10417 1.80407 610 589 17 606 426 1652 100.00000 0
774 1438 2.68749 3.08285 0.11703 1.92945 503 433 17 495 319 1511 100.00000 0
95 1800 2.89014 3.10274 0.15973 3.34550 412 376 26 399 132 1787 100.00000 0
780 1425 4.20866 3.13506 0.29573 2.22035 635 611 15 629 416 1683 100.00000 0
798 1423 3.87366 2.49099 0.20570 2.50202 751 735 12 749 378 1752 100.00000 0
732 1470 5.26152 3.04439 0.15122 3.63281 455 414 34 449 178 1242 100.00000 0
155 1743 5.64069 3.13268 0.10413 2.04870 216 132 7 205 91 1340 100.00000 0
230 1649 2.12157 3.12283 0.25447 2.42334 382 335 44 378 174 1814 100.00000 0
171 1727 3.89320 3.12303 0.14352 1.52521 492 446 38 488 368 1674 100.00000 0
114 1781 4.30004 3.07401 0.09424 1.80190 458 396 20 441 258 1918 100.00000 0
711 1494 4.55330 2.18773 0.05218 1.01991 795 742 40 793 685 1972 100.00000 0
141 1749 3.37360 3.13079 0.02604 1.68098 469 384 24 465 285 2102 100.00000 0
221 1660 5.03477 3.09154 0.13984 1.92620 354 315 24 348 231 1894 100.00000 0
732 1474 2.48072 3.03865 0.08950 3.09199 695 633 22 687 361 1716 100.00000 0
720 1504 4.25151 2.56670 0.13279 1.44807 662 636 6 662 514 1650 100.00000 0
785 1423 2.90966 3.03688 0.09758 1.39550 891 861 20 886 714 2056 100.00000 0
781 1422 5.62959 3.13862 0.19110 1.81790 643 604 36 641 497 1520 100.00000 0
88 1802 4.17379 3.08991 0.39423 5.07397 148 117 10 144 33 1118 100.00000 0
745 1457 5.74745 3.13508 0.22056 3.26099 310 260 26 302 149 1124 100.00000 0
253 1611 5.61369 2.12532 0.13176 2.25984 358 329 23 352 174 1849 100.00000 0
799 1413 3.34424 2.43820 0.11684 1.89321 791 756 30 787 564 1922 100.00000 0
238 1631 5.31002 2.81763 0.08311 1.69720 310 168 1 306 252 1691 100.00000 0
198 1691 4.68816 3.13241 0.24175 4.17364 363 320 25 363 192 1541 100.00000 0
2512 3871 5.14117 1.64628 0.06966 2.93905 330 304 22 324 201 1058 100.00000 0
88 1801 4.73739 3.09454 0.75294 4.97232 167 144 15 160 47 1153 100.00000 0
142 1755 5.29373 3.13569 0.09185 1.63039 379 347 19 371 208 1832 100.00000 0
108 1781 2.98650 3.08343 0.08264 2.18552 456 374 33 454 273 2181 100.00000 0
221 1662 3.51206 3.08548 0.16660 1.73731 439 395 34 435 321 2044 100.00000 0
718 1485 4.84573 2.54754 0.04015 0.89962 548 515 26 542 458 1538 100.00000 0
775 1432 2.21339 3.11565 0.07107 1.60181 666 630 22 656 418 1803 100.00000 0
731 1485 3.44594 3.03073 0.60437 2.16103 502 457 32 500 243 1532 100.00000 0
210 1684 3.32963 3.05268 0.39375 3.48874 459 399 20 453 160 2047 100.00000 0
230 1660 5.22793 3.07895 0.33559 2.14411 254 209 40 250 130 1534 100.00000 0
237 1647 3.49253 3.13941 0.09453 1.94159 214 143 16 212 110 1533 100.00000 0
755 1457 4.63880 3.11575 0.29796 2.91578 399 369 16 393 241 1266 100.00000 0
717 1501 2.04334 2.43861 0.09995 1.28755 836 791 28 834 677 2165 100.00000 0
223 1660 2.60825 3.08808 0.13207 1.90310 580 526 48 572 408 2441 100.00000 0
71 1822 5.54235 2.66097 0.36300 3.53679 328 313 7 322 179 1356 100.00000 0
74 1847 4.27041 1.83114 0.14079 1.77806 320 278 15 320 183 1606 100.00000 0
115 1774 3.00115 3.06736 0.11854 1.51981 495 464 21 489 297 2014 100.00000 0
152 1744 3.37173 3.13420 0.26327 2.20992 387 309 18 383 203 1793 100.00000 0
82 1817 2.91374 3.09609 0.29375 3.88474 354 319 16 350 165 1535 100.00000 0
63 1834 5.02878 1.79154 0.08398 1.41444 443 402 34 443 337 1858 100.00000 0
101 1790 2.20790 3.12209 0.22756 2.66491 511 480 21 508 294 2245 100.00000 0
783 1421 5.21697 3.09985 0.15727 1.42409 654 631 20 654 557 1590 100.00000 0
724 1498 3.73274 2.76530 0.10820 2.40257 629 584 38 627 307 1723 100.00000 0
67 1837 2.80120 1.87389 0.16366 1.81467 430 394 28 423 274 1941 100.00000 0
77 1836 2.50023 2.47278 0.25612 2.56735 515 474 27 506 348 1989 100.00000 0
140 1757 5.35087 3.13536 0.07533 1.78246 314 267 28 306 211 1578 100.00000 0
104 1790 3.12768 3.10571 0.12969 2.47401 551 498 20 542 279 2304 100.00000 0
79 1817 3.62044 3.11799 0.29123 3.98585 330 296 20 321 142 1499 100.00000 0
720 1489 2.18015 2.63774 0.05806 0.74756 878 846 28 873 752 2279 100.00000 0
91 1798 4.42622 3.13091 0.33566 4.09997 319 267 7 306 142 1463 100.00000 0
242 1628 3.67000 2.74103 0.12527 2.01752 474 399 30 466 326 2108 100.00000 0
68 1828 4.89148 2.29537 0.33093 2.84758 327 292 12 325 179 1528 100.00000 0
790 1420 2.27005 2.85406 0.07692 1.67211 901 862 25 895 738 2132 100.00000 0
776 1426 5.89517 3.09524 0.35944 2.14795 416 389 23 414 260 1206 100.00000 0
759 1452 3.61200 3.13252 0.12572 2.19482 515 483 28 509 366 1473 100.00000 0
124 1766 2.25380 3.08641 0.08474 2.00272 627 575 25 621 383 2180 100.00000 0
805 1410 5.56343 2.10470 0.04350 0.50513 651 638 10 651 565 1572 100.00000 0
252 1613 5.05318 2.19523 0.10088 2.31545 291 271 6 291 139 1797 100.00000 0
212 1675 3.40942 3.04998 0.16877 2.17781 443 348 44 441 266 2001 100.00000 0
146 1744 3.70746 3.13575 0.10639 2.07113 461 375 15 457 241 1962 100.00000 0
235 1638 3.71414 3.00565 0.33132 2.74823 332 282 14 326 129 1698 100.00000 0
2491 3870 5.34027 2.31577 0.07246 3.24329 318 303 14 312 169 964 100.00000 0
247 1632 3.53428 2.83896 0.16772 1.83696 460 205 6 454 355 2067 100.00000 0
77 1828 2.49666 2.79389 0.22989 3.36965 429 409 19 425 212 1772 100.00000 0
169 1729 4.03168 3.13117 0.13718 2.15250 449 394 30 435 283 1629 100.00000 0
710 1502 3.42539 2.09342 0.07411 1.70915 814 751 42 806 606 2119 100.00000 0
87 1813 3.56677 3.06517 0.42624 5.14818 217 167 5 210 87 1246 100.00000 0
712 1503 2.93264 2.18049 0.08270 1.13987 848 786 48 845 678 2131 100.00000 0
184 1713 2.67875 3.11461 0.21223 2.41005 586 550 25 581 380 1974 100.00000 0
145 1746 2.35426 3.13445 0.10712 2.27021 639 579 26 635 328 2277 100.00000 0
74 1817 5.82494 2.88724 0.39196 4.14577 218 178 14 216 110 1280 100.00000 0
69 1849 4.89500 1.46865 0.14022 1.77388 299 265 21 291 169 1503 100.00000 0
711 1499 3.36133 2.16056 0.06148 1.31522 778 722 51 768 639 2110 100.00000 0
94 1802 3.20890 3.10148 0.17968 3.36092 281 254 19 277 92 1484 100.00000 0
704 1506 5.55922 1.80946 0.05864 1.61544 621 576 18 615 441 1738 100.00000 0
84 1815 2.91334 3.07850 0.21258 4.04961 323 288 23 323 161 1581 100.00000 0
239 1631 4.37075 2.81729 0.05070 1.77938 349 190 6 345 275 1735 100.00000 0
772 1442 4.81742 3.09019 0.14692 2.31494 444 363 10 440 231 1194 100.00000 0
120 1769 3.17502 3.07651 0.08651 1.69881 477 430 29 470 318 2002 100.00000 0
80 1831 3.53654 2.78542 0.13842 2.08957 425 388 23 415 287 1888 100.00000 0
223 1656 5.45188 3.10394 0.14463 1.89630 437 372 53 437 299 2156 100.00000 0
105 1785 2.40448 3.09162 0.06373 2.28602 478 443 25 474 261 2355 100.00000 0
86 1820 5.01996 3.11009 0.51767 4.28925 197 162 6 195 72 1150 100.00000 0
128 1766 2.39932 3.11449 0.36347 1.91049 540 512 24 540 301 1976 100.00000 0
65 1844 3.66234 1.42718 0.13526 0.89087 377 339 22 371 312 1744 100.00000 0
199 1697 3.55360 3.09444 0.11429 3.07753 561 514 34 559 264 2103 100.00000 0
251 1613 5.13012 2.19743 0.11516 2.61928 290 268 18 284 132 1682 100.00000 0
198 1692 3.71634 3.13449 0.23047 4.13593 399 348 22 399 183 1818 100.00000 0
2507 3868 2.60453 1.90384 0.08055 2.29542 619 585 31 617 407 1610 100.00000 0
217 1669 2.69088 3.07647 0.16920 1.18960 554 498 19 546 451 2263 100.00000 0
85 1826 5.78508 3.01702 0.27807 3.52170 205 160 28 201 75 1252 100.00000 0
208 1680 3.61602 3.05956 0.10970 1.91704 457 428 23 450 278 2103 100.00000 0
160 1731 3.78056 3.14040 0.16263 2.27744 395 299 11 387 292 1561 100.00000 0
731 1475 2.50529 3.02525 0.10208 2.70110 690 648 31 683 350 1692 100.00000 0
2527 3866 2.80926 1.21688 0.08617 2.27727 647 620 22 645 381 1639 100.00000 0
81 1840 5.88397 2.39950 0.10966 1.33119 285 230 14 281 207 1517 100.00000 0
116 1780 5.31936 3.06407 0.05271 1.45535 438 399 19 434 276 2011 100.00000 0
82 1808 5.13086 3.09057 0.22548 4.61711 178 136 32 169 61 1185 100.00000 0
93 1801 2.46696 3.11416 0.29823 3.37835 394 327 22 387 135 1780 100.00000 0
76 1827 2.67882 2.78021 0.34062 3.61639 371 320 27 363 190 1703 100.00000 0
2497 3870 4.88325 2.27559 0.43733 3.60424 249 228 14 245 114 841 100.00000 0
125 1763 4.65798 3.09415 0.06797 1.77564 357 328 27 350 220 1655 100.00000 0
82 1812 3.57660 3.06388 0.31630 4.21092 317 225 11 308 169 1439 100.00000 0
2524 3863 4.57361 1.24152 0.11359 2.33950 396 359 29 388 233 1232 100.00000 0
232 1644 3.04489 3.12049 0.07462 2.22774 343 270 41 332 137 1795 100.00000 0
735 1471 2.40300 3.09594 0.10879 3.38784 671 642 23 669 300 1686 100.00000 0
79 1836 3.67573 2.54751 0.15787 2.04277 369 321 15 361 220 1778 100.00000 0
2519 3862 4.96609 1.35065 0.07817 2.20904 453 417 32 453 287 1320 100.00000 0
2514 3871 5.04798 1.54910 0.10206 3.23119 356 329 25 356 151 1047 100.00000 0
191 1701 2.55734 3.12277 0.18247 3.44980 452 149 18 448 252 1977 100.00000 0
253 1622 4.67621 2.54189 0.23966 2.26918 348 226 8 346 211 1902 100.00000 0
199 1691 3.54920 3.13872 0.06923 4.01571 361 340 17 357 156 1689 100.00000 0
74 1845 3.26507 1.90457 0.08573 1.44076 375 334 17 371 262 1773 100.00000 0
90 1808 3.47069 3.11670 1.00340 5.49761 141 71 2 132 44 999 100.00000 0
727 1478 3.25765 2.90951 0.30970 2.56201 668 633 26 662 370 1673 100.00000 0
77 1814 5.48340 3.07128 0.44713 4.71642 160 126 12 155 64 1171 100.00000 0
729 1492 4.72015 2.96354 0.34304 2.18391 503 470 30 501 296 1341 100.00000 0
238 1636 2.18181 2.93979 0.09181 2.21576 520 472 20 516 306 2080 100.00000 0
77 1843 4.09117 2.12734 0.27841 1.68911 318 280 17 311 200 1630 100.00000 0
723 1482 3.52300 2.76756 0.19644 2.07037 522 480 39 514 305 1619 100.00000 0
796 1423 2.79689 2.58351 0.18934 2.29865 810 781 22 804 452 1927 100.00000 0
