0.02538 0.02115
0.02670 0.01995
0.01787 0.01664
0.01574 0.01890
0.01535 0.01483
0.03699 0.02502
0.01583 0.01605
0.02756 0.02132
0.01708 0.02152
0.01611 0.02711
0.01601 0.01892
0.01911 0.02079
0.01514 0.01739
0.01631 0.02694
0.01683 0.02441
0.02592 0.02482
0.01492 0.02418
0.01647 0.01903
0.01558 0.02069
0.01541 0.01820
0.01737 0.02016
0.01515 0.01633
0.01903 0.01909
0.01383 0.01558
0.01543 0.01615
0.01903 0.01703
0.01516 0.01983
0.01591 0.01898
0.01713 0.02468
0.01824 0.01842
0.01563 0.01974
0.01514 0.01881
0.01593 0.01689
0.01775 0.02301
0.01770 0.02181
0.01607 0.01765
0.01773 0.01773
0.02586 0.02013
0.01823 0.02220
0.01895 0.02076
0.01944 0.02082
0.01129 0.01194
0.01572 0.01824
0.01940 0.02030
0.01625 0.01503
0.02586 0.02133
0.01745 0.01839
0.01643 0.02190
0.01138 0.01293
0.01557 0.02073
0.01840 0.01884
0.01175 0.01277
0.01797 0.02084
0.01434 0.02172
0.01519 0.02813
0.01526 0.01567
0.01532 0.01808
0.01632 0.01875
0.01792 0.02273
0.01605 0.02129
0.01224 0.01172
0.01695 0.02366
0.01508 0.02020
0.01682 0.02040
0.01202 0.01383
0.02225 0.01942
0.01725 0.01983
0.01529 0.01883
0.01864 0.02011
0.01640 0.01889
0.01763 0.01900
0.01552 0.01655
0.01685 0.02685
0.01701 0.02105
0.01348 0.01582
0.01681 0.02189
0.03157 0.01781
0.01847 0.01645
0.01771 0.01840
0.01693 0.02664
0.01663 0.01935
0.02008 0.01764
0.01655 0.01804
0.01533 0.01942
0.01788 0.01947
0.02736 0.02267
0.01746 0.02177
0.01594 0.01989
0.01200 0.01396
0.02974 0.02163
0.01686 0.02651
0.01783 0.02141
0.02162 0.02099
0.01617 0.02214
0.01550 0.01854
0.01704 0.01884
0.02205 0.02441
0.02875 0.02285
0.02307 0.02183
0.01699 0.01723
0.01785 0.02598
0.01248 0.01479
0.01574 0.02451
0.02421 0.02008
0.01673 0.02224
0.01723 0.02863
0.01610 0.01673
0.01907 0.02113
0.01724 0.02613
0.01509 0.01615
0.02178 0.01874
0.01800 0.01988
0.01666 0.01729
0.01647 0.02644
0.01503 0.01783
0.01657 0.01787
0.01880 0.01693
0.01676 0.01937
0.01581 0.01684
0.01534 0.02129
0.03392 0.01853
0.01692 0.01654
0.01854 0.02367
0.01575 0.01870
0.01470 0.01865
0.01727 0.02599
0.02529 0.02472
0.01573 0.01506
0.01546 0.01925
0.02636 0.02329
0.01564 0.01650
0.01831 0.02161
0.01846 0.02401
0.01696 0.01772
0.01635 0.01928
0.01440 0.01469
0.01778 0.01886
0.01517 0.01896
0.01616 0.01353
0.01765 0.02582
0.01547 0.02054
0.02112 0.02475
0.01653 0.02165
0.01541 0.02181
0.01833 0.02756
0.01726 0.01721
0.03084 0.02100
0.01556 0.02495
0.01522 0.01858
0.01737 0.01973
0.01682 0.02371
0.02481 0.02112
0.01671 0.01796
0.02022 0.01734
0.01705 0.02122
0.01521 0.01839
0.01798 0.02197
0.01331 0.01597
0.01660 0.02346
0.01531 0.01762
0.01849 0.02177
0.01614 0.01965
0.01517 0.02354
0.02465 0.01706
0.01565 0.01757
0.01553 0.01866
0.01547 0.01967
0.01698 0.02578
0.01620 0.02351
0.01561 0.02022
0.01549 0.01868
0.01204 0.01534
0.01508 0.01948
0.01498 0.02472
0.01729 0.01239
0.01670 0.03157
0.01713 0.02092
0.01744 0.02133
0.01477 0.02052
0.01418 0.01747
0.01490 0.01929
0.01640 0.02112
0.01604 0.02005
0.01539 0.01541
0.01562 0.01652
0.01556 0.01649
0.01910 0.01521
0.01836 0.01629
0.01822 0.01820
0.01654 0.02007
0.01695 0.02259
0.01657 0.01664
0.01795 0.02095
0.02632 0.02039
0.01788 0.01908
0.01539 0.01872
0.01913 0.01609
0.01811 0.02037
0.01749 0.02076
0.01532 0.01909
