472 9812 11.33911 0.01522 0.70431 1.22333 35 2 1 35 25
9417 9580 11.73887 0.01360 0.42977 0.85684 96 1 0 94 74
471 853 11.73438 0.01541 0.58194 1.04305 29 0 0 27 16
173 4386 10.75450 0.01352 0.30401 1.21015 173 3 6 171 156
2608 2879 10.34603 0.00507 7.49191 0.92873 140 0 0 116 109
7398 7886 10.66289 0.01038 0.33691 0.55743 42 2 9 30 24
128 8932 11.75814 0.01427 0.73208 1.05536 62 0 0 57 50
861 5653 11.51009 0.00689 0.54624 0.68357 36 0 0 34 26
467 5526 10.98902 0.00864 0.50768 0.70997 24 0 1 24 17
5276 5640 10.24678 0.00458 0.31686 0.63056 41 6 10 39 34
9036 9578 10.73478 0.01693 0.36778 1.01143 132 5 4 132 111
4395 4781 10.26359 0.00659 0.45435 0.39762 191 3 7 189 165
10335 10462 10.03247 0.02840 9.83133 0.88911 69 0 0 63 59
467 5176 10.98905 0.00820 0.43664 0.73648 9 0 0 7 6
2621 3421 10.49943 0.00616 9.91364 4.85567 26 0 0 4 6
2622 3287 10.50040 0.00555 8.03989 2.32355 22 0 0 13 14
5210 5643 11.75281 0.00514 0.37048 0.54249 35 2 1 35 30
2903 7301 11.21096 0.01277 10.73305 6.54203 31 0 0 15 18
871 5394 11.75400 0.01364 0.23265 0.60393 34 2 5 34 28
2593 2678 11.01334 0.00400 13.53873 2.60173 42 0 0 18 16
1597 6457 11.11532 0.01370 0.43880 0.78335 72 1 9 72 53
4391 4684 11.01433 0.00882 0.53277 0.65132 67 4 3 65 57
165 4571 10.25909 0.01222 0.63566 0.40348 168 0 3 163 155
5119 5536 11.25046 0.00640 0.49736 0.38563 26 0 1 26 19
6430 6480 11.62721 0.00437 0.35704 0.32385 65 3 8 63 54
2623 3175 10.14935 0.00507 26.94370 0.28667 37 0 2 16 19
2616 3023 11.40075 0.00559 4.87432 2.18283 45 0 0 28 33
2611 2943 11.75371 0.00569 6.65566 2.75818 64 0 0 49 50
3600 7657 10.66031 0.00542 0.20626 0.34492 52 2 7 48 37
2169 6917 11.55061 0.03021 0.73429 0.30647 58 0 0 48 35
894 5685 10.37607 0.46267 0.58523 1.18531 14 0 0 14 6
3452 7324 10.46743 0.00854 11.11995 1.81445 16 0 0 11 8
1903 6683 11.91269 0.02960 0.76658 2.11118 31 0 0 20 18
868 5237 10.00870 0.01253 0.21906 0.93586 67 4 3 63 57
2622 3111 10.50040 0.00555 26.80135 0.31898 35 0 0 6 7
2963 7302 10.35164 0.01278 11.06644 4.71916 15 0 0 6 10
457 631 10.50817 0.00403 0.38602 0.55743 48 1 4 46 36
2624 3429 10.14860 0.00533 9.95164 1.95124 34 0 0 17 20
3339 3534 11.89772 0.00899 10.96699 0.51282 15 0 0 13 8
877 5629 10.28897 0.01583 0.48421 0.74599 52 1 0 46 39
456 795 11.00853 0.00572 0.40772 0.38765 37 1 3 29 22
3133 3530 10.10154 0.00994 16.78772 3.59401 15 0 0 7 7
4824 9539 10.24559 0.00723 0.46021 0.65012 164 11 30 158 129
455 689 11.76960 0.00598 0.68985 0.38155 25 0 1 25 18
2790 3512 10.84755 0.00766 2.68075 7.16292 22 0 1 16 16
118 4332 10.74991 0.01447 0.58915 0.81469 165 3 1 163 139
2609 2902 11.90940 0.00507 6.94817 0.25179 114 0 0 96 96
1701 6448 11.84707 0.00772 0.28900 0.70332 62 4 6 62 41
2592 2797 11.55707 0.00483 26.30862 0.26688 22 0 0 9 14
3629 7591 10.13326 0.47270 0.89462 1.71646 23 1 0 21 7
2789 3515 11.35806 0.00770 9.99469 0.46562 35 0 0 13 12
3702 8310 10.08429 0.11314 0.20570 0.87849 17 4 1 17 12
456 522 11.00952 0.00481 0.54127 0.28531 40 0 2 36 28
3007 7303 10.00207 0.01284 9.99194 1.04042 12 0 0 3 6
2622 3435 10.50040 0.00555 6.75080 0.82044 26 0 0 20 15
9001 9184 10.99228 0.01013 0.43035 0.69041 170 14 22 170 133
5050 9762 11.54718 0.04783 0.62356 0.31404 38 0 0 34 29
4276 8892 11.50177 0.00639 11.31961 0.31404 140 0 0 138 116
2299 7020 10.98244 0.07089 0.25636 0.75329 61 12 4 59 50
851 5644 11.00640 0.00616 0.18211 0.27976 38 3 8 36 27
9054 9579 10.99214 0.01385 0.39333 1.01066 170 5 2 167 120
3527 7334 10.33072 0.01258 0.40344 0.70109 12 1 0 8 7
4853 9359 11.76266 0.01426 0.24959 0.82234 115 5 4 112 89
1611 6472 11.35945 0.01497 0.35822 0.88735 105 11 14 103 89
3630 8094 10.84035 0.50281 1.07983 1.85076 19 0 0 17 3
186 4721 10.99973 0.01010 0.38685 1.79493 147 0 0 141 124
3631 8111 11.39162 0.53306 0.39517 1.76746 10 0 0 6 3
4820 9028 11.26952 0.00703 0.66077 0.38866 95 0 0 90 66
2188 6959 11.35103 0.16039 1.12299 3.21735 65 0 0 63 29
692 5111 11.28863 0.00535 0.98526 4.26517 12 0 0 7 6
5119 5383 11.25048 0.00606 0.40839 0.36477 23 1 2 21 12
1124 5901 11.51007 0.01466 6.82612 172.34640 18 0 0 6 8
3268 3530 10.10154 0.00994 15.23626 1.96483 22 0 0 19 20
3328 3533 11.35089 0.00962 11.00633 0.72739 16 0 0 16 11
2594 2728 10.85770 0.00365 25.88592 0.18767 24 0 0 21 15
165 4760 10.25909 0.01222 0.65163 0.41684 100 0 0 96 83
2617 3356 11.39920 0.00640 11.05088 12.97546 21 0 0 3 7
3363 3531 10.64505 0.01036 11.01685 0.58551 17 0 0 17 13
590 9826 10.52250 0.01159 0.62718 1.15487 42 0 0 40 22
4824 9365 10.00452 0.00552 0.48188 0.46140 178 10 30 174 147
9425 9580 11.73887 0.01360 0.41666 0.91086 118 1 5 114 93
2773 7297 10.00458 0.00907 9.81974 0.40926 22 0 0 22 19
2616 7313 11.35910 0.00582 13.37155 6.54071 24 0 0 12 13
450 5122 11.51102 0.00760 0.43087 0.35388 59 1 2 57 43
10334 10431 10.53211 0.02975 10.72492 3.99076 70 0 0 59 62
4260 8863 10.76318 0.00526 0.32831 0.34150 123 6 17 121 98
7398 7786 10.66289 0.01038 0.34157 0.59083 29 0 7 26 16
4997 9716 10.29714 0.01291 0.52254 0.74178 54 0 0 51 42
2006 6780 11.09054 0.01489 0.31242 0.22381 69 1 15 67 47
870 5660 10.75634 0.02053 0.35624 0.28531 34 4 1 32 30
9484 9579 10.99214 0.01385 0.39749 0.98437 137 11 5 131 103
1633 6375 10.56375 0.00699 0.49854 0.38461 57 0 1 55 40
3631 7995 11.39162 0.53306 0.82732 1.72692 10 0 0 7 5
3629 7480 10.13326 0.47270 0.76780 1.62823 20 0 1 12 6
2619 3027 11.04744 0.00711 4.08112 1.43258 57 0 0 50 47
976 5735 11.25070 0.00908 11.38142 3.05646 18 0 0 12 11
2713 7296 11.05562 0.00871 12.88581 1.16163 35 0 0 32 26
187 4436 11.98668 0.01263 0.25541 1.59102 80 3 1 70 63
5138 5638 11.48454 0.01111 0.39354 1.53799 16 1 0 16 10
5118 5568 11.74907 0.00718 0.56744 0.73860 21 0 2 21 13
190 9353 10.75013 0.00781 0.73787 0.84023 132 0 9 127 105
2623 3132 10.14935 0.00507 26.68504 0.28667 40 0 2 12 15
189 9344 11.74867 0.00898 0.98913 1.58190 73 1 1 67 51
3629 7460 10.13326 0.47270 0.72117 1.68028 24 0 0 19 8
5302 5641 10.74659 0.00486 1.12090 2.13442 47 3 4 31 21
883 5674 11.05002 0.21303 0.61348 1.22013 11 0 1 11 5
2661 3510 10.29797 0.00829 11.92888 1.71646 62 0 0 39 44
869 5393 10.50818 0.01323 0.17482 0.95368 62 7 4 60 44
3631 7855 11.39162 0.53306 0.91473 1.84164 10 0 1 7 4
2645 3509 11.35484 0.00789 12.67670 0.84116 21 0 0 9 8
9015 9571 10.95918 0.02728 0.54720 1.58881 185 5 0 181 138
2625 3058 10.14779 0.00580 3.98822 9.68523 63 0 0 48 54
8132 8247 11.40301 0.43728 0.89180 1.47777 20 1 0 17 12
766 9827 11.67985 0.01142 1.06151 2.03682 28 2 0 28 22
2614 3436 11.94936 0.00614 8.80210 0.32984 15 0 0 13 7
4853 9421 11.76266 0.01426 0.30532 0.95532 89 2 1 78 72
5685 9843 11.94565 0.55264 1.68292 1.76946 15 0 0 15 9
1421 6210 10.21098 0.01242 0.38204 0.50280 82 2 1 80 57
2616 3340 11.40075 0.00559 13.66734 0.61866 26 0 0 22 18
602 859 10.74014 0.00919 0.60405 0.34943 24 1 4 24 13
2262 7020 11.32004 0.13175 0.26644 0.42058 138 13 21 138 120
869 5500 10.50820 0.01351 0.25674 0.64891 69 2 5 67 53
1629 6375 10.56713 0.00526 0.38474 0.38461 67 1 1 67 53
9000 9169 11.74228 0.01094 0.49029 0.66852 149 9 37 147 119
5274 9830 10.42122 0.01208 0.64803 1.55444 84 10 6 71 59
4547 8969 10.01552 0.01110 0.87268 0.85318 286 0 0 284 261
186 4524 10.99973 0.01010 0.38903 2.04622 133 0 0 123 109
467 5339 10.98905 0.00820 0.42056 0.47724 24 1 0 24 17
3573 7345 10.85946 0.01122 0.33090 0.66910 19 2 1 14 7
4393 4617 10.26022 0.00778 0.63594 0.71436 219 1 1 214 181
4824 9471 10.00452 0.00552 0.54092 0.54751 197 4 21 197 167
2653 3516 11.90222 0.00796 9.40947 1.11838 47 0 0 29 30
465 5478 11.73588 0.00933 0.46422 0.61548 21 1 3 21 15
3687 8318 11.67846 0.12774 0.44903 0.37220 20 0 0 20 12
7398 8191 10.66289 0.01038 0.39507 0.53155 33 2 3 31 16
8006 8248 11.85529 0.46580 0.84093 2.66653 14 0 0 2 2
4599 8969 10.01552 0.01110 0.84685 0.90569 230 0 1 230 200
2596 2788 10.30982 0.00316 12.86679 4.04641 64 0 0 30 42
9519 9578 10.74205 0.01270 0.44861 0.74494 102 1 1 100 89
2309 7058 11.36218 0.18745 0.29761 0.86998 29 4 1 21 22
4255 8858 11.76245 0.00384 0.30134 0.36262 105 8 15 100 78
9002 9225 10.25126 0.01010 0.52670 0.73595 198 1 0 194 163
3630 7833 10.84035 0.50281 0.67290 1.67304 13 0 0 10 4
3629 7518 10.13326 0.47270 0.72991 1.62365 18 2 0 10 5
10335 10402 10.03035 0.02833 10.33195 5.60410 49 0 0 36 37
10332 10423 11.54721 0.03155 12.94246 16.43221 84 0 0 78 66
2614 3299 11.94936 0.00614 11.74471 1.82070 29 0 0 20 21
5659 9844 10.21681 0.01177 0.28122 0.70776 16 2 1 16 13
1310 6113 10.55476 0.00778 0.51961 0.44850 18 0 0 18 16
4852 9526 11.24935 0.01377 0.46408 1.05053 73 10 4 73 53
5645 9827 10.76793 0.01590 1.19518 0.87536 34 0 0 32 25
3600 8025 10.66031 0.00542 0.60738 0.58817 74 1 6 43 37
5296 5642 11.50407 0.00450 0.52017 1.22812 35 2 3 30 25
9002 9530 10.25126 0.01010 0.55535 0.95203 192 2 0 186 156
2615 3235 11.75153 0.00590 14.19122 1.15012 17 0 0 13 7
2724 3511 10.65191 0.00813 23.83899 0.47147 22 0 0 17 11
2944 3530 10.99819 0.01010 17.62774 0.85042 17 0 0 14 12
1098 5871 10.25913 0.02268 8.05112 1.01914 39 0 0 22 21
3629 7508 10.13326 0.47270 1.22318 1.63135 18 0 1 12 6
269 4914 10.50215 0.00218 0.66155 2.38409 87 3 6 61 65
7864 8246 10.95663 0.41146 0.77663 1.82306 26 1 3 24 10
2594 2837 10.85512 0.00362 26.22397 0.19383 27 0 0 13 16
2614 3337 11.94936 0.00614 11.37749 0.50668 27 0 0 17 18
7397 7643 10.85805 0.01038 0.40158 0.49258 34 0 3 32 17
9407 9580 11.73887 0.01360 0.43381 0.80891 103 1 3 103 79
1528 6331 11.32901 0.01105 14.97957 6.17768 30 0 0 14 11
5260 9818 11.53701 0.01207 0.81328 0.79525 32 1 0 28 20
3136 7324 10.46316 0.00917 15.37148 1.43286 13 0 0 7 5
3720 8345 10.30047 0.00770 0.25824 0.26244 19 4 1 15 10
3966 8565 10.79995 0.00959 0.39723 0.72308 34 2 4 34 24
7395 7789 11.91205 0.01091 0.31197 0.41022 21 0 3 19 6
467 5341 10.98905 0.00820 0.39614 0.52638 38 0 0 38 30
2624 3473 10.84936 0.00578 12.23666 3.69183 19 0 0 7 9
2743 7318 11.52442 0.01092 14.89627 0.99465 16 0 0 16 9
4821 9058 11.75490 0.00687 0.61955 0.40056 147 1 1 140 115
2624 3368 10.14860 0.00533 7.13643 1.00678 21 0 0 12 11
1800 6574 10.36030 nan 0.32661 0.43251 73 3 2 71 58
8002 8245 10.40541 0.38381 1.04339 1.81402 17 0 2 13 5
1696 6421 11.16946 0.00871 0.39616 0.71491 76 4 1 74 58
3558 7329 11.75382 0.00345 11.03238 0.10087 12 0 0 9 9
3242 7302 11.25182 0.01280 13.81349 0.72900 9 0 0 7 4
9214 9578 10.74205 0.01270 0.48789 1.02336 133 1 1 131 119
7 126 11.52326 0.02952 0.94766 1.25803 82 0 0 77 62
2601 2870 11.36221 0.00478 10.23971 0.24866 94 0 0 83 78
9000 9197 11.74228 0.01094 0.51441 0.64710 132 4 41 132 113
869 5427 10.50820 0.01351 0.22380 0.65968 83 8 5 81 69
5486 5641 10.74660 0.00471 0.27876 1.06017 65 12 5 65 51
2659 3509 10.10594 0.00837 11.16389 1.52906 37 0 0 11 18
2703 3516 11.55116 0.00778 9.37401 0.58950 48 0 0 45 33
2623 3333 10.14935 0.00507 28.67173 0.28667 30 0 1 9 10
2614 3409 11.94936 0.00614 1.97846 4.10971 19 0 0 13 8
2618 3012 11.04822 0.00697 3.69908 2.98610 45 0 0 39 36
3631 8011 11.39162 0.53306 0.83261 1.73776 12 0 0 12 6
4850 9029 10.49222 0.01688 0.60573 1.44780 161 25 5 153 131
465 5499 11.73588 0.00933 0.43943 0.51586 28 0 1 25 17
2625 3160 10.14779 0.00580 2.00310 3.30263 49 0 0 15 31
171 4805 10.49759 0.01268 0.90643 0.74860 144 0 0 141 131
7938 8248 11.85529 0.46580 0.62786 1.52290 17 0 0 14 4
9168 9579 10.99214 0.01385 0.45599 1.08534 114 3 1 112 85
2900 7302 10.00040 0.01261 11.79602 10.95583 24 0 0 3 7
