4649 7128 11.93529 0.01771 0.65887 0.57878 76 74 1 71 48 466 100.00000 0
4443 6873 11.02617 0.13158 0.69266 0.74336 70 58 7 70 33 430 100.00000 0
3752 6201 11.84601 0.01524 1.33043 0.86818 140 70 45 129 81 547 100.00000 0
3405 8189 10.93333 0.10502 0.50870 0.02798 85 67 11 67 50 364 100.00000 0
4033 6441 11.05593 0.01655 0.37931 0.36477 71 62 8 67 34 524 100.00000 0
3778 6226 11.41256 0.00648 0.29418 0.36797 132 78 52 125 64 468 100.00000 0
4234 6629 10.38452 0.95194 0.13025 2.08506 74 29 2 56 19 430 100.00000 0
341 6194 11.39597 0.01120 0.44450 0.82756 136 128 1 131 92 485 100.00000 0
4556 7022 11.67597 0.04317 0.59057 0.81565 52 41 7 37 30 336 100.00000 0
1030 6875 10.81849 0.03005 0.48305 1.80862 41 34 4 24 16 317 100.00000 0
1824 5095 11.64103 0.49415 0.76569 1.19091 47 28 5 38 16 251 100.00000 0
1293 7098 10.97255 0.13699 1.04498 1.35826 55 44 6 41 19 348 100.00000 0
3944 6376 10.55855 0.01206 0.26259 0.48939 93 71 19 76 55 471 100.00000 0
933 6775 10.03800 0.02212 0.32216 1.29573 72 65 6 58 47 345 100.00000 0
3226 5718 11.80412 0.00926 0.76710 0.50513 19 11 3 8 3 242 100.00000 0
5 3556 11.91419 0.08272 1.82873 5.03131 39 0 1 35 22 239 100.00000 0
1037 6884 11.48712 0.05677 1.79088 3.22659 45 43 1 31 19 263 100.00000 0
854 6658 10.16083 0.77211 0.86251 1.42574 43 33 3 32 30 245 100.00000 0
3211 5675 11.04988 0.02595 0.60568 1.80255 27 21 2 20 10 233 100.00000 0
4006 6416 10.55317 0.01427 0.33872 0.29871 80 74 6 78 58 342 100.00000 0
1327 7122 11.84251 0.19411 0.73059 1.57346 30 8 1 28 7 407 100.00000 0
3441 5888 10.38024 0.05419 0.51852 0.51738 59 48 8 51 37 338 100.00000 0
3266 5757 11.29562 0.01351 0.64820 0.72199 33 24 3 26 17 229 100.00000 0
3472 8296 11.49471 0.85820 0.87063 1.82306 60 41 8 54 22 291 100.00000 0
487 3918 11.58653 0.02687 0.24868 1.49095 223 204 16 202 161 728 100.00000 0
3322 5781 11.59386 0.11993 0.31234 0.38664 31 27 2 24 18 178 100.00000 0
5826 8140 11.38702 0.09844 0.60589 1.81337 8 2 1 4 2 75 100.00000 0
3157 5660 11.31970 0.01270 0.32793 0.49258 33 27 5 27 15 330 100.00000 0
445 3851 11.41232 0.02741 0.32635 0.98198 106 100 3 102 48 666 100.00000 0
348 3764 11.18328 0.01051 0.54430 0.58617 103 87 6 90 73 457 100.00000 0
573 3994 10.54113 0.01101 0.42429 0.46562 186 182 4 180 120 726 100.00000 0
3411 5862 11.81740 0.13350 0.58077 0.90655 34 17 8 29 15 223 100.00000 0
19 6003 11.16368 0.08689 1.42492 4.93983 48 3 13 46 25 273 100.00000 0
2937 5428 10.42640 0.10762 0.34736 1.38931 21 14 7 15 5 168 100.00000 0
1141 6949 11.29022 0.03130 0.39573 0.97879 42 35 4 33 21 368 100.00000 0
896 6739 11.57555 0.02756 0.30220 1.59029 71 70 1 71 40 316 100.00000 0
3560 8381 10.83840 0.01306 0.73243 0.76310 49 35 6 43 30 228 100.00000 0
239 3667 10.32744 0.02300 0.59677 0.24066 52 40 10 50 30 315 100.00000 0
526 6349 10.28858 0.01488 0.22602 0.66910 122 114 6 112 70 499 100.00000 0
3375 8160 10.99334 0.01145 0.51994 0.62807 22 15 4 13 13 199 100.00000 0
3314 5773 11.31026 0.07349 0.31761 1.21949 12 7 3 12 5 99 100.00000 0
559 3981 10.86277 0.03455 0.25832 1.98564 109 82 8 81 58 520 100.00000 0
1281 4628 10.24919 0.05233 0.40527 1.53468 42 27 5 36 20 335 100.00000 0
2822 5288 10.11718 0.99854 0.62539 2.15068 65 51 6 61 28 326 100.00000 0
1110 6954 11.90834 0.16183 0.53320 2.25603 60 49 2 53 31 425 100.00000 0
15 8354 10.42549 0.08890 1.43170 5.08970 65 4 9 54 42 319 100.00000 0
4519 6987 11.85878 0.01741 0.46403 0.30390 142 137 4 138 109 507 100.00000 0
776 4195 10.11140 0.04594 1.83623 2.59525 122 115 7 110 79 444 100.00000 0
3232 5723 11.55818 0.00925 0.35279 0.71217 20 14 0 8 8 467 100.00000 0
765 6594 11.82502 0.01343 0.45348 0.45800 90 75 13 82 49 412 100.00000 0
3513 5945 10.58476 0.26278 0.62333 1.15792 67 61 4 61 43 318 100.00000 0
4300 6721 11.58170 0.02701 0.46022 1.67538 36 33 2 30 14 245 100.00000 0
4424 6849 10.83068 0.02346 0.78462 1.33647 44 33 3 25 12 282 100.00000 0
1065 4462 11.83476 0.46310 1.64053 2.30223 147 132 15 136 88 595 100.00000 0
40 3554 10.16073 0.08193 1.78009 4.71601 77 1 0 73 46 338 100.00000 0
152 3611 10.02994 0.02145 0.57163 0.75950 48 42 5 42 25 339 100.00000 0
4555 6996 10.93425 0.01149 0.71424 0.62055 59 42 4 53 40 411 100.00000 0
3221 5712 10.05706 0.00902 0.46519 0.88160 19 10 0 10 8 226 100.00000 0
4223 6612 11.68749 0.55818 0.45157 1.98820 88 62 5 81 52 488 100.00000 0
52 6004 11.91533 0.08659 1.42913 4.86711 55 6 7 49 35 281 100.00000 0
4050 6483 11.87272 0.02902 0.53200 0.90005 77 71 5 68 46 436 100.00000 0
1574 4917 11.39291 0.44359 0.91966 1.06238 31 18 10 20 8 175 100.00000 0
76 6006 11.60326 0.05192 0.63257 2.65918 60 28 14 52 38 290 100.00000 0
5748 8053 11.41390 0.06130 0.53995 3.50375 27 18 5 23 8 335 100.00000 0
5811 8149 10.59780 0.10994 0.53605 0.35608 20 12 4 12 7 153 100.00000 0
19 8354 10.42549 0.08890 1.35589 5.09347 51 3 6 51 38 252 100.00000 0
697 4085 10.47655 0.03896 1.05488 1.99626 86 81 3 65 23 508 100.00000 0
658 6469 11.31732 0.02886 0.41214 1.16298 54 38 12 48 28 368 100.00000 0
265 3714 10.63420 0.00750 0.57400 0.24708 96 88 4 90 62 441 100.00000 0
12 8322 11.21823 0.08738 1.30394 4.80359 57 12 3 41 31 310 100.00000 0
1354 7152 11.74554 0.25290 1.76763 4.80644 153 42 0 122 57 772 100.00000 0
982 4354 10.08860 0.02051 0.73802 1.15555 64 51 2 50 29 392 100.00000 0
588 6407 11.08082 0.01992 0.53137 0.91856 136 113 7 127 71 580 100.00000 0
4449 6918 10.30606 0.50423 0.96016 0.96307 129 124 5 123 94 607 100.00000 0
4413 6834 11.83096 0.03588 0.50478 2.16609 65 54 5 56 31 348 100.00000 0
435 3869 11.33370 0.02385 0.29957 0.45456 135 126 9 133 102 631 100.00000 0
1462 4785 10.81402 0.13086 0.52412 0.61992 227 191 27 213 93 1183 100.00000 0
940 6784 10.78474 0.01877 1.32146 1.10853 63 57 6 56 21 335 100.00000 0
1288 4634 10.10573 0.04631 0.41583 0.69774 68 63 4 62 26 433 100.00000 0
3382 8192 10.37690 0.07589 0.27167 0.30132 46 45 1 38 30 244 100.00000 0
388 3800 11.93879 0.01249 0.37710 0.80162 133 131 1 115 94 496 100.00000 0
232 6100 10.33315 0.02395 0.41076 0.56648 54 50 3 50 37 346 100.00000 0
1623 4923 10.71171 0.25053 0.85360 1.09718 45 24 15 35 17 375 100.00000 0
31 6002 10.15824 0.08518 1.46444 4.83934 97 13 6 91 55 401 100.00000 0
126 8406 10.34363 0.00614 0.74076 0.18345 71 55 9 64 51 325 100.00000 0
183 8449 10.06505 0.01437 0.16381 0.83556 79 70 9 70 49 420 100.00000 0
184 3641 11.34454 0.02533 0.43610 1.43231 41 35 0 25 19 218 100.00000 0
5873 8193 10.06865 0.10818 0.29832 0.40926 32 30 2 32 20 227 100.00000 0
3490 8256 10.33907 0.79211 0.63278 0.98834 78 57 6 64 42 378 100.00000 0
5681 7959 10.04026 1.55400 0.29389 2.47180 28 16 9 20 7 248 100.00000 0
6014 8389 10.08883 0.01310 0.21287 0.69886 68 56 9 56 46 304 100.00000 0
126 3566 10.05762 0.01112 0.32840 0.63980 93 86 4 79 57 279 100.00000 0
5996 8328 11.54457 0.00744 0.48756 0.36045 92 87 4 81 71 330 100.00000 0
3217 5709 10.30701 0.00868 0.10029 0.48133 13 10 1 10 4 135 100.00000 0
6076 8526 10.06636 0.02268 0.23818 0.72470 46 42 2 40 27 162 100.00000 0
1650 4977 10.03832 0.01948 0.75297 1.54434 41 33 5 33 22 242 100.00000 0
3246 5734 10.05621 0.01453 0.75315 0.77682 32 23 5 29 19 411 100.00000 0
4090 6495 11.19621 0.02463 0.23684 0.88691 65 58 7 57 38 425 100.00000 0
3568 8355 11.78559 0.00563 0.30484 0.12195 55 51 3 42 34 350 100.00000 0
913 4293 10.06906 0.02383 0.45324 1.32972 58 53 2 40 30 259 100.00000 0
1153 6989 10.13440 0.00970 0.38435 0.48133 168 162 3 168 136 545 100.00000 0
373 6221 11.64406 0.00891 0.38743 0.56232 138 126 8 128 101 515 100.00000 0
3404 8188 11.05766 0.10109 0.44569 0.22381 86 72 9 79 45 390 100.00000 0
485 6314 10.04627 0.02404 0.40551 0.62055 314 308 5 301 251 928 100.00000 0
3243 8055 11.06274 0.01484 0.53376 0.82803 33 22 5 27 12 495 100.00000 0
187 6085 10.80929 0.02337 0.24311 0.97116 54 46 3 26 31 204 100.00000 0
1025 4422 10.31478 0.02083 0.29719 0.95121 49 48 0 33 18 281 100.00000 0
3396 8208 10.93773 0.12645 0.24364 0.94791 34 30 4 28 14 192 100.00000 0
6107 8595 11.39122 0.03060 0.91566 0.64102 51 37 10 47 25 281 100.00000 0
3843 6284 11.17433 0.02301 1.20087 0.93545 84 55 25 71 26 592 100.00000 0
4457 6890 10.49150 0.41907 1.36187 2.94051 108 98 9 100 60 528 100.00000 0
359 3800 10.63139 0.01759 0.06984 1.04380 219 209 8 207 172 587 100.00000 0
1543 4854 11.95271 0.16610 0.85693 1.50974 81 78 3 74 52 348 100.00000 0
5796 8133 10.43753 0.14704 0.37855 0.68013 33 31 1 28 18 207 100.00000 0
3686 8576 10.83173 0.01491 0.41396 0.48133 54 48 5 44 17 294 100.00000 0
2828 5329 11.49547 0.72360 0.84008 2.70545 26 13 0 20 16 123 100.00000 0
33 95 10.63715 0.07637 1.42781 4.35442 68 12 6 60 40 312 100.00000 0
1276 7108 10.84387 0.05532 0.26646 0.49732 52 39 6 40 28 445 100.00000 0
1553 4891 10.45509 0.24500 0.21904 0.62807 99 90 7 96 70 386 100.00000 0
832 6624 11.04188 0.83572 0.39588 1.58585 58 37 0 44 24 383 100.00000 0
5695 8031 11.79649 0.01054 0.57726 0.71764 15 13 1 15 10 96 100.00000 0
41 3555 11.17761 0.08304 1.41163 4.79044 44 5 6 38 27 274 100.00000 0
1006 4374 11.13627 0.04693 0.56079 2.68701 37 29 4 30 19 265 100.00000 0
4551 7017 11.68665 0.03921 0.38001 0.77531 40 36 3 34 26 278 100.00000 0
3284 5741 11.28120 0.01391 0.83647 0.85409 49 36 5 46 27 270 100.00000 0
5672 7996 10.28090 0.14077 1.27588 2.15813 37 26 5 24 9 273 100.00000 0
5916 8282 10.87892 0.81725 0.47267 1.13090 90 62 13 77 39 344 100.00000 0
4098 6503 10.78399 0.04512 1.06067 2.43108 89 81 8 69 29 653 100.00000 0
854 4225 11.73332 1.04119 0.61693 2.66403 60 37 4 46 37 263 100.00000 0
731 4116 11.05272 0.01700 0.30357 0.52563 106 102 3 96 71 529 100.00000 0
3536 8317 10.27139 0.02715 0.26898 0.52039 59 56 2 47 37 270 100.00000 0
3498 5924 11.98702 0.97594 0.54969 1.20399 70 53 12 56 26 362 100.00000 0
6053 8466 10.56577 0.02281 0.46690 0.70665 101 93 5 89 77 440 100.00000 0
5766 8071 11.97288 0.04725 1.64095 2.72462 37 22 8 23 6 282 100.00000 0
4441 6910 10.14122 0.47717 1.32240 2.11933 135 130 0 122 65 570 100.00000 0
418 3828 10.29530 0.05376 0.45182 3.03809 224 212 6 215 139 706 100.00000 0
29 3527 10.69874 0.08715 1.33928 4.98680 82 19 6 65 50 321 100.00000 0
4053 6485 11.17804 0.03804 0.43915 1.88741 64 48 13 58 42 379 100.00000 0
4142 6566 10.16146 0.08733 0.36421 0.53229 61 58 2 51 35 476 100.00000 0
3216 7981 11.85666 0.74872 0.90805 1.41693 21 7 0 16 8 165 100.00000 0
3113 5617 10.05663 0.01209 0.26238 0.41496 55 43 10 44 32 272 100.00000 0
783 6618 11.04949 0.22715 0.51134 0.59215 135 125 10 133 107 458 100.00000 0
3663 6090 11.56746 0.02210 0.31143 0.26541 62 58 2 48 39 282 100.00000 0
3293 5752 10.61418 0.03534 0.39601 2.08994 49 46 1 38 17 305 100.00000 0
523 3924 10.79563 0.02087 0.35108 0.24066 160 147 7 131 104 525 100.00000 0
1692 5012 10.28561 0.00741 1.23788 0.75277 15 5 3 5 4 150 100.00000 0
343 6219 10.09782 0.00714 0.49931 0.18131 171 169 1 161 133 529 100.00000 0
599 3996 10.03216 0.02180 0.50826 0.43790 96 94 2 89 62 418 100.00000 0
5675 8001 10.09544 0.06131 0.59080 2.19125 32 23 5 22 17 208 100.00000 0
551 6396 11.65850 0.06585 1.45117 3.76951 65 48 13 46 17 419 100.00000 0
1227 7056 10.03183 0.05889 0.38930 0.16313 141 125 12 132 94 605 100.00000 0
4111 6539 10.20334 0.06865 0.54658 0.34943 97 92 4 89 71 530 100.00000 0
1254 4604 10.85307 0.04707 0.16199 0.82044 170 168 2 170 123 674 100.00000 0
4497 6965 10.74697 0.02188 0.57622 1.23986 58 51 6 54 33 432 100.00000 0
3 8354 10.42549 0.08890 1.29803 5.08130 54 8 13 50 40 286 100.00000 0
4226 6617 10.93077 0.65447 0.56873 1.51284 88 54 4 78 38 459 100.00000 0
569 3991 11.36056 0.02684 0.43486 1.46554 105 92 7 89 58 462 100.00000 0
143 6027 10.32329 0.01450 0.19309 0.83463 77 71 3 65 47 401 100.00000 0
179 3609 11.79688 0.01474 0.62204 0.81181 64 48 2 49 30 324 100.00000 0
1554 4864 11.48628 0.21263 0.23935 1.13470 111 100 9 109 70 436 100.00000 0
89 8333 11.01928 0.02395 0.56168 0.90482 39 34 3 28 18 291 100.00000 0
22 8355 10.68106 0.09103 1.44006 5.19396 48 6 0 39 30 302 100.00000 0
981 6788 11.51908 0.02512 1.24372 1.40945 65 24 24 47 31 358 100.00000 0
4014 6422 11.51188 0.03176 0.58955 1.38084 81 76 5 72 42 409 100.00000 0
52 3555 11.17761 0.08304 1.37402 4.78176 45 3 6 34 21 254 100.00000 0
3588 8387 10.27868 0.00328 0.35651 0.22555 71 61 10 68 45 295 100.00000 0
3232 8008 10.80129 0.00840 0.52495 0.28255 21 13 3 15 10 176 100.00000 0
583 3981 10.27124 0.01730 0.20424 0.87536 128 126 1 126 92 606 100.00000 0
4435 6905 11.38197 0.38724 1.10599 2.59042 92 80 8 79 42 440 100.00000 0
4399 6857 10.26603 0.03781 0.83005 2.16573 72 63 8 53 30 413 100.00000 0
5891 8208 11.12651 0.12271 0.62848 1.91540 35 30 3 31 16 209 100.00000 0
1623 4956 10.78291 0.02586 0.43776 1.02717 53 45 6 41 31 331 100.00000 0
3339 5822 10.38137 0.11192 0.33787 0.37534 30 25 3 21 16 150 100.00000 0
34 95 10.63715 0.07637 1.46491 4.43385 72 20 10 69 46 328 100.00000 0
3320 8103 10.59609 0.10287 0.18179 0.31652 33 26 7 29 15 185 100.00000 0
4278 6695 11.81124 0.00851 0.43264 0.74441 32 29 1 26 15 128 100.00000 0
1845 5125 11.28235 1.16774 0.87598 1.08679 23 7 1 19 10 140 100.00000 0
1213 7045 11.83461 0.06877 0.46637 0.35166 97 87 6 82 66 510 100.00000 0
5724 8030 10.80381 0.01483 0.28739 0.65012 18 13 2 5 7 301 100.00000 0
602 4022 10.02787 0.02106 0.35656 0.97799 62 57 4 60 36 413 100.00000 0
5673 8001 11.60502 0.06474 0.70039 2.49450 18 11 3 9 5 157 100.00000 0
4044 6477 11.89692 0.04528 0.19532 2.08975 80 58 18 76 51 362 100.00000 0
608 6450 11.59272 0.01759 0.07968 0.35608 91 84 6 82 47 565 100.00000 0
4198 6641 10.61259 0.56086 0.90712 1.23543 97 72 15 92 45 566 100.00000 0
3299 5788 11.83617 0.10469 0.49452 1.02450 11 8 1 8 3 99 100.00000 0
3229 5689 11.96084 0.05460 0.77110 3.30227 17 9 2 4 2 125 100.00000 0
33 3554 10.16073 0.08193 1.61820 4.70120 73 5 1 65 43 358 100.00000 0
807 4190 11.48508 0.15506 0.32965 1.30026 106 101 4 100 64 490 100.00000 0
3493 8309 11.86674 0.32454 0.68269 1.67234 47 43 1 43 22 265 100.00000 0
152 6033 11.33923 0.01341 0.66984 0.80939 69 53 10 69 40 348 100.00000 0
4670 7154 11.58319 0.21279 1.24593 3.27237 43 26 0 35 16 404 100.00000 0
3523 5955 11.03610 0.06987 0.59055 0.60133 73 58 4 69 52 296 100.00000 0
1206 4583 10.65921 0.05138 0.36160 0.72632 72 64 7 70 32 548 100.00000 0
3509 8280 11.67359 0.57119 1.01219 1.51414 55 43 1 41 35 241 100.00000 0
888 6732 11.29920 0.02043 0.69105 1.09718 40 40 0 38 22 250 100.00000 0
242 3670 10.09476 0.01918 0.30141 0.55249 59 52 7 54 29 351 100.00000 0
