2875 6465 11.37997 3.13401 0.95840 1.70364 85 0 0 83 46 604 100.00000 0
2281 4641 10.33926 2.17209 0.47264 0.45370 32 1 1 26 22 246 100.00000 0
727 2364 11.59337 0.01602 0.39249 1.14021 23 4 1 20 16 247 100.00000 0
664 2303 10.00971 0.01206 0.22520 0.61676 21 1 4 21 16 239 100.00000 0
1535 5211 10.40192 0.02752 0.46871 1.19616 64 1 6 62 31 820 100.00000 0
4453 6880 11.50391 0.01357 0.38558 0.29608 51 3 11 51 40 770 100.00000 0
363 7274 10.14497 2.99480 1.17051 0.63796 235 0 0 229 178 848 100.00000 0
5274 5634 10.73340 0.01224 0.40259 0.85455 140 9 16 134 88 1481 100.00000 0
2235 7066 11.45802 3.01571 1.08106 1.45589 66 0 0 62 36 364 100.00000 0
3406 5838 10.95734 3.13293 1.18858 1.84991 87 0 0 79 48 779 100.00000 0
1167 6557 11.46000 2.50050 0.77604 0.45284 19 0 0 14 14 239 100.00000 0
5165 5374 10.50349 0.00224 0.45078 0.10835 168 6 6 166 124 1143 100.00000 0
179 7384 11.50242 3.05583 0.78927 0.70942 65 0 0 63 37 445 100.00000 0
3268 5988 10.64540 2.47694 1.06705 1.11417 116 0 0 102 48 628 100.00000 0
5394 5637 11.98348 0.01338 0.29425 1.02182 104 14 11 100 77 1129 100.00000 0
1155 4078 10.09015 2.79338 1.02300 1.24866 11 0 0 5 4 178 100.00000 0
436 7203 10.11910 3.05139 1.23161 1.55217 56 0 0 48 23 1005 100.00000 0
5161 5355 11.49891 0.00378 0.53518 0.58551 80 0 4 80 47 943 100.00000 0
875 4355 11.16602 3.04880 1.01962 1.84801 35 0 0 31 23 401 100.00000 0
2269 4611 10.62775 2.69751 0.47953 0.45111 27 0 0 19 6 273 100.00000 0
1016 2660 11.94728 0.06784 0.86728 2.78727 22 0 0 5 8 377 100.00000 0
5313 5636 11.48350 0.01362 0.31950 1.01414 113 9 15 113 79 1135 100.00000 0
3644 5397 11.73552 3.13387 0.53363 0.70165 60 0 2 56 28 758 100.00000 0
5279 5633 10.23636 0.01103 0.27420 0.70221 147 17 21 145 118 1449 100.00000 0
577 7082 10.86016 2.94655 1.15658 1.54788 84 0 0 84 58 403 100.00000 0
5213 5614 10.25740 0.01801 0.14821 0.31898 96 8 23 96 52 1180 100.00000 0
1469 3746 10.79166 3.10909 1.50496 2.55436 41 0 0 37 15 469 100.00000 0
2614 4261 10.95837 3.10482 0.43512 2.26261 41 0 1 33 29 563 100.00000 0
654 7004 11.82911 3.08382 1.71538 1.79624 21 0 0 18 15 247 100.00000 0
277 7330 10.12963 2.89185 1.05927 0.85455 182 0 0 178 139 729 100.00000 0
175 7422 11.63325 3.04663 0.61424 1.22461 102 0 0 99 76 475 100.00000 0
2478 6856 10.93461 2.80736 0.22323 2.65903 80 8 1 76 54 379 100.00000 0
5161 5375 11.49891 0.00378 0.51709 0.20558 84 0 8 76 55 967 100.00000 0
1359 4972 11.03299 0.40695 0.57356 1.61350 75 5 2 68 43 484 100.00000 0
3173 6115 11.23794 3.13941 1.21426 1.08318 51 0 0 49 23 533 100.00000 0
3649 5644 10.94752 3.12930 0.72456 0.95940 86 0 0 86 65 554 100.00000 0
1562 3640 11.54237 3.12696 0.61410 1.11241 63 0 1 61 28 653 100.00000 0
1355 4964 10.37109 0.67761 0.79867 1.71372 94 6 6 89 61 448 100.00000 0
1065 2686 10.49684 0.03866 0.49296 0.39267 154 2 2 154 141 608 100.00000 0
4350 6789 10.15264 0.00183 0.38042 1.42464 63 5 7 54 42 861 100.00000 0
3078 6253 11.54726 3.02575 0.40178 1.72420 49 2 2 47 42 325 100.00000 0
5163 5338 11.00212 0.00293 0.40518 0.24066 124 5 6 124 86 938 100.00000 0
4626 7042 11.27092 0.67087 1.31787 0.66323 40 0 0 40 28 311 100.00000 0
327 1998 10.65641 0.27014 0.32207 0.93461 142 11 14 140 122 649 100.00000 0
2565 4307 11.82333 3.13335 0.88314 1.69189 21 0 0 21 10 431 100.00000 0
5160 5492 11.75078 0.00316 0.60633 0.21670 96 0 7 94 67 991 100.00000 0
707 6957 10.49859 3.11814 1.49840 2.93478 27 0 0 27 14 212 100.00000 0
828 2448 10.77234 0.37731 0.32900 1.67911 26 0 1 26 16 407 100.00000 0
613 2280 10.82996 0.22710 0.36804 0.31404 21 0 4 15 9 275 100.00000 0
1496 5080 10.14222 0.03047 0.43227 1.10677 85 5 10 83 61 659 100.00000 0
1592 5638 10.37175 0.21470 0.23218 1.17636 120 1 12 120 94 704 100.00000 0
3685 5117 11.23999 3.14045 0.99163 1.04867 50 0 0 43 22 686 100.00000 0
626 4597 10.96606 2.95835 0.68599 1.43695 35 1 0 28 16 262 100.00000 0
1569 3636 10.36959 3.09449 0.85227 1.37116 97 0 0 94 51 706 100.00000 0
5165 5441 10.50349 0.00224 0.43989 0.06853 145 5 6 143 98 1003 100.00000 0
3672 5140 10.39466 3.13710 0.56063 0.57811 81 0 4 76 31 813 100.00000 0
2310 7002 10.28864 3.09134 1.55174 2.00154 24 0 0 20 12 260 100.00000 0
2332 4561 11.96810 3.10516 0.79770 1.46527 30 0 2 23 14 260 100.00000 0
2983 6354 10.04617 3.12760 0.89054 2.10096 18 0 0 14 8 320 100.00000 0
2503 6793 10.42455 2.92093 0.89143 0.81517 44 0 0 40 28 347 100.00000 0
2458 6843 10.46713 2.51513 0.60544 1.41610 149 0 4 145 80 734 100.00000 0
681 6981 10.55501 3.13425 1.81357 2.87344 47 0 0 40 27 320 100.00000 0
698 6966 10.12844 3.12585 1.69075 3.26243 60 0 0 56 34 353 100.00000 0
739 6925 11.42306 3.13506 1.33816 1.17902 144 0 2 127 86 664 100.00000 0
845 6846 11.13680 2.78264 0.12445 1.83355 21 2 3 19 15 253 100.00000 0
2390 6944 11.93398 3.11034 1.06898 2.92650 15 0 1 15 13 249 100.00000 0
5167 5547 10.00159 0.00338 0.44752 0.11869 134 3 14 127 103 1060 100.00000 0
1372 3811 11.57124 3.12064 0.99839 1.85625 81 0 0 77 46 523 100.00000 0
5161 5503 11.49891 0.00378 0.46736 0.24066 117 3 14 115 88 1048 100.00000 0
5165 5502 10.50349 0.00224 0.52639 0.26244 137 5 8 130 79 1123 100.00000 0
5164 5334 10.75340 0.00234 0.43711 0.13988 137 1 9 135 102 1140 100.00000 0
1061 4182 10.16415 3.12441 0.93459 1.57719 31 0 0 31 17 478 100.00000 0
4244 6709 11.17632 0.03305 0.37362 1.00949 37 2 4 31 22 555 100.00000 0
3681 5179 11.47913 3.12039 0.18118 0.93041 66 1 5 59 40 705 100.00000 0
1318 3879 11.69506 3.13017 1.17568 3.00270 15 1 0 10 6 241 100.00000 0
1541 5570 11.59120 0.01806 0.62865 0.81084 94 0 2 94 69 783 100.00000 0
846 6803 11.65775 2.56849 0.65269 1.13160 46 0 0 44 26 355 100.00000 0
1369 3814 11.36005 3.12021 0.90888 1.83718 165 0 0 163 118 577 100.00000 0
923 4286 11.26177 3.13746 1.06742 1.64687 103 0 0 97 55 709 100.00000 0
1165 4058 10.13499 2.78017 0.25235 2.06961 34 0 0 34 25 263 100.00000 0
4112 6593 10.94380 0.01593 0.30053 0.87357 43 3 5 43 35 510 100.00000 0
296 7323 11.00445 2.94064 0.96082 0.82803 172 0 0 172 126 682 100.00000 0
1570 5283 10.92418 0.01846 0.23738 1.30206 121 17 13 119 74 1030 100.00000 0
5487 5635 11.23314 0.01343 0.44267 0.80406 103 7 7 98 78 1079 100.00000 0
3262 6003 10.28770 2.66573 0.86766 1.94239 66 1 0 55 26 416 100.00000 0
933 2562 10.73045 0.00316 0.18581 0.18557 64 8 9 61 45 687 100.00000 0
2281 7035 11.02438 3.11616 1.58398 1.54002 29 0 0 23 10 299 100.00000 0
871 6812 10.75492 nan 0.91419 1.10924 43 0 0 36 24 382 100.00000 0
5161 5279 11.50095 0.00365 0.56563 0.21306 115 1 2 113 84 992 100.00000 0
515 7145 10.08485 3.08925 1.28684 0.74336 81 0 0 73 53 488 100.00000 0
2189 7131 11.45305 3.00589 0.83192 0.85684 30 0 0 27 13 529 100.00000 0
3647 5432 10.10077 3.14056 0.60654 0.78285 110 2 6 106 48 873 100.00000 0
5349 5635 11.23314 0.01343 0.37141 0.99858 102 10 5 98 68 1205 100.00000 0
3116 6165 10.79080 3.13014 0.86983 2.11063 73 0 0 71 29 867 100.00000 0
3254 6055 10.87374 3.01573 0.48487 1.10003 76 0 3 74 32 628 100.00000 0
2286 7035 11.56521 3.04072 1.59628 2.05195 39 0 0 37 19 218 100.00000 0
1201 4011 11.60302 3.07664 0.66769 1.65635 18 1 1 12 10 337 100.00000 0
277 7338 10.24224 2.97523 0.81889 1.37316 89 0 0 89 81 354 100.00000 0
624 2263 10.84767 0.20257 0.30553 0.67897 47 6 1 47 32 278 100.00000 0
5225 5622 11.25670 0.01582 0.46017 0.64407 109 6 16 105 73 1147 100.00000 0
5335 5634 10.73539 0.01218 0.40216 1.12047 147 9 10 138 110 1382 100.00000 0
1542 5432 10.86400 0.01730 0.50433 0.78534 125 3 5 125 91 951 100.00000 0
2261 4627 10.36025 2.27821 0.72452 1.18894 42 1 1 42 14 443 100.00000 0
2030 7265 11.71943 2.83812 1.29256 0.70109 73 0 0 65 49 485 100.00000 0
1577 3645 10.46301 3.12169 0.71104 1.29483 77 0 0 77 39 536 100.00000 0
3068 6210 11.67118 2.76213 0.89438 0.67609 51 0 0 43 32 433 100.00000 0
2588 6742 11.68465 nan 0.89437 1.75992 128 0 0 122 48 856 100.00000 0
1520 3687 11.01113 3.12501 0.97363 1.17170 56 0 0 56 25 524 100.00000 0
176 7390 11.24530 3.05866 0.61702 1.15724 60 1 3 57 31 503 100.00000 0
2429 6879 10.10836 3.12889 1.05854 1.01104 88 0 0 88 47 662 100.00000 0
3336 5932 10.23117 3.12556 0.85026 0.69605 111 0 0 109 45 999 100.00000 0
2468 4420 10.13656 2.84177 0.47029 2.41281 81 0 4 77 32 452 100.00000 0
1177 2781 11.57526 0.78966 0.57670 1.01568 41 2 3 39 29 338 100.00000 0
4382 6812 11.11117 0.35581 0.31173 1.93209 78 4 8 71 59 579 100.00000 0
2440 4423 10.11896 3.13168 0.67282 2.09891 116 0 0 116 65 804 100.00000 0
154 7442 11.36918 3.05384 0.45867 0.78285 139 0 1 130 88 1142 100.00000 0
3733 5062 11.64765 3.13182 1.30420 2.48806 79 0 0 67 26 628 100.00000 0
377 2052 11.81512 0.10181 0.39576 0.77733 141 12 26 137 122 661 100.00000 0
5168 5457 10.00092 0.00372 0.34930 0.22728 117 12 10 111 86 1119 100.00000 0
1547 5145 10.99439 0.01997 0.39630 1.22269 85 6 5 81 41 880 100.00000 0
5160 5438 11.75078 0.00316 0.63774 0.16786 99 2 0 96 76 953 100.00000 0
1570 5556 10.92639 0.01845 0.33854 1.37601 125 10 6 121 78 1052 100.00000 0
807 4441 10.85764 3.10993 0.75818 2.13515 56 0 3 47 33 489 100.00000 0
4495 6925 10.73172 0.01363 0.30271 0.79623 96 5 7 93 71 555 100.00000 0
4072 6552 10.84779 0.03320 0.43735 0.95203 28 0 1 25 21 242 100.00000 0
2526 4317 11.76100 3.09606 1.20582 2.06715 38 0 0 34 13 484 100.00000 0
484 7154 10.22289 3.04096 1.11887 0.78584 64 0 0 60 27 348 100.00000 0
4429 6888 10.98967 0.01919 0.36632 0.39958 71 1 6 65 42 742 100.00000 0
1320 3854 11.81582 3.13287 0.70507 1.49724 28 0 0 28 18 317 100.00000 0
5167 5422 10.00159 0.00338 0.47646 0.28531 116 1 7 106 81 1228 100.00000 0
4020 6548 10.53490 0.98884 0.75663 0.43701 56 0 2 54 38 372 100.00000 0
179 7391 10.43252 3.05738 0.52661 1.10429 134 2 4 132 86 522 100.00000 0
314 1981 10.63075 0.66213 0.40727 1.07265 126 1 8 118 102 542 100.00000 0
1290 3877 10.39017 3.11550 0.95724 3.39857 88 0 0 77 40 390 100.00000 0
851 2465 11.93710 0.98657 0.38908 1.46447 39 1 3 31 31 348 100.00000 0
2313 6999 10.12550 3.09290 1.67277 1.86928 27 0 0 22 12 296 100.00000 0
3459 5813 11.88302 3.13669 1.14269 1.92315 22 0 0 19 13 398 100.00000 0
3821 4987 10.80227 3.04822 0.79515 1.70915 181 1 3 179 131 620 100.00000 0
2766 4041 11.34717 2.49206 0.85430 0.56924 29 2 0 27 14 282 100.00000 0
3644 5390 11.73552 3.13387 0.44883 0.74336 72 1 6 68 36 707 100.00000 0
405 2053 10.89948 0.11932 0.38520 0.76770 62 5 7 58 34 693 100.00000 0
1257 3929 11.03190 3.13562 0.83153 2.49497 47 0 0 45 29 386 100.00000 0
169 7423 10.83834 3.03987 0.27836 1.46286 98 3 2 91 69 602 100.00000 0
1541 5450 11.59120 0.01806 0.61814 0.79917 109 1 7 109 77 833 100.00000 0
819 4396 11.04415 2.62896 0.59444 2.38721 153 2 4 153 79 735 100.00000 0
2494 4344 11.26386 2.70291 0.89978 0.88293 33 0 0 33 20 322 100.00000 0
1543 5465 10.15180 0.01764 0.48028 0.71546 98 0 9 98 76 882 100.00000 0
162 7418 11.19908 3.04783 0.38772 0.56023 103 0 3 101 74 813 100.00000 0
1417 3770 11.81272 3.11757 1.23763 1.28329 140 0 0 128 93 750 100.00000 0
1428 3761 11.80295 3.09333 1.73696 1.84991 73 0 0 67 36 643 100.00000 0
662 4554 11.93667 3.10649 0.85673 1.68841 19 0 1 12 8 306 100.00000 0
5320 5637 11.98348 0.01338 0.31042 0.82091 99 8 11 90 63 1271 100.00000 0
2304 7020 10.21625 2.98296 1.41083 2.01635 38 0 0 31 12 316 100.00000 0
272 7343 11.49717 3.01550 0.77019 1.18234 45 0 0 40 31 330 100.00000 0
2402 4467 10.17869 3.07819 1.34299 1.58684 107 0 0 99 51 683 100.00000 0
332 7302 10.35823 3.04623 1.09075 1.11382 110 0 0 108 59 420 100.00000 0
2834 6487 10.21468 3.07224 1.37603 1.84334 36 0 0 36 19 432 100.00000 0
2972 6346 10.35081 3.14090 0.96696 1.82585 19 0 0 15 11 351 100.00000 0
5166 5509 10.25254 0.00276 0.51121 0.20558 102 3 6 94 69 1070 100.00000 0
5546 5637 11.98348 0.01338 0.32553 0.94874 120 12 7 114 85 1229 100.00000 0
1145 4091 10.21901 3.07100 0.74594 1.76458 14 0 1 14 8 300 100.00000 0
1585 5629 10.57755 0.10222 0.46063 0.97076 70 0 8 63 30 722 100.00000 0
172 7425 11.46992 3.03980 0.43674 1.40109 34 1 0 34 22 437 100.00000 0
1397 3789 10.42634 3.13298 1.07250 2.23160 110 0 0 107 58 627 100.00000 0
3774 5017 11.82818 3.13854 0.79280 1.62486 148 0 0 142 88 701 100.00000 0
5168 5565 10.00092 0.00372 0.29407 0.14804 115 8 15 108 87 1084 100.00000 0
5161 5288 11.49891 0.00378 0.46290 0.20367 104 0 6 104 75 1022 100.00000 0
3661 5161 11.26315 3.13255 0.82197 0.93251 57 1 3 44 25 617 100.00000 0
892 4335 10.53773 3.08573 1.07580 1.68888 74 0 0 63 38 506 100.00000 0
3276 6028 11.28733 2.55606 0.64978 4.27938 20 0 0 16 9 350 100.00000 0
4441 6869 10.23902 0.06157 0.23156 0.60263 159 16 32 155 123 990 100.00000 0
2489 6845 11.36449 2.77400 0.15027 1.80016 23 2 0 21 15 258 100.00000 0
3468 5781 11.25450 3.13455 1.16234 1.66812 60 0 0 56 39 671 100.00000 0
5412 5636 11.48350 0.01362 0.33104 1.12883 118 10 15 118 85 1161 100.00000 0
2033 7264 10.45129 2.86967 1.27527 1.06238 96 0 0 84 68 550 100.00000 0
1146 4057 10.02834 2.93081 0.83438 1.51155 51 1 0 49 29 253 100.00000 0
1540 5255 11.35654 0.01825 0.44756 0.73489 117 2 7 112 77 849 100.00000 0
834 4371 10.45451 2.30124 0.63641 0.92450 177 0 2 157 121 790 100.00000 0
1458 3756 11.50085 3.07679 0.89380 2.36959 106 0 0 93 39 730 100.00000 0
1614 5663 11.83780 1.14561 0.55933 2.87984 38 0 0 33 23 352 100.00000 0
1379 3806 10.47662 3.12576 1.09215 1.95024 129 0 0 123 71 587 100.00000 0
1337 3842 11.35475 3.13005 0.86406 1.36056 130 0 1 130 95 550 100.00000 0
3466 5784 10.10749 3.13092 1.27788 1.71851 109 0 0 96 55 742 100.00000 0
1542 5379 10.86400 0.01730 0.47772 0.86094 99 1 3 96 71 855 100.00000 0
5161 5447 11.49891 0.00378 0.46951 0.22029 117 3 6 115 78 1019 100.00000 0
3670 5402 10.95647 3.12657 0.38166 0.79031 43 2 4 39 17 539 100.00000 0
300 7332 11.80717 3.06676 0.93724 0.86953 105 0 0 97 88 409 100.00000 0
988 4252 10.35396 3.10382 0.88943 1.36085 46 0 0 38 28 643 100.00000 0
3572 5689 10.46941 2.78770 0.67219 2.11063 112 0 6 94 51 524 100.00000 0
3646 5311 10.70784 nan 0.36922 0.61421 112 2 16 108 46 875 100.00000 0
2459 6837 11.57387 2.36822 0.89627 0.98118 115 0 0 105 63 658 100.00000 0
5162 5375 11.24999 0.00352 0.47684 0.19383 122 1 9 116 92 978 100.00000 0
2046 7270 10.14328 3.05404 1.13476 0.71546 216 0 1 205 170 573 100.00000 0
5165 5285 10.50550 0.00207 0.52246 0.14537 133 1 8 122 77 1201 100.00000 0
3570 5689 11.42490 2.78372 0.79603 2.22739 105 1 1 97 47 559 100.00000 0
1569 5339 10.20782 0.01841 0.21998 1.18101 157 10 13 148 100 1280 100.00000 0
