4788 7095 10.81350 3.14082 2.07570 1.45131 78 0 0 60 36 801 100.00000 0
38 3387 11.50802 0.00420 2.72949 1.33647 33 0 0 28 19 164 100.00000 0
39 8586 11.48626 0.03120 2.72003 2.48396 6 0 0 6 3 115 100.00000 0
17 3387 11.50802 0.00420 2.46796 1.20496 35 0 0 35 21 182 100.00000 0
42 3414 11.75156 0.02822 2.12142 0.74808 16 0 0 14 10 110 100.00000 0
4796 7122 11.95018 3.03352 2.16490 1.64354 24 0 0 24 9 362 100.00000 0
1537 6800 10.97155 3.13928 4.33783 13.99403 12 0 0 12 5 136 100.00000 0
45 100 11.49053 0.02079 2.57773 1.46687 9 0 0 7 2 110 100.00000 0
25 8585 10.74196 0.02857 2.27872 0.66617 16 0 0 12 8 144 100.00000 0
5217 6790 11.76252 3.13150 16.16609 83.33189 5 0 0 1 2 101 100.00000 0
5301 6767 11.10638 3.12139 11.34985 14.74212 7 0 0 2 3 120 100.00000 0
1538 6800 10.00986 3.13936 4.01803 15.25890 10 0 0 0 1 134 100.00000 0
1248 7191 10.42904 2.91139 2.35827 1.20073 21 0 0 21 8 228 100.00000 0
4968 6996 11.42188 3.09670 11.69290 177.42960 19 0 0 17 5 264 100.00000 0
1366 6980 11.22658 3.09564 10.74590 177.36745 29 0 0 24 10 392 100.00000 0
56 8547 11.75274 0.00574 2.35719 0.98873 41 0 0 37 28 239 100.00000 0
3092 8196 11.34989 0.12846 4.80681 20.76582 12 0 0 8 2 250 100.00000 0
4782 7130 10.77576 3.06593 2.06643 1.58140 37 0 0 32 24 315 100.00000 0
