115 1547 10.74453 1.81495 0.08761 4.35613 108 42 16 106 63 666 100.00000 0
2449 3377 11.51103 1.06393 0.30703 2.54760 86 27 18 81 38 626 100.00000 0
371 2423 11.23183 1.47320 0.17436 1.72147 105 30 15 105 73 485 100.00000 0
578 3561 10.68366 1.14106 0.09959 1.47326 188 73 43 188 154 772 100.00000 0
525 3499 10.48394 0.06692 0.15485 0.93209 54 9 10 52 38 520 100.00000 0
2334 3288 10.21449 0.60180 0.15173 1.76303 70 10 11 70 51 570 100.00000 0
391 2423 11.78355 1.43327 0.81820 3.25040 94 17 24 90 30 781 100.00000 0
1403 3556 10.73074 2.22336 0.08312 0.79721 134 36 21 130 111 795 100.00000 0
15 4449 11.54991 0.30032 0.09861 0.94667 140 33 18 131 98 931 100.00000 0
591 1415 10.97019 3.09723 0.15533 0.58350 50 15 5 50 35 699 100.00000 0
595 1404 10.35491 2.30808 0.23803 1.14876 112 20 19 112 69 837 100.00000 0
444 3427 10.04481 0.90278 0.12744 1.11627 165 69 34 163 109 619 100.00000 0
523 3550 11.45851 1.08776 0.05816 2.46116 80 27 13 74 55 519 100.00000 0
595 1405 10.42108 2.35133 0.14166 1.13436 100 17 9 100 69 778 100.00000 0
1386 3550 10.00667 2.22747 0.09738 1.39269 142 55 21 140 107 851 100.00000 0
2335 3263 10.68921 1.68586 0.06246 2.78277 102 38 21 102 70 597 100.00000 0
572 1420 10.90436 1.95009 0.15618 1.58066 73 15 8 68 44 545 100.00000 0
410 3398 10.06667 0.08351 0.13236 2.62614 218 61 35 216 133 1285 100.00000 0
595 1408 10.75489 2.49652 0.13231 0.55673 109 25 12 105 80 778 100.00000 0
858 3768 10.49101 0.04389 0.10276 2.18319 110 32 26 106 70 644 100.00000 0
571 1421 11.45938 1.88885 0.13856 1.46473 70 19 13 68 45 584 100.00000 0
547 3502 10.88783 0.11507 0.08161 1.36745 60 10 8 56 38 481 100.00000 0
413 3441 10.15621 1.24783 0.59700 4.50702 61 6 10 61 20 574 100.00000 0
83 4512 11.02520 0.03714 0.04338 1.02336 98 23 21 98 71 781 100.00000 0
551 3501 11.73357 0.11499 0.21705 1.38536 46 5 4 41 23 524 100.00000 0
158 1616 11.69931 0.12112 0.15688 0.56023 141 54 27 141 103 736 100.00000 0
754 3668 10.93412 1.51079 0.21462 2.03798 104 29 38 102 61 704 100.00000 0
532 3553 10.10113 1.22467 0.09134 2.19767 162 56 34 158 123 791 100.00000 0
556 1407 11.72521 2.51256 0.15283 1.31224 73 25 6 73 55 577 100.00000 0
428 2456 10.19883 1.06349 0.03628 4.82605 111 33 28 107 45 714 100.00000 0
2464 3402 11.17440 0.09188 0.14829 2.38080 160 46 31 160 104 956 100.00000 0
544 3557 11.21174 1.41059 0.10766 1.63423 148 55 25 143 115 796 100.00000 0
2455 3388 11.07632 0.61450 0.16297 2.70023 124 37 23 122 72 785 100.00000 0
5 4431 10.81164 0.89906 0.28612 2.74652 168 50 35 168 95 732 100.00000 0
447 3464 11.48221 0.02016 0.09250 1.11347 110 31 27 108 75 592 100.00000 0
1540 4534 11.82773 3.13185 0.08554 3.91747 48 17 7 44 23 576 100.00000 0
395 3377 11.00395 1.18611 0.22817 2.82522 146 50 21 142 84 779 100.00000 0
717 3679 11.35865 0.62154 0.70395 2.80463 109 27 26 107 62 688 100.00000 0
2328 3273 10.71687 1.61371 0.22666 3.01168 96 26 23 96 49 619 100.00000 0
428 3408 11.76796 1.05132 0.30962 4.26554 61 14 12 61 28 587 100.00000 0
378 3364 11.72483 1.59149 0.15852 1.82091 48 9 10 46 22 446 100.00000 0
786 3713 10.60311 0.03818 0.09687 0.81469 126 35 19 123 98 583 100.00000 0
749 3662 11.42045 1.29293 0.41731 2.59057 117 36 29 115 57 626 100.00000 0
417 3446 11.29783 1.13541 0.16842 2.15631 48 14 10 48 27 457 100.00000 0
2466 3407 10.19850 0.06239 0.17425 3.49413 124 46 22 124 58 862 100.00000 0
92 1565 10.98516 1.94637 0.11972 1.24553 173 78 27 169 131 838 100.00000 0
958 3841 10.50947 1.13182 0.07878 0.40348 112 37 22 112 87 704 100.00000 0
915 3836 10.34230 0.02788 0.08667 0.79525 72 26 8 61 53 525 100.00000 0
1416 3551 11.15230 3.09194 0.09530 0.47478 42 8 6 42 32 649 100.00000 0
562 1406 11.63728 2.56523 0.18914 1.43586 66 22 6 66 50 569 100.00000 0
419 2452 10.01915 0.50459 0.11953 1.48306 158 58 37 154 112 916 100.00000 0
877 3784 11.97781 0.06473 0.16092 0.70665 103 33 22 98 80 716 100.00000 0
751 3666 10.34155 1.39535 0.29185 2.69922 191 57 53 191 115 793 100.00000 0
391 3369 11.88995 1.48783 0.92223 3.14199 88 18 17 88 31 644 100.00000 0
516 580 11.61045 0.55335 0.24284 2.11341 49 3 5 47 29 590 100.00000 0
475 3464 11.97015 0.01877 0.09975 0.41965 60 24 5 55 41 573 100.00000 0
148 1576 11.63775 0.08388 0.06285 1.84101 62 5 6 54 34 489 100.00000 0
1408 3554 10.14746 2.55443 0.11996 0.30390 138 38 24 138 105 810 100.00000 0
131 4532 10.50841 1.54555 0.06153 0.84395 148 27 15 148 122 784 100.00000 0
405 3389 11.91620 0.55190 0.28435 3.43764 103 32 15 101 53 910 100.00000 0
125 4540 10.85627 1.44683 0.21412 1.88305 142 24 16 138 90 658 100.00000 0
684 3621 11.86790 0.01961 0.21447 1.11241 65 16 16 62 46 843 100.00000 0
102 4520 11.13582 0.32612 0.06404 1.02297 138 45 29 138 103 750 100.00000 0
2432 3403 10.70970 0.94258 0.53185 2.60098 161 71 25 161 88 749 100.00000 0
511 3528 11.00628 0.18681 0.18547 1.58461 60 10 10 58 37 510 100.00000 0
826 3745 11.94841 0.05989 0.12212 0.81613 56 18 10 54 38 573 100.00000 0
471 3461 11.28026 0.02688 0.15439 0.93586 62 17 11 60 43 576 100.00000 0
194 1619 11.49547 0.08180 0.12755 0.06853 100 19 17 98 71 643 100.00000 0
541 3503 10.04788 0.11372 0.21529 1.27011 43 8 7 43 28 528 100.00000 0
18 4453 11.70835 0.16095 0.19294 1.48042 91 10 22 86 69 915 100.00000 0
1399 3532 11.38021 2.97869 0.12443 0.72847 104 34 21 100 83 674 100.00000 0
772 3695 11.96207 0.07969 0.08514 1.97437 99 23 20 99 59 552 100.00000 0
576 1389 11.68375 3.02322 0.08667 0.56786 63 21 6 63 52 721 100.00000 0
518 3542 10.83686 0.61577 0.12138 1.97952 77 16 15 77 47 533 100.00000 0
2439 3364 11.02399 0.96576 0.16247 3.48077 111 28 16 107 48 727 100.00000 0
412 3442 10.95368 1.31661 0.53723 4.75522 65 15 8 65 24 586 100.00000 0
569 1407 10.30924 2.58635 0.09805 1.71075 127 52 11 125 102 703 100.00000 0
439 3459 11.71112 0.04273 0.10327 0.70443 106 40 17 106 76 582 100.00000 0
874 3782 11.16013 0.05782 0.06997 0.45800 180 70 44 180 145 749 100.00000 0
132 4537 11.66718 1.54946 0.29305 2.03163 110 16 5 108 75 473 100.00000 0
597 1402 11.24369 2.15792 0.25941 1.30925 86 25 11 86 64 717 100.00000 0
2452 3428 11.20538 0.70663 0.43974 3.12925 88 24 21 88 48 711 100.00000 0
425 2479 11.64363 0.88348 0.59806 5.82847 119 51 22 117 65 761 100.00000 0
1388 3542 10.64649 2.75023 0.20874 1.48147 138 45 16 134 106 720 100.00000 0
492 3499 10.18538 0.04577 0.20924 2.47575 85 20 20 83 60 682 100.00000 0
2379 3312 11.17297 0.02863 0.11818 0.51586 154 27 30 149 94 780 100.00000 0
219 1633 10.33262 1.44979 0.09271 0.58283 199 76 41 199 160 621 100.00000 0
582 1383 11.27619 2.64342 0.10070 2.06355 109 38 12 107 66 728 100.00000 0
2388 3344 11.19975 0.02217 0.08625 1.26764 119 21 19 110 92 1058 100.00000 0
1410 3527 10.31118 2.41201 0.11270 1.84991 104 40 8 104 78 672 100.00000 0
737 3657 10.15225 0.52011 0.08085 2.05100 177 53 36 175 107 881 100.00000 0
2469 3445 11.11509 1.54966 0.86103 6.12887 93 11 13 93 33 650 100.00000 0
429 2479 11.43009 1.10903 0.33680 4.96846 101 39 13 101 54 658 100.00000 0
7 4432 11.96482 0.87808 0.18273 2.35800 152 32 29 148 98 753 100.00000 0
381 3364 11.64073 1.58401 0.06390 1.65989 73 17 16 66 46 514 100.00000 0
149 1578 11.24811 0.07916 0.14462 1.72261 47 5 1 43 25 435 100.00000 0
213 1630 10.02511 1.19971 0.06250 0.36904 178 70 16 173 152 669 100.00000 0
681 3636 10.07453 0.02479 0.05849 1.37800 131 45 26 131 104 914 100.00000 0
727 3693 11.66185 1.53192 0.49552 2.68132 126 38 27 126 77 668 100.00000 0
564 3557 10.75864 1.39588 0.06948 1.52418 128 42 28 123 91 675 100.00000 0
1398 3535 10.94358 3.08101 0.16200 0.96022 104 27 21 99 70 696 100.00000 0
213 1649 11.10205 1.46747 0.08691 1.32382 135 39 35 132 99 626 100.00000 0
510 565 11.20023 0.14017 0.18178 2.16193 69 15 4 67 39 581 100.00000 0
421 3447 10.49148 0.91149 0.07347 0.80939 121 31 17 118 82 623 100.00000 0
542 595 10.21960 1.32607 0.08027 1.81337 148 56 32 146 124 671 100.00000 0
509 563 11.52826 0.13012 0.20129 2.17349 31 4 2 22 18 486 100.00000 0
598 3532 10.25474 1.26658 0.16984 1.89176 231 107 48 229 175 819 100.00000 0
740 3700 10.65723 1.01638 0.06590 1.03211 160 53 36 160 113 645 100.00000 0
2449 3380 10.40104 0.92095 0.54488 2.10282 120 40 23 120 54 694 100.00000 0
736 3656 10.57821 0.46328 0.09617 1.67164 164 40 39 160 102 907 100.00000 0
702 3658 11.19489 0.03453 0.07628 0.39664 172 61 64 172 130 820 100.00000 0
405 2442 10.16858 0.40647 0.19237 2.97993 200 49 49 200 106 1093 100.00000 0
2436 3360 11.51892 0.82616 0.17908 1.64782 142 37 28 140 101 672 100.00000 0
2447 3373 11.76464 1.16633 0.60825 2.33230 69 17 11 65 30 712 100.00000 0
515 576 10.93095 0.36941 0.24475 2.33196 62 7 15 52 34 541 100.00000 0
521 586 11.14252 0.89090 0.20383 2.33481 63 10 7 61 42 585 100.00000 0
714 3644 11.58707 0.01470 0.06216 0.39267 130 35 28 130 88 760 100.00000 0
125 1551 10.88796 1.29487 0.28603 1.87847 79 14 9 75 52 622 100.00000 0
2359 3280 11.60974 0.91132 0.09096 1.87889 72 17 11 72 45 593 100.00000 0
593 3518 10.65518 1.28173 0.07206 2.87766 96 28 16 94 59 624 100.00000 0
546 3557 11.21914 1.41025 0.03406 1.61568 78 21 15 78 55 606 100.00000 0
97 1552 11.90716 2.58595 0.20563 2.46974 69 23 12 64 42 829 100.00000 0
90 1564 11.94260 2.02168 0.11992 1.14295 129 58 22 129 106 662 100.00000 0
392 2424 11.74396 1.40119 0.64541 3.20516 72 14 14 68 25 707 100.00000 0
601 3538 10.76442 1.13034 0.12807 1.22077 135 51 27 135 104 704 100.00000 0
945 3855 10.68365 0.34359 0.09962 0.57471 82 34 10 82 58 609 100.00000 0
503 3487 10.36291 0.04223 0.08765 2.05443 96 31 17 91 63 612 100.00000 0
405 3433 10.01999 1.05772 0.30483 5.00273 100 38 25 100 41 645 100.00000 0
2342 3260 11.49206 1.57446 0.16292 3.02258 76 25 17 72 41 576 100.00000 0
2473 3443 10.71559 1.51622 1.10760 5.10584 108 27 20 106 42 593 100.00000 0
396 2431 10.60505 1.07662 0.32611 2.94051 180 57 26 180 98 731 100.00000 0
800 3726 10.08626 0.02419 0.09837 0.41212 177 63 33 174 127 686 100.00000 0
741 3657 11.69153 0.75466 0.07719 2.84771 134 43 29 132 71 774 100.00000 0
603 3541 11.22881 1.01205 0.21378 1.82671 107 45 18 105 72 712 100.00000 0
564 1409 10.85084 2.42396 0.17586 1.66130 107 38 13 105 80 664 100.00000 0
106 4540 10.55858 0.55062 0.13337 1.52264 117 31 28 115 72 748 100.00000 0
551 1411 11.18623 2.29926 0.09700 1.60376 74 18 7 72 55 595 100.00000 0
91 1562 11.53892 2.13203 0.13980 1.44239 142 54 25 140 97 659 100.00000 0
400 3383 11.69340 0.89346 0.30519 2.97927 77 19 12 75 41 644 100.00000 0
539 1417 11.51541 1.94865 0.19443 1.73009 52 11 4 47 39 601 100.00000 0
818 3739 11.86804 0.05403 0.13319 0.75381 43 10 9 41 23 624 100.00000 0
1578 4537 11.65490 1.63819 0.36448 1.70410 111 39 12 109 64 581 100.00000 0
741 3702 11.61325 0.95157 0.11806 1.05943 109 50 20 105 75 565 100.00000 0
743 3701 10.10380 0.82626 0.27871 1.67771 162 64 23 162 111 718 100.00000 0
495 3480 11.73798 0.02048 0.06446 0.39267 29 7 5 24 20 460 100.00000 0
26 4463 11.34854 0.02353 0.04814 0.85042 91 23 15 91 62 807 100.00000 0
588 1378 11.81548 2.20251 0.12734 1.07666 93 34 12 89 76 594 100.00000 0
566 1403 11.69155 2.72289 0.24731 1.37345 57 13 9 57 41 624 100.00000 0
698 3653 10.73586 0.02149 0.19128 0.27411 75 21 11 66 46 780 100.00000 0
2432 3404 11.20678 0.95801 0.39640 2.68103 126 39 22 126 65 689 100.00000 0
590 1382 10.80670 2.13124 0.05872 1.51388 127 54 23 127 95 721 100.00000 0
595 3519 11.19941 1.36407 0.07760 2.78164 101 44 15 99 77 628 100.00000 0
12 4445 11.12199 0.44621 0.16679 0.76105 160 32 13 143 127 972 100.00000 0
619 3565 10.61115 0.01832 0.08113 0.99740 96 33 21 96 69 917 100.00000 0
1385 3554 10.85013 1.97478 0.08110 1.08462 127 50 17 121 92 708 100.00000 0
621 3587 10.80721 0.01343 0.04176 0.32143 104 36 9 100 81 922 100.00000 0
1575 4529 10.71214 1.66072 0.30027 1.37601 178 54 25 175 123 815 100.00000 0
719 3681 10.97407 0.77446 0.21765 2.91913 98 19 34 96 50 687 100.00000 0
1418 3522 11.60818 1.88990 0.30718 2.10450 51 7 6 49 30 474 100.00000 0
919 3839 10.00787 0.03057 0.05419 0.95695 49 5 8 49 37 462 100.00000 0
708 3665 10.80542 0.01654 0.10941 0.62558 221 53 48 221 160 973 100.00000 0
600 3536 10.63680 1.19250 0.37448 1.70731 232 91 51 226 165 851 100.00000 0
552 1416 11.26247 2.00088 0.18801 1.86551 49 14 5 47 37 513 100.00000 0
1390 3540 10.87568 2.87580 0.13495 1.05090 121 32 20 121 98 731 100.00000 0
221 1636 10.07077 1.52997 0.16625 0.89307 107 24 28 102 79 474 100.00000 0
546 3502 10.88827 0.11496 0.20738 1.33119 51 5 7 48 32 485 100.00000 0
523 588 10.95953 1.01092 0.13023 2.38950 67 17 9 67 41 560 100.00000 0
565 1420 11.70149 1.83120 0.18029 1.90865 51 18 1 49 37 530 100.00000 0
582 3562 10.30517 0.93559 0.01948 2.12633 143 34 25 143 92 730 100.00000 0
792 3718 11.26078 0.01629 0.07496 0.83837 161 46 31 155 123 749 100.00000 0
567 1414 10.14103 2.16253 0.17054 2.23195 70 27 5 70 58 640 100.00000 0
370 2439 11.62313 0.64640 0.16714 1.31462 73 9 13 73 55 502 100.00000 0
1558 4527 10.29856 2.35834 0.04276 1.76325 152 60 28 148 99 836 100.00000 0
478 3488 10.80364 0.01575 0.09589 0.64285 52 7 10 50 29 559 100.00000 0
835 3775 10.17397 0.07998 0.16135 1.58115 132 37 15 124 99 665 100.00000 0
535 3556 11.07096 1.37410 0.04234 1.64354 132 48 25 132 103 700 100.00000 0
1402 3527 11.84386 2.78534 0.21048 1.21885 53 18 3 53 40 548 100.00000 0
1420 3539 10.52194 2.19549 0.06896 0.80746 81 28 17 79 69 581 100.00000 0
508 558 11.79446 0.12236 0.24615 1.60425 42 6 5 39 20 482 100.00000 0
513 3531 10.48913 0.23966 0.14706 1.45750 99 17 10 97 66 603 100.00000 0
539 3502 10.76934 0.11422 0.11216 1.28146 36 3 5 27 21 482 100.00000 0
514 577 11.75332 0.41583 0.45089 2.51731 45 1 1 39 28 517 100.00000 0
558 3501 11.84659 0.11612 0.22599 1.48622 38 9 6 38 20 485 100.00000 0
377 3366 10.89388 1.57292 0.04355 2.40940 72 14 13 65 35 476 100.00000 0
560 1417 11.27358 1.95091 0.21279 1.99095 46 14 4 40 34 539 100.00000 0
464 3455 10.16057 0.01633 0.06625 0.91429 188 70 42 181 145 763 100.00000 0
501 3509 10.82882 0.02260 0.04678 0.79868 66 12 13 57 46 561 100.00000 0
1403 3534 10.20601 2.89883 0.10383 1.05536 154 49 20 148 130 733 100.00000 0
106 1579 10.98190 1.08515 0.07257 1.23796 134 34 17 134 106 645 100.00000 0
2455 3432 10.65047 1.00399 0.68495 4.49458 135 33 39 132 52 669 100.00000 0
533 3500 11.83555 0.10438 0.20548 1.07338 25 1 2 17 14 409 100.00000 0
41 4479 10.39581 0.02173 0.11073 0.45024 141 45 23 141 113 910 100.00000 0
964 3856 10.91288 1.47447 0.17298 1.21176 155 21 26 152 117 764 100.00000 0
100 4538 10.44230 0.21965 0.09924 1.06936 159 43 37 159 121 891 100.00000 0
557 3557 11.15820 1.40951 0.04131 1.52572 136 42 30 136 102 712 100.00000 0
