0.00890 0.00983 0.00134
0.00692 0.00916 0.01844
0.01118 0.01863 0.00279
0.00791 0.01275 0.00951
0.00756 0.01192 0.00881
0.00714 0.01166 0.00152
0.00612 0.00869 0.00967
0.00744 0.01025 0.00558
0.00725 0.01192 0.00084
0.00733 0.00991 0.00194
0.00652 0.00962 0.01843
0.00754 0.01097 0.00340
0.00698 0.00919 0.00511
0.01757 0.01701 0.00610
0.01440 0.02163 0.00148
0.00994 0.01525 0.00083
0.00946 0.01290 0.00227
0.00744 0.01215 0.00130
0.00850 0.00928 0.00077
0.00812 0.01240 0.01842
0.00719 0.01095 0.00200
0.00767 0.01232 0.01121
0.00629 0.00820 0.00046
0.00732 0.00928 0.00069
0.00764 0.01251 0.00863
0.00758 0.01234 0.00081
0.00825 0.00993 0.00166
0.00746 0.01188 0.00079
0.00740 0.01212 0.00164
0.00775 0.01140 0.00420
0.00747 0.01074 0.02260
0.00949 0.01421 0.01424
0.00629 0.00809 0.00061
0.00654 0.00942 0.00092
0.00693 0.01079 0.01850
0.00703 0.01100 0.01687
0.00733 0.01136 0.00308
0.00769 0.01222 0.00082
0.00702 0.01116 0.00103
0.00793 0.01322 0.01733
0.00791 0.01277 0.01562
0.00747 0.01074 0.01841
0.00768 0.01143 0.01925
0.00691 0.00903 0.01401
0.00541 0.00712 0.00056
0.00759 0.01277 0.00140
0.01109 0.01731 0.01310
0.00887 0.01604 0.02198
0.00687 0.00975 0.00059
0.00843 0.01077 0.00125
0.00709 0.01100 0.00094
0.00679 0.01032 0.00969
0.00721 0.01045 0.00121
0.00752 0.01180 0.00081
0.00746 0.01216 0.00089
0.00889 0.01125 0.00069
0.00680 0.01067 0.00948
0.00760 0.01234 0.00127
0.00686 0.01035 0.00374
0.00825 0.01297 0.01302
0.01505 0.01660 0.00620
0.01093 0.01161 0.00092
0.00714 0.01079 0.00930
0.01016 0.00995 0.00174
0.00678 0.00921 0.01844
0.00722 0.00987 0.00082
0.00670 0.00961 0.00055
0.00738 0.01274 0.00073
0.00777 0.01422 0.01946
0.00767 0.01215 0.01846
0.00700 0.01063 0.00140
0.00703 0.00974 0.00682
0.00663 0.00882 0.00079
0.00733 0.01225 0.01869
0.00781 0.01324 0.01395
0.00701 0.00918 0.00395
0.00728 0.01413 0.00073
0.00650 0.00856 0.00064
0.01210 0.01805 0.00078
0.00918 0.01054 0.00057
0.00705 0.01140 0.01424
0.00732 0.01020 0.00088
0.00733 0.01430 0.00082
0.00915 0.01793 0.00086
0.00694 0.01042 0.00071
0.00713 0.01052 0.00062
0.01170 0.01382 0.00943
0.00721 0.01023 0.00059
0.00840 0.01291 0.00135
0.00600 0.00790 0.00051
0.00712 0.01075 0.02264
0.01090 0.01584 0.00081
0.01066 0.01294 0.00070
0.00762 0.01261 0.00147
0.00877 0.01006 0.00524
0.00601 0.00817 0.01728
0.00742 0.01235 0.00263
0.00901 0.01354 0.00107
0.00843 0.01196 0.00741
0.00754 0.01260 0.00685
0.00615 0.00900 0.01409
0.00694 0.01060 0.00057
0.00787 0.00904 0.00090
0.00793 0.01267 0.00930
0.00764 0.01222 0.00135
0.01972 0.01509 0.01450
0.00694 0.01047 0.00051
0.00661 0.00884 0.00336
0.00746 0.01147 0.00089
0.00670 0.00959 0.00090
0.00688 0.01041 0.01839
0.00716 0.01150 0.00717
0.00791 0.01093 0.00075
0.00804 0.01140 0.00087
0.00634 0.00885 0.01400
0.00743 0.01243 0.00753
0.00695 0.00939 0.00095
0.00748 0.01058 0.00056
0.00862 0.01554 0.00928
0.00753 0.01199 0.01714
0.00751 0.01204 0.01851
0.00753 0.00955 0.00574
0.00804 0.01272 0.00201
0.00783 0.01274 0.00136
0.00771 0.01265 0.00202
0.00772 0.01296 0.00272
0.00680 0.00991 0.00181
0.00747 0.01240 0.00543
0.00660 0.00957 0.01866
0.00717 0.01006 0.00877
0.00623 0.00805 0.01407
0.00707 0.01003 0.00766
0.00972 0.01197 0.00081
0.00700 0.01029 0.00657
0.00816 0.01177 0.00079
0.00635 0.00925 0.01441
0.00737 0.01403 0.02014
0.00760 0.01120 0.00754
0.00830 0.01187 0.00081
0.00675 0.00908 0.00198
0.00855 0.01233 0.01910
0.00950 0.01252 0.00153
0.00660 0.00866 0.00063
0.00747 0.01221 0.03295
0.00788 0.01323 0.00119
0.01305 0.01880 0.00069
0.00761 0.01275 0.00852
0.00783 0.01234 0.01000
0.00753 0.01055 0.00063
0.00799 0.01122 0.00058
0.01145 0.01246 0.00096
0.00719 0.01167 0.00094
0.00790 0.01310 0.00668
0.00683 0.01057 0.00046
0.01328 0.01426 0.00129
0.00624 0.00768 0.00053
0.00737 0.01112 0.00076
0.00736 0.00983 0.01539
0.00945 0.01315 0.00175
0.00660 0.00965 0.00905
0.00789 0.01267 0.00283
0.00754 0.01245 0.00146
0.00708 0.01027 0.00064
0.00738 0.01130 0.00063
0.01064 0.01771 0.00661
0.00638 0.00877 0.00417
0.00753 0.01096 0.00443
0.00630 0.00794 0.00058
0.00949 0.01037 0.00372
0.00628 0.00871 0.01303
0.00726 0.00952 0.00067
0.00721 0.01329 0.00069
0.00751 0.01186 0.00543
0.00750 0.01216 0.00064
0.00641 0.00838 0.01955
0.00685 0.00878 0.00512
0.01109 0.01317 0.00077
0.00768 0.01204 0.00544
0.00773 0.01282 0.00676
0.00740 0.01246 0.00313
0.00771 0.01250 0.00158
0.00772 0.01112 0.00071
0.00654 0.00997 0.00850
0.00754 0.01351 0.00118
0.00693 0.01003 0.00964
0.00779 0.01236 0.01290
0.00747 0.01223 0.00968
0.01104 0.01215 0.00973
0.00876 0.01017 0.01860
0.00761 0.01228 0.00106
0.00774 0.00954 0.00072
0.00797 0.01359 0.02237
0.00729 0.01173 0.01746
0.00625 0.01025 0.00058
0.00749 0.01275 0.00156
0.00772 0.01241 0.00201
0.01297 0.01280 0.01000
0.00692 0.00958 0.01777
0.00598 0.00860 0.01432
0.00829 0.01254 0.00154
