0.00530 0.00340
0.02164 0.03679
0.03083 0.03642
0.00299 0.00367
0.01931 0.03487
0.02726 0.03567
0.00365 0.00496
0.00505 0.00711
0.00539 0.00803
0.00346 0.00524
0.00657 0.00935
0.01243 0.02428
0.02307 0.03262
0.00720 0.00899
0.02257 0.03430
0.00377 0.00480
0.00319 0.00404
0.00317 0.00438
0.01560 0.02696
0.00580 0.00707
0.02060 0.05283
0.00306 0.00506
0.02347 0.05428
0.00362 0.00439
0.01894 0.03754
0.00819 0.01955
0.02070 0.03847
0.02152 0.05625
0.00310 0.00405
0.00368 0.00551
0.00435 0.00528
0.02124 0.04185
0.00300 0.00428
0.00295 0.00417
0.01274 0.02513
0.01528 0.02294
0.00289 0.00369
0.01531 0.02171
0.01973 0.04211
0.00266 0.00404
0.01351 0.02894
0.00593 0.00788
0.00371 0.00537
0.01733 0.02491
0.01775 0.03193
0.02817 0.03606
0.01775 0.03259
0.00329 0.00424
0.00295 0.00452
0.01598 0.02727
0.02076 0.05623
0.00341 0.00447
0.01287 0.02637
0.00350 0.00405
0.00533 0.00816
0.01771 0.04172
0.02400 0.04235
0.00338 0.00472
0.01821 0.05584
0.00319 0.00403
0.00291 0.00380
0.00392 0.00439
0.00294 0.00408
0.01820 0.02766
0.00435 0.00690
0.00367 0.00482
0.00335 0.00479
0.00304 0.00455
0.01890 0.02676
0.00336 0.00444
0.01769 0.04021
0.00369 0.00550
0.00329 0.00428
0.00311 0.00427
0.00332 0.00440
0.02063 0.04786
0.01842 0.03310
0.02287 0.04360
0.02088 0.03568
0.01471 0.03520
0.00319 0.00415
0.00378 0.00518
0.01474 0.02693
0.00298 0.00371
0.00329 0.00374
0.01277 0.02624
0.01960 0.03316
0.00387 0.00443
0.00346 0.00462
0.01890 0.04715
0.01312 0.02581
0.01861 0.02853
0.02513 0.03886
0.00392 0.00465
0.00340 0.00467
0.00346 0.00452
0.00426 0.00500
0.01707 0.03721
0.01578 0.03327
0.01951 0.03380
0.00392 0.00485
0.00367 0.00537
0.00350 0.00515
0.00327 0.00449
0.00344 0.00531
0.00355 0.00403
0.00307 0.00406
0.00285 0.00418
0.00438 0.00642
0.00441 0.00542
0.00337 0.00463
0.00347 0.00426
0.00572 0.00760
0.00368 0.00451
0.00304 0.00418
0.00702 0.00877
0.02495 0.04221
0.00299 0.00388
0.00338 0.00452
0.00288 0.00371
0.01695 0.04852
0.01768 0.03798
0.00660 0.00766
0.00407 0.00477
0.00367 0.00537
0.00394 0.00533
0.02068 0.04713
0.00339 0.00425
0.00343 0.00427
0.00293 0.00380
0.02737 0.03767
0.00427 0.00600
0.00336 0.00532
0.00359 0.00448
0.00365 0.00471
0.01825 0.02710
0.00306 0.00376
0.00442 0.00670
0.00533 0.00759
0.01703 0.03707
0.00384 0.00500
0.00295 0.00479
0.01899 0.03771
0.00344 0.00432
0.00368 0.00454
0.00338 0.00441
0.00345 0.00458
0.01702 0.02629
0.00310 0.00443
0.00330 0.00495
0.00566 0.00784
0.00291 0.00360
0.00307 0.00412
0.02200 0.03982
0.02122 0.03037
0.00444 0.00503
0.00378 0.00516
0.00439 0.00510
0.01951 0.03560
0.00353 0.00405
0.00365 0.00486
0.01700 0.04151
0.00327 0.00419
0.00302 0.00461
0.00329 0.00466
0.00420 0.00561
0.02139 0.03273
0.00328 0.00440
0.00349 0.00464
0.02004 0.02673
0.00329 0.00434
0.00400 0.00526
0.00316 0.00457
0.00295 0.00386
0.01240 0.02672
0.00616 0.00859
0.00506 0.00707
0.01832 0.03798
0.01545 0.03186
0.00308 0.00394
0.00332 0.00388
0.00469 0.00712
0.00276 0.00359
0.01542 0.03805
0.01873 0.03470
0.00367 0.00428
0.00623 0.00813
0.00421 0.00478
0.00798 0.00929
0.02828 0.04082
0.01788 0.02931
0.00341 0.00426
0.00368 0.00505
0.00354 0.00465
0.00372 0.00474
0.00365 0.00515
0.01781 0.03211
0.00432 0.00481
0.00369 0.00546
0.00634 0.00830
0.01512 0.02633
0.01756 0.02975
0.00429 0.00541
0.00380 0.00480
0.00599 0.00812
0.00790 0.00997
0.00318 0.00442
0.00471 0.00652
0.00732 0.01008
0.00857 0.00940
0.00755 0.00972
0.02031 0.02798
0.01739 0.03694
0.00384 0.00430
0.01376 0.02670
0.02119 0.04120
0.01707 0.04209
0.02531 0.04756
0.02421 0.03336
0.00644 0.01009
0.00362 0.00496
0.02241 0.03294
0.00359 0.00484
0.00517 0.00656
0.00286 0.00362
0.01660 0.02237
0.00349 0.00449
0.01369 0.02923
0.00547 0.00742
0.00407 0.00436
0.01361 0.02636
0.00310 0.00390
0.01280 0.02723
0.01415 0.03169
0.02407 0.03941
0.01883 0.05643
0.01389 0.02876
0.00601 0.00794
0.00853 0.01987
0.00350 0.00482
0.02494 0.05278
0.00413 0.00553
0.00377 0.00462
0.01615 0.02662
0.00370 0.00554
0.02159 0.03352
0.01538 0.03012
0.00636 0.00838
0.01842 0.03960
0.00601 0.00840
0.02194 0.03927
0.00320 0.00434
0.01280 0.02765
0.00550 0.00865
0.01655 0.02820
0.00658 0.00842
0.01862 0.02695
0.01733 0.04174
0.01246 0.03717
0.02141 0.04861
0.00311 0.00367
0.00342 0.00434
0.00293 0.00442
0.01708 0.02617
0.00387 0.00495
0.03079 0.03887
0.02499 0.03054
0.00435 0.00519
0.01713 0.04133
0.00358 0.00509
0.00335 0.00444
0.01295 0.02760
0.01470 0.03064
0.02203 0.03500
0.00305 0.00410
0.01965 0.03352
0.00321 0.00386
0.00324 0.00404
0.00580 0.00756
0.00581 0.00847
0.00338 0.00454
0.00744 0.00985
0.00297 0.00363
0.01933 0.03476
0.02202 0.03687
0.00290 0.00393
0.02083 0.02481
0.00854 0.01088
0.00345 0.00426
0.02238 0.05828
0.00293 0.00378
0.00351 0.00472
0.00321 0.00498
0.00741 0.00867
0.01544 0.02751
0.01901 0.04920
0.01842 0.03663
0.00444 0.00544
0.01763 0.05235
0.00369 0.00546
0.00601 0.00959
0.00343 0.00458
0.00385 0.00578
0.01472 0.03123
0.02643 0.03928
0.02075 0.04364
0.00360 0.00440
0.01943 0.04365
0.00698 0.00946
0.01793 0.03872
0.00326 0.00458
0.00378 0.00480
0.00529 0.00780
0.00298 0.00412
0.01634 0.03213
0.01392 0.02570
0.00339 0.00418
0.00409 0.00575
0.01995 0.02940
0.00324 0.00359
0.00337 0.00420
0.00403 0.00456
0.01879 0.04058
0.00382 0.00346
0.01902 0.03530
0.00345 0.00414
0.01492 0.02744
0.02001 0.02997
0.02621 0.04510
0.01415 0.02791
0.00385 0.00474
0.00336 0.00413
0.01403 0.02904
0.02438 0.05046
0.00301 0.00384
0.00320 0.00411
0.00356 0.00453
0.00721 0.00895
0.01883 0.02974
0.00392 0.00476
0.00383 0.00499
0.00443 0.00526
0.00421 0.00550
0.01180 0.02469
0.00475 0.00708
0.02371 0.03950
0.00331 0.00392
0.00287 0.00423
0.01524 0.03055
0.00299 0.00355
0.00282 0.00365
0.02104 0.03686
0.00366 0.00478
0.00430 0.00553
0.02080 0.04240
0.00320 0.00383
0.01967 0.03374
0.01700 0.01923
0.00352 0.00404
0.01304 0.02724
0.00335 0.00455
0.00335 0.00446
0.00366 0.00454
0.02120 0.02845
0.01282 0.03226
0.00308 0.00344
0.00333 0.00490
0.00347 0.00443
0.00364 0.00451
0.02002 0.02481
0.01841 0.02798
0.01963 0.03383
0.01334 0.02885
0.02052 0.05279
0.00294 0.00383
0.01891 0.03708
0.02080 0.03126
0.00586 0.00771
0.01990 0.05144
0.01995 0.05265
0.00291 0.00361
0.01293 0.02570
0.02417 0.04491
0.01788 0.04155
0.01912 0.03573
0.00415 0.00445
0.00354 0.00449
0.01958 0.03912
0.02437 0.04019
0.00307 0.00362
0.01654 0.02676
0.00359 0.00413
0.00325 0.00443
0.01395 0.02617
0.01781 0.04001
0.00693 0.00897
0.00314 0.00419
0.00442 0.00605
0.00377 0.00446
0.02906 0.03696
0.00271 0.00474
0.00584 0.00819
0.02148 0.05568
0.00378 0.00500
0.01278 0.03006
0.00371 0.00478
0.01793 0.03833
0.00290 0.00317
0.00340 0.00428
0.00279 0.00388
0.00289 0.00419
0.00299 0.00407
0.00282 0.00375
0.01385 0.03317
0.00323 0.00510
0.00329 0.00535
0.02287 0.03739
0.00332 0.00422
0.00342 0.00484
0.01476 0.02951
0.00582 0.00762
0.01746 0.02401
0.00314 0.00411
0.02114 0.03002
0.00601 0.00833
0.00565 0.00576
0.00591 0.00843
0.01395 0.02698
0.00362 0.00405
0.00306 0.00373
0.00311 0.00457
0.01763 0.03936
0.00370 0.00482
0.00453 0.00434
0.01363 0.02940
0.01295 0.02671
0.00327 0.00420
0.01757 0.02559
0.00395 0.00440
0.01658 0.02815
0.00347 0.00423
0.01628 0.02519
0.00362 0.00435
0.01902 0.02373
0.00377 0.00434
0.00391 0.00495
0.01761 0.03827
0.00365 0.00505
0.00349 0.00405
0.00410 0.00443
0.00306 0.00405
0.02053 0.04412
0.00400 0.00553
0.00341 0.00437
0.00401 0.00516
0.01968 0.04933
0.00302 0.00408
0.00303 0.00407
0.00343 0.00432
0.01221 0.02756
0.01281 0.02541
0.01467 0.02172
0.00312 0.00430
0.00659 0.00838
0.01413 0.02837
0.00376 0.00457
0.00398 0.00550
0.00627 0.00828
0.01492 0.04321
0.02417 0.03882
0.00384 0.00473
0.00312 0.00435
0.00352 0.00466
0.00294 0.00430
0.01356 0.02579
0.01257 0.02306
0.00316 0.00421
0.01300 0.02796
0.02433 0.03572
0.00300 0.00404
0.00749 0.00863
0.00549 0.00499
0.00346 0.00468
0.01980 0.04930
0.00396 0.00480
0.00359 0.00481
0.00415 0.00469
0.00902 0.00988
0.00777 0.00987
0.02126 0.02937
0.01399 0.02828
0.00386 0.00625
0.00521 0.00560
0.02114 0.03964
0.00331 0.00393
0.00649 0.00915
0.00379 0.00539
0.00354 0.00494
0.00423 0.00558
0.00380 0.00546
0.00361 0.00504
0.00399 0.00565
0.00332 0.00432
0.01502 0.02667
0.00329 0.00417
0.00371 0.00464
0.00379 0.00541
0.00378 0.00503
0.00326 0.00411
0.00319 0.00395
0.00337 0.00506
0.02366 0.03470
0.01730 0.03834
0.00546 0.00564
0.00381 0.00485
0.00331 0.00495
0.00560 0.00817
0.02449 0.02822
0.01766 0.04087
0.01320 0.03111
0.01969 0.03638
0.02090 0.05005
0.00718 0.00990
0.00363 0.00475
0.02181 0.02735
0.00319 0.00401
0.00447 0.00499
0.02082 0.02641
0.02114 0.03913
0.00436 0.00702
0.02456 0.03877
0.00298 0.00404
0.02080 0.03592
0.00312 0.00362
0.00346 0.00475
0.00341 0.00434
0.00373 0.00476
0.00316 0.00444
0.00278 0.00409
0.00373 0.00495
0.00454 0.00483
0.00338 0.00470
0.00602 0.00806
0.01420 0.02856
0.00325 0.00372
0.00326 0.00411
0.01639 0.04363
0.01858 0.03061
0.02789 0.04618
0.01292 0.02352
0.02529 0.03471
0.01214 0.02452
0.00413 0.00472
0.00383 0.00521
0.01749 0.02758
0.00311 0.00382
0.00326 0.00464
0.00398 0.00545
0.00688 0.00876
0.02476 0.03912
0.00455 0.00505
0.00372 0.00480
0.00347 0.00486
0.00399 0.00546
0.00588 0.00829
0.00372 0.00417
0.00291 0.00349
0.00313 0.00496
0.00894 0.01192
0.00386 0.00545
0.00305 0.00442
0.00608 0.00879
0.00316 0.00435
0.00362 0.00463
0.00508 0.00575
0.01833 0.03663
0.00426 0.00551
0.00360 0.00433
0.00391 0.00478
0.03334 0.04063
0.00343 0.00472
0.02421 0.05373
0.00649 0.00934
0.01542 0.02928
0.00451 0.00559
0.00404 0.00586
0.01601 0.02690
0.00359 0.00519
0.01705 0.02762
0.01916 0.03625
0.00391 0.00520
0.01787 0.03953
0.00292 0.00384
0.01524 0.04183
0.01756 0.03799
0.00283 0.00379
0.01782 0.03042
0.00378 0.00464
0.00447 0.00430
0.01909 0.02853
0.02965 0.03769
0.00620 0.00758
0.00328 0.00388
0.00291 0.00422
0.00409 0.00471
0.02779 0.03449
0.01282 0.02831
0.00419 0.00551
0.00305 0.00393
0.00361 0.00464
0.01596 0.02908
0.00434 0.00426
0.01809 0.04123
0.00383 0.00585
0.00638 0.00821
0.00339 0.00414
0.01501 0.02783
0.01955 0.03072
0.00704 0.00816
0.00372 0.00443
0.00677 0.01327
0.00385 0.00487
0.00319 0.00365
0.01716 0.03736
0.00381 0.00471
0.00376 0.00483
0.00311 0.00425
0.02100 0.03539
0.01848 0.03187
0.00608 0.00798
0.00665 0.00821
0.00464 0.00535
0.02459 0.03029
0.00327 0.00422
0.00351 0.00474
0.00384 0.00448
0.00471 0.00525
0.00363 0.00514
0.02131 0.03691
0.00347 0.00384
0.01179 0.02843
0.00314 0.00377
0.00289 0.00419
0.00768 0.01068
0.02241 0.03163
0.00333 0.00432
0.00292 0.00350
0.01922 0.05341
0.00301 0.00410
0.00296 0.00383
0.01874 0.03558
0.00622 0.00871
0.00299 0.00454
0.00299 0.00360
0.01982 0.02772
0.00293 0.00392
0.01493 0.02634
0.00369 0.00451
0.00309 0.00417
0.00316 0.00453
0.00534 0.00786
0.00338 0.00458
0.02374 0.05502
0.01192 0.02309
0.00358 0.00447
0.00359 0.00484
0.00320 0.00443
0.02334 0.04193
0.02153 0.03173
0.01907 0.03472
0.00357 0.00498
0.02172 0.03709
0.00398 0.00533
0.00442 0.00578
0.01423 0.02846
0.01825 0.03750
0.01315 0.02668
0.00330 0.00430
0.00283 0.00372
0.00625 0.00807
0.00647 0.00461
0.00294 0.00519
0.01238 0.02729
0.00396 0.00526
0.01994 0.03537
0.00512 0.00551
0.01891 0.02897
0.00302 0.00388
0.01309 0.02937
0.00463 0.00393
0.00638 0.00884
0.03960 0.03619
0.00313 0.00462
0.01512 0.03057
0.00340 0.00454
0.01811 0.03741
0.00395 0.00461
0.02124 0.05589
0.01871 0.03821
0.01811 0.03110
0.00372 0.00518
0.02025 0.03552
0.00298 0.00373
0.01779 0.02881
0.00318 0.00402
0.00335 0.00389
0.01541 0.02723
0.02571 0.03552
0.00416 0.00460
0.00331 0.00489
0.00597 0.00791
0.01405 0.02703
0.01943 0.02949
0.00353 0.00466
0.00328 0.00423
0.00829 0.01965
0.01835 0.03478
0.00506 0.00739
0.00352 0.00455
0.00326 0.00523
0.00389 0.00500
0.00317 0.00434
0.01697 0.03994
0.01304 0.02645
0.00354 0.00427
0.00363 0.00396
0.00389 0.00487
0.00333 0.00490
0.01264 0.02723
0.00434 0.00763
0.00477 0.00731
0.00400 0.00467
0.00720 0.00915
0.00629 0.00977
0.00344 0.00464
0.00312 0.00386
0.00665 0.00906
0.00333 0.00495
0.00328 0.00423
0.00292 0.00388
0.02336 0.04427
0.01731 0.03077
0.00378 0.00451
0.01590 0.02466
0.01640 0.03035
0.00388 0.00495
0.00455 0.00537
0.00345 0.00488
0.01420 0.02913
0.00343 0.00450
0.01292 0.02470
0.01503 0.02531
0.00791 0.00917
0.03175 0.03716
0.01798 0.04855
0.00417 0.00462
0.00361 0.00490
0.01856 0.03288
0.00543 0.00768
0.00395 0.00435
0.00317 0.00504
0.00330 0.00504
0.02101 0.04205
0.00361 0.00492
0.02781 0.05769
0.00320 0.00405
0.01478 0.02853
0.00308 0.00392
0.01970 0.03933
0.00846 0.00953
0.00329 0.00418
0.00370 0.00486
0.01910 0.04229
0.01538 0.02688
0.00557 0.00782
0.00559 0.00843
0.01711 0.02767
0.00331 0.00413
0.00555 0.00819
0.00320 0.00461
0.00397 0.00527
0.00372 0.00473
0.00365 0.00544
0.01933 0.03493
0.03609 0.04309
0.01658 0.02713
0.00384 0.00492
0.00352 0.00503
0.00356 0.00540
0.00443 0.00563
0.00349 0.00422
0.00349 0.00458
0.00308 0.00462
0.01656 0.03245
0.00569 0.00589
0.01843 0.02840
0.02130 0.04282
0.00385 0.00471
0.00387 0.00418
0.00375 0.00489
0.00354 0.00493
0.00322 0.00489
0.02439 0.03757
0.00357 0.00493
0.01835 0.03533
0.00509 0.00720
0.00531 0.00743
0.02058 0.03580
0.00396 0.00498
0.00393 0.00510
0.00351 0.00464
0.00355 0.00497
0.00283 0.00487
0.02849 0.06094
0.01681 0.02918
0.00442 0.00547
0.00326 0.00436
0.00530 0.00788
0.00347 0.00458
0.00373 0.00514
0.00338 0.00464
0.00323 0.00484
0.00382 0.00566
0.00343 0.00514
0.01893 0.03327
0.01383 0.02678
0.01701 0.02937
0.00366 0.00500
0.00368 0.00432
0.02022 0.03646
0.00391 0.00502
0.02035 0.04095
0.00497 0.00737
0.00402 0.00588
0.00321 0.00414
0.00307 0.00373
0.01897 0.03665
0.00305 0.00383
0.01179 0.02313
0.00385 0.00536
0.01394 0.03120
0.00740 0.01163
0.02248 0.03812
0.00583 0.00785
0.00341 0.00433
0.00336 0.00452
0.00327 0.00377
0.01553 0.02689
0.00490 0.00476
0.02590 0.03735
0.00300 0.00363
0.00530 0.00832
0.00294 0.00425
0.03910 0.03983
0.01186 0.02925
0.01312 0.02782
0.00306 0.00384
0.00348 0.00441
0.00390 0.00459
0.00395 0.00473
0.01971 0.03390
0.01424 0.02678
0.01810 0.03545
0.00365 0.00492
0.02260 0.05648
0.00765 0.00914
0.00336 0.00443
0.00618 0.00836
0.00433 0.00566
0.00430 0.00482
0.00431 0.00559
0.00946 0.02070
0.00338 0.00417
0.00362 0.00462
0.02057 0.02308
0.01790 0.03929
0.00685 0.00888
0.00296 0.00409
0.02621 0.03935
0.00452 0.00511
0.00373 0.00508
0.01241 0.02682
0.00348 0.00452
0.00386 0.00608
0.00362 0.00484
0.01485 0.02753
0.00296 0.00386
0.00303 0.00428
0.02173 0.04391
0.01637 0.03035
0.00421 0.00546
0.02138 0.04203
0.00409 0.00507
0.00631 0.00789
0.00359 0.00440
0.00343 0.00513
0.02763 0.04368
0.00285 0.00373
0.00390 0.00449
0.00483 0.00751
0.02213 0.04163
0.00738 0.01029
0.01699 0.02783
0.00367 0.00451
0.00681 0.00807
0.00577 0.00878
0.00477 0.00571
0.00463 0.00537
0.01965 0.03568
0.02031 0.05197
0.00365 0.00428
0.01593 0.02734
0.00573 0.00793
0.00446 0.00508
0.00393 0.00445
0.00375 0.00454
0.00433 0.00566
0.00323 0.00424
0.00279 0.00358
0.00508 0.00774
0.01765 0.03313
0.01242 0.02607
0.00502 0.00483
0.01797 0.02909
0.00546 0.00776
0.02135 0.03670
0.00620 0.00823
0.01314 0.01578
0.01668 0.02960
0.02034 0.03782
0.01254 0.02606
0.01769 0.04362
0.00648 0.00927
0.02535 0.04160
0.01860 0.03306
0.00400 0.00592
0.00412 0.00617
0.01803 0.03514
0.01642 0.02971
0.00298 0.00370
0.01295 0.02717
0.01910 0.04789
0.01551 0.02274
0.00369 0.00438
0.00363 0.00438
0.00378 0.00497
0.01519 0.02707
0.00289 0.00374
0.01999 0.04079
0.00312 0.00417
0.00436 0.00559
0.01532 0.02731
0.00353 0.00496
0.02001 0.03799
0.01600 0.02344
0.01762 0.04583
0.00307 0.00372
0.00323 0.00361
0.00360 0.00464
0.01649 0.02755
0.00310 0.00371
0.03219 0.03693
0.01882 0.02815
0.00368 0.00524
0.02260 0.03320
0.00338 0.00430
0.02106 0.02885
0.02340 0.05529
0.01294 0.02694
0.00373 0.00460
0.01497 0.02793
0.02001 0.04676
0.00305 0.00395
0.01880 0.04843
0.02234 0.04916
0.00906 0.00915
0.02561 0.04221
0.01428 0.02741
0.00320 0.00443
0.01335 0.02852
0.00399 0.00512
0.01733 0.02695
0.00336 0.00450
0.00309 0.00411
0.00698 0.01115
0.02169 0.03318
0.00411 0.00505
0.00327 0.00403
0.00335 0.00455
0.00247 0.00333
0.02536 0.04288
0.01837 0.03070
0.01389 0.02956
0.00402 0.00529
0.00432 0.00562
0.00376 0.00466
0.00607 0.00878
0.01597 0.02509
0.00341 0.00420
0.02012 0.04247
