2684 3419 6.40398 0.00285 0.41233 0.18767 13 5 1 10 7
185 4615 9.99334 0.00998 0.53189 1.44049 83 27 9 79 46
4618 8988 6.50838 0.00491 0.48908 0.79328 153 95 3 141 127
2774 3005 6.40398 0.00285 0.31268 0.82282 11 8 2 6 7
487 5455 6.24522 0.00378 0.14170 0.17914 97 83 7 97 75
4581 8989 7.25774 0.00503 0.49565 0.65432 170 85 9 168 118
2644 3293 7.65267 0.00280 4.40456 0.81805 12 0 0 4 9
3627 7597 8.88253 0.41598 0.69300 1.94360 30 4 7 25 10
7408 7956 6.56028 0.00823 0.25830 0.29871 62 36 13 62 31
2770 3486 7.80940 0.00381 0.25491 0.22206 10 5 1 10 6
7403 7585 8.35530 0.01010 0.17649 0.60523 39 19 12 39 14
593 9825 9.39153 0.01119 0.69882 1.21756 28 6 0 28 19
174 4392 9.24801 0.01510 0.37129 0.67377 101 69 12 101 80
7402 7774 9.05913 0.01004 0.46052 0.49258 48 23 13 46 29
4712 8970 9.27518 0.01148 0.70556 0.56232 59 13 5 46 40
2793 3325 6.40398 0.00285 0.37076 0.27695 8 4 1 8 5
2753 3445 6.40398 0.00285 2.55788 18.84339 14 0 0 7 4
2626 3099 9.79770 0.00565 25.63250 0.32021 21 5 1 11 10
820 5610 6.24926 0.00244 0.25419 0.10468 87 69 8 87 66
1064 5832 8.51305 0.01162 0.66178 1.15386 21 8 1 21 13
1885 6669 6.14318 0.01985 0.26861 1.08137 186 148 22 182 137
2823 3459 6.40104 0.00324 6.84917 1.33530 13 0 0 10 9
250 9643 9.75695 0.04305 0.26870 0.47560 56 47 4 53 41
2657 3183 6.75414 0.00328 1.82360 0.47395 15 1 0 9 9
4668 8991 8.75338 0.00378 0.40769 0.78335 111 63 13 101 75
2328 7073 9.24132 0.09011 0.17645 0.90179 32 21 8 32 17
9004 9541 9.48076 0.01466 0.47384 0.87626 102 70 15 102 74
1710 6476 9.86769 0.00942 0.28736 0.55673 158 130 21 153 119
2629 3421 9.45175 0.00411 0.80101 3.67418 12 2 1 8 3
2705 3465 6.56028 0.00316 5.20885 3.44333 21 0 0 13 12
2628 3012 9.44973 0.00426 25.79922 0.24708 20 1 1 10 9
9211 9577 9.98385 0.01124 0.17259 0.67493 96 81 4 85 66
2718 3372 6.40398 0.00285 6.60111 4.81459 17 0 0 12 12
2708 3292 6.40398 0.00285 6.74600 10.85250 13 0 1 5 7
5178 9827 7.17774 0.01340 1.27033 0.86003 47 0 0 40 28
5243 9826 6.76334 0.01377 0.47099 0.74019 100 45 3 96 82
2604 2747 7.65506 0.00378 9.05106 2.10784 28 0 0 21 21
891 9841 6.73470 0.05094 0.72836 0.65790 46 19 1 43 35
9453 9572 7.48285 0.01448 0.26914 0.84580 171 142 10 169 122
1027 5808 9.01124 0.00400 8.17228 0.30390 20 0 0 20 16
468 5138 8.50152 0.00458 0.32408 0.21850 32 17 4 28 17
7401 7547 9.05972 0.01005 0.30754 0.44235 43 21 18 41 23
2822 3470 7.10438 0.00365 7.47728 1.02717 17 0 0 10 9
480 5274 6.99642 0.00263 0.26512 0.17017 53 36 13 45 34
867 5499 9.51029 0.01231 0.18983 0.36154 83 74 4 77 63
4526 4810 8.75214 0.00576 0.61029 0.96266 125 56 8 116 93
168 4485 7.01677 0.01458 1.03059 0.66676 130 1 0 118 106
2844 3070 6.05536 0.00234 0.83963 2.53775 21 10 3 17 12
2703 3188 6.40398 0.00285 21.80790 0.17914 25 0 2 8 6
867 5593 9.51029 0.01231 0.19801 0.37430 55 41 9 50 38
1702 6471 6.58430 0.00590 0.25759 0.26834 187 146 22 185 146
2816 3386 6.40398 0.00285 5.55267 3.88232 16 0 0 6 5
857 5643 7.51143 0.00796 0.54690 0.53522 74 20 9 68 49
2627 3028 9.79903 0.00493 26.17752 0.28804 15 1 0 7 7
8089 8238 6.99388 0.20592 0.79018 1.58511 27 6 5 27 7
9353 9574 8.74355 0.01439 0.50066 0.81853 137 88 7 135 109
4819 9015 8.77535 0.01152 0.52281 0.80794 69 23 1 65 42
2632 3262 8.90466 0.00406 26.16158 0.23239 18 2 0 7 6
1616 6461 6.55843 0.01074 0.13169 0.61485 153 129 19 149 103
2716 3207 6.40398 0.00285 7.15932 1.38734 14 0 0 12 11
2861 3504 7.45766 0.00403 33.30333 0.23239 7 1 0 4 4
2731 3044 6.40398 0.00285 0.07792 0.39466 26 19 5 24 17
2709 3209 6.40398 0.00285 8.11644 1.51388 22 0 0 12 15
694 9819 6.82782 0.00920 0.75173 0.85409 82 33 6 80 61
2348 7091 7.50012 0.14584 0.67024 1.33911 23 9 2 16 10
2821 3376 6.40398 0.00285 1.98836 1.08065 12 0 0 12 6
2676 3028 6.40398 0.00285 5.42931 0.18345 25 0 0 17 16
2738 2985 6.05194 0.00239 0.45076 1.10358 31 16 3 23 20
861 5522 6.24489 0.01092 0.15099 0.54176 124 107 12 119 90
2673 3062 6.40398 0.00285 5.90052 4.09309 18 0 0 10 9
93 8925 8.73174 0.02725 0.56255 1.35566 63 15 3 63 30
2782 3155 6.40398 0.00285 0.49577 0.44850 26 14 2 22 14
2804 3286 6.40398 0.00285 6.02704 0.33455 12 0 0 7 4
2826 3503 9.40902 0.00530 8.24236 1.91683 14 0 0 6 4
2826 3002 6.40749 0.00272 0.81477 3.09124 26 14 0 11 11
4122 8749 7.75014 0.01137 0.25411 0.38765 110 93 6 104 83
4461 8972 7.27216 0.01277 0.60535 0.70554 122 46 5 111 101
126 4360 9.76398 0.00708 0.44714 0.74703 81 43 11 79 57
4522 4811 9.00147 0.00578 0.50170 0.63242 90 47 3 82 58
2247 6966 7.87190 0.32279 0.24334 1.09860 163 127 20 157 76
2759 3104 6.40398 0.00285 0.31012 0.23573 20 13 3 18 10
2680 3332 6.40398 0.00285 6.36822 0.24228 27 0 0 18 18
5122 5422 9.24610 0.00468 0.61226 0.55883 34 16 14 34 20
2843 3271 6.05536 0.00229 0.73260 0.69774 12 4 1 10 5
2815 3450 6.40043 0.00381 11.67563 178.06862 6 0 0 2 3
863 5345 7.51167 0.01078 0.40659 0.69380 99 73 2 95 88
173 4396 6.75475 0.01432 0.30731 0.43521 154 112 12 152 112
2730 3167 6.40398 0.00285 0.33532 0.66323 23 11 4 20 15
2716 3412 6.40398 0.00285 1.92533 1.60083 13 0 0 8 6
2158 6913 6.55637 0.00962 0.39847 0.45714 145 105 11 145 107
5664 9839 6.49715 0.03266 0.99287 0.60263 63 0 0 58 43
670 5625 9.48427 0.00911 0.28759 0.62932 20 11 4 10 8
203 9012 8.96216 0.02306 0.30039 1.64544 157 122 6 146 123
2837 3373 6.40657 0.00276 0.28007 0.38967 14 6 3 11 6
2806 3063 6.40398 0.00285 0.36004 0.47560 23 13 6 21 14
2631 3241 9.25648 0.00434 6.56793 0.41496 15 0 0 7 8
2830 3144 6.40614 0.00267 2.38177 1.53951 28 3 2 8 14
9009 9490 6.73275 0.01464 0.40092 0.84395 155 119 17 153 133
484 849 6.98685 0.01068 0.25786 0.62181 74 65 4 72 51
4677 8971 8.01522 0.01215 0.83765 0.67260 83 6 4 78 64
2836 3484 7.62272 0.00349 9.23726 0.29074 12 0 0 8 6
2715 3470 7.10438 0.00365 6.79456 0.99701 23 0 0 21 17
2693 3369 6.40398 0.00285 6.30315 0.66027 12 0 0 8 7
2639 3337 8.20220 0.00359 3.86418 5.96003 25 0 0 23 11
2713 3358 6.40398 0.00285 6.30842 0.51358 24 0 0 24 18
2690 3301 6.40398 0.00285 6.58641 0.64771 19 0 0 17 13
2703 3284 6.40398 0.00285 6.71500 0.51205 16 0 0 8 8
2607 2674 6.95131 0.00331 7.25238 1.20268 19 0 0 15 9
3542 7341 8.72719 0.00996 2.11013 2.83310 6 0 1 1 2
2784 3084 6.40398 0.00285 0.61300 2.23441 14 4 2 7 10
2736 3010 6.40398 0.00285 0.55442 0.55883 18 6 9 18 10
2800 3064 6.40398 0.00285 0.28702 0.17471 17 14 1 15 11
7537 8237 6.65261 0.18303 0.58431 1.38423 35 15 8 33 19
2841 2990 6.05674 0.00352 0.63319 2.20992 21 9 1 12 11
2814 3248 6.40398 0.00285 0.34606 0.95573 9 3 4 5 3
7401 7977 9.05972 0.01005 0.26734 0.45456 34 18 13 31 23
4850 9074 9.51765 0.01277 0.60103 1.02144 110 67 2 107 80
2824 3103 6.40394 0.00272 0.41070 0.14804 14 10 0 14 11
3297 3526 8.50382 0.00808 12.84099 1.88014 14 0 0 8 7
2643 3145 7.65286 0.00289 0.78349 0.17246 6 1 2 6 5
1718 6514 9.36961 0.01280 0.22259 0.39267 83 61 19 81 57
9007 9382 7.73482 0.01330 0.35250 0.90482 132 101 15 128 99
3627 8002 8.88253 0.41598 1.01807 1.95605 24 1 1 24 8
2608 2810 6.80089 0.00272 7.59069 1.04155 31 0 0 29 20
2825 3457 6.40238 0.00309 4.44131 4.15793 15 0 0 13 8
2689 3172 6.40398 0.00285 3.08050 5.54093 16 1 0 6 6
5029 9745 9.53113 0.02790 0.24550 0.41778 121 96 15 117 90
2826 3059 6.40749 0.00272 0.80897 2.12744 24 7 2 9 7
3032 3518 6.20419 0.00512 0.27575 1.35422 8 3 2 8 5
2641 3485 9.21889 0.00414 5.28419 0.21850 6 0 0 2 2
4587 4811 9.00147 0.00578 0.50906 0.35498 118 52 12 111 82
3250 3525 8.15197 0.00787 7.50317 0.44762 8 2 0 8 3
3424 3518 6.20419 0.00512 0.27835 0.94378 14 9 4 14 8
2776 3269 6.40398 0.00285 5.89595 0.51813 9 0 0 7 5
2669 3319 6.40398 0.00285 7.20672 3.00960 17 0 0 12 9
864 5283 7.76120 0.01094 0.25596 0.40926 96 62 6 87 68
2639 3373 8.20220 0.00359 5.32569 0.34605 13 0 0 5 6
3625 8072 7.63459 0.35756 0.38110 1.81962 25 5 6 23 8
3623 7683 6.29523 0.30105 0.75006 1.38367 26 9 13 26 8
192 9378 8.50494 0.00648 0.65898 0.46478 116 43 8 112 88
2838 3483 7.62274 0.00313 9.81265 2.33095 11 0 0 11 9
2504 7234 9.10241 0.03692 5.93585 2.11489 9 0 0 7 2
9006 9279 7.98702 0.01232 0.60116 0.74230 140 64 7 140 111
2810 3464 6.56026 0.00328 24.51304 0.18767 28 0 0 4 9
2628 3298 9.44973 0.00426 7.64005 1.14808 14 0 0 10 9
2800 3331 6.40398 0.00285 5.75853 0.77632 12 0 0 9 10
2768 3340 6.40398 0.00285 9.04037 1.32027 9 0 0 7 7
562 5611 6.24451 0.00639 0.32925 0.33804 61 46 6 57 42
2622 2968 9.59882 0.00623 6.11678 0.82614 14 0 0 12 10
2630 3350 9.25582 0.00411 7.17286 0.22900 15 0 0 6 7
3605 7606 6.59265 0.01215 0.27622 0.35827 58 45 11 58 47
2732 3217 6.40398 0.00285 12.05133 0.71491 11 0 0 11 10
2789 3169 6.40398 0.00285 0.70349 0.38359 28 5 0 28 18
5123 5246 8.74712 0.00359 0.37478 0.22206 50 26 11 48 25
463 549 7.23652 0.01020 0.34214 0.66500 80 57 11 76 61
2785 3084 6.40398 0.00285 6.84649 0.17914 11 0 0 9 6
2795 3345 6.40398 0.00285 5.76830 1.17902 8 0 0 8 6
2628 3058 9.44973 0.00426 25.47090 0.24708 19 5 1 9 9
2253 6971 6.98894 0.28253 0.85160 1.44942 189 95 7 183 78
2646 2977 6.75136 0.00384 21.29882 0.19782 15 8 0 9 9
2776 2987 6.05263 0.00229 0.03443 0.31153 21 18 0 15 16
389 9772 9.21003 0.05238 0.62752 0.19180 145 33 5 145 109
2676 3492 8.16151 0.00473 10.11434 3.40444 11 0 0 8 8
2813 3464 6.56026 0.00328 3.74677 4.72364 15 0 0 5 7
2803 3174 6.40398 0.00285 0.77721 0.19979 25 0 1 15 12
3148 7304 9.10339 0.01296 0.48156 1.50037 11 3 0 8 3
4400 4764 8.01713 0.00998 0.30672 0.61166 110 89 13 104 85
2468 7214 9.17721 0.05272 7.75928 0.34035 10 0 0 8 6
2737 3295 6.40398 0.00285 6.41663 2.06753 15 0 0 9 5
5494 5637 8.74625 0.00431 0.10208 0.47478 76 61 9 76 57
2630 3183 9.25582 0.00411 3.65056 9.18414 20 7 1 20 14
2747 3167 6.40398 0.00285 6.80988 21.78277 12 4 0 7 3
2736 3053 6.40398 0.00285 0.35780 1.03136 23 9 3 17 10
2576 7298 9.05415 0.00747 0.43804 0.47230 18 11 4 18 12
611 5610 6.24556 0.00559 0.23885 0.35827 87 65 5 79 59
3601 7752 9.60497 0.00428 0.48740 0.43160 38 24 5 38 27
1057 5840 8.54434 0.05363 0.25341 0.56855 9 3 0 7 4
119 8946 8.26276 0.00659 0.62081 0.91643 70 33 4 66 54
5109 9808 7.98712 0.01357 0.73204 0.56855 109 15 4 99 81
2716 3494 8.35399 0.00442 0.17137 0.65968 17 11 3 14 10
2806 3474 7.10587 0.00331 6.48594 0.84163 18 0 0 13 8
7926 8244 9.97236 0.35706 0.20703 1.77542 26 1 13 26 9
2615 2859 7.09871 0.00574 5.24936 0.38155 29 0 0 25 23
1574 6350 7.83096 0.01764 0.47484 0.60198 50 21 5 44 25
4647 8970 9.27518 0.01148 0.58417 0.63427 69 15 17 64 46
2827 3058 6.40748 0.00285 0.47668 0.17017 33 18 2 29 17
3628 8131 9.34892 0.44545 0.62898 1.70983 28 3 4 24 11
2706 3025 6.40398 0.00285 0.32401 0.45885 20 11 6 13 9
7402 7901 9.05913 0.01004 0.37081 0.43969 42 20 14 39 15
71 8937 6.51924 0.03229 0.35192 1.25648 90 41 4 86 67
463 520 7.23746 0.01013 0.34666 0.61294 70 50 14 70 49
2735 3020 6.40398 0.00285 0.36520 0.16786 19 16 1 15 14
2693 3496 8.35322 0.00486 7.58621 7.73025 16 0 0 14 10
2709 3400 6.40398 0.00285 6.85187 3.33061 23 0 0 15 10
2719 3403 6.40398 0.00285 6.51832 0.30774 11 0 0 9 6
2668 3058 6.40398 0.00285 5.36786 1.53544 14 0 0 10 7
718 853 7.98914 0.00827 0.20805 0.45111 52 40 6 52 35
2607 2729 6.95131 0.00331 7.42449 0.49811 35 0 0 27 22
2791 3459 6.40104 0.00335 6.89074 1.39970 7 0 0 7 6
8169 8239 7.41808 0.23036 0.62899 1.69927 26 7 0 20 5
762 9820 6.56904 0.00938 0.40560 0.69210 67 43 3 56 42
1295 6094 7.57630 0.01924 0.51501 1.09718 54 22 13 52 30
2729 3488 7.80935 0.00384 0.23398 0.28667 10 5 4 10 4
2813 3462 6.56029 0.00345 5.34479 4.54519 11 0 0 11 10
3628 7722 9.34892 0.44545 0.72468 1.79994 39 2 8 36 16
7407 7813 6.91331 0.00872 0.42985 0.59742 38 8 15 38 11
3136 7321 7.81041 0.00846 7.75531 0.50513 9 0 0 9 6
8007 8240 8.19465 0.25490 1.00505 1.48359 22 0 0 20 4
7476 8243 9.30554 0.32993 1.01076 1.54332 33 2 6 31 12
7401 7824 9.05972 0.01005 0.43161 0.64528 28 5 12 28 15
3595 7375 8.16140 0.01351 0.29350 0.10835 36 10 17 29 9
5482 5635 7.75435 0.00635 0.37659 0.55461 78 54 5 76 53
5128 5615 7.22158 0.01699 0.48263 0.97398 74 40 3 68 51
2662 3149 6.40257 0.00293 7.38769 1.50063 30 0 0 19 16
489 5214 6.24625 0.00263 0.16021 0.12820 98 83 12 96 75
207 9380 8.24162 0.01235 0.26129 0.73222 142 104 3 140 108
9423 9573 7.98343 0.01381 0.32903 0.86139 125 88 16 123 81
1733 6508 8.40500 0.01527 0.55323 0.82139 93 40 9 90 65
4400 4559 8.01713 0.00998 0.26046 0.75589 100 79 9 93 74
7400 7594 9.60594 0.00947 0.22700 0.39466 29 13 8 25 15
2778 3284 6.40398 0.00285 5.91095 1.15826 17 0 0 10 13
5121 5451 9.99380 0.00565 0.43303 0.45456 25 13 8 25 11
3370 7320 6.91664 0.00851 0.25867 0.67260 11 5 1 7 7
7992 8244 9.97236 0.35706 0.89349 1.90331 23 4 3 19 13
2814 3418 6.40398 0.00285 0.41699 0.57267 11 4 3 11 5
889 9837 6.88667 0.03243 0.56093 0.77733 45 11 0 32 24
2822 3087 6.40398 0.00285 0.36477 0.76464 29 21 3 25 20
544 5609 6.24125 0.00561 0.18461 0.28939 60 48 7 58 45
3626 7534 8.09599 0.38731 0.59041 1.89754 24 6 7 24 6
2784 3004 6.40398 0.00285 0.31626 0.39762 26 14 4 24 14
478 5579 7.49534 0.00391 0.17952 0.42244 66 51 8 58 40
2626 2944 8.89850 0.00550 7.43310 0.31404 15 0 0 3 5
492 5444 6.00781 0.00301 0.23205 0.17694 99 75 9 89 69
5327 9821 8.02794 0.01188 0.45432 0.91685 53 35 3 47 35
2234 6989 7.81153 0.03854 0.33735 0.96753 148 98 17 144 79
1885 6667 8.84970 0.00816 0.36383 0.52339 142 96 16 129 100
845 5120 9.48635 0.01575 0.22684 0.93461 44 28 5 37 28
7478 8243 9.30554 0.32993 0.53167 1.49148 32 4 4 32 13
919 5706 8.49821 0.51913 0.58509 1.68888 19 3 3 19 11
2718 3185 6.40398 0.00285 1.28266 0.29608 19 1 5 17 11
5015 9733 9.19791 0.01303 0.31051 0.58148 95 67 11 95 67
2628 2917 8.55157 0.00388 5.15078 3.13837 21 0 0 17 14
2667 3014 6.40398 0.00285 6.02430 3.88605 21 0 0 6 11
475 5222 8.24246 0.00481 0.28966 0.50202 32 17 7 30 16
2797 3327 6.40398 0.00285 5.44433 0.69210 22 0 0 20 10
3997 8603 7.27650 0.00526 0.36091 0.43251 85 57 9 83 60
543 5116 7.52289 0.00926 0.41239 0.56855 77 41 12 75 47
7406 8015 7.10498 0.00876 0.21124 0.30774 41 23 12 37 15
28 117 7.51322 0.02861 0.80413 1.16231 90 14 0 88 52
7401 7842 9.05972 0.01005 0.31987 0.57878 41 10 12 39 19
4831 9560 8.47710 0.01590 0.52425 0.94709 144 74 18 142 110
2779 3493 8.16139 0.00448 0.43279 0.26244 19 5 11 17 8
577 5619 7.73959 0.00844 0.41594 0.61485 55 27 4 44 39
7400 8141 9.60594 0.00947 0.28952 0.52339 37 17 6 37 21
5121 5342 9.99385 0.00533 0.33288 0.36262 43 24 14 43 23
3604 8155 7.49435 0.00968 0.06157 0.33102 60 45 13 58 33
485 5256 6.50045 0.00328 0.25528 0.32143 62 47 5 58 39
4848 9150 7.75342 0.01281 0.22739 1.16432 148 105 8 142 113
5125 5257 7.49878 0.00378 0.50547 0.22900 72 33 21 72 42
1591 6408 9.11872 0.00539 0.28611 0.33455 110 94 11 106 90
2707 3233 6.40398 0.00285 6.90501 2.19624 17 0 0 8 8
2641 3096 8.00461 0.00324 0.52025 0.20936 20 6 1 18 9
2726 3114 6.40398 0.00285 0.40053 0.35718 19 8 3 19 9
5124 5418 7.99848 0.00324 0.48842 0.24389 63 34 10 54 44
2757 3171 6.40398 0.00285 0.55297 0.66617 21 5 6 18 8
192 9186 8.50494 0.00648 0.88431 0.74756 117 23 6 115 80
483 5224 6.49639 0.00297 0.34618 0.18557 68 37 8 62 47
2841 3026 6.05536 0.00280 0.48574 0.88823 29 19 3 29 20
9006 9079 7.98702 0.01232 0.58571 1.34203 148 87 10 146 110
2803 3199 6.40398 0.00285 3.90174 4.37005 30 0 0 23 20
2730 3132 6.40398 0.00285 0.22770 0.48698 33 20 6 31 20
865 5220 8.24985 0.01117 0.18424 0.19782 84 69 10 84 58
5127 5606 6.23325 0.01283 0.70169 0.73807 81 16 3 81 63
4470 8970 9.27518 0.01148 0.72029 0.72199 52 10 4 47 37
2604 2844 8.00374 0.00420 9.18624 4.13650 25 0 0 13 14
4446 8973 6.52096 0.01101 0.48855 0.78882 183 107 10 179 135
2798 2980 6.05188 0.00263 21.34076 0.16551 40 18 0 16 8
2976 7321 8.35830 0.00843 1.06534 3.56007 8 3 0 4 5
3601 7824 9.60497 0.00428 0.31916 0.25334 31 16 11 31 20
7432 8239 8.09634 0.22932 0.74877 1.74406 32 4 7 30 13
2808 3327 6.40398 0.00285 14.03071 1.34057 7 0 0 5 4
7405 8106 7.81098 0.00895 0.32266 0.35608 55 25 18 55 26
2750 3059 6.40398 0.00285 21.13043 0.17914 16 5 1 3 6
478 5386 7.49538 0.00345 0.23104 0.21670 48 33 9 46 31
4829 9493 6.74799 0.00606 0.49001 0.25641 181 95 26 169 138
3083 7304 9.10339 0.01296 0.14223 0.26244 11 8 2 11 7
4825 9162 9.25808 0.00555 0.55318 0.22029 89 39 23 83 64
7409 7902 6.20690 0.00801 0.33296 0.36691 69 48 9 64 45
2778 3197 6.40398 0.00285 19.93602 0.17914 28 13 0 10 12
260 4920 8.26468 0.00668 0.39083 0.89700 144 95 13 140 113
2736 3423 6.40398 0.00285 7.25109 2.58225 15 0 0 12 9
2656 3365 6.75414 0.00342 2.99566 0.19383 12 0 0 2 5
2838 3007 6.40657 0.00276 0.99521 3.45536 13 5 0 6 9
7431 8238 7.67812 0.20475 0.40760 1.61204 28 9 9 22 11
1338 6141 9.83211 0.00805 0.60628 0.44937 49 20 3 45 33
1525 6312 6.57218 0.01220 0.41898 0.66027 130 88 6 125 93
9005 9150 8.73968 0.01075 0.36356 0.67493 101 81 10 97 78
2810 3318 6.40398 0.00285 3.85545 2.01363 17 0 0 5 5
1988 6766 7.93599 0.00968 0.13253 0.42704 106 89 12 104 73
2636 3354 8.55311 0.00355 0.74715 0.80746 9 1 1 7 4
2342 7067 9.85319 0.28895 1.02305 1.44483 21 10 3 17 7
2844 3370 6.05536 0.00234 2.55837 0.95368 16 3 0 8 6
2723 3079 6.40398 0.00285 20.01003 0.17914 20 8 1 10 6
501 5118 6.03076 0.00997 0.47418 0.57743 77 40 11 73 54
4829 9243 6.74799 0.00606 0.53982 0.38563 169 88 27 167 134
208 9236 9.49377 0.00923 0.27368 0.62307 100 71 6 98 67
2627 3017 9.79903 0.00493 0.79372 0.27411 19 3 1 13 9
3886 8482 6.50518 0.00561 0.10325 0.29739 119 98 14 116 85
3601 8080 9.60497 0.00428 0.38251 0.25488 36 22 6 36 20
61 118 7.51377 0.02886 1.17463 1.34203 92 0 0 90 76
3298 3522 7.09893 0.00653 10.86984 1.09860 8 0 0 8 4
3006 3519 6.36664 0.00561 13.86303 3.62493 14 0 0 4 7
7407 8163 6.91331 0.00872 0.87587 0.40251 44 13 19 42 14
2783 3287 6.40398 0.00285 2.90836 1.00288 7 0 0 3 2
608 5614 6.74310 0.00708 0.35904 0.38563 79 56 10 73 54
3741 8348 8.26431 0.01712 0.46581 1.04904 79 46 7 73 42
2637 3452 8.54883 0.00428 7.21911 0.25641 7 0 0 1 2
2645 3278 7.65267 0.00267 7.87790 0.39267 21 0 0 14 11
460 643 8.73898 0.00987 0.35590 0.55320 63 45 8 55 39
1000 5763 9.50876 0.00213 11.59321 22.60351 5 0 0 2 4
2668 3266 6.40398 0.00285 11.54055 18.03948 14 0 0 8 9
2767 3302 6.40398 0.00285 4.66328 0.33455 7 0 0 2 4
4847 9158 7.00327 0.01320 0.35773 1.06091 130 80 6 124 90
2677 3203 6.40398 0.00285 7.18734 1.92722 15 0 0 15 10
4594 4810 8.75214 0.00576 0.61709 0.91429 109 44 7 105 81
2686 3315 6.40398 0.00285 6.55859 0.16786 26 0 0 24 16
5540 9829 9.46787 0.01242 1.05791 1.27656 58 8 1 52 44
643 5113 9.52378 0.00448 0.65133 0.25944 40 9 7 36 27
103 4345 6.01391 0.01508 0.27307 0.80211 137 103 13 130 105
609 5608 6.24123 0.00512 0.20809 0.27554 109 88 14 109 79
2702 3263 6.40398 0.00285 24.11094 0.17914 18 0 0 4 6
2599 2755 9.25431 0.00309 9.66880 2.83034 26 0 0 13 8
797 5114 8.77295 0.00711 0.62711 1.12257 44 13 4 42 31
1631 6380 8.58464 0.00555 0.23429 0.56648 91 74 6 86 63
2850 3509 9.21549 0.00616 15.86529 8.95072 13 0 0 6 6
2664 3186 6.40398 0.00285 19.55902 0.17914 26 7 0 12 10
2792 3303 6.40398 0.00285 7.04245 2.21894 8 0 0 1 2
7791 8238 6.99388 0.20592 0.99032 1.50090 14 2 3 11 4
593 852 7.48918 0.00802 0.17627 0.56924 67 51 8 61 45
2836 3072 6.40657 0.00285 0.52524 0.55743 26 9 1 8 11
2644 2985 7.30086 0.00229 0.56766 0.33572 16 9 1 14 11
1156 5958 8.00173 0.00517 4.54363 2.19642 6 0 0 1 3
3203 3521 6.90789 0.00612 6.37432 4.46826 8 0 0 6 4
2309 7051 7.19732 0.08056 0.61139 0.66086 65 24 0 58 34
3623 8082 6.29523 0.30105 0.89733 1.37686 33 10 6 31 9
4832 9559 7.47721 0.01548 0.56375 0.91856 224 142 12 222 196
2671 3155 6.40398 0.00285 5.88044 0.47147 22 0 0 17 12
2686 3334 6.40398 0.00285 3.34941 1.09289 17 0 0 15 7
741 5114 8.77297 0.00640 0.45148 0.43969 48 23 11 42 27
2702 3034 6.40398 0.00285 21.07337 0.17914 16 3 1 3 5
2781 3275 6.40398 0.00285 18.64551 175.29052 10 0 0 6 5
4822 9020 8.51956 0.01038 0.32536 0.56441 83 53 13 71 56
2642 2931 6.75516 0.00285 0.08370 0.41871 15 12 0 13 10
2703 3506 9.59883 0.00639 12.73383 0.38052 13 0 0 13 6
1581 6386 9.13280 0.01228 0.39535 0.32385 42 25 6 40 30
2723 3290 6.40398 0.00285 6.34671 1.63566 15 0 0 8 9
4400 4527 8.01713 0.00998 0.26826 0.57811 126 96 18 123 102
491 5270 6.00586 0.00239 0.16257 0.15826 63 47 11 61 41
2791 3307 6.40398 0.00285 6.71852 2.84496 8 0 0 6 4
746 5624 9.23530 0.00865 0.32205 0.57878 29 16 4 25 20
2783 3093 6.40398 0.00285 0.40425 0.31652 16 11 1 16 11
2664 3504 9.40543 0.00629 10.85662 5.01845 15 0 0 13 10
2691 3135 6.40398 0.00285 5.08998 2.48617 12 0 0 1 2
470 5483 9.73658 0.00820 0.19826 0.47970 39 27 9 39 24
5323 5639 9.75709 0.00391 0.39166 0.21306 49 31 1 42 36
2707 3314 6.40398 0.00285 6.75426 0.73435 9 0 0 6 6
2699 3040 6.40398 0.00285 20.18860 0.17914 16 6 2 1 3
2735 3329 6.40398 0.00285 9.84591 4.03469 6 0 0 4 3
2683 3437 6.40398 0.00285 22.16417 0.17914 9 0 0 2 2
5125 5374 7.49878 0.00378 0.48240 0.39067 80 47 12 76 54
776 5616 7.23625 0.00728 0.33391 0.39762 70 49 10 70 50
168 4559 7.01677 0.01458 1.04652 0.51662 123 1 0 118 93
461 583 7.98719 0.01023 0.29565 0.86003 70 58 9 64 39
1673 6396 6.30488 0.01511 0.25998 0.83837 193 171 8 185 138
2607 2777 6.95131 0.00331 7.99293 3.82264 25 0 0 12 13
4588 8991 8.75338 0.00378 0.44114 1.45131 91 49 7 89 69
459 5127 8.75167 0.00519 0.25899 0.60845 51 38 4 46 38
7473 8243 9.30554 0.32993 1.03266 1.50688 39 5 7 34 14
1607 6453 7.04377 0.01584 0.36804 0.93545 126 93 18 126 96
1607 6450 6.59306 0.01552 0.35855 0.89263 152 107 11 148 115
2881 3515 7.45788 0.00505 10.48583 0.33920 10 0 0 4 4
523 856 9.24182 0.00894 0.37268 0.39167 19 7 6 19 12
208 4859 7.77037 0.01299 0.38876 0.69436 160 131 9 160 137
9334 9569 6.22937 0.01533 0.16482 0.92831 231 198 17 226 175
5124 5371 7.99848 0.00324 0.46968 0.76719 54 30 9 51 38
2788 3249 6.40398 0.00285 0.26653 0.39664 12 4 4 10 3
2718 3320 6.40398 0.00285 6.44888 3.58943 10 0 0 6 7
128 8949 7.26034 0.00539 0.52503 0.53229 141 67 6 137 108
191 9104 9.75330 0.00678 0.60391 0.33572 107 48 5 101 86
2681 3021 6.40398 0.00285 1.82237 4.57003 19 0 3 2 5
810 5612 6.49436 0.00574 0.43927 0.38664 70 32 6 64 47
2796 3441 6.40398 0.00285 6.56261 0.17914 11 0 0 4 2
3133 3527 8.85637 0.00887 9.07150 0.53522 8 0 0 8 5
5342 5638 9.24702 0.00403 0.21433 0.40734 50 34 4 50 33
49 121 9.27475 0.02944 1.03406 1.13574 90 1 0 88 65
7458 8241 8.31632 0.27743 0.56848 1.34261 28 11 2 23 13
2651 3203 6.94995 0.00355 7.93713 3.85336 27 0 0 12 12
2701 3264 6.40398 0.00285 0.25474 0.16551 14 6 8 14 6
2706 3132 6.40398 0.00285 0.69232 0.17246 19 3 2 13 8
194 9132 6.50092 0.00775 0.56465 0.61548 194 105 21 184 148
2809 3401 6.40398 0.00285 5.85273 0.89307 13 0 0 10 11
7400 7806 9.60594 0.00947 1.45121 0.32984 18 5 5 15 5
311 9689 7.44601 0.01735 0.38673 0.56924 136 91 8 129 113
2840 3478 7.46046 0.00365 2.51932 0.77228 9 0 0 9 7
607 850 6.74111 0.00669 0.31860 0.48133 71 55 6 69 55
2817 3261 6.40398 0.00285 1.85374 3.90776 14 0 2 11 6
4829 9345 6.74799 0.00606 0.45529 0.28255 152 90 24 150 111
988 5753 7.01120 0.00786 4.39854 0.44587 7 0 0 5 3
2788 3201 6.40398 0.00285 4.99843 0.68586 23 0 0 23 15
2689 3337 6.40398 0.00285 6.46881 0.45970 17 0 0 15 9
3343 3523 7.61147 0.00684 8.97744 179.59652 7 0 0 7 4
2634 3363 8.90332 0.00381 0.53300 0.20936 8 2 1 4 5
2747 3422 6.40398 0.00285 21.88530 0.17914 10 3 0 5 4
500 5116 7.52588 0.00857 0.54009 0.76413 62 26 5 58 36
2801 3367 6.40398 0.00285 0.82532 0.46140 12 1 4 6 5
2680 3404 6.40398 0.00285 6.60041 1.92661 22 0 0 20 15
193 9048 7.75370 0.00653 0.63475 1.51077 127 77 7 125 101
2691 3081 6.40398 0.00285 5.23121 6.16853 21 0 0 13 9
2685 3460 6.56096 0.00362 6.45871 1.23258 17 0 0 6 11
458 586 9.75501 0.00544 0.33223 0.30132 44 28 7 44 28
3625 7571 7.63459 0.35756 1.22530 1.81531 24 8 3 22 8
5191 9824 6.03985 0.01301 0.85979 0.94998 56 19 1 52 37
2826 3024 6.40749 0.00272 0.98596 3.16644 30 11 0 8 11
4545 4806 7.00676 0.00521 0.64915 0.63674 171 49 3 171 135
3626 8197 8.09599 0.38731 0.93615 2.10115 18 2 6 13 5
2828 3248 6.40749 0.00263 0.22261 0.18767 10 6 1 10 4
3623 7417 9.54830 0.29688 0.29558 1.71532 16 6 3 16 7
480 5480 6.99635 0.00309 0.24282 0.23070 118 95 12 113 87
2700 3441 6.40398 0.00285 0.25046 0.28116 11 9 1 9 7
2758 3139 6.40398 0.00285 0.35242 0.16786 18 11 4 18 11
2724 3281 6.40398 0.00285 6.59826 0.44235 14 0 0 6 8
197 9570 9.72748 0.01942 0.50148 1.13849 113 56 5 109 84
2714 3160 6.40398 0.00285 0.47014 0.66617 19 6 3 14 4
2749 3314 6.40398 0.00285 0.29647 0.63612 10 6 2 6 3
458 643 9.75511 0.00565 0.53735 0.36584 39 22 5 37 25
5524 5637 8.74625 0.00431 0.23181 0.57675 75 50 6 75 47
2737 3506 9.59883 0.00639 18.48924 0.38155 9 0 0 6 5
5510 9823 6.28214 0.01211 1.16425 0.76770 57 1 0 53 44
2708 3307 6.40398 0.00285 0.38163 0.39267 10 7 2 10 8
464 523 6.48775 0.01103 0.26940 0.73382 94 76 4 85 70
2640 3492 9.76240 0.00521 7.99027 0.44235 16 0 0 13 10
788 9822 6.90429 0.00994 0.52022 1.36458 73 44 9 73 52
2840 3066 6.40657 0.00280 3.43210 1.12082 15 0 0 6 6
651 9825 9.39181 0.01121 0.79142 0.75899 35 4 0 33 23
2799 3447 6.40398 0.00285 6.08033 0.80357 11 0 0 6 6
2640 2951 7.10737 0.00335 0.54153 1.72465 13 7 3 11 7
4829 9425 6.74799 0.00606 0.49342 0.25641 155 96 16 149 133
2815 3216 6.40398 0.00285 10.78436 136.43114 7 0 0 7 4
2840 3072 6.40657 0.00280 19.62371 0.14537 19 3 0 4 3
2780 3324 6.40398 0.00285 5.87050 6.45166 16 0 0 2 2
2844 3354 6.05536 0.00234 3.21061 1.49776 8 0 0 3 4
4037 8661 7.75591 0.00258 0.37030 0.62870 127 99 10 123 105
2718 3504 9.40543 0.00629 19.54041 0.36691 7 1 1 3 3
2841 3296 6.05536 0.00280 0.57818 0.61166 14 0 5 12 5
2800 7314 7.45617 0.00507 7.40365 0.19180 15 0 0 13 10
1751 6526 9.37339 0.00696 0.37908 0.32021 112 69 10 110 72
2840 3471 7.10762 0.00331 4.75790 0.22728 9 0 0 7 5
2678 3246 6.40398 0.00285 19.71232 0.17914 8 2 0 3 4
2819 3277 6.40398 0.00285 4.87332 1.22237 23 0 0 17 15
485 5343 6.50045 0.00328 0.25509 0.36154 78 52 14 76 46
5347 9820 9.04339 0.01179 0.68079 0.93041 37 14 3 29 19
488 5272 6.24525 0.00301 0.30740 0.26834 72 55 12 72 51
2832 3336 6.40614 0.00244 5.13365 3.23858 16 0 0 8 10
7520 8240 8.19465 0.25490 0.63946 1.66130 22 3 2 16 6
5121 5493 9.99380 0.00565 0.28694 0.64041 37 23 10 35 21
2782 3433 6.40398 0.00285 5.96593 0.67666 15 0 0 13 8
2709 3329 6.40398 0.00285 0.24996 0.45714 17 13 1 17 13
3625 8092 7.63459 0.35756 0.21344 1.78685 17 4 6 15 7
10337 10474 9.54936 0.02563 0.60902 0.30001 69 19 5 65 53
4754 8988 6.50838 0.00491 0.48151 0.39067 168 97 4 166 144
2694 3033 6.40398 0.00285 5.02935 10.37513 23 10 0 4 6
2742 3084 6.40398 0.00285 19.08184 0.17914 15 6 1 2 6
2754 3053 6.40398 0.00285 0.54751 0.31775 15 4 5 10 6
2762 3401 6.40398 0.00285 6.00558 0.50435 15 0 0 13 11
486 5179 6.24526 0.00313 0.18806 0.30001 74 64 7 68 50
715 9825 9.39167 0.01103 0.78719 0.67609 40 3 0 38 29
3155 7322 8.67709 0.00862 3.61981 5.42910 11 0 0 11 5
471 5366 9.49325 0.00644 0.36204 0.57539 38 24 9 38 26
4651 8989 7.25774 0.00503 0.45643 0.55461 144 83 10 142 111
2636 3393 8.55311 0.00355 0.59286 1.04193 12 4 2 12 6
3623 7664 6.29523 0.30105 0.62687 1.45643 31 23 2 27 15
2804 3242 6.40398 0.00285 5.52809 1.76481 13 0 0 8 8
3344 3527 8.85637 0.00887 12.51525 0.51282 6 0 0 6 2
3897 8503 6.99324 0.01523 0.36839 0.77884 199 172 13 199 155
2776 3107 6.40398 0.00285 0.36584 0.56163 30 18 1 28 23
2638 3457 8.19919 0.00420 0.24756 0.81469 9 4 0 9 6
2729 3413 6.40398 0.00285 6.42936 0.22029 13 0 0 13 9
7404 7840 7.81132 0.00937 0.36466 0.42521 34 12 17 32 10
7405 7561 7.81098 0.00895 0.29765 0.31775 47 31 11 45 26
5505 5638 9.24702 0.00384 0.15127 0.56093 55 35 7 55 31
791 852 7.48918 0.00772 0.29476 0.35054 70 50 11 66 40
2677 3356 6.40398 0.00285 6.75824 2.84565 31 0 0 31 20
2679 3439 6.40398 0.00285 0.34631 0.21122 11 7 1 11 7
4612 4812 9.50068 0.00604 0.40787 0.51662 87 55 8 78 55
2823 3413 6.40398 0.00285 4.55516 5.65326 16 0 0 16 11
2348 7075 8.24346 0.23853 0.52580 0.11869 26 6 6 26 12
3408 3524 7.80041 0.00741 7.43988 0.42796 9 1 0 7 5
2704 3136 6.40398 0.00285 0.33959 0.38664 17 9 2 15 7
2665 3145 6.40398 0.00285 7.21562 5.05369 24 0 0 15 19
3367 7304 9.10339 0.01296 6.27396 0.20748 8 0 0 6 6
2608 2683 6.80089 0.00272 0.63962 0.96874 16 10 1 13 11
3543 7321 8.69463 0.01121 0.72265 0.60263 19 3 15 19 7
2778 3027 6.40398 0.00285 19.97434 0.17914 22 7 0 9 9
491 5503 6.00583 0.00249 0.27227 0.12511 90 67 11 86 63
2803 3370 6.40398 0.00285 2.24831 13.34893 7 0 0 1 1
2827 3116 6.40748 0.00285 5.30647 0.46225 18 0 0 13 7
2605 2764 7.50224 0.00414 9.28581 6.50596 30 0 0 19 17
2657 3330 6.75414 0.00328 7.71887 1.51077 10 0 0 5 7
3301 3519 6.36664 0.00561 12.73195 0.31652 16 0 0 6 9
2702 3054 6.40398 0.00285 5.09866 1.15792 20 0 0 18 16
2802 3482 7.62005 0.00324 7.83803 0.35388 18 0 0 16 13
4636 8971 8.01522 0.01215 1.04440 0.66146 82 0 0 79 61
191 9145 9.75330 0.00678 0.74180 1.41056 93 29 8 91 62
2838 3453 6.40297 0.00293 1.76321 4.31974 14 0 0 5 1
2802 3262 6.40398 0.00285 21.97953 0.17914 18 0 0 1 3
2789 3500 8.86156 0.00576 0.59961 0.47147 17 6 6 13 8
8086 8244 9.97236 0.35706 0.94239 1.71851 24 8 2 15 7
475 5497 8.24243 0.00526 0.20685 0.28255 51 36 13 47 29
4847 9267 7.00327 0.01320 0.33344 1.21305 151 101 4 149 112
2251 7008 9.55925 0.08831 0.22006 0.35388 107 90 7 103 80
9009 9276 6.73275 0.01464 0.32724 0.94212 180 151 12 173 143
57 119 8.00974 0.02888 1.13111 1.39690 71 0 0 69 54
7408 7483 6.56028 0.00823 0.41053 0.29871 70 43 17 68 47
2843 3123 6.05536 0.00229 1.18252 4.82158 21 8 2 12 13
863 5463 7.51172 0.01102 0.37475 0.71107 105 82 8 103 75
2790 3372 6.40398 0.00285 1.13877 0.21489 14 6 0 8 6
2628 2958 8.55022 0.00414 0.98041 0.86592 18 2 3 9 10
5501 5636 8.24541 0.00481 0.14363 0.31898 76 54 17 72 52
43 4345 8.76917 0.02720 0.83050 1.60425 66 1 0 64 39
7507 8236 6.30719 0.16214 0.40083 1.17670 35 13 8 33 14
9005 9293 8.73968 0.01075 0.44337 0.88603 104 66 14 100 78
2794 3422 6.40398 0.00285 4.47190 1.30326 10 0 0 10 5
184 4768 8.99946 0.00949 0.47508 1.12779 87 36 6 81 55
2763 3164 6.40398 0.00285 3.75972 2.56857 20 4 0 5 6
2914 7318 6.01932 0.00879 1.10589 0.85684 8 1 0 5 5
2816 3043 6.40398 0.00285 0.24517 0.16551 19 10 5 19 10
2761 3209 6.40398 0.00285 8.01545 0.17017 31 0 0 27 25
2638 3352 8.20217 0.00365 24.42685 0.20748 14 0 2 9 5
2645 3247 7.65267 0.00267 7.92558 2.01693 17 0 0 15 13
2794 7315 8.35210 0.00689 8.05336 1.63614 7 0 0 1 3
2936 3527 9.75234 0.00904 15.41320 2.01421 9 0 0 5 2
2608 2733 6.80089 0.00272 6.59060 0.48859 36 0 0 25 17
3616 8240 6.84794 0.13335 0.29451 0.50822 32 12 14 32 13
470 5193 9.73663 0.00778 0.43709 0.64831 41 16 11 41 23
2630 3112 9.25582 0.00411 1.41856 3.28920 17 2 1 15 11
2678 3156 6.40398 0.00285 4.79207 2.39833 19 0 0 13 8
9329 9573 7.98343 0.01381 0.28540 0.81757 157 129 14 157 119
2271 7021 8.30141 0.13007 0.51985 0.56648 200 95 15 193 151
3868 8474 7.77673 0.00796 0.30301 0.50358 75 59 8 75 58
889 9842 7.70248 0.03108 0.67395 0.68013 37 11 2 31 27
4400 4482 8.01713 0.00998 0.34340 0.74283 116 81 13 109 94
489 5176 6.24625 0.00263 0.25127 0.27836 50 41 3 45 35
2758 3286 6.40398 0.00285 6.05897 7.22075 11 0 0 11 5
3454 3523 7.61356 0.00629 13.03673 0.45284 12 0 0 8 5
619 855 8.74008 0.00816 0.41194 0.53959 31 15 1 29 16
2845 7316 8.86748 0.00813 8.68611 0.17246 22 0 0 19 15
2829 3360 6.40675 0.00276 3.98852 0.43521 14 0 0 14 10
3368 3522 7.09893 0.00653 8.17227 0.37115 11 0 0 1 4
7406 8111 7.10498 0.00876 0.50738 0.73966 41 15 17 41 20
54 122 9.52498 0.02977 1.44987 1.05721 55 0 0 55 36
2836 3264 6.40657 0.00285 3.45150 1.26640 19 0 0 17 9
2598 2652 9.10216 0.00280 12.58606 6.98786 23 0 0 13 15
2797 3243 6.40398 0.00285 5.96773 5.89415 13 0 0 13 9
2918 3517 6.74798 0.00544 9.20883 2.62316 12 0 0 12 4
3628 7966 9.34892 0.44545 0.81643 1.78092 33 1 10 33 12
2817 3027 6.40398 0.00285 21.17531 0.17914 20 10 1 9 12
2835 3445 6.40660 0.00258 2.25465 0.53449 9 0 0 5 5
2820 3253 6.40398 0.00285 4.82476 2.17006 18 0 0 2 7
7403 8146 8.35530 0.01010 0.06936 0.40251 44 24 17 44 22
2651 3180 6.94995 0.00355 21.83216 0.18767 18 4 0 9 8
2786 3137 6.40398 0.00285 6.13083 0.17914 13 0 0 8 7
8100 8238 6.99388 0.20592 0.65864 1.50662 31 11 6 29 15
2780 3178 6.40398 0.00285 0.86248 0.51358 30 7 2 30 18
2662 3031 6.40257 0.00293 7.64365 0.86547 16 0 0 16 14
2679 3162 6.40398 0.00285 4.83207 1.49462 20 0 0 9 8
4787 8994 9.76495 0.00752 0.42407 0.40348 62 29 6 53 40
2977 7306 6.25690 0.01358 0.20118 0.67609 7 4 0 2 4
2674 3151 6.40398 0.00285 20.17882 0.17914 14 2 0 5 7
2697 3248 6.40398 0.00285 0.07697 0.59347 11 5 2 9 4
4652 4808 7.74387 0.00445 0.31017 0.36691 177 133 10 163 115
2766 3175 6.40398 0.00285 0.70037 0.16786 17 4 2 17 9
1607 6464 9.88065 0.01473 0.64832 0.85318 116 38 9 100 73
7404 8224 9.74536 0.01637 0.92396 1.06459 33 4 2 29 10
462 627 7.74780 0.01089 0.38627 0.68984 61 26 8 55 38
2636 3142 8.55311 0.00355 0.43649 0.17694 18 10 6 18 14
2692 3143 6.40398 0.00285 0.94561 3.36511 28 15 1 20 12
484 5500 6.49635 0.00338 0.28041 0.28255 80 58 15 76 53
2636 3432 8.55311 0.00355 0.53567 0.94667 13 4 3 10 7
600 5624 9.23529 0.00858 0.31954 0.48698 27 23 3 27 15
185 4757 9.99334 0.00998 0.61566 1.14637 75 15 3 66 48
2639 3019 8.20220 0.00359 6.39323 0.34830 24 0 0 24 19
4399 4720 8.26455 0.01110 0.41102 0.62432 129 89 18 127 107
2630 3177 9.25582 0.00411 25.77367 0.22900 21 3 0 7 8
2173 6942 8.55407 0.08073 0.45407 1.50168 88 52 11 83 36
4826 9341 8.75704 0.00535 0.60743 0.50046 134 60 16 130 104
2686 3195 6.40398 0.00285 22.99394 0.17914 23 1 2 13 5
5109 9809 7.38491 0.01363 0.49943 0.59479 100 47 7 100 72
2753 2998 6.40398 0.00285 5.50761 1.89548 23 0 0 21 14
2677 3377 6.40398 0.00285 6.54759 4.96262 17 0 0 13 10
609 5114 8.77295 0.00637 0.58431 0.47642 74 29 9 70 52
4678 4810 8.75214 0.00576 0.44913 0.97398 115 68 7 109 88
7488 8240 8.19465 0.25490 0.79301 1.56973 25 5 2 23 11
2710 3183 6.40398 0.00285 1.22835 0.24866 26 5 0 18 16
3400 3529 9.59165 0.00942 13.93074 0.95900 6 0 0 3 5
2635 3285 8.90410 0.00342 5.97580 6.40254 8 0 0 6 2
4398 4748 8.51564 0.01017 0.42221 0.58350 128 83 11 124 104
5568 9828 8.15362 0.01264 0.95228 1.19877 62 16 2 60 42
2655 3095 6.75414 0.00331 0.65069 6.84521 16 0 0 12 8
2745 3286 6.40398 0.00285 6.49213 0.51813 10 0 0 10 5
2649 3290 6.95051 0.00324 7.50609 3.81947 13 0 0 10 11
746 5117 6.75247 0.01023 0.35058 0.65730 69 37 9 60 41
2682 3390 6.40398 0.00285 6.53561 2.34118 16 0 0 14 9
4850 9385 9.51765 0.01277 0.48261 0.78235 108 65 0 102 85
2702 3360 6.40398 0.00285 6.72187 1.56748 22 0 0 13 9
3644 8248 9.32700 0.45631 0.81787 1.31314 49 24 8 49 18
2734 3211 6.40398 0.00285 0.27736 0.82472 16 10 2 14 7
747 5617 7.48980 0.00789 0.24799 0.70554 45 31 1 45 30
5125 5216 7.49878 0.00378 0.38538 0.25334 62 29 14 60 29
3623 7491 6.29523 0.30105 0.72889 1.50142 29 18 3 21 11
2633 2905 8.00656 0.00431 0.36947 0.30132 33 22 0 31 24
2339 7067 7.62322 0.23002 0.31126 0.60523 32 16 6 32 19
2687 3476 7.10655 0.00342 6.23774 0.86411 19 0 0 17 15
2702 3077 6.40398 0.00285 5.08186 2.53528 26 0 0 22 16
4828 9376 7.25384 0.00544 0.52334 0.65312 157 98 8 151 119
2804 3113 6.40398 0.00285 0.32630 0.19782 19 11 4 14 10
2793 3398 6.40398 0.00285 6.25981 0.99426 14 0 0 5 7
2780 3012 6.40398 0.00285 0.36724 0.16786 15 6 6 10 7
4484 4807 7.25598 0.00505 0.47824 0.79672 180 117 5 180 149
491 5490 6.00583 0.00249 0.15356 0.24066 90 72 13 88 61
7406 7941 7.10498 0.00876 0.24022 0.48295 38 20 7 33 18
7428 8237 7.33636 0.18131 0.35752 1.53951 27 10 6 22 12
2632 2969 8.00387 0.00439 7.09191 2.17601 20 0 0 14 7
5128 5623 9.21949 0.01769 0.53691 1.02067 59 42 6 57 43
3082 3525 8.15197 0.00787 13.76985 0.50513 11 0 0 11 5
2666 3062 6.40398 0.00285 6.79268 4.77102 15 0 0 10 6
2743 3356 6.40398 0.00285 0.49469 0.64891 15 6 1 13 7
2751 3384 6.40398 0.00285 0.68708 0.40638 15 3 2 12 8
2607 2704 6.95131 0.00331 7.93996 3.13700 36 0 0 24 19
4516 8992 9.26182 0.00359 0.85441 1.88326 67 9 1 60 40
2668 3064 6.40398 0.00285 19.55120 0.17914 12 0 0 8 9
5482 9823 6.28214 0.01211 0.88795 0.83509 92 17 3 88 60
2646 3482 8.51381 0.00359 24.24835 0.20367 14 0 0 4 7
3271 3519 6.36664 0.00561 9.87276 0.92154 13 0 0 13 9
3605 7770 6.59265 0.01215 0.31941 0.33338 55 33 14 49 33
460 790 8.73896 0.01070 0.45065 0.64285 64 42 16 64 42
2747 3119 6.40398 0.00285 1.53068 5.18928 17 5 0 15 9
2783 3208 6.40398 0.00285 6.70355 12.90041 28 1 0 25 21
1626 6468 7.58277 0.01230 0.24168 0.69886 153 122 17 147 101
3090 3526 8.50382 0.00808 12.86112 0.44937 13 0 0 4 3
2659 3301 6.40257 0.00320 7.23209 3.70507 22 0 0 16 12
4580 4807 7.25598 0.00505 0.45245 0.70443 138 80 2 132 100
7581 8236 6.30719 0.16214 0.37328 1.20138 30 8 12 28 11
3175 3519 6.36664 0.00561 7.22954 6.58696 11 0 0 1 5
2784 3377 6.40398 0.00285 0.13360 0.42151 9 5 3 9 4
623 5617 7.48980 0.00777 0.38312 0.51052 52 36 7 47 35
2833 3140 6.40614 0.00229 2.24390 1.93189 23 0 1 16 17
862 5521 6.49874 0.01075 0.14722 0.44146 88 73 3 86 65
2862 7316 7.62189 0.00760 8.12379 2.76074 13 0 0 11 8
2738 3085 6.40398 0.00285 0.46189 0.18345 24 15 5 19 10
2803 3124 6.40398 0.00285 0.29094 0.46730 22 11 4 18 9
8142 8243 9.30554 0.32993 0.47815 1.54205 36 12 4 36 10
2708 3150 6.40398 0.00285 5.00565 0.45970 19 0 0 13 11
1932 6724 7.76072 0.03499 0.32337 0.23573 117 84 7 117 91
901 5691 9.96555 0.53765 0.56795 1.26052 25 9 8 21 12
2734 3025 6.40398 0.00285 0.17865 0.30774 29 22 5 27 18
2780 3001 6.40398 0.00285 4.67515 0.17694 20 0 0 20 13
2836 3149 6.40657 0.00285 0.33711 0.51813 25 15 1 21 15
9208 9570 6.72945 0.01538 0.14977 0.90309 192 165 8 184 140
782 5113 9.52376 0.00530 0.88763 0.55813 16 2 4 12 7
4729 4806 7.00676 0.00521 0.64802 0.54249 207 76 1 197 153
2835 3263 6.40660 0.00258 3.22306 1.76547 7 0 0 5 5
434 9804 6.96082 0.00662 0.39038 0.60393 241 153 16 239 199
2733 3378 6.40398 0.00285 5.10099 7.01906 7 0 0 3 4
2693 3276 6.40398 0.00285 6.51358 1.08858 13 0 0 9 9
754 5116 7.52292 0.00949 0.50985 0.61294 53 23 8 48 26
5126 5542 7.24670 0.00478 0.35925 0.28804 55 34 19 53 29
5460 5639 9.75709 0.00375 0.36834 0.92196 48 26 9 44 28
3240 3527 8.85637 0.00887 9.85867 11.35539 10 0 0 6 5
2705 3345 6.40398 0.00285 1.24513 9.07450 9 0 0 7 5
7656 8242 8.75250 0.30328 0.49987 1.26764 26 3 3 20 11
2691 2985 6.05194 0.00239 0.57555 0.20558 7 3 0 2 4
2597 7291 7.21120 0.00539 9.28011 1.95885 21 0 0 17 11
5425 9821 8.02802 0.01212 0.64340 0.60263 38 14 0 36 23
2720 2997 6.40398 0.00285 5.14352 4.38338 17 0 0 13 11
4506 8991 8.75338 0.00378 0.55434 0.99740 80 37 9 77 57
2676 3375 6.40398 0.00285 3.20351 8.02424 17 4 0 13 10
551 5116 7.52289 0.00926 0.49674 0.57743 67 33 6 61 38
2655 2996 6.75414 0.00331 0.55784 0.19782 14 6 1 14 11
459 511 9.25250 0.00778 0.39583 0.47313 43 25 6 39 22
2798 3316 6.40398 0.00285 7.82064 0.50046 7 0 0 5 5
7406 8194 7.10498 0.00876 0.37234 0.30901 45 27 12 43 27
184 4770 8.99995 0.00954 0.47510 1.62751 93 46 0 86 70
2677 3395 6.40398 0.00285 6.82353 0.69041 10 0 0 4 7
780 852 7.48918 0.00772 0.28437 0.73222 72 44 5 62 46
2768 3373 6.40398 0.00285 8.33313 0.76872 12 0 0 12 8
4828 9234 7.25384 0.00544 0.52040 0.51889 165 106 13 165 128
3205 7321 7.81041 0.00846 7.27620 4.80310 8 0 0 1 4
1782 6557 8.34095 0.00919 0.27220 0.45111 131 93 24 129 93
863 5615 6.28153 0.01300 0.34983 0.64346 139 107 6 137 110
5127 5180 6.24644 0.00565 0.51484 0.34492 81 37 3 79 57
2689 3454 6.40184 0.00338 6.59464 2.88677 27 0 0 27 14
4827 9393 8.00089 0.00533 0.52730 0.88160 122 73 11 118 86
2630 3017 9.25582 0.00411 1.35181 2.09872 17 2 0 14 13
5111 9817 8.34098 0.01214 0.65509 0.95940 70 26 3 59 46
2786 3111 6.40398 0.00285 6.85119 3.03680 16 0 0 11 8
2704 3058 6.40398 0.00285 0.48546 0.40830 25 11 4 23 15
475 5416 8.24246 0.00481 0.32411 0.36369 54 31 8 52 39
4486 4813 9.99903 0.00635 0.47460 1.05276 97 54 3 86 59
2735 3262 6.40398 0.00285 24.02734 0.17914 15 0 1 2 3
2744 3500 8.86156 0.00576 8.44060 3.67876 7 0 0 7 6
3624 8167 6.75200 0.32724 0.77420 1.51930 35 5 2 30 9
5125 5260 7.49878 0.00378 0.42662 0.21122 69 36 9 66 45
476 5283 7.99576 0.00458 0.30944 0.27554 80 50 13 78 47
2829 3096 6.40675 0.00276 0.17867 0.16551 36 24 3 25 22
2653 3351 6.75493 0.00301 0.73665 0.94791 10 2 2 8 3
2309 7040 6.22023 0.07880 0.31016 0.87670 84 67 4 82 63
185 4725 9.99334 0.00998 0.41128 0.87804 95 44 6 83 64
3628 8102 9.34892 0.44545 0.98027 1.79166 35 8 5 31 14
2775 3195 6.40398 0.00285 5.43031 0.82756 20 0 0 16 9
2707 2998 6.40398 0.00285 20.91182 0.17914 12 4 0 2 5
3167 7323 9.40784 0.00911 33.50774 44.80658 5 0 0 1 2
2740 3396 6.40398 0.00285 0.33808 0.16786 7 2 2 3 3
4026 8648 6.75228 0.00378 0.41438 0.30901 101 61 13 101 78
479 5305 7.50108 0.00276 0.30593 0.28531 79 59 8 77 57
2820 3000 6.40398 0.00285 0.43680 0.41871 23 11 2 19 11
2659 2984 6.05049 0.00280 8.39645 0.36262 19 0 0 14 9
2628 3430 9.44973 0.00426 7.19428 3.58288 15 0 0 13 13
2951 7320 7.81232 0.00851 2.96391 8.97395 6 1 0 4 3
5293 5635 7.75436 0.00666 0.45046 0.50822 69 45 4 67 47
3627 7730 8.88253 0.41598 0.46042 1.89919 26 2 9 26 9
7400 7868 9.60594 0.00947 0.36728 0.33804 38 17 17 36 17
2633 3308 8.90332 0.00403 26.25995 0.23070 9 3 0 3 5
7741 8237 6.65261 0.18303 0.48871 1.37059 31 10 8 29 13
944 5726 7.01259 0.10025 0.40919 0.63180 13 4 2 13 7
2735 3131 6.40398 0.00285 0.54182 0.17246 23 10 4 23 14
2761 3317 6.40398 0.00285 6.34540 2.47401 10 0 0 4 6
7409 7746 6.20690 0.00801 0.23792 0.29871 55 36 12 53 31
2774 3283 6.40398 0.00285 7.17918 1.79842 12 0 0 10 9
2666 3312 6.40398 0.00285 0.58174 0.36584 8 2 1 5 5
2704 3185 6.40398 0.00285 1.11635 2.56750 19 5 5 16 12
381 9765 8.64888 0.03799 0.29707 0.37534 94 58 16 90 54
501 849 6.24008 0.00655 0.15958 0.32626 90 78 6 88 71
2812 3208 6.40398 0.00285 7.94454 3.88756 8 0 0 2 5
630 9824 8.34631 0.01070 0.47931 0.85455 15 8 3 15 11
501 9817 8.22116 0.00884 0.79517 0.91941 56 21 3 48 35
2638 3414 8.20217 0.00365 7.54604 0.18767 10 0 0 6 4
2676 3321 6.40398 0.00285 7.00399 2.02294 17 0 0 7 11
2733 3039 6.40398 0.00285 1.59098 5.79718 15 8 1 12 10
463 562 7.23652 0.01020 0.29663 0.60263 90 68 12 82 65
2626 3226 9.79770 0.00565 7.79736 0.30390 21 0 0 18 12
5442 9823 6.28214 0.01211 0.98465 0.94750 96 12 0 96 79
3715 8323 9.55443 0.01642 0.28151 0.72632 57 41 4 49 36
3602 8139 8.90055 0.00544 0.27050 0.27836 34 21 4 27 15
184 4524 8.99461 0.01007 0.61435 0.78833 107 41 5 101 75
1593 6430 9.85235 0.00793 0.56847 0.50358 72 42 5 68 44
3372 3520 6.55454 0.00604 8.24805 20.43967 13 3 0 4 4
2670 3479 7.45863 0.00324 6.55929 1.03741 16 0 0 12 10
4404 4632 6.26224 0.00651 0.70533 0.45197 126 16 1 124 88
3627 7685 8.88253 0.41598 1.19347 1.91500 26 4 6 24 5
2787 3154 6.40398 0.00285 20.03066 0.17914 14 7 3 10 3
2786 3409 6.40398 0.00285 0.70253 0.84488 11 2 2 11 4
2842 3190 6.05536 0.00249 2.25619 2.50374 24 4 2 12 12
4850 9127 9.51765 0.01277 0.38073 0.71162 115 76 9 113 86
2762 3080 6.40398 0.00285 0.24109 0.35718 19 14 1 14 15
1628 6470 8.11766 0.01319 0.37142 0.74965 150 115 10 146 95
2660 3352 6.40257 0.00316 6.47967 7.19549 13 0 0 9 7
460 527 8.73992 0.00953 0.47196 0.60068 56 33 8 56 41
2739 3336 6.40398 0.00285 7.13167 3.03822 15 0 0 6 8
2198 6962 7.54974 0.13263 0.92680 3.15939 130 93 12 121 42
3601 7669 9.60497 0.00428 0.57386 0.45800 32 16 7 28 18
2599 2800 9.25431 0.00309 11.15375 1.94622 29 0 0 18 14
2807 3066 6.40398 0.00285 0.31948 0.17017 22 18 2 20 16
4849 9259 8.52201 0.01302 0.28329 0.74913 113 82 8 110 91
5126 5229 7.24674 0.00450 0.23868 0.31153 58 39 13 54 32
3602 8008 8.90055 0.00544 0.43820 0.45628 38 16 16 27 20
8073 8237 6.65261 0.18303 0.66559 1.31403 37 16 10 35 20
816 5616 7.24026 0.00618 0.25482 0.41496 96 74 14 96 68
2721 3286 6.40398 0.00285 6.64944 0.17914 6 0 0 4 2
3628 8107 9.34892 0.44545 0.84379 1.96084 30 1 4 28 11
2778 3111 6.40398 0.00285 21.05769 0.17914 16 5 1 10 9
3088 7321 7.81041 0.00846 7.89493 0.77025 12 0 0 10 8
2835 3387 6.40660 0.00258 5.07471 2.11452 9 0 0 7 5
2839 3272 6.40657 0.00267 0.64676 0.34264 21 5 2 21 10
4398 4696 8.51564 0.01017 0.54004 0.71382 130 72 20 128 110
205 9247 6.23936 0.01072 0.52039 0.64831 225 126 6 213 168
5240 5635 7.75436 0.00666 0.38243 0.43521 76 47 4 74 49
2761 3488 7.80935 0.00384 23.06327 0.22206 11 0 0 2 5
3334 7321 7.81041 0.00846 6.27807 0.35498 7 0 0 7 5
2844 3104 6.05536 0.00234 0.57825 0.14804 21 11 0 19 16
2645 3218 7.65267 0.00267 7.85420 1.08787 26 0 0 26 20
2648 3019 7.30119 0.00369 6.54838 7.11268 7 0 0 2 3
2801 3422 6.40398 0.00285 6.38189 2.44457 17 0 0 8 7
2657 3380 6.75414 0.00328 0.83666 0.36154 13 3 3 13 6
846 9824 6.28148 0.01334 0.57193 0.80842 87 37 4 83 57
2734 3431 6.40398 0.00285 0.24567 0.90698 10 5 1 8 3
5127 5447 6.24645 0.00594 0.44918 0.36797 86 42 3 80 61
4816 8986 6.48856 0.01015 0.31900 0.63674 90 64 9 88 73
2765 3386 6.40398 0.00285 6.02037 0.45197 18 0 0 10 8
2675 3153 6.40398 0.00285 0.34930 0.17471 18 8 5 18 10
2695 3393 6.40398 0.00285 6.48162 0.18557 17 0 0 13 11
2636 3156 8.55311 0.00355 0.55106 0.20174 19 10 0 17 13
2800 3472 7.10492 0.00372 5.73208 0.48376 13 1 0 5 6
178 4814 8.27460 0.01223 0.65301 0.79525 100 43 8 94 75
2733 3090 6.40398 0.00285 0.23639 0.17017 11 6 2 8 5
4521 4806 7.00676 0.00521 0.64000 0.62055 219 84 2 209 162
3625 8196 7.63459 0.35756 0.57417 1.75524 20 6 10 13 6
3628 8158 9.34892 0.44545 0.69461 1.81575 35 0 4 35 10
9008 9349 7.23409 0.01358 0.37658 1.14535 184 140 14 181 146
2776 3268 6.40398 0.00285 5.93432 3.62396 13 0 0 6 6
2773 3260 6.40398 0.00285 6.53395 16.93964 13 1 1 5 5
2766 3190 6.40398 0.00285 1.96110 0.20174 29 6 3 20 16
2631 2982 8.90458 0.00409 4.53327 17.10313 24 3 2 7 12
2780 3041 6.40398 0.00285 4.61767 0.96874 16 0 0 14 5
1856 6647 7.96248 0.01578 0.40077 0.27268 130 84 6 127 92
471 5402 9.49325 0.00644 0.49015 0.39167 37 16 4 32 23
2798 3321 6.40398 0.00285 6.11680 2.16609 16 0 0 9 8
2716 3437 6.40398 0.00285 6.75394 10.98516 10 0 0 6 5
7408 8216 7.08631 0.01524 0.15110 0.85592 48 38 4 48 29
2658 3476 7.10520 0.00378 6.99206 3.94526 20 0 0 14 14
2731 2992 6.40535 0.00254 0.24196 0.51662 14 9 4 14 9
2787 3117 6.40398 0.00285 18.95744 0.17914 14 5 0 6 7
2817 3099 6.40398 0.00285 0.56230 0.50202 31 10 3 29 18
2704 3266 6.40398 0.00285 5.61644 6.68577 11 0 0 7 8
2602 2686 8.35885 0.00316 8.20039 2.06867 16 0 0 3 8
689 9823 7.44416 0.00975 0.60279 0.69830 66 28 2 64 53
5420 5634 7.24101 0.00744 0.28300 0.52489 90 74 6 88 69
573 5118 6.02977 0.01001 0.51412 0.64528 67 26 11 58 44
2650 3496 8.89841 0.00530 6.52213 0.34943 14 0 0 12 5
2712 3107 6.40398 0.00285 0.43103 0.44675 39 24 4 39 31
4586 4812 9.50068 0.00604 0.46156 0.66205 98 59 6 94 61
3147 3519 6.36664 0.00561 14.14878 0.35608 16 0 0 12 10
427 9801 8.51144 0.01122 0.56326 0.37220 127 38 12 121 76
3625 7958 7.63459 0.35756 0.45429 1.84568 19 4 3 19 6
3429 7305 7.85687 0.01343 0.43492 0.32385 7 2 0 5 5
2761 3035 6.40398 0.00285 0.52856 0.39762 17 8 6 17 13
2789 3425 6.40398 0.00285 0.69503 1.06349 8 3 2 6 4
4828 9053 7.25384 0.00544 0.61046 0.62055 142 72 14 138 111
2820 3271 6.40398 0.00285 4.92538 0.29608 17 0 0 9 10
5486 9825 6.36383 0.01340 0.74177 0.78882 83 28 0 81 60
2695 3065 6.40398 0.00285 0.36285 0.19383 13 6 3 11 6
1406 6196 9.38641 0.01083 0.21595 0.53595 122 106 9 122 98
3662 8272 8.93003 0.22587 0.44507 0.40926 69 30 16 67 40
117 4352 7.26536 0.00687 0.24279 0.34035 90 65 11 86 55
3624 7483 6.75200 0.32724 1.22482 1.56873 31 2 4 31 12
2662 3408 6.40257 0.00293 0.26442 0.35277 13 6 2 9 5
2704 3455 6.40101 0.00345 6.38975 0.26541 11 0 0 11 6
2676 3149 6.40398 0.00285 5.42821 0.40638 22 0 0 18 13
560 5622 8.48923 0.00875 0.35887 0.51738 38 24 6 36 26
2672 3131 6.40398 0.00285 14.83265 0.17914 18 0 0 7 5
194 9149 6.50092 0.00775 0.54038 0.99426 173 115 15 167 128
2793 3016 6.40398 0.00285 0.54558 1.70869 15 7 1 9 8
7407 8100 6.91331 0.00872 0.29673 0.49178 43 24 9 43 19
2834 2983 6.05468 0.00234 0.21298 0.13988 34 24 4 32 21
115 8943 6.51741 0.00784 0.52294 0.41022 110 51 5 108 78
917 5676 6.64562 0.41587 0.47425 1.01259 30 18 5 21 15
747 857 9.99014 0.00916 0.19662 0.53449 32 24 6 30 25
2599 2817 9.25431 0.00309 11.27968 0.54894 18 0 0 18 14
2819 3037 6.40398 0.00285 3.33107 4.56429 21 0 0 18 8
2727 3160 6.40398 0.00285 19.26022 0.17914 11 5 0 6 4
2837 3435 6.40657 0.00276 3.11893 1.70846 9 0 0 6 4
4401 4492 7.51658 0.00928 0.42667 0.53376 131 80 15 122 104
881 9835 6.33852 0.01497 0.88090 0.71928 58 6 0 52 43
472 5476 8.99148 0.00618 0.40570 0.36797 39 20 8 37 24
2781 3506 9.59883 0.00639 9.55824 0.56441 13 0 0 10 10
6420 6471 8.08245 0.00910 0.11084 0.56786 119 102 8 114 89
7409 7563 6.20690 0.00801 0.40134 0.32143 56 34 18 54 28
2742 3323 6.40398 0.00285 6.48734 0.17017 14 0 0 14 12
3605 8208 6.58048 0.01647 0.44810 0.67609 39 13 24 35 12
2789 3010 6.40398 0.00285 0.18967 0.26834 22 14 3 19 13
2691 3221 6.40398 0.00285 0.16436 0.17017 25 17 2 14 14
2743 3262 6.40398 0.00285 23.22791 0.17914 13 1 0 4 4
3697 8306 9.18228 0.14589 0.45787 1.04792 46 35 2 46 31
2751 3476 7.10655 0.00342 0.07283 0.45197 15 10 2 13 10
2748 3141 6.40398 0.00285 3.93013 1.54586 16 0 0 9 4
5202 9827 7.17774 0.01340 0.99628 1.22269 74 13 0 70 55
4846 9375 6.00943 0.01217 0.21369 0.83463 199 157 10 195 139
7402 8076 9.05913 0.01004 0.29831 0.44411 46 23 12 46 21
2600 2683 9.06027 0.00331 9.04335 1.42958 26 0 0 20 18
9003 9074 9.74191 0.01008 0.54830 0.58417 91 58 13 86 68
2634 3072 8.90332 0.00381 23.85475 0.22728 12 2 0 6 7
2634 3137 8.90332 0.00381 25.51773 0.22728 17 3 0 6 5
5432 5634 7.24101 0.00744 0.19637 0.62432 96 73 12 92 65
2772 3388 6.40398 0.00285 6.42786 1.79362 21 0 0 17 12
2638 3269 8.20217 0.00365 25.45255 178.66998 10 0 0 1 2
2600 2848 9.76101 0.00409 10.82253 0.18345 23 0 0 18 16
472 5579 8.99148 0.00618 0.08123 0.34378 45 34 10 43 25
2713 3096 6.40398 0.00285 5.24962 3.18248 17 0 0 13 11
2740 7315 8.35210 0.00689 8.07422 1.52547 12 0 0 4 7
384 5035 9.50092 0.00919 0.40273 0.42796 73 35 4 67 43
5453 9828 8.15362 0.01264 0.93373 1.19910 71 12 2 69 52
2749 3318 6.40398 0.00285 6.67123 4.22698 16 0 0 13 10
4849 9446 8.52201 0.01302 0.24641 0.91000 128 84 8 121 92
2703 3004 6.40398 0.00285 0.23167 0.47395 18 9 3 15 9
7401 7577 9.05972 0.01005 0.35630 0.45542 33 18 9 33 12
2706 7316 9.56933 0.00882 15.68214 0.55391 8 0 0 5 5
2658 3172 6.40257 0.00328 8.52456 0.67435 17 0 0 7 7
4850 9202 9.51765 0.01277 0.44218 0.71052 116 78 4 114 88
2617 2870 7.80338 0.00606 4.31716 0.34718 31 0 0 26 19
2706 3369 6.40398 0.00285 6.64334 0.96185 14 0 0 11 9
3637 8270 8.99823 0.39608 0.50536 0.86139 41 14 8 39 16
9237 9573 7.98343 0.01381 0.25393 0.93125 129 118 3 126 102
7401 7745 9.05972 0.01005 0.20620 0.37949 46 25 16 44 20
5420 5639 9.75709 0.00375 0.36843 0.43521 49 33 3 43 34
2745 3166 6.40398 0.00285 4.95398 2.10394 18 0 0 18 13
3623 7658 6.29523 0.30105 0.43505 1.42491 29 10 11 27 10
3631 8234 6.28096 0.40513 0.51981 1.04605 25 8 15 23 12
2841 3308 6.05536 0.00280 0.44386 0.14265 13 7 1 11 8
2839 3246 6.40657 0.00267 4.00116 9.22871 6 0 0 2 3
183 4784 6.75824 0.00979 0.27884 0.53229 177 124 8 169 128
9356 9573 7.98343 0.01381 0.29711 0.90352 144 121 15 144 110
2643 3090 7.65286 0.00289 0.55961 0.67955 20 8 5 20 12
5303 5639 9.75709 0.00391 0.27063 0.31153 57 41 7 57 39
1099 5891 7.06679 0.05267 0.51311 1.36056 55 43 5 53 28
2628 2980 9.09852 0.00400 6.15667 1.60474 23 0 0 18 9
2732 3038 6.40398 0.00285 0.38339 0.20748 22 14 3 20 11
2626 2974 9.24694 0.00623 25.56010 0.34605 16 0 0 8 8
2909 3523 8.50376 0.00858 9.13500 0.48939 10 1 0 5 3
2644 3482 8.86646 0.00301 7.63140 2.57648 14 0 0 12 6
2649 3209 6.95051 0.00324 8.22909 0.59413 43 0 0 26 28
7408 7570 6.56028 0.00823 0.35832 0.29739 51 40 6 45 39
4404 4695 6.26224 0.00651 0.71782 0.45284 156 28 1 147 118
861 5569 6.24489 0.01092 0.20033 0.49653 124 109 6 116 99
2670 3050 6.40398 0.00285 5.76336 3.13912 15 0 0 11 10
462 660 7.74780 0.01089 0.43283 0.62307 69 43 4 69 49
7405 7474 7.81098 0.00895 0.25574 0.32385 40 27 9 40 26
178 4409 7.50701 0.01362 0.42329 0.74019 188 127 10 184 152
7401 7903 9.05972 0.01005 0.29886 0.39762 43 23 11 38 27
938 5697 7.28810 0.37728 0.73515 0.84534 19 4 3 16 9
3775 8389 7.26643 0.00305 0.46032 0.78932 63 36 10 56 44
194 9550 7.49852 0.01358 0.83760 0.80113 170 26 6 165 141
863 5411 7.51167 0.01078 0.32856 0.44057 106 76 9 98 80
206 9146 7.24215 0.01175 0.34002 1.10429 152 104 5 144 109
7406 7469 7.10498 0.00876 0.35711 0.37115 41 22 11 38 22
69 121 9.27475 0.02944 0.77036 1.31284 73 4 0 69 53
4397 4578 8.76599 0.00995 0.62753 1.02641 90 15 8 82 53
3023 3528 9.39916 0.00913 31.75233 5.08215 6 0 0 0 0
2844 3510 9.95038 0.00684 8.56687 0.62620 6 0 0 6 4
4522 8971 8.01522 0.01215 0.92247 0.65730 101 6 2 93 81
470 5445 9.73658 0.00820 0.44914 0.72416 44 24 14 44 27
2840 3186 6.40657 0.00280 1.81814 0.53887 34 0 0 32 24
532 857 9.99013 0.00906 0.27933 0.51358 36 25 4 34 19
220 9607 7.97973 0.01396 0.31483 0.75433 86 52 6 86 49
5647 9831 7.44243 0.01320 0.65829 0.74494 83 27 0 77 63
2645 3201 7.65267 0.00267 8.23217 0.88691 29 0 0 24 19
2648 2927 6.40250 0.00359 0.33680 0.21306 22 16 0 22 19
3227 3529 9.59165 0.00942 14.76795 2.98898 13 0 0 11 7
5475 5635 7.75435 0.00635 0.42393 0.60974 81 42 10 77 49
2666 3419 6.40398 0.00285 0.26411 0.46140 11 5 4 11 5
183 4473 7.74200 0.01028 0.15362 1.12779 161 118 6 156 123
2771 3496 8.35322 0.00486 7.18380 1.44320 25 0 0 10 8
2636 3038 8.55311 0.00355 0.39709 0.54965 18 7 3 16 9
862 5363 6.49870 0.01055 0.16693 0.47888 106 83 6 106 85
3133 3523 7.61147 0.00684 13.82212 2.67049 7 0 0 4 3
9005 9462 8.73968 0.01075 0.43613 0.68700 101 67 8 99 77
2248 6994 6.03081 0.06679 0.33321 0.73595 175 124 11 170 138
9043 9569 6.22469 0.01632 0.23500 0.97478 255 205 11 253 198
2659 3154 6.40257 0.00320 8.96715 0.78981 19 0 0 17 13
2739 3312 6.40398 0.00285 6.51754 0.17914 6 0 0 6 3
2747 3319 6.40398 0.00285 3.71680 1.56072 12 0 0 9 5
517 850 6.74007 0.00687 0.12793 0.70165 74 57 9 72 55
2757 3058 6.40398 0.00285 0.33451 0.19584 25 16 1 25 15
144 4371 6.50342 0.00437 0.16962 0.28804 223 209 11 221 188
752 855 8.74008 0.00829 0.28568 0.39565 43 34 1 39 33
2721 3068 6.40398 0.00285 0.22833 0.20748 25 18 5 25 17
169 4535 6.26382 0.01376 0.78603 0.67840 125 20 0 120 96
2638 3238 8.20217 0.00365 11.13707 2.84262 12 0 0 8 10
803 5613 6.49333 0.00610 0.44459 0.41965 81 34 10 77 46
298 9675 9.28751 0.03200 0.26918 0.69041 80 55 9 80 59
490 5301 6.00385 0.00224 0.32166 0.18131 94 73 7 90 67
2779 3246 6.40398 0.00285 8.77186 0.17914 8 0 0 4 3
472 5597 8.99150 0.00726 0.38742 0.39958 45 25 12 45 32
1799 6587 7.28605 0.04427 0.31040 0.18557 138 104 22 132 94
2802 3090 6.40398 0.00285 0.29852 0.21850 17 9 4 9 10
9011 9561 9.20703 0.02515 0.51301 1.43940 149 98 13 149 115
4947 9683 8.31646 0.01789 0.29312 0.70665 118 82 13 112 82
7400 8156 9.60594 0.00947 0.23191 0.37949 38 17 19 38 14
207 9176 8.24162 0.01235 0.23036 1.31522 153 115 3 145 116
487 5431 6.24522 0.00378 0.17689 0.23903 102 85 11 100 77
2627 2905 8.90180 0.00431 1.63373 0.82282 17 2 0 7 8
461 527 7.98823 0.01005 0.35385 0.77833 50 34 8 48 32
2822 3264 6.40398 0.00285 3.52158 9.43607 17 2 0 11 7
5208 9828 8.15355 0.01258 0.67404 0.65968 76 23 0 71 59
2781 3209 6.40398 0.00285 8.01231 0.81036 21 0 0 19 11
2675 3336 6.40398 0.00285 9.91769 16.37649 22 0 0 18 14
1244 6019 7.35610 0.25998 0.64121 0.61357 9 1 3 9 5
4397 4690 8.76599 0.00995 0.66295 0.72253 97 20 2 95 67
2840 3119 6.40657 0.00280 0.74659 0.58884 25 6 0 9 16
2758 3132 6.40398 0.00285 0.28123 0.54321 19 8 4 15 9
2637 3374 8.55311 0.00359 4.53754 0.50202 9 0 0 9 7
1008 5772 8.99554 0.00512 10.52703 0.22728 11 0 0 11 8
9007 9087 7.73482 0.01330 0.35526 0.86321 152 118 21 144 118
720 5113 9.52377 0.00458 0.76102 1.27871 21 6 4 13 11
1353 6154 7.28705 0.01362 0.22375 0.04846 60 42 12 58 39
2727 3214 6.40398 0.00285 4.96650 0.17914 16 0 0 16 7
2795 3263 6.40398 0.00285 2.03244 3.97444 18 0 0 14 5
2773 3168 6.40398 0.00285 0.54994 0.17471 11 5 2 8 4
3603 7527 8.19745 0.00753 0.82369 0.28667 43 12 27 41 16
484 5275 6.49640 0.00301 0.18607 0.34943 77 58 12 75 49
2798 3045 6.40398 0.00285 2.06340 8.20923 19 4 2 10 9
4849 9216 8.52201 0.01302 0.21846 0.88249 138 111 4 134 109
