98 3788 11.81900 0.03819 0.58912 0.20558 47 44 2 33 28
2678 5405 10.70459 0.01157 0.51396 0.65551 92 87 5 69 51
352 4110 10.52336 0.01361 0.63222 0.32506 91 86 2 85 62
459 3982 10.49489 0.01009 0.80683 0.48618 71 63 7 67 49
346 709 11.50833 0.00719 1.06515 0.43160 69 49 9 69 39
7046 7203 11.24229 0.02743 0.86960 0.30774 31 24 0 17 18
3265 6154 10.01053 0.00986 0.68463 0.48051 111 101 4 91 69
3679 7107 10.26745 0.11951 0.60263 1.05610 32 17 6 18 9
555 976 11.26895 0.00154 0.58953 0.06853 91 81 2 85 62
531 976 11.26895 0.00154 0.60787 0.20558 112 101 6 110 79
420 975 10.76826 0.00183 0.66714 0.18131 128 116 4 124 90
7754 7810 11.31788 0.72617 1.64210 2.20229 70 43 10 61 16
3018 5736 10.49427 0.04344 0.47887 0.48779 67 59 5 61 43
2471 5270 11.33786 0.30847 3.10424 3.75306 23 19 1 11 13
1358 4519 11.79033 0.00498 0.27995 0.82756 31 25 5 24 15
614 975 10.76826 0.00183 0.67650 0.13706 132 114 7 121 89
734 4172 10.02836 0.01118 0.46767 0.40056 126 119 2 118 90
3660 6675 11.15628 0.00375 0.99773 0.33455 13 6 7 13 7
758 4172 10.03026 0.01108 0.57984 0.46309 119 115 3 117 87
6806 7202 10.99288 0.02735 1.00509 0.27976 52 37 3 42 27
1949 5079 10.80691 0.00882 70.59273 0.50668 4 0 0 1 2
2424 5270 11.33786 0.30847 0.95731 1.98584 26 20 2 20 9
3645 6593 11.70663 0.00345 5.49907 7.45024 4 0 0 4 4
497 976 11.26895 0.00154 0.58977 nan 104 94 2 98 79
6603 6850 11.74586 0.00594 2.22095 1.30566 17 3 7 11 6
2843 5563 11.77477 0.05659 0.65550 0.90957 98 89 3 74 64
3559 6480 11.23116 0.01288 3.54345 1.72056 20 0 0 15 15
6614 7182 10.97805 0.01904 2.00831 1.98268 22 7 6 12 5
458 4171 10.79933 0.01107 0.57221 0.40638 110 102 4 90 75
3389 6303 10.30408 0.05438 0.80827 1.50740 31 28 3 22 13
345 476 11.74965 0.00708 0.80359 0.45111 55 29 14 43 21
1211 4394 11.01681 0.01370 0.81424 0.91172 19 14 1 13 10
1591 4756 11.77052 0.01505 0.51806 2.26313 15 7 0 9 9
1033 4214 11.50809 0.00802 0.53603 0.40830 59 50 4 44 36
2751 5491 11.95889 0.01155 0.72969 0.64224 69 60 5 59 50
2429 5323 11.68318 0.82280 2.05699 2.68278 97 92 2 82 56
898 980 11.77208 0.00498 0.39416 0.28255 105 96 8 103 70
1497 4649 10.80174 0.00434 0.46648 0.60652 41 37 3 35 23
2287 5313 11.57005 0.70560 1.63761 1.81273 56 51 2 50 31
2172 2321 11.33265 0.27787 1.29944 1.69881 46 43 2 39 28
3246 6020 10.39814 0.01340 0.73773 0.19383 31 20 2 20 10
3053 5787 10.69800 0.01198 0.39484 0.61548 39 35 2 34 24
2472 2581 11.22698 0.77641 2.27111 2.73581 108 87 8 102 73
1659 4807 10.85102 0.00775 0.72903 0.65492 32 22 7 23 17
2171 2470 11.86999 0.30255 1.19129 1.93876 29 17 9 21 7
392 974 10.01406 0.00381 0.53725 0.29871 102 95 2 86 65
3535 6455 10.86530 0.03133 0.98577 1.38480 8 4 0 4 2
3153 5872 11.09845 0.04461 0.80950 1.69073 14 7 2 14 6
345 660 11.74965 0.00708 1.04797 0.50358 80 60 12 72 49
7104 7204 11.73924 0.02765 0.82177 0.53668 37 23 3 25 15
3681 7171 10.72075 0.15561 0.64380 1.13780 28 22 2 13 11
2171 2366 11.86999 0.30255 0.60361 2.08055 37 19 10 25 21
3526 6446 10.51057 0.03046 3.75854 3.60152 4 0 0 4 2
2268 2564 11.48797 0.58047 0.61593 1.73370 76 66 5 72 43
2476 5321 10.45620 0.77092 2.23685 2.88025 140 120 15 129 102
2411 5323 11.68318 0.82280 2.16082 2.69472 96 90 5 82 71
1697 4865 10.52734 0.00414 0.47688 0.44235 34 26 7 30 20
2218 5305 10.48793 0.48154 0.32836 0.36154 70 68 2 66 50
2184 5300 10.80906 0.35654 1.40037 1.47698 83 76 2 72 53
3231 6009 10.25562 0.04391 0.75369 0.94667 41 7 3 36 23
733 979 11.51780 0.00406 0.65570 0.38765 95 74 10 89 61
2281 5312 11.91985 0.68669 1.31688 1.54256 69 65 3 67 48
165 3828 10.68290 0.01326 0.56297 1.02297 32 28 3 30 19
2420 5269 11.68981 0.30783 0.80642 1.87930 50 35 5 33 26
337 3957 10.51725 0.00644 0.66646 0.42244 45 24 10 33 20
6603 7152 11.74402 0.00648 1.32892 0.44411 13 2 8 4 3
1490 4643 10.03190 0.00777 0.28856 0.64285 54 50 3 39 32
1007 4188 10.27012 0.01706 0.40707 0.29074 134 130 4 126 107
1759 4933 10.45872 0.70154 72.28322 40.19523 16 0 0 16 5
6606 6919 10.49518 0.00708 1.98670 1.25928 10 2 1 2 2
6927 7202 10.99288 0.02735 0.95027 0.27411 42 25 2 29 16
791 979 11.51970 0.00400 0.72746 0.38765 117 76 15 111 73
3651 6604 10.22634 0.00689 140.12974 0.40734 5 2 0 0 2
2317 5270 10.63578 0.26030 0.64832 1.53289 29 18 10 22 8
2495 5320 10.24209 0.74014 2.41456 3.07905 98 83 3 94 58
632 3982 10.49489 0.01009 0.98619 0.50124 80 69 11 78 50
6603 6748 11.74586 0.00594 2.76332 1.38197 11 1 5 4 4
2228 2559 10.88836 0.49447 0.74416 0.57198 76 65 9 70 38
346 608 11.50244 0.00580 0.78302 0.36904 65 55 6 51 41
6606 6982 10.49518 0.00708 1.86800 0.36045 13 1 1 7 5
2862 5582 11.64744 0.02020 0.36878 0.13122 69 56 3 40 39
147 3815 11.45022 0.03145 0.43490 0.69323 48 39 8 46 27
1397 4571 11.51180 0.00561 0.59016 0.44057 46 36 4 32 23
1835 4974 10.05173 0.03954 0.27755 0.70665 63 49 5 56 37
2320 5321 10.76751 0.80012 2.12721 2.53991 94 91 3 90 64
404 977 11.52020 0.00049 0.41703 0.31775 93 84 6 79 59
481 3982 10.49489 0.01009 1.03178 0.72900 66 56 5 57 32
6668 7203 11.24229 0.02743 0.77309 0.33804 54 42 6 38 32
2622 5348 10.90531 0.02185 0.87436 1.25741 51 39 10 36 23
2719 5443 11.29588 0.01172 0.31936 0.56371 74 72 0 67 45
2488 5323 11.68318 0.82280 2.08940 2.68394 102 98 4 90 63
6604 6918 11.24828 0.00629 0.99085 0.68357 15 5 5 11 4
1658 4806 10.82079 0.00786 0.30938 0.40830 22 20 2 16 10
3985 4106 11.26913 0.01135 0.84574 0.40348 66 56 9 59 37
2565 5331 10.40103 0.58587 1.11014 1.88388 110 24 8 102 55
1915 5045 11.31781 0.00580 17.25889 0.34035 3 1 0 3 2
5975 6038 11.10028 0.00458 0.57118 0.61294 45 20 4 38 32
8038 8089 11.01070 0.43522 2.36574 2.99395 80 23 4 76 51
6606 6956 10.49518 0.00708 1.38905 0.36045 7 2 5 5 5
667 4173 11.79777 0.00987 0.57072 0.34943 131 115 1 117 88
346 654 11.50244 0.00580 0.57925 0.35388 72 66 6 72 47
148 3816 10.81143 0.02904 0.43257 0.61802 41 24 10 24 13
2171 2500 11.86999 0.30255 1.08064 2.12486 33 24 4 27 19
3694 7205 10.66241 0.46041 0.25327 0.63551 50 44 3 35 23
3660 6714 11.15628 0.00375 1.03702 0.26244 17 6 8 17 11
773 979 11.51970 0.00400 0.64065 0.23739 141 107 13 137 103
540 974 10.01791 0.00258 0.42308 0.24708 123 117 2 107 85
2455 5269 11.68981 0.30783 0.99152 1.84292 49 38 4 43 30
6786 7201 10.24214 0.02731 0.80485 0.31404 36 26 2 19 14
1864 4978 11.72648 0.00625 1.66880 1.82778 21 17 2 17 10
2178 2503 10.26950 0.29786 0.88228 1.89052 49 23 4 39 34
3679 6849 10.26745 0.11951 0.96732 1.22972 31 20 1 19 14
2052 5187 10.74936 0.02658 0.70764 0.63612 6 2 1 1 2
111 3795 10.50595 0.01434 0.85680 0.43431 33 17 1 28 19
1251 4418 10.26327 0.01129 0.30686 0.46814 28 23 2 25 16
460 4173 11.79777 0.00987 0.53073 0.35498 113 104 0 101 78
457 3980 11.49638 0.01155 1.09440 0.53155 62 48 12 51 37
2177 2412 10.26875 0.29874 1.17075 1.76746 63 43 7 57 43
777 3985 10.24876 0.00981 1.07623 0.52414 63 50 5 50 34
3680 6856 10.97298 0.13900 0.87247 1.04455 15 4 0 8 4
981 4142 11.02953 0.01426 0.34224 0.53082 74 64 9 62 39
239 3901 11.94909 0.07899 0.35704 0.46055 29 25 3 22 16
4116 4174 10.00670 0.00664 0.27728 0.24066 102 100 2 94 80
3094 5828 11.10592 0.02019 0.36183 0.48051 69 61 4 62 43
5977 6036 10.10704 0.00608 0.61651 0.60652 45 35 2 39 24
2172 2464 11.68279 0.30204 2.21852 2.17745 33 19 0 27 19
812 978 10.77040 0.00229 0.47641 0.15577 139 129 6 133 100
5990 6111 10.58967 0.01334 0.21920 0.76156 37 36 1 32 12
2511 2583 11.93117 0.82358 2.47108 2.63210 80 61 12 67 48
1067 4264 11.51297 0.00305 0.55826 0.40542 35 30 4 31 18
711 4170 10.03241 0.01130 0.49521 0.40056 71 62 1 67 54
6050 6125 10.89225 0.00919 0.63633 0.18557 31 22 5 29 17
1359 4520 11.54538 0.00724 0.12603 0.61676 24 20 3 21 11
6603 6675 11.74586 0.00594 2.03913 0.32626 15 4 8 11 2
4011 4171 11.77155 0.00644 0.63674 0.38866 113 100 7 102 73
350 917 10.50898 0.00703 0.54173 0.40638 63 60 2 53 42
848 3984 10.74879 0.01016 0.72016 0.54104 90 85 2 76 58
8045 8108 11.99700 1.25167 0.58337 2.52476 73 1 0 65 42
6604 6789 11.24828 0.00629 1.51037 0.93503 22 7 7 8 6
642 3979 11.99371 0.01255 0.99014 0.58751 56 46 8 50 38
2328 5272 10.63939 0.30767 2.02883 2.64812 36 30 0 25 15
1590 4754 10.06641 0.01400 0.47817 0.48698 29 22 4 29 12
464 4170 10.30159 0.01147 0.67042 0.40638 97 71 3 80 62
7149 7203 11.24229 0.02743 0.77993 0.30519 49 45 1 42 29
2312 5320 11.43827 0.82385 2.13693 2.31528 58 50 8 56 30
2176 2437 10.80393 0.29947 1.43054 1.76281 46 37 3 39 31
368 967 10.00277 0.01055 0.62613 0.59742 89 81 0 82 48
3246 6014 10.43816 0.01363 0.69065 0.46140 46 39 6 42 32
7112 7202 10.99288 0.02735 0.87194 0.29475 43 23 7 33 16
1553 4703 11.01707 0.02319 0.80695 0.33102 53 32 2 45 27
2770 5509 11.06598 0.01245 0.38030 0.79819 85 72 5 60 39
889 979 11.51970 0.00400 0.77270 0.28804 91 57 9 82 55
2335 2582 11.44621 0.80088 1.98754 2.64220 94 88 3 74 52
2815 5536 11.68125 0.04535 0.57671 0.56993 89 79 7 73 57
417 4172 11.29839 0.01034 0.57416 0.43879 87 80 3 74 63
2359 5321 10.45620 0.77092 2.25697 2.85732 127 108 15 119 94
925 976 10.00929 0.00120 0.67474 0.25023 99 83 8 97 64
2337 5323 11.68318 0.82280 2.03942 2.68394 79 75 1 72 51
1942 5057 10.01155 0.01166 8.66769 0.67027 2 0 0 2 2
6607 6923 10.24121 0.00750 0.47471 0.46814 14 11 2 10 4
6605 7012 10.99721 0.00661 0.89005 0.41117 21 19 2 21 15
2535 5271 11.68632 0.33918 0.73890 1.94179 46 41 2 28 23
6731 7202 10.99288 0.02735 1.04192 0.59545 34 19 10 26 12
1927 5040 11.80408 0.00990 36.38800 152.49182 3 0 0 0 1
2175 2384 10.80392 0.29987 1.26869 2.50030 43 31 2 30 26
3660 6661 11.15628 0.00375 0.52612 0.28804 17 7 8 11 7
2178 2468 10.26950 0.29786 1.19424 1.79907 55 33 1 53 48
6609 7175 11.22994 0.01664 1.41325 0.88514 25 16 7 18 9
3540 6440 11.85126 0.04017 13.05768 6.53447 7 0 0 4 5
2267 2565 11.79055 0.60432 0.54568 1.52213 85 74 7 82 52
364 4161 10.26025 0.01913 0.87561 0.78833 106 105 1 98 60
2173 2440 11.32990 0.30114 1.07889 2.25186 37 26 2 22 23
348 618 10.25119 0.00537 0.65448 0.42887 68 61 6 48 35
829 976 10.00929 0.00120 0.66732 0.35718 91 78 3 79 61
2156 2283 11.71973 0.09620 0.50395 0.47806 16 9 6 11 6
2521 5270 11.33786 0.30847 0.76606 2.06886 30 21 5 22 19
6613 7181 10.97893 0.01845 1.62615 0.81229 20 15 4 20 9
3477 6402 11.29745 0.04273 0.63241 1.76835 3 1 1 0 1
983 4146 11.78416 0.01610 0.31260 0.76515 116 110 3 106 82
6605 6975 10.99721 0.00661 0.99074 0.29871 20 11 9 20 11
825 4173 10.53017 0.01052 0.55269 0.51662 133 126 2 131 111
458 4173 11.79777 0.00987 0.54068 0.48537 109 98 1 75 68
1266 4445 10.02312 0.01663 0.46867 0.20558 36 31 2 19 18
4002 4166 11.51660 0.01168 0.80687 0.52638 123 121 2 115 80
3703 7225 11.08056 0.76917 0.77701 2.44360 31 10 0 21 19
2644 5371 11.79552 0.02474 0.34707 0.32143 58 50 6 43 37
1793 4951 11.30203 0.21655 32.33747 12.40750 12 1 0 12 3
350 897 10.50898 0.00703 0.80093 0.40638 90 84 4 70 60
654 4170 10.30159 0.01147 0.55318 0.37115 88 69 7 81 51
3680 6994 10.97298 0.13900 0.59165 1.02259 28 13 5 18 18
558 974 10.01791 0.00258 0.43559 0.06256 109 102 4 107 79
350 743 10.50898 0.00703 0.67375 0.42428 72 69 3 64 44
2422 5320 10.24209 0.74014 2.63595 3.03306 86 65 14 78 46
351 4093 11.02224 0.01386 0.76952 0.47642 76 59 9 74 46
2927 5646 10.06681 0.00285 0.42763 1.49095 24 17 1 16 15
761 4175 11.52745 0.00992 0.54392 0.46309 116 109 4 106 91
6075 6128 11.38936 0.00959 0.38000 0.78435 37 27 9 31 17
508 3982 10.49489 0.01009 0.73248 0.48939 64 55 6 58 34
484 4170 10.30159 0.01147 0.54645 0.37009 97 86 3 93 67
3660 7030 11.15628 0.00375 0.95467 0.23070 13 6 4 9 6
