2471 5270 11.33786 0.30847 3.10424 3.75306 23 19 1 11 13 125 100.00000 0
1949 5079 10.80691 0.00882 70.59273 0.50668 4 0 0 1 2 6 100.00000 0
3645 6593 11.70663 0.00345 5.49907 7.45024 4 0 0 4 4 37 100.00000 0
6603 6850 11.74586 0.00594 2.22095 1.30566 17 3 7 11 6 146 100.00000 0
3559 6480 11.23116 0.01288 3.54345 1.72056 20 0 0 15 15 184 100.00000 0
6614 7182 10.97805 0.01904 2.00831 1.98268 22 7 6 12 5 131 100.00000 0
2429 5323 11.68318 0.82280 2.05699 2.68278 97 92 2 82 56 344 100.00000 0
2472 2581 11.22698 0.77641 2.27111 2.73581 108 87 8 102 73 354 100.00000 0
3526 6446 10.51057 0.03046 3.75854 3.60152 4 0 0 4 2 21 100.00000 0
2476 5321 10.45620 0.77092 2.23685 2.88025 140 120 15 129 102 372 100.00000 0
2411 5323 11.68318 0.82280 2.16082 2.69472 96 90 5 82 71 321 100.00000 0
1759 4933 10.45872 0.70154 72.28322 40.19523 16 0 0 16 5 117 100.00000 0
3651 6604 10.22634 0.00689 140.12974 0.40734 5 2 0 0 2 55 100.00000 0
2495 5320 10.24209 0.74014 2.41456 3.07905 98 83 3 94 58 354 100.00000 0
6603 6748 11.74586 0.00594 2.76332 1.38197 11 1 5 4 4 93 100.00000 0
2320 5321 10.76751 0.80012 2.12721 2.53991 94 91 3 90 64 332 100.00000 0
2488 5323 11.68318 0.82280 2.08940 2.68394 102 98 4 90 63 361 100.00000 0
1915 5045 11.31781 0.00580 17.25889 0.34035 3 1 0 3 2 13 100.00000 0
8038 8089 11.01070 0.43522 2.36574 2.99395 80 23 4 76 51 353 100.00000 0
2172 2464 11.68279 0.30204 2.21852 2.17745 33 19 0 27 19 138 100.00000 0
2511 2583 11.93117 0.82358 2.47108 2.63210 80 61 12 67 48 296 100.00000 0
6603 6675 11.74586 0.00594 2.03913 0.32626 15 4 8 11 2 113 100.00000 0
2328 5272 10.63939 0.30767 2.02883 2.64812 36 30 0 25 15 179 100.00000 0
2312 5320 11.43827 0.82385 2.13693 2.31528 58 50 8 56 30 288 100.00000 0
2359 5321 10.45620 0.77092 2.25697 2.85732 127 108 15 119 94 386 100.00000 0
2337 5323 11.68318 0.82280 2.03942 2.68394 79 75 1 72 51 329 100.00000 0
1942 5057 10.01155 0.01166 8.66769 0.67027 2 0 0 2 2 9 100.00000 0
1927 5040 11.80408 0.00990 36.38800 152.49182 3 0 0 0 1 19 100.00000 0
3540 6440 11.85126 0.04017 13.05768 6.53447 7 0 0 4 5 18 100.00000 0
1793 4951 11.30203 0.21655 32.33747 12.40750 12 1 0 12 3 39 100.00000 0
2422 5320 10.24209 0.74014 2.63595 3.03306 86 65 14 78 46 307 100.00000 0
