1949 5079 10.80691 0.00882 21.09313 5.20044 8 0 0 5 5 21 100.00000 0
3645 6593 11.70663 0.00345 9.34164 0.20558 9 0 0 6 5 50 100.00000 0
3559 6480 11.23116 0.01288 18.78029 179.71469 90 0 0 90 64 419 100.00000 0
2429 5323 11.68318 0.82280 2.13569 2.69006 239 8 16 233 166 553 100.00000 0
2472 2581 11.22698 0.77641 2.23175 2.69762 178 1 1 163 96 511 100.00000 0
3535 6455 10.86530 0.03133 11.70040 1.01529 7 0 0 2 4 26 100.00000 0
3526 6446 10.51057 0.03046 5.84622 11.41491 6 1 1 4 3 42 100.00000 0
2476 5321 10.45620 0.77092 2.46703 2.83186 235 2 2 210 153 620 100.00000 0
2411 5323 11.68318 0.82280 2.09651 2.70139 225 5 11 214 171 522 100.00000 0
1759 4933 10.45872 0.70154 2.03136 1.74899 21 0 5 21 11 107 100.00000 0
3651 6604 10.22634 0.00689 4.76937 3.47017 13 0 0 8 8 143 100.00000 0
2495 5320 10.24209 0.74014 2.35520 3.10678 180 3 8 160 118 539 100.00000 0
6603 6748 11.74586 0.00594 2.36894 1.38847 15 0 0 9 5 148 100.00000 0
2320 5321 10.76751 0.80012 2.19882 2.54053 223 9 39 209 159 575 100.00000 0
2488 5323 11.68318 0.82280 2.22628 2.68263 210 8 15 182 142 487 100.00000 0
1915 5045 11.31781 0.00580 8.19043 1.94340 3 0 0 3 3 21 100.00000 0
2052 5187 10.74936 0.02658 10.22649 0.49416 68 0 0 68 53 120 100.00000 0
2511 2583 11.93117 0.82358 2.47609 2.65800 194 2 3 182 129 516 100.00000 0
2335 2582 11.44621 0.80088 2.27606 2.66403 166 3 20 164 111 510 100.00000 0
2359 5321 10.45620 0.77092 2.26440 2.86949 258 6 10 253 191 596 100.00000 0
2337 5323 11.68318 0.82280 2.09254 2.68467 186 5 9 180 118 513 100.00000 0
1942 5057 10.01155 0.01166 2.33723 0.79377 6 0 0 6 3 24 100.00000 0
1927 5040 11.80408 0.00990 20.01982 0.56786 3 0 0 0 1 19 100.00000 0
3660 6661 11.15628 0.00375 2.34192 1.57768 14 0 0 6 2 104 100.00000 0
3540 6440 11.85126 0.04017 10.26807 2.30206 14 0 0 14 10 76 100.00000 0
3477 6402 11.29745 0.04273 11.00679 7.17551 61 0 0 58 51 104 100.00000 0
2422 5320 10.24209 0.74014 2.34902 3.03938 189 3 6 178 139 526 100.00000 0
