0.01871 0.02842
0.01203 0.01964
0.01546 0.02572
0.01174 0.01792
0.01319 0.01989
0.01874 0.02790
0.01195 0.02020
0.01666 0.02319
0.01728 0.02393
0.01239 0.01957
0.01204 0.01890
0.01450 0.02627
0.01929 0.02308
0.01209 0.01954
0.01190 0.01925
0.01157 0.01772
0.01182 0.01947
0.01315 0.02248
0.01347 0.02297
0.02435 0.02254
0.01164 0.01823
0.01368 0.02587
0.01369 0.02521
0.01204 0.01835
0.01442 0.02750
0.02013 0.02486
0.01341 0.02979
0.01437 0.02278
0.01235 0.02380
0.02806 0.02388
0.01326 0.02355
0.01461 0.02478
0.01501 0.02454
0.02016 0.02910
0.01535 0.02431
0.01505 0.02386
0.01489 0.02164
0.01358 0.02537
0.01187 0.01952
0.01188 0.01985
0.01155 0.01967
0.02060 0.02329
0.01917 0.02551
0.02503 0.02273
0.01191 0.01964
0.01400 0.01965
0.01483 0.02253
0.01175 0.01854
0.01366 0.02394
0.01302 0.02296
0.01144 0.01758
0.01330 0.02949
0.01336 0.02973
0.01208 0.02379
0.01244 0.01921
0.01370 0.02694
0.01687 0.02005
0.01329 0.02292
0.01362 0.02637
0.01898 0.02283
0.01286 0.02212
0.02068 0.02532
0.01201 0.02156
0.01235 0.01851
0.01320 0.02093
0.01221 0.01813
0.01289 0.01983
0.01975 0.02110
0.01208 0.01957
0.01828 0.03168
0.01221 0.02015
0.01597 0.02646
0.01219 0.01890
0.01349 0.01969
0.01366 0.02408
0.01349 0.02353
0.01184 0.01913
0.01358 0.02461
0.01308 0.02249
0.01322 0.01791
0.01474 0.02061
0.02223 0.04130
0.01362 0.03159
0.01264 0.02236
0.01355 0.02725
0.01361 0.02330
0.01247 0.01895
0.01258 0.01809
0.01372 0.02538
0.01375 0.02459
0.01155 0.01738
0.01555 0.02473
0.01480 0.02736
0.01524 0.02455
0.01428 0.02873
0.01274 0.01947
0.01331 0.02399
0.01369 0.02822
0.01248 0.01870
0.01463 0.02715
0.01343 0.01934
0.01310 0.01979
0.01516 0.02920
0.01961 0.02501
0.01213 0.02387
0.01301 0.02208
0.01317 0.02681
0.01362 0.02357
0.01218 0.02043
0.01254 0.02007
0.01424 0.02578
0.01219 0.01872
0.01352 0.02358
0.01399 0.01980
0.01978 0.01983
0.01457 0.02515
0.01266 0.01969
0.01694 0.02036
0.01349 0.02309
0.01184 0.01826
0.01394 0.02470
0.02061 0.02471
0.02452 0.02481
0.01388 0.01805
0.01233 0.01972
0.01190 0.02079
0.01345 0.03064
0.01158 0.01842
0.01360 0.02166
0.01316 0.02357
0.01169 0.01771
0.02267 0.02096
0.01178 0.02043
0.01343 0.02580
0.01347 0.02595
0.01446 0.02475
0.01214 0.01999
0.01596 0.01952
0.01308 0.02288
0.01221 0.02456
0.02026 0.02038
0.01188 0.01790
0.01282 0.02426
0.01200 0.02048
0.02391 0.02376
0.01309 0.02780
0.01279 0.02250
0.01332 0.02297
0.01354 0.02648
0.01267 0.02098
0.01228 0.02073
0.01540 0.02359
0.01250 0.01935
0.01153 0.02302
0.01163 0.02076
0.01175 0.01997
0.01703 0.01947
0.01609 0.03590
0.01232 0.01990
0.01319 0.02459
0.01308 0.02261
0.01095 0.01794
0.01429 0.02590
0.01359 0.02293
0.01452 0.02473
0.01330 0.02740
0.01369 0.02832
0.01369 0.02132
0.01133 0.02234
0.01293 0.03000
0.01539 0.02648
0.01368 0.02899
0.02486 0.02501
0.01356 0.02824
0.01119 0.02090
0.01401 0.02571
0.01779 0.02606
0.01347 0.02337
0.01364 0.02428
0.02036 0.02552
0.01305 0.02293
0.01236 0.01918
0.01881 0.02381
0.01406 0.02944
0.01234 0.02599
0.01349 0.01943
0.01399 0.02822
0.01203 0.02477
0.01222 0.01886
0.01307 0.02303
0.01207 0.02509
0.01348 0.02373
0.01282 0.02242
0.01495 0.02657
0.01138 0.02072
0.01365 0.02421
0.01263 0.02254
0.01347 0.02725
0.01951 0.02411
0.02169 0.02243
0.01183 0.01948
0.01340 0.02563
0.01552 0.01797
0.01225 0.02170
0.01156 0.01964
0.01159 0.01815
0.01184 0.01799
0.01160 0.01942
0.01290 0.02237
0.01228 0.02252
0.01524 0.02196
0.01433 0.03180
0.01256 0.02189
0.01309 0.02251
0.01751 0.01908
0.01316 0.02442
0.01304 0.02705
0.01277 0.02037
0.01399 0.03101
0.01468 0.02611
0.01230 0.01982
0.02305 0.02464
0.01781 0.02074
0.02078 0.02074
0.01209 0.01988
0.02139 0.02408
0.01153 0.01905
0.01282 0.01953
0.02157 0.01986
0.01210 0.01571
0.01349 0.02772
0.01199 0.01756
0.01216 0.02239
0.01158 0.01817
0.01327 0.02397
0.01161 0.01929
0.01927 0.02066
0.02627 0.02512
0.01260 0.02444
0.01221 0.02637
0.01203 0.01828
0.01226 0.02022
0.01202 0.01948
0.01230 0.02293
0.01521 0.02374
0.01130 0.01822
0.01287 0.02019
0.01539 0.02016
0.01200 0.02025
0.01493 0.02995
0.01212 0.01950
0.01789 0.02427
0.01503 0.03296
0.01314 0.01854
0.01217 0.01936
0.01376 0.02917
0.01922 0.02393
0.02027 0.01927
0.01252 0.02117
0.01314 0.02624
0.02977 0.02304
0.01424 0.02631
0.01384 0.02331
0.01215 0.01914
0.01360 0.03261
0.01340 0.02923
0.01307 0.01976
0.01324 0.02231
0.01857 0.02023
0.01217 0.02032
0.01297 0.02124
0.01208 0.02092
0.01207 0.02275
0.01355 0.02871
0.01319 0.02353
0.01194 0.02175
0.01208 0.01967
0.01315 0.02330
0.02176 0.02537
0.01485 0.02789
0.01415 0.02730
0.01383 0.02457
0.01358 0.01897
0.01331 0.02970
0.01162 0.02322
0.02298 0.02301
0.01736 0.01782
0.01281 0.02883
0.01160 0.02206
0.01234 0.02366
0.01191 0.01971
0.01212 0.01951
0.01230 0.02335
0.01175 0.01885
0.01219 0.02035
0.02972 0.02504
0.01435 0.02392
0.01329 0.03020
0.01160 0.02447
0.01271 0.02029
0.01324 0.02341
0.01261 0.02278
0.01184 0.02228
0.01702 0.02263
0.01512 0.02915
0.01411 0.01815
0.01371 0.02521
0.01486 0.02708
0.01517 0.02707
0.01423 0.02552
0.01343 0.02407
0.01276 0.01943
0.01715 0.02033
0.01165 0.01809
0.02025 0.02487
0.01211 0.02333
0.01277 0.02320
0.01606 0.02544
0.01266 0.02608
0.01566 0.02098
0.01322 0.02334
0.01331 0.02294
0.01263 0.02110
0.01249 0.02580
0.01406 0.02488
0.01209 0.01891
0.01358 0.02973
0.01379 0.02369
0.01183 0.01837
0.01917 0.02311
0.01686 0.02032
0.01326 0.02282
0.01376 0.02808
0.01188 0.01985
0.01222 0.02410
0.03169 0.02481
0.01383 0.02499
0.01349 0.02406
0.01524 0.01941
0.01247 0.02438
0.01232 0.02064
0.01364 0.02378
0.01381 0.02462
0.01277 0.02155
0.01196 0.01997
0.01349 0.02221
0.01281 0.02541
0.01207 0.01861
0.01197 0.02043
0.01464 0.02068
0.01889 0.02061
0.02133 0.02242
0.01462 0.02578
0.01290 0.02035
0.01491 0.02296
0.01197 0.02303
0.01364 0.02794
0.01227 0.02458
0.01255 0.02209
0.01160 0.01930
0.01339 0.03032
0.01445 0.02579
0.01204 0.02906
0.01252 0.02166
0.01147 0.02326
0.01368 0.02290
0.01338 0.02312
0.01328 0.02935
0.01211 0.01915
0.01357 0.02307
0.01654 0.02290
0.01219 0.01964
0.01205 0.01891
0.01610 0.02359
0.01361 0.02309
0.01183 0.01982
0.02681 0.02572
0.02286 0.02582
0.01597 0.02337
0.01346 0.02894
0.01338 0.02771
0.01251 0.02642
0.01305 0.01914
0.01282 0.02070
0.01429 0.02986
0.01592 0.02521
0.01276 0.02043
0.01339 0.02361
0.01339 0.02425
0.01159 0.01883
0.01508 0.02164
0.01199 0.01951
0.01918 0.02635
0.01335 0.02583
0.01196 0.01923
0.01363 0.02460
0.01143 0.01851
0.02127 0.02055
0.01251 0.02229
0.01369 0.02410
0.01219 0.01900
0.01851 0.02107
0.01205 0.01801
0.01347 0.02829
0.02584 0.02187
0.01291 0.02628
0.01199 0.02060
0.01628 0.02533
0.02144 0.02506
0.01275 0.02987
0.01366 0.02446
0.01452 0.02572
0.01219 0.02048
0.01246 0.01975
0.01837 0.02623
0.01348 0.02264
0.01263 0.02145
0.02396 0.02307
0.01227 0.02054
0.01327 0.02338
0.01244 0.02509
0.01288 0.03007
0.01393 0.02861
0.01337 0.02362
0.01149 0.02037
0.01435 0.02603
0.01366 0.02390
0.01199 0.01986
0.01243 0.02341
0.01314 0.02731
0.01231 0.02006
0.01269 0.02158
0.01418 0.02794
0.01248 0.01958
0.01449 0.02701
0.01174 0.01788
0.01811 0.02283
0.01336 0.02321
0.01312 0.02342
0.01215 0.01892
0.01164 0.01843
0.01392 0.02305
0.01237 0.02298
0.01375 0.02428
0.01433 0.02213
0.01377 0.01875
0.01170 0.01779
0.01255 0.01928
0.01418 0.02597
0.01326 0.02092
0.01209 0.01954
0.01474 0.02256
0.01795 0.01886
0.01368 0.02622
0.01277 0.02239
0.01315 0.02397
0.01372 0.01986
0.01324 0.02194
0.01353 0.02383
0.01409 0.02661
0.01431 0.02948
0.01159 0.01894
0.01281 0.01787
0.01438 0.02736
0.01142 0.01785
0.01262 0.02004
0.01213 0.01995
0.01738 0.02623
0.01928 0.02368
0.01260 0.02491
0.01290 0.02020
0.01430 0.02523
0.01316 0.02404
0.01214 0.02051
0.01164 0.02135
0.01401 0.02293
0.01794 0.02030
0.01274 0.02277
0.01568 0.03096
0.01348 0.02227
0.01394 0.02259
0.01195 0.02520
0.01512 0.01950
0.01392 0.02429
0.01412 0.02345
0.02097 0.02548
0.01383 0.02960
0.01322 0.02378
0.01185 0.01957
0.01253 0.02148
0.01254 0.02296
0.01309 0.02493
0.01383 0.02844
0.01323 0.02841
0.01129 0.01712
0.01129 0.01837
0.01343 0.03147
0.01325 0.02497
0.01341 0.01950
0.01199 0.01863
0.01621 0.02409
0.01291 0.02299
0.02227 0.02425
0.01211 0.02255
0.01234 0.02420
0.01437 0.02705
0.01196 0.02179
0.02080 0.01999
0.01304 0.02154
0.01239 0.02475
0.01692 0.02674
0.01942 0.02432
0.01213 0.01934
0.02317 0.01920
0.01361 0.02715
0.01236 0.02033
0.01408 0.02505
0.01334 0.02474
0.01245 0.02248
0.01254 0.01942
0.01202 0.01923
0.01245 0.02719
0.01163 0.01886
0.01363 0.02881
0.01965 0.02423
0.01314 0.02101
0.02059 0.02622
0.01395 0.02381
0.01326 0.02583
0.01197 0.02013
0.01486 0.02764
0.01344 0.03546
0.01532 0.02040
0.01363 0.02448
0.01479 0.02490
0.01296 0.02341
0.01291 0.02738
0.01118 0.01802
0.01205 0.01968
0.01209 0.01955
0.01286 0.02237
0.01747 0.02412
0.01192 0.01835
0.01527 0.01851
0.01533 0.02301
0.01376 0.01797
0.01659 0.03034
0.01209 0.01992
0.01369 0.02533
0.01999 0.02676
0.01274 0.02632
0.01336 0.02602
0.01361 0.02421
0.01253 0.02027
0.01309 0.02575
0.01272 0.02694
0.02814 0.01891
0.01520 0.02465
0.01172 0.02382
0.01179 0.01908
0.01194 0.02462
0.01705 0.02459
0.01192 0.02000
0.01320 0.03011
0.01364 0.02365
0.01310 0.02041
0.01401 0.02490
0.01198 0.02500
0.01312 0.02322
0.01167 0.02233
0.01224 0.02732
0.01113 0.01640
0.01680 0.02454
0.01690 0.01870
0.01229 0.01791
0.01127 0.01862
0.01422 0.02780
0.01391 0.02778
0.02232 0.02434
0.01229 0.02514
0.01232 0.02396
0.01308 0.02918
0.01210 0.01857
0.01362 0.02706
0.01386 0.03055
0.01332 0.02869
0.01143 0.01877
0.01231 0.01966
0.01345 0.02801
0.01404 0.02650
0.01297 0.02267
0.01218 0.02416
0.01350 0.02398
0.01311 0.02646
0.01354 0.02219
0.01193 0.01873
0.01362 0.02462
0.01393 0.03104
0.01370 0.02619
0.01189 0.02493
0.01886 0.02184
0.01366 0.02306
0.01974 0.02415
0.01371 0.02387
0.01363 0.02109
0.01340 0.02660
0.02019 0.02806
0.01302 0.02237
0.01332 0.02292
0.01261 0.01982
0.01288 0.02302
0.01375 0.02423
0.02237 0.02014
0.01213 0.01952
0.01379 0.02877
0.01171 0.01895
0.01356 0.02392
0.01324 0.02253
0.01270 0.02738
0.01474 0.03484
0.01338 0.02915
0.01814 0.02533
0.01847 0.01951
0.01824 0.02365
0.01348 0.02953
0.01226 0.01911
0.01294 0.02523
0.01578 0.02639
0.01446 0.02524
0.01460 0.02313
0.01593 0.02359
0.01164 0.01854
0.01210 0.02374
0.01168 0.01892
0.01502 0.02639
0.01178 0.02151
0.01211 0.01863
0.01316 0.02546
0.01229 0.01851
0.01425 0.03017
0.01355 0.02409
0.02216 0.02500
0.01396 0.02603
0.01410 0.02565
0.02146 0.02361
0.01322 0.02334
0.01858 0.02229
0.01228 0.02018
0.01192 0.02234
0.01291 0.02341
0.01158 0.01938
0.01329 0.02343
0.01414 0.02806
0.01191 0.01815
0.01168 0.02370
0.01424 0.03107
0.01167 0.01929
0.01499 0.02387
0.01200 0.01940
0.01319 0.02388
0.01560 0.02580
0.01312 0.02149
0.01988 0.02469
0.01642 0.02245
0.02514 0.02097
0.01342 0.01758
0.01219 0.02313
0.01237 0.01883
0.01211 0.02570
0.01350 0.02959
0.01333 0.02905
0.01230 0.01928
0.01313 0.02065
0.01173 0.01934
0.01315 0.02937
0.01425 0.02510
0.01475 0.02108
0.01764 0.02453
0.01374 0.02531
0.01226 0.01837
0.01324 0.02292
0.01242 0.02033
0.01409 0.02549
0.01122 0.01721
0.01361 0.02509
0.01357 0.02391
0.01935 0.02145
0.01232 0.02286
0.01260 0.02270
0.01358 0.02780
0.01228 0.02288
0.01184 0.02383
0.01430 0.02044
0.01202 0.01817
0.01377 0.02469
0.01229 0.02545
0.01445 0.02425
0.01529 0.02313
0.01398 0.02877
0.01350 0.02236
0.01375 0.02388
0.01215 0.02228
0.01559 0.02587
0.02093 0.02878
0.02220 0.02100
0.01250 0.02489
0.01400 0.02073
0.01898 0.02149
0.01740 0.02084
0.01379 0.02687
0.01506 0.03224
0.01916 0.02378
0.01163 0.02367
0.01590 0.02767
0.01365 0.02468
0.01389 0.02912
0.01386 0.02276
0.01518 0.01947
0.01329 0.02549
0.01457 0.02536
0.01090 0.01771
0.01297 0.01935
0.02052 0.02376
0.01362 0.02724
0.01168 0.01956
0.01792 0.02028
0.01247 0.02187
0.01150 0.01793
0.01297 0.02220
0.01298 0.02018
0.01228 0.02585
0.01389 0.02506
0.01303 0.02789
0.01653 0.02268
0.01307 0.03014
0.01322 0.02384
0.01994 0.01968
0.01162 0.01966
0.01441 0.02562
0.01552 0.02241
0.01314 0.02384
0.01328 0.02308
0.01233 0.02068
0.01383 0.02399
0.01210 0.02063
0.01252 0.02146
0.01744 0.03191
0.01469 0.02517
0.02415 0.02526
0.01244 0.02430
0.01925 0.02631
0.01252 0.02769
0.01193 0.02121
0.01288 0.02776
0.01224 0.02388
0.01300 0.02290
0.01815 0.02342
0.01772 0.02113
0.02192 0.02171
0.02357 0.02364
0.01354 0.02459
0.01348 0.02975
0.01249 0.02425
0.02030 0.02410
0.01369 0.02290
0.01327 0.02380
0.01836 0.02277
0.01201 0.01883
0.01207 0.02480
0.01184 0.02302
0.01696 0.02699
0.01344 0.02196
0.01252 0.02697
0.01191 0.02001
0.01409 0.02964
0.01181 0.01861
0.01359 0.02471
0.01363 0.02763
0.02053 0.01869
0.01788 0.02337
0.02007 0.02567
0.01369 0.02805
0.01225 0.01848
0.01213 0.02239
0.01368 0.02386
0.01271 0.01907
0.01158 0.01858
0.01147 0.02018
0.01302 0.02239
0.01609 0.01984
0.01328 0.02908
0.01232 0.02113
0.01381 0.02960
0.01223 0.01894
0.01572 0.02222
0.01449 0.01873
0.01344 0.02250
0.01880 0.03217
0.01201 0.02211
0.01241 0.01829
0.01361 0.01946
0.01439 0.02732
0.01298 0.02311
0.02121 0.02718
0.02023 0.02560
0.01476 0.02351
0.01156 0.01837
0.01164 0.01825
0.01153 0.01867
0.01343 0.02101
0.01418 0.02552
0.01203 0.01991
0.01361 0.02578
0.01202 0.02084
0.01314 0.02762
0.01370 0.02716
0.01377 0.02501
0.01248 0.02045
0.02352 0.02417
0.01844 0.02187
0.01992 0.02435
0.01247 0.02585
0.01267 0.02695
0.01296 0.02201
0.01313 0.03052
0.01249 0.02270
0.01203 0.01930
0.01444 0.03081
0.01257 0.01993
0.01252 0.02543
0.01136 0.01830
0.01235 0.02248
0.01161 0.01779
0.01220 0.02065
0.01228 0.02324
0.01347 0.02347
0.01398 0.02479
0.02307 0.02267
0.01198 0.02285
0.01507 0.02054
0.02173 0.02230
0.01368 0.02469
0.01174 0.01790
0.01352 0.02549
0.01357 0.02357
0.01323 0.02282
0.01334 0.02444
0.01803 0.01914
0.01203 0.01973
0.01316 0.02387
0.01806 0.02686
0.01347 0.02429
0.02137 0.02350
0.01145 0.01820
0.01809 0.02084
0.01180 0.01989
0.01342 0.02395
0.01201 0.02676
0.01198 0.01820
0.01202 0.01902
0.01164 0.02411
0.01166 0.01958
0.01190 0.01956
0.01253 0.02250
0.01296 0.02549
0.01331 0.02319
0.01373 0.02505
0.01385 0.02368
0.01215 0.02486
0.01334 0.02469
0.01354 0.02274
0.01296 0.02515
0.01272 0.02023
0.01274 0.01907
0.01230 0.02034
0.01888 0.02343
0.01597 0.01850
0.01323 0.02227
0.01189 0.02181
0.01171 0.01986
0.01942 0.02619
0.01564 0.02294
0.01168 0.02327
0.02045 0.02392
0.01357 0.02375
0.01813 0.02422
0.01269 0.01817
0.01364 0.03018
0.01574 0.02279
0.01226 0.02466
0.01853 0.02352
0.01301 0.02256
0.01445 0.02568
0.01296 0.02373
0.01210 0.02737
0.01332 0.02611
0.01239 0.02594
0.01333 0.02193
0.02687 0.02337
0.01187 0.01873
0.01184 0.01903
0.01264 0.02205
0.01262 0.01970
0.01219 0.01967
0.01401 0.02493
0.01222 0.01948
0.01186 0.01918
0.01365 0.02363
0.01132 0.01773
0.01312 0.02240
0.01190 0.01927
0.01197 0.02465
0.01743 0.02158
0.01132 0.02514
0.01192 0.01898
0.01230 0.01908
0.01239 0.01938
0.01221 0.02067
0.01240 0.01889
0.01864 0.03407
0.01687 0.02398
0.01458 0.02535
0.01329 0.02379
0.01373 0.03414
0.01311 0.02428
0.01326 0.02369
0.01413 0.02376
0.01442 0.02654
0.01366 0.02653
0.01282 0.02267
0.01217 0.02432
0.01329 0.01846
0.01359 0.02657
0.01313 0.02666
0.01350 0.02381
0.01741 0.02193
0.01202 0.01930
0.01356 0.02815
0.01139 0.02091
0.01381 0.02442
0.01256 0.01771
0.01278 0.02400
0.01305 0.02209
0.01397 0.02332
0.01446 0.02753
0.01220 0.02397
0.01219 0.01917
0.01402 0.02896
0.01371 0.03053
0.01199 0.02309
0.01438 0.02913
0.01277 0.01953
0.01191 0.01944
0.01350 0.02368
0.01194 0.01991
0.01404 0.02570
0.01342 0.02301
0.01281 0.02191
0.01206 0.01887
0.01205 0.02020
0.01194 0.01867
0.01140 0.01933
0.01374 0.02387
0.01153 0.01783
0.01149 0.01787
0.01323 0.02783
0.01223 0.02111
0.02052 0.02041
0.01620 0.01945
0.01223 0.01960
0.01391 0.02803
0.01182 0.02541
0.01136 0.01870
0.01374 0.02448
0.01264 0.01958
0.02110 0.02066
0.01260 0.02621
0.01247 0.02003
0.01305 0.02703
0.01299 0.02536
0.01219 0.01967
0.01373 0.02275
0.01304 0.02360
0.01485 0.02707
0.01302 0.02899
0.01202 0.02466
0.01760 0.02050
0.01237 0.02453
0.01484 0.02712
0.01180 0.02339
0.01807 0.02323
0.01503 0.01997
0.02171 0.02792
0.01218 0.02366
0.01134 0.01836
0.01315 0.01977
0.01991 0.02939
0.01347 0.02786
0.01635 0.02742
0.01227 0.02024
