136 5376 11.92129 3.12279 2.81817 7.63188 5 2 0 1 2 30 100.00000 0
92 159 10.90026 0.22630 5.77333 6.64080 19 0 0 17 9 105 100.00000 0
2004 5259 11.67707 2.98746 8.15094 171.16887 12 3 2 5 5 122 100.00000 0
2261 4049 11.76058 3.13964 2.15245 1.72465 13 0 0 6 5 101 100.00000 0
2104 5181 10.10429 3.05098 22.00044 174.80816 5 0 1 0 2 78 100.00000 0
2282 4025 11.86480 3.13588 2.49449 2.16591 33 0 3 20 6 191 100.00000 0
569 5026 10.00868 3.08333 15.21558 176.66199 5 3 0 3 1 73 100.00000 0
97 5378 11.99398 3.12519 6.59887 6.09879 10 0 0 10 7 66 100.00000 0
610 4970 11.35571 3.12428 2.02056 7.09252 19 1 2 6 2 139 100.00000 0
2250 4062 11.78848 3.13045 5.54041 179.36142 5 0 0 3 2 69 100.00000 0
663 4948 11.21786 2.65241 53.71810 151.97197 4 0 0 0 1 80 100.00000 0
592 4028 10.66870 3.12096 2.15241 2.98478 36 3 0 19 14 219 100.00000 0
8 159 10.90026 0.22630 5.96315 6.96734 21 0 0 15 7 106 100.00000 0
1 161 11.92404 0.22584 5.68803 6.45804 14 0 0 12 10 99 100.00000 0
2422 4856 10.96830 3.13239 2.24750 1.64235 18 4 7 18 6 148 100.00000 0
700 3945 11.49248 3.11606 14.06734 178.53981 10 5 0 0 2 80 100.00000 0
313 5258 10.32121 3.10810 23.30627 178.08092 13 2 2 1 4 93 100.00000 0
2572 4687 11.84642 3.08366 3.36074 6.60598 6 0 0 4 3 85 100.00000 0
2438 3861 11.49946 3.13012 3.97667 2.94184 50 0 15 44 29 317 100.00000 0
