578 5020 11.43621 3.12303 4.05170 2.56094 21 0 0 16 14 312 100.00000 0
92 159 10.90026 0.22630 12.37514 7.70059 24 0 0 12 8 361 100.00000 0
3712 4655 11.93130 0.31879 2.30708 8.44327 12 2 2 8 7 242 100.00000 0
1661 3312 11.31256 0.10250 11.58913 5.87310 85 0 0 68 54 798 100.00000 0
2261 4049 11.76058 3.13964 7.25904 1.02946 43 0 0 41 31 383 100.00000 0
582 2262 11.35520 0.02476 8.72593 0.69886 34 0 0 32 21 430 100.00000 0
976 2666 10.07307 0.03653 10.57224 2.09518 22 0 0 11 5 465 100.00000 0
356 2078 11.90709 0.05991 11.72299 3.43388 36 0 0 6 15 408 100.00000 0
2382 3936 10.91116 3.11171 7.34968 2.02255 15 0 0 13 4 222 100.00000 0
2572 4686 10.71264 3.08337 16.73026 169.24825 12 0 0 4 3 347 100.00000 0
97 5378 11.99398 3.12519 6.71900 7.08239 7 0 0 3 2 108 100.00000 0
650 3998 11.78803 2.91330 7.22951 166.91964 16 0 0 11 10 335 100.00000 0
429 5150 10.65522 3.00195 7.73982 171.99869 18 0 0 2 6 331 100.00000 0
2182 5092 11.76291 3.12019 21.58976 178.77539 10 0 0 1 0 152 100.00000 0
2076 5190 11.97962 3.03250 13.38976 5.25136 21 0 0 14 14 384 100.00000 0
663 4948 11.21786 2.65241 1.88891 10.88340 19 5 2 9 3 279 100.00000 0
1638 3280 11.84708 0.02932 12.73859 1.67771 19 0 0 5 6 288 100.00000 0
1453 3101 10.51488 0.01896 7.39774 2.25308 32 0 0 24 17 481 100.00000 0
613 4006 10.80174 3.13620 7.29458 2.10394 24 0 0 24 7 479 100.00000 0
587 2287 11.72779 0.02617 3.09362 0.98158 25 0 0 25 15 435 100.00000 0
940 4629 11.60252 2.19801 14.17790 141.15519 8 0 0 1 2 294 100.00000 0
617 2316 10.64289 0.00780 10.19600 0.44323 43 0 0 29 28 833 100.00000 0
942 4632 11.85576 2.23617 20.62644 131.32547 7 0 0 2 2 255 100.00000 0
1553 3201 11.06317 0.02811 9.16668 3.66020 26 0 0 20 17 417 100.00000 0
566 5013 10.95632 3.09711 7.04193 177.45025 23 0 0 18 9 287 100.00000 0
639 2343 11.23128 0.59822 7.29337 15.36973 15 0 0 0 4 363 100.00000 0
8 159 10.90026 0.22630 11.03786 12.96609 23 0 0 13 9 389 100.00000 0
1 161 11.92404 0.22584 13.89099 12.93927 21 0 0 7 9 410 100.00000 0
3733 4679 10.39465 0.03934 7.70811 9.17918 13 0 0 8 7 432 100.00000 0
796 4809 11.59035 3.10642 12.83573 10.10822 25 0 0 14 11 614 100.00000 0
2572 4687 11.84642 3.08366 9.18704 176.67999 8 0 0 3 2 349 100.00000 0
5426 5536 10.62562 0.00675 8.76177 1.84016 51 0 0 42 30 867 100.00000 0
618 2292 11.68035 0.01462 10.28412 0.99701 59 0 0 54 42 862 100.00000 0
944 3672 11.28042 2.26879 19.76107 129.99197 5 0 0 1 2 259 100.00000 0
409 2105 11.49739 0.10281 14.56934 5.89036 31 0 0 23 11 467 100.00000 0
684 2338 11.82251 0.76163 5.63601 43.63835 16 0 0 2 6 291 100.00000 0
1993 5270 11.50930 2.92640 6.72982 7.87031 40 0 0 40 18 587 100.00000 0
1439 3119 11.31318 0.05056 8.12605 1.02984 56 0 0 26 28 657 100.00000 0
