5988 8036 10.63461 2.17040 0.98957 2.96293 13 0 1 10 10 100 100.00000 0
1414 5052 10.33247 0.36931 0.27580 0.69210 52 31 11 52 25 340 100.00000 0
5077 6904 10.86195 3.00305 0.84676 2.49041 24 2 1 20 7 121 100.00000 0
5412 6699 10.68882 2.38054 1.85582 1.56273 8 0 2 1 3 89 100.00000 0
283 8736 11.53186 0.06029 0.98948 2.06469 26 8 4 18 14 201 100.00000 0
1444 5046 10.90901 0.33415 0.51647 0.78185 61 28 15 55 38 337 100.00000 0
568 3789 11.33644 0.02823 0.45384 1.53646 27 12 6 17 15 208 100.00000 0
4743 7181 10.95530 2.92613 1.78534 1.97833 15 0 0 11 4 186 100.00000 0
551 3799 10.99034 0.03162 0.66625 1.19190 15 5 4 11 5 125 100.00000 0
451 3708 11.51139 0.00466 0.44869 0.64891 19 7 4 9 7 174 100.00000 0
1481 5085 11.31140 0.16682 0.74674 1.93128 53 17 4 51 32 326 100.00000 0
6308 7718 11.32889 3.08737 0.87356 1.64877 14 2 0 8 4 123 100.00000 0
4678 7207 11.63310 2.48294 1.52118 1.98347 26 0 0 23 14 272 100.00000 0
4737 7202 11.02315 2.65492 1.97581 1.91336 9 0 0 4 4 169 100.00000 0
4701 7233 10.63455 1.64708 1.52009 2.50249 38 0 0 29 11 332 100.00000 0
1082 4433 11.63277 0.06594 0.16324 0.93586 43 22 12 40 23 407 100.00000 0
342 8893 11.77738 0.01828 0.68117 1.04268 16 2 1 10 7 178 100.00000 0
5111 6866 10.18816 3.12082 1.98160 1.87388 16 0 0 3 6 176 100.00000 0
6031 8030 10.30772 3.13107 0.38439 3.74533 19 1 7 11 10 200 100.00000 0
570 3792 10.40776 0.02981 0.31156 1.80494 22 10 4 20 11 162 100.00000 0
1524 5135 11.01220 0.00244 1.65658 5.46164 18 0 0 16 11 193 100.00000 0
2948 6004 10.19878 1.18354 0.49644 2.00838 12 0 1 9 7 92 100.00000 0
5390 6681 11.48172 2.06655 0.40396 1.68934 12 4 1 8 6 69 100.00000 0
2963 8097 10.74930 0.02549 0.49091 2.01596 9 4 1 4 3 190 100.00000 0
2916 5965 10.05853 0.09146 0.41343 2.07453 22 12 4 20 12 199 100.00000 0
6310 7717 11.61955 3.08949 0.45968 1.65091 26 9 9 17 14 177 100.00000 0
3625 8929 10.11312 0.03816 0.75638 1.37088 27 8 1 21 16 212 100.00000 0
1326 7027 10.51857 2.99876 1.80682 2.30512 46 0 0 31 14 528 100.00000 0
336 8867 11.13984 0.02555 0.39645 1.57768 26 5 3 10 9 168 100.00000 0
1600 6738 11.81658 3.13946 0.56627 1.77034 14 6 1 7 4 123 100.00000 0
1414 5015 11.07950 0.08558 0.31498 0.52489 48 30 9 42 26 291 100.00000 0
737 3942 10.32301 0.84648 1.77411 1.05721 18 0 6 7 6 246 100.00000 0
1482 6872 10.04486 3.12266 1.22178 1.21595 27 1 0 18 6 340 100.00000 0
6142 7877 11.44315 3.13854 1.64352 1.19877 42 0 0 33 27 301 100.00000 0
128 3419 11.74596 0.01835 0.64394 0.49732 18 5 0 10 10 177 100.00000 0
1100 4418 10.65491 0.05900 0.52639 0.63858 46 20 14 46 29 491 100.00000 0
941 4172 10.52709 0.02551 0.72052 1.95024 18 7 0 13 11 190 100.00000 0
2698 5646 11.29122 0.15585 0.60565 1.04605 25 11 9 23 11 163 100.00000 0
504 3733 10.98126 0.01194 1.32478 3.95963 15 9 1 15 11 62 100.00000 0
1449 6912 11.35509 2.89181 0.97498 2.33749 43 14 4 37 22 281 100.00000 0
1237 7135 10.41648 3.08859 1.72493 2.32153 20 0 0 7 2 194 100.00000 0
3223 8324 11.32034 0.02473 0.70498 0.99780 29 11 9 26 15 167 100.00000 0
2934 5949 10.19149 0.03884 0.25425 2.25533 9 6 1 7 6 126 100.00000 0
4771 7103 10.65832 3.09293 1.74053 1.75992 25 0 0 21 7 490 100.00000 0
4736 7121 10.95820 3.11465 1.72511 2.80547 19 0 0 4 9 294 100.00000 0
1012 4325 10.68182 0.02837 0.18781 1.43913 36 27 5 36 23 290 100.00000 0
108 8610 10.49891 0.04796 0.38275 0.56371 26 11 9 19 14 169 100.00000 0
5084 6894 10.58147 3.04418 1.47589 2.46910 31 1 0 21 14 237 100.00000 0
3234 8402 11.47139 0.97493 0.58206 0.73382 14 4 0 8 7 131 100.00000 0
1364 4931 11.87389 0.01883 0.53043 0.51282 35 15 10 27 19 247 100.00000 0
1637 6693 11.63501 2.20014 1.69493 5.78967 7 0 0 2 2 76 100.00000 0
3168 8276 11.53381 0.07247 0.50452 0.73489 14 3 4 9 7 208 100.00000 0
1143 4551 10.01507 0.07036 0.46328 1.05758 144 61 17 139 113 626 100.00000 0
3280 8398 11.13507 0.37005 0.41813 0.89087 13 6 2 9 4 132 100.00000 0
102 3428 11.50927 0.05388 0.49223 0.55249 15 4 0 10 8 167 100.00000 0
5010 6968 11.29138 2.95108 0.78410 1.42821 25 4 3 21 15 176 100.00000 0
1213 7223 11.34054 1.90211 1.31343 1.36888 19 0 0 16 6 187 100.00000 0
5048 6896 11.73193 2.63804 0.92258 2.35684 31 3 0 31 15 126 100.00000 0
243 8697 10.88567 0.03663 0.45596 2.09984 22 14 1 12 13 176 100.00000 0
4691 7164 11.27247 3.02844 1.56927 1.48596 19 0 0 14 7 276 100.00000 0
3233 8398 10.80862 0.87012 0.21937 0.89700 23 13 3 20 14 160 100.00000 0
880 4105 11.93766 0.04189 0.23300 2.79036 18 4 4 12 6 190 100.00000 0
5994 8067 10.56765 1.58472 0.58328 2.52243 10 1 3 4 4 104 100.00000 0
1213 4645 10.41249 0.08131 0.73385 1.97219 17 4 3 11 10 181 100.00000 0
3279 8399 10.36215 0.33464 0.19681 1.10889 13 5 4 10 6 116 100.00000 0
1215 4647 11.38444 0.07990 0.18602 1.31700 19 11 4 14 7 215 100.00000 0
3200 8307 10.45604 0.16594 1.63585 6.61625 40 22 0 10 9 249 100.00000 0
6037 7988 11.05039 3.13779 0.51085 3.55468 7 0 0 2 2 134 100.00000 0
25 8585 10.74196 0.02857 1.05623 3.91136 13 0 2 0 1 167 100.00000 0
5230 6759 11.88507 3.12304 0.87767 1.32027 54 4 2 45 25 298 100.00000 0
1068 4364 11.00272 0.03437 0.50275 0.51205 22 10 1 16 15 228 100.00000 0
8856 8910 10.38949 0.03636 0.27402 2.42398 27 7 6 21 12 242 100.00000 0
3426 8620 11.04902 0.02550 0.18858 0.38155 14 7 2 6 7 124 100.00000 0
981 4224 11.26091 0.41318 0.44325 2.57496 14 6 2 12 5 140 100.00000 0
168 3467 10.54856 0.01504 0.63013 1.68051 18 4 2 11 7 151 100.00000 0
532 3783 11.79261 0.01484 0.55683 0.13706 30 5 4 19 9 148 100.00000 0
229 3516 11.83603 0.02063 0.69473 1.30146 14 4 2 9 8 124 100.00000 0
105 3405 10.30328 0.02403 0.85575 1.10712 22 10 3 16 7 117 100.00000 0
3233 8332 11.28283 0.19775 0.59272 2.00350 23 6 4 16 8 145 100.00000 0
1250 7185 11.46706 2.97565 1.73970 0.39664 13 0 0 8 5 175 100.00000 0
367 8881 11.25742 0.03415 0.77583 0.62870 21 2 4 18 13 127 100.00000 0
8851 8903 10.87758 0.03191 0.59135 1.83056 19 10 2 15 5 210 100.00000 0
7163 7227 11.30097 1.23672 0.27988 2.35867 16 1 0 12 9 241 100.00000 0
1263 7139 11.60710 3.04318 1.77273 1.05239 14 0 0 5 3 288 100.00000 0
1622 5377 10.00534 0.02559 1.60024 4.52065 11 1 0 7 4 106 100.00000 0
1177 4562 11.54704 0.05295 0.55418 1.01876 33 17 5 29 20 208 100.00000 0
1409 6925 10.24348 2.87217 0.67513 2.69544 41 0 0 28 20 284 100.00000 0
2665 5613 10.83734 0.09575 0.13847 1.15148 40 31 5 37 25 160 100.00000 0
1678 5403 10.94540 1.13851 1.21722 1.50168 13 0 0 5 5 81 100.00000 0
2735 5688 10.25589 0.08270 0.36030 1.45777 18 5 1 4 7 171 100.00000 0
1426 5071 11.44287 0.45463 0.81120 0.69886 30 1 0 19 17 203 100.00000 0
3047 8150 10.53539 0.03481 0.16660 1.15961 32 24 3 28 20 278 100.00000 0
3469 8646 11.29900 0.00978 0.43593 0.92915 20 8 5 13 6 175 100.00000 0
1213 4706 11.12573 0.09906 0.67033 2.50780 28 10 3 22 18 293 100.00000 0
1099 4475 10.85715 0.05417 0.27193 0.21489 65 52 7 61 42 466 100.00000 0
662 3879 10.00162 0.02537 0.37148 0.65372 30 18 4 25 19 271 100.00000 0
869 4131 11.49482 0.00704 0.44730 0.22029 13 5 0 8 8 204 100.00000 0
3261 8367 10.18055 0.90672 0.30849 1.69212 18 9 2 18 9 137 100.00000 0
191 8676 10.85739 0.01627 0.66856 0.90005 11 5 1 6 5 117 100.00000 0
537 3786 10.26905 0.01459 0.30993 0.38563 33 16 6 22 17 174 100.00000 0
2942 6000 10.13712 1.02719 0.67494 1.51388 13 8 0 9 7 133 100.00000 0
339 3582 11.07659 0.02189 0.49469 0.40251 52 34 6 48 41 274 100.00000 0
4968 6996 11.42188 3.09670 1.28861 2.93345 19 0 0 17 7 252 100.00000 0
2591 5585 11.46648 1.38067 0.97471 1.77938 18 0 2 3 2 126 100.00000 0
976 4213 11.91001 0.44477 0.44790 2.24158 14 6 2 8 5 117 100.00000 0
4910 7013 11.18828 2.99508 1.71402 2.07075 57 0 0 50 31 486 100.00000 0
1655 6681 10.84117 1.78538 0.67707 1.73416 6 2 1 3 3 52 100.00000 0
1132 4482 10.47787 0.07895 0.69662 0.39267 55 16 8 53 33 457 100.00000 0
1408 5007 10.78992 0.08551 0.17714 0.93670 37 24 3 29 21 390 100.00000 0
1130 4476 11.33315 0.08089 0.58574 0.61166 39 17 4 30 23 432 100.00000 0
2661 5639 10.78855 0.09797 0.98123 9.05373 19 6 2 10 11 81 100.00000 0
1216 7187 11.86606 2.85067 1.24718 2.91269 20 0 0 12 6 348 100.00000 0
4757 7150 10.35057 3.12753 1.47995 1.64235 20 0 0 15 9 242 100.00000 0
3363 8531 10.02579 0.01563 0.27718 0.77126 31 22 3 31 21 192 100.00000 0
322 8824 10.70421 0.05112 0.48415 0.11191 99 54 2 96 79 327 100.00000 0
253 3533 10.07381 0.01522 0.39501 0.42704 24 11 5 17 12 228 100.00000 0
3589 8857 11.26583 0.05082 1.50366 2.81508 21 7 1 19 8 224 100.00000 0
1351 7022 10.63067 3.12180 1.54292 2.59722 53 0 0 51 24 451 100.00000 0
1290 4812 10.21574 0.02344 0.26857 0.46981 29 12 10 24 10 487 100.00000 0
7176 7230 11.12103 1.25418 0.23988 1.42629 27 13 6 16 14 271 100.00000 0
2594 5597 11.45521 1.31962 1.01675 1.16096 9 0 0 3 2 75 100.00000 0
3062 8165 11.55130 0.04840 0.20997 1.81510 25 21 1 21 14 314 100.00000 0
4679 7225 11.35288 1.83809 1.90170 2.05367 10 0 0 7 5 132 100.00000 0
3386 8531 10.75178 0.01039 1.36697 1.12396 10 2 3 6 2 140 100.00000 0
6356 7620 10.42478 1.73005 1.91927 8.36161 13 0 0 5 3 137 100.00000 0
4904 7044 11.76883 3.09693 1.60004 2.63225 46 0 0 44 22 554 100.00000 0
1170 4608 11.71303 0.03794 0.60090 0.56855 25 7 1 15 13 201 100.00000 0
3194 8343 11.41136 0.07426 0.56529 0.99662 20 7 2 15 10 177 100.00000 0
7165 7229 11.66662 1.28931 0.44461 1.52316 28 15 10 28 15 246 100.00000 0
914 4142 10.49397 0.00972 1.66589 2.69791 13 2 1 3 3 208 100.00000 0
7162 7225 11.08314 1.16855 1.91724 3.29574 17 3 0 2 3 215 100.00000 0
5237 5295 11.24141 0.01397 0.24023 0.83369 15 5 3 3 5 160 100.00000 0
2593 5582 11.56355 1.34431 1.95159 8.34210 10 1 1 7 4 77 100.00000 0
6228 7812 11.51755 3.13286 0.35056 3.22998 21 2 0 16 11 339 100.00000 0
1224 4670 10.01207 0.05575 0.40984 0.59676 28 12 6 26 20 295 100.00000 0
3605 8830 11.32970 0.06066 0.86130 3.40191 42 7 6 31 27 251 100.00000 0
5382 6692 10.14992 2.20815 0.96132 1.14637 17 5 2 15 7 93 100.00000 0
116 8583 10.99558 0.01661 0.87294 0.80600 13 2 1 1 2 114 100.00000 0
1031 4314 10.09291 0.01767 0.31861 1.01876 43 27 8 37 31 246 100.00000 0
3620 8883 11.31508 0.03541 1.29486 0.46309 31 1 1 29 14 195 100.00000 0
3173 8280 11.97832 0.11593 0.53145 1.06422 27 6 5 25 15 331 100.00000 0
1051 4371 10.37330 0.01401 0.27464 0.44762 62 40 8 57 40 412 100.00000 0
991 4303 11.40733 0.34054 1.74130 0.81613 13 0 0 4 4 204 100.00000 0
333 3578 10.01554 0.02137 0.48608 0.36797 65 33 4 61 48 302 100.00000 0
