115 1547 10.74453 1.81495 0.14691 4.34920 49 46 3 46 30 119 100.00000 0
2449 3377 11.51103 1.06393 0.30737 2.56078 38 37 1 38 12 113 100.00000 0
371 2423 11.23183 1.47320 0.15583 1.73235 37 33 4 37 21 96 100.00000 0
578 3561 10.68366 1.14106 0.13358 1.49933 90 81 9 90 55 220 100.00000 0
525 3499 10.48394 0.06692 0.26566 0.65551 49 44 5 45 31 140 100.00000 0
2334 3288 10.21449 0.60180 0.10861 1.74159 62 55 7 56 29 180 100.00000 0
391 2423 11.78355 1.43327 0.24976 3.25101 26 25 1 26 8 117 100.00000 0
1403 3556 10.73074 2.22336 0.33855 0.79426 53 49 4 53 31 122 100.00000 0
15 4449 11.54991 0.30032 0.29059 0.94128 35 26 6 27 18 154 100.00000 0
591 1415 10.97019 3.09723 0.17252 0.65611 44 38 6 39 22 147 100.00000 0
595 1404 10.35491 2.30808 0.21458 1.17836 66 62 4 66 42 139 100.00000 0
444 3427 10.04481 0.90278 0.35495 1.24804 57 50 6 55 28 198 100.00000 0
523 3550 11.45851 1.08776 0.09895 2.45989 40 38 2 40 21 119 100.00000 0
595 1405 10.42108 2.35133 0.22875 1.17736 65 62 3 63 39 175 100.00000 0
1386 3550 10.00667 2.22747 0.16358 1.38790 59 52 6 54 32 159 100.00000 0
2335 3263 10.68921 1.68586 1.14111 2.78980 41 40 1 41 13 146 100.00000 0
572 1420 10.90436 1.95009 0.25646 1.56873 32 32 0 32 16 93 100.00000 0
410 3398 10.06667 0.08351 0.30292 2.63671 53 44 9 49 22 155 100.00000 0
595 1408 10.75489 2.49652 0.26142 0.51738 75 71 4 71 49 178 100.00000 0
858 3768 10.49101 0.04389 0.22370 2.18749 72 66 5 66 38 181 100.00000 0
571 1421 11.45938 1.88885 0.29303 1.55167 31 25 4 25 12 114 100.00000 0
547 3502 10.88783 0.11507 0.23526 1.36888 61 55 6 57 23 150 100.00000 0
413 3441 10.15621 1.24783 1.29137 4.52455 7 5 1 5 2 65 100.00000 0
83 4512 11.02520 0.03714 0.18359 0.88911 48 41 7 46 29 156 100.00000 0
551 3501 11.73357 0.11499 0.33361 1.35451 47 38 8 41 23 116 100.00000 0
158 1616 11.69931 0.12112 0.10416 0.52265 36 35 1 34 19 104 100.00000 0
754 3668 10.93412 1.51079 0.21559 2.03721 45 36 9 45 16 153 100.00000 0
532 3553 10.10113 1.22467 0.14278 2.19767 49 44 5 49 29 160 100.00000 0
556 1407 11.72521 2.51256 0.20736 1.30746 24 21 2 22 15 110 100.00000 0
428 2456 10.19883 1.06349 0.21321 4.82264 59 55 4 57 25 134 100.00000 0
2464 3402 11.17440 0.09188 0.21218 2.39245 26 18 7 22 13 99 100.00000 0
544 3557 11.21174 1.41059 0.27996 1.63996 33 29 4 29 14 122 100.00000 0
2455 3388 11.07632 0.61450 0.38079 2.70226 61 59 2 61 25 168 100.00000 0
5 4431 10.81164 0.89906 1.05383 2.74623 37 34 3 35 15 157 100.00000 0
447 3464 11.48221 0.02016 0.32780 1.11347 54 50 4 52 24 162 100.00000 0
1540 4534 11.82773 3.13185 0.35586 3.91757 58 50 7 51 25 163 100.00000 0
395 3377 11.00395 1.18611 0.40710 2.80672 44 43 1 42 21 139 100.00000 0
717 3679 11.35865 0.62154 0.77480 2.77798 21 16 5 19 7 82 100.00000 0
2328 3273 10.71687 1.61371 1.24283 3.01168 63 57 6 63 24 180 100.00000 0
428 3408 11.76796 1.05132 0.21072 4.24907 46 42 4 41 26 119 100.00000 0
378 3364 11.72483 1.59149 0.42728 1.78136 23 23 0 19 15 92 100.00000 0
786 3713 10.60311 0.03818 0.22393 0.84534 42 33 7 35 20 111 100.00000 0
749 3662 11.42045 1.29293 0.39703 2.60023 39 36 3 35 18 109 100.00000 0
417 3446 11.29783 1.13541 0.24668 2.17133 36 32 3 34 14 126 100.00000 0
2466 3407 10.19850 0.06239 0.63792 3.49514 24 21 2 24 11 79 100.00000 0
92 1565 10.98516 1.94637 0.23546 1.26702 32 27 4 30 16 129 100.00000 0
958 3841 10.50947 1.13182 0.08423 0.37534 38 36 2 36 20 137 100.00000 0
915 3836 10.34230 0.02788 0.24606 0.78435 33 28 3 24 15 107 100.00000 0
666 3624 11.09642 0.00355 0.15454 0.21306 27 22 4 24 16 144 100.00000 0
1416 3551 11.15230 3.09194 0.19443 0.47642 49 47 2 44 30 154 100.00000 0
562 1406 11.63728 2.56523 0.03688 1.38931 38 34 4 35 18 119 100.00000 0
419 2452 10.01915 0.50459 0.23374 1.47299 47 46 1 45 22 178 100.00000 0
877 3784 11.97781 0.06473 0.42630 0.70886 70 63 7 68 35 172 100.00000 0
751 3666 10.34155 1.39535 0.66623 2.76230 28 27 0 26 12 107 100.00000 0
391 3369 11.88995 1.48783 0.96188 3.14411 27 19 5 22 7 111 100.00000 0
516 580 11.61045 0.55335 0.12390 2.10840 58 55 3 54 38 139 100.00000 0
475 3464 11.97015 0.01877 0.22170 0.41212 46 43 3 42 24 157 100.00000 0
148 1576 11.63775 0.08388 0.35572 1.85097 50 40 9 48 32 156 100.00000 0
1408 3554 10.14746 2.55443 0.16805 0.28667 77 72 5 73 44 185 100.00000 0
667 3607 11.56704 0.01346 0.29990 0.72199 27 22 5 22 15 139 100.00000 0
131 4532 10.50841 1.54555 0.22146 0.75796 73 64 7 69 46 163 100.00000 0
405 3389 11.91620 0.55190 0.16736 3.43946 39 24 13 33 11 125 100.00000 0
125 4540 10.85627 1.44683 0.22942 1.94642 60 48 11 57 22 179 100.00000 0
684 3621 11.86790 0.01961 0.20539 1.12674 31 26 5 31 16 144 100.00000 0
102 4520 11.13582 0.32612 0.26920 1.00988 39 33 5 33 20 134 100.00000 0
2432 3403 10.70970 0.94258 0.95701 2.58543 50 47 3 46 29 118 100.00000 0
511 3528 11.00628 0.18681 0.32734 1.58041 52 48 4 52 24 117 100.00000 0
826 3745 11.94841 0.05989 0.11652 0.73542 48 47 1 48 30 148 100.00000 0
471 3461 11.28026 0.02688 0.21111 0.98834 47 45 2 43 26 161 100.00000 0
194 1619 11.49547 0.08180 0.27359 0.11535 51 39 12 46 21 133 100.00000 0
541 3503 10.04788 0.11372 0.17130 1.22397 52 50 2 50 23 156 100.00000 0
18 4453 11.70835 0.16095 0.22645 1.30566 38 37 0 36 18 138 100.00000 0
1399 3532 11.38021 2.97869 0.20292 0.74125 59 55 4 59 37 156 100.00000 0
772 3695 11.96207 0.07969 0.26798 1.95545 65 61 4 65 38 139 100.00000 0
576 1389 11.68375 3.02322 0.12043 0.48376 43 40 3 39 21 170 100.00000 0
518 3542 10.83686 0.61577 0.16985 1.98662 47 43 3 45 29 131 100.00000 0
2439 3364 11.02399 0.96576 0.96916 3.42097 28 26 2 26 7 104 100.00000 0
412 3442 10.95368 1.31661 0.55983 4.75366 20 13 5 14 8 70 100.00000 0
569 1407 10.30924 2.58635 0.22575 1.71600 37 35 2 33 24 117 100.00000 0
439 3459 11.71112 0.04273 0.28321 0.71546 59 55 4 59 32 181 100.00000 0
874 3782 11.16013 0.05782 0.29340 0.45370 56 45 9 48 26 190 100.00000 0
132 4537 11.66718 1.54946 0.43620 2.12062 66 61 4 64 38 138 100.00000 0
597 1402 11.24369 2.15792 0.23402 1.31343 65 61 4 65 44 143 100.00000 0
2452 3428 11.20538 0.70663 0.05890 3.07829 49 46 2 44 28 132 100.00000 0
425 2479 11.64363 0.88348 0.62332 5.82726 27 22 4 20 10 99 100.00000 0
1388 3542 10.64649 2.75023 0.20486 1.47671 65 61 4 63 30 207 100.00000 0
492 3499 10.18538 0.04577 0.22828 2.44264 37 31 5 31 15 104 100.00000 0
659 3601 10.89804 0.02354 0.26865 1.32972 26 25 1 24 11 120 100.00000 0
2379 3312 11.17297 0.02863 0.12830 0.49653 61 51 10 61 33 180 100.00000 0
219 1633 10.33262 1.44979 0.10661 0.63304 43 39 4 41 27 120 100.00000 0
582 1383 11.27619 2.64342 0.48525 2.02410 58 56 1 58 31 149 100.00000 0
2388 3344 11.19975 0.02217 0.16740 1.27411 40 28 10 30 16 138 100.00000 0
1410 3527 10.31118 2.41201 0.22792 1.84377 54 48 6 50 34 129 100.00000 0
737 3657 10.15225 0.52011 0.36299 2.05061 52 43 9 48 24 178 100.00000 0
2469 3445 11.11509 1.54966 0.25753 6.12074 7 2 5 7 3 47 100.00000 0
429 2479 11.43009 1.10903 1.35974 4.96736 19 15 3 15 4 78 100.00000 0
7 4432 11.96482 0.87808 0.74541 2.36612 20 18 2 18 6 105 100.00000 0
381 3364 11.64073 1.58401 0.22569 1.65989 48 45 3 46 25 167 100.00000 0
149 1578 11.24811 0.07916 0.39367 1.71783 45 42 2 42 24 129 100.00000 0
213 1630 10.02511 1.19971 0.37980 0.77682 41 37 3 39 21 121 100.00000 0
681 3636 10.07453 0.02479 0.16780 1.37998 52 48 2 50 29 178 100.00000 0
727 3693 11.66185 1.53192 0.26145 2.68875 42 33 9 34 18 129 100.00000 0
564 3557 10.75864 1.39588 0.39836 1.52572 40 32 8 31 21 143 100.00000 0
1398 3535 10.94358 3.08101 0.06843 0.93461 62 60 2 62 42 154 100.00000 0
213 1649 11.10205 1.46747 0.17825 1.33501 60 58 2 58 32 151 100.00000 0
510 565 11.20023 0.14017 0.82879 2.16139 37 31 5 35 20 121 100.00000 0
421 3447 10.49148 0.91149 0.21588 0.76617 44 41 3 40 25 180 100.00000 0
542 595 10.21960 1.32607 0.17200 1.82392 53 45 8 51 25 127 100.00000 0
509 563 11.52826 0.13012 0.41307 2.06564 37 33 4 35 15 113 100.00000 0
598 3532 10.25474 1.26658 0.41413 1.89196 64 59 5 64 24 178 100.00000 0
740 3700 10.65723 1.01638 0.29207 1.03287 44 38 6 38 19 171 100.00000 0
2449 3380 10.40104 0.92095 0.53902 2.11933 45 41 4 45 20 137 100.00000 0
736 3656 10.57821 0.46328 0.09830 1.66929 51 44 7 49 19 172 100.00000 0
702 3658 11.19489 0.03453 0.08653 0.39664 97 89 8 97 60 217 100.00000 0
405 2442 10.16858 0.40647 0.09794 2.97901 46 39 7 42 23 143 100.00000 0
2436 3360 11.51892 0.82616 0.55999 1.67023 41 38 3 38 24 114 100.00000 0
2447 3373 11.76464 1.16633 1.11822 2.33749 50 41 8 50 27 163 100.00000 0
515 576 10.93095 0.36941 0.72168 2.32086 63 58 5 63 26 116 100.00000 0
521 586 11.14252 0.89090 0.11228 2.31849 31 30 1 28 15 102 100.00000 0
714 3644 11.58707 0.01470 0.08038 0.37846 35 29 6 32 17 126 100.00000 0
125 1551 10.88796 1.29487 0.11274 1.77167 32 30 2 28 13 80 100.00000 0
2359 3280 11.60974 0.91132 0.43497 1.89899 71 66 4 69 34 219 100.00000 0
593 3518 10.65518 1.28173 0.22616 2.86785 41 35 6 37 15 95 100.00000 0
546 3557 11.21914 1.41025 0.48803 1.61568 25 21 3 18 10 110 100.00000 0
97 1552 11.90716 2.58595 0.64436 2.61973 21 19 1 16 13 90 100.00000 0
90 1564 11.94260 2.02168 0.18087 1.12292 59 54 5 57 28 144 100.00000 0
392 2424 11.74396 1.40119 0.76356 3.20540 25 16 9 25 8 101 100.00000 0
601 3538 10.76442 1.13034 0.19775 1.21338 57 51 5 53 32 151 100.00000 0
945 3855 10.68365 0.34359 0.25971 0.66676 42 40 1 34 24 118 100.00000 0
503 3487 10.36291 0.04223 0.39148 2.05481 47 37 10 39 17 138 100.00000 0
405 3433 10.01999 1.05772 0.41771 4.99442 28 21 6 23 16 82 100.00000 0
2342 3260 11.49206 1.57446 0.12261 3.02737 30 26 4 26 13 119 100.00000 0
2473 3443 10.71559 1.51622 0.93409 5.11366 10 7 2 8 3 65 100.00000 0
396 2431 10.60505 1.07662 0.25363 2.92530 78 74 3 76 40 186 100.00000 0
800 3726 10.08626 0.02419 0.17427 0.36477 57 52 5 57 34 141 100.00000 0
741 3657 11.69153 0.75466 0.23767 2.83931 33 28 5 31 9 116 100.00000 0
603 3541 11.22881 1.01205 0.20308 1.80992 80 71 9 78 48 189 100.00000 0
564 1409 10.85084 2.42396 0.09147 1.76591 50 47 3 47 26 108 100.00000 0
106 4540 10.55858 0.55062 0.11791 1.56423 66 59 7 61 31 185 100.00000 0
551 1411 11.18623 2.29926 0.43277 1.62895 36 33 3 33 18 126 100.00000 0
91 1562 11.53892 2.13203 0.29318 1.46607 76 73 3 67 30 157 100.00000 0
400 3383 11.69340 0.89346 0.08948 2.96015 66 53 13 66 34 146 100.00000 0
539 1417 11.51541 1.94865 0.22104 1.71714 44 40 4 38 19 115 100.00000 0
818 3739 11.86804 0.05403 0.22115 0.76413 30 27 3 28 21 93 100.00000 0
1578 4537 11.65490 1.63819 0.41383 1.60839 76 67 9 74 36 150 100.00000 0
741 3702 11.61325 0.95157 0.26593 1.07411 66 58 8 64 36 178 100.00000 0
743 3701 10.10380 0.82626 0.21224 1.69466 60 56 4 58 25 163 100.00000 0
495 3480 11.73798 0.02048 0.36634 0.41684 53 40 10 48 26 158 100.00000 0
26 4463 11.34854 0.02353 0.29744 1.14158 24 22 2 17 12 105 100.00000 0
588 1378 11.81548 2.20251 0.32570 1.05499 42 39 3 42 23 140 100.00000 0
566 1403 11.69155 2.72289 0.88933 1.38338 28 21 6 18 9 98 100.00000 0
698 3653 10.73586 0.02149 0.33963 0.27554 61 53 8 59 29 140 100.00000 0
2432 3404 11.20678 0.95801 0.76453 2.67986 53 48 5 53 20 156 100.00000 0
590 1382 10.80670 2.13124 0.15333 1.51439 39 36 3 39 23 111 100.00000 0
595 3519 11.19941 1.36407 0.70901 2.78164 44 34 9 42 14 109 100.00000 0
12 4445 11.12199 0.44621 0.28837 0.87043 49 45 2 47 28 193 100.00000 0
619 3565 10.61115 0.01832 0.47209 0.97558 40 30 10 40 16 133 100.00000 0
1385 3554 10.85013 1.97478 0.16355 1.08894 65 61 4 61 39 162 100.00000 0
621 3587 10.80721 0.01343 0.03818 0.12820 58 53 4 46 31 238 100.00000 0
1575 4529 10.71214 1.66072 0.46971 1.37515 43 40 3 38 19 127 100.00000 0
719 3681 10.97407 0.77446 0.60870 2.93398 37 29 8 34 13 102 100.00000 0
1418 3522 11.60818 1.88990 0.22883 1.98722 31 27 4 29 13 107 100.00000 0
919 3839 10.00787 0.03057 0.30136 1.06459 48 46 2 46 26 110 100.00000 0
708 3665 10.80542 0.01654 0.14202 0.60845 67 61 6 61 36 172 100.00000 0
600 3536 10.63680 1.19250 0.39814 1.70502 58 51 6 53 35 202 100.00000 0
552 1416 11.26247 2.00088 0.21685 1.86299 28 26 2 20 12 109 100.00000 0
1390 3540 10.87568 2.87580 0.24350 1.01375 50 49 1 48 26 177 100.00000 0
221 1636 10.07077 1.52997 0.14623 0.77380 53 46 7 49 23 121 100.00000 0
546 3502 10.88827 0.11496 0.19614 1.30985 70 55 13 68 27 184 100.00000 0
523 588 10.95953 1.01092 0.08245 2.39048 55 54 1 53 30 130 100.00000 0
650 3611 10.98224 0.02716 0.25416 1.40862 27 20 5 22 11 129 100.00000 0
565 1420 11.70149 1.83120 0.20361 1.89052 27 24 3 23 14 88 100.00000 0
582 3562 10.30517 0.93559 0.09243 2.13918 63 58 5 63 29 180 100.00000 0
792 3718 11.26078 0.01629 0.42149 0.72036 30 20 9 28 10 95 100.00000 0
567 1414 10.14103 2.16253 0.13938 2.23301 51 45 5 45 28 137 100.00000 0
370 2439 11.62313 0.64640 0.20677 1.32353 47 46 1 43 32 144 100.00000 0
1558 4527 10.29856 2.35834 0.62488 1.76614 27 25 1 20 10 93 100.00000 0
478 3488 10.80364 0.01575 0.14368 0.66441 53 48 4 47 32 160 100.00000 0
835 3775 10.17397 0.07998 0.28357 1.57545 98 93 5 98 41 233 100.00000 0
535 3556 11.07096 1.37410 0.18254 1.63662 40 33 7 32 21 105 100.00000 0
1402 3527 11.84386 2.78534 0.27454 1.32884 27 25 0 24 11 111 100.00000 0
1420 3539 10.52194 2.19549 0.12242 0.80697 35 34 1 31 22 126 100.00000 0
508 558 11.79446 0.12236 0.15742 1.55167 66 59 7 62 34 142 100.00000 0
513 3531 10.48913 0.23966 0.41706 1.48332 52 45 6 50 24 137 100.00000 0
539 3502 10.76934 0.11422 0.19162 1.26052 63 51 12 61 23 152 100.00000 0
514 577 11.75332 0.41583 0.27723 2.43076 58 58 0 53 29 150 100.00000 0
558 3501 11.84659 0.11612 0.60336 1.48727 43 37 6 43 15 103 100.00000 0
377 3366 10.89388 1.57292 0.44890 2.76937 15 10 0 9 5 79 100.00000 0
560 1417 11.27358 1.95091 0.02173 1.97675 31 27 4 29 17 106 100.00000 0
464 3455 10.16057 0.01633 0.20136 0.91172 46 41 5 44 25 169 100.00000 0
501 3509 10.82882 0.02260 0.25670 0.79868 51 46 3 43 28 155 100.00000 0
1403 3534 10.20601 2.89883 0.20140 1.04680 47 46 0 44 25 174 100.00000 0
106 1579 10.98190 1.08515 0.05938 1.29301 87 80 4 77 54 215 100.00000 0
2455 3432 10.65047 1.00399 0.19858 4.50485 39 33 4 33 22 122 100.00000 0
533 3500 11.83555 0.10438 0.26278 0.95368 35 28 6 26 16 113 100.00000 0
41 4479 10.39581 0.02173 0.15755 0.59281 39 36 3 39 17 118 100.00000 0
964 3856 10.91288 1.47447 0.41502 1.21305 52 44 8 52 20 152 100.00000 0
100 4538 10.44230 0.21965 0.16284 1.05090 52 43 9 50 27 152 100.00000 0
557 3557 11.15820 1.40951 0.28036 1.52675 23 20 2 19 9 91 100.00000 0
