5988 8036 10.63461 2.17040 0.43309 2.34518 42 0 1 39 29 266 100.00000 0
1414 5052 10.33247 0.36931 0.32627 0.42058 106 16 13 102 74 679 100.00000 0
5077 6904 10.86195 3.00305 0.59475 1.92905 37 0 0 34 25 381 100.00000 0
5152 6832 10.06994 3.13832 0.97849 1.90125 25 0 1 23 6 366 100.00000 0
5412 6699 10.68882 2.38054 1.06217 1.54053 10 0 0 7 8 94 100.00000 0
283 8736 11.53186 0.06029 0.46986 0.23407 39 1 2 33 31 350 100.00000 0
1444 5046 10.90901 0.33415 0.35987 0.80357 84 5 4 76 66 530 100.00000 0
5416 6686 11.19655 2.12976 0.97820 1.22940 8 0 0 8 4 142 100.00000 0
568 3789 11.33644 0.02823 0.40564 1.52752 41 3 1 38 23 321 100.00000 0
551 3799 10.99034 0.03162 0.57624 1.21047 30 0 6 24 17 245 100.00000 0
1481 5085 11.31140 0.16682 0.37594 0.91472 72 4 8 70 48 649 100.00000 0
1602 5348 11.99639 0.01276 1.71188 8.48059 11 1 2 4 5 128 100.00000 0
6308 7718 11.32889 3.08737 0.78439 1.66601 18 1 0 12 12 229 100.00000 0
4678 7207 11.63310 2.48294 1.38869 1.87451 28 0 0 28 16 428 100.00000 0
39 8586 11.48626 0.03120 1.45017 6.29731 16 0 0 2 5 201 100.00000 0
4701 7233 10.63455 1.64708 1.55002 2.57162 35 0 0 29 10 466 100.00000 0
1378 4993 10.70005 0.01567 0.44383 1.86655 59 2 4 59 44 520 100.00000 0
1555 5205 10.74876 0.00984 0.38183 0.87088 16 1 0 14 13 189 100.00000 0
1082 4433 11.63277 0.06594 0.37028 1.05721 86 2 3 84 60 1224 100.00000 0
342 8893 11.77738 0.01828 0.75969 0.84256 30 0 0 23 18 229 100.00000 0
5111 6866 10.18816 3.12082 1.54894 1.90290 27 0 0 18 14 392 100.00000 0
787 4003 11.50998 0.01277 0.31749 0.76923 23 0 2 23 16 304 100.00000 0
570 3792 10.40776 0.02981 0.29113 1.74876 31 2 1 23 20 301 100.00000 0
1524 5135 11.01220 0.00244 0.41518 1.25211 45 1 0 36 29 382 100.00000 0
797 4017 10.74661 0.01164 0.28002 1.04829 27 3 2 25 19 284 100.00000 0
2948 6004 10.19878 1.18354 1.60664 3.15740 18 0 0 18 9 137 100.00000 0
5390 6681 11.48172 2.06655 0.37655 1.57917 29 0 1 20 8 157 100.00000 0
2963 8097 10.74930 0.02549 0.27101 1.27257 19 1 2 19 11 295 100.00000 0
1587 5217 10.75116 0.01148 0.32212 0.32143 44 0 4 34 25 564 100.00000 0
2916 5965 10.05853 0.09146 0.62652 2.07773 22 2 4 19 9 385 100.00000 0
6310 7717 11.61955 3.08949 0.73387 1.67538 13 0 0 7 8 229 100.00000 0
3625 8929 10.11312 0.03816 0.61048 0.92408 89 0 1 81 67 482 100.00000 0
1326 7027 10.51857 2.99876 1.98900 2.36893 59 0 0 51 28 909 100.00000 0
336 8867 11.13984 0.02555 0.56552 1.39774 64 1 1 62 44 243 100.00000 0
1600 6738 11.81658 3.13946 0.89467 0.40926 20 0 0 15 9 236 100.00000 0
1414 5015 11.07950 0.08558 0.33527 0.83837 45 2 8 36 36 536 100.00000 0
737 3942 10.32301 0.84648 0.68185 1.78026 45 1 0 33 16 436 100.00000 0
1482 6872 10.04486 3.12266 1.42013 1.37373 51 0 0 40 21 677 100.00000 0
6142 7877 11.44315 3.13854 1.50374 1.37031 61 0 0 55 24 1047 100.00000 0
128 3419 11.74596 0.01835 0.51959 0.65432 30 1 0 30 21 250 100.00000 0
1495 5102 10.99809 0.02144 0.26347 1.55671 63 4 2 55 52 750 100.00000 0
941 4172 10.52709 0.02551 0.43649 1.34581 58 4 2 58 48 360 100.00000 0
2698 5646 11.29122 0.15585 1.19990 4.20459 47 0 1 29 24 697 100.00000 0
504 3733 10.98126 0.01194 0.35034 0.66205 11 2 3 5 5 159 100.00000 0
1522 5132 11.52055 0.00711 0.50110 0.46478 37 1 0 30 21 380 100.00000 0
1449 6912 11.35509 2.89181 0.73315 1.63255 39 0 0 33 23 449 100.00000 0
1237 7135 10.41648 3.08859 1.86260 2.85403 32 0 0 3 9 440 100.00000 0
3223 8324 11.32034 0.02473 0.46257 0.90396 44 0 8 38 23 326 100.00000 0
2934 5949 10.19149 0.03884 0.17756 2.22017 26 1 4 20 15 361 100.00000 0
4771 7103 10.65832 3.09293 1.59698 2.30478 55 0 0 30 22 808 100.00000 0
1537 6800 10.97155 3.13928 1.21745 1.83888 27 0 0 21 22 222 100.00000 0
4736 7121 10.95820 3.11465 0.98179 1.12605 35 0 0 17 13 551 100.00000 0
1012 4325 10.68182 0.02837 0.40476 1.84547 36 4 10 33 21 351 100.00000 0
108 8610 10.49891 0.04796 0.46280 0.55602 15 0 2 13 7 157 100.00000 0
5097 6852 11.69156 3.12546 1.64680 1.10074 61 0 0 49 29 531 100.00000 0
5084 6894 10.58147 3.04418 1.21981 2.02758 82 0 0 72 55 459 100.00000 0
3234 8402 11.47139 0.97493 0.40136 0.75381 34 0 1 32 20 271 100.00000 0
1364 4931 11.87389 0.01883 0.46250 0.49575 131 1 3 127 94 1155 100.00000 0
546 3770 11.35102 0.04734 0.53155 0.84904 45 0 1 41 26 393 100.00000 0
1637 6693 11.63501 2.20014 0.94361 1.01952 28 0 0 26 15 195 100.00000 0
3168 8276 11.53381 0.07247 0.23873 0.81948 18 1 2 18 12 328 100.00000 0
49 3414 11.75156 0.02822 1.16052 7.40867 13 0 0 4 2 181 100.00000 0
1143 4551 10.01507 0.07036 0.49286 1.19845 129 0 0 129 79 1503 100.00000 0
3280 8398 11.13507 0.37005 0.63560 0.90914 23 0 0 20 11 212 100.00000 0
102 3428 11.50927 0.05388 0.24521 0.52115 30 0 5 28 19 185 100.00000 0
5010 6968 11.29138 2.95108 0.68088 1.84207 45 0 0 45 24 282 100.00000 0
1213 7223 11.34054 1.90211 1.28856 1.12535 41 0 0 39 23 452 100.00000 0
5048 6896 11.73193 2.63804 0.92180 2.27692 67 0 0 63 53 431 100.00000 0
243 8697 10.88567 0.03663 0.73736 2.18874 36 0 5 27 25 327 100.00000 0
4691 7164 11.27247 3.02844 1.24551 1.52982 75 0 0 59 24 663 100.00000 0
3233 8398 10.80862 0.87012 0.22549 0.18975 30 2 5 21 15 228 100.00000 0
880 4105 11.93766 0.04189 0.42005 2.26469 42 1 6 28 24 331 100.00000 0
5994 8067 10.56765 1.58472 1.21431 2.60955 19 0 0 14 9 218 100.00000 0
1213 4645 10.41249 0.08131 0.10819 1.92234 47 2 9 43 25 487 100.00000 0
1215 4647 11.38444 0.07990 0.37052 1.04568 41 4 6 32 25 447 100.00000 0
3200 8307 10.45604 0.16594 0.18060 1.53289 65 4 14 62 36 420 100.00000 0
6037 7988 11.05039 3.13779 0.27353 3.50520 9 0 0 2 1 189 100.00000 0
1624 5383 11.25008 0.02525 0.68224 1.39325 12 0 0 12 11 178 100.00000 0
25 8585 10.74196 0.02857 1.06151 6.85089 17 0 0 2 4 185 100.00000 0
1279 4835 10.99875 0.05521 0.65202 1.23954 52 0 1 43 22 773 100.00000 0
5230 6759 11.88507 3.12304 0.89394 1.30686 57 0 0 51 22 573 100.00000 0
1068 4364 11.00272 0.03437 0.40448 1.25429 39 1 3 34 24 621 100.00000 0
8856 8910 10.38949 0.03636 0.52335 2.09368 68 0 1 61 40 356 100.00000 0
981 4224 11.26091 0.41318 0.26369 2.63270 22 1 0 19 9 269 100.00000 0
168 3467 10.54856 0.01504 0.42982 1.55796 26 1 1 15 10 331 100.00000 0
5301 6767 11.10638 3.12139 0.53658 1.17170 12 0 1 10 7 202 100.00000 0
532 3783 11.79261 0.01484 0.44757 0.19180 50 0 0 45 30 323 100.00000 0
229 3516 11.83603 0.02063 0.17154 1.38649 14 0 0 6 8 220 100.00000 0
5407 6672 11.61022 1.98239 0.68935 1.73099 11 0 0 8 6 96 100.00000 0
105 3405 10.30328 0.02403 1.45757 4.59985 23 0 0 14 8 253 100.00000 0
1250 7179 10.82512 3.00906 1.61810 0.80891 27 0 0 19 9 369 100.00000 0
6134 7909 11.09334 3.13980 1.66221 0.71655 29 0 0 17 9 630 100.00000 0
1538 6800 10.00986 3.13936 1.31134 1.74899 29 0 0 23 15 244 100.00000 0
3233 8332 11.28283 0.19775 0.63934 2.42947 34 2 2 24 15 316 100.00000 0
367 8881 11.25742 0.03415 0.57164 0.44675 83 0 1 81 68 360 100.00000 0
8851 8903 10.87758 0.03191 0.34964 1.87053 81 0 2 77 47 300 100.00000 0
7163 7227 11.30097 1.23672 0.31537 1.62847 36 2 3 29 27 330 100.00000 0
1622 5377 10.00534 0.02559 0.70599 2.19482 24 0 1 24 14 202 100.00000 0
1177 4562 11.54704 0.05295 0.47781 1.09647 52 2 4 50 36 518 100.00000 0
3029 8133 10.50345 0.01303 0.43278 0.49337 20 0 1 15 15 334 100.00000 0
1409 6925 10.24348 2.87217 0.66246 1.74764 40 1 0 28 19 451 100.00000 0
2665 5613 10.83734 0.09575 0.18851 1.32648 45 3 6 39 25 399 100.00000 0
1678 5403 10.94540 1.13851 1.03630 0.89657 25 0 0 23 17 186 100.00000 0
2735 5688 10.25589 0.08270 0.46958 1.68261 37 1 6 28 12 474 100.00000 0
1592 6749 10.57266 3.13709 1.13822 2.02275 20 0 0 13 9 298 100.00000 0
1248 7191 10.42904 2.91139 1.90063 0.44411 29 0 0 12 10 453 100.00000 0
1426 5071 11.44287 0.45463 0.70531 0.79623 32 2 0 20 12 331 100.00000 0
3047 8150 10.53539 0.03481 0.13332 1.18432 42 4 6 37 26 356 100.00000 0
3469 8646 11.29900 0.00978 0.44931 0.85042 38 0 2 32 26 289 100.00000 0
1213 4706 11.12573 0.09906 0.57932 2.50530 36 0 1 34 11 618 100.00000 0
421 3656 11.26950 0.01192 0.33345 0.81565 51 2 10 51 44 532 100.00000 0
662 3879 10.00162 0.02537 0.20989 0.36797 57 2 4 48 38 542 100.00000 0
869 4131 11.49482 0.00704 0.52177 1.20528 32 1 2 30 21 265 100.00000 0
3261 8367 10.18055 0.90672 0.16707 1.19518 44 2 2 42 27 315 100.00000 0
191 8676 10.85739 0.01627 0.66396 1.62027 27 4 3 23 15 227 100.00000 0
537 3786 10.26905 0.01459 0.35546 0.39664 64 4 3 59 32 395 100.00000 0
2942 6000 10.13712 1.02719 0.28610 1.23067 36 0 2 34 29 297 100.00000 0
339 3582 11.07659 0.02189 0.39940 0.31652 63 4 4 63 57 299 100.00000 0
2591 5585 11.46648 1.38067 0.73623 1.08354 53 0 0 45 21 418 100.00000 0
976 4213 11.91001 0.44477 1.11713 2.69195 10 0 1 7 3 184 100.00000 0
4910 7013 11.18828 2.99508 1.66786 1.44239 96 0 0 74 43 1044 100.00000 0
1655 6681 10.84117 1.78538 0.67323 1.27626 28 1 4 24 16 172 100.00000 0
2958 8092 11.48210 0.04144 0.08992 1.19419 18 1 2 18 10 293 100.00000 0
1132 4482 10.47787 0.07895 0.59517 0.23903 61 0 0 45 28 1123 100.00000 0
1408 5007 10.78992 0.08551 0.30305 0.94833 53 4 5 46 33 568 100.00000 0
769 3981 10.28932 0.27680 0.38174 1.04530 12 0 0 12 8 175 100.00000 0
1130 4476 11.33315 0.08089 0.35969 0.29342 58 2 16 58 33 1070 100.00000 0
2661 5639 10.78855 0.09797 0.36586 1.71463 85 3 5 78 69 428 100.00000 0
1216 7187 11.86606 2.85067 1.50143 2.64530 59 0 0 49 31 662 100.00000 0
322 8824 10.70421 0.05112 0.47244 0.25641 75 0 0 73 57 367 100.00000 0
253 3533 10.07381 0.01522 0.29972 0.43701 27 2 3 23 18 173 100.00000 0
3589 8857 11.26583 0.05082 0.90957 2.77488 95 4 5 91 65 315 100.00000 0
1351 7022 10.63067 3.12180 1.56696 2.81369 112 0 0 99 55 1168 100.00000 0
1290 4812 10.21574 0.02344 0.47132 1.02412 77 3 13 72 48 929 100.00000 0
7176 7230 11.12103 1.25418 0.07037 1.43858 21 1 1 19 9 379 100.00000 0
2594 5597 11.45521 1.31962 0.78763 1.73325 56 0 1 50 33 292 100.00000 0
2653 5634 11.79973 0.05114 0.47791 1.96643 41 0 2 39 34 278 100.00000 0
3062 8165 11.55130 0.04840 0.36068 1.76813 51 1 16 47 37 440 100.00000 0
4679 7225 11.35288 1.83809 1.26387 0.71382 32 0 0 27 16 388 100.00000 0
3386 8531 10.75178 0.01039 0.30763 0.50358 35 2 1 35 18 281 100.00000 0
6356 7620 10.42478 1.73005 0.91246 2.15976 37 0 0 34 19 317 100.00000 0
4904 7044 11.76883 3.09693 1.73176 2.48711 43 0 0 34 17 642 100.00000 0
1170 4608 11.71303 0.03794 0.60965 0.71982 24 2 0 14 14 340 100.00000 0
1614 5367 10.98412 0.01304 0.45648 0.47888 37 1 2 37 28 258 100.00000 0
3194 8343 11.41136 0.07426 0.63645 0.97478 51 0 1 51 32 429 100.00000 0
3422 8616 11.77707 0.03243 0.37866 0.45284 15 1 1 15 10 128 100.00000 0
7165 7229 11.66662 1.28931 0.17257 1.51955 38 4 9 36 18 314 100.00000 0
914 4142 10.49397 0.00972 0.42906 0.57130 30 3 2 25 24 240 100.00000 0
7162 7225 11.08314 1.16855 0.09795 1.25117 23 0 2 17 13 324 100.00000 0
2593 5582 11.56355 1.34431 0.72057 1.80190 35 0 0 22 12 316 100.00000 0
6228 7812 11.51755 3.13286 0.77170 2.50218 34 2 4 28 17 902 100.00000 0
3092 8196 11.34989 0.12846 0.59229 1.36401 34 0 0 24 23 427 100.00000 0
1224 4670 10.01207 0.05575 0.24906 0.59479 41 0 11 36 20 591 100.00000 0
3605 8830 11.32970 0.06066 0.72056 3.41352 78 0 0 78 60 262 100.00000 0
5382 6692 10.14992 2.20815 0.83779 0.88160 54 2 4 50 22 203 100.00000 0
116 8583 10.99558 0.01661 0.35499 0.58684 18 3 1 18 12 152 100.00000 0
1031 4314 10.09291 0.01767 0.34810 1.03703 73 2 16 69 58 554 100.00000 0
3620 8883 11.31508 0.03541 1.10007 0.55249 113 0 0 113 94 367 100.00000 0
3173 8280 11.97832 0.11593 0.52845 1.88118 30 1 1 10 9 327 100.00000 0
4782 7130 10.77576 3.06593 1.95540 1.54434 21 0 0 21 13 474 100.00000 0
1051 4371 10.37330 0.01401 0.41305 0.16786 51 5 9 49 43 650 100.00000 0
991 4303 11.40733 0.34054 0.73860 0.28255 38 0 0 28 24 369 100.00000 0
333 3578 10.01554 0.02137 0.52062 0.18975 77 0 2 75 55 427 100.00000 0
