0.01032 0.00756 0.00075
0.01268 0.01113 0.01967
0.00801 0.00679 0.00057
0.00968 0.01017 0.00145
0.00937 0.00805 0.00213
0.00938 0.00979 0.00242
0.00885 0.00916 0.01844
0.00702 0.00586 0.00293
0.01201 0.00932 0.00081
0.01192 0.00880 0.00087
0.00896 0.00872 0.02167
0.00663 0.00682 0.00064
0.00695 0.00669 0.00040
0.00931 0.00903 0.00659
0.01177 0.00856 0.00393
0.01042 0.01161 0.02039
0.01013 0.01363 0.00116
0.00758 0.00738 0.01156
0.00693 0.00687 0.01392
0.00767 0.00798 0.00119
0.00991 0.00781 0.01847
0.00807 0.00823 0.00086
0.00695 0.00641 0.01387
0.00741 0.00603 0.00463
0.00751 0.00662 0.00040
0.01011 0.01080 0.00962
0.00801 0.00736 0.00147
0.01053 0.01128 0.00097
0.00644 0.00543 0.00059
0.00887 0.00751 0.00874
0.00759 0.00749 0.00765
0.00999 0.01160 0.00523
0.00719 0.00657 0.01841
0.01003 0.01035 0.00253
0.01532 0.01093 0.00178
0.00837 0.00648 0.00145
0.01097 0.00950 0.01085
0.00922 0.00951 0.01016
0.01583 0.01103 0.01179
0.01049 0.01139 0.00827
0.00833 0.00629 0.00636
0.00838 0.00770 0.01832
0.00938 0.00957 0.00103
0.00769 0.00777 0.00305
0.01237 0.01098 0.00076
0.01087 0.01230 0.01836
0.00897 0.00936 0.00057
0.01055 0.01123 0.01841
0.01042 0.01490 0.00052
0.00872 0.00703 0.00689
0.00988 0.01025 0.01845
0.00789 0.00751 0.00065
0.00692 0.00737 0.00061
0.00830 0.00613 0.03645
0.00637 0.00520 0.00245
0.00702 0.00593 0.00060
0.00856 0.00829 0.01395
0.01074 0.01190 0.01302
0.00800 0.00790 0.00156
0.01004 0.00969 0.01834
0.00870 0.00865 0.00293
0.00827 0.00735 0.00157
0.00990 0.00774 0.01611
0.00992 0.00972 0.01846
0.00889 0.00939 0.00346
0.00972 0.01047 0.00392
0.00679 0.00596 0.01406
0.00729 0.00650 0.00792
0.00945 0.00755 0.01038
0.00912 0.00968 0.00100
0.00618 0.00517 0.00090
0.00663 0.00569 0.01342
0.00927 0.01150 0.00056
0.00916 0.00947 0.01840
0.00528 0.00472 0.00050
0.00905 0.00888 0.00090
0.00680 0.00722 0.00065
0.00923 0.00905 0.00145
0.01836 0.01325 0.01855
0.01002 0.01291 0.00108
0.01017 0.01038 0.03185
0.01100 0.01563 0.00767
0.00773 0.00820 0.00385
0.01009 0.00824 0.01070
0.00708 0.00614 0.00037
0.00879 0.00655 0.00505
0.00725 0.00646 0.00053
0.01569 0.01182 0.00532
0.01027 0.01004 0.00072
0.01124 0.00816 0.01846
0.00721 0.00633 0.00402
0.01163 0.01067 0.01148
0.00685 0.00738 0.00372
0.00684 0.00666 0.01830
0.00539 0.00479 0.01830
0.01016 0.01232 0.00126
0.01072 0.01146 0.00120
0.01039 0.01294 0.00075
0.01005 0.00933 0.00968
0.00850 0.00817 0.01304
0.00736 0.00646 0.00128
0.00698 0.00675 0.01841
0.00732 0.00717 0.00089
0.01553 0.01046 0.00362
0.02042 0.01186 0.00147
0.01559 0.01361 0.00064
0.00645 0.00674 0.01861
0.00719 0.00698 0.00066
0.00906 0.00953 0.00096
0.00836 0.00860 0.00064
0.00628 0.00610 0.00073
0.01383 0.00743 0.00048
0.01571 0.01866 0.00490
0.00774 0.00784 0.00070
0.00628 0.00585 0.00070
0.00924 0.00743 0.00043
0.00894 0.01087 0.02792
0.00905 0.01049 0.00452
0.00717 0.00671 0.00489
0.01156 0.00779 0.00081
0.00939 0.01102 0.01894
0.00726 0.00649 0.00533
0.00828 0.00801 0.00108
0.01734 0.01072 0.00079
0.01075 0.01218 0.00600
0.01007 0.01115 0.00075
0.00840 0.00863 0.00713
0.01597 0.01091 0.02312
0.00802 0.00753 0.00118
0.00732 0.00690 0.00444
0.00702 0.00651 0.01418
0.00759 0.00712 0.01371
0.00699 0.00597 0.00517
0.01074 0.01315 0.00825
0.01423 0.01147 0.01168
0.00745 0.00673 0.00387
0.00657 0.00758 0.00949
0.00637 0.00686 0.00604
0.00827 0.00791 0.01394
0.01051 0.01170 0.00690
0.01261 0.01128 0.01201
0.00941 0.00875 0.00286
0.00733 0.00689 0.01394
0.01351 0.01606 0.00854
0.00948 0.00822 0.00902
0.00712 0.00570 0.00536
0.00871 0.00884 0.00050
0.01930 0.01324 0.02061
0.01449 0.01579 0.02264
0.00787 0.00791 0.00108
0.01704 0.01833 0.00144
0.01099 0.00682 0.00139
0.00729 0.00707 0.00085
0.00726 0.00664 0.01397
0.00980 0.01051 0.01841
0.01264 0.01565 0.00060
0.00845 0.00818 0.00534
0.00707 0.00608 0.01741
0.01045 0.00732 0.00177
0.00659 0.00745 0.00065
0.00870 0.00798 0.00088
0.00920 0.00899 0.00929
0.01198 0.01089 0.02653
0.00653 0.00582 0.00054
0.00634 0.00546 0.00506
0.01168 0.01299 0.00873
0.00933 0.00931 0.00069
0.00959 0.00970 0.01787
0.00711 0.00602 0.00129
0.00977 0.01112 0.02850
0.00766 0.00716 0.00430
0.00892 0.00803 0.01856
0.00822 0.00757 0.01413
0.00606 0.00501 0.00088
0.00656 0.00597 0.00139
0.01220 0.00916 0.00088
0.02126 0.01206 0.01893
0.00891 0.00789 0.00062
0.02050 0.01320 0.00075
0.01227 0.01243 0.00958
0.00909 0.00939 0.01407
0.00965 0.00814 0.01695
0.00720 0.00632 0.00088
0.01071 0.01183 0.00102
0.00727 0.00644 0.00507
0.00857 0.00595 0.01407
0.00910 0.00918 0.00088
0.00665 0.00689 0.00874
0.00926 0.00824 0.00954
0.01028 0.01181 0.00182
0.00885 0.00905 0.00119
0.00929 0.00950 0.00863
0.01053 0.01192 0.01866
0.00821 0.00748 0.00075
0.00686 0.00661 0.00099
0.00733 0.00780 0.00124
0.01070 0.01135 0.00085
0.00740 0.00697 0.00043
0.00858 0.00813 0.00574
