2000 3419 11.77103 2.29658 0.83047 2.59510 80 51 15 70 36
939 4195 10.75276 0.55559 1.57648 4.52576 47 9 14 44 21
1981 4568 11.29674 0.04255 0.87723 2.37603 92 2 5 78 46
1795 4404 10.92120 0.64557 0.33310 2.34201 46 16 0 44 19
3424 4572 11.36026 1.65936 0.74647 2.13753 151 18 8 144 70
941 4221 11.09795 0.03076 0.34936 2.00056 175 40 39 168 126
3313 4624 11.54661 1.93089 0.55060 5.88410 16 0 2 11 7
3398 4574 11.66679 2.98580 0.56223 0.34718 66 19 10 66 45
1944 4535 10.67241 0.06258 1.86168 1.55167 77 0 0 75 39
2013 3414 11.94384 2.91902 0.33573 2.33498 63 46 6 59 34
1004 4265 11.18746 0.01602 0.26361 0.90049 93 72 14 91 58
3411 4586 11.09934 2.30212 0.59174 3.10488 90 35 7 88 50
3360 4601 10.07671 3.12944 0.06953 3.17792 64 32 19 56 28
3316 4625 10.05877 1.99911 1.16230 5.57408 22 0 0 8 6
2015 4579 11.80682 1.34021 0.66305 4.29646 42 13 5 40 19
1003 4248 10.56080 0.02116 7.27982 0.92281 41 0 0 37 24
1036 4277 11.74153 0.79050 0.17137 1.15454 201 112 9 201 126
1025 4274 11.85598 0.18143 0.15508 1.36085 78 51 7 74 54
3420 4569 11.16863 1.78615 0.57081 0.87223 126 28 17 117 87
3369 4594 10.53298 3.11977 0.52347 3.69608 92 42 11 92 46
1011 4252 10.43428 0.02551 0.14377 1.08065 55 34 17 51 32
993 4259 11.01126 0.01514 0.42550 0.88470 51 29 13 45 23
2004 4562 10.60807 0.72206 0.69453 0.53814 93 18 4 88 58
1834 4412 11.87768 0.00420 0.18625 0.32865 15 8 4 13 6
1875 4467 10.31848 0.02322 0.63269 0.96429 49 14 2 45 34
3313 4629 11.68643 1.86852 1.18770 5.62246 6 0 0 6 2
1034 4260 10.88328 0.64929 0.18268 1.26207 98 81 12 94 68
3335 4630 11.35303 2.62880 0.36186 2.48097 92 62 20 84 53
926 4210 10.75146 0.07148 0.53961 2.22352 149 19 3 140 101
1910 4502 11.95305 0.07152 1.15073 1.48938 68 0 1 60 37
1813 4413 10.62826 0.04454 0.20428 1.71349 85 52 14 75 56
980 4250 10.90960 0.01631 0.37530 0.71982 76 34 15 51 40
909 4184 10.79670 1.93821 0.61577 2.94809 81 35 8 74 38
1976 4547 11.30759 0.01199 1.06153 0.64041 145 2 1 139 120
915 4178 11.78967 1.91361 0.31485 4.41827 73 59 3 69 34
953 4211 10.15524 0.05537 0.43151 2.98898 141 42 83 139 90
1840 4418 10.72135 0.02521 0.11490 1.45185 61 45 8 55 36
3341 4612 10.69718 3.02119 0.14452 2.51279 101 62 13 95 65
2006 3408 10.52550 2.96467 0.70178 2.42818 106 78 8 100 42
923 4179 11.02409 1.52544 0.22841 4.02652 80 34 18 74 47
928 4183 10.43089 1.23718 0.43625 3.47604 101 16 16 95 52
1924 4499 11.64191 0.07469 1.49828 1.04155 64 0 1 60 34
3403 4589 10.95719 2.79297 0.36308 3.26339 99 15 2 83 58
2012 3405 11.38195 2.42277 0.55147 2.01771 111 77 21 109 34
990 4240 11.05713 0.01777 0.31594 1.12326 42 15 10 36 17
914 4181 10.27047 1.83737 0.40564 3.38206 129 83 22 129 73
909 4198 11.32270 1.16772 0.38128 2.46752 67 33 26 61 49
1773 4395 10.52059 1.63534 0.44167 3.59706 68 39 6 63 41
909 4185 10.34135 1.88849 0.44069 2.86840 63 25 25 54 27
904 4191 11.88056 1.79913 0.41790 2.63255 52 34 12 50 30
1003 4247 11.85033 0.01925 7.85895 4.71351 20 0 0 13 9
945 4202 10.75995 0.16724 0.73958 3.27943 122 21 55 122 62
993 4242 11.04556 0.01593 0.26627 0.98278 53 30 11 53 29
3375 4605 10.08040 3.11669 0.59898 2.41298 34 6 2 27 12
1917 4492 11.66333 0.08720 1.90677 0.93545 25 0 0 18 11
1920 4496 10.29123 0.07388 1.40748 1.13194 43 2 0 36 20
1953 4527 11.82973 0.05470 2.21847 0.50280 56 0 0 56 27
2020 4573 11.91393 1.54531 0.70207 4.80864 45 13 4 40 28
1034 4276 10.97397 0.66361 0.40261 1.26176 174 99 22 174 106
1999 3415 11.39773 2.44775 0.38112 2.60294 93 61 16 84 39
1775 4398 11.22049 1.59651 0.50553 3.89802 35 16 0 29 22
1995 4576 11.99923 0.21194 0.65933 2.94477 78 23 5 71 59
3326 4631 10.67376 2.23366 0.86786 3.34843 29 14 5 25 12
1003 4265 11.85233 0.01634 0.27254 0.93879 102 92 6 102 91
956 4213 10.99299 0.04848 0.25983 2.46815 58 15 17 51 22
2011 3406 10.85734 2.54035 0.31671 2.09031 140 90 13 136 55
1787 4387 11.94287 1.16181 0.52402 1.73303 88 42 7 86 57
1846 4423 11.27993 0.01279 0.84047 0.80891 61 5 0 52 42
1971 4543 11.59748 0.02409 1.23163 1.04193 101 0 0 86 68
3387 4597 10.54897 3.09658 0.32362 2.64412 52 10 3 42 24
1799 4406 11.22994 0.40873 0.07826 1.51414 76 39 4 69 42
1934 4525 10.74210 0.08102 1.71196 1.17769 85 0 0 85 71
1879 4455 11.93614 0.01705 0.89134 1.00366 60 8 0 54 44
1776 4397 10.39107 1.58363 0.56764 3.51212 68 28 11 68 37
1775 4391 10.73241 1.61475 0.39792 2.48112 58 26 7 58 36
1921 4512 10.95557 0.07440 1.75572 1.09432 28 0 0 26 17
1016 4254 10.51339 0.01777 0.03866 0.84256 72 60 7 67 52
3337 4614 10.61003 2.89118 0.21549 2.15213 131 104 10 127 86
948 4226 11.02207 0.02363 0.07952 1.27687 92 52 32 83 59
931 4185 10.91660 1.12040 0.66521 3.36558 86 16 16 80 29
925 4209 10.48984 0.09126 0.49236 1.75167 86 19 11 82 38
1024 4257 10.44843 0.13301 0.24808 1.69628 61 39 12 59 41
1048 4275 11.27001 1.44258 0.30928 0.92026 110 77 15 106 67
3335 4629 10.09324 2.64073 0.19281 2.59887 118 89 13 112 80
1996 4559 10.09778 0.26574 0.78282 1.32205 116 4 1 112 73
3320 4631 11.24219 2.03471 19.00343 116.57997 3 0 0 3 1
1847 4441 11.55264 0.03036 0.59449 1.83141 69 32 2 64 35
1855 4432 10.69944 0.01525 0.55210 0.47642 76 27 6 73 40
932 4187 10.41657 1.02100 0.20641 3.98133 118 7 11 114 67
935 4217 11.30734 0.02482 0.52806 1.78465 126 32 18 122 87
1988 4554 11.73670 0.04640 0.84290 2.00467 101 1 1 99 70
1966 4539 11.40828 0.03065 1.61156 1.17170 40 0 0 40 18
3313 4625 11.22320 1.91811 0.72113 5.75020 21 1 0 17 12
3337 4613 11.86500 2.89679 0.14073 2.22879 113 91 9 111 78
1973 4545 11.03296 0.01471 1.26145 0.58283 70 2 0 49 39
1930 4505 11.57754 0.07154 2.05281 0.78435 21 0 0 19 10
927 4211 11.01240 0.05930 0.55920 2.60249 160 12 7 156 108
918 4205 11.43448 0.41236 0.22170 2.54530 134 50 73 132 92
913 4180 11.16035 1.93124 0.34353 3.37104 70 27 16 53 22
3350 4607 10.75398 3.13012 0.31993 3.02841 75 31 16 67 32
1837 4431 10.31661 0.01613 0.31637 0.87670 85 52 8 77 58
1962 4536 10.60356 0.03098 2.28093 1.01683 95 0 0 90 76
1007 4249 11.88875 0.02524 0.57317 1.07338 41 22 16 39 21
1972 4562 11.86741 0.00792 1.06892 0.42244 70 1 0 66 43
2018 4574 10.62174 1.46662 0.55057 4.31121 38 14 0 26 15
2013 4578 10.18013 1.25027 0.50210 3.40168 96 42 14 90 74
2007 3416 10.76830 2.89315 0.38452 2.38097 85 41 12 83 36
3350 4623 11.07258 3.00671 0.43232 2.66345 61 37 8 52 27
1975 4563 10.21330 0.00829 0.79932 0.47230 69 6 4 64 27
2006 3405 11.65777 2.78985 0.31987 1.78925 107 78 9 105 57
3408 4570 10.87426 2.47119 0.53690 0.56648 56 21 7 52 30
1932 4508 10.13007 0.06367 1.80453 0.72685 38 0 0 29 20
3320 4620 11.54667 2.16904 1.76709 5.04702 21 2 0 17 11
944 4200 11.37483 0.26690 0.87593 3.59031 76 4 44 72 34
1828 4408 10.70368 0.02528 0.19736 1.43368 89 64 11 68 55
1880 4457 10.42538 0.01939 0.92903 1.15995 92 1 0 79 59
3331 4631 11.33074 2.44948 0.46299 2.15976 69 56 6 64 47
2019 4574 11.28046 1.50488 0.72022 4.67353 18 5 2 16 10
2014 4578 10.50472 1.29741 0.73372 3.83604 88 15 8 83 62
3315 4624 10.75753 1.98481 1.00043 6.36409 13 1 0 11 5
1846 4439 10.12485 0.02364 0.21396 1.46554 76 58 5 69 54
1805 4392 11.92984 0.21849 0.13216 0.66676 97 77 11 85 77
1972 4561 10.60044 0.00623 0.91173 0.32143 123 1 1 117 83
967 4240 10.72533 0.01756 0.17518 0.89787 109 48 47 101 58
3342 4611 11.31307 3.04279 0.21700 2.77939 89 43 4 86 56
913 4202 11.93999 0.76753 0.40303 2.79904 52 29 14 46 25
938 4193 11.22523 0.67019 1.43344 4.08293 68 13 23 66 22
2017 4571 10.04170 1.43489 0.83922 3.90515 73 9 4 69 47
3397 4591 10.03727 3.06997 1.19700 4.53371 80 5 0 78 32
3418 4569 10.56296 1.87584 0.58952 1.20431 141 35 16 136 88
1831 4410 11.25117 0.00843 0.47332 0.73807 28 10 2 25 16
994 4259 10.21233 0.01528 0.67398 0.90396 53 12 7 53 27
995 4243 11.35005 0.01201 5.16731 23.07328 51 3 0 33 30
3324 4620 10.04451 2.28863 0.55703 3.53557 42 32 0 35 29
1045 4277 11.81589 1.32315 0.14908 1.16969 97 67 20 94 60
3399 4574 11.01889 2.94948 0.61628 0.46309 74 18 6 71 40
1859 4452 10.91428 0.01579 0.65391 0.98675 64 20 4 59 38
3374 4607 11.67237 3.12439 0.55380 2.26434 27 9 5 21 9
3352 4622 11.27447 3.01766 0.39427 2.71310 49 32 10 45 25
2003 4561 11.35958 0.65753 1.02033 0.53082 75 1 0 73 44
910 4181 11.75361 2.03191 0.26817 2.69849 85 57 16 81 39
1048 4265 11.98599 1.42818 0.33406 1.04193 93 68 9 91 58
972 4226 11.61386 0.03017 0.16837 2.02197 71 31 14 64 46
3330 4631 11.14495 2.40421 0.43412 2.22669 44 26 8 41 26
905 4192 11.45899 1.70048 0.54273 2.66536 35 15 7 33 13
3408 4587 10.94561 2.48365 0.36739 3.30334 78 52 8 74 38
1884 4476 10.86859 0.03449 0.84853 0.73807 120 9 1 105 93
2002 3408 11.74755 3.06085 0.71770 2.65697 68 46 3 59 29
1038 4262 10.10514 0.90286 0.19995 1.37942 50 28 11 50 25
2009 3409 10.07049 2.84227 0.42011 2.69588 96 67 4 90 50
971 4244 11.93306 0.02119 0.20367 0.87849 132 75 41 128 89
1050 4273 11.32841 1.49845 0.11393 0.41965 75 63 8 71 56
1960 4551 11.58699 0.02696 1.90790 0.80697 60 0 0 47 27
996 4261 11.33696 0.01223 0.34627 0.73275 45 20 18 45 29
1821 4418 10.12617 0.03128 0.25716 1.76414 53 31 8 41 29
1808 4394 11.40235 0.15463 0.18609 0.68414 63 40 4 48 41
908 4184 11.30926 1.98541 0.53739 3.06184 75 34 16 73 28
1025 4257 10.93063 0.17115 0.26670 1.83888 57 36 5 43 34
1865 4442 10.81550 0.01758 0.94334 0.71601 71 9 2 61 48
1856 4433 10.68525 0.01605 0.80492 0.47642 110 23 3 106 69
3358 4601 11.83048 3.12923 0.17556 3.13138 80 19 6 76 48
1988 4572 11.24726 0.06362 0.65130 3.37069 118 22 9 112 56
962 4236 10.44283 0.01649 0.10570 1.11347 116 72 26 108 73
972 4244 10.96688 0.02179 0.20482 0.97919 152 85 59 150 117
1864 4457 11.20748 0.01387 0.64270 0.93545 39 14 2 37 21
1876 4468 10.39770 0.02699 0.69889 1.21788 64 9 3 56 43
910 4199 11.41509 1.06317 0.29914 2.45607 70 29 28 66 36
1798 4406 11.85898 0.46166 0.49125 1.98623 70 24 1 68 44
1787 4388 10.85736 1.16898 0.72887 1.65469 69 23 3 67 31
1955 4530 10.25962 0.03967 2.16439 0.35718 78 0 0 70 49
1038 4261 11.36001 0.90229 0.25162 1.08787 33 29 2 33 24
1987 4554 11.06692 0.03716 0.93400 1.93957 84 1 3 80 60
2012 4566 10.21233 1.21747 0.73464 1.52367 174 19 11 170 139
3418 4568 11.61788 1.87514 0.44638 1.44753 100 15 25 96 57
1902 4478 10.28896 0.01911 1.23557 0.76464 132 1 0 124 108
1871 4463 10.08523 0.01647 0.52858 0.83039 111 25 5 100 62
988 4239 10.56721 0.01697 0.67020 0.99936 56 14 13 47 22
2008 3409 10.09309 2.90685 0.35386 2.59390 84 52 17 84 37
991 4241 10.65182 0.01536 0.21605 0.92746 49 25 17 45 29
1792 4388 11.09643 0.87569 0.30252 1.42821 62 40 11 60 37
907 4197 11.84313 1.31813 0.18783 2.51948 65 37 19 65 43
2018 4577 11.79739 1.46103 0.61998 4.87041 33 9 5 31 14
1845 4423 10.03944 0.01190 0.66515 0.69154 72 23 3 70 50
1833 4428 10.89598 0.00736 0.33189 0.17694 103 73 9 99 73
915 4203 11.55690 0.62720 0.14748 2.89854 88 51 26 79 57
1861 4438 10.71111 0.01766 0.64145 0.42521 98 38 1 96 68
1915 4491 10.29585 0.08084 1.58438 0.62181 32 0 0 28 18
1800 4406 10.64921 0.35751 0.30665 1.38140 75 37 1 70 46
3359 4617 10.55261 3.08446 0.54762 2.47433 62 8 3 60 31
3419 4582 10.61624 1.85010 0.56735 3.87323 72 15 8 66 29
1032 4276 11.68811 0.54189 0.07460 1.38310 167 92 10 165 115
1818 4400 11.67105 0.03280 0.13913 1.68911 140 123 11 136 78
951 4209 10.20779 0.05337 0.43186 2.90582 142 32 74 137 96
1050 4268 11.40344 1.48604 0.19787 1.02488 190 127 17 186 116
3336 4614 11.18141 2.85533 0.23737 2.20904 74 56 11 66 46
1964 4555 11.83696 0.02242 1.45962 1.24741 133 0 0 122 103
989 4240 10.18471 0.01666 0.13433 1.03854 43 27 8 39 21
933 4186 11.61900 1.06941 0.19480 3.80447 136 3 9 134 69
3318 4631 11.65608 1.98073 27.17604 113.48703 4 0 0 2 2
2015 4566 11.82640 1.35950 0.97007 2.84510 97 3 1 85 53
