4788 7095 10.81350 3.14082 10.81167 nan 36 0 0 18 15 332 100.00000 0
1414 5052 10.33247 0.36931 10.71777 21.16020 17 0 0 4 4 333 100.00000 0
5152 6832 10.06994 3.13832 12.36450 179.79252 12 0 0 8 2 202 100.00000 0
1383 4966 10.28066 0.07490 12.08001 4.29154 32 0 0 17 13 651 100.00000 0
5412 6699 10.68882 2.38054 11.26823 98.61326 8 0 0 8 4 69 100.00000 0
283 8736 11.53186 0.06029 5.10106 3.45355 12 0 0 3 5 164 100.00000 0
5416 6686 11.19655 2.12976 26.67890 23.55290 5 0 0 3 3 63 100.00000 0
568 3789 11.33644 0.02823 7.14979 1.61689 9 0 0 2 3 94 100.00000 0
4743 7181 10.95530 2.92613 19.33574 38.61477 10 0 0 3 5 142 100.00000 0
551 3799 10.99034 0.03162 8.00909 1.81273 9 0 1 4 3 101 100.00000 0
451 3708 11.51139 0.00466 9.98170 0.98198 15 0 0 15 12 134 100.00000 0
1481 5085 11.31140 0.16682 12.58342 62.91794 8 0 0 2 3 156 100.00000 0
1602 5348 11.99639 0.01276 15.42108 0.72739 15 0 0 4 6 201 100.00000 0
6308 7718 11.32889 3.08737 18.66933 176.89316 8 0 0 1 3 178 100.00000 0
38 3387 11.50802 0.00420 2.52508 0.58817 15 0 0 13 10 123 100.00000 0
39 8586 11.48626 0.03120 10.94496 1.78619 7 0 0 2 2 103 100.00000 0
4737 7202 11.02315 2.65492 8.41061 77.67337 16 0 0 8 4 167 100.00000 0
4701 7233 10.63455 1.64708 11.06207 48.97911 13 0 0 2 6 164 100.00000 0
1378 4993 10.70005 0.01567 10.32573 0.65968 15 0 0 12 8 249 100.00000 0
1555 5205 10.74876 0.00984 7.04469 10.96496 12 0 0 7 4 247 100.00000 0
1082 4433 11.63277 0.06594 8.20273 5.01352 49 0 0 42 26 899 100.00000 0
342 8893 11.77738 0.01828 9.10470 3.02724 17 0 0 17 15 174 100.00000 0
5111 6866 10.18816 3.12082 3.13372 3.25089 11 0 0 1 1 147 100.00000 0
6031 8030 10.30772 3.13107 12.77387 179.40062 19 0 0 15 8 233 100.00000 0
3300 8461 11.51975 0.00966 11.71653 1.70823 53 0 0 33 34 410 100.00000 0
3309 8438 11.77066 0.01154 14.22613 0.51738 38 0 0 24 28 309 100.00000 0
787 4003 11.50998 0.01277 9.07796 0.73168 16 0 0 6 4 327 100.00000 0
570 3792 10.40776 0.02981 2.14239 2.88704 8 0 0 1 0 124 100.00000 0
797 4017 10.74661 0.01164 8.11283 32.70973 26 1 0 14 9 334 100.00000 0
2948 6004 10.19878 1.18354 8.84396 67.81202 5 0 0 2 3 68 100.00000 0
2963 8097 10.74930 0.02549 16.78224 1.45911 6 0 0 1 2 78 100.00000 0
1587 5217 10.75116 0.01148 11.79450 2.39931 27 0 0 22 20 144 100.00000 0
2916 5965 10.05853 0.09146 9.63511 5.24075 11 0 0 1 2 144 100.00000 0
17 3387 11.50802 0.00420 2.68234 0.20558 22 0 0 16 15 174 100.00000 0
6310 7717 11.61955 3.08949 11.95104 177.01377 8 0 0 5 4 170 100.00000 0
336 8867 11.13984 0.02555 17.55341 12.15106 7 0 0 3 4 88 100.00000 0
1600 6738 11.81658 3.13946 9.64290 179.85463 16 0 0 13 10 144 100.00000 0
1414 5015 11.07950 0.08558 11.82556 4.90353 8 0 1 3 4 275 100.00000 0
1482 6872 10.04486 3.12266 23.35894 170.01869 7 0 0 3 3 134 100.00000 0
42 3414 11.75156 0.02822 4.23908 24.98558 12 0 0 2 2 165 100.00000 0
6142 7877 11.44315 3.13854 17.21675 179.81655 22 0 0 19 15 264 100.00000 0
4796 7122 11.95018 3.03352 11.06122 173.80799 22 0 0 10 10 323 100.00000 0
1100 4418 10.65491 0.05900 10.56717 6.33011 62 0 0 56 46 946 100.00000 0
1495 5102 10.99809 0.02144 4.87607 17.40050 12 0 0 3 3 185 100.00000 0
941 4172 10.52709 0.02551 7.33270 1.94038 19 0 0 11 11 328 100.00000 0
2698 5646 11.29122 0.15585 10.96189 19.94163 16 0 0 7 5 292 100.00000 0
504 3733 10.98126 0.01194 10.64058 4.14454 18 0 0 10 10 165 100.00000 0
3277 8396 10.19108 0.42275 10.07935 1.57719 21 0 0 8 7 210 100.00000 0
1522 5132 11.52055 0.00711 5.34199 10.59622 16 0 0 6 3 307 100.00000 0
1449 6912 11.35509 2.89181 7.58680 5.61604 20 0 0 12 5 303 100.00000 0
2934 5949 10.19149 0.03884 12.27189 2.22581 14 0 0 7 8 186 100.00000 0
4771 7103 10.65832 3.09293 5.82019 5.21782 32 0 0 18 23 385 100.00000 0
1537 6800 10.97155 3.13928 13.07282 179.86878 13 0 0 4 5 197 100.00000 0
1012 4325 10.68182 0.02837 24.20059 1.62365 19 0 0 4 5 285 100.00000 0
108 8610 10.49891 0.04796 5.33554 5.36352 7 0 0 1 0 131 100.00000 0
5097 6852 11.69156 3.12546 7.42231 179.07359 19 0 0 14 5 231 100.00000 0
3234 8402 11.47139 0.97493 5.22333 37.49105 12 0 0 3 0 66 100.00000 0
1364 4931 11.87389 0.01883 5.53306 13.38185 30 0 0 2 1 476 100.00000 0
3168 8276 11.53381 0.07247 7.28410 174.68470 15 0 0 3 5 222 100.00000 0
49 3414 11.75156 0.02822 13.81735 1.61762 15 0 0 9 5 149 100.00000 0
1143 4551 10.01507 0.07036 9.31175 1.09002 25 0 0 25 11 573 100.00000 0
3280 8398 11.13507 0.37005 9.69584 3.87697 20 0 0 17 13 229 100.00000 0
102 3428 11.50927 0.05388 16.96188 3.08642 11 0 0 5 6 131 100.00000 0
5010 6968 11.29138 2.95108 10.02202 169.08427 14 0 0 9 4 333 100.00000 0
1213 7223 11.34054 1.90211 2.13242 4.50389 11 0 0 5 8 161 100.00000 0
3233 8398 10.80862 0.87012 2.13827 4.36386 9 0 0 6 3 94 100.00000 0
880 4105 11.93766 0.04189 11.59207 2.39931 20 0 0 0 6 206 100.00000 0
3279 8399 10.36215 0.33464 8.29860 1.17136 23 0 0 21 15 243 100.00000 0
3200 8307 10.45604 0.16594 5.50275 3.32437 21 0 0 11 7 213 100.00000 0
6037 7988 11.05039 3.13779 9.89364 179.77971 16 0 0 3 4 207 100.00000 0
1624 5383 11.25008 0.02525 11.71827 7.17113 9 0 0 3 1 128 100.00000 0
25 8585 10.74196 0.02857 15.13999 1.63662 9 0 0 1 4 158 100.00000 0
1279 4835 10.99875 0.05521 12.90485 1.20236 16 0 0 1 3 245 100.00000 0
5230 6759 11.88507 3.12304 11.19504 178.93798 20 0 0 8 9 234 100.00000 0
1068 4364 11.00272 0.03437 10.34392 4.88030 31 0 0 27 13 606 100.00000 0
8856 8910 10.38949 0.03636 8.95506 10.16856 35 0 0 14 9 272 100.00000 0
3361 8501 10.24352 0.00476 9.88664 1.02182 90 0 0 88 80 434 100.00000 0
3426 8620 11.04902 0.02550 8.72855 11.56165 24 0 0 10 18 166 100.00000 0
168 3467 10.54856 0.01504 10.32489 0.13988 20 0 0 16 16 147 100.00000 0
5217 6790 11.76252 3.13150 10.25295 179.42054 8 0 0 1 3 121 100.00000 0
5301 6767 11.10638 3.12139 10.31556 85.46156 14 0 0 2 6 197 100.00000 0
229 3516 11.83603 0.02063 7.39424 13.45064 10 0 0 4 5 132 100.00000 0
5407 6672 11.61022 1.98239 16.54933 113.58279 6 0 0 2 3 63 100.00000 0
105 3405 10.30328 0.02403 8.35634 1.37771 16 0 0 10 6 182 100.00000 0
1250 7179 10.82512 3.00906 9.30892 72.88892 13 0 0 8 4 159 100.00000 0
6134 7909 11.09334 3.13980 11.94676 179.88131 19 0 0 11 10 111 100.00000 0
1538 6800 10.00986 3.13936 9.66913 179.87489 11 0 0 4 5 197 100.00000 0
1250 7185 11.46706 2.97565 8.60076 170.49221 10 0 0 3 5 132 100.00000 0
8851 8903 10.87758 0.03191 9.44871 2.22809 32 0 0 26 19 297 100.00000 0
7163 7227 11.30097 1.23672 13.06367 70.85909 15 0 2 2 5 166 100.00000 0
1263 7139 11.60710 3.04318 11.24462 5.80826 15 0 0 9 5 244 100.00000 0
1622 5377 10.00534 0.02559 10.58002 7.99443 10 0 0 8 3 151 100.00000 0
3029 8133 10.50345 0.01303 13.55711 3.26255 17 0 0 15 13 267 100.00000 0
1409 6925 10.24348 2.87217 8.72310 164.56302 8 0 0 1 1 207 100.00000 0
2665 5613 10.83734 0.09575 7.73730 5.48548 27 0 0 23 7 343 100.00000 0
5416 6678 11.92093 2.03890 5.54925 116.82057 5 0 0 5 2 49 100.00000 0
2735 5688 10.25589 0.08270 18.77986 4.73888 12 0 0 0 2 314 100.00000 0
1592 6749 10.57266 3.13709 6.19975 33.35859 10 0 0 2 5 126 100.00000 0
1248 7191 10.42904 2.91139 6.98368 166.81067 14 0 0 9 5 251 100.00000 0
192 8650 11.83438 0.01129 10.64844 0.76310 48 0 0 45 42 265 100.00000 0
3047 8150 10.53539 0.03481 11.82961 1.99371 9 0 0 9 3 170 100.00000 0
3469 8646 11.29900 0.00978 8.36214 0.55532 25 0 0 25 21 201 100.00000 0
1213 4706 11.12573 0.09906 18.50130 5.67527 10 0 0 7 7 172 100.00000 0
1099 4475 10.85715 0.05417 12.19412 6.65779 38 0 0 36 21 952 100.00000 0
421 3656 11.26950 0.01192 2.62737 16.75720 24 2 2 8 12 430 100.00000 0
662 3879 10.00162 0.02537 3.93113 1.45320 6 0 0 4 2 88 100.00000 0
65 8585 10.74196 0.02857 3.24098 1.63662 14 0 0 10 6 242 100.00000 0
869 4131 11.49482 0.00704 4.22160 0.39860 9 0 0 1 2 121 100.00000 0
191 8676 10.85739 0.01627 10.48742 3.37185 46 0 0 46 40 289 100.00000 0
339 3582 11.07659 0.02189 13.10167 1.25616 18 0 0 14 4 124 100.00000 0
4968 6996 11.42188 3.09670 10.77273 177.42960 47 0 0 27 21 617 100.00000 0
2591 5585 11.46648 1.38067 12.51092 78.03048 15 0 0 9 8 233 100.00000 0
976 4213 11.91001 0.44477 13.98761 33.92601 5 0 0 2 2 72 100.00000 0
1655 6681 10.84117 1.78538 16.40343 102.29492 4 0 0 2 2 34 100.00000 0
2958 8092 11.48210 0.04144 7.48286 1.42051 9 0 0 6 4 140 100.00000 0
1132 4482 10.47787 0.07895 11.02583 4.52316 51 0 0 49 35 1220 100.00000 0
1408 5007 10.78992 0.08551 15.17072 167.40429 12 0 0 3 3 279 100.00000 0
769 3981 10.28932 0.27680 7.92323 15.85948 16 0 0 11 11 223 100.00000 0
1130 4476 11.33315 0.08089 10.35999 1.79994 57 0 0 42 32 1286 100.00000 0
2661 5639 10.78855 0.09797 8.24898 5.61374 16 0 0 11 12 263 100.00000 0
4757 7150 10.35057 3.12753 13.06797 179.19254 12 0 0 3 5 161 100.00000 0
3363 8531 10.02579 0.01563 12.46895 0.89394 55 0 0 18 25 411 100.00000 0
1366 6980 11.22658 3.09564 13.69638 177.36745 76 0 0 59 19 1326 100.00000 0
322 8824 10.70421 0.05112 6.69884 2.92891 8 0 0 1 1 213 100.00000 0
253 3533 10.07381 0.01522 10.93338 0.86863 8 0 0 2 4 147 100.00000 0
1541 6820 11.95588 3.13107 16.69084 179.40686 9 0 0 4 6 128 100.00000 0
3589 8857 11.26583 0.05082 21.82145 2.91121 8 0 0 2 3 108 100.00000 0
1351 7022 10.63067 3.12180 2.80033 2.31528 29 0 0 8 8 453 100.00000 0
1290 4812 10.21574 0.02344 5.32778 1.34203 28 1 1 17 16 221 100.00000 0
7176 7230 11.12103 1.25418 5.66345 31.81963 13 0 0 4 6 136 100.00000 0
2594 5597 11.45521 1.31962 18.39445 168.52790 7 0 0 4 2 119 100.00000 0
2653 5634 11.79973 0.05114 14.67574 2.92998 18 0 0 14 10 255 100.00000 0
3062 8165 11.55130 0.04840 9.21250 2.77432 27 0 0 16 7 276 100.00000 0
4859 7081 11.68554 3.11619 14.91277 178.54357 11 0 0 6 5 169 100.00000 0
3386 8531 10.75178 0.01039 7.41129 0.59215 16 0 0 5 6 203 100.00000 0
1627 5326 11.75301 0.02710 9.47026 1.55343 12 0 0 5 6 141 100.00000 0
4904 7044 11.76883 3.09693 13.63750 20.25141 9 0 0 2 4 150 100.00000 0
1170 4608 11.71303 0.03794 13.40359 10.68835 19 0 0 8 14 311 100.00000 0
1614 5367 10.98412 0.01304 8.25926 18.45533 9 0 0 0 3 137 100.00000 0
3194 8343 11.41136 0.07426 20.17527 63.78114 10 0 0 7 7 157 100.00000 0
3422 8616 11.77707 0.03243 9.08515 6.58005 9 0 0 6 8 147 100.00000 0
7165 7229 11.66662 1.28931 8.84780 55.01035 14 2 0 8 7 218 100.00000 0
914 4142 10.49397 0.00972 11.67306 2.30070 19 0 0 16 15 258 100.00000 0
2901 5947 11.18402 0.03651 14.82770 2.09106 22 0 0 12 12 255 100.00000 0
7162 7225 11.08314 1.16855 6.75461 45.77491 13 0 0 3 3 158 100.00000 0
56 8547 11.75274 0.00574 2.54377 0.33102 10 0 0 10 4 120 100.00000 0
5237 5295 11.24141 0.01397 10.40020 10.14963 15 0 0 8 7 246 100.00000 0
2593 5582 11.56355 1.34431 15.85503 76.32201 14 0 0 10 6 206 100.00000 0
6228 7812 11.51755 3.13286 13.46278 8.89320 28 0 0 3 2 470 100.00000 0
3092 8196 11.34989 0.12846 8.22835 7.35989 25 0 0 11 9 240 100.00000 0
755 4009 11.81708 0.12823 16.38329 7.34649 19 0 0 11 11 246 100.00000 0
1224 4670 10.01207 0.05575 3.54606 3.10388 8 0 0 1 0 153 100.00000 0
3605 8830 11.32970 0.06066 8.03660 14.91726 14 0 0 7 5 111 100.00000 0
5382 6692 10.14992 2.20815 6.57080 126.51766 9 0 0 4 2 56 100.00000 0
4758 7153 11.79342 3.11472 12.99245 106.46328 17 0 0 7 10 177 100.00000 0
1031 4314 10.09291 0.01767 13.87650 10.39877 16 0 0 7 7 306 100.00000 0
3173 8280 11.97832 0.11593 13.30025 11.24374 16 0 0 14 12 248 100.00000 0
4782 7130 10.77576 3.06593 15.13119 6.36834 13 0 0 11 9 230 100.00000 0
1051 4371 10.37330 0.01401 10.21764 5.68796 20 0 0 16 12 478 100.00000 0
991 4303 11.40733 0.34054 21.83494 19.51133 11 0 0 3 2 186 100.00000 0
333 3578 10.01554 0.02137 11.31008 9.19838 16 0 0 3 7 345 100.00000 0
