5988 8036 10.63461 2.17040 1.20931 2.57344 46 19 13 34 17 207 100.00000 0
1414 5052 10.33247 0.36931 0.45883 0.53449 71 67 2 69 43 381 100.00000 0
5077 6904 10.86195 3.00305 0.61114 2.40664 29 16 1 29 12 181 100.00000 0
5152 6832 10.06994 3.13832 1.67241 1.88450 39 4 2 31 17 187 100.00000 0
1383 4966 10.28066 0.07490 0.18708 0.34150 32 16 13 19 9 237 100.00000 0
5412 6699 10.68882 2.38054 0.57171 1.87909 59 27 5 37 17 352 100.00000 0
283 8736 11.53186 0.06029 0.47516 0.10087 109 100 5 102 81 379 100.00000 0
1444 5046 10.90901 0.33415 0.39685 0.78584 59 42 12 34 19 350 100.00000 0
5416 6686 11.19655 2.12976 1.68787 1.04343 44 25 4 19 7 345 100.00000 0
568 3789 11.33644 0.02823 0.82395 1.52367 57 47 4 52 21 397 100.00000 0
4743 7181 10.95530 2.92613 1.82491 1.28481 32 0 0 20 7 270 100.00000 0
551 3799 10.99034 0.03162 0.71457 1.17236 66 55 9 59 43 372 100.00000 0
451 3708 11.51139 0.00466 0.54999 0.38359 48 39 1 37 27 264 100.00000 0
1481 5085 11.31140 0.16682 0.39030 1.14978 80 67 4 80 52 467 100.00000 0
1602 5348 11.99639 0.01276 0.76120 0.70665 9 4 4 7 4 43 100.00000 0
6308 7718 11.32889 3.08737 1.47542 1.69420 28 4 0 19 10 170 100.00000 0
39 8586 11.48626 0.03120 1.72259 0.45970 27 0 0 16 14 113 100.00000 0
4701 7233 10.63455 1.64708 1.83396 2.55328 85 0 0 61 20 463 100.00000 0
1378 4993 10.70005 0.01567 0.39364 0.66735 67 62 5 53 39 366 100.00000 0
1555 5205 10.74876 0.00984 0.18577 0.61421 22 18 1 14 12 100 100.00000 0
1082 4433 11.63277 0.06594 0.51538 0.94543 44 31 6 30 21 545 100.00000 0
342 8893 11.77738 0.01828 0.89651 0.75641 74 46 0 72 59 265 100.00000 0
5111 6866 10.18816 3.12082 1.69838 1.76525 28 4 1 19 12 163 100.00000 0
6031 8030 10.30772 3.13107 1.39669 3.87565 20 10 7 13 6 76 100.00000 0
3300 8461 11.51975 0.00966 0.19051 0.58417 62 59 3 55 39 288 100.00000 0
3309 8438 11.77066 0.01154 0.29465 0.68070 54 45 6 37 21 255 100.00000 0
787 4003 11.50998 0.01277 0.86300 0.74651 35 25 8 28 15 183 100.00000 0
570 3792 10.40776 0.02981 0.13785 1.69720 90 87 3 88 69 417 100.00000 0
1524 5135 11.01220 0.00244 0.39446 0.31775 45 40 3 41 32 156 100.00000 0
797 4017 10.74661 0.01164 0.67729 0.89087 35 31 3 24 21 189 100.00000 0
2948 6004 10.19878 1.18354 0.79874 1.50662 10 3 2 2 0 98 100.00000 0
5390 6681 11.48172 2.06655 0.96510 1.52547 49 29 17 42 19 356 100.00000 0
2963 8097 10.74930 0.02549 0.42386 1.25803 21 19 1 14 7 145 100.00000 0
1587 5217 10.75116 0.01148 0.25796 0.24228 88 85 2 82 52 418 100.00000 0
2916 5965 10.05853 0.09146 0.79869 2.04335 58 52 5 44 21 308 100.00000 0
6310 7717 11.61955 3.08949 1.07085 1.73009 30 16 6 16 4 197 100.00000 0
3625 8929 10.11312 0.03816 0.64120 0.82187 114 92 9 101 89 461 100.00000 0
336 8867 11.13984 0.02555 0.78672 1.39886 150 136 8 150 89 389 100.00000 0
1600 6738 11.81658 3.13946 1.97300 1.02908 28 0 1 18 16 126 100.00000 0
1414 5015 11.07950 0.08558 0.37212 0.50822 62 52 10 58 33 347 100.00000 0
737 3942 10.32301 0.84648 0.90119 1.56573 90 50 9 76 45 430 100.00000 0
1482 6872 10.04486 3.12266 1.62896 1.29724 42 15 1 39 19 302 100.00000 0
42 3414 11.75156 0.02822 1.99721 0.19383 29 0 0 29 16 157 100.00000 0
128 3419 11.74596 0.01835 0.44956 0.85592 52 40 4 47 30 234 100.00000 0
1100 4418 10.65491 0.05900 0.65142 0.68357 41 36 1 36 31 536 100.00000 0
1495 5102 10.99809 0.02144 0.37516 1.06238 27 23 2 23 10 295 100.00000 0
941 4172 10.52709 0.02551 0.45530 1.58486 40 33 1 29 18 361 100.00000 0
2698 5646 11.29122 0.15585 0.50254 0.99858 56 53 3 52 45 254 100.00000 0
504 3733 10.98126 0.01194 0.28341 0.67724 63 54 7 46 34 379 100.00000 0
3277 8396 10.19108 0.42275 1.07700 1.58412 46 28 3 24 26 207 100.00000 0
1522 5132 11.52055 0.00711 0.24332 0.78484 51 46 5 43 31 175 100.00000 0
1449 6912 11.35509 2.89181 0.84090 2.07415 42 24 6 40 19 251 100.00000 0
1237 7135 10.41648 3.08859 1.56496 1.08426 43 2 3 34 18 378 100.00000 0
3223 8324 11.32034 0.02473 0.28516 0.84627 31 23 8 27 15 214 100.00000 0
2934 5949 10.19149 0.03884 0.58503 2.25255 50 46 1 44 25 238 100.00000 0
4771 7103 10.65832 3.09293 1.70634 1.12917 97 0 0 91 51 650 100.00000 0
4736 7121 10.95820 3.11465 1.05564 1.00132 76 9 6 63 27 541 100.00000 0
1012 4325 10.68182 0.02837 0.77820 1.55318 42 27 13 33 19 322 100.00000 0
108 8610 10.49891 0.04796 0.53887 0.62118 25 19 5 16 16 124 100.00000 0
5084 6894 10.58147 3.04418 1.18097 2.09891 26 10 0 22 8 134 100.00000 0
3234 8402 11.47139 0.97493 0.81394 0.58751 42 31 7 36 19 182 100.00000 0
1364 4931 11.87389 0.01883 0.41971 0.60003 62 52 4 45 37 420 100.00000 0
546 3770 11.35102 0.04734 0.88292 0.87670 47 30 2 27 15 428 100.00000 0
1637 6693 11.63501 2.20014 0.83147 0.96753 17 7 8 10 4 151 100.00000 0
3168 8276 11.53381 0.07247 0.77038 1.24710 27 18 4 15 13 146 100.00000 0
49 3414 11.75156 0.02822 1.85886 0.06853 51 0 0 38 29 181 100.00000 0
1143 4551 10.01507 0.07036 0.43261 1.14090 152 139 7 150 114 629 100.00000 0
3280 8398 11.13507 0.37005 0.81963 0.97719 43 28 1 36 25 220 100.00000 0
102 3428 11.50927 0.05388 0.26605 0.44937 58 56 2 58 41 226 100.00000 0
5010 6968 11.29138 2.95108 1.03845 1.97259 34 21 5 32 18 134 100.00000 0
1213 7223 11.34054 1.90211 1.75656 1.01952 75 0 0 60 46 422 100.00000 0
5048 6896 11.73193 2.63804 1.44792 2.42721 28 3 1 24 11 176 100.00000 0
243 8697 10.88567 0.03663 0.53766 2.09854 111 96 13 109 72 410 100.00000 0
4691 7164 11.27247 3.02844 1.48960 1.82671 103 0 11 96 63 532 100.00000 0
3233 8398 10.80862 0.87012 0.35782 0.23739 41 35 6 39 22 224 100.00000 0
880 4105 11.93766 0.04189 0.87492 2.19980 65 59 5 59 27 280 100.00000 0
5994 8067 10.56765 1.58472 0.93774 2.51139 19 6 2 14 11 117 100.00000 0
1213 4645 10.41249 0.08131 0.22161 1.92722 87 82 4 73 34 542 100.00000 0
3279 8399 10.36215 0.33464 0.81035 1.39998 60 46 6 42 40 233 100.00000 0
1215 4647 11.38444 0.07990 0.67560 1.04680 52 31 16 43 15 476 100.00000 0
3200 8307 10.45604 0.16594 0.53987 1.54104 50 48 2 44 24 254 100.00000 0
6037 7988 11.05039 3.13779 1.65879 3.55611 10 1 4 5 2 106 100.00000 0
1624 5383 11.25008 0.02525 0.62698 1.15860 23 19 4 13 7 175 100.00000 0
1279 4835 10.99875 0.05521 0.55136 1.21112 52 39 13 44 17 441 100.00000 0
5230 6759 11.88507 3.12304 0.57195 1.33031 18 12 1 18 8 179 100.00000 0
1068 4364 11.00272 0.03437 0.39752 0.58817 80 71 8 77 59 371 100.00000 0
8856 8910 10.38949 0.03636 0.83088 2.07622 137 104 3 127 56 447 100.00000 0
3361 8501 10.24352 0.00476 0.45235 0.89744 37 25 5 33 18 327 100.00000 0
3426 8620 11.04902 0.02550 0.34603 0.64771 33 32 0 23 23 170 100.00000 0
981 4224 11.26091 0.41318 0.79906 2.56857 92 77 7 79 28 466 100.00000 0
168 3467 10.54856 0.01504 0.49527 0.13706 108 100 5 102 72 361 100.00000 0
5301 6767 11.10638 3.12139 0.38815 1.12187 26 20 5 26 14 145 100.00000 0
532 3783 11.79261 0.01484 0.55940 0.22900 49 40 6 49 24 410 100.00000 0
229 3516 11.83603 0.02063 0.86674 1.19091 116 112 3 110 72 429 100.00000 0
5407 6672 11.61022 1.98239 0.85025 1.41333 55 37 11 38 11 416 100.00000 0
105 3405 10.30328 0.02403 0.48153 1.13229 69 66 1 58 30 243 100.00000 0
1250 7179 10.82512 3.00906 1.37654 0.65432 33 0 0 21 10 311 100.00000 0
6134 7909 11.09334 3.13980 1.85593 0.51662 72 3 2 53 19 562 100.00000 0
3233 8332 11.28283 0.19775 1.02022 1.80797 43 27 2 40 16 273 100.00000 0
1250 7185 11.46706 2.97565 1.85348 0.63056 47 0 0 38 10 294 100.00000 0
367 8881 11.25742 0.03415 0.72334 0.38359 63 39 13 54 38 390 100.00000 0
8851 8903 10.87758 0.03191 0.66646 1.79580 116 113 1 112 54 428 100.00000 0
7163 7227 11.30097 1.23672 0.65442 1.44618 128 118 10 125 84 380 100.00000 0
1263 7139 11.60710 3.04318 1.68405 1.42848 65 2 1 51 15 448 100.00000 0
1622 5377 10.00534 0.02559 0.74118 1.35595 31 23 5 27 19 136 100.00000 0
1177 4562 11.54704 0.05295 0.32255 1.19223 47 36 2 39 20 472 100.00000 0
3029 8133 10.50345 0.01303 0.64572 0.62807 41 33 7 32 20 372 100.00000 0
1409 6925 10.24348 2.87217 1.71186 1.63135 32 3 2 15 14 252 100.00000 0
2665 5613 10.83734 0.09575 0.24204 1.59986 31 26 3 29 14 163 100.00000 0
1678 5403 10.94540 1.13851 0.96367 0.89831 33 5 0 28 15 201 100.00000 0
5416 6678 11.92093 2.03890 0.68904 1.56223 70 52 6 37 21 441 100.00000 0
2735 5688 10.25589 0.08270 0.80644 1.62438 15 11 1 13 7 116 100.00000 0
1592 6749 10.57266 3.13709 1.83465 1.83675 22 4 1 9 8 203 100.00000 0
1248 7191 10.42904 2.91139 1.75601 0.56993 55 0 0 47 22 363 100.00000 0
1426 5071 11.44287 0.45463 0.65593 0.64710 41 30 10 24 15 266 100.00000 0
192 8650 11.83438 0.01129 0.26048 0.48457 92 84 8 88 50 327 100.00000 0
3047 8150 10.53539 0.03481 0.30307 1.15995 53 51 2 44 30 291 100.00000 0
3469 8646 11.29900 0.00978 0.25317 0.39860 79 72 6 67 55 266 100.00000 0
1213 4706 11.12573 0.09906 0.37643 2.50452 93 88 5 80 46 524 100.00000 0
1099 4475 10.85715 0.05417 0.61223 0.27976 84 65 6 75 58 534 100.00000 0
421 3656 11.26950 0.01192 0.28031 0.51738 227 221 3 214 181 576 100.00000 0
662 3879 10.00162 0.02537 0.44971 0.33920 106 102 1 93 74 615 100.00000 0
65 8585 10.74196 0.02857 1.37072 0.27976 27 4 0 20 11 113 100.00000 0
869 4131 11.49482 0.00704 0.33194 0.24066 54 49 4 46 33 310 100.00000 0
3261 8367 10.18055 0.90672 0.27484 0.74651 44 36 3 44 24 254 100.00000 0
191 8676 10.85739 0.01627 0.14608 0.49889 81 74 7 68 50 359 100.00000 0
537 3786 10.26905 0.01459 0.31904 0.46814 57 45 5 31 24 441 100.00000 0
2942 6000 10.13712 1.02719 0.55360 1.51672 37 23 3 35 22 170 100.00000 0
339 3582 11.07659 0.02189 0.43496 0.42978 150 145 1 139 113 442 100.00000 0
2591 5585 11.46648 1.38067 0.23519 0.63180 47 40 6 39 19 167 100.00000 0
976 4213 11.91001 0.44477 1.18162 2.21187 71 66 4 61 16 447 100.00000 0
4910 7013 11.18828 2.99508 1.46036 1.74406 86 1 2 75 30 846 100.00000 0
1655 6681 10.84117 1.78538 0.69755 0.94212 83 56 22 59 23 435 100.00000 0
2958 8092 11.48210 0.04144 0.66000 1.52957 16 12 1 12 6 131 100.00000 0
1132 4482 10.47787 0.07895 0.41006 0.24866 118 111 6 116 80 593 100.00000 0
1408 5007 10.78992 0.08551 0.40361 1.02488 70 61 7 68 44 442 100.00000 0
769 3981 10.28932 0.27680 0.50804 1.42958 48 40 1 43 32 196 100.00000 0
1130 4476 11.33315 0.08089 0.31455 0.49416 124 119 5 121 98 568 100.00000 0
2661 5639 10.78855 0.09797 0.28384 0.54321 24 23 1 22 19 101 100.00000 0
4757 7150 10.35057 3.12753 1.66505 1.57470 56 0 0 35 14 401 100.00000 0
3363 8531 10.02579 0.01563 0.09181 0.85866 65 55 8 59 36 297 100.00000 0
1366 6980 11.22658 3.09564 1.15145 1.80840 22 3 1 14 6 289 100.00000 0
322 8824 10.70421 0.05112 0.49710 0.37742 186 175 4 182 149 470 100.00000 0
253 3533 10.07381 0.01522 0.50862 0.48779 81 76 3 66 50 424 100.00000 0
3589 8857 11.26583 0.05082 0.46808 2.78671 116 94 4 105 62 491 100.00000 0
1351 7022 10.63067 3.12180 1.67123 2.94743 54 0 1 51 22 571 100.00000 0
1290 4812 10.21574 0.02344 0.39033 0.86863 90 46 30 87 35 631 100.00000 0
7176 7230 11.12103 1.25418 0.51711 1.43477 80 76 4 78 57 328 100.00000 0
2594 5597 11.45521 1.31962 0.90953 1.14739 21 15 0 15 13 113 100.00000 0
2653 5634 11.79973 0.05114 0.66533 1.96364 13 7 1 6 3 83 100.00000 0
3062 8165 11.55130 0.04840 0.31909 1.76857 36 29 1 23 17 257 100.00000 0
4679 7225 11.35288 1.83809 1.48251 0.20558 88 19 4 67 31 520 100.00000 0
3386 8531 10.75178 0.01039 0.15537 0.51964 64 54 9 62 38 349 100.00000 0
1627 5326 11.75301 0.02710 0.43706 1.11978 16 11 3 10 4 108 100.00000 0
6356 7620 10.42478 1.73005 0.52357 2.99787 25 8 0 20 17 228 100.00000 0
4904 7044 11.76883 3.09693 1.92573 2.52786 119 2 0 103 40 750 100.00000 0
1170 4608 11.71303 0.03794 0.46193 1.65209 32 16 8 20 16 428 100.00000 0
1614 5367 10.98412 0.01304 0.66892 0.51358 28 20 4 20 13 255 100.00000 0
3194 8343 11.41136 0.07426 0.86382 0.92999 42 27 4 38 22 235 100.00000 0
3422 8616 11.77707 0.03243 0.49109 0.55532 53 43 3 50 34 174 100.00000 0
7165 7229 11.66662 1.28931 1.04086 1.51491 47 44 2 47 25 273 100.00000 0
914 4142 10.49397 0.00972 0.85624 1.29573 49 32 3 42 24 255 100.00000 0
2901 5947 11.18402 0.03651 1.35154 3.04272 21 13 0 13 9 165 100.00000 0
7162 7225 11.08314 1.16855 0.43609 0.89307 99 92 7 95 74 354 100.00000 0
5237 5295 11.24141 0.01397 0.20802 0.94295 20 15 5 14 9 105 100.00000 0
2593 5582 11.56355 1.34431 0.96862 2.18552 26 13 2 16 13 110 100.00000 0
6228 7812 11.51755 3.13286 1.79017 9.59960 7 2 0 0 2 123 100.00000 0
3092 8196 11.34989 0.12846 0.37517 0.57607 23 20 3 15 12 129 100.00000 0
755 4009 11.81708 0.12823 0.23355 2.36331 57 38 10 50 26 212 100.00000 0
1224 4670 10.01207 0.05575 0.27736 0.59215 75 71 4 71 48 559 100.00000 0
3605 8830 11.32970 0.06066 0.79620 3.45978 103 56 18 94 74 379 100.00000 0
5382 6692 10.14992 2.20815 1.37793 0.98477 41 26 13 34 14 213 100.00000 0
116 8583 10.99558 0.01661 0.39412 0.62432 33 28 4 29 22 183 100.00000 0
1031 4314 10.09291 0.01767 0.52878 1.05499 30 19 5 20 13 243 100.00000 0
3620 8883 11.31508 0.03541 1.04855 0.51129 110 27 9 101 84 442 100.00000 0
3173 8280 11.97832 0.11593 0.88690 0.94833 48 34 3 42 30 274 100.00000 0
1051 4371 10.37330 0.01401 0.53411 0.58283 86 78 2 81 67 478 100.00000 0
991 4303 11.40733 0.34054 0.58751 0.80939 84 48 4 78 51 514 100.00000 0
333 3578 10.01554 0.02137 0.50566 0.29208 146 141 4 144 128 375 100.00000 0
