578 5020 11.43621 3.12303 9.84673 0.92957 17 0 0 13 6
136 5376 11.92129 3.12279 0.92819 1.87053 9 0 0 7 2
92 159 10.90026 0.22630 9.59050 12.96609 23 0 0 13 3
788 3842 10.74027 3.10179 1.41333 2.73967 20 0 0 15 10
3639 4606 10.30963 0.03521 1.05116 2.74053 16 0 0 6 6
644 4962 10.71149 3.05329 2.36067 12.37844 41 0 0 35 21
243 1953 11.63800 0.24712 0.38736 0.62994 29 0 3 23 17
3712 4655 11.93130 0.31879 4.42406 3.33765 7 0 0 2 1
2004 5259 11.67707 2.98746 1.78106 0.99936 18 0 0 16 11
2145 5124 10.08740 2.92687 1.50132 1.29604 9 0 0 5 4
1550 3198 11.41989 0.02848 9.80439 1.63231 27 0 1 21 16
2533 4712 11.80353 3.12994 12.86415 179.33383 20 0 1 15 9
833 2494 10.30965 0.05381 0.54262 0.21122 37 0 2 34 27
1007 2700 10.46347 0.00817 0.36855 1.25242 50 2 3 46 28
615 4004 10.56244 3.14075 14.34437 1.93634 20 0 0 15 8
1661 3312 11.31256 0.10250 11.70204 5.87310 81 0 0 73 52
403 2100 11.47804 0.09983 5.45668 12.00686 24 0 2 5 10
1534 3208 11.67620 0.03358 0.52588 0.54393 20 0 2 13 8
589 2288 10.95919 0.02587 10.02314 1.29845 32 0 0 30 17
550 5029 10.41016 3.09732 1.32174 2.57496 7 0 0 4 2
842 3783 11.93545 3.09398 9.16278 177.27164 36 0 0 18 13
2390 4890 11.60265 3.13811 0.96554 2.45288 31 0 3 27 20
743 4861 10.88555 3.13681 1.54452 3.43513 21 0 0 7 10
2261 4049 11.76058 3.13964 10.26225 179.89721 33 0 0 27 20
3813 4777 10.23002 0.03804 0.43708 0.13122 25 0 2 9 8
654 4922 10.28362 2.40536 1.04881 2.58528 47 0 0 47 34
582 2262 11.35520 0.02476 8.93207 1.04904 64 0 0 59 46
446 5121 10.31008 2.89163 7.67241 165.67818 8 0 0 3 1
2044 5244 10.66355 3.06308 0.85606 1.92884 39 0 0 18 20
1946 5329 11.74434 2.73203 0.83237 1.61955 22 0 0 20 18
976 2666 10.07307 0.03653 10.65592 2.09518 30 0 1 19 11
2489 4763 11.74640 3.07237 1.56101 1.73776 38 0 0 38 26
2104 5181 10.10429 3.05098 3.64619 4.92959 22 0 0 18 10
895 3724 11.70746 3.12927 7.94277 179.29557 9 0 0 7 4
438 2153 11.04805 0.07786 0.18309 0.53741 15 0 0 7 6
1000 2693 10.87926 0.02734 6.84273 38.64740 13 0 0 3 5
2282 4025 11.86480 3.13588 2.12017 2.12339 24 0 2 13 10
560 2244 10.34940 0.03513 1.00296 2.30987 9 1 0 5 4
675 3936 10.04436 2.55379 1.02439 1.37373 59 0 0 59 46
709 2368 10.67656 0.21330 6.16277 0.65072 24 0 0 17 15
2515 4752 11.43473 3.11735 1.01135 1.53468 14 0 0 11 6
3708 4652 11.12419 0.34071 0.38162 1.53544 20 2 2 17 11
356 2078 11.90709 0.05991 9.54838 3.43388 32 1 0 15 12
569 5026 10.00868 3.08333 0.86353 1.91806 17 0 0 15 8
674 2373 11.86279 0.45703 7.64579 17.64960 16 0 0 5 9
678 3930 11.71887 2.60869 1.12139 1.37771 27 0 0 25 16
2382 3936 10.91116 3.11171 0.55070 2.04105 15 0 0 15 12
925 2581 11.68842 0.04156 0.52229 2.56476 24 2 0 17 9
2572 4686 10.71264 3.08337 8.42588 174.67524 9 0 0 9 3
97 5378 11.99398 3.12519 9.39705 179.06205 8 0 0 4 2
1947 5320 11.05873 2.74457 1.11200 1.71052 40 0 0 40 28
610 4970 11.35571 3.12428 1.19778 2.04143 18 0 1 12 6
2340 3950 11.63911 2.28591 0.93127 1.49619 30 0 0 28 21
4168 5099 11.64545 0.61028 0.47046 1.89568 13 0 0 11 12
4058 5007 10.84930 0.01445 0.14824 0.58013 40 1 1 28 19
2174 5107 10.02640 3.08997 1.20237 1.67468 10 0 0 7 4
544 4094 10.20710 3.12869 1.36674 3.40536 21 0 0 21 12
437 5144 11.77698 3.00304 2.45644 5.01704 14 0 0 4 7
2493 4778 11.12138 3.11368 1.25907 1.97159 34 0 1 19 15
2427 3891 11.61145 3.12966 0.66794 1.92763 47 1 1 34 24
2355 3931 11.53232 2.54781 1.01237 1.15589 36 0 0 34 21
650 3998 11.78803 2.91330 9.51615 166.91964 15 0 0 10 8
1680 3388 11.48121 0.97328 1.71356 1.71783 9 0 0 3 1
841 3785 11.07551 3.09259 0.88519 2.62018 29 0 0 21 11
2172 5113 11.52031 3.11062 0.92073 0.97398 12 0 0 9 9
2250 4062 11.78848 3.13045 0.88787 1.49358 9 0 0 1 2
2526 3783 10.31615 3.13565 0.47250 1.83419 26 0 0 23 18
778 2458 10.79463 0.02716 11.71397 1.23828 42 0 0 36 26
3596 4535 10.11508 0.09803 0.14859 1.07155 30 3 5 30 16
429 5150 10.65522 3.00195 0.90495 1.47299 12 0 1 8 7
2182 5092 11.76291 3.12019 1.20219 2.30172 20 0 0 20 10
2076 5190 11.97962 3.03250 6.57068 1.77432 20 0 0 3 9
4171 5108 11.75264 0.77976 0.46391 1.56273 9 1 2 9 7
2416 3900 10.24818 3.13990 5.49803 2.58740 18 0 0 12 5
3596 4561 10.82686 0.02832 0.59605 1.81531 21 0 0 16 10
663 4948 11.21786 2.65241 4.85911 12.01605 8 0 0 2 4
196 5351 11.16528 3.07223 8.56240 4.91964 7 0 0 4 3
1638 3280 11.84708 0.02932 10.67467 1.67771 19 0 1 7 5
2234 4100 10.59321 3.11914 7.63964 178.71199 12 0 0 9 5
3714 4658 11.05753 0.25151 8.91602 14.41014 7 0 0 1 3
1453 3101 10.51488 0.01896 7.21644 2.18301 32 0 0 19 13
613 4006 10.80174 3.13620 16.64997 179.68973 20 0 0 14 9
459 2172 10.93767 0.20373 0.44161 1.05573 14 0 0 5 7
674 3972 10.94729 2.84530 12.14440 163.02356 9 0 0 5 2
587 2287 11.72779 0.02617 7.04398 0.63735 20 0 0 17 9
206 1926 11.39087 0.56721 0.39186 0.96429 22 1 1 15 10
3876 4847 11.90419 0.00792 0.68918 0.48939 67 0 6 61 45
940 4629 11.60252 2.19801 42.56651 125.93666 6 0 0 2 3
531 2236 10.44393 0.01136 0.25377 0.92493 41 0 2 38 29
2332 4928 10.44883 2.51728 1.00367 1.91540 44 0 0 37 22
617 2316 10.64289 0.00780 9.42505 0.44323 47 0 0 31 12
4128 5070 11.75155 0.05453 0.42694 1.66319 12 1 1 10 6
4115 5059 11.25828 0.00781 0.40220 0.42428 23 1 1 23 15
2490 3826 10.80704 3.12297 1.06330 1.85983 24 0 0 24 10
687 2341 11.94929 0.71080 16.81462 157.14536 18 0 0 13 12
2070 5218 10.22833 3.08474 0.96140 2.59254 29 0 0 16 14
942 4632 11.85576 2.23617 14.27741 141.62255 6 0 0 3 1
461 4174 11.06802 2.00171 18.81300 114.68975 5 0 0 1 1
4071 5039 11.58759 0.05218 0.94144 3.55148 10 1 4 5 6
697 4909 11.46042 3.11627 1.59907 4.12056 17 0 0 6 8
592 4028 10.66870 3.12096 1.97578 1.73077 23 0 0 19 7
1553 3201 11.06317 0.02811 0.57308 0.96712 24 0 1 15 11
4153 5107 11.61201 0.35407 33.68717 37.86833 9 0 0 6 4
566 5013 10.95632 3.09711 1.45935 1.43858 25 0 0 21 19
677 2374 11.17772 0.39846 0.44813 0.63180 20 3 4 16 13
2430 4847 10.06805 3.12970 0.72298 1.75256 45 0 0 43 20
1021 2697 10.74601 0.00637 11.54361 1.13021 16 0 0 16 7
762 4843 10.68134 3.12868 0.69400 1.88824 54 3 1 50 32
697 3948 11.22365 3.10169 0.62052 1.67795 14 0 0 14 8
347 2069 10.25467 0.05346 0.23155 0.72524 72 2 2 62 46
639 2343 11.23128 0.59822 9.52833 39.37836 18 0 0 13 13
2577 3702 11.56777 2.89834 0.77513 0.81469 9 0 0 9 6
757 2420 10.30308 0.00808 0.36220 0.73275 67 3 5 49 20
761 4824 11.60918 3.12781 0.93312 2.88812 44 0 0 39 30
310 2037 11.00547 0.08125 1.46819 3.27489 29 0 2 21 16
1431 3074 11.13807 0.30732 0.41516 1.04343 32 1 1 29 14
905 4667 10.86729 3.05894 10.18000 8.82797 7 0 0 4 3
137 5378 11.90650 3.09767 1.44958 3.12111 11 0 0 11 8
4047 4996 11.62425 0.02259 10.04104 1.58214 17 0 0 15 8
2135 5132 10.26642 3.00705 1.29113 0.95121 18 0 0 18 10
2277 4031 11.83600 3.13328 9.89967 179.52030 9 0 0 2 2
468 4159 11.03084 2.53441 1.04591 2.03144 8 0 0 6 3
1480 3131 11.43637 0.03320 0.32636 0.32984 71 2 4 42 29
2214 4103 10.80985 3.08739 1.82484 3.41913 19 0 0 19 11
4160 5108 10.66491 0.48043 0.17677 0.86547 23 6 2 16 13
3718 4684 10.02011 0.03842 5.99174 1.79188 12 0 0 10 5
634 4945 11.14350 2.87061 1.26881 2.76739 36 0 0 19 17
788 4816 10.05842 3.11728 12.87267 2.90663 23 0 0 17 13
8 159 10.90026 0.22630 11.87059 12.42015 16 0 0 7 4
486 5098 10.34994 3.03570 1.53247 2.11711 8 0 0 5 3
2177 5097 11.62230 3.06622 1.68095 2.92114 19 0 0 12 5
494 4157 11.60848 2.97025 0.57957 1.39156 13 0 0 13 8
2357 4893 10.46996 2.60736 1.09031 1.02029 28 0 0 28 20
1613 3255 11.98887 0.02737 0.59103 1.26145 18 0 3 8 7
734 3888 11.81277 3.12974 1.00446 1.72737 47 0 1 34 18
257 5284 11.46593 2.95364 1.22111 0.85501 31 0 0 21 14
692 2349 10.51250 0.52118 0.34454 1.20788 30 2 1 30 16
2563 3720 11.41264 3.13139 1.27131 1.87471 10 0 0 10 4
824 3804 11.44454 3.07048 1.31320 2.27641 63 0 0 58 35
2182 4176 10.18623 2.29928 14.47046 131.73886 8 0 0 5 2
3705 4674 11.76040 0.23167 11.65850 1.15216 9 0 0 7 3
2195 4152 11.36919 3.03954 0.34522 11.84307 9 0 0 1 0
940 4638 10.44231 2.35295 1.09566 1.83994 16 0 0 10 8
634 3981 11.78940 2.81591 1.36143 11.27886 34 1 0 12 13
1 161 11.92404 0.22584 10.34220 8.27977 24 0 0 14 10
1457 3136 11.46753 0.06903 0.60509 0.95900 56 0 3 43 36
2541 3748 10.85111 3.07535 8.47121 176.20522 14 0 0 8 9
906 4666 10.64531 3.03913 8.55086 39.57443 8 0 0 0 3
1626 3269 10.47484 0.02782 0.69988 0.76208 33 0 2 23 20
2422 4856 10.96830 3.13239 0.91718 3.25606 26 0 0 10 9
153 5375 11.47355 2.95406 10.09484 169.25530 10 0 0 3 5
670 2369 11.19629 0.49906 0.23549 1.05090 19 1 2 15 12
3733 4679 10.39465 0.03934 0.21818 0.87893 17 1 2 8 9
1396 3081 11.00135 0.55455 0.45493 0.92196 54 0 0 45 31
3958 4939 10.66157 0.69696 0.49699 0.66735 27 0 0 25 19
2529 3762 10.92583 3.09764 1.42730 2.39212 22 0 0 19 12
796 4809 11.59035 3.10642 7.03645 177.98346 23 0 0 19 10
461 4184 11.81846 1.68117 9.77135 2.27778 7 0 0 5 2
541 2226 11.49723 0.02005 0.47856 0.84070 16 0 2 9 11
802 4802 10.86504 3.10626 10.98828 177.97609 13 0 0 4 3
700 3945 11.49248 3.11606 10.00432 178.53981 17 0 0 6 7
3652 4597 10.41791 0.03204 0.68190 2.06203 37 3 5 30 21
1295 2970 11.17072 0.01139 0.68307 1.74496 24 1 3 9 7
179 5351 10.79003 3.06699 0.59248 1.76325 29 0 0 29 18
1054 2731 11.99553 0.00913 0.32572 1.24741 37 1 7 35 28
3658 4603 10.67150 0.02717 0.51041 1.20366 20 0 3 9 11
400 2118 10.44191 0.16050 0.38882 0.39067 22 1 0 17 10
2347 4944 11.84810 2.67898 0.23506 2.60008 13 3 0 8 11
2308 4957 11.53459 3.08270 1.40783 2.60369 39 0 0 33 12
1053 2731 10.83645 0.01043 0.47554 0.94626 51 1 4 45 32
887 3752 10.21932 3.08382 11.39099 177.57586 16 0 0 12 9
1477 3128 11.03882 0.01932 0.85765 1.18762 67 0 0 62 55
313 5258 10.32121 3.10810 0.57479 1.19485 19 0 0 8 10
3677 4623 10.12217 0.15192 0.53276 1.01375 26 0 1 23 17
2572 4687 11.84642 3.08366 13.62654 176.28791 10 0 0 7 4
314 2018 10.77043 0.08374 0.19151 1.32795 66 2 8 49 40
817 4786 11.00763 3.09832 0.52868 5.67264 13 0 0 7 4
1949 5317 10.78087 2.75912 1.14186 1.90762 23 0 0 21 10
1389 3031 11.51288 0.55584 0.28128 0.70332 77 3 21 66 40
5426 5536 10.62562 0.00675 10.49468 2.50905 40 0 0 36 29
723 3920 11.65564 3.13268 11.13625 179.49565 25 0 0 21 13
1285 2934 11.92193 0.01450 0.56735 0.53668 32 1 2 30 17
600 2277 11.91047 0.01061 11.32105 0.60909 20 0 0 12 6
618 2292 11.68035 0.01462 14.52594 0.83416 55 0 0 39 26
224 1937 11.76984 0.37191 0.38448 0.54751 25 0 1 23 14
270 5294 10.66483 3.11474 9.86380 178.46049 17 0 1 2 7
944 3672 11.28042 2.26879 24.37868 129.99197 7 0 0 4 3
656 4955 11.70043 2.78651 4.09075 15.59269 11 0 0 4 4
667 4904 11.18733 2.38016 1.03406 10.18816 18 0 0 15 12
2438 3861 11.49946 3.13012 1.55143 2.96979 29 0 0 27 12
2043 5246 11.85717 3.05463 1.27933 1.52701 31 0 0 20 17
409 2105 11.49739 0.10281 9.45237 1.04680 24 0 0 13 15
684 2338 11.82251 0.76163 7.85530 43.63835 23 0 0 17 12
1993 5270 11.50930 2.92640 1.12450 1.94803 32 0 0 28 20
1439 3119 11.31318 0.05056 6.97838 2.84716 32 0 0 28 18
539 4100 11.09622 3.12502 2.20942 7.26085 10 0 0 3 2
2353 4932 10.61107 2.91770 2.20401 167.17174 9 0 0 5 6
677 3969 11.13485 2.89401 0.15410 2.33263 13 0 0 13 9
3651 4621 11.06482 0.03315 0.59008 1.90742 18 0 0 16 5
590 4992 10.14524 3.12284 0.65262 2.18946 15 0 0 13 7
