0.04381 0.12012
0.02730 0.05509
0.01075 0.01340
0.00921 0.00998
0.02384 0.05107
0.02591 0.05312
0.00661 0.00702
0.03470 0.09873
0.03687 0.09589
0.02551 0.05135
0.00902 0.01253
0.01469 0.04070
0.03656 0.05920
0.01017 0.01295
0.02689 0.04515
0.03111 0.08591
0.01826 0.05431
0.03342 0.10922
0.00650 0.00686
0.00959 0.01022
0.03087 0.09769
0.04382 0.09500
0.02819 0.06916
0.03409 0.09291
0.01565 0.03363
0.04817 0.09591
0.01535 0.04281
0.00692 0.00942
0.00799 0.01011
0.03298 0.09668
0.03448 0.09784
0.03429 0.09276
0.01708 0.02558
0.03498 0.09543
0.03870 0.09277
0.01095 0.01529
0.01452 0.03558
0.00560 0.00826
0.03317 0.11326
0.02544 0.06696
0.01865 0.04354
0.01630 0.05950
0.03262 0.09064
0.02994 0.09495
0.04263 0.08896
0.00494 0.00652
0.02886 0.07691
0.02286 0.07099
0.01600 0.02545
0.00670 0.00717
0.03248 0.09218
0.03581 0.10358
0.04067 0.09574
0.01684 0.02987
0.01780 0.04729
0.03207 0.05478
0.00966 0.01476
0.04272 0.10693
0.02498 0.06747
0.00903 0.01095
0.01821 0.03462
0.02240 0.04042
0.02999 0.08321
0.03484 0.11287
0.00537 0.00610
0.01098 0.02284
0.02496 0.07453
0.03520 0.09345
0.03313 0.05794
0.03360 0.10861
0.01179 0.01680
0.05403 0.10776
0.02864 0.08981
0.03170 0.06794
0.01200 0.01867
0.03059 0.08117
0.02793 0.07866
0.02670 0.07300
0.01383 0.02006
0.01438 0.01793
0.00652 0.00958
0.02068 0.06811
0.03593 0.09800
0.03494 0.06645
0.02867 0.08135
0.02793 0.07901
0.02044 0.07896
0.02679 0.08064
0.03397 0.08801
0.01561 0.01713
0.00566 0.00627
0.00615 0.00825
0.00522 0.00806
0.02914 0.07967
0.04750 0.09542
0.00926 0.01231
0.02120 0.06918
0.03366 0.08314
0.03446 0.06846
0.00795 0.01364
0.03734 0.07754
0.02605 0.06232
0.02779 0.07650
0.02686 0.07846
0.01492 0.02078
0.02885 0.07388
0.01811 0.04015
0.00760 0.00885
0.03229 0.08330
0.01141 0.01303
0.03274 0.08989
0.00862 0.00861
0.00847 0.00763
0.01825 0.05363
0.02682 0.08531
0.01283 0.03039
0.01215 0.01187
0.02496 0.03725
0.03846 0.11972
0.01619 0.04803
0.01452 0.03429
0.02600 0.08287
0.03581 0.09573
0.00821 0.00778
0.03423 0.09567
0.00537 0.00598
0.01906 0.04203
0.01957 0.04593
0.03756 0.09651
0.02796 0.06849
0.01685 0.04619
0.03402 0.08455
0.03464 0.11262
0.03516 0.09873
0.01046 0.02165
0.00501 0.00556
0.00469 0.00586
0.00662 0.00909
0.00604 0.00652
0.00883 0.01660
0.01224 0.01302
0.00864 0.01340
0.00584 0.00665
0.02995 0.10415
0.03548 0.09516
0.01486 0.03056
0.04644 0.11865
0.03159 0.12299
0.02617 0.07574
0.03798 0.09625
0.01617 0.01653
0.01055 0.01329
0.02627 0.05998
0.03730 0.07308
0.04089 0.08626
0.03187 0.08873
0.01713 0.05473
0.02757 0.08173
0.03131 0.08463
0.03232 0.08838
0.03595 0.10128
0.03523 0.09436
0.01654 0.04733
0.00488 0.00578
0.01054 0.01259
0.02628 0.07646
0.01682 0.04941
0.01844 0.02624
0.00648 0.00636
0.02590 0.06579
0.00811 0.01077
0.01562 0.02433
0.03415 0.10434
0.03993 0.09752
0.00501 0.00548
0.02203 0.05850
0.01013 0.01375
0.03093 0.09009
0.00546 0.00655
0.03639 0.09268
0.03127 0.05369
0.02658 0.05466
0.03266 0.08648
0.02549 0.07471
0.02590 0.06205
0.00580 0.00575
0.02747 0.07476
0.01796 0.06467
0.01221 0.01705
0.03839 0.11842
0.03337 0.06664
0.01017 0.01551
0.03348 0.08337
0.00463 0.00578
0.01333 0.01433
0.03591 0.09080
0.03312 0.11979
0.01601 0.02552
0.01566 0.02279
0.00732 0.01135
