4649 7128 11.93529 0.01771 0.28966 0.68070 78 39 10 58 29
4443 6873 11.02617 0.13158 0.45653 0.82992 58 31 11 58 33
3752 6201 11.84601 0.01524 1.41606 0.86863 166 36 24 157 89
3405 8189 10.93333 0.10502 0.38887 0.20174 71 38 19 63 46
4033 6441 11.05593 0.01655 0.52252 0.39958 125 60 27 112 72
3778 6226 11.41256 0.00648 0.52584 0.33102 155 53 84 153 92
4234 6629 10.38452 0.95194 0.30057 2.23808 111 39 0 94 59
341 6194 11.39597 0.01120 0.47461 0.62307 222 172 30 199 174
4556 7022 11.67597 0.04317 0.32879 0.82234 131 100 20 122 84
1030 6875 10.81849 0.03005 0.69722 1.74720 78 45 19 69 47
1824 5095 11.64103 0.49415 0.56928 1.34494 43 13 3 33 25
1293 7098 10.97255 0.13699 0.52200 1.33823 71 36 5 61 46
3944 6376 10.55855 0.01206 0.17716 0.48376 125 104 15 118 95
933 6775 10.03800 0.02212 0.14119 1.26610 92 75 13 86 64
3226 5718 11.80412 0.00926 0.11797 0.32143 25 16 3 19 13
5 3556 11.91419 0.08272 1.49396 4.75802 62 1 2 62 33
1037 6884 11.48712 0.05677 1.19280 3.21662 57 45 6 42 27
854 6658 10.16083 0.77211 0.66709 1.61398 68 28 4 49 43
3211 5675 11.04988 0.02595 0.24017 1.49567 15 7 1 10 7
4006 6416 10.55317 0.01427 0.35871 0.30519 94 68 21 91 63
1327 7122 11.84251 0.19411 0.52968 1.08390 60 23 8 56 28
3441 5888 10.38024 0.05419 0.57982 0.47313 75 27 9 70 51
3266 5757 11.29562 0.01351 0.57695 0.59610 88 47 6 83 61
3472 8296 11.49471 0.85820 0.89179 1.77432 92 59 11 80 49
487 3918 11.58653 0.02687 0.19625 1.50402 549 317 123 539 485
3322 5781 11.59386 0.11993 0.38650 1.27962 41 26 6 35 23
5826 8140 11.38702 0.09844 0.67196 0.83228 27 9 3 22 12
3157 5660 11.31970 0.01270 0.14646 0.47642 66 50 5 56 41
445 3851 11.41232 0.02741 0.13790 0.95859 157 124 23 146 84
348 3764 11.18328 0.01051 0.42915 0.57198 155 69 48 146 127
573 3994 10.54113 0.01101 0.51574 0.46140 176 97 27 166 98
3411 5862 11.81740 0.13350 0.37427 0.77025 112 46 26 110 82
19 6003 11.16368 0.08689 1.44764 4.91470 62 0 1 56 42
2937 5428 10.42640 0.10762 0.30043 1.34348 44 28 6 40 26
4521 6959 11.11017 0.03566 0.52693 2.03009 127 77 34 115 44
1141 6949 11.29022 0.03130 0.51917 0.96429 68 23 7 62 41
896 6739 11.57555 0.02756 0.46891 1.57744 73 32 12 65 35
3560 8381 10.83840 0.01306 0.64054 0.72199 58 13 24 55 45
239 3667 10.32744 0.02300 0.26029 0.24708 111 94 3 105 89
526 6349 10.28858 0.01488 0.16031 0.67782 257 198 33 241 207
3375 8160 10.99334 0.01145 0.47839 0.67377 37 20 10 31 20
3314 5773 11.31026 0.07349 0.22344 0.44235 38 26 3 33 25
559 3981 10.86277 0.03455 0.40700 1.88429 131 70 11 112 80
1281 4628 10.24919 0.05233 0.50796 0.19383 221 113 19 217 185
2822 5288 10.11718 0.99854 1.03290 2.11044 130 54 48 122 76
1110 6954 11.90834 0.16183 0.29050 2.23441 70 32 14 67 21
15 8354 10.42549 0.08890 1.27482 5.09139 72 0 4 68 44
4519 6987 11.85878 0.01741 0.33988 0.32143 211 124 29 209 140
776 4195 10.11140 0.04594 1.58669 2.60128 68 42 11 59 19
3232 5723 11.55818 0.00925 0.30241 0.70665 45 31 5 40 27
765 6594 11.82502 0.01343 0.40873 0.44499 91 56 27 91 61
3513 5945 10.58476 0.26278 0.57918 1.26548 93 57 6 74 69
4300 6721 11.58170 0.02701 0.30713 1.67304 66 33 12 62 35
4424 6849 10.83068 0.02346 0.76362 1.32116 102 30 8 97 61
1065 4462 11.83476 0.46310 1.58838 2.30444 103 67 25 92 70
40 3554 10.16073 0.08193 1.58668 4.74227 89 0 1 81 54
152 3611 10.02994 0.02145 0.47688 0.81661 99 65 7 86 64
4555 6996 10.93425 0.01149 0.42571 0.63366 113 67 7 109 80
3221 5712 10.05706 0.00902 0.13115 0.49968 47 35 8 41 27
4223 6612 11.68749 0.55818 0.50322 1.45320 145 36 10 128 95
52 6004 11.91533 0.08659 1.62706 5.00742 54 0 3 54 40
4050 6483 11.87272 0.02902 0.51197 0.90222 151 119 12 143 87
1574 4917 11.39291 0.44359 0.42443 1.45158 60 18 13 45 26
76 6006 11.60326 0.05192 0.48247 2.65874 80 10 13 76 57
5748 8053 11.41390 0.06130 0.18771 3.54254 64 34 12 60 33
5811 8149 10.59780 0.10994 0.20305 0.13417 72 55 7 63 49
19 8354 10.42549 0.08890 1.37504 5.08199 60 1 1 58 38
697 4085 10.47655 0.03896 0.10232 2.00037 188 134 31 184 73
658 6469 11.31732 0.02886 0.25418 0.96995 116 79 24 100 81
265 3714 10.63420 0.00750 0.63292 0.43521 132 64 27 117 93
12 8322 11.21823 0.08738 1.60915 4.85914 88 0 0 80 59
1354 7152 11.74554 0.25290 1.24813 4.89777 94 2 0 77 22
982 4354 10.08860 0.02051 0.35908 1.20333 70 50 4 62 44
588 6407 11.08082 0.01992 0.53889 0.91343 198 80 12 184 127
4449 6918 10.30606 0.50423 0.92873 0.98278 119 75 34 105 60
4413 6834 11.83096 0.03588 1.48860 2.06393 91 47 13 66 26
435 3869 11.33370 0.02385 0.22047 0.46981 192 140 30 185 145
1462 4785 10.81402 0.13086 0.55776 0.62994 281 127 22 279 187
940 6784 10.78474 0.01877 0.72485 1.09432 103 41 31 95 36
1288 4634 10.10573 0.04631 0.39988 0.63180 89 53 26 83 61
3382 8192 10.37690 0.07589 0.29523 0.25641 60 34 19 52 35
388 3800 11.93879 0.01249 0.36496 0.67551 234 163 36 227 184
232 6100 10.33315 0.02395 0.46666 0.56093 106 59 18 96 72
1623 4923 10.71171 0.25053 0.61706 0.57878 96 40 26 86 43
31 6002 10.15824 0.08518 1.56241 4.84485 73 0 1 69 54
126 8406 10.34363 0.00614 0.70824 0.23070 65 19 19 59 45
183 8449 10.06505 0.01437 0.22851 0.81277 112 76 16 110 75
184 3641 11.34454 0.02533 0.23892 1.44456 60 33 17 54 35
5873 8193 10.06865 0.10818 0.30365 0.40154 82 50 19 78 47
3490 8256 10.33907 0.79211 0.45947 0.77531 111 85 13 109 75
5681 7959 10.04026 1.55400 1.33656 2.60203 52 20 18 38 11
6014 8389 10.08883 0.01310 0.37673 0.70942 46 19 20 38 31
126 3566 10.05762 0.01112 0.31461 0.63366 84 54 20 80 48
5996 8328 11.54457 0.00744 0.36085 0.47147 84 61 10 71 62
3217 5709 10.30701 0.00868 0.43123 0.46055 55 21 13 53 38
6076 8526 10.06636 0.02268 0.43205 0.89351 43 19 3 37 22
1650 4977 10.03832 0.01948 0.78566 1.38762 48 19 7 34 19
3246 5734 10.05621 0.01453 0.34044 0.69323 50 23 11 48 27
4090 6495 11.19621 0.02463 0.26037 0.81948 93 58 13 89 60
3568 8355 11.78559 0.00563 0.28930 0.26393 69 52 4 63 43
913 4293 10.06906 0.02383 0.37493 1.33237 130 98 12 123 87
1153 6989 10.13440 0.00970 0.35320 0.48214 271 203 43 271 205
373 6221 11.64406 0.00891 0.34118 0.51586 230 152 33 216 177
3404 8188 11.05766 0.10109 0.41147 0.25334 67 29 18 63 38
485 6314 10.04627 0.02404 0.28619 0.61102 596 528 61 589 524
3243 8055 11.06274 0.01484 0.82837 0.84765 38 16 10 27 11
187 6085 10.80929 0.02337 0.05285 0.93125 42 22 11 34 21
1025 4422 10.31478 0.02083 0.29979 0.97879 135 93 25 126 102
3396 8208 10.93773 0.12645 0.11645 0.88911 119 93 20 117 90
6107 8595 11.39122 0.03060 0.36151 0.65132 81 34 19 79 49
3843 6284 11.17433 0.02301 1.00141 0.92577 241 92 88 222 83
4457 6890 10.49150 0.41907 1.20368 2.96742 133 63 28 123 56
359 3800 10.63139 0.01759 0.12467 0.99976 287 173 93 285 232
1543 4854 11.95271 0.16610 0.55590 1.45158 119 99 12 119 72
5796 8133 10.43753 0.14704 0.27959 0.16551 118 99 12 118 97
3686 8576 10.83173 0.01491 0.24533 0.24549 65 49 12 62 44
2828 5329 11.49547 0.72360 0.54717 2.24559 29 4 0 26 21
33 95 10.63715 0.07637 1.35797 4.36484 78 0 0 70 39
1276 7108 10.84387 0.05532 0.51509 0.32626 83 44 12 75 57
1553 4891 10.45509 0.24500 0.19025 0.56993 158 125 15 155 125
832 6624 11.04188 0.83572 0.23284 2.06924 87 28 0 83 34
5695 8031 11.79649 0.01054 0.41099 0.95532 28 17 2 14 14
41 3555 11.17761 0.08304 1.59552 4.81524 81 0 3 77 61
1006 4374 11.13627 0.04693 0.27553 2.68628 133 93 17 131 89
4551 7017 11.68665 0.03921 0.48988 0.69267 89 58 15 85 63
3284 5741 11.28120 0.01391 0.73593 0.93125 58 22 24 52 32
5672 7996 10.28090 0.14077 0.78031 2.14211 30 12 7 21 7
5916 8282 10.87892 0.81725 0.59752 1.07556 96 56 10 94 56
4098 6503 10.78399 0.04512 0.32254 2.42931 127 78 26 108 35
854 4225 11.73332 1.04119 0.48480 2.28431 54 1 0 42 31
731 4116 11.05272 0.01700 0.32416 0.59742 101 76 12 97 73
3536 8317 10.27139 0.02715 0.20343 0.41965 108 86 10 102 77
3498 5924 11.98702 0.97594 0.91953 1.23416 80 26 10 73 47
6053 8466 10.56577 0.02281 0.55664 0.59938 157 90 48 145 112
5766 8071 11.97288 0.04725 0.73260 2.99277 41 13 16 32 15
4441 6910 10.14122 0.47717 1.23209 2.09069 170 127 22 160 53
418 3828 10.29530 0.05376 0.44445 3.03499 396 301 45 390 257
29 3527 10.69874 0.08715 1.39095 5.06191 107 13 2 101 74
4053 6485 11.17804 0.03804 0.10585 1.83718 114 75 30 112 65
4142 6566 10.16146 0.08733 0.38013 0.62181 114 71 19 110 84
3216 7981 11.85666 0.74872 0.72021 2.08694 25 0 1 20 14
3113 5617 10.05663 0.01209 0.25305 0.41496 90 53 29 84 58
783 6618 11.04949 0.22715 0.54569 0.72308 94 46 12 88 57
3663 6090 11.56746 0.02210 0.36976 0.43969 113 81 15 106 85
3293 5752 10.61418 0.03534 0.74176 2.01790 62 31 15 51 18
523 3924 10.79563 0.02087 0.39407 0.28531 289 219 18 278 239
1692 5012 10.28561 0.00741 0.75891 0.25944 34 8 10 20 17
343 6219 10.09782 0.00714 0.47158 0.22029 244 162 28 235 190
599 3996 10.03216 0.02180 0.35995 0.39762 132 99 19 119 95
5675 8001 10.09544 0.06131 0.75247 2.23493 26 9 3 19 10
551 6396 11.65850 0.06585 0.38017 3.78734 173 102 45 155 80
1690 5010 10.04298 0.00544 0.59055 0.48618 43 17 14 43 32
1227 7056 10.03183 0.05889 0.24898 0.17017 250 217 25 248 199
4111 6539 10.20334 0.06865 0.52022 0.59347 92 18 2 89 62
1254 4604 10.85307 0.04707 0.63166 0.88204 203 144 48 198 140
4497 6965 10.74697 0.02188 0.53362 1.23385 55 13 5 50 32
3 8354 10.42549 0.08890 1.45261 5.13370 69 1 1 56 45
5666 7957 11.07263 1.59438 0.30703 2.07528 63 19 9 47 23
4226 6617 10.93077 0.65447 0.53690 1.80710 111 13 3 102 73
569 3991 11.36056 0.02684 0.48883 1.48938 97 57 9 87 43
143 6027 10.32329 0.01450 0.37012 0.84163 80 53 17 71 54
179 3609 11.79688 0.01474 0.49903 0.85821 118 42 14 104 65
1554 4864 11.48628 0.21263 0.33600 1.02527 128 71 28 120 90
89 8333 11.01928 0.02395 0.42324 0.71982 81 60 5 77 61
22 8355 10.68106 0.09103 1.84966 5.24307 80 0 0 72 52
981 6788 11.51908 0.02512 0.96302 1.41111 65 17 14 54 33
4014 6422 11.51188 0.03176 0.55779 1.38197 127 82 16 110 76
52 3555 11.17761 0.08304 1.36025 4.80351 91 0 5 85 64
3588 8387 10.27868 0.00328 0.31981 0.23903 97 63 8 92 69
3232 8008 10.80129 0.00840 0.35353 1.24710 36 17 4 31 20
583 3981 10.27124 0.01730 0.18158 0.87492 165 121 19 153 111
4435 6905 11.38197 0.38724 1.31985 2.70516 79 33 7 63 26
4399 6857 10.26603 0.03781 1.13236 2.16916 139 95 24 124 77
5891 8208 11.12651 0.12271 0.56337 1.88118 99 64 10 99 70
1623 4956 10.78291 0.02586 0.51285 1.07192 58 29 12 58 29
3339 5822 10.38137 0.11192 0.37167 0.16313 29 13 4 23 14
34 95 10.63715 0.07637 1.44600 4.39008 59 0 2 55 34
3320 8103 10.59609 0.10287 0.41716 0.31652 65 44 14 59 37
4278 6695 11.81124 0.00851 0.52276 0.48618 51 22 5 38 31
1845 5125 11.28235 1.16774 0.78377 1.07556 32 5 2 28 10
1213 7045 11.83461 0.06877 0.48303 0.37639 157 100 39 149 129
5680 7957 10.56065 1.57333 2.13199 2.63121 50 25 12 25 6
5724 8030 10.80381 0.01483 0.43088 0.60781 47 24 12 38 26
602 4022 10.02787 0.02106 0.31706 0.91685 185 154 21 173 136
5673 8001 11.60502 0.06474 0.80746 2.32810 29 15 10 22 9
4044 6477 11.89692 0.04528 0.39061 2.05709 123 30 19 121 85
608 6450 11.59272 0.01759 0.10606 0.24708 146 110 20 133 87
4198 6641 10.61259 0.56086 1.01212 1.00833 147 21 37 141 91
3299 5788 11.83617 0.10469 0.45996 0.55249 27 10 5 17 15
3229 5689 11.96084 0.05460 1.12008 3.08223 17 8 6 15 7
33 3554 10.16073 0.08193 1.66310 4.75423 93 0 2 84 57
807 4190 11.48508 0.15506 0.38246 1.30536 137 77 28 127 100
3493 8309 11.86674 0.32454 0.77894 1.55570 49 27 4 43 28
152 6033 11.33923 0.01341 0.61294 0.76719 75 25 14 72 48
4670 7154 11.58319 0.21279 1.19515 3.48200 89 9 8 69 45
3523 5955 11.03610 0.06987 0.63763 0.81805 87 9 1 80 62
1206 4583 10.65921 0.05138 0.14252 0.55036 147 126 15 141 114
3509 8280 11.67359 0.57119 0.95111 1.32175 77 27 16 63 45
888 6732 11.29920 0.02043 0.84179 1.33530 62 30 7 62 48
242 3670 10.09476 0.01918 0.15850 0.47478 145 117 13 143 114
