2875 6465 11.37997 3.13401 14.42945 179.57158 5 0 0 2 2 158 100.00000 0
2281 4641 10.33926 2.17209 27.86748 124.45176 4 0 0 2 1 88 100.00000 0
727 2364 11.59337 0.01602 10.37439 0.92111 11 0 0 2 5 139 100.00000 0
4453 6880 11.50391 0.01357 13.29697 8.24788 13 0 0 5 6 262 100.00000 0
5274 5634 10.73340 0.01224 14.38682 4.12550 20 0 0 10 9 357 100.00000 0
2235 7066 11.45802 3.01571 2.03088 1.52777 9 0 0 9 3 55 100.00000 0
1167 6557 11.46000 2.50050 14.53576 143.26814 4 0 0 1 1 95 100.00000 0
5394 5637 11.98348 0.01338 9.58239 0.76515 18 0 0 15 7 276 100.00000 0
875 4355 11.16602 3.04880 10.11904 174.68249 7 0 0 2 1 165 100.00000 0
5313 5636 11.48350 0.01362 8.54953 0.78335 12 1 0 9 7 230 100.00000 0
577 7082 10.86016 2.94655 10.06308 1.16432 6 0 0 3 1 132 100.00000 0
1469 3746 10.79166 3.10909 2.07352 3.81465 6 0 0 2 1 174 100.00000 0
2614 4261 10.95837 3.10482 20.96313 22.72134 12 0 0 4 5 297 100.00000 0
2169 7153 11.68474 3.04841 7.69322 1.98741 5 0 0 1 1 62 100.00000 0
2478 6856 10.93461 2.80736 16.01835 160.85014 8 0 0 3 4 180 100.00000 0
3173 6115 11.23794 3.13941 2.04642 2.73566 9 0 0 3 4 186 100.00000 0
3649 5644 10.94752 3.12930 8.46592 19.45095 8 0 0 1 4 158 100.00000 0
1562 3640 11.54237 3.12696 3.01512 4.87492 9 0 1 3 4 183 100.00000 0
707 6957 10.49859 3.11814 4.15454 156.21216 5 0 0 3 2 136 100.00000 0
828 2448 10.77234 0.37731 8.96224 15.51176 13 0 0 2 2 198 100.00000 0
2310 7002 10.28864 3.09134 11.26119 78.13855 4 0 0 2 2 93 100.00000 0
2332 4561 11.96810 3.10516 10.48243 177.91268 5 0 0 3 2 118 100.00000 0
2983 6354 10.04617 3.12760 24.86123 161.30970 6 0 0 2 1 119 100.00000 0
739 6925 11.42306 3.13506 0.65526 179.61743 11 1 1 8 6 129 100.00000 0
845 6846 11.13680 2.78264 12.01247 159.43354 6 0 0 3 3 118 100.00000 0
2390 6944 11.93398 3.11034 13.09365 142.10702 4 0 0 1 0 83 100.00000 0
1318 3879 11.69506 3.13017 15.07576 163.34533 4 0 0 2 2 123 100.00000 0
666 4579 11.96130 3.11409 26.48189 178.42269 4 0 0 1 1 100 100.00000 0
1165 4058 10.13499 2.78017 3.54017 2.15559 5 0 0 0 1 143 100.00000 0
5487 5635 11.23314 0.01343 9.82662 0.77025 16 1 0 12 6 356 100.00000 0
933 2562 10.73045 0.00316 8.11507 0.16786 13 1 0 6 4 256 100.00000 0
2281 7035 11.02438 3.11616 22.90257 178.54519 7 0 0 2 2 130 100.00000 0
871 6812 10.75492 nan 18.91483 179.97202 6 0 0 1 4 129 100.00000 0
2189 7131 11.45305 3.00589 25.05325 13.41298 9 0 0 3 4 167 100.00000 0
5349 5635 11.23314 0.01343 10.32275 0.77025 17 1 0 13 7 332 100.00000 0
2286 7035 11.56521 3.04072 9.14805 174.22107 6 0 0 0 2 106 100.00000 0
1201 4011 11.60302 3.07664 45.78619 44.56482 4 0 0 1 0 124 100.00000 0
5335 5634 10.73539 0.01218 11.72767 2.03529 20 0 0 10 8 306 100.00000 0
2261 4627 10.36025 2.27821 2.37332 130.53178 5 0 0 0 2 144 100.00000 0
1577 3645 10.46301 3.12169 2.29211 3.96368 8 1 0 5 5 142 100.00000 0
176 7390 11.24530 3.05866 2.51880 3.56535 10 0 3 1 4 148 100.00000 0
3336 5932 10.23117 3.12556 9.54082 6.72876 11 0 0 4 0 413 100.00000 0
1177 2781 11.57526 0.78966 16.22197 45.24404 6 0 0 1 1 178 100.00000 0
1570 5556 10.92639 0.01845 17.41755 1.05795 13 0 0 5 3 296 100.00000 0
807 4441 10.85764 3.10993 5.67559 178.18620 9 2 0 3 3 154 100.00000 0
4072 6552 10.84779 0.03320 13.55210 1.90310 8 0 0 6 3 145 100.00000 0
484 7154 10.22289 3.04096 15.83752 174.23445 8 1 0 2 3 86 100.00000 0
4429 6888 10.98967 0.01919 2.54274 0.56924 11 0 0 8 5 214 100.00000 0
4020 6548 10.53490 0.98884 5.11259 56.65610 4 0 0 1 2 102 100.00000 0
2313 6999 10.12550 3.09290 2.68946 14.25619 5 1 0 1 2 137 100.00000 0
3459 5813 11.88302 3.13669 16.78777 179.71196 9 0 0 7 7 182 100.00000 0
2766 4041 11.34717 2.49206 9.46645 28.04927 7 0 0 3 2 162 100.00000 0
405 2053 10.89948 0.11932 10.13331 6.83650 14 0 0 0 3 229 100.00000 0
1257 3929 11.03190 3.13562 3.30794 24.40424 5 0 0 0 2 121 100.00000 0
2494 4344 11.26386 2.70291 2.32128 11.79816 8 2 0 4 3 124 100.00000 0
5320 5637 11.98348 0.01338 12.73762 0.74283 15 0 0 6 4 259 100.00000 0
272 7343 11.49717 3.01550 2.21660 172.77469 4 1 0 2 1 51 100.00000 0
2834 6487 10.21468 3.07224 5.41995 5.23903 7 0 0 5 3 167 100.00000 0
2972 6346 10.35081 3.14090 7.72028 179.95154 9 1 0 5 4 221 100.00000 0
1145 4091 10.21901 3.07100 8.71643 53.06954 4 0 0 2 1 86 100.00000 0
2489 6845 11.36449 2.77400 10.14524 158.93862 8 0 0 5 3 105 100.00000 0
5412 5636 11.48350 0.01362 5.19818 0.78335 17 0 0 1 3 292 100.00000 0
300 7332 11.80717 3.06676 9.54164 5.25360 9 0 0 4 6 100 100.00000 0
988 4252 10.35396 3.10382 2.43569 6.31261 14 0 0 2 2 232 100.00000 0
2459 6837 11.57387 2.36822 2.75975 4.94197 5 2 0 5 2 116 100.00000 0
1569 5339 10.20782 0.01841 18.82053 1.05388 13 0 0 4 2 352 100.00000 0
2335 4557 11.20360 3.10965 12.00067 178.17072 7 0 0 4 3 132 100.00000 0
