0.01133 0.01043
0.01040 0.00990
0.01146 0.01480
0.01154 0.01316
0.00972 0.01239
0.01091 0.01227
0.00821 0.00887
0.00896 0.01335
0.01255 0.01355
0.01139 0.01073
0.00864 0.01023
0.00984 0.01132
0.00949 0.00994
0.00966 0.01316
0.00933 0.01510
0.01033 0.01632
0.00994 0.01300
0.01022 0.01293
0.00859 0.00906
0.00955 0.01443
0.01022 0.01140
0.00942 0.01249
0.00840 0.00872
0.01006 0.00962
0.00991 0.01401
0.00973 0.01286
0.01047 0.00990
0.01323 0.01230
0.00992 0.01349
0.00924 0.01253
0.01013 0.01081
0.00833 0.00945
0.00868 0.00847
0.00971 0.00959
0.00956 0.01491
0.00980 0.01254
0.00910 0.01179
0.01120 0.01273
0.00985 0.01120
0.01103 0.01316
0.00972 0.01334
0.00992 0.01112
0.01009 0.01138
0.01655 0.01140
0.01001 0.00764
0.01550 0.01374
0.01512 0.02158
0.00824 0.01182
0.00874 0.01004
0.02585 0.01459
0.00929 0.01117
0.00939 0.01127
0.00980 0.01094
0.00953 0.01321
0.00948 0.01234
0.00946 0.01152
0.00939 0.01306
0.01013 0.01326
0.00907 0.01145
0.01010 0.01326
0.00965 0.01256
0.00970 0.01185
0.00943 0.00998
0.00892 0.00951
0.00922 0.01216
0.01489 0.01115
0.00888 0.00899
0.00993 0.01615
0.01120 0.02047
0.00976 0.01262
0.00928 0.01105
0.00954 0.01180
0.00997 0.00920
0.00984 0.01642
0.00973 0.01346
0.00909 0.00989
0.00925 0.01217
0.00873 0.00997
0.01092 0.01653
0.00868 0.01030
0.00928 0.01228
0.00924 0.01074
0.00886 0.01316
0.00953 0.01502
0.00928 0.01163
0.01416 0.01320
0.00974 0.01263
0.00940 0.01066
0.02001 0.01422
0.00819 0.00829
0.00948 0.01058
0.01076 0.01234
0.01172 0.01037
0.00971 0.01267
0.00996 0.01029
0.00773 0.00843
0.00945 0.01276
0.00798 0.00924
0.00941 0.01157
0.00960 0.01567
0.00871 0.00901
0.00909 0.01114
0.00840 0.00858
0.01143 0.01365
0.01091 0.01338
0.00976 0.01258
0.00918 0.01098
0.00883 0.01016
0.00937 0.01213
0.00916 0.01124
0.00995 0.01124
0.00913 0.01197
0.00999 0.01136
0.01063 0.01226
0.00894 0.00950
0.00973 0.01385
0.01128 0.01165
0.01008 0.01117
0.00882 0.01078
0.00977 0.01212
0.01213 0.01325
0.01009 0.01101
0.01295 0.01892
0.01019 0.01285
0.00970 0.01344
0.01072 0.01339
0.00854 0.00981
0.00997 0.01384
0.00837 0.01021
0.00919 0.01058
0.01813 0.01418
0.02010 0.01547
0.01487 0.01641
0.00949 0.01209
0.01396 0.01649
0.01230 0.01096
0.00963 0.01537
0.02460 0.01523
0.00965 0.01181
0.00850 0.00951
0.00963 0.01246
0.01205 0.01317
0.00900 0.01061
0.00850 0.00958
0.01149 0.01863
0.01848 0.01407
0.01704 0.02494
0.01270 0.01720
0.01097 0.01499
0.00974 0.01328
0.01169 0.01145
0.01439 0.01598
0.00964 0.01287
0.01061 0.01134
0.00939 0.00983
0.00803 0.00836
0.00931 0.01135
0.00942 0.01060
0.01240 0.01313
0.00907 0.01018
0.01014 0.01301
0.01230 0.01311
0.00938 0.01119
0.01562 0.01697
0.01030 0.01425
0.00878 0.00950
0.00999 0.01147
0.00903 0.00889
0.01009 0.01045
0.01672 0.01446
0.01607 0.01929
0.00965 0.01053
0.02164 0.01840
0.01007 0.01296
0.00842 0.00857
0.00909 0.01030
0.00946 0.01303
0.01007 0.01260
0.00983 0.01283
0.00965 0.01305
0.01241 0.01296
0.00907 0.01232
0.00857 0.01019
0.00945 0.01218
0.00999 0.01314
0.00906 0.01022
0.00938 0.01479
0.00917 0.01311
0.00999 0.01033
0.00931 0.01268
0.00876 0.00964
0.00907 0.01224
0.00978 0.01277
0.00834 0.00934
0.00942 0.01286
0.01024 0.01463
0.01055 0.01210
0.01027 0.01566
0.00797 0.00887
0.01008 0.01322
