5988 8036 10.63461 2.17040 0.69233 2.56674 33 17 4 25 13
4788 7095 10.81350 3.14082 2.24685 0.74494 78 0 0 68 42
1414 5052 10.33247 0.36931 0.33589 0.58350 67 61 5 55 48
5077 6904 10.86195 3.00305 0.81209 1.90207 26 11 2 9 9
5152 6832 10.06994 3.13832 1.80599 1.86194 26 5 0 19 17
1383 4966 10.28066 0.07490 0.17187 0.33572 44 28 13 35 18
5412 6699 10.68882 2.38054 0.63775 1.65611 44 19 5 21 14
283 8736 11.53186 0.06029 0.49048 0.09691 88 76 10 76 56
1444 5046 10.90901 0.33415 0.35667 0.83181 43 33 6 22 22
5416 6686 11.19655 2.12976 0.37188 1.22908 41 30 4 35 16
568 3789 11.33644 0.02823 0.65697 1.52957 66 50 10 62 26
4743 7181 10.95530 2.92613 1.87394 0.97959 30 0 0 23 10
551 3799 10.99034 0.03162 0.54728 1.17303 57 49 6 57 30
451 3708 11.51139 0.00466 0.26131 0.30901 46 43 3 39 31
1481 5085 11.31140 0.16682 0.41244 1.15454 61 47 2 52 34
1602 5348 11.99639 0.01276 0.92441 3.12312 11 10 0 7 6
6308 7718 11.32889 3.08737 1.24400 1.82778 24 4 0 16 13
38 3387 11.50802 0.00420 2.38916 0.93503 53 1 0 50 33
4678 7207 11.63310 2.48294 1.49985 2.01596 54 0 0 48 22
39 8586 11.48626 0.03120 1.86887 0.52414 10 0 0 8 4
4737 7202 11.02315 2.65492 1.89040 0.28667 45 1 2 43 23
4701 7233 10.63455 1.64708 2.01522 2.54253 68 0 1 50 9
1378 4993 10.70005 0.01567 0.57507 0.72308 48 28 5 36 19
1555 5205 10.74876 0.00984 0.26217 0.64041 26 23 3 26 16
1082 4433 11.63277 0.06594 0.14166 1.10924 54 44 7 51 29
342 8893 11.77738 0.01828 0.71989 0.77682 80 60 0 80 69
5111 6866 10.18816 3.12082 1.93422 1.96503 35 0 1 28 14
6031 8030 10.30772 3.13107 0.29356 3.73780 16 7 7 7 5
3300 8461 11.51975 0.00966 0.19078 0.57743 53 50 3 49 37
3309 8438 11.77066 0.01154 0.43092 0.56302 49 38 6 42 25
787 4003 11.50998 0.01277 0.35981 0.72362 40 36 4 34 20
570 3792 10.40776 0.02981 0.25104 1.69720 75 66 9 70 42
1524 5135 11.01220 0.00244 0.29093 0.52786 54 51 1 43 35
797 4017 10.74661 0.01164 0.43649 0.93377 34 33 0 30 21
2948 6004 10.19878 1.18354 0.55755 1.50584 10 5 1 4 2
5390 6681 11.48172 2.06655 0.87348 1.68237 50 31 6 38 15
2963 8097 10.74930 0.02549 0.13454 1.30985 20 13 4 12 5
1587 5217 10.75116 0.01148 0.29350 0.21670 89 88 1 87 54
2916 5965 10.05853 0.09146 0.49248 2.07037 49 43 4 45 17
17 3387 11.50802 0.00420 2.18058 1.13021 56 0 0 40 38
6310 7717 11.61955 3.08949 0.99026 1.63399 22 12 6 22 6
3625 8929 10.11312 0.03816 0.49461 0.83790 113 96 12 93 83
1326 7027 10.51857 2.99876 2.24228 2.24524 84 1 0 66 17
336 8867 11.13984 0.02555 0.66137 1.42161 136 133 2 131 93
1600 6738 11.81658 3.13946 1.70678 0.28804 27 0 0 19 8
1414 5015 11.07950 0.08558 0.61810 0.67260 73 62 11 68 33
737 3942 10.32301 0.84648 0.87211 1.39213 121 94 4 117 64
1482 6872 10.04486 3.12266 1.35691 1.33647 52 14 0 50 17
42 3414 11.75156 0.02822 1.92896 0.88603 32 0 0 28 23
6142 7877 11.44315 3.13854 2.14115 1.19091 75 3 1 57 28
128 3419 11.74596 0.01835 0.63885 0.58215 61 52 1 49 42
4796 7122 11.95018 3.03352 2.34227 1.65895 48 0 0 44 21
1100 4418 10.65491 0.05900 0.51595 0.69436 71 57 10 62 47
1495 5102 10.99809 0.02144 0.49146 1.01066 25 20 3 10 7
941 4172 10.52709 0.02551 0.64435 1.42985 45 38 2 36 29
2698 5646 11.29122 0.15585 0.47773 1.01375 35 30 5 28 18
504 3733 10.98126 0.01194 0.52620 0.82044 62 56 3 46 32
3277 8396 10.19108 0.42275 1.17687 1.35104 47 32 5 43 24
1522 5132 11.52055 0.00711 0.28284 1.05388 45 40 2 36 27
1449 6912 11.35509 2.89181 0.86524 2.70038 43 17 1 39 26
1237 7135 10.41648 3.08859 1.51413 1.32264 37 0 0 28 19
3223 8324 11.32034 0.02473 0.50275 0.88735 31 25 2 24 13
2934 5949 10.19149 0.03884 1.27973 2.22739 40 37 3 30 14
4771 7103 10.65832 3.09293 1.68509 1.24395 78 0 0 67 23
1537 6800 10.97155 3.13928 1.54995 1.74720 6 0 1 6 1
4736 7121 10.95820 3.11465 1.17026 1.12257 54 7 2 54 24
1012 4325 10.68182 0.02837 0.33622 1.40249 36 34 2 34 12
108 8610 10.49891 0.04796 0.26878 0.67202 28 26 1 21 17
5097 6852 11.69156 3.12546 2.01468 1.29694 15 0 0 7 7
5084 6894 10.58147 3.04418 1.15463 1.65895 24 9 0 19 9
3234 8402 11.47139 0.97493 0.53256 0.66676 29 18 10 20 11
1364 4931 11.87389 0.01883 0.37678 0.62558 59 55 3 49 33
546 3770 11.35102 0.04734 0.76109 0.87402 64 43 2 42 26
45 100 11.49053 0.02079 2.17917 0.60845 22 0 0 18 14
1637 6693 11.63501 2.20014 0.81832 1.19747 36 12 2 15 12
3168 8276 11.53381 0.07247 0.72792 0.93545 23 17 4 20 7
49 3414 11.75156 0.02822 1.88833 0.22206 39 0 0 31 24
1143 4551 10.01507 0.07036 0.49795 1.05684 112 99 10 107 75
3280 8398 11.13507 0.37005 0.83988 1.19518 50 33 2 50 27
102 3428 11.50927 0.05388 0.43987 0.62307 58 53 3 51 42
5010 6968 11.29138 2.95108 0.38677 1.49174 33 30 3 31 21
1213 7223 11.34054 1.90211 1.70958 1.01722 53 1 4 40 18
5048 6896 11.73193 2.63804 0.85160 2.21293 31 8 2 25 11
243 8697 10.88567 0.03663 0.44716 2.09667 108 97 11 97 67
4691 7164 11.27247 3.02844 1.78285 1.85962 100 2 16 94 49
3233 8398 10.80862 0.87012 0.28518 0.22728 32 28 3 30 20
880 4105 11.93766 0.04189 0.85145 2.20371 38 34 4 30 18
5994 8067 10.56765 1.58472 1.10585 2.60294 14 2 0 14 10
1213 4645 10.41249 0.08131 0.94793 1.92376 50 44 6 41 16
3279 8399 10.36215 0.33464 0.87293 1.98051 47 29 4 38 26
1215 4647 11.38444 0.07990 0.34372 1.05647 41 30 8 35 18
3200 8307 10.45604 0.16594 0.56188 1.54965 59 57 1 55 30
6037 7988 11.05039 3.13779 1.36431 3.50174 12 3 4 2 2
1624 5383 11.25008 0.02525 0.20747 1.18002 22 14 8 18 7
25 8585 10.74196 0.02857 2.38630 0.99780 15 0 0 15 9
1279 4835 10.99875 0.05521 2.85902 1.35393 40 7 22 16 13
5230 6759 11.88507 3.12304 0.89419 1.48464 17 8 3 12 6
1068 4364 11.00272 0.03437 0.30056 0.60974 66 65 1 66 49
8856 8910 10.38949 0.03636 0.79996 2.07037 128 103 2 125 55
3361 8501 10.24352 0.00476 0.35868 0.39664 43 32 7 36 20
3426 8620 11.04902 0.02550 0.24242 0.24228 45 43 1 42 28
981 4224 11.26091 0.41318 1.04502 2.59556 75 71 4 69 23
168 3467 10.54856 0.01504 0.66757 0.50668 93 83 4 83 70
5217 6790 11.76252 3.13150 3.21557 1.88886 4 0 0 2 2
5301 6767 11.10638 3.12139 0.51046 1.14466 17 12 1 14 9
532 3783 11.79261 0.01484 0.57900 0.19782 50 38 3 38 22
229 3516 11.83603 0.02063 0.88643 1.18399 108 102 3 106 57
5407 6672 11.61022 1.98239 1.73356 1.41000 44 9 20 24 6
105 3405 10.30328 0.02403 0.42031 1.11557 63 59 3 59 30
1250 7179 10.82512 3.00906 1.67032 0.84302 33 1 0 20 10
6134 7909 11.09334 3.13980 2.01625 0.58751 84 6 5 55 40
1538 6800 10.00986 3.13936 13.10441 25.14462 7 0 0 4 2
3233 8332 11.28283 0.19775 0.65322 1.82499 32 20 4 30 7
1250 7185 11.46706 2.97565 1.79065 0.55953 39 0 0 27 15
367 8881 11.25742 0.03415 0.64995 0.41965 55 44 6 48 32
8851 8903 10.87758 0.03191 0.68639 1.78136 122 101 6 114 62
7163 7227 11.30097 1.23672 0.77753 1.43586 85 78 6 79 63
1263 7139 11.60710 3.04318 1.85235 1.52931 57 2 0 40 15
1622 5377 10.00534 0.02559 0.41492 1.25772 36 25 5 34 18
1177 4562 11.54704 0.05295 0.52158 1.18729 45 38 3 42 28
3029 8133 10.50345 0.01303 0.53101 0.50358 34 28 2 28 20
1409 6925 10.24348 2.87217 1.02999 2.19695 26 7 2 22 9
2665 5613 10.83734 0.09575 0.46649 1.58856 21 17 1 19 11
1678 5403 10.94540 1.13851 1.29606 0.33572 20 1 1 13 7
5416 6678 11.92093 2.03890 0.89596 1.67958 47 39 2 35 15
2735 5688 10.25589 0.08270 0.62001 1.28877 27 19 7 20 9
1592 6749 10.57266 3.13709 2.97177 3.00843 16 2 0 9 8
1248 7191 10.42904 2.91139 1.89754 0.16313 41 0 0 39 12
1426 5071 11.44287 0.45463 0.87328 0.85455 49 31 10 38 23
192 8650 11.83438 0.01129 0.17376 0.49496 76 72 4 74 50
3047 8150 10.53539 0.03481 0.22366 1.14466 57 51 5 51 34
3469 8646 11.29900 0.00978 0.42448 0.37009 73 66 6 71 41
1213 4706 11.12573 0.09906 0.55192 2.51839 48 35 11 40 14
1099 4475 10.85715 0.05417 0.58526 0.22555 99 92 3 91 54
421 3656 11.26950 0.01192 0.37903 0.34150 204 200 4 192 159
662 3879 10.00162 0.02537 0.41872 0.48618 103 99 3 101 74
65 8585 10.74196 0.02857 1.43045 1.17437 15 4 0 13 6
869 4131 11.49482 0.00704 0.58855 0.45197 63 54 7 54 40
3261 8367 10.18055 0.90672 0.23894 1.22908 38 25 3 32 22
191 8676 10.85739 0.01627 0.33369 0.50046 79 68 9 75 40
537 3786 10.26905 0.01459 0.36490 0.37639 53 46 7 53 30
2942 6000 10.13712 1.02719 0.72636 1.17935 34 21 2 29 15
339 3582 11.07659 0.02189 0.45625 0.39466 141 132 3 132 112
4968 6996 11.42188 3.09670 2.01168 11.10793 9 1 0 6 6
2591 5585 11.46648 1.38067 0.65539 1.04642 31 28 3 17 15
976 4213 11.91001 0.44477 1.18307 2.20549 58 55 3 52 25
4910 7013 11.18828 2.99508 1.54832 1.75033 56 1 1 50 20
1655 6681 10.84117 1.78538 0.67229 0.94295 64 46 12 52 16
2958 8092 11.48210 0.04144 0.60237 1.70915 20 15 2 13 6
1132 4482 10.47787 0.07895 0.43825 0.32143 111 104 7 109 75
1408 5007 10.78992 0.08551 0.30818 0.94833 79 73 6 76 51
769 3981 10.28932 0.27680 0.61056 1.98977 26 16 1 20 8
1130 4476 11.33315 0.08089 0.34684 0.33220 115 109 5 111 81
2661 5639 10.78855 0.09797 0.35537 0.89087 31 24 3 23 20
1216 7187 11.86606 2.85067 2.60969 2.90124 73 0 0 57 30
4757 7150 10.35057 3.12753 1.54184 1.49515 53 0 0 46 14
3363 8531 10.02579 0.01563 0.46493 1.03098 51 42 5 43 22
1366 6980 11.22658 3.09564 1.36455 2.33582 31 0 0 29 15
322 8824 10.70421 0.05112 0.46141 0.40734 147 141 1 143 117
253 3533 10.07381 0.01522 0.41499 0.54608 91 87 2 74 66
1541 6820 11.95588 3.13107 15.45514 13.70798 5 0 0 1 1
3589 8857 11.26583 0.05082 0.44521 2.77559 136 132 3 129 69
1351 7022 10.63067 3.12180 1.63755 2.88025 51 0 0 45 25
1290 4812 10.21574 0.02344 0.54891 0.96429 92 29 32 90 28
7176 7230 11.12103 1.25418 0.53155 1.43258 72 63 8 67 44
2594 5597 11.45521 1.31962 1.53758 2.38212 29 12 4 18 9
2653 5634 11.79973 0.05114 14.82943 2.92998 9 2 0 6 7
3062 8165 11.55130 0.04840 0.82740 1.77145 26 24 0 20 9
4679 7225 11.35288 1.83809 1.43873 0.93545 78 10 2 55 38
4859 7081 11.68554 3.11619 1.91376 0.50745 49 0 0 44 13
3386 8531 10.75178 0.01039 0.14751 0.59083 72 65 4 59 39
1627 5326 11.75301 0.02710 0.30205 1.14671 18 13 3 14 6
6356 7620 10.42478 1.73005 0.56365 2.68000 30 6 0 22 15
4904 7044 11.76883 3.09693 1.81217 2.59073 115 10 0 98 33
1170 4608 11.71303 0.03794 0.75213 0.96185 34 21 5 22 14
1614 5367 10.98412 0.01304 0.44671 0.51738 31 26 2 31 12
3194 8343 11.41136 0.07426 1.27200 0.93920 31 10 1 25 11
3422 8616 11.77707 0.03243 0.48176 0.47888 49 43 2 44 34
7165 7229 11.66662 1.28931 0.41837 1.53799 41 30 10 41 21
914 4142 10.49397 0.00972 0.39386 0.52638 48 41 4 35 27
2901 5947 11.18402 0.03651 0.48728 2.08563 15 14 0 10 12
7162 7225 11.08314 1.16855 0.23658 0.86953 51 40 11 49 30
56 8547 11.75274 0.00574 2.21506 0.66910 79 0 0 68 42
5237 5295 11.24141 0.01397 0.18730 0.75899 9 7 2 9 6
2593 5582 11.56355 1.34431 0.93645 1.69212 18 8 3 14 11
6228 7812 11.51755 3.13286 5.43377 23.33768 7 0 0 1 0
3092 8196 11.34989 0.12846 0.45902 0.53522 21 18 1 15 11
755 4009 11.81708 0.12823 0.42320 1.91479 32 20 6 23 15
1224 4670 10.01207 0.05575 0.53050 0.61038 65 45 17 52 29
3605 8830 11.32970 0.06066 0.80058 3.41122 121 93 18 112 85
5382 6692 10.14992 2.20815 0.88434 1.11768 25 12 10 19 7
4758 7153 11.79342 3.11472 2.10960 1.64853 41 0 0 22 7
116 8583 10.99558 0.01661 0.55577 0.63980 36 27 1 26 20
1031 4314 10.09291 0.01767 0.16721 1.19812 29 25 2 29 17
3620 8883 11.31508 0.03541 1.13250 0.61485 107 17 12 99 79
3173 8280 11.97832 0.11593 0.54523 1.00639 49 35 3 39 24
4782 7130 10.77576 3.06593 2.05276 1.02259 50 0 0 38 19
1051 4371 10.37330 0.01401 0.16399 0.28804 93 89 4 85 67
991 4303 11.40733 0.34054 0.71954 0.57811 65 35 3 61 45
333 3578 10.01554 0.02137 0.52061 0.18767 150 147 0 142 134
