578 5020 11.43621 3.12303 1.05802 5.58047 15 1 0 6 9
136 5376 11.92129 3.12279 0.68656 0.87357 17 4 4 12 6
92 159 10.90026 0.22630 5.81925 6.12221 45 0 0 40 25
788 3842 10.74027 3.10179 2.32861 2.96729 21 0 0 13 5
3639 4606 10.30963 0.03521 0.30590 1.05127 82 46 14 71 48
644 4962 10.71149 3.05329 1.00611 1.89217 31 3 2 22 18
243 1953 11.63800 0.24712 0.55704 0.56232 65 23 19 59 43
3712 4655 11.93130 0.31879 0.32679 0.25334 18 9 3 16 11
2004 5259 11.67707 2.98746 3.28095 1.54788 15 0 0 7 4
2145 5124 10.08740 2.92687 1.31476 1.04005 20 0 0 20 6
1550 3198 11.41989 0.02848 0.54350 0.65551 71 26 16 69 53
2533 4712 11.80353 3.12994 1.06112 2.18265 24 1 0 19 10
833 2494 10.30965 0.05381 0.39616 0.31404 89 48 13 77 61
1007 2700 10.46347 0.00817 0.62606 0.35827 51 14 3 49 33
615 4004 10.56244 3.14075 9.15357 nan 21 1 2 5 2
1661 3312 11.31256 0.10250 11.31439 5.87310 52 2 1 37 38
403 2100 11.47804 0.09983 0.35724 1.03363 42 20 12 36 18
1534 3208 11.67620 0.03358 0.32035 0.41590 71 42 18 69 39
589 2288 10.95919 0.02587 0.34269 0.62432 63 30 17 58 47
550 5029 10.41016 3.09732 2.20838 2.24681 21 0 0 12 7
842 3783 11.93545 3.09398 1.13482 1.81984 13 0 0 13 3
2390 4890 11.60265 3.13811 1.82212 7.25204 8 0 0 0 0
743 4861 10.88555 3.13681 1.28754 1.66389 18 3 4 6 5
2261 4049 11.76058 3.13964 2.13180 0.58551 31 0 0 25 15
3813 4777 10.23002 0.03804 0.37601 0.12820 48 29 7 48 30
654 4922 10.28362 2.40536 0.92964 2.45511 69 0 0 51 11
582 2262 11.35520 0.02476 0.66819 0.68984 59 17 6 47 35
446 5121 10.31008 2.89163 1.09256 0.76566 37 0 1 33 12
2044 5244 10.66355 3.06308 0.66041 1.48517 38 3 7 32 12
1946 5329 11.74434 2.73203 1.81841 2.78080 16 0 0 14 11
976 2666 10.07307 0.03653 0.51535 0.29871 39 22 6 35 28
2489 4763 11.74640 3.07237 1.46660 1.86634 31 0 0 26 7
2104 5181 10.10429 3.05098 1.44331 3.35556 7 1 0 7 5
895 3724 11.70746 3.12927 0.97278 3.86513 17 0 0 13 10
438 2153 11.04805 0.07786 0.56745 0.48698 27 12 5 22 13
1000 2693 10.87926 0.02734 0.58499 0.86094 41 15 2 39 28
2282 4025 11.86480 3.13588 2.13912 1.91315 66 0 0 50 28
560 2244 10.34940 0.03513 0.60680 0.64650 38 10 7 22 16
675 3936 10.04436 2.55379 0.68106 2.41151 17 2 3 12 7
709 2368 10.67656 0.21330 0.44587 0.59215 27 11 4 27 12
2515 4752 11.43473 3.11735 0.86485 4.65034 9 0 0 5 4
3708 4652 11.12419 0.34071 0.48287 1.27626 29 17 5 25 15
356 2078 11.90709 0.05991 0.79520 1.12257 38 3 11 27 19
569 5026 10.00868 3.08333 1.69672 1.52803 29 0 0 24 12
674 2373 11.86279 0.45703 0.70398 1.72283 25 9 4 17 13
678 3930 11.71887 2.60869 1.55510 1.92641 9 0 0 6 5
2382 3936 10.91116 3.11171 1.03020 2.03432 26 2 0 24 7
925 2581 11.68842 0.04156 0.35221 1.59741 20 9 2 18 12
2572 4686 10.71264 3.08337 0.83749 1.88159 6 0 1 6 3
97 5378 11.99398 3.12519 6.79296 8.53069 23 0 0 18 8
1947 5320 11.05873 2.74457 1.05440 1.74159 33 0 1 33 20
610 4970 11.35571 3.12428 1.69307 2.35684 29 0 1 17 11
2340 3950 11.63911 2.28591 1.51033 2.02835 52 0 1 45 26
4168 5099 11.64545 0.61028 0.47888 1.45212 40 6 5 40 22
4058 5007 10.84930 0.01445 0.13646 0.85134 57 33 5 47 36
2174 5107 10.02640 3.08997 1.05735 1.86718 21 6 1 17 9
544 4094 10.20710 3.12869 1.35240 3.41650 9 0 0 9 5
437 5144 11.77698 3.00304 0.73117 1.86970 16 0 2 8 6
2493 4778 11.12138 3.11368 1.18688 1.78685 42 0 1 32 18
2427 3891 11.61145 3.12966 0.83488 1.93775 56 2 6 53 30
2355 3931 11.53232 2.54781 0.58852 2.60639 13 2 2 11 9
650 3998 11.78803 2.91330 1.10709 1.67211 17 0 0 11 7
1680 3388 11.48121 0.97328 0.77090 1.89589 93 26 4 84 57
841 3785 11.07551 3.09259 1.39178 1.22844 26 0 0 21 13
2172 5113 11.52031 3.11062 0.86291 0.70221 27 4 2 20 11
2250 4062 11.78848 3.13045 2.03236 2.19125 9 0 0 4 5
2526 3783 10.31615 3.13565 0.84696 1.77034 18 2 0 18 10
778 2458 10.79463 0.02716 0.43203 0.44057 27 15 6 23 18
3596 4535 10.11508 0.09803 0.34346 1.26610 81 56 8 79 55
429 5150 10.65522 3.00195 0.73663 1.10783 36 4 0 34 24
2182 5092 11.76291 3.12019 1.40462 2.19535 14 0 0 10 6
2076 5190 11.97962 3.03250 14.66131 173.74919 12 0 0 9 3
4171 5108 11.75264 0.77976 0.62804 1.47140 31 11 1 27 17
2416 3900 10.24818 3.13990 1.07661 1.94118 27 5 0 21 11
3596 4561 10.82686 0.02832 0.65019 1.64068 57 21 10 53 23
663 4948 11.21786 2.65241 0.74894 3.46690 22 2 2 18 7
196 5351 11.16528 3.07223 1.22724 1.60034 31 4 1 26 12
1638 3280 11.84708 0.02932 0.46074 0.45542 54 27 16 54 42
2234 4100 10.59321 3.11914 1.21156 3.89863 10 1 1 4 3
3714 4658 11.05753 0.25151 0.64088 0.80551 18 6 0 12 8
1453 3101 10.51488 0.01896 8.91493 3.16644 14 0 0 9 6
613 4006 10.80174 3.13620 1.32047 1.44184 41 0 0 35 13
459 2172 10.93767 0.20373 0.38446 0.51129 55 33 6 51 33
674 3972 10.94729 2.84530 0.59059 3.46148 11 7 0 9 8
587 2287 11.72779 0.02617 1.55024 1.14671 36 0 5 19 15
206 1926 11.39087 0.56721 0.92027 0.75796 93 24 22 91 54
3876 4847 11.90419 0.00792 0.74336 0.54321 83 18 14 81 44
940 4629 11.60252 2.19801 0.52154 1.18035 57 20 8 43 27
531 2236 10.44393 0.01136 0.44303 1.21627 36 17 3 30 24
2332 4928 10.44883 2.51728 0.95603 2.54837 60 10 4 54 26
617 2316 10.64289 0.00780 0.59861 0.45456 30 12 3 20 15
4128 5070 11.75155 0.05453 0.18716 1.14398 12 9 1 12 7
4115 5059 11.25828 0.00781 0.72926 0.66500 17 6 2 15 11
2490 3826 10.80704 3.12297 0.72006 1.88886 48 3 4 42 18
687 2341 11.94929 0.71080 0.33434 1.12431 31 14 10 29 20
2070 5218 10.22833 3.08474 0.98346 1.45697 35 2 1 21 9
942 4632 11.85576 2.23617 0.24189 0.89962 43 19 8 35 18
461 4174 11.06802 2.00171 0.68758 1.43477 48 2 8 44 17
4071 5039 11.58759 0.05218 0.59367 0.97036 13 6 4 10 8
697 4909 11.46042 3.11627 4.39220 178.54896 4 0 0 1 2
592 4028 10.66870 3.12096 1.71227 1.96742 80 0 0 72 53
1553 3201 11.06317 0.02811 0.45388 0.56510 60 27 20 53 36
4153 5107 11.61201 0.35407 0.53908 1.45911 23 8 4 23 12
566 5013 10.95632 3.09711 1.56088 1.11627 20 0 0 17 12
677 2374 11.17772 0.39846 0.80381 1.04867 23 3 10 14 14
2430 4847 10.06805 3.12970 0.74366 1.74001 108 9 13 100 23
1021 2697 10.74601 0.00637 0.54854 0.65730 55 15 7 51 37
762 4843 10.68134 3.12868 0.55915 1.83973 104 33 9 98 61
697 3948 11.22365 3.10169 0.62286 1.99822 13 2 0 3 6
347 2069 10.25467 0.05346 0.25989 0.40348 51 18 17 39 22
639 2343 11.23128 0.59822 0.70553 1.30266 63 9 19 58 42
2577 3702 11.56777 2.89834 0.54117 0.93503 15 3 2 13 5
757 2420 10.30308 0.00808 0.35908 0.36584 90 66 15 88 53
761 4824 11.60918 3.12781 1.02338 2.92476 71 1 3 65 30
310 2037 11.00547 0.08125 0.99405 0.99229 34 7 3 26 13
1431 3074 11.13807 0.30732 0.42653 1.07374 15 6 4 8 9
905 4667 10.86729 3.05894 1.17680 3.03886 14 0 0 9 3
137 5378 11.90650 3.09767 0.46748 1.73077 18 3 1 15 11
4047 4996 11.62425 0.02259 0.26964 1.60815 59 35 6 48 38
2135 5132 10.26642 3.00705 1.34283 0.43611 41 0 0 34 21
2277 4031 11.83600 3.13328 1.75174 2.17619 44 0 0 33 20
468 4159 11.03084 2.53441 1.52374 1.05721 56 1 4 46 15
1480 3131 11.43637 0.03320 0.55863 0.26393 77 36 28 77 49
2214 4103 10.80985 3.08739 1.83841 3.47863 35 0 0 31 17
4160 5108 10.66491 0.48043 0.48656 1.48517 56 34 1 56 42
3718 4684 10.02011 0.03842 0.82586 1.47538 32 10 5 28 22
634 4945 11.14350 2.87061 1.11517 2.64723 27 1 1 23 9
788 4816 10.05842 3.11728 0.50404 2.60925 23 8 2 12 6
8 159 10.90026 0.22630 5.48766 6.18802 46 0 0 43 34
486 5098 10.34994 3.03570 0.82693 2.02275 25 8 0 25 10
2177 5097 11.62230 3.06622 1.21900 2.10840 34 1 0 34 18
494 4157 11.60848 2.97025 0.42969 1.48569 16 4 2 11 6
2357 4893 10.46996 2.60736 1.04184 0.79525 34 1 0 34 19
1613 3255 11.98887 0.02737 0.70683 0.75589 41 5 18 36 21
734 3888 11.81277 3.12974 1.07792 1.51284 35 1 0 22 13
257 5284 11.46593 2.95364 1.33123 1.30566 38 0 0 34 22
692 2349 10.51250 0.52118 0.45794 1.25741 22 9 3 22 14
2563 3720 11.41264 3.13139 1.18291 1.96244 21 0 1 18 9
824 3804 11.44454 3.07048 1.56261 3.89008 22 0 0 7 6
2182 4176 10.18623 2.29928 0.82080 2.19303 35 8 2 29 13
3705 4674 11.76040 0.23167 0.69355 1.09647 13 4 2 11 6
2195 4152 11.36919 3.03954 1.73055 1.90413 8 1 3 6 3
940 4638 10.44231 2.35295 0.43488 1.57421 43 14 9 31 16
634 3981 11.78940 2.81591 1.64140 2.52708 17 0 0 13 5
1 161 11.92404 0.22584 5.57344 6.11504 19 0 0 16 14
1457 3136 11.46753 0.06903 0.56999 0.88559 51 21 11 44 30
2541 3748 10.85111 3.07535 1.21221 0.95121 39 0 0 39 27
906 4666 10.64531 3.03913 0.98931 3.12474 21 0 0 19 13
1626 3269 10.47484 0.02782 0.53569 0.47724 59 24 16 57 32
2422 4856 10.96830 3.13239 0.40182 1.63662 30 4 13 26 8
153 5375 11.47355 2.95406 0.28166 1.07046 42 23 5 23 20
670 2369 11.19629 0.49906 0.73282 0.91514 17 3 2 6 5
3733 4679 10.39465 0.03934 0.14883 0.57811 36 29 4 34 28
1396 3081 11.00135 0.55455 0.58714 0.37115 56 16 15 54 31
3958 4939 10.66157 0.69696 0.61994 0.48133 73 12 27 65 34
2529 3762 10.92583 3.09764 1.41468 2.26797 50 0 0 46 37
796 4809 11.59035 3.10642 0.88903 2.00428 21 1 0 16 7
461 4184 11.81846 1.68117 0.76540 1.70410 38 7 14 33 13
541 2226 11.49723 0.02005 0.32691 0.85592 15 10 0 8 10
802 4802 10.86504 3.10626 0.51726 1.27595 28 4 4 26 15
700 3945 11.49248 3.11606 0.38303 1.90043 14 8 1 9 9
3652 4597 10.41791 0.03204 0.51066 1.69350 41 14 4 38 22
1295 2970 11.17072 0.01139 0.42755 0.39958 34 22 4 28 26
179 5351 10.79003 3.06699 1.85930 1.99469 28 0 0 21 7
1054 2731 11.99553 0.00913 0.43078 0.56093 37 16 9 35 16
3658 4603 10.67150 0.02717 0.33222 0.90005 73 44 3 69 55
400 2118 10.44191 0.16050 0.79800 0.29208 37 9 3 31 21
2347 4944 11.84810 2.67898 0.36897 2.49371 13 1 1 13 6
2308 4957 11.53459 3.08270 1.41678 2.12302 42 4 1 38 13
1053 2731 10.83645 0.01043 0.27566 0.57130 57 36 9 55 37
887 3752 10.21932 3.08382 0.64663 1.82778 44 12 2 40 20
1477 3128 11.03882 0.01932 0.65775 0.21670 67 22 15 61 29
313 5258 10.32121 3.10810 1.29393 2.49057 17 3 1 13 12
3677 4623 10.12217 0.15192 0.33920 0.76821 45 26 9 41 29
2572 4687 11.84642 3.08366 18.02535 176.67999 6 0 0 0 1
314 2018 10.77043 0.08374 0.22546 0.79328 48 30 10 39 23
817 4786 11.00763 3.09832 0.67114 1.60839 35 6 3 31 18
1949 5317 10.78087 2.75912 0.87876 1.81013 41 0 0 39 18
1389 3031 11.51288 0.55584 0.34356 0.87043 110 38 19 104 69
5426 5536 10.62562 0.00675 0.59763 0.37639 49 18 9 47 34
723 3920 11.65564 3.13268 2.07666 2.17367 24 3 5 13 10
1285 2934 11.92193 0.01450 0.50246 0.54751 90 48 8 88 51
600 2277 11.91047 0.01061 0.46810 0.94128 64 26 25 64 42
618 2292 11.68035 0.01462 0.68173 1.36974 33 12 9 29 12
224 1937 11.76984 0.37191 0.44782 0.29342 65 28 24 63 39
270 5294 10.66483 3.11474 0.36808 0.87760 28 12 0 17 13
944 3672 11.28042 2.26879 0.70077 1.23575 53 22 10 38 24
656 4955 11.70043 2.78651 0.35073 2.36976 22 7 2 16 6
667 4904 11.18733 2.38016 0.79344 1.65800 18 2 0 18 10
2438 3861 11.49946 3.13012 1.66567 2.98610 41 0 0 36 8
2043 5246 11.85717 3.05463 0.63601 1.32589 45 2 9 28 16
409 2105 11.49739 0.10281 0.72572 0.90914 30 11 9 30 16
684 2338 11.82251 0.76163 0.28053 0.91343 45 18 12 31 25
1993 5270 11.50930 2.92640 1.12472 1.99174 32 1 2 30 11
1439 3119 11.31318 0.05056 0.85591 0.98039 17 4 3 11 7
539 4100 11.09622 3.12502 19.25361 179.05044 7 0 0 1 2
2353 4932 10.61107 2.91770 0.60102 1.70134 22 4 1 13 9
677 3969 11.13485 2.89401 0.42171 2.64042 18 1 1 14 5
3651 4621 11.06482 0.03315 0.58106 1.87263 36 5 2 32 11
590 4992 10.14524 3.12284 1.11635 2.22669 58 1 7 47 24
