0.01646 0.04928 0.00225
0.02154 0.05776 0.02760
0.01509 0.03495 0.02046
0.01564 0.03315 0.00708
0.01836 0.03032 0.00989
0.01662 0.02788 0.00338
0.01485 0.03417 0.00396
0.01328 0.03674 0.00409
0.01495 0.03132 0.01966
0.01590 0.03529 0.00872
0.01298 0.02715 0.01741
0.01906 0.05222 0.00303
0.01212 0.02618 0.01542
0.01320 0.03198 0.01176
0.01587 0.03583 0.02405
0.01069 0.02566 0.00265
0.01605 0.04230 0.01860
0.01198 0.03430 0.01099
0.01880 0.04954 0.01987
0.01295 0.02791 0.00200
0.01600 0.04847 0.00896
0.02373 0.04147 0.01981
0.01473 0.02635 0.00496
0.01784 0.02987 0.00418
0.01370 0.02965 0.02163
0.01274 0.03726 0.00785
0.01981 0.03403 0.00740
0.01318 0.03508 0.00836
0.01524 0.03636 0.01034
0.01214 0.03436 0.00217
0.01977 0.03738 0.01853
0.01362 0.02633 0.01100
0.01340 0.02951 0.00801
0.01311 0.03671 0.01912
0.01696 0.04514 0.00571
0.01129 0.03016 0.01588
0.01758 0.04524 0.01499
0.01657 0.03543 0.00590
0.01348 0.04649 0.01850
0.01867 0.03427 0.00950
0.02095 0.04105 0.01846
0.01170 0.02846 0.02242
0.01684 0.04612 0.02190
0.01295 0.03850 0.01991
0.01643 0.02885 0.01857
0.01555 0.03614 0.01494
0.02054 0.03785 0.01991
0.02436 0.03601 0.00504
0.01144 0.02896 0.00542
0.01680 0.02995 0.00472
0.02109 0.03497 0.01882
0.01906 0.05579 0.02028
0.01379 0.03021 0.02660
0.01521 0.03351 0.00695
0.01332 0.02689 0.01548
0.01296 0.02680 0.01897
0.01091 0.02799 0.01926
0.01362 0.03176 0.00280
0.01929 0.03219 0.01634
0.01679 0.03330 0.00663
0.02415 0.05551 0.01987
0.01053 0.02820 0.01894
0.01694 0.04828 0.00157
0.02420 0.05546 0.02479
0.01930 0.03244 0.01421
0.02281 0.05387 0.00460
0.02001 0.03585 0.02335
0.01702 0.03275 0.01066
0.01476 0.03389 0.00591
0.01453 0.03161 0.00099
0.01784 0.03387 0.01505
0.01421 0.02939 0.02730
0.01532 0.03679 0.01873
0.01154 0.02893 0.00633
0.01153 0.02862 0.01902
0.01624 0.03541 0.00536
0.01128 0.03147 0.00516
0.01719 0.03167 0.03495
0.01898 0.03150 0.01924
0.01434 0.03104 0.01033
0.01497 0.02788 0.02223
0.01531 0.04162 0.02219
0.01389 0.03129 0.00436
0.01615 0.03092 0.01676
0.01970 0.05379 0.02160
0.01153 0.03164 0.00833
0.01801 0.04073 0.00768
0.01656 0.04398 0.00756
0.01848 0.04576 0.01298
0.01570 0.03233 0.01859
0.02027 0.04754 0.02016
0.01471 0.02993 0.00272
0.01205 0.02763 0.00358
0.01094 0.02569 0.01847
0.01303 0.02857 0.00210
0.02622 0.05223 0.00747
0.01398 0.03661 0.01902
0.01466 0.03018 0.01588
0.02129 0.03839 0.01997
0.01449 0.03339 0.00754
0.01391 0.04293 0.00606
0.01411 0.03226 0.01148
0.01101 0.01804 0.01090
0.01499 0.03030 0.00063
0.01951 0.03440 0.01688
0.01143 0.02843 0.00833
0.01693 0.03222 0.02222
0.01630 0.04171 0.01554
0.01623 0.03107 0.01444
0.02265 0.05046 0.01693
0.01605 0.03007 0.02164
0.01742 0.03819 0.01853
0.01499 0.03145 0.01877
0.01858 0.05203 0.00727
0.01235 0.03136 0.00285
0.02158 0.03785 0.01717
0.01692 0.04077 0.01564
0.01911 0.05375 0.01879
0.01547 0.02557 0.01096
0.01454 0.03407 0.01973
0.02434 0.04607 0.01837
0.01690 0.03812 0.00786
0.01338 0.02110 0.01912
0.01153 0.03158 0.00905
0.01630 0.02837 0.01888
0.01474 0.03249 0.01837
0.01220 0.03349 0.00160
0.01927 0.05133 0.01117
0.01849 0.03457 0.01039
0.01474 0.01849 0.01699
0.01631 0.04765 0.01535
0.00798 0.01657 0.00429
0.02248 0.05116 0.02111
0.01862 0.02995 0.02831
0.01525 0.03795 0.02038
0.01256 0.02793 0.01322
0.01735 0.03857 0.00786
0.01706 0.03555 0.01577
0.01471 0.03202 0.01795
0.00998 0.01917 0.00881
0.01468 0.02962 0.01082
0.02052 0.04679 0.01474
0.01884 0.04389 0.01985
0.01623 0.02588 0.00843
0.02231 0.02812 0.00795
0.01392 0.02765 0.00842
0.02590 0.04541 0.04715
0.02046 0.03576 0.01692
0.01855 0.04704 0.02080
0.01930 0.03324 0.02820
0.01697 0.03508 0.01901
0.01857 0.03058 0.01767
0.01905 0.03182 0.01371
0.01473 0.02257 0.00433
0.01711 0.04878 0.01583
0.02906 0.05437 0.00852
0.01823 0.03372 0.01251
0.01627 0.02380 0.01886
0.01580 0.04271 0.01096
0.01714 0.03478 0.00587
0.02010 0.03410 0.01851
0.01880 0.04181 0.02356
0.02665 0.03876 0.02189
0.01712 0.05579 0.02192
0.02011 0.04139 0.01916
0.01384 0.02183 0.00104
0.01055 0.01911 0.02233
0.01505 0.04984 0.01468
0.01950 0.04172 0.01849
0.01713 0.06209 0.01424
0.01172 0.03406 0.00886
0.02052 0.02898 0.01848
0.01443 0.03402 0.00566
0.01637 0.04583 0.02699
0.01421 0.03630 0.00625
0.01837 0.02888 0.00426
0.01646 0.03377 0.01868
0.01302 0.03087 0.00941
0.01901 0.04167 0.00748
0.01525 0.03373 0.00799
0.01635 0.04711 0.00092
0.02124 0.04383 0.01934
0.01550 0.04161 0.00936
0.01800 0.03324 0.00524
0.01192 0.02305 0.01864
0.01834 0.03385 0.02309
0.01692 0.04813 0.01845
0.01749 0.03188 0.00900
0.02168 0.04972 0.01028
0.01943 0.03974 0.02251
0.01522 0.02615 0.00105
0.03193 0.05219 0.00262
0.01205 0.02866 0.01852
0.01875 0.03600 0.00267
0.01230 0.03106 0.00506
0.01522 0.03442 0.00869
0.01900 0.05435 0.01938
0.01891 0.03259 0.01292
0.01876 0.03142 0.00780
0.02218 0.04308 0.02172
