2608 2879 10.34603 0.00507 7.54974 1.45266 96 0 0 85 79 276 100.00000 0
10335 10462 10.03247 0.02840 11.03841 2.21647 31 0 0 14 19 328 100.00000 0
467 5176 10.98905 0.00820 9.06400 7.92142 8 0 0 4 2 126 100.00000 0
2621 3421 10.49943 0.00616 10.31183 3.95260 26 0 0 12 19 235 100.00000 0
2622 3287 10.50040 0.00555 9.10514 0.35166 16 0 0 11 12 170 100.00000 0
2903 7301 11.21096 0.01277 11.00974 2.86266 32 0 0 19 14 227 100.00000 0
871 5394 11.75400 0.01364 7.05815 0.78534 14 0 0 4 4 219 100.00000 0
2593 2678 11.01334 0.00400 13.68795 1.66976 54 0 0 24 26 251 100.00000 0
2623 3175 10.14935 0.00507 26.98100 0.28667 55 0 0 15 24 338 100.00000 0
2616 3023 11.40075 0.00559 4.50367 0.63118 43 0 0 37 35 283 100.00000 0
2611 2943 11.75371 0.00569 6.53783 1.37998 71 0 0 50 56 300 100.00000 0
2169 6917 11.55061 0.03021 12.30465 1.38931 49 0 0 45 32 959 100.00000 0
3452 7324 10.46743 0.00854 10.23681 0.48537 22 0 0 22 14 208 100.00000 0
1903 6683 11.91269 0.02960 15.61157 0.42704 32 0 0 30 22 641 100.00000 0
2622 3111 10.50040 0.00555 6.87949 20.52715 42 0 0 20 27 299 100.00000 0
2963 7302 10.35164 0.01278 11.78224 1.15148 22 0 0 12 12 149 100.00000 0
2624 3429 10.14860 0.00533 11.23417 2.30817 34 0 0 19 17 262 100.00000 0
3339 3534 11.89772 0.00899 10.28174 1.01259 19 0 0 17 14 176 100.00000 0
3133 3530 10.10154 0.00994 9.77010 5.96121 25 0 0 8 19 160 100.00000 0
2790 3512 10.84755 0.00766 10.54462 3.19132 31 0 0 17 19 252 100.00000 0
2609 2902 11.90940 0.00507 6.94919 0.74494 80 0 0 65 64 304 100.00000 0
2592 2797 11.55707 0.00483 25.53519 0.26688 20 0 0 6 7 197 100.00000 0
3629 7591 10.13326 0.47270 2.27845 1.69628 11 0 0 6 4 85 100.00000 0
2789 3515 11.35806 0.00770 10.72682 2.18283 56 0 0 47 41 310 100.00000 0
3007 7303 10.00207 0.01284 11.78798 1.43640 16 0 0 9 7 170 100.00000 0
2622 3435 10.50040 0.00555 11.81531 4.10990 44 0 0 36 35 268 100.00000 0
5050 9762 11.54718 0.04783 3.30661 2.74067 20 0 0 4 2 427 100.00000 0
4276 8892 11.50177 0.00639 11.23367 0.56510 165 0 0 163 153 855 100.00000 0
851 5644 11.00640 0.00616 6.28182 5.57759 13 0 0 9 5 248 100.00000 0
3527 7334 10.33072 0.01258 8.06432 3.28098 9 0 0 7 6 111 100.00000 0
3630 8094 10.84035 0.50281 21.24104 31.39379 10 0 0 4 5 82 100.00000 0
3631 8111 11.39162 0.53306 10.56640 30.54235 5 0 0 0 2 48 100.00000 0
1124 5901 11.51007 0.01466 9.87706 1.06753 32 0 0 28 27 197 100.00000 0
3268 3530 10.10154 0.00994 22.84202 0.56371 21 0 0 4 12 177 100.00000 0
3328 3533 11.35089 0.00962 15.87634 4.91630 14 0 0 10 8 174 100.00000 0
2594 2728 10.85770 0.00365 25.06014 0.18767 60 0 0 28 34 248 100.00000 0
2617 3356 11.39920 0.00640 9.73871 2.14594 29 0 0 21 23 311 100.00000 0
3363 3531 10.64505 0.01036 10.77063 1.28877 13 0 0 13 10 164 100.00000 0
2773 7297 10.00458 0.00907 11.69179 0.38257 30 0 0 28 23 212 100.00000 0
2616 7313 11.35910 0.00582 11.76905 4.27398 39 0 0 35 31 263 100.00000 0
10334 10431 10.53211 0.02975 12.80229 23.27918 50 0 0 24 32 432 100.00000 0
7398 7786 10.66289 0.01038 2.45654 0.38765 7 0 0 4 3 90 100.00000 0
2006 6780 11.09054 0.01489 7.41281 0.31027 47 0 0 45 37 955 100.00000 0
3631 7995 11.39162 0.53306 2.38942 1.73911 7 0 0 3 5 49 100.00000 0
2619 3027 11.04744 0.00711 5.13201 8.23383 45 0 0 18 31 279 100.00000 0
976 5735 11.25070 0.00908 10.69370 5.74679 21 0 0 21 17 129 100.00000 0
2713 7296 11.05562 0.00871 12.89428 1.25803 42 0 0 40 35 293 100.00000 0
2623 3132 10.14935 0.00507 26.40259 0.28667 55 0 4 15 17 313 100.00000 0
883 5674 11.05002 0.21303 3.33159 26.51306 13 0 0 1 1 153 100.00000 0
2661 3510 10.29797 0.00829 11.65533 3.03603 50 0 0 20 27 280 100.00000 0
2645 3509 11.35484 0.00789 13.27341 0.45284 29 0 0 8 10 242 100.00000 0
2614 3436 11.94936 0.00614 8.83505 0.33688 43 0 0 34 31 300 100.00000 0
5685 9843 11.94565 0.55264 15.82337 31.66422 8 0 0 1 1 145 100.00000 0
2616 3340 11.40075 0.00559 8.75831 0.55178 33 0 0 31 22 325 100.00000 0
467 5339 10.98905 0.00820 9.65700 2.72390 15 0 0 12 8 182 100.00000 0
3573 7345 10.85946 0.01122 11.49531 0.99701 19 0 0 10 8 143 100.00000 0
2653 3516 11.90222 0.00796 9.38854 2.18373 46 0 0 44 39 268 100.00000 0
8006 8248 11.85529 0.46580 4.42306 26.68836 11 0 0 3 5 65 100.00000 0
2596 2788 10.30982 0.00316 12.74822 5.24075 88 0 0 23 51 332 100.00000 0
3629 7518 10.13326 0.47270 2.62586 1.63686 8 0 0 5 4 47 100.00000 0
10335 10402 10.03035 0.02833 9.85461 1.62245 45 0 0 11 18 438 100.00000 0
10332 10423 11.54721 0.03155 10.76913 7.30165 57 0 0 54 39 464 100.00000 0
2614 3299 11.94936 0.00614 8.77265 2.45925 57 0 0 37 44 324 100.00000 0
1310 6113 10.55476 0.00778 8.15599 0.44587 11 0 0 3 1 188 100.00000 0
5296 5642 11.50407 0.00450 9.14350 9.69221 13 0 0 7 6 227 100.00000 0
2615 3235 11.75153 0.00590 11.71926 4.32065 38 0 0 27 30 252 100.00000 0
2724 3511 10.65191 0.00813 23.85983 0.47147 30 0 0 19 10 298 100.00000 0
2944 3530 10.99819 0.01010 10.92710 2.21982 14 0 0 10 8 109 100.00000 0
1098 5871 10.25913 0.02268 10.46014 4.56952 23 0 0 21 15 334 100.00000 0
3629 7508 10.13326 0.47270 3.63218 3.62115 7 0 0 2 2 76 100.00000 0
269 4914 10.50215 0.00218 12.98965 0.06853 49 0 1 29 32 614 100.00000 0
2594 2837 10.85512 0.00362 24.54056 0.19383 58 0 0 31 34 223 100.00000 0
2614 3337 11.94936 0.00614 30.73880 0.35936 51 0 0 12 20 297 100.00000 0
1528 6331 11.32901 0.01105 8.28327 2.57405 26 0 0 15 17 501 100.00000 0
3136 7324 10.46316 0.00917 8.60610 0.66676 21 0 0 10 14 176 100.00000 0
3720 8345 10.30047 0.00770 11.94929 12.81943 21 0 0 5 11 207 100.00000 0
3966 8565 10.79995 0.00959 10.49048 0.50358 34 0 0 29 22 449 100.00000 0
7395 7789 11.91205 0.01091 18.50772 17.15582 4 0 0 0 1 50 100.00000 0
2624 3473 10.84936 0.00578 7.79019 1.38423 31 0 0 26 23 226 100.00000 0
2743 7318 11.52442 0.01092 14.98868 0.63735 22 0 0 22 20 197 100.00000 0
2624 3368 10.14860 0.00533 10.44134 0.30390 33 0 0 25 24 278 100.00000 0
1800 6574 10.36030 nan 9.53604 3.69904 43 0 0 39 32 709 100.00000 0
3558 7329 11.75382 0.00345 11.29354 0.52115 27 0 0 27 21 179 100.00000 0
3242 7302 11.25182 0.01280 8.70061 1.52264 23 0 0 9 13 203 100.00000 0
2601 2870 11.36221 0.00478 10.42958 1.36487 78 0 0 46 60 262 100.00000 0
2659 3509 10.10594 0.00837 12.09920 8.98096 42 0 0 16 27 275 100.00000 0
2703 3516 11.55116 0.00778 29.05663 0.43969 50 0 0 21 32 258 100.00000 0
2623 3333 10.14935 0.00507 11.30281 3.18075 41 0 0 18 29 324 100.00000 0
2614 3409 11.94936 0.00614 8.78621 0.80211 59 0 0 57 47 332 100.00000 0
2618 3012 11.04822 0.00697 24.75886 0.40056 54 0 0 8 16 309 100.00000 0
465 5499 11.73588 0.00933 16.17533 0.53814 10 0 0 6 5 172 100.00000 0
2625 3160 10.14779 0.00580 5.89323 18.23620 46 0 1 33 39 292 100.00000 0
2900 7302 10.00040 0.01261 10.28193 4.21529 24 0 0 9 11 175 100.00000 0
