0.08637 0.09433 0.02159
0.08191 0.11313 0.01106
0.06993 0.08374 0.03625
0.04706 0.08402 0.04289
0.04513 0.07690 0.03463
0.06795 0.08573 0.00425
0.06664 0.10315 0.00321
0.08203 0.10747 0.01781
0.04530 0.07735 0.03200
0.08783 0.11887 0.02120
0.07397 0.09442 0.00153
0.06537 0.10966 0.01139
0.09071 0.13172 0.02019
0.04420 0.07614 0.03341
0.06071 0.07493 0.04649
0.04371 0.07467 0.03228
0.04882 0.08491 0.01761
0.04652 0.08789 0.02760
0.06808 0.10061 0.02072
0.06277 0.10766 0.01876
0.05389 0.06016 0.01104
0.04713 0.08405 0.01975
0.07145 0.11160 0.00297
0.08461 0.12816 0.01640
0.04571 0.08395 0.03398
0.04446 0.07621 0.03483
0.07643 0.11786 0.02468
0.06021 0.09430 0.01978
0.04458 0.08437 0.02392
0.04515 0.07880 0.04103
0.06794 0.09897 0.02100
0.07283 0.10450 0.01052
0.06958 0.10841 0.00759
0.06257 0.09422 0.01854
0.07850 0.10840 0.00330
0.06697 0.10938 0.02703
0.06146 0.10740 0.01845
0.06904 0.11325 0.01917
0.06142 0.10424 0.00370
0.04427 0.08528 0.03309
0.04425 0.07691 0.04294
0.07950 0.11629 0.01355
0.06789 0.10290 0.00773
0.11445 0.11432 0.00411
0.05545 0.06601 0.01850
0.04664 0.08618 0.01417
0.05972 0.08560 0.02578
0.05516 0.07891 0.01209
0.06997 0.09833 0.01311
0.07364 0.13669 0.02656
0.06145 0.10714 0.01186
0.06266 0.10440 0.01906
0.06715 0.11508 0.02366
0.04467 0.07720 0.03715
0.06698 0.07667 0.03966
0.06342 0.11022 0.01888
0.06286 0.11015 0.00937
0.05860 0.08507 0.02547
0.06240 0.10475 0.00473
0.06133 0.11510 0.01979
0.04653 0.07897 0.07072
0.06787 0.10891 0.02950
0.08673 0.12493 0.01916
0.08059 0.12128 0.01592
0.08027 0.12448 0.01895
0.08186 0.12987 0.00747
0.07895 0.12492 0.01919
0.04532 0.07729 0.05237
0.04561 0.07708 0.02383
0.04894 0.07740 0.02862
0.07201 0.10009 0.02149
0.07454 0.11458 0.01952
0.05558 0.08398 0.00245
0.04625 0.08526 0.02154
0.04499 0.08498 0.04611
0.07801 0.11371 0.00399
0.04568 0.07597 0.02057
0.07968 0.11216 0.00302
0.05873 0.10413 0.02139
0.06521 0.10620 0.01025
0.04557 0.07543 0.02124
0.08063 0.11016 0.01446
0.05924 0.06245 0.02502
0.04579 0.07782 0.02072
0.09564 0.11328 0.01917
0.05599 0.08959 0.01179
0.04683 0.08622 0.05420
0.07413 0.12228 0.00723
0.05598 0.09437 0.02244
0.06065 0.08017 0.00469
0.08472 0.09510 0.01298
0.06149 0.10301 0.01562
0.08287 0.12785 0.00801
0.04654 0.08411 0.03354
0.08348 0.13356 0.02664
0.05511 0.08221 0.01922
0.04348 0.08513 0.02092
0.05603 0.08666 0.01240
0.04816 0.07732 0.01834
0.05710 0.08440 0.03531
0.04711 0.06912 0.00504
0.08111 0.11654 0.01452
0.07464 0.10942 0.01958
0.04462 0.08338 0.02401
0.05768 0.08338 0.02198
0.06079 0.08431 0.02916
0.06636 0.11337 0.02040
0.05831 0.10492 0.01478
0.06633 0.10102 0.00290
0.05978 0.10168 0.00232
0.06772 0.11582 0.01002
0.04603 0.06219 0.00883
0.08078 0.12902 0.00814
0.06963 0.13914 0.01768
0.07664 0.11216 0.02052
0.04508 0.07847 0.04083
0.08035 0.12496 0.00352
0.08550 0.13169 0.02437
0.05904 0.09460 0.01631
0.05454 0.09244 0.00816
0.06979 0.07878 0.06148
0.08640 0.12676 0.01999
0.04758 0.08709 0.03474
0.04654 0.08369 0.03691
0.04271 0.08610 0.01544
0.04661 0.08603 0.05218
0.06282 0.10511 0.02154
0.04777 0.07957 0.06086
0.06634 0.10432 0.00504
0.06939 0.11173 0.00953
0.09371 0.10482 0.00453
0.06782 0.11033 0.01928
0.06549 0.10191 0.00186
0.07290 0.12028 0.01980
0.06268 0.10951 0.01895
0.06698 0.10115 0.00231
0.04620 0.07863 0.02217
0.08886 0.13209 0.02197
0.06159 0.10816 0.00490
0.05404 0.08083 0.01908
0.04603 0.07981 0.03378
0.04780 0.08820 0.05305
0.08118 0.12814 0.01987
0.06669 0.10700 0.02225
0.05830 0.10741 0.02823
0.08150 0.12127 0.00712
0.04457 0.08662 0.01390
0.04578 0.08309 0.03907
0.08210 0.14226 0.03323
0.06009 0.10144 0.00494
0.05781 0.10618 0.02110
0.04548 0.07722 0.03814
0.04685 0.08482 0.02297
0.05847 0.09266 0.00283
0.07669 0.10108 0.01451
0.07187 0.11793 0.01183
0.05493 0.09046 0.00540
0.07158 0.09802 0.02627
0.04679 0.09197 0.03025
0.06892 0.10996 0.01062
0.04765 0.09183 0.02495
0.04301 0.08919 0.00697
0.07561 0.11235 0.01988
0.04521 0.07465 0.03824
0.04322 0.08621 0.04819
0.07165 0.11875 0.01089
0.07201 0.13420 0.01908
0.07946 0.12358 0.00656
0.08692 0.13358 0.02071
0.07747 0.11478 0.00544
0.08473 0.12444 0.02071
0.07135 0.11627 0.01816
0.04516 0.07880 0.04506
0.04429 0.07869 0.05012
0.08493 0.11436 0.00401
0.07250 0.11876 0.00242
0.05494 0.07557 0.04295
0.06511 0.10804 0.02699
0.04634 0.08336 0.01333
0.04529 0.07964 0.03970
0.04576 0.08656 0.02308
0.04415 0.07485 0.02527
0.06939 0.10025 0.01908
0.04291 0.08657 0.02099
0.08486 0.10408 0.00712
0.06782 0.10391 0.03301
0.04283 0.08444 0.03610
0.05745 0.11513 0.00677
0.09253 0.11462 0.02121
0.04513 0.08248 0.08685
0.06716 0.11163 0.00907
0.04621 0.07750 0.02910
0.04516 0.07574 0.03062
0.06784 0.09743 0.02037
0.05137 0.08450 0.01249
0.04665 0.08788 0.03228
0.05905 0.10742 0.02038
0.04690 0.06734 0.02129
0.05365 0.07672 0.01785
0.05892 0.08435 0.02186
