5988 8036 10.63461 2.17040 0.59357 2.57466 25 11 3 15 9 161 100.00000 0
1414 5052 10.33247 0.36931 0.47124 0.49416 64 58 5 54 38 388 100.00000 0
5077 6904 10.86195 3.00305 0.75553 2.48317 25 9 5 23 11 165 100.00000 0
5152 6832 10.06994 3.13832 1.87568 1.86739 23 4 1 18 17 114 100.00000 0
1383 4966 10.28066 0.07490 0.39505 0.79328 36 22 8 31 13 238 100.00000 0
5412 6699 10.68882 2.38054 0.84209 1.67468 34 15 4 26 11 305 100.00000 0
283 8736 11.53186 0.06029 0.44704 0.24389 69 62 2 55 37 341 100.00000 0
1444 5046 10.90901 0.33415 0.44116 0.90569 50 42 3 46 22 356 100.00000 0
5416 6686 11.19655 2.12976 1.34016 1.24584 33 18 0 21 8 271 100.00000 0
568 3789 11.33644 0.02823 0.32244 1.53977 46 46 0 44 15 328 100.00000 0
4743 7181 10.95530 2.92613 1.64738 1.04380 28 3 1 24 12 269 100.00000 0
551 3799 10.99034 0.03162 0.58493 1.20950 51 36 10 41 33 356 100.00000 0
451 3708 11.51139 0.00466 0.28904 0.36904 30 25 2 17 14 185 100.00000 0
1481 5085 11.31140 0.16682 0.44271 1.45266 72 47 3 70 45 360 100.00000 0
1602 5348 11.99639 0.01276 0.53107 1.07228 9 6 1 5 3 60 100.00000 0
6308 7718 11.32889 3.08737 1.21966 2.00643 22 14 0 18 10 157 100.00000 0
4678 7207 11.63310 2.48294 1.64736 2.53544 51 0 1 40 13 366 100.00000 0
39 8586 11.48626 0.03120 1.79907 0.79525 14 0 0 8 8 89 100.00000 0
1378 4993 10.70005 0.01567 0.36248 0.71107 49 39 5 36 29 279 100.00000 0
1555 5205 10.74876 0.00984 0.90513 2.07339 26 19 4 11 7 120 100.00000 0
1082 4433 11.63277 0.06594 0.23180 0.97959 36 34 1 36 20 337 100.00000 0
342 8893 11.77738 0.01828 0.80738 0.73966 65 38 2 53 42 318 100.00000 0
6031 8030 10.30772 3.13107 0.76904 3.85478 22 15 5 16 11 83 100.00000 0
3300 8461 11.51975 0.00966 0.25054 0.56232 51 49 2 47 37 245 100.00000 0
3309 8438 11.77066 0.01154 0.31943 1.16432 29 23 4 29 18 180 100.00000 0
787 4003 11.50998 0.01277 0.81762 0.99032 9 4 3 9 5 100 100.00000 0
570 3792 10.40776 0.02981 0.22627 1.71372 67 59 8 63 47 345 100.00000 0
1524 5135 11.01220 0.00244 1.27212 3.12650 70 66 0 53 48 164 100.00000 0
797 4017 10.74661 0.01164 0.50410 0.78084 26 19 7 20 9 136 100.00000 0
2948 6004 10.19878 1.18354 1.51867 1.35682 13 1 0 4 4 116 100.00000 0
5390 6681 11.48172 2.06655 0.07121 1.58782 33 19 12 24 10 292 100.00000 0
2963 8097 10.74930 0.02549 0.33181 1.36286 16 13 1 11 4 148 100.00000 0
1587 5217 10.75116 0.01148 0.34287 0.29208 62 59 1 58 28 330 100.00000 0
2916 5965 10.05853 0.09146 0.83773 2.11933 37 33 2 25 17 258 100.00000 0
6310 7717 11.61955 3.08949 0.99005 1.69443 15 10 0 10 7 156 100.00000 0
3625 8929 10.11312 0.03816 0.61264 0.82139 107 75 16 92 87 460 100.00000 0
336 8867 11.13984 0.02555 0.71400 1.40945 89 83 1 85 52 367 100.00000 0
1414 5015 11.07950 0.08558 0.34111 0.50435 93 88 5 91 58 393 100.00000 0
737 3942 10.32301 0.84648 1.07069 1.63279 84 55 4 76 56 319 100.00000 0
1482 6872 10.04486 3.12266 1.94708 1.90393 68 16 3 66 29 344 100.00000 0
128 3419 11.74596 0.01835 0.62140 0.57946 50 40 4 40 32 211 100.00000 0
1100 4418 10.65491 0.05900 0.45255 0.52265 61 46 12 55 31 550 100.00000 0
1495 5102 10.99809 0.02144 0.33939 1.00132 18 10 5 10 6 265 100.00000 0
941 4172 10.52709 0.02551 0.45932 1.34930 38 31 5 34 26 246 100.00000 0
2698 5646 11.29122 0.15585 0.80235 3.68833 20 14 0 11 7 153 100.00000 0
504 3733 10.98126 0.01194 0.31153 0.67782 72 71 1 66 53 323 100.00000 0
3277 8396 10.19108 0.42275 0.91145 1.55771 53 33 2 37 31 211 100.00000 0
1522 5132 11.52055 0.00711 0.39578 0.38052 46 43 2 37 31 188 100.00000 0
1449 6912 11.35509 2.89181 1.31802 3.12023 35 5 5 27 11 250 100.00000 0
1237 7135 10.41648 3.08859 1.34757 1.09432 51 5 2 41 20 336 100.00000 0
3223 8324 11.32034 0.02473 0.68995 1.09361 28 16 6 24 12 187 100.00000 0
2934 5949 10.19149 0.03884 0.52581 2.23160 31 24 4 21 13 211 100.00000 0
1537 6800 10.97155 3.13928 1.35584 2.26607 8 0 1 1 1 84 100.00000 0
4736 7121 10.95820 3.11465 0.95756 1.48990 48 11 6 36 15 432 100.00000 0
1012 4325 10.68182 0.02837 0.33366 1.47777 30 27 3 27 13 196 100.00000 0
108 8610 10.49891 0.04796 0.35744 0.83369 50 48 1 46 36 172 100.00000 0
5097 6852 11.69156 3.12546 1.19348 0.80308 21 2 0 15 8 245 100.00000 0
5084 6894 10.58147 3.04418 0.46849 1.44618 11 9 2 8 7 100 100.00000 0
3234 8402 11.47139 0.97493 1.03602 0.76413 35 22 7 21 14 187 100.00000 0
1364 4931 11.87389 0.01883 0.51184 0.64710 41 35 4 29 20 294 100.00000 0
546 3770 11.35102 0.04734 0.66751 0.88293 40 34 2 36 19 333 100.00000 0
1637 6693 11.63501 2.20014 0.59160 1.27718 24 7 4 21 4 175 100.00000 0
3168 8276 11.53381 0.07247 0.20376 0.74546 22 18 4 19 13 131 100.00000 0
49 3414 11.75156 0.02822 1.49430 0.72739 18 0 0 16 8 98 100.00000 0
1143 4551 10.01507 0.07036 0.54879 1.34465 154 107 10 148 112 605 100.00000 0
3280 8398 11.13507 0.37005 0.72448 1.74630 39 26 1 36 19 210 100.00000 0
102 3428 11.50927 0.05388 0.25667 0.58950 74 70 4 64 47 252 100.00000 0
5010 6968 11.29138 2.95108 0.80918 2.17529 32 24 1 27 21 167 100.00000 0
1213 7223 11.34054 1.90211 1.58099 1.02221 49 2 0 42 10 399 100.00000 0
5048 6896 11.73193 2.63804 0.75278 2.31156 22 4 0 16 8 142 100.00000 0
243 8697 10.88567 0.03663 0.54569 2.09667 101 88 13 95 64 381 100.00000 0
4691 7164 11.27247 3.02844 1.43771 1.56773 53 1 0 32 24 359 100.00000 0
3233 8398 10.80862 0.87012 0.58984 0.47970 34 19 5 15 12 225 100.00000 0
880 4105 11.93766 0.04189 0.83567 2.15395 46 42 2 41 16 311 100.00000 0
5994 8067 10.56765 1.58472 0.55909 2.54991 12 5 3 12 6 113 100.00000 0
1213 4645 10.41249 0.08131 0.20741 1.92742 46 28 18 38 12 403 100.00000 0
3279 8399 10.36215 0.33464 0.82931 1.45293 48 34 2 39 29 221 100.00000 0
1215 4647 11.38444 0.07990 0.81729 1.09361 38 26 9 34 15 385 100.00000 0
3200 8307 10.45604 0.16594 0.34132 1.53340 49 48 1 45 31 282 100.00000 0
6037 7988 11.05039 3.13779 1.08625 3.48110 9 3 2 3 2 108 100.00000 0
1624 5383 11.25008 0.02525 0.41939 1.15250 28 22 5 23 14 158 100.00000 0
25 8585 10.74196 0.02857 1.52496 4.20803 8 0 0 3 3 67 100.00000 0
1279 4835 10.99875 0.05521 0.45358 1.20366 34 25 8 30 18 366 100.00000 0
5230 6759 11.88507 3.12304 0.68366 1.46500 30 10 8 22 12 204 100.00000 0
1068 4364 11.00272 0.03437 0.33218 0.51510 56 47 9 50 28 366 100.00000 0
8856 8910 10.38949 0.03636 0.91039 2.07320 86 74 7 83 40 384 100.00000 0
3361 8501 10.24352 0.00476 0.34331 0.66441 36 29 2 31 20 287 100.00000 0
3426 8620 11.04902 0.02550 0.60998 0.75796 30 25 1 21 18 176 100.00000 0
981 4224 11.26091 0.41318 1.09287 2.56537 96 89 5 85 28 473 100.00000 0
168 3467 10.54856 0.01504 0.49823 0.11191 59 50 3 57 38 267 100.00000 0
5301 6767 11.10638 3.12139 1.20726 1.09253 3 0 0 3 1 33 100.00000 0
532 3783 11.79261 0.01484 0.56839 0.14537 38 25 5 30 17 320 100.00000 0
229 3516 11.83603 0.02063 0.92027 1.18366 88 86 1 77 50 356 100.00000 0
5407 6672 11.61022 1.98239 1.00531 1.49724 28 5 9 22 11 297 100.00000 0
105 3405 10.30328 0.02403 0.70133 1.10287 48 44 4 40 21 171 100.00000 0
1250 7179 10.82512 3.00906 1.26829 0.20174 27 4 0 23 14 281 100.00000 0
6134 7909 11.09334 3.13980 1.90683 0.50590 110 2 2 95 58 490 100.00000 0
1538 6800 10.00986 3.13936 1.38483 1.96722 13 0 0 9 3 106 100.00000 0
3233 8332 11.28283 0.19775 0.48714 1.90926 35 15 5 29 11 209 100.00000 0
1250 7185 11.46706 2.97565 1.82671 0.38563 39 0 0 37 19 302 100.00000 0
367 8881 11.25742 0.03415 0.96154 1.61810 42 24 8 34 23 338 100.00000 0
8851 8903 10.87758 0.03191 0.34757 1.85118 103 87 10 97 39 442 100.00000 0
7163 7227 11.30097 1.23672 0.73968 1.64948 63 56 4 61 41 260 100.00000 0
1263 7139 11.60710 3.04318 1.68580 1.18201 35 1 0 27 11 354 100.00000 0
1622 5377 10.00534 0.02559 0.42963 1.30566 28 26 2 25 20 113 100.00000 0
1177 4562 11.54704 0.05295 0.64311 1.21370 35 26 4 27 17 294 100.00000 0
3029 8133 10.50345 0.01303 0.35938 0.49732 40 31 7 31 18 352 100.00000 0
1409 6925 10.24348 2.87217 0.90600 2.25655 31 3 1 23 10 261 100.00000 0
2665 5613 10.83734 0.09575 0.23336 1.13470 15 9 4 8 5 152 100.00000 0
1678 5403 10.94540 1.13851 1.11821 0.44146 17 1 1 12 8 195 100.00000 0
5416 6678 11.92093 2.03890 0.67028 1.75212 31 6 8 13 7 302 100.00000 0
2735 5688 10.25589 0.08270 0.34400 1.31522 17 13 2 8 8 147 100.00000 0
1592 6749 10.57266 3.13709 1.99134 2.32541 17 1 1 7 4 126 100.00000 0
1248 7191 10.42904 2.91139 1.66755 0.22206 73 0 0 66 35 362 100.00000 0
1426 5071 11.44287 0.45463 0.70917 0.65252 41 21 8 22 11 268 100.00000 0
192 8650 11.83438 0.01129 0.69293 0.50590 45 37 8 43 25 242 100.00000 0
3047 8150 10.53539 0.03481 0.48891 1.17303 45 38 4 41 32 283 100.00000 0
3469 8646 11.29900 0.00978 0.29971 0.38359 53 49 2 51 31 235 100.00000 0
1213 4706 11.12573 0.09906 0.54800 2.51684 48 26 17 41 19 484 100.00000 0
1099 4475 10.85715 0.05417 0.28866 0.21670 70 64 6 70 43 415 100.00000 0
421 3656 11.26950 0.01192 0.35857 0.29074 181 176 5 169 127 526 100.00000 0
662 3879 10.00162 0.02537 0.55756 0.64407 49 34 7 46 22 397 100.00000 0
65 8585 10.74196 0.02857 1.01259 0.54823 23 15 0 21 15 102 100.00000 0
869 4131 11.49482 0.00704 0.31064 0.30001 51 49 2 47 29 301 100.00000 0
3261 8367 10.18055 0.90672 0.40815 1.12848 57 42 4 50 28 254 100.00000 0
191 8676 10.85739 0.01627 0.30093 0.49258 75 69 5 73 48 333 100.00000 0
537 3786 10.26905 0.01459 0.36044 0.43879 59 51 8 53 33 354 100.00000 0
2942 6000 10.13712 1.02719 0.63784 1.42079 29 19 1 23 16 147 100.00000 0
339 3582 11.07659 0.02189 0.51199 0.31775 107 102 5 103 73 397 100.00000 0
4968 6996 11.42188 3.09670 1.14740 2.46116 29 3 1 24 20 157 100.00000 0
2591 5585 11.46648 1.38067 0.96480 1.10358 30 20 3 22 16 164 100.00000 0
976 4213 11.91001 0.44477 1.06408 2.21647 72 64 7 68 36 374 100.00000 0
4910 7013 11.18828 2.99508 1.44118 1.92478 51 1 4 44 17 615 100.00000 0
1655 6681 10.84117 1.78538 1.37018 0.99819 57 16 35 53 17 387 100.00000 0
2958 8092 11.48210 0.04144 0.62896 1.40528 10 7 1 4 3 114 100.00000 0
1132 4482 10.47787 0.07895 0.37568 0.26834 109 92 17 107 55 559 100.00000 0
1408 5007 10.78992 0.08551 0.13061 1.08822 55 52 2 44 30 410 100.00000 0
769 3981 10.28932 0.27680 0.70761 2.33599 28 10 8 23 10 207 100.00000 0
1130 4476 11.33315 0.08089 0.72126 0.31652 87 68 13 72 43 455 100.00000 0
2661 5639 10.78855 0.09797 0.87491 1.11943 13 10 1 7 5 70 100.00000 0
4757 7150 10.35057 3.12753 1.64344 1.91193 52 3 0 38 22 391 100.00000 0
3363 8531 10.02579 0.01563 0.11082 0.76361 52 46 6 50 29 258 100.00000 0
1366 6980 11.22658 3.09564 1.71552 1.05127 25 0 0 23 9 192 100.00000 0
322 8824 10.70421 0.05112 0.37585 0.45885 75 68 4 72 53 404 100.00000 0
253 3533 10.07381 0.01522 0.44146 0.43160 90 86 4 83 58 354 100.00000 0
3589 8857 11.26583 0.05082 0.52400 2.77276 158 152 1 152 98 534 100.00000 0
1351 7022 10.63067 3.12180 1.73572 2.99748 45 0 0 35 19 390 100.00000 0
1290 4812 10.21574 0.02344 1.11417 0.82709 58 27 10 55 19 564 100.00000 0
7176 7230 11.12103 1.25418 0.59467 2.05671 65 36 3 47 39 276 100.00000 0
2594 5597 11.45521 1.31962 1.41932 2.03702 26 14 3 20 12 92 100.00000 0
2653 5634 11.79973 0.05114 0.63995 1.78882 14 5 1 7 7 90 100.00000 0
3062 8165 11.55130 0.04840 0.59772 1.83141 23 18 2 16 13 243 100.00000 0
4679 7225 11.35288 1.83809 1.94654 0.27695 78 1 0 74 45 386 100.00000 0
4859 7081 11.68554 3.11619 1.94002 0.65252 37 0 0 37 12 387 100.00000 0
3386 8531 10.75178 0.01039 0.24550 0.50124 49 43 3 39 22 266 100.00000 0
1627 5326 11.75301 0.02710 0.52986 3.18481 13 7 1 4 6 82 100.00000 0
6356 7620 10.42478 1.73005 0.23576 2.28293 31 25 0 26 20 148 100.00000 0
4904 7044 11.76883 3.09693 1.79559 2.50593 127 4 0 111 54 622 100.00000 0
1170 4608 11.71303 0.03794 0.50841 0.66617 33 23 3 21 18 345 100.00000 0
1614 5367 10.98412 0.01304 1.79833 0.45628 23 10 12 23 10 222 100.00000 0
3194 8343 11.41136 0.07426 0.56788 0.92366 39 32 5 37 24 238 100.00000 0
3422 8616 11.77707 0.03243 0.62391 0.93041 26 15 3 20 11 103 100.00000 0
7165 7229 11.66662 1.28931 0.60260 1.49253 36 19 9 25 12 183 100.00000 0
914 4142 10.49397 0.00972 0.34357 0.54823 37 33 4 32 20 215 100.00000 0
2901 5947 11.18402 0.03651 0.46729 2.08093 24 20 2 16 7 157 100.00000 0
7162 7225 11.08314 1.16855 0.46785 0.94128 48 46 2 46 27 229 100.00000 0
56 8547 11.75274 0.00574 1.89909 1.18894 34 0 0 28 18 255 100.00000 0
5237 5295 11.24141 0.01397 1.47479 1.02755 13 6 3 13 3 82 100.00000 0
2593 5582 11.56355 1.34431 0.30568 0.59807 32 25 6 28 15 166 100.00000 0
3092 8196 11.34989 0.12846 0.86924 0.49258 19 12 1 16 8 161 100.00000 0
755 4009 11.81708 0.12823 0.62973 1.55545 30 23 3 26 20 145 100.00000 0
1224 4670 10.01207 0.05575 0.52189 1.52880 70 47 11 60 44 512 100.00000 0
3605 8830 11.32970 0.06066 1.06022 3.40559 91 50 11 87 59 394 100.00000 0
5382 6692 10.14992 2.20815 1.30623 1.66225 19 8 3 14 4 119 100.00000 0
4758 7153 11.79342 3.11472 1.79486 1.36602 37 1 1 26 20 186 100.00000 0
116 8583 10.99558 0.01661 0.27509 0.95121 39 38 1 34 22 165 100.00000 0
1031 4314 10.09291 0.01767 0.26405 1.04978 34 30 4 28 19 232 100.00000 0
3620 8883 11.31508 0.03541 1.06375 0.48779 118 23 18 99 92 456 100.00000 0
3173 8280 11.97832 0.11593 0.44618 0.91898 33 26 2 29 20 212 100.00000 0
4782 7130 10.77576 3.06593 1.96178 2.13717 31 2 1 21 14 382 100.00000 0
1051 4371 10.37330 0.01401 0.31655 0.13122 61 55 4 54 40 396 100.00000 0
991 4303 11.40733 0.34054 0.55552 0.61102 86 61 4 73 56 410 100.00000 0
333 3578 10.01554 0.02137 0.56103 0.30001 89 77 4 79 64 351 100.00000 0
