115 1547 10.74453 1.81495 0.25477 4.35082 179 40 25 177 115
2449 3377 11.51103 1.06393 0.16263 2.54837 55 9 11 55 35
371 2423 11.23183 1.47320 0.15567 1.70180 146 35 39 146 80
578 3561 10.68366 1.14106 0.09807 1.48990 236 74 50 236 194
525 3499 10.48394 0.06692 0.11330 0.73489 71 6 8 61 38
2334 3288 10.21449 0.60180 0.09661 1.77740 116 41 15 116 94
391 2423 11.78355 1.43327 0.78471 3.25052 133 30 40 133 62
1403 3556 10.73074 2.22336 0.15794 0.91000 193 58 21 193 155
15 4449 11.54991 0.30032 0.10000 1.00210 105 23 20 101 64
591 1415 10.97019 3.09723 0.07954 0.74965 92 23 19 92 66
595 1404 10.35491 2.30808 0.22228 1.13643 292 92 26 292 237
444 3427 10.04481 0.90278 0.07729 1.18564 141 57 24 141 103
523 3550 11.45851 1.08776 0.05295 2.49434 91 20 11 89 65
595 1405 10.42108 2.35133 0.17193 1.14261 263 77 27 263 196
1386 3550 10.00667 2.22747 0.12399 1.39774 176 59 16 176 145
2335 3263 10.68921 1.68586 0.16421 2.77671 186 70 32 186 132
572 1420 10.90436 1.95009 0.40951 1.56448 58 12 8 58 36
410 3398 10.06667 0.08351 0.10855 2.62614 159 35 36 159 95
595 1408 10.75489 2.49652 0.16420 0.54393 166 28 12 166 141
858 3768 10.49101 0.04389 0.25448 2.18463 103 30 23 103 66
571 1421 11.45938 1.88885 0.04401 1.48068 83 26 14 81 57
547 3502 10.88783 0.11507 0.17414 1.40333 64 16 4 52 41
413 3441 10.15621 1.24783 0.70960 4.49013 172 62 49 170 77
83 4512 11.02520 0.03714 9.02997 2.12688 62 0 0 50 43
551 3501 11.73357 0.11499 0.19707 1.69881 61 14 6 57 41
158 1616 11.69931 0.12112 0.11191 0.89744 74 10 14 74 48
754 3668 10.93412 1.51079 0.33451 2.03682 128 31 30 128 67
532 3553 10.10113 1.22467 0.02216 2.19802 224 66 68 220 166
556 1407 11.72521 2.51256 0.13068 1.30866 97 28 8 97 77
428 2456 10.19883 1.06349 0.64683 4.82158 97 18 44 97 43
2464 3402 11.17440 0.09188 0.26287 2.38589 151 32 51 146 101
544 3557 11.21174 1.41059 0.05944 1.63590 119 32 28 116 86
2455 3388 11.07632 0.61450 0.28682 2.69936 66 12 14 64 36
5 4431 10.81164 0.89906 0.18060 2.77897 263 77 64 263 149
447 3464 11.48221 0.02016 0.17750 1.12431 47 9 14 43 26
1540 4534 11.82773 3.13185 0.31992 3.93482 46 5 14 44 18
395 3377 11.00395 1.18611 0.17465 2.84840 55 14 9 55 28
717 3679 11.35865 0.62154 0.44943 2.79624 127 16 29 127 76
2328 3273 10.71687 1.61371 0.46529 3.08642 72 14 10 70 51
428 3408 11.76796 1.05132 0.29952 4.27764 86 4 27 78 35
378 3364 11.72483 1.59149 0.15493 1.83120 62 11 7 49 33
786 3713 10.60311 0.03818 0.06017 0.82091 110 30 17 110 72
749 3662 11.42045 1.29293 0.33289 2.58437 100 26 22 100 53
417 3446 11.29783 1.13541 0.09461 2.17187 122 34 22 118 73
2466 3407 10.19850 0.06239 0.21963 3.49715 208 71 70 208 97
92 1565 10.98516 1.94637 0.17044 1.25865 133 58 33 131 105
958 3841 10.50947 1.13182 0.08021 0.37325 136 33 36 134 94
915 3836 10.34230 0.02788 0.09033 0.69661 129 26 44 127 103
666 3624 11.09642 0.00355 11.68036 1.14192 234 0 0 227 188
1416 3551 11.15230 3.09194 0.12646 0.61929 93 21 18 93 80
562 1406 11.63728 2.56523 0.14868 1.35566 79 10 14 73 53
678 3616 11.85252 0.00666 11.72041 1.15961 160 0 0 129 114
419 2452 10.01915 0.50459 0.11898 1.49646 173 55 44 170 140
877 3784 11.97781 0.06473 0.14153 0.67027 85 25 9 85 67
751 3666 10.34155 1.39535 0.36613 2.69820 222 76 72 222 98
391 3369 11.88995 1.48783 0.72262 3.14958 140 17 39 140 64
516 580 11.61045 0.55335 0.13595 2.11044 30 4 5 28 18
475 3464 11.97015 0.01877 0.15238 0.42058 70 14 5 66 54
148 1576 11.63775 0.08388 0.20234 2.05481 31 1 7 21 17
1408 3554 10.14746 2.55443 0.16309 0.30261 174 41 18 172 141
667 3607 11.56704 0.01346 11.84294 0.83743 154 0 0 148 129
131 4532 10.50841 1.54555 0.13132 1.04155 132 16 11 130 98
405 3389 11.91620 0.55190 0.11888 3.46871 87 24 13 84 46
125 4540 10.85627 1.44683 0.42870 1.91275 166 23 8 164 121
684 3621 11.86790 0.01961 0.14082 1.11276 123 41 28 121 96
102 4520 11.13582 0.32612 0.15625 1.00949 113 18 24 111 75
2432 3403 10.70970 0.94258 0.45846 2.59314 64 20 13 64 38
511 3528 11.00628 0.18681 0.17311 2.09891 64 3 4 43 35
826 3745 11.94841 0.05989 0.09749 0.80503 47 6 9 43 27
471 3461 11.28026 0.02688 0.20274 1.06275 91 26 18 83 58
194 1619 11.49547 0.08180 0.13441 0.21850 66 8 13 62 35
541 3503 10.04788 0.11372 0.13354 1.23986 91 20 6 85 65
18 4453 11.70835 0.16095 14.04021 9.22190 99 0 0 51 63
1399 3532 11.38021 2.97869 0.13973 0.71382 69 31 6 67 48
772 3695 11.96207 0.07969 0.14071 1.97437 135 44 11 135 97
576 1389 11.68375 3.02322 0.13440 0.54823 87 14 13 87 76
518 3542 10.83686 0.61577 0.04171 1.97556 99 26 16 97 68
2439 3364 11.02399 0.96576 0.36601 3.41982 162 38 33 158 71
412 3442 10.95368 1.31661 0.34951 4.75077 99 17 30 99 40
569 1407 10.30924 2.58635 0.14759 1.71532 119 38 15 117 92
439 3459 11.71112 0.04273 5.16144 2.44681 47 1 1 38 28
874 3782 11.16013 0.05782 0.08116 0.41496 130 30 29 127 89
132 4537 11.66718 1.54946 0.28504 2.03798 91 7 3 89 53
597 1402 11.24369 2.15792 0.15617 1.31671 211 52 22 207 164
2452 3428 11.20538 0.70663 0.20057 3.11985 65 8 19 60 31
425 2479 11.64363 0.88348 0.58458 5.82746 85 29 15 85 43
1388 3542 10.64649 2.75023 0.19202 1.48438 143 50 25 143 111
492 3499 10.18538 0.04577 0.10150 2.44040 56 15 12 47 35
659 3601 10.89804 0.02354 13.55961 1.42079 109 0 0 109 80
2379 3312 11.17297 0.02863 0.16469 0.61866 112 21 30 110 78
219 1633 10.33262 1.44979 0.14959 0.62994 181 68 28 175 158
582 1383 11.27619 2.64342 0.16925 2.01013 120 24 22 118 87
2388 3344 11.19975 0.02217 10.06915 1.27103 48 1 0 48 35
1410 3527 10.31118 2.41201 0.19048 1.86215 160 43 16 156 113
737 3657 10.15225 0.52011 0.10831 2.07660 115 24 25 113 65
2469 3445 11.11509 1.54966 1.41475 6.12266 62 16 5 60 19
429 2479 11.43009 1.10903 0.44619 4.96341 132 42 47 130 87
7 4432 11.96482 0.87808 0.13976 2.37306 158 34 39 148 89
381 3364 11.64073 1.58401 0.07960 1.64187 86 22 13 84 48
149 1578 11.24811 0.07916 0.07903 1.80385 42 9 6 31 22
213 1630 10.02511 1.19971 0.21133 0.56648 134 36 33 134 100
681 3636 10.07453 0.02479 0.13295 1.61834 94 12 14 94 52
727 3693 11.66185 1.53192 0.31491 2.68365 150 40 32 150 68
564 3557 10.75864 1.39588 0.17719 1.54282 206 58 57 202 159
1398 3535 10.94358 3.08101 0.05141 0.90957 113 40 20 113 89
213 1649 11.10205 1.46747 0.17458 1.33472 208 45 56 208 149
510 565 11.20023 0.14017 0.22920 2.78291 34 5 4 29 25
421 3447 10.49148 0.91149 0.18084 0.82851 95 18 24 93 67
542 595 10.21960 1.32607 0.07169 1.81445 157 40 34 155 115
509 563 11.52826 0.13012 12.19089 7.45519 25 5 1 23 19
598 3532 10.25474 1.26658 0.28127 1.89052 311 117 55 306 242
740 3700 10.65723 1.01638 0.08773 1.06422 118 44 29 118 84
2449 3380 10.40104 0.92095 0.13367 2.10487 133 27 40 133 92
736 3656 10.57821 0.46328 0.14955 1.69165 131 22 25 129 66
702 3658 11.19489 0.03453 0.03397 0.42796 154 50 39 152 121
405 2442 10.16858 0.40647 0.13292 2.97822 146 26 30 144 86
2436 3360 11.51892 0.82616 0.08305 1.64711 143 62 22 128 85
2447 3373 11.76464 1.16633 0.21353 2.34017 45 6 10 41 19
515 576 10.93095 0.36941 0.16875 2.45862 38 7 3 27 15
521 586 11.14252 0.89090 0.10339 2.30851 64 7 16 60 43
714 3644 11.58707 0.01470 0.13771 0.46478 205 48 61 199 137
125 1551 10.88796 1.29487 0.11183 1.92336 164 28 13 162 114
2359 3280 11.60974 0.91132 0.16837 1.87430 93 22 16 91 69
593 3518 10.65518 1.28173 0.07540 2.89327 182 38 28 180 114
546 3557 11.21914 1.41025 0.11003 1.61786 153 40 31 147 108
97 1552 11.90716 2.58595 0.35248 2.46275 84 24 11 79 57
90 1564 11.94260 2.02168 0.17643 1.11978 122 33 29 122 88
392 2424 11.74396 1.40119 0.76960 3.21187 113 26 27 107 44
601 3538 10.76442 1.13034 0.15900 1.22844 231 72 39 229 198
945 3855 10.68365 0.34359 0.18623 0.53449 52 9 8 50 36
503 3487 10.36291 0.04223 0.14901 2.06961 58 12 10 58 42
405 3433 10.01999 1.05772 0.25791 4.99395 173 63 45 173 88
2342 3260 11.49206 1.57446 0.09758 3.02090 120 23 21 114 73
2473 3443 10.71559 1.51622 1.63771 5.10837 148 17 37 148 51
396 2431 10.60505 1.07662 0.25191 2.89651 119 24 21 116 77
800 3726 10.08626 0.02419 0.16690 0.33572 176 41 48 171 124
741 3657 11.69153 0.75466 0.27970 2.83462 55 7 14 53 26
603 3541 11.22881 1.01205 0.16382 1.81488 134 46 24 130 97
564 1409 10.85084 2.42396 0.14002 1.68214 139 35 25 135 99
106 4540 10.55858 0.55062 0.15449 1.52264 196 59 38 190 143
551 1411 11.18623 2.29926 0.07484 1.59618 124 32 20 121 94
91 1562 11.53892 2.13203 0.17789 1.43913 130 47 22 130 90
400 3383 11.69340 0.89346 0.15140 2.97861 174 31 50 174 115
539 1417 11.51541 1.94865 0.04668 1.71760 89 36 14 86 65
818 3739 11.86804 0.05403 0.14686 0.74178 52 4 3 41 31
1578 4537 11.65490 1.63819 0.25906 1.60059 85 15 12 81 57
741 3702 11.61325 0.95157 0.06523 1.10038 133 45 23 133 106
743 3701 10.10380 0.82626 0.09787 1.67818 187 69 40 187 135
495 3480 11.73798 0.02048 3.49301 5.15655 45 0 0 35 33
26 4463 11.34854 0.02353 0.04341 0.83930 149 40 36 145 108
588 1378 11.81548 2.20251 0.17559 1.07629 63 14 16 63 49
566 1403 11.69155 2.72289 0.23825 1.41250 58 15 13 56 40
698 3653 10.73586 0.02149 0.12094 0.31027 143 23 42 141 89
2432 3404 11.20678 0.95801 0.35566 2.69370 119 42 22 119 82
590 1382 10.80670 2.13124 0.13534 1.50402 171 63 25 169 139
595 3519 11.19941 1.36407 0.09977 2.78502 193 58 37 188 111
12 4445 11.12199 0.44621 0.23770 1.09860 128 23 9 124 97
619 3565 10.61115 0.01832 0.11356 0.99426 123 30 31 121 96
1385 3554 10.85013 1.97478 0.14211 1.12813 196 42 39 194 149
621 3587 10.80721 0.01343 0.07013 0.19979 125 28 12 115 91
1575 4529 10.71214 1.66072 0.35580 1.43586 191 53 39 189 142
719 3681 10.97407 0.77446 0.34171 2.93692 148 40 29 148 80
1418 3522 11.60818 1.88990 0.13352 1.98623 123 56 16 119 88
919 3839 10.00787 0.03057 0.15198 0.94998 80 17 15 74 55
708 3665 10.80542 0.01654 0.36917 0.65492 128 19 45 128 82
600 3536 10.63680 1.19250 0.33004 1.70387 252 84 39 248 195
552 1416 11.26247 2.00088 0.10905 1.87116 136 36 10 123 107
1390 3540 10.87568 2.87580 0.12922 1.04568 112 39 20 110 102
221 1636 10.07077 1.52997 0.21094 0.83275 208 71 51 205 170
546 3502 10.88827 0.11496 0.13358 1.47007 69 10 10 62 44
523 588 10.95953 1.01092 0.37159 2.38442 37 2 6 30 20
650 3611 10.98224 0.02716 11.74791 1.45535 107 0 0 102 76
565 1420 11.70149 1.83120 0.09148 1.89754 50 7 11 50 27
582 3562 10.30517 0.93559 0.05355 2.11248 165 52 25 158 105
792 3718 11.26078 0.01629 0.10316 1.04829 118 33 13 106 86
567 1414 10.14103 2.16253 0.09979 2.23055 180 57 39 176 130
370 2439 11.62313 0.64640 0.24744 1.42382 113 29 9 111 92
1558 4527 10.29856 2.35834 0.04950 1.76303 196 68 37 196 122
478 3488 10.80364 0.01575 0.05970 0.66086 136 26 26 132 97
835 3775 10.17397 0.07998 0.28197 1.60645 72 18 6 70 42
535 3556 11.07096 1.37410 0.19459 1.75703 131 43 18 116 96
1402 3527 11.84386 2.78534 0.26465 1.30446 50 14 8 48 38
1420 3539 10.52194 2.19549 0.16991 0.80649 77 14 13 75 57
508 558 11.79446 0.12236 0.15175 1.60376 44 2 4 42 30
513 3531 10.48913 0.23966 0.15041 1.45831 65 8 8 60 40
539 3502 10.76934 0.11422 0.34304 1.25803 44 4 7 31 18
514 577 11.75332 0.41583 0.22181 2.42753 26 2 3 18 16
558 3501 11.84659 0.11612 0.06876 1.58881 42 10 4 36 31
377 3366 10.89388 1.57292 0.10888 2.40697 139 31 30 135 87
560 1417 11.27358 1.95091 0.18628 1.97358 50 11 9 47 28
464 3455 10.16057 0.01633 0.09193 0.99780 69 21 10 69 56
501 3509 10.82882 0.02260 0.07808 0.89962 81 16 18 78 54
1403 3534 10.20601 2.89883 0.11662 1.05090 116 34 26 116 88
106 1579 10.98190 1.08515 0.15489 1.19452 84 15 16 80 62
2455 3432 10.65047 1.00399 0.49731 4.48943 107 18 36 100 40
533 3500 11.83555 0.10438 0.16992 0.94128 35 2 3 31 26
41 4479 10.39581 0.02173 0.10539 0.54176 183 60 35 181 144
964 3856 10.91288 1.47447 0.19611 1.24017 60 6 11 58 36
100 4538 10.44230 0.21965 0.09348 1.06899 280 68 72 278 185
557 3557 11.15820 1.40951 0.09764 1.52290 174 50 39 168 129
