0.05220 0.04122 0.00185
0.02961 0.02445 0.01122
0.02217 0.02714 0.01128
0.04257 0.05917 0.01410
0.03052 0.06780 0.02178
0.02966 0.05028 0.02028
0.03262 0.04420 0.02397
0.03442 0.06749 0.00178
0.02580 0.02724 0.01027
0.04032 0.03888 0.00676
0.02294 0.03343 0.01908
0.03491 0.06160 0.01859
0.03022 0.06381 0.01973
0.03132 0.05989 0.01463
0.02915 0.03718 0.01473
0.02315 0.02444 0.00169
0.03177 0.03411 0.01900
0.02278 0.03175 0.01209
0.02866 0.03124 0.02016
0.02731 0.04052 0.01655
0.03496 0.06692 0.01845
0.02697 0.04179 0.01898
0.03764 0.04160 0.00114
0.03794 0.04097 0.00719
0.04002 0.05702 0.01966
0.03130 0.05129 0.02285
0.02687 0.03462 0.00292
0.03030 0.03989 0.01895
0.01934 0.02322 0.00876
0.03423 0.03424 0.00064
0.03536 0.06873 0.00623
0.03288 0.05905 0.00156
0.03295 0.02745 0.00636
0.03389 0.06403 0.01001
0.02936 0.03823 0.02029
0.03078 0.06212 0.01882
0.02933 0.03557 0.01940
0.02599 0.03794 0.01762
0.03063 0.04391 0.01830
0.03897 0.04557 0.00675
0.03538 0.06572 0.01846
0.03310 0.06229 0.01857
0.02361 0.02341 0.01864
0.03034 0.04296 0.01936
0.02958 0.04845 0.01853
0.02839 0.04434 0.01854
0.03058 0.04459 0.01836
0.02610 0.05335 0.01862
0.03089 0.06272 0.01833
0.02460 0.02476 0.01867
0.02690 0.03607 0.01869
0.02763 0.03578 0.01861
0.02904 0.04597 0.01935
0.02165 0.04198 0.00566
0.03055 0.04258 0.01908
0.02203 0.03868 0.01855
0.02875 0.04921 0.01853
0.02947 0.04020 0.01858
0.03356 0.05831 0.02008
0.02802 0.04707 0.00855
0.03301 0.04338 0.01409
0.03723 0.04960 0.01848
0.02368 0.03455 0.00328
0.03762 0.06715 0.02296
0.02111 0.03667 0.00167
0.02767 0.04053 0.01887
0.03462 0.06637 0.01405
0.03730 0.05783 0.01906
0.02655 0.05836 0.01928
0.03893 0.04243 0.01864
0.02333 0.04136 0.01850
0.02261 0.02375 0.01843
0.02311 0.03879 0.01884
0.02703 0.04497 0.00225
0.03468 0.06200 0.00128
0.03278 0.05168 0.01858
0.02212 0.02523 0.01853
0.02850 0.03989 0.01926
0.02896 0.04851 0.00069
0.03236 0.06331 0.00090
0.02161 0.02656 0.00568
0.02790 0.03718 0.01407
0.02634 0.04135 0.00221
0.02978 0.04690 0.02042
0.02755 0.03202 0.00281
0.02631 0.03415 0.01771
0.03206 0.04841 0.00792
0.03186 0.06235 0.02011
0.02734 0.04806 0.00203
0.03233 0.05194 0.00908
0.03014 0.03899 0.02373
0.02522 0.04112 0.00641
0.03921 0.04237 0.00091
0.04158 0.05866 0.01996
0.04382 0.05127 0.01424
0.02438 0.02072 0.02043
0.02797 0.06579 0.01786
0.02644 0.04321 0.00981
0.03281 0.04119 0.01842
0.03272 0.04364 0.01845
0.03220 0.03617 0.01403
0.02901 0.03397 0.00796
0.02004 0.03787 0.01413
0.02868 0.04014 0.00092
0.03031 0.04889 0.02094
0.02820 0.04956 0.02242
0.02828 0.06002 0.01891
0.03047 0.05044 0.02423
0.02980 0.04201 0.00525
0.01644 0.02023 0.01920
0.03054 0.05658 0.01992
0.03278 0.06063 0.01902
0.02590 0.04907 0.02007
0.03264 0.05324 0.02023
0.02314 0.02107 0.01988
0.02269 0.03503 0.01849
0.03085 0.06657 0.00521
0.02299 0.02602 0.00068
0.03477 0.04404 0.01907
0.03097 0.03972 0.01496
0.03555 0.03842 0.00354
0.02782 0.04421 0.01677
0.02639 0.03370 0.02100
0.03178 0.04202 0.01862
0.02010 0.03892 0.01514
0.03362 0.06338 0.01902
0.02883 0.05006 0.01854
0.03616 0.05840 0.01859
0.02172 0.02436 0.01855
0.02117 0.04245 0.01443
0.02217 0.04350 0.01437
0.02609 0.04210 0.00348
0.03377 0.04241 0.01868
0.02749 0.04383 0.01883
0.02489 0.04525 0.00912
0.02367 0.03164 0.01860
0.03078 0.04897 0.01936
0.03299 0.06393 0.01415
0.03994 0.06173 0.00773
0.02440 0.04180 0.01873
0.03324 0.06482 0.01866
0.02667 0.04295 0.01841
0.02927 0.06551 0.01891
0.03019 0.05046 0.01850
0.02451 0.02429 0.01843
0.02350 0.02880 0.01683
0.03426 0.06083 0.01942
0.03248 0.06267 0.01844
0.03909 0.04653 0.00360
0.02504 0.04396 0.01889
0.01932 0.02369 0.01909
0.02920 0.04896 0.00078
0.03442 0.06176 0.01873
0.02653 0.04002 0.01925
0.02832 0.04699 0.02005
0.03537 0.06341 0.02205
0.03690 0.05856 0.00592
0.02541 0.04028 0.01925
0.02776 0.04493 0.01075
0.03479 0.05824 0.01872
0.02900 0.04323 0.01851
0.02996 0.06911 0.01852
0.02457 0.03940 0.01885
0.02314 0.02380 0.01454
0.03748 0.06454 0.02180
0.02958 0.06795 0.01903
0.02610 0.03638 0.01493
0.02984 0.05059 0.01856
0.02973 0.04183 0.01881
0.03705 0.06004 0.01615
0.03458 0.05910 0.01891
0.02726 0.03213 0.02415
0.01713 0.01955 0.01015
0.03961 0.07347 0.00418
0.04933 0.06048 0.00636
0.01915 0.02098 0.01961
0.03318 0.06200 0.01457
0.03801 0.03735 0.01857
0.02455 0.03494 0.02093
0.02521 0.03043 0.02022
0.03012 0.04282 0.01879
0.02657 0.04808 0.01957
0.02724 0.03139 0.00756
0.02923 0.03270 0.02147
0.02798 0.04206 0.02806
0.02345 0.03002 0.01855
0.02893 0.07081 0.00816
0.03054 0.05062 0.01903
0.03001 0.04379 0.01854
0.03444 0.05062 0.01908
0.01901 0.02440 0.01999
0.02913 0.03686 0.01858
0.03142 0.05021 0.01907
0.02188 0.02753 0.01879
0.02346 0.02951 0.00108
0.02871 0.04846 0.02246
0.03104 0.04877 0.02156
0.02913 0.04832 0.01291
0.02810 0.07012 0.00184
0.03828 0.03832 0.01972
