0.01847 0.02559
0.01265 0.02125
0.02524 0.02642
0.01568 0.02023
0.01247 0.02071
0.02091 0.01880
0.01472 0.02650
0.02240 0.02490
0.01567 0.01971
0.02286 0.02867
0.01706 0.02218
0.01470 0.02727
0.02475 0.02536
0.01325 0.02517
0.01366 0.02610
0.01497 0.02358
0.01159 0.01701
0.01307 0.01911
0.01554 0.02458
0.01455 0.02524
0.01458 0.02448
0.01196 0.01910
0.00929 0.01404
0.01259 0.01751
0.01227 0.02021
0.01537 0.02576
0.01186 0.01847
0.01167 0.02591
0.01866 0.02371
0.01713 0.02902
0.02170 0.01987
0.01307 0.02383
0.01470 0.02334
0.01407 0.02690
0.01279 0.01790
0.01394 0.02168
0.01183 0.01753
0.02262 0.02890
0.01344 0.01956
0.01353 0.02072
0.03023 0.02137
0.01409 0.02369
0.01281 0.02070
0.01756 0.03374
0.01305 0.02277
0.01322 0.02302
0.01466 0.02343
0.01210 0.02038
0.01618 0.02451
0.01605 0.02644
0.01206 0.01801
0.01275 0.01944
0.01377 0.01913
0.01439 0.02460
0.01426 0.02333
0.02393 0.02688
0.01393 0.02227
0.01911 0.02277
0.01112 0.02037
0.01255 0.01923
0.01523 0.01846
0.01443 0.02307
0.01525 0.03048
0.01422 0.02447
0.01584 0.01959
0.01447 0.03001
0.01591 0.02594
0.01169 0.02102
0.01186 0.01857
0.01551 0.02705
0.01422 0.02454
0.01120 0.02046
0.01491 0.02511
0.01207 0.01738
0.01102 0.01808
0.01281 0.02226
0.01199 0.01825
0.00990 0.01755
0.01459 0.02220
0.02860 0.02048
0.01122 0.01677
0.01140 0.01929
0.01361 0.02853
0.01340 0.02029
0.01267 0.01981
0.01243 0.02676
0.01431 0.02744
0.01384 0.02066
0.01323 0.01817
0.01410 0.02346
0.01202 0.01894
0.01204 0.01839
0.01506 0.02474
0.01667 0.01997
0.01299 0.02068
0.01469 0.02009
0.01399 0.01896
0.01436 0.02482
0.01336 0.02215
0.01261 0.02011
0.01215 0.01708
0.01217 0.02167
0.01223 0.02208
0.01323 0.01763
0.01531 0.01853
0.01298 0.02249
0.01411 0.02430
0.01248 0.01917
0.01268 0.01722
0.01175 0.01694
0.01345 0.02566
0.01290 0.01841
0.01354 0.02487
0.01542 0.02501
0.01721 0.02660
0.01193 0.01945
0.01303 0.02007
0.01650 0.02430
0.03077 0.02283
0.01198 0.02129
0.01424 0.01443
0.01263 0.02521
0.01174 0.01590
0.01521 0.02901
0.01149 0.01769
0.01654 0.02198
0.01756 0.02656
0.01479 0.02289
0.01276 0.01936
0.02334 0.02126
0.01499 0.02214
0.01319 0.01883
0.01398 0.02494
0.01701 0.02550
0.01580 0.02803
0.01108 0.01799
0.01831 0.02240
0.01435 0.02340
0.01329 0.01949
0.01274 0.02421
0.01177 0.01699
0.01395 0.02325
0.02066 0.02489
0.01577 0.02571
0.01375 0.02337
0.01384 0.02443
0.01156 0.01748
0.02115 0.02371
0.01481 0.02214
0.01312 0.02346
0.01390 0.01823
0.01444 0.02546
0.01372 0.02219
0.01245 0.01968
0.01486 0.02380
0.01166 0.01942
0.01120 0.01744
0.01198 0.01866
0.01240 0.01908
0.01257 0.02186
0.01227 0.01800
0.01321 0.01893
0.01464 0.02625
0.01389 0.02158
0.01534 0.02358
0.01366 0.02290
0.01128 0.01698
0.01351 0.01874
0.01321 0.02076
0.01321 0.02250
0.01377 0.02499
0.01365 0.02151
0.01284 0.01997
0.01188 0.01704
0.01625 0.02818
0.01293 0.02006
0.01387 0.02032
0.02152 0.01928
0.01333 0.02054
0.01340 0.01836
0.01603 0.02535
0.01628 0.02397
0.01533 0.02508
0.01503 0.03106
0.01357 0.01984
0.01339 0.02234
0.01467 0.02415
0.01294 0.02338
0.01368 0.02415
0.01627 0.02571
0.01244 0.01926
0.01626 0.02284
0.01219 0.02122
0.01809 0.02099
0.01478 0.02194
0.01348 0.02169
0.01225 0.02003
0.01268 0.02015
0.01358 0.02427
0.00914 0.01274
0.01288 0.01989
0.02229 0.02088
0.01247 0.02126
0.01517 0.02102
0.01394 0.02281
0.01430 0.02603
0.01228 0.01960
0.01345 0.02127
0.01252 0.02059
0.01278 0.02061
0.01162 0.02151
0.00970 0.01514
0.01489 0.02161
0.01472 0.02123
0.01048 0.01513
0.01768 0.02068
0.02388 0.01990
0.01589 0.02343
0.01245 0.01774
0.01556 0.02164
0.01703 0.02662
0.01368 0.02357
0.01367 0.02368
0.00905 0.01353
0.01242 0.01814
0.01907 0.02000
0.01319 0.02107
0.02357 0.02234
0.01519 0.02477
0.01299 0.02026
0.01646 0.01550
0.01840 0.02435
0.02026 0.02162
0.02413 0.01844
0.02834 0.02483
0.02497 0.03575
0.01564 0.02850
0.01396 0.02209
0.02064 0.01871
0.01337 0.02364
0.03326 0.02828
0.01327 0.02407
0.01167 0.01699
0.01297 0.02384
0.01485 0.02389
0.01227 0.01907
0.01162 0.01685
0.01143 0.01910
0.01765 0.01883
0.01409 0.02689
0.01299 0.02126
0.01372 0.02866
0.01204 0.02385
0.01406 0.02280
0.01400 0.02151
0.02052 0.02528
0.01618 0.02725
0.01415 0.02777
0.01430 0.02333
0.01384 0.02800
0.01286 0.01817
0.01592 0.02664
0.01011 0.01250
0.01148 0.01832
0.01405 0.02976
0.01234 0.01860
0.02531 0.02504
0.01163 0.01856
0.01226 0.02365
0.01333 0.02443
0.01568 0.02385
0.01452 0.02230
0.01511 0.02389
0.01199 0.01615
0.01137 0.02125
0.01447 0.01899
0.01338 0.02032
0.02224 0.01976
0.01225 0.02308
0.01876 0.02117
0.01207 0.01759
0.01332 0.02332
0.01473 0.02407
0.01004 0.01420
0.01322 0.02282
0.01490 0.02659
0.01352 0.02202
0.01408 0.02330
0.01242 0.01889
0.01492 0.02370
0.01224 0.01903
0.01118 0.01978
0.01361 0.02144
0.01187 0.01775
0.01216 0.01830
0.02480 0.02458
0.01448 0.02320
0.01425 0.01754
0.01383 0.02238
0.01653 0.02415
0.01301 0.02409
0.02383 0.01980
0.01448 0.02443
0.01630 0.01980
0.01732 0.02172
0.01306 0.01836
0.01346 0.02779
0.00983 0.01485
0.01249 0.01960
0.01376 0.01919
0.01298 0.01867
0.01619 0.02262
0.01312 0.02311
0.01621 0.02314
0.01154 0.01757
0.01932 0.02145
0.01132 0.01516
0.01184 0.01766
0.01577 0.02626
0.01493 0.02156
0.01293 0.02106
0.01501 0.02724
0.01219 0.01626
0.01381 0.01922
0.01237 0.02441
0.01362 0.02585
0.01288 0.01983
0.01149 0.02139
0.01050 0.01529
0.01187 0.01730
0.01563 0.01726
0.01491 0.01963
0.01121 0.01471
0.01291 0.02037
0.01267 0.01845
0.01639 0.02163
0.01224 0.01905
0.01418 0.01242
0.01469 0.02666
0.01398 0.02473
0.01332 0.01918
0.01423 0.02401
0.01468 0.01986
0.01437 0.02328
0.01326 0.01761
0.01498 0.01913
0.01458 0.02561
0.00982 0.01706
0.02309 0.02181
0.01195 0.02030
0.01458 0.02639
0.01183 0.01840
0.01884 0.01959
0.02148 0.01961
0.01434 0.02073
0.01402 0.01748
0.01934 0.02125
0.02113 0.02063
0.02374 0.02798
0.01356 0.02584
0.01299 0.02133
0.01211 0.01843
0.01126 0.01825
0.01046 0.01397
0.01486 0.02061
0.01399 0.02361
0.01374 0.02283
0.01336 0.02317
0.01377 0.02100
0.02084 0.02136
0.01431 0.02121
0.01900 0.01650
0.01374 0.02225
0.01620 0.02254
0.01388 0.02511
0.01483 0.02581
0.01403 0.02469
0.01343 0.02263
0.01402 0.02085
0.01334 0.02412
0.01476 0.02164
0.01263 0.01997
0.01554 0.02795
0.01220 0.01886
0.02614 0.02464
0.01456 0.02481
0.01334 0.02515
0.01330 0.02208
0.01506 0.02556
0.01279 0.01799
0.01371 0.02214
0.02346 0.02256
0.01872 0.02416
0.01381 0.02456
0.01378 0.02348
0.01444 0.02450
0.01443 0.02653
0.02306 0.01907
0.01381 0.02528
0.01527 0.02486
0.01247 0.02206
0.01469 0.02611
0.01462 0.02563
0.01106 0.01650
0.01413 0.02458
0.02065 0.02199
0.01944 0.02443
0.01301 0.02048
0.01257 0.02037
0.01446 0.02356
0.00900 0.01188
0.02370 0.02390
0.01370 0.02291
0.01387 0.02232
0.01263 0.02038
0.01323 0.02623
0.01466 0.02225
0.01629 0.02066
0.01522 0.03017
0.01537 0.02594
0.02299 0.02556
0.01367 0.02325
0.01332 0.02401
0.01501 0.02529
0.01449 0.02637
0.01495 0.02799
0.01296 0.02092
0.01330 0.02387
0.01505 0.02639
0.01247 0.01772
0.01492 0.02343
0.01298 0.02307
0.01490 0.02650
0.01504 0.02644
0.01376 0.01959
0.01287 0.01971
0.01293 0.02215
0.01277 0.02032
0.01456 0.02314
0.01890 0.02420
0.01631 0.01911
0.02173 0.02121
0.01231 0.01760
0.01502 0.03589
0.01922 0.02376
0.01406 0.02320
0.01152 0.01774
0.02238 0.02259
0.02224 0.02167
0.01310 0.02327
0.02079 0.02341
0.01215 0.01872
0.01397 0.01897
0.01265 0.02010
0.01392 0.02409
0.01217 0.01711
0.01272 0.02212
0.01244 0.01785
0.01484 0.02357
0.01264 0.02023
0.02045 0.02325
0.01490 0.02374
0.01316 0.02280
0.01354 0.02443
0.02497 0.02764
0.01820 0.01815
0.01378 0.02865
0.01826 0.01951
0.01394 0.02839
0.01241 0.01822
0.01378 0.02772
0.01307 0.02058
0.01315 0.01945
0.01258 0.01837
0.03070 0.02127
0.01266 0.01804
0.01377 0.02211
0.01917 0.02881
0.02035 0.02066
0.01766 0.02302
0.01304 0.01877
0.01408 0.02448
0.01128 0.01647
0.01246 0.01799
0.01393 0.02166
0.01196 0.01574
0.01392 0.01979
0.01581 0.02884
0.01472 0.02521
0.01533 0.02501
0.01137 0.01775
0.01699 0.03124
0.01719 0.02948
0.01545 0.02837
0.01118 0.01724
0.01291 0.01658
0.02124 0.02710
0.01114 0.01449
0.01791 0.02644
0.01924 0.02208
0.02052 0.02202
0.01290 0.02315
0.01230 0.01879
0.01453 0.02389
0.01124 0.01751
0.01308 0.01906
0.01808 0.02122
0.01593 0.02876
0.01844 0.02142
0.01394 0.01699
0.01463 0.02937
0.01248 0.02011
0.01277 0.02524
0.01418 0.02897
0.01032 0.01523
0.01489 0.03114
0.02131 0.01990
0.01232 0.01847
0.02428 0.02857
0.01918 0.02055
0.01443 0.02403
0.01573 0.02537
0.01297 0.02168
0.01917 0.02798
0.01585 0.02415
0.01461 0.01754
0.01235 0.01769
0.01502 0.02651
0.01538 0.02782
0.01339 0.02016
0.01404 0.02418
0.01483 0.02285
0.01477 0.02863
0.01514 0.02085
0.01450 0.02377
0.01356 0.02303
0.01404 0.02572
0.01556 0.02259
0.01370 0.02285
0.02467 0.02168
0.01459 0.01820
0.01453 0.02528
0.02021 0.02077
0.01482 0.02543
0.00992 0.01758
0.01248 0.02532
0.01371 0.02536
0.01430 0.02501
0.01400 0.02127
0.01478 0.02794
0.01514 0.02511
0.01587 0.01994
0.01808 0.01915
0.01494 0.02634
0.01344 0.02174
0.01410 0.01786
0.01334 0.02638
0.01383 0.02172
0.01482 0.02689
0.01491 0.02765
0.01425 0.02390
0.01572 0.02536
0.01349 0.01972
0.01435 0.01996
0.01271 0.02235
0.01713 0.02739
0.01296 0.02178
0.01193 0.02134
0.01318 0.02330
0.01236 0.01950
0.02013 0.02046
0.01350 0.02594
0.01317 0.02040
0.01483 0.02326
0.01278 0.02279
0.01448 0.02686
0.01750 0.02253
0.01500 0.02229
0.01176 0.01491
0.01205 0.02333
0.01497 0.02626
0.01485 0.02531
0.01293 0.02186
0.01391 0.02238
0.01261 0.01940
0.01380 0.02465
0.01132 0.01685
0.01326 0.02258
0.01852 0.02260
0.01712 0.02758
0.01362 0.02488
0.01803 0.02270
0.01310 0.02444
0.01302 0.02282
0.01344 0.02403
0.02134 0.02821
0.02711 0.02616
0.01302 0.02284
0.01349 0.02378
0.01553 0.02546
0.01648 0.01999
0.01306 0.01966
0.01302 0.01734
0.02319 0.02577
0.01334 0.02126
0.01193 0.01884
0.01893 0.02423
0.01088 0.01797
0.01210 0.01959
0.01430 0.02212
0.01321 0.02218
0.01440 0.02325
0.01212 0.01961
0.01320 0.01990
0.01672 0.02245
0.01338 0.02141
0.01645 0.03259
0.01333 0.01905
0.01373 0.02465
0.01493 0.03064
0.01153 0.01723
0.01331 0.02210
0.01607 0.01678
0.00997 0.01414
0.01867 0.01957
0.01741 0.02141
0.01410 0.02135
0.01254 0.01890
0.01388 0.02505
0.01497 0.02624
0.01338 0.02063
0.01391 0.02495
0.02589 0.02550
0.01245 0.02174
0.01368 0.02409
0.01321 0.02106
0.01484 0.02664
0.01268 0.01701
0.01697 0.02063
0.01305 0.01943
0.01325 0.02228
0.01237 0.01951
0.01125 0.01571
0.01288 0.01883
0.02029 0.02023
0.01272 0.01989
0.01550 0.02331
0.01382 0.02327
0.01877 0.02369
0.01156 0.01684
0.01331 0.02334
0.01472 0.02201
0.02028 0.01990
0.02582 0.02190
0.01459 0.02443
0.01364 0.02017
0.03017 0.02569
0.01814 0.02860
0.02321 0.02010
0.01311 0.01972
0.01518 0.02519
0.01320 0.02238
0.01412 0.02176
0.01432 0.02274
0.01962 0.01815
0.01151 0.01694
0.01327 0.02300
0.02073 0.02252
0.01401 0.02091
0.01454 0.02487
0.01429 0.02384
0.01165 0.01722
0.01096 0.01658
0.01342 0.02255
0.02378 0.02534
0.01374 0.02438
0.01465 0.02911
0.01536 0.02403
0.01247 0.01875
0.01307 0.02179
0.01799 0.02427
0.01367 0.02934
0.01469 0.02832
0.01342 0.02055
0.01552 0.02268
0.02237 0.02907
0.01025 0.01445
0.01457 0.02294
0.01356 0.02828
0.01452 0.02555
0.01255 0.01890
0.01386 0.01769
0.01413 0.02102
0.01205 0.01752
0.01399 0.02720
0.01089 0.01716
0.01441 0.02316
0.01211 0.01802
0.01471 0.02282
0.01499 0.02679
0.01378 0.02391
0.01531 0.01963
0.01515 0.02719
0.01283 0.01989
0.01339 0.02257
0.01299 0.02083
0.01011 0.01476
0.01445 0.02090
0.01364 0.02981
0.01361 0.02135
0.01334 0.02233
0.01323 0.02261
0.01408 0.02059
0.01959 0.02067
0.02087 0.02379
0.01609 0.02147
0.01512 0.02560
0.01180 0.01841
0.01170 0.01667
0.02296 0.01931
0.01369 0.02597
0.01301 0.02354
0.01414 0.02100
0.01743 0.02016
0.01868 0.01973
0.01265 0.01965
0.01524 0.02314
0.01450 0.02506
0.01317 0.01759
0.01803 0.02760
0.01154 0.01796
0.01641 0.02590
0.01324 0.02631
0.01398 0.02041
0.01032 0.01677
0.01578 0.02445
0.01313 0.02329
0.01472 0.02926
0.02085 0.02052
0.01348 0.01763
0.01402 0.02489
0.01493 0.03080
0.01372 0.01811
0.02321 0.02305
0.01415 0.02980
0.01972 0.01850
0.01263 0.02001
0.01278 0.02156
0.01329 0.02321
0.01530 0.02865
0.01493 0.02478
0.01586 0.02368
0.01940 0.01889
0.01212 0.02084
0.01292 0.02235
0.01296 0.01987
0.01454 0.02413
0.01295 0.02257
0.01197 0.01695
0.01404 0.02644
0.01399 0.01981
0.01524 0.02968
0.01375 0.02744
0.01361 0.02111
0.01264 0.02279
0.01505 0.02232
0.01482 0.02196
0.01278 0.02369
0.01271 0.01922
0.01314 0.02090
0.01727 0.02320
0.01552 0.02027
0.01828 0.02329
0.02027 0.02802
0.01382 0.02408
0.01345 0.01818
0.02346 0.02152
0.01404 0.02463
0.01387 0.01786
0.01088 0.01737
0.01395 0.02272
0.01895 0.02399
0.01405 0.01876
0.01183 0.01856
0.01399 0.02322
0.01361 0.02431
0.01337 0.02186
0.01580 0.02595
0.01408 0.02366
0.01534 0.02096
0.01361 0.02097
0.00992 0.01344
0.01236 0.01659
0.01370 0.01963
0.01524 0.02521
0.01333 0.02104
0.01481 0.02067
0.01802 0.02622
0.01179 0.01755
0.01468 0.02308
0.01350 0.01997
0.01441 0.02491
0.01518 0.02750
0.01709 0.01920
0.01341 0.02740
0.01332 0.02175
0.01399 0.02053
0.01457 0.02473
0.02588 0.02118
0.01383 0.02400
0.01983 0.02378
0.01416 0.02276
0.01154 0.02332
0.01174 0.01820
0.01184 0.01740
0.01566 0.02247
0.01065 0.01538
0.01514 0.02811
0.01420 0.02142
0.01344 0.02413
0.01218 0.01879
0.01216 0.02082
0.01736 0.02214
0.01473 0.03440
0.01974 0.01978
0.01548 0.01970
0.01551 0.02817
0.01501 0.02728
0.01761 0.02483
0.01121 0.01669
0.01447 0.02680
0.01413 0.01801
0.01529 0.03216
0.01331 0.02334
0.01403 0.02613
0.01424 0.02298
0.01682 0.02345
0.01494 0.02502
0.01485 0.02566
0.01458 0.02384
0.01395 0.01986
0.01287 0.02425
0.01550 0.03383
0.01375 0.02826
0.01125 0.01762
0.01204 0.01898
0.01322 0.02284
0.01256 0.02302
0.01372 0.02391
0.02685 0.01842
0.01231 0.02117
0.02081 0.02704
0.01355 0.02016
0.01306 0.02371
0.01630 0.02391
0.02336 0.02312
0.01407 0.02778
0.01382 0.02176
0.01468 0.02146
0.02634 0.02423
0.01347 0.02589
0.01481 0.02222
0.01200 0.01752
0.00959 0.01493
0.01284 0.01902
0.02269 0.01998
0.01567 0.01853
0.01485 0.02385
0.01723 0.02197
0.01353 0.02081
0.02314 0.02795
0.01434 0.02954
0.01634 0.01921
0.01393 0.02652
0.01473 0.01796
0.01300 0.01868
0.01357 0.02722
0.01517 0.02570
0.01329 0.02305
0.01401 0.02717
0.01924 0.03120
0.01464 0.02965
0.01260 0.01957
0.01407 0.02055
0.00955 0.01397
0.01321 0.01929
0.01402 0.02089
0.01257 0.01773
0.01605 0.03125
0.01414 0.02509
0.02588 0.02471
0.01800 0.02183
0.01298 0.02294
0.01133 0.01790
0.02003 0.02482
0.01368 0.02393
0.01418 0.02442
0.01543 0.02576
0.01197 0.01780
0.01473 0.02143
0.01525 0.02933
0.01594 0.02031
0.01228 0.02057
0.01342 0.01892
0.01468 0.02365
0.01153 0.01660
0.01346 0.02242
0.01414 0.02377
0.01260 0.02098
0.01231 0.01973
0.01353 0.02725
0.01498 0.02724
0.01573 0.02640
0.01242 0.01925
0.02241 0.02166
0.01298 0.02049
0.01415 0.02282
0.01386 0.02230
0.01286 0.02009
0.01235 0.01798
0.01858 0.01706
0.01326 0.02671
0.01873 0.02383
0.01163 0.01766
0.01362 0.02268
0.01868 0.03323
0.01452 0.02264
0.01466 0.02676
0.01375 0.02514
0.01393 0.02297
0.01268 0.01950
0.01769 0.02411
0.01258 0.01802
0.01363 0.02140
0.01631 0.02470
0.01344 0.02069
0.01841 0.02035
0.01413 0.02761
0.01469 0.02506
0.02312 0.02024
0.01265 0.01979
0.01975 0.02241
0.01349 0.02351
0.01548 0.01863
0.01831 0.02252
0.01401 0.01642
0.01535 0.02784
0.01508 0.02241
0.01508 0.02085
0.00955 0.01239
0.01310 0.02063
0.00918 0.01277
0.01254 0.02089
0.01216 0.01916
0.01380 0.01961
0.01947 0.02704
0.02352 0.02124
0.01186 0.01751
0.01286 0.02030
0.01395 0.02521
0.01453 0.02398
0.01451 0.02294
0.01407 0.02080
0.01141 0.01832
0.01263 0.02045
0.01212 0.01964
0.01343 0.02145
0.01419 0.02120
0.02070 0.02482
0.00943 0.01239
0.01932 0.02442
0.01341 0.02183
0.01647 0.01784
0.01220 0.02030
0.01362 0.02017
0.02091 0.02478
0.01336 0.02052
0.01514 0.02562
0.01034 0.01507
0.01434 0.02552
0.01376 0.01851
0.01498 0.02005
0.01878 0.02246
0.02227 0.01922
0.01063 0.01551
0.01464 0.01796
0.01112 0.01708
0.01403 0.02097
0.01213 0.01808
0.01233 0.02212
0.01974 0.02363
0.01302 0.02162
0.02175 0.02646
0.01242 0.01919
0.01342 0.01761
0.01163 0.01926
0.01372 0.02549
0.01430 0.02724
0.01397 0.02290
0.01232 0.01822
