136 5376 11.92129 3.12279 0.94823 2.63804 12 1 0 6 6 123 100.00000 0
788 3842 10.74027 3.10179 1.38817 2.67386 43 0 0 35 24 404 100.00000 0
3639 4606 10.30963 0.03521 0.23520 1.09896 92 66 15 88 62 495 100.00000 0
644 4962 10.71149 3.05329 0.53105 2.06336 24 4 1 19 11 203 100.00000 0
243 1953 11.63800 0.24712 0.45779 0.63796 91 50 24 87 63 484 100.00000 0
3712 4655 11.93130 0.31879 0.34061 1.53289 10 6 0 3 4 140 100.00000 0
2004 5259 11.67707 2.98746 0.98185 9.01319 17 0 0 1 7 230 100.00000 0
2145 5124 10.08740 2.92687 1.31727 1.01914 32 0 0 23 11 189 100.00000 0
1550 3198 11.41989 0.02848 0.71372 0.76413 59 13 14 54 38 403 100.00000 0
2533 4712 11.80353 3.12994 1.67327 2.16247 23 0 0 20 11 229 100.00000 0
833 2494 10.30965 0.05381 0.37215 0.25944 70 47 6 67 45 468 100.00000 0
1007 2700 10.46347 0.00817 0.44319 0.97076 40 10 5 38 25 241 100.00000 0
615 4004 10.56244 3.14075 1.38076 1.34581 26 0 0 24 15 220 100.00000 0
403 2100 11.47804 0.09983 0.41368 0.60523 67 40 17 58 51 376 100.00000 0
1534 3208 11.67620 0.03358 0.22400 0.37325 56 34 18 52 31 431 100.00000 0
589 2288 10.95919 0.02587 0.32579 0.53522 69 31 24 69 52 464 100.00000 0
550 5029 10.41016 3.09732 1.43536 2.35817 20 0 0 10 9 174 100.00000 0
842 3783 11.93545 3.09398 1.28012 1.37259 16 0 0 16 10 253 100.00000 0
2390 4890 11.60265 3.13811 0.29196 2.60729 20 9 1 20 11 136 100.00000 0
743 4861 10.88555 3.13681 0.51070 1.85456 26 9 3 21 10 344 100.00000 0
2261 4049 11.76058 3.13964 1.62748 0.68643 54 0 0 43 18 254 100.00000 0
3813 4777 10.23002 0.03804 0.49236 0.25023 51 26 6 48 32 386 100.00000 0
654 4922 10.28362 2.40536 1.82293 2.41962 90 3 0 88 34 545 100.00000 0
582 2262 11.35520 0.02476 0.41627 0.69041 91 38 15 87 62 413 100.00000 0
446 5121 10.31008 2.89163 1.11157 1.00639 48 0 0 44 28 257 100.00000 0
2044 5244 10.66355 3.06308 1.15800 1.49410 36 1 6 17 10 305 100.00000 0
1946 5329 11.74434 2.73203 0.80347 1.36974 67 5 4 63 42 291 100.00000 0
976 2666 10.07307 0.03653 0.34414 0.85363 41 30 6 39 32 248 100.00000 0
2489 4763 11.74640 3.07237 1.61150 1.91989 17 0 0 10 3 214 100.00000 0
2104 5181 10.10429 3.05098 1.60678 1.12952 11 1 4 11 4 176 100.00000 0
895 3724 11.70746 3.12927 1.20481 2.71642 17 0 0 15 7 192 100.00000 0
438 2153 11.04805 0.07786 0.56032 0.55602 47 12 5 38 29 299 100.00000 0
1000 2693 10.87926 0.02734 0.72446 1.70249 33 1 5 25 18 265 100.00000 0
560 2244 10.34940 0.03513 0.51162 1.04305 37 21 8 35 25 215 100.00000 0
675 3936 10.04436 2.55379 1.29620 1.39437 12 0 0 10 5 155 100.00000 0
709 2368 10.67656 0.21330 0.50664 0.49811 37 21 9 34 16 275 100.00000 0
2515 4752 11.43473 3.11735 1.01145 2.71152 14 4 0 10 8 227 100.00000 0
3708 4652 11.12419 0.34071 0.20081 1.28085 20 12 7 20 10 163 100.00000 0
356 2078 11.90709 0.05991 0.55611 0.18557 30 12 7 22 19 327 100.00000 0
674 2373 11.86279 0.45703 0.54029 0.64224 23 9 5 19 15 182 100.00000 0
678 3930 11.71887 2.60869 1.42272 1.41361 14 0 0 9 6 173 100.00000 0
2382 3936 10.91116 3.11171 0.49572 2.04660 18 1 3 13 7 207 100.00000 0
925 2581 11.68842 0.04156 0.48761 1.67047 18 9 1 16 12 171 100.00000 0
2572 4686 10.71264 3.08337 0.87633 1.86509 14 3 0 7 5 190 100.00000 0
1947 5320 11.05873 2.74457 1.17126 1.73506 35 0 1 32 16 228 100.00000 0
610 4970 11.35571 3.12428 1.30017 1.97338 28 0 0 23 8 235 100.00000 0
2340 3950 11.63911 2.28591 0.78906 2.01499 30 0 0 25 12 250 100.00000 0
4168 5099 11.64545 0.61028 0.24239 1.60034 32 4 0 28 19 301 100.00000 0
4058 5007 10.84930 0.01445 0.47176 1.89672 60 29 4 45 41 484 100.00000 0
2174 5107 10.02640 3.08997 0.92715 1.68702 41 3 2 37 18 276 100.00000 0
544 4094 10.20710 3.12869 1.33331 3.40536 18 0 0 15 5 136 100.00000 0
437 5144 11.77698 3.00304 0.54621 1.75680 22 6 5 17 11 186 100.00000 0
2493 4778 11.12138 3.11368 0.98705 1.78947 34 1 2 28 14 340 100.00000 0
2427 3891 11.61145 3.12966 0.96286 1.90988 57 1 2 51 22 503 100.00000 0
2355 3931 11.53232 2.54781 1.29401 1.42327 18 0 0 14 9 169 100.00000 0
650 3998 11.78803 2.91330 0.52901 1.89217 19 9 2 17 14 222 100.00000 0
1680 3388 11.48121 0.97328 0.84381 2.05785 68 6 8 66 43 331 100.00000 0
841 3785 11.07551 3.09259 1.70068 1.45670 19 0 0 17 9 237 100.00000 0
2172 5113 11.52031 3.11062 1.09280 0.73115 37 4 1 29 21 253 100.00000 0
2250 4062 11.78848 3.13045 1.82473 1.52444 12 0 0 10 6 151 100.00000 0
2526 3783 10.31615 3.13565 0.80331 1.82799 22 1 0 20 14 228 100.00000 0
778 2458 10.79463 0.02716 0.24634 0.16551 34 23 6 30 20 375 100.00000 0
3596 4535 10.11508 0.09803 0.12908 1.14055 63 45 10 61 34 289 100.00000 0
429 5150 10.65522 3.00195 0.80513 1.26207 34 4 1 31 15 244 100.00000 0
2182 5092 11.76291 3.12019 1.30218 2.20229 28 0 1 23 12 178 100.00000 0
4171 5108 11.75264 0.77976 0.50220 1.80580 41 5 2 41 27 253 100.00000 0
2416 3900 10.24818 3.13990 0.74397 1.89031 24 5 1 14 12 312 100.00000 0
3596 4561 10.82686 0.02832 0.80625 1.60815 68 31 4 64 30 297 100.00000 0
663 4948 11.21786 2.65241 1.46376 3.78113 13 1 3 11 7 182 100.00000 0
196 5351 11.16528 3.07223 0.84339 1.28176 45 9 2 39 21 218 100.00000 0
1638 3280 11.84708 0.02932 0.59180 0.22900 72 32 22 70 55 340 100.00000 0
2234 4100 10.59321 3.11914 1.04923 3.77294 6 0 2 4 2 123 100.00000 0
3714 4658 11.05753 0.25151 0.37730 0.53449 16 9 1 14 10 146 100.00000 0
1453 3101 10.51488 0.01896 0.46877 0.35608 16 4 8 11 6 172 100.00000 0
613 4006 10.80174 3.13620 1.51128 1.62582 29 0 0 27 9 241 100.00000 0
459 2172 10.93767 0.20373 0.62383 0.51358 67 21 2 64 49 395 100.00000 0
674 3972 10.94729 2.84530 0.94281 4.56600 13 0 0 13 8 126 100.00000 0
587 2287 11.72779 0.02617 0.31692 0.66500 55 28 12 53 42 380 100.00000 0
206 1926 11.39087 0.56721 0.90092 0.80697 169 46 23 167 105 629 100.00000 0
3876 4847 11.90419 0.00792 0.65539 0.67027 70 19 18 66 47 575 100.00000 0
940 4629 11.60252 2.19801 0.20483 1.18828 86 61 9 76 38 398 100.00000 0
531 2236 10.44393 0.01136 0.43656 0.48457 37 20 9 30 20 222 100.00000 0
2332 4928 10.44883 2.51728 1.36473 2.15341 90 4 4 79 35 515 100.00000 0
617 2316 10.64289 0.00780 0.84581 0.43701 46 6 9 40 34 474 100.00000 0
4128 5070 11.75155 0.05453 0.37172 1.72101 11 2 5 4 6 137 100.00000 0
4115 5059 11.25828 0.00781 0.44431 0.32021 10 8 1 10 7 129 100.00000 0
2490 3826 10.80704 3.12297 0.67816 1.87263 33 3 3 28 13 305 100.00000 0
687 2341 11.94929 0.71080 0.29521 1.23099 24 9 6 22 17 190 100.00000 0
2070 5218 10.22833 3.08474 1.15858 1.31075 29 2 2 21 9 330 100.00000 0
942 4632 11.85576 2.23617 0.19318 0.92450 42 27 5 40 30 262 100.00000 0
461 4174 11.06802 2.00171 0.97245 1.38253 63 4 17 61 22 393 100.00000 0
4071 5039 11.58759 0.05218 0.98630 0.92535 12 1 3 10 5 117 100.00000 0
1553 3201 11.06317 0.02811 0.64291 0.48457 58 14 7 49 32 459 100.00000 0
4153 5107 11.61201 0.35407 0.46768 1.17236 33 18 3 31 21 248 100.00000 0
566 5013 10.95632 3.09711 1.64619 1.28846 46 0 0 40 21 207 100.00000 0
677 2374 11.17772 0.39846 0.40002 0.56717 39 23 7 33 25 168 100.00000 0
2430 4847 10.06805 3.12970 0.59682 1.81704 105 23 8 97 36 731 100.00000 0
1021 2697 10.74601 0.00637 0.57982 0.43879 50 9 2 42 26 245 100.00000 0
762 4843 10.68134 3.12868 0.79545 1.82220 110 33 5 110 40 741 100.00000 0
697 3948 11.22365 3.10169 0.77958 1.28573 13 2 0 13 7 175 100.00000 0
347 2069 10.25467 0.05346 0.46557 0.83697 64 24 15 58 37 534 100.00000 0
639 2343 11.23128 0.59822 0.74184 1.25117 121 30 29 117 76 450 100.00000 0
2577 3702 11.56777 2.89834 1.09257 2.59450 11 1 1 8 7 135 100.00000 0
757 2420 10.30308 0.00808 0.55723 0.36477 91 44 22 87 49 666 100.00000 0
310 2037 11.00547 0.08125 0.27221 0.66205 37 19 9 29 19 615 100.00000 0
1431 3074 11.13807 0.30732 0.27834 1.85435 24 5 6 22 8 185 100.00000 0
905 4667 10.86729 3.05894 1.39224 2.73466 14 0 0 10 4 184 100.00000 0
137 5378 11.90650 3.09767 0.98971 1.06973 26 0 3 21 15 105 100.00000 0
4047 4996 11.62425 0.02259 0.35770 1.34086 86 59 10 84 68 343 100.00000 0
2135 5132 10.26642 3.00705 1.57134 0.45800 66 0 0 64 34 330 100.00000 0
2277 4031 11.83600 3.13328 1.90791 2.01907 73 0 0 63 31 356 100.00000 0
468 4159 11.03084 2.53441 1.33749 1.07629 57 0 3 50 19 384 100.00000 0
1480 3131 11.43637 0.03320 0.60041 0.30132 71 28 22 67 40 725 100.00000 0
2214 4103 10.80985 3.08739 1.84005 3.41730 26 0 0 26 14 179 100.00000 0
4160 5108 10.66491 0.48043 0.48366 0.99308 50 22 6 50 33 242 100.00000 0
3718 4684 10.02011 0.03842 0.24141 1.65682 34 22 2 34 20 311 100.00000 0
634 4945 11.14350 2.87061 1.32215 2.61659 39 0 0 26 16 304 100.00000 0
788 4816 10.05842 3.11728 0.41693 2.62197 48 13 7 35 24 355 100.00000 0
486 5098 10.34994 3.03570 0.51738 2.08112 22 5 7 16 7 168 100.00000 0
2177 5097 11.62230 3.06622 0.95365 1.99449 21 2 3 12 5 209 100.00000 0
494 4157 11.60848 2.97025 0.58874 1.96961 11 2 1 7 1 114 100.00000 0
2357 4893 10.46996 2.60736 0.94589 1.81229 14 1 0 9 6 150 100.00000 0
1613 3255 11.98887 0.02737 0.73857 0.77430 67 12 26 63 43 417 100.00000 0
734 3888 11.81277 3.12974 1.41698 1.70456 39 0 0 26 10 294 100.00000 0
257 5284 11.46593 2.95364 1.43862 0.70776 52 0 0 52 21 232 100.00000 0
692 2349 10.51250 0.52118 0.38177 1.25865 30 8 6 27 22 204 100.00000 0
2563 3720 11.41264 3.13139 0.87377 2.00428 22 1 0 15 9 192 100.00000 0
824 3804 11.44454 3.07048 0.91502 2.34368 32 0 2 12 13 333 100.00000 0
2182 4176 10.18623 2.29928 0.40777 1.96404 50 9 3 40 13 289 100.00000 0
3705 4674 11.76040 0.23167 0.51214 0.87760 21 11 3 12 12 190 100.00000 0
2195 4152 11.36919 3.03954 0.40623 1.75836 8 2 1 8 3 98 100.00000 0
940 4638 10.44231 2.35295 0.43419 1.47883 50 25 10 45 19 389 100.00000 0
634 3981 11.78940 2.81591 1.80865 2.58498 45 0 0 33 14 316 100.00000 0
1457 3136 11.46753 0.06903 0.59010 1.04642 49 17 3 36 25 442 100.00000 0
2541 3748 10.85111 3.07535 1.27964 1.02336 46 0 0 41 22 372 100.00000 0
906 4666 10.64531 3.03913 1.11248 3.15753 12 0 0 7 4 171 100.00000 0
1626 3269 10.47484 0.02782 0.56991 0.47724 80 25 18 76 42 413 100.00000 0
2422 4856 10.96830 3.13239 0.53092 1.67234 34 4 16 32 9 331 100.00000 0
153 5375 11.47355 2.95406 0.57701 0.78484 34 9 5 26 20 163 100.00000 0
670 2369 11.19629 0.49906 0.26258 1.03211 52 35 8 50 37 187 100.00000 0
3733 4679 10.39465 0.03934 0.45476 0.64952 26 14 4 24 17 239 100.00000 0
1396 3081 11.00135 0.55455 0.59979 0.38664 56 22 21 52 38 318 100.00000 0
3958 4939 10.66157 0.69696 0.66339 0.53229 103 22 33 101 61 526 100.00000 0
2529 3762 10.92583 3.09764 1.64816 2.40078 47 0 0 42 26 263 100.00000 0
796 4809 11.59035 3.10642 0.79696 2.14904 49 21 4 41 24 405 100.00000 0
461 4184 11.81846 1.68117 0.40190 1.84928 38 6 5 30 12 297 100.00000 0
541 2226 11.49723 0.02005 0.47545 0.40734 16 9 4 14 10 167 100.00000 0
802 4802 10.86504 3.10626 0.38278 1.27656 31 11 4 17 12 408 100.00000 0
700 3945 11.49248 3.11606 0.55891 1.81273 10 2 1 6 1 146 100.00000 0
3652 4597 10.41791 0.03204 0.65302 1.71326 64 47 6 62 37 372 100.00000 0
1295 2970 11.17072 0.01139 0.51199 0.39565 36 21 3 29 26 323 100.00000 0
179 5351 10.79003 3.06699 0.51325 1.85878 38 12 4 35 17 366 100.00000 0
1054 2731 11.99553 0.00913 0.39987 0.48376 53 28 10 51 31 322 100.00000 0
3658 4603 10.67150 0.02717 0.42429 0.82377 65 45 8 60 47 377 100.00000 0
400 2118 10.44191 0.16050 0.45862 0.44235 53 20 6 43 32 340 100.00000 0
2347 4944 11.84810 2.67898 0.86341 2.16790 8 2 1 5 2 128 100.00000 0
2308 4957 11.53459 3.08270 0.95191 2.14338 59 3 3 57 21 421 100.00000 0
1053 2731 10.83645 0.01043 0.34441 0.65372 50 28 8 46 36 356 100.00000 0
887 3752 10.21932 3.08382 0.60139 1.82413 36 13 3 28 26 259 100.00000 0
1477 3128 11.03882 0.01932 0.52014 0.17914 71 20 9 63 39 721 100.00000 0
3677 4623 10.12217 0.15192 0.30046 0.97237 60 32 3 55 44 360 100.00000 0
314 2018 10.77043 0.08374 0.42359 0.36691 52 25 7 40 28 668 100.00000 0
817 4786 11.00763 3.09832 0.59740 1.66648 44 12 3 41 20 395 100.00000 0
1949 5317 10.78087 2.75912 0.94730 1.76990 65 0 3 63 33 274 100.00000 0
1389 3031 11.51288 0.55584 0.40966 0.76208 73 20 15 69 52 410 100.00000 0
5426 5536 10.62562 0.00675 0.41967 0.34264 69 39 6 65 40 821 100.00000 0
723 3920 11.65564 3.13268 0.71913 2.22757 39 5 3 35 10 242 100.00000 0
1285 2934 11.92193 0.01450 0.60631 0.54032 83 25 11 80 60 384 100.00000 0
600 2277 11.91047 0.01061 0.47919 0.86592 60 26 17 53 40 357 100.00000 0
618 2292 11.68035 0.01462 0.31989 0.76310 38 17 9 30 21 454 100.00000 0
224 1937 11.76984 0.37191 0.50525 0.19979 96 46 27 93 66 437 100.00000 0
270 5294 10.66483 3.11474 0.96564 0.94087 18 0 2 12 9 169 100.00000 0
944 3672 11.28042 2.26879 0.15511 1.26114 60 24 18 43 27 312 100.00000 0
656 4955 11.70043 2.78651 1.84824 2.37981 18 1 2 18 6 192 100.00000 0
667 4904 11.18733 2.38016 0.76082 1.82799 9 0 0 7 5 169 100.00000 0
2438 3861 11.49946 3.13012 1.47700 2.89449 44 0 0 38 11 438 100.00000 0
2043 5246 11.85717 3.05463 0.55317 1.34872 45 11 4 39 24 332 100.00000 0
409 2105 11.49739 0.10281 0.72978 0.40348 31 9 6 29 17 229 100.00000 0
684 2338 11.82251 0.76163 0.33539 0.85409 39 26 4 35 31 207 100.00000 0
1993 5270 11.50930 2.92640 0.71136 1.93836 24 1 2 24 16 297 100.00000 0
1439 3119 11.31318 0.05056 0.26694 0.99308 16 7 2 8 8 212 100.00000 0
2353 4932 10.61107 2.91770 1.30727 3.44151 8 1 0 6 4 133 100.00000 0
677 3969 11.13485 2.89401 0.50394 1.25054 9 1 0 4 3 125 100.00000 0
3651 4621 11.06482 0.03315 1.24464 1.84271 26 4 1 22 10 283 100.00000 0
590 4992 10.14524 3.12284 0.99619 2.18032 119 0 4 115 61 478 100.00000 0
