4649 7128 11.93529 0.01771 0.76393 0.53595 53 51 2 33 16 368 100.00000 0
4443 6873 11.02617 0.13158 0.47191 0.75173 34 23 11 27 12 326 100.00000 0
3752 6201 11.84601 0.01524 0.97554 0.87178 105 88 8 95 53 448 100.00000 0
3405 8189 10.93333 0.10502 0.64302 0.05595 50 39 9 39 25 291 100.00000 0
4033 6441 11.05593 0.01655 0.87283 0.42796 66 45 19 62 36 388 100.00000 0
3778 6226 11.41256 0.00648 0.48482 0.33220 89 56 31 81 47 383 100.00000 0
4234 6629 10.38452 0.95194 0.69530 2.63165 51 15 2 43 20 349 100.00000 0
341 6194 11.39597 0.01120 0.41184 0.68927 114 111 1 106 83 396 100.00000 0
4556 7022 11.67597 0.04317 0.71443 0.91600 53 43 4 39 35 337 100.00000 0
1030 6875 10.81849 0.03005 0.50547 1.75256 45 34 2 25 11 265 100.00000 0
1824 5095 11.64103 0.49415 0.48826 1.44428 27 17 3 21 11 149 100.00000 0
1293 7098 10.97255 0.13699 0.67524 1.23131 41 28 1 32 15 388 100.00000 0
3944 6376 10.55855 0.01206 0.29870 0.46055 42 41 1 40 31 280 100.00000 0
933 6775 10.03800 0.02212 0.12319 1.26486 72 71 1 70 51 287 100.00000 0
3226 5718 11.80412 0.00926 0.41226 0.32143 27 24 2 19 14 287 100.00000 0
5 3556 11.91419 0.08272 1.45547 4.71376 32 0 1 22 14 174 100.00000 0
1037 6884 11.48712 0.05677 1.36122 3.23809 47 46 0 42 28 250 100.00000 0
854 6658 10.16083 0.77211 1.05625 1.51388 20 13 2 7 7 182 100.00000 0
3211 5675 11.04988 0.02595 0.23355 1.43531 12 8 3 6 4 147 100.00000 0
4006 6416 10.55317 0.01427 0.35562 0.25793 67 62 4 56 45 327 100.00000 0
1327 7122 11.84251 0.19411 0.78826 1.25865 41 16 7 36 15 393 100.00000 0
3441 5888 10.38024 0.05419 0.59105 0.53449 54 45 7 54 33 266 100.00000 0
3266 5757 11.29562 0.01351 0.65897 0.83977 32 20 6 24 19 191 100.00000 0
3472 8296 11.49471 0.85820 0.44990 1.78794 43 38 4 31 17 237 100.00000 0
487 3918 11.58653 0.02687 0.25669 1.49253 171 156 13 161 143 641 100.00000 0
3322 5781 11.59386 0.11993 0.32992 0.79130 26 19 4 20 12 169 100.00000 0
5826 8140 11.38702 0.09844 0.80661 1.94602 12 5 2 5 1 107 100.00000 0
3157 5660 11.31970 0.01270 0.21100 0.55107 22 18 1 13 10 256 100.00000 0
445 3851 11.41232 0.02741 0.35418 0.95859 72 69 2 65 43 439 100.00000 0
348 3764 11.18328 0.01051 0.59836 0.59347 69 58 6 67 49 302 100.00000 0
573 3994 10.54113 0.01101 0.29200 0.47970 72 60 10 63 39 457 100.00000 0
3411 5862 11.81740 0.13350 0.55813 0.83977 56 48 3 56 28 238 100.00000 0
19 6003 11.16368 0.08689 1.44299 5.03458 29 6 3 13 13 203 100.00000 0
2937 5428 10.42640 0.10762 0.33035 1.35393 19 11 5 15 6 136 100.00000 0
4521 6959 11.11017 0.03566 0.31278 2.05100 62 42 17 58 20 330 100.00000 0
1141 6949 11.29022 0.03130 0.73365 0.96266 36 26 1 29 17 341 100.00000 0
896 6739 11.57555 0.02756 0.31675 1.57371 46 43 1 43 18 271 100.00000 0
3560 8381 10.83840 0.01306 0.73711 0.71052 29 17 7 29 15 179 100.00000 0
239 3667 10.32744 0.02300 0.52174 0.28804 56 51 2 50 30 316 100.00000 0
526 6349 10.28858 0.01488 0.23510 0.65611 108 103 1 94 69 396 100.00000 0
3375 8160 10.99334 0.01145 0.59343 1.38423 20 13 4 18 13 171 100.00000 0
3314 5773 11.31026 0.07349 0.34980 0.42521 16 14 2 9 6 134 100.00000 0
559 3981 10.86277 0.03455 0.45715 1.88305 52 30 15 43 23 401 100.00000 0
1281 4628 10.24919 0.05233 0.47422 0.25179 63 51 11 61 44 321 100.00000 0
2822 5288 10.11718 0.99854 0.61300 2.01616 83 74 8 77 49 284 100.00000 0
1110 6954 11.90834 0.16183 1.48924 2.11674 44 35 8 34 19 333 100.00000 0
15 8354 10.42549 0.08890 1.11208 5.07906 41 7 5 31 21 240 100.00000 0
4519 6987 11.85878 0.01741 0.32601 0.36369 92 88 4 90 56 419 100.00000 0
776 4195 10.11140 0.04594 1.71943 2.60474 50 44 5 41 25 365 100.00000 0
3232 5723 11.55818 0.00925 0.37660 0.70221 32 25 4 29 15 373 100.00000 0
765 6594 11.82502 0.01343 0.56030 0.47064 54 45 8 52 33 294 100.00000 0
3513 5945 10.58476 0.26278 0.61788 1.33384 49 43 2 47 28 291 100.00000 0
4300 6721 11.58170 0.02701 0.89751 1.54307 43 37 3 32 18 243 100.00000 0
4424 6849 10.83068 0.02346 0.55369 1.34057 32 21 10 26 13 239 100.00000 0
1065 4462 11.83476 0.46310 1.63706 2.31054 85 79 5 83 49 393 100.00000 0
40 3554 10.16073 0.08193 1.93493 5.06794 38 5 1 20 18 215 100.00000 0
152 3611 10.02994 0.02145 0.52078 0.76259 49 42 5 38 25 322 100.00000 0
4555 6996 10.93425 0.01149 0.54953 0.60263 50 37 6 44 29 343 100.00000 0
3221 5712 10.05706 0.00902 0.43379 0.52265 30 25 3 28 17 285 100.00000 0
4223 6612 11.68749 0.55818 0.72861 2.01577 67 30 10 60 37 391 100.00000 0
4050 6483 11.87272 0.02902 0.42718 0.99583 70 60 7 64 32 332 100.00000 0
1574 4917 11.39291 0.44359 0.43674 0.60781 31 15 13 25 9 229 100.00000 0
76 6006 11.60326 0.05192 0.44012 2.66682 45 25 7 38 27 212 100.00000 0
5748 8053 11.41390 0.06130 0.38267 3.58692 21 14 4 14 10 243 100.00000 0
5811 8149 10.59780 0.10994 0.34709 0.61166 25 24 0 20 14 163 100.00000 0
19 8354 10.42549 0.08890 1.35484 5.12927 41 9 3 25 16 236 100.00000 0
697 4085 10.47655 0.03896 0.77783 2.01324 88 84 4 78 37 496 100.00000 0
658 6469 11.31732 0.02886 0.47496 1.17570 54 37 11 47 27 337 100.00000 0
265 3714 10.63420 0.00750 0.66828 0.21850 86 73 12 80 49 404 100.00000 0
12 8322 11.21823 0.08738 1.81685 4.94173 42 1 0 34 29 231 100.00000 0
982 4354 10.08860 0.02051 0.65405 1.16768 56 50 2 44 26 339 100.00000 0
588 6407 11.08082 0.01992 0.54917 0.95491 63 55 4 56 33 400 100.00000 0
4449 6918 10.30606 0.50423 0.93688 0.97639 99 93 6 88 57 524 100.00000 0
4413 6834 11.83096 0.03588 0.46948 2.05519 58 50 6 51 20 353 100.00000 0
435 3869 11.33370 0.02385 0.29427 0.49811 81 75 5 73 54 489 100.00000 0
1462 4785 10.81402 0.13086 0.65768 0.61866 199 187 12 199 119 1094 100.00000 0
940 6784 10.78474 0.01877 0.79085 1.07338 43 36 6 37 15 307 100.00000 0
1288 4634 10.10573 0.04631 0.46668 0.73382 66 53 10 54 37 432 100.00000 0
3382 8192 10.37690 0.07589 0.47394 0.65072 29 21 3 19 14 209 100.00000 0
388 3800 11.93879 0.01249 0.34879 0.67724 81 76 1 77 57 389 100.00000 0
232 6100 10.33315 0.02395 0.33348 0.66910 37 25 10 33 18 260 100.00000 0
1623 4923 10.71171 0.25053 0.95064 0.70443 45 30 13 27 21 326 100.00000 0
31 6002 10.15824 0.08518 1.49528 4.78496 48 2 0 39 26 220 100.00000 0
126 8406 10.34363 0.00614 0.79947 0.19979 39 24 13 35 22 206 100.00000 0
183 8449 10.06505 0.01437 0.19875 0.85866 47 45 1 40 32 323 100.00000 0
184 3641 11.34454 0.02533 0.58703 1.44347 26 20 1 24 15 185 100.00000 0
5873 8193 10.06865 0.10818 0.48700 0.72847 39 36 0 37 18 205 100.00000 0
3490 8256 10.33907 0.79211 0.41382 0.73168 44 31 10 37 25 278 100.00000 0
6014 8389 10.08883 0.01310 0.36754 0.73595 23 15 7 21 12 154 100.00000 0
126 3566 10.05762 0.01112 0.40193 0.66382 39 36 2 35 19 198 100.00000 0
5996 8328 11.54457 0.00744 0.36188 0.37220 58 51 6 53 34 244 100.00000 0
3217 5709 10.30701 0.00868 0.63559 0.83743 25 14 1 18 10 179 100.00000 0
6076 8526 10.06636 0.02268 0.46435 0.71873 19 15 1 12 10 127 100.00000 0
1650 4977 10.03832 0.01948 0.67443 1.00405 39 34 5 37 18 205 100.00000 0
3246 5734 10.05621 0.01453 0.59268 0.67202 28 20 5 24 11 369 100.00000 0
4090 6495 11.19621 0.02463 0.31238 0.81661 52 42 8 50 25 400 100.00000 0
3568 8355 11.78559 0.00563 0.24949 0.40056 48 46 1 45 33 270 100.00000 0
913 4293 10.06906 0.02383 0.86470 1.36458 34 25 5 28 18 281 100.00000 0
1153 6989 10.13440 0.00970 0.32157 0.48133 163 160 2 163 126 510 100.00000 0
373 6221 11.64406 0.00891 0.33910 0.58551 104 99 5 98 73 376 100.00000 0
3404 8188 11.05766 0.10109 0.56310 0.24389 40 31 5 38 22 301 100.00000 0
485 6314 10.04627 0.02404 0.31400 0.61357 248 239 8 227 189 782 100.00000 0
3243 8055 11.06274 0.01484 0.63296 1.29483 25 14 5 14 12 379 100.00000 0
187 6085 10.80929 0.02337 0.59757 1.32972 22 10 0 11 8 151 100.00000 0
1025 4422 10.31478 0.02083 0.29684 1.00522 51 44 4 32 29 298 100.00000 0
3396 8208 10.93773 0.12645 0.15970 0.88337 60 55 5 60 38 236 100.00000 0
6107 8595 11.39122 0.03060 0.76476 0.61294 49 27 9 43 22 256 100.00000 0
3843 6284 11.17433 0.02301 0.65508 0.96225 75 68 6 62 27 447 100.00000 0
4457 6890 10.49150 0.41907 1.08553 2.95804 75 51 18 71 34 446 100.00000 0
359 3800 10.63139 0.01759 0.15519 0.99662 153 140 13 139 125 441 100.00000 0
1543 4854 11.95271 0.16610 0.68566 1.44428 52 49 1 45 24 329 100.00000 0
5796 8133 10.43753 0.14704 0.40905 0.73168 43 37 2 37 28 196 100.00000 0
3686 8576 10.83173 0.01491 0.24088 0.29342 36 28 8 26 15 258 100.00000 0
2828 5329 11.49547 0.72360 0.89188 3.89340 17 11 0 15 12 106 100.00000 0
33 95 10.63715 0.07637 1.34595 4.38383 38 7 2 33 21 194 100.00000 0
1276 7108 10.84387 0.05532 0.51221 0.33572 51 42 6 45 32 388 100.00000 0
1553 4891 10.45509 0.24500 0.17413 0.58215 95 85 9 89 68 401 100.00000 0
832 6624 11.04188 0.83572 0.18438 1.28907 47 29 4 40 18 309 100.00000 0
1006 4374 11.13627 0.04693 0.61706 2.78052 51 44 1 45 29 340 100.00000 0
4551 7017 11.68665 0.03921 0.40853 0.69492 42 36 5 34 27 301 100.00000 0
3284 5741 11.28120 0.01391 0.88889 0.79328 33 22 4 33 22 174 100.00000 0
5672 7996 10.28090 0.14077 1.13574 2.06829 21 12 5 12 4 178 100.00000 0
5916 8282 10.87892 0.81725 0.59211 1.01876 74 59 7 60 42 281 100.00000 0
4098 6503 10.78399 0.04512 0.41538 2.42979 66 62 3 40 8 474 100.00000 0
854 4225 11.73332 1.04119 0.92258 1.33031 21 8 0 11 9 172 100.00000 0
731 4116 11.05272 0.01700 0.57469 0.52934 78 75 2 70 60 409 100.00000 0
3536 8317 10.27139 0.02715 0.38584 0.42058 51 50 1 47 39 260 100.00000 0
3498 5924 11.98702 0.97594 1.85377 1.20008 34 17 11 22 8 214 100.00000 0
6053 8466 10.56577 0.02281 0.53109 0.68300 56 46 8 47 38 352 100.00000 0
4441 6910 10.14122 0.47717 1.79040 2.12707 96 93 3 87 24 448 100.00000 0
418 3828 10.29530 0.05376 0.37022 3.03989 149 140 9 143 80 545 100.00000 0
29 3527 10.69874 0.08715 1.47908 4.99159 30 6 0 25 15 213 100.00000 0
4053 6485 11.17804 0.03804 0.21810 1.88637 52 42 10 47 25 331 100.00000 0
4142 6566 10.16146 0.08733 0.41000 0.49653 66 56 9 62 38 506 100.00000 0
3216 7981 11.85666 0.74872 0.74510 2.65992 11 2 0 6 3 128 100.00000 0
3113 5617 10.05663 0.01209 0.27449 0.41117 47 45 1 45 37 259 100.00000 0
783 6618 11.04949 0.22715 0.67106 0.64831 83 72 7 75 52 433 100.00000 0
3663 6090 11.56746 0.02210 0.28505 0.57335 55 52 1 51 37 224 100.00000 0
3293 5752 10.61418 0.03534 0.34986 2.03067 31 27 2 27 12 237 100.00000 0
523 3924 10.79563 0.02087 0.40560 0.13706 102 92 3 64 54 406 100.00000 0
1692 5012 10.28561 0.00741 1.45568 0.22728 12 4 0 4 4 133 100.00000 0
343 6219 10.09782 0.00714 0.36875 0.19782 112 108 3 99 76 489 100.00000 0
599 3996 10.03216 0.02180 0.43095 0.50668 70 62 8 55 34 356 100.00000 0
5675 8001 10.09544 0.06131 0.58593 2.27847 22 14 3 16 12 182 100.00000 0
551 6396 11.65850 0.06585 0.54071 3.76951 46 32 11 34 20 328 100.00000 0
1227 7056 10.03183 0.05889 0.46079 0.15577 96 90 5 94 69 545 100.00000 0
4111 6539 10.20334 0.06865 0.48293 0.28939 68 62 5 68 46 411 100.00000 0
1254 4604 10.85307 0.04707 0.47443 0.82091 128 119 8 121 66 554 100.00000 0
4497 6965 10.74697 0.02188 0.42551 1.26176 28 27 0 26 13 345 100.00000 0
3 8354 10.42549 0.08890 1.28779 5.13889 40 4 10 26 16 233 100.00000 0
5666 7957 11.07263 1.59438 1.74793 1.78422 30 14 14 19 5 223 100.00000 0
4226 6617 10.93077 0.65447 0.83132 1.73461 59 10 3 45 30 340 100.00000 0
569 3991 11.36056 0.02684 0.50425 1.45938 72 63 3 51 28 400 100.00000 0
143 6027 10.32329 0.01450 0.44597 0.90049 43 38 2 32 20 306 100.00000 0
179 3609 11.79688 0.01474 0.52964 0.81277 52 45 4 40 31 317 100.00000 0
1554 4864 11.48628 0.21263 0.32686 1.03439 78 72 5 72 47 293 100.00000 0
89 8333 11.01928 0.02395 0.53195 0.85409 34 27 0 28 18 200 100.00000 0
981 6788 11.51908 0.02512 1.20580 1.44780 42 24 15 37 19 228 100.00000 0
4014 6422 11.51188 0.03176 0.70052 1.41056 48 44 3 41 21 330 100.00000 0
52 3555 11.17761 0.08304 1.45373 4.79975 39 1 3 36 21 222 100.00000 0
3588 8387 10.27868 0.00328 0.39443 0.59742 45 38 3 41 22 206 100.00000 0
583 3981 10.27124 0.01730 0.26735 0.87536 75 71 4 69 51 417 100.00000 0
4435 6905 11.38197 0.38724 1.35976 2.85801 59 32 5 57 30 351 100.00000 0
4399 6857 10.26603 0.03781 0.76527 2.20975 47 41 5 35 18 317 100.00000 0
5891 8208 11.12651 0.12271 0.47007 1.90434 35 29 5 31 17 206 100.00000 0
1623 4956 10.78291 0.02586 0.79000 1.20171 30 21 3 25 18 281 100.00000 0
3339 5822 10.38137 0.11192 0.41716 0.36369 19 11 4 10 8 134 100.00000 0
34 95 10.63715 0.07637 1.09812 4.34884 35 9 2 19 14 204 100.00000 0
3320 8103 10.59609 0.10287 0.66597 0.27411 20 14 2 18 10 146 100.00000 0
4278 6695 11.81124 0.00851 0.52304 0.58684 18 14 3 10 9 138 100.00000 0
1845 5125 11.28235 1.16774 1.02779 0.63551 23 6 0 18 8 148 100.00000 0
1213 7045 11.83461 0.06877 0.47868 0.31027 97 95 0 95 71 433 100.00000 0
5680 7957 10.56065 1.57333 1.64737 2.59405 21 17 3 14 6 216 100.00000 0
5724 8030 10.80381 0.01483 0.42336 0.63551 18 14 2 12 7 349 100.00000 0
602 4022 10.02787 0.02106 0.19558 1.03703 59 56 3 55 38 371 100.00000 0
5673 8001 11.60502 0.06474 0.65334 2.37949 9 5 1 1 2 110 100.00000 0
4044 6477 11.89692 0.04528 0.22441 2.05766 43 33 9 39 26 289 100.00000 0
608 6450 11.59272 0.01759 0.05858 0.26244 65 57 7 63 34 428 100.00000 0
4198 6641 10.61259 0.56086 1.00716 1.14603 85 57 17 81 53 432 100.00000 0
3299 5788 11.83617 0.10469 0.34626 0.34605 14 11 3 12 10 111 100.00000 0
3229 5689 11.96084 0.05460 1.03664 3.07943 15 10 5 13 2 170 100.00000 0
33 3554 10.16073 0.08193 1.54421 4.74169 45 5 3 39 23 219 100.00000 0
807 4190 11.48508 0.15506 0.27614 1.26949 77 65 9 71 47 452 100.00000 0
3493 8309 11.86674 0.32454 0.73206 1.53951 48 40 2 34 23 278 100.00000 0
152 6033 11.33923 0.01341 0.73422 0.76719 38 23 9 29 20 250 100.00000 0
3523 5955 11.03610 0.06987 0.63633 0.51510 41 33 3 37 27 214 100.00000 0
1206 4583 10.65921 0.05138 0.20826 0.77531 66 62 3 64 34 502 100.00000 0
3509 8280 11.67359 0.57119 1.12209 1.32293 51 38 7 42 30 215 100.00000 0
888 6732 11.29920 0.02043 0.61149 1.09754 28 21 5 25 11 196 100.00000 0
242 3670 10.09476 0.01918 0.31238 0.46981 70 67 3 66 37 285 100.00000 0
