578 5020 11.43621 3.12303 1.53909 3.40548 20 2 0 16 11 159 100.00000 0
136 5376 11.92129 3.12279 0.61123 0.70109 9 0 2 5 2 85 100.00000 0
788 3842 10.74027 3.10179 1.45266 2.84758 22 0 0 15 9 302 100.00000 0
3639 4606 10.30963 0.03521 0.23777 1.18432 42 28 8 36 26 355 100.00000 0
644 4962 10.71149 3.05329 0.73645 2.14448 18 2 0 15 10 178 100.00000 0
243 1953 11.63800 0.24712 0.42242 0.52712 54 25 12 48 33 329 100.00000 0
3712 4655 11.93130 0.31879 0.83847 2.22967 10 5 1 3 5 146 100.00000 0
2145 5124 10.08740 2.92687 1.44018 1.29573 20 0 0 18 8 183 100.00000 0
1550 3198 11.41989 0.02848 0.69262 0.80113 62 16 15 59 36 373 100.00000 0
2533 4712 11.80353 3.12994 1.70654 2.19142 24 0 0 24 12 203 100.00000 0
833 2494 10.30965 0.05381 0.46857 1.06863 71 36 11 55 45 430 100.00000 0
1007 2700 10.46347 0.00817 0.74069 0.35718 42 8 2 37 27 234 100.00000 0
615 4004 10.56244 3.14075 1.21563 1.93795 16 0 0 10 5 230 100.00000 0
403 2100 11.47804 0.09983 0.45228 0.44235 29 15 9 25 17 321 100.00000 0
1534 3208 11.67620 0.03358 0.22569 0.36797 32 26 4 32 22 329 100.00000 0
589 2288 10.95919 0.02587 0.44145 0.52860 35 17 4 33 23 313 100.00000 0
550 5029 10.41016 3.09732 1.27891 2.23826 32 0 0 32 14 164 100.00000 0
743 4861 10.88555 3.13681 1.21701 1.65280 20 1 0 8 3 297 100.00000 0
2261 4049 11.76058 3.13964 1.88072 0.58950 15 0 0 11 6 191 100.00000 0
3813 4777 10.23002 0.03804 0.42346 0.22381 29 11 11 25 11 392 100.00000 0
654 4922 10.28362 2.40536 0.99552 2.50311 51 0 1 36 20 392 100.00000 0
582 2262 11.35520 0.02476 0.50280 0.69942 53 24 8 48 25 326 100.00000 0
446 5121 10.31008 2.89163 1.33122 0.54894 29 0 1 23 10 177 100.00000 0
2044 5244 10.66355 3.06308 0.91579 1.47830 25 3 2 21 9 328 100.00000 0
1946 5329 11.74434 2.73203 0.66076 1.08390 31 4 2 29 20 164 100.00000 0
976 2666 10.07307 0.03653 0.51018 0.26541 30 16 4 28 25 211 100.00000 0
2489 4763 11.74640 3.07237 1.05649 1.77850 21 0 0 19 10 226 100.00000 0
2104 5181 10.10429 3.05098 1.28376 1.04978 8 0 0 5 2 127 100.00000 0
438 2153 11.04805 0.07786 0.46402 0.56371 39 24 5 36 31 253 100.00000 0
1000 2693 10.87926 0.02734 0.63356 1.00288 24 6 2 20 11 216 100.00000 0
560 2244 10.34940 0.03513 1.01182 1.09002 15 0 0 13 10 118 100.00000 0
675 3936 10.04436 2.55379 1.06910 1.82906 20 0 0 17 11 144 100.00000 0
709 2368 10.67656 0.21330 0.74525 2.35817 12 4 0 5 5 171 100.00000 0
3708 4652 11.12419 0.34071 0.33508 1.30985 23 14 7 23 14 159 100.00000 0
356 2078 11.90709 0.05991 0.56264 0.67724 46 14 7 36 25 363 100.00000 0
569 5026 10.00868 3.08333 1.54592 1.54662 18 0 1 15 5 114 100.00000 0
674 2373 11.86279 0.45703 0.51923 0.72685 13 8 1 11 7 144 100.00000 0
678 3930 11.71887 2.60869 1.44039 3.00505 9 0 0 5 4 157 100.00000 0
2382 3936 10.91116 3.11171 0.71273 2.06924 13 3 0 10 3 202 100.00000 0
925 2581 11.68842 0.04156 0.41331 1.57545 12 4 2 12 8 150 100.00000 0
2572 4686 10.71264 3.08337 0.71373 2.05138 9 3 0 7 7 151 100.00000 0
1947 5320 11.05873 2.74457 0.82294 1.81575 26 0 2 18 12 156 100.00000 0
610 4970 11.35571 3.12428 1.95712 2.65210 31 0 0 26 13 189 100.00000 0
2340 3950 11.63911 2.28591 0.48319 1.46152 43 5 7 39 21 319 100.00000 0
4168 5099 11.64545 0.61028 0.51469 1.68307 21 4 5 15 12 178 100.00000 0
4058 5007 10.84930 0.01445 0.34509 0.77430 41 21 5 37 27 415 100.00000 0
2174 5107 10.02640 3.08997 0.91745 1.55972 24 4 0 19 6 156 100.00000 0
544 4094 10.20710 3.12869 0.97231 3.53380 15 0 0 15 6 142 100.00000 0
437 5144 11.77698 3.00304 0.63570 1.74944 11 2 3 6 6 179 100.00000 0
2493 4778 11.12138 3.11368 0.87284 1.78158 36 3 1 30 15 320 100.00000 0
2427 3891 11.61145 3.12966 0.80353 1.93006 42 2 3 40 16 375 100.00000 0
2355 3931 11.53232 2.54781 1.35804 1.83504 13 1 0 9 8 147 100.00000 0
1680 3388 11.48121 0.97328 0.81106 1.75925 68 11 3 64 38 267 100.00000 0
841 3785 11.07551 3.09259 1.20299 1.88346 17 0 0 13 8 182 100.00000 0
2172 5113 11.52031 3.11062 1.40131 0.70053 13 0 0 10 4 151 100.00000 0
2526 3783 10.31615 3.13565 0.88129 2.66609 14 4 2 10 8 188 100.00000 0
778 2458 10.79463 0.02716 0.61639 0.96347 20 7 4 14 10 282 100.00000 0
3596 4535 10.11508 0.09803 0.20510 1.08390 51 38 8 51 31 281 100.00000 0
429 5150 10.65522 3.00195 0.71548 1.17636 27 4 1 27 19 169 100.00000 0
2182 5092 11.76291 3.12019 1.12507 3.48448 17 1 0 12 9 145 100.00000 0
4171 5108 11.75264 0.77976 0.31633 1.13918 25 15 3 21 8 207 100.00000 0
2416 3900 10.24818 3.13990 1.75514 1.88097 18 0 0 18 5 257 100.00000 0
3596 4561 10.82686 0.02832 0.42020 1.61471 32 15 3 30 20 211 100.00000 0
663 4948 11.21786 2.65241 0.47334 3.66180 26 10 6 19 9 181 100.00000 0
196 5351 11.16528 3.07223 1.09605 1.34756 26 4 2 14 8 146 100.00000 0
1638 3280 11.84708 0.02932 0.54793 0.25023 51 17 14 48 32 207 100.00000 0
3714 4658 11.05753 0.25151 1.43994 4.78135 6 4 0 0 1 136 100.00000 0
613 4006 10.80174 3.13620 1.63346 1.42299 36 0 0 26 9 232 100.00000 0
459 2172 10.93767 0.20373 0.45601 0.49099 44 20 13 44 27 267 100.00000 0
674 3972 10.94729 2.84530 0.86894 1.92173 6 0 1 6 3 92 100.00000 0
587 2287 11.72779 0.02617 0.46655 0.39167 51 21 10 38 28 301 100.00000 0
206 1926 11.39087 0.56721 0.80188 0.90569 77 18 16 68 46 330 100.00000 0
3876 4847 11.90419 0.00792 0.77083 0.39958 72 10 12 67 35 608 100.00000 0
940 4629 11.60252 2.19801 0.36760 1.34639 39 12 5 33 21 237 100.00000 0
531 2236 10.44393 0.01136 0.34094 0.78882 36 23 8 31 26 189 100.00000 0
2332 4928 10.44883 2.51728 0.71242 1.79864 46 5 1 38 21 389 100.00000 0
617 2316 10.64289 0.00780 0.98242 0.86863 23 1 6 23 10 383 100.00000 0
4128 5070 11.75155 0.05453 0.27153 1.50714 11 4 0 6 7 102 100.00000 0
4115 5059 11.25828 0.00781 0.37353 0.44146 14 8 4 14 10 155 100.00000 0
2490 3826 10.80704 3.12297 0.45371 1.92620 21 6 4 17 8 308 100.00000 0
687 2341 11.94929 0.71080 0.40915 1.12466 35 12 10 31 25 185 100.00000 0
2070 5218 10.22833 3.08474 0.87305 1.40054 35 2 3 29 14 349 100.00000 0
942 4632 11.85576 2.23617 0.51528 0.95613 21 10 2 19 10 176 100.00000 0
461 4174 11.06802 2.00171 1.06752 2.02429 29 1 3 25 11 243 100.00000 0
4071 5039 11.58759 0.05218 0.80130 0.60909 10 4 2 6 5 126 100.00000 0
697 4909 11.46042 3.11627 0.68245 1.45374 12 2 1 10 8 156 100.00000 0
592 4028 10.66870 3.12096 1.60126 1.72101 44 0 0 44 23 305 100.00000 0
1553 3201 11.06317 0.02811 0.38626 0.52265 57 25 13 52 35 403 100.00000 0
4153 5107 11.61201 0.35407 0.49612 1.93229 18 8 1 16 5 176 100.00000 0
677 2374 11.17772 0.39846 0.74640 0.55883 13 3 6 7 6 161 100.00000 0
2430 4847 10.06805 3.12970 0.69698 1.72578 75 14 10 75 39 576 100.00000 0
1021 2697 10.74601 0.00637 0.47468 0.42613 36 20 1 34 27 195 100.00000 0
762 4843 10.68134 3.12868 0.68553 1.83952 92 24 6 92 44 626 100.00000 0
697 3948 11.22365 3.10169 0.61688 1.30656 11 2 0 11 9 223 100.00000 0
347 2069 10.25467 0.05346 0.22063 0.64771 50 21 15 48 27 470 100.00000 0
639 2343 11.23128 0.59822 0.54281 1.30326 33 10 9 33 18 236 100.00000 0
2577 3702 11.56777 2.89834 0.68048 0.76002 11 3 0 11 5 127 100.00000 0
757 2420 10.30308 0.00808 0.51036 0.38052 79 33 13 73 44 549 100.00000 0
761 4824 11.60918 3.12781 1.05347 2.96240 57 0 1 45 16 501 100.00000 0
310 2037 11.00547 0.08125 0.39109 0.23070 32 19 6 27 17 643 100.00000 0
1431 3074 11.13807 0.30732 0.52861 1.02106 18 8 4 16 5 181 100.00000 0
137 5378 11.90650 3.09767 1.94562 3.11496 11 0 0 6 2 130 100.00000 0
4047 4996 11.62425 0.02259 0.52314 1.36945 25 9 4 25 20 194 100.00000 0
2135 5132 10.26642 3.00705 1.49854 0.47970 31 0 0 25 12 188 100.00000 0
2277 4031 11.83600 3.13328 1.41628 1.89134 53 0 0 42 18 284 100.00000 0
468 4159 11.03084 2.53441 0.94893 1.07775 37 1 3 33 15 249 100.00000 0
1480 3131 11.43637 0.03320 0.38053 0.23573 62 28 24 56 32 719 100.00000 0
4160 5108 10.66491 0.48043 0.52032 1.09539 19 10 0 15 13 200 100.00000 0
3718 4684 10.02011 0.03842 0.89564 1.91867 21 2 2 15 12 238 100.00000 0
634 4945 11.14350 2.87061 1.20301 2.62674 22 1 2 20 5 168 100.00000 0
788 4816 10.05842 3.11728 0.71756 2.62659 40 9 6 37 23 299 100.00000 0
486 5098 10.34994 3.03570 0.75791 2.27985 18 4 1 16 8 136 100.00000 0
2177 5097 11.62230 3.06622 1.41300 2.28328 17 1 1 14 8 150 100.00000 0
2357 4893 10.46996 2.60736 0.90809 0.75796 16 0 1 16 7 151 100.00000 0
1613 3255 11.98887 0.02737 0.79569 0.66086 24 1 9 17 12 244 100.00000 0
734 3888 11.81277 3.12974 1.73315 1.51594 26 0 0 20 11 279 100.00000 0
257 5284 11.46593 2.95364 1.30912 1.29995 28 0 0 23 12 233 100.00000 0
692 2349 10.51250 0.52118 0.32071 1.30296 14 6 5 14 6 165 100.00000 0
2563 3720 11.41264 3.13139 1.80262 1.86425 11 0 0 7 6 153 100.00000 0
824 3804 11.44454 3.07048 1.40865 2.27606 22 0 0 14 9 299 100.00000 0
2182 4176 10.18623 2.29928 1.05860 3.14448 27 4 0 23 12 181 100.00000 0
3705 4674 11.76040 0.23167 0.13709 1.21788 7 2 2 5 3 162 100.00000 0
940 4638 10.44231 2.35295 0.44534 1.50011 26 8 2 20 10 258 100.00000 0
634 3981 11.78940 2.81591 0.93401 2.56781 17 0 0 7 4 179 100.00000 0
1457 3136 11.46753 0.06903 0.57880 0.91514 30 14 7 28 18 416 100.00000 0
2541 3748 10.85111 3.07535 1.34347 0.98596 33 0 0 29 16 215 100.00000 0
906 4666 10.64531 3.03913 1.45805 3.29099 12 0 1 7 4 151 100.00000 0
1626 3269 10.47484 0.02782 0.43322 0.99426 32 9 8 28 14 299 100.00000 0
2422 4856 10.96830 3.13239 0.71301 1.64521 29 1 9 24 9 307 100.00000 0
153 5375 11.47355 2.95406 0.29512 0.78084 27 18 2 27 13 168 100.00000 0
670 2369 11.19629 0.49906 0.63655 1.36773 9 5 0 6 6 109 100.00000 0
3733 4679 10.39465 0.03934 0.31581 0.55602 22 14 3 20 12 235 100.00000 0
1396 3081 11.00135 0.55455 0.74352 0.58013 50 8 16 44 22 299 100.00000 0
3958 4939 10.66157 0.69696 0.35852 0.46981 42 16 12 40 28 306 100.00000 0
2529 3762 10.92583 3.09764 1.46533 2.29525 29 0 0 25 17 222 100.00000 0
796 4809 11.59035 3.10642 0.78993 2.01246 22 4 0 17 6 327 100.00000 0
461 4184 11.81846 1.68117 1.04830 1.80667 22 4 3 17 7 173 100.00000 0
541 2226 11.49723 0.02005 0.37788 0.79721 18 9 5 16 10 161 100.00000 0
802 4802 10.86504 3.10626 0.44516 1.35884 25 8 6 17 10 296 100.00000 0
700 3945 11.49248 3.11606 0.29752 2.23878 13 7 0 11 8 166 100.00000 0
3652 4597 10.41791 0.03204 0.73114 1.71919 26 15 6 26 13 264 100.00000 0
1295 2970 11.17072 0.01139 0.54140 0.44587 27 17 7 25 19 274 100.00000 0
179 5351 10.79003 3.06699 0.62466 1.95144 25 6 2 20 17 260 100.00000 0
1054 2731 11.99553 0.00913 0.52620 0.65012 21 6 5 17 8 256 100.00000 0
3658 4603 10.67150 0.02717 0.42289 0.81805 67 54 7 65 50 292 100.00000 0
400 2118 10.44191 0.16050 0.39401 1.12117 34 10 3 32 17 251 100.00000 0
2347 4944 11.84810 2.67898 0.56066 1.71919 10 1 2 4 4 174 100.00000 0
2308 4957 11.53459 3.08270 0.66886 2.11433 42 10 2 42 19 350 100.00000 0
1053 2731 10.83645 0.01043 0.37742 0.66676 52 33 12 45 36 328 100.00000 0
887 3752 10.21932 3.08382 0.80610 1.86299 27 4 0 21 15 224 100.00000 0
1477 3128 11.03882 0.01932 0.38664 0.46897 54 28 6 50 32 661 100.00000 0
3677 4623 10.12217 0.15192 0.44383 0.76002 33 19 9 33 24 248 100.00000 0
2572 4687 11.84642 3.08366 0.88027 2.11118 6 1 1 2 1 161 100.00000 0
314 2018 10.77043 0.08374 0.39772 0.76208 48 28 10 43 28 574 100.00000 0
817 4786 11.00763 3.09832 0.72745 1.41720 26 6 4 21 13 305 100.00000 0
1949 5317 10.78087 2.75912 1.19362 1.73641 29 0 0 26 15 161 100.00000 0
1389 3031 11.51288 0.55584 0.37644 0.95203 66 16 14 62 45 419 100.00000 0
5426 5536 10.62562 0.00675 0.54233 0.41401 44 21 9 37 27 632 100.00000 0
723 3920 11.65564 3.13268 0.43043 2.23808 18 4 2 12 4 204 100.00000 0
1285 2934 11.92193 0.01450 0.49078 0.53302 89 35 17 87 57 391 100.00000 0
600 2277 11.91047 0.01061 0.54402 0.57539 39 15 16 39 25 283 100.00000 0
618 2292 11.68035 0.01462 0.28904 0.82898 40 25 8 30 26 424 100.00000 0
224 1937 11.76984 0.37191 0.53190 0.33572 42 18 17 40 26 177 100.00000 0
270 5294 10.66483 3.11474 0.66068 0.38967 22 2 1 17 12 283 100.00000 0
944 3672 11.28042 2.26879 0.55620 1.28054 33 16 8 27 15 231 100.00000 0
667 4904 11.18733 2.38016 1.23902 1.30266 18 0 0 16 10 139 100.00000 0
2438 3861 11.49946 3.13012 1.53085 3.06005 31 2 0 25 8 380 100.00000 0
2043 5246 11.85717 3.05463 0.60938 1.72215 35 0 3 26 17 416 100.00000 0
409 2105 11.49739 0.10281 0.73986 0.65611 23 3 3 21 12 167 100.00000 0
684 2338 11.82251 0.76163 0.36282 0.90828 32 18 6 25 17 181 100.00000 0
1993 5270 11.50930 2.92640 0.93707 1.90393 35 2 1 30 19 367 100.00000 0
1439 3119 11.31318 0.05056 0.53634 2.06052 17 3 2 9 7 256 100.00000 0
2353 4932 10.61107 2.91770 0.47541 1.79144 10 4 0 6 7 123 100.00000 0
677 3969 11.13485 2.89401 0.45774 3.73056 9 3 1 4 3 97 100.00000 0
3651 4621 11.06482 0.03315 0.49757 1.83973 25 5 3 20 12 271 100.00000 0
590 4992 10.14524 3.12284 0.72676 2.25863 51 9 16 44 33 359 100.00000 0
