1949 5079 10.80691 0.00882 7.47870 1.12361 7 0 0 7 6 47 100.00000 0
3645 6593 11.70663 0.00345 8.66875 15.60011 9 0 0 5 6 52 100.00000 0
3559 6480 11.23116 0.01288 7.45569 3.25738 34 0 0 29 13 318 100.00000 0
6614 7182 10.97805 0.01904 13.03134 13.41330 12 0 0 10 12 108 100.00000 0
2429 5323 11.68318 0.82280 2.27141 2.71916 57 14 18 53 37 211 100.00000 0
2172 2321 11.33265 0.27787 2.03845 2.14740 23 12 4 17 13 121 100.00000 0
2472 2581 11.22698 0.77641 2.37005 2.69239 45 12 3 35 24 201 100.00000 0
2171 2470 11.86999 0.30255 2.97355 3.54177 11 7 0 5 6 111 100.00000 0
2171 2366 11.86999 0.30255 2.76261 2.22704 14 3 0 10 6 125 100.00000 0
3526 6446 10.51057 0.03046 2.32832 0.73275 9 0 0 9 5 50 100.00000 0
2476 5321 10.45620 0.77092 2.27841 3.05608 63 8 10 52 45 207 100.00000 0
2411 5323 11.68318 0.82280 2.46013 2.98426 61 29 17 48 42 207 100.00000 0
6603 7152 11.74402 0.00648 11.89059 2.04469 15 0 0 15 13 134 100.00000 0
3651 6604 10.22634 0.00689 4.94094 31.12300 7 0 0 2 4 92 100.00000 0
2495 5320 10.24209 0.74014 2.53778 3.08185 54 16 3 47 35 224 100.00000 0
2320 5321 10.76751 0.80012 2.30782 2.59752 80 30 33 74 60 267 100.00000 0
2488 5323 11.68318 0.82280 2.52806 2.84180 39 6 15 33 25 209 100.00000 0
1915 5045 11.31781 0.00580 42.86159 0.34035 7 0 0 2 3 45 100.00000 0
2171 2500 11.86999 0.30255 2.02171 2.40518 16 1 0 6 5 138 100.00000 0
2052 5187 10.74936 0.02658 10.47090 2.84661 25 0 0 20 16 114 100.00000 0
2511 2583 11.93117 0.82358 2.22836 2.70458 49 16 6 38 26 216 100.00000 0
6604 6789 11.24828 0.00629 9.72241 6.64305 11 0 0 11 8 104 100.00000 0
2312 5320 11.43827 0.82385 2.28664 2.35252 73 23 38 69 53 254 100.00000 0
7112 7202 10.99288 0.02735 8.47966 9.52931 12 0 0 7 8 130 100.00000 0
2335 2582 11.44621 0.80088 2.09241 2.65874 63 47 8 58 48 201 100.00000 0
2359 5321 10.45620 0.77092 2.39130 2.91000 80 24 24 68 52 256 100.00000 0
2337 5323 11.68318 0.82280 2.36038 2.68263 58 14 28 40 39 260 100.00000 0
1942 5057 10.01155 0.01166 11.77122 0.68070 8 0 0 6 4 64 100.00000 0
6605 7012 10.99721 0.00661 10.18379 0.82614 8 0 0 5 5 126 100.00000 0
1927 5040 11.80408 0.00990 13.19013 2.73566 6 0 0 4 3 46 100.00000 0
3660 6661 11.15628 0.00375 4.06276 0.22029 10 1 1 1 2 116 100.00000 0
2178 2468 10.26950 0.29786 2.16845 1.81078 18 5 2 14 8 99 100.00000 0
3477 6402 11.29745 0.04273 16.38233 2.44857 10 0 0 7 5 47 100.00000 0
6605 6975 10.99721 0.00661 10.77959 0.86411 7 0 0 7 3 89 100.00000 0
2422 5320 10.24209 0.74014 2.36271 3.14871 67 29 11 61 40 241 100.00000 0
