0.02801 0.04674
0.02668 0.05233
0.02198 0.04969
0.01338 0.02662
0.01728 0.04194
0.01974 0.04973
0.02016 0.05078
0.02319 0.07116
0.02022 0.04992
0.02080 0.05418
0.02419 0.07748
0.02492 0.07138
0.01951 0.04946
0.02506 0.07143
0.02110 0.05363
0.02329 0.05045
0.02334 0.05335
0.02201 0.05003
0.02323 0.07072
0.02438 0.05098
0.02318 0.05385
0.01978 0.05836
0.02377 0.05487
0.02397 0.06750
0.02462 0.07688
0.02078 0.04142
0.02060 0.03768
0.02225 0.05942
0.02250 0.05692
0.02094 0.05346
0.02022 0.03870
0.02006 0.04876
0.02175 0.05867
0.02276 0.06423
0.02365 0.06536
0.02339 0.06744
0.02240 0.05622
0.02099 0.06268
0.01818 0.03230
0.02481 0.06802
0.01929 0.04682
0.01977 0.05558
0.02250 0.05530
0.02236 0.04755
0.02434 0.07367
0.02068 0.05468
0.01585 0.02650
0.02516 0.06840
0.01763 0.04289
0.02449 0.05516
0.02002 0.06118
0.02017 0.03513
0.02502 0.08292
0.02121 0.05259
0.02316 0.04875
0.02325 0.07024
0.02433 0.05146
0.02511 0.07175
0.02020 0.05378
0.02268 0.05874
0.02488 0.07780
0.02539 0.05261
0.02282 0.04910
0.02196 0.04686
0.01956 0.05068
0.02344 0.07214
0.02189 0.06040
0.02136 0.04858
0.02331 0.04598
0.02385 0.05652
0.01752 0.03948
0.02576 0.07439
0.02344 0.06372
0.02166 0.06177
0.02160 0.05470
0.02375 0.06543
0.02043 0.04257
0.02600 0.05206
0.02079 0.05075
0.02428 0.07279
0.01840 0.03282
0.02205 0.04555
0.01963 0.04647
0.02521 0.05557
0.02366 0.06758
0.02272 0.06427
0.02453 0.07173
0.02303 0.04720
0.02365 0.05179
0.02379 0.07045
0.01464 0.03394
0.01967 0.05010
0.02559 0.07059
0.01527 0.02505
0.02469 0.07225
0.02317 0.06561
0.02368 0.07016
0.02052 0.04574
0.02048 0.05093
0.02196 0.05431
0.02087 0.04298
0.01767 0.04102
0.02396 0.06413
0.01822 0.04362
0.01870 0.03446
0.02349 0.07210
0.02494 0.05929
0.01991 0.05254
0.02160 0.05516
0.02535 0.05044
0.02321 0.07135
0.02046 0.04864
0.02343 0.05410
0.02010 0.03758
0.01761 0.03365
0.01993 0.05622
0.01784 0.04799
0.02081 0.05221
0.01895 0.03515
0.02243 0.05926
0.02324 0.04729
0.02255 0.06312
0.02037 0.04824
0.02266 0.06513
0.02055 0.04955
0.02166 0.05172
0.02581 0.05330
0.01817 0.04283
0.02265 0.06240
0.02575 0.05417
0.02024 0.04459
0.02246 0.04692
0.02161 0.04694
0.02095 0.06275
0.01897 0.04239
0.02373 0.06414
0.01793 0.04073
0.01867 0.05032
0.02395 0.05861
0.02136 0.05566
0.02054 0.05206
0.02257 0.04790
0.02266 0.04867
0.02487 0.07096
0.02077 0.05463
0.02064 0.05509
0.02006 0.05505
0.01943 0.05301
0.01931 0.04592
0.02268 0.06793
0.02519 0.07136
0.02313 0.07041
0.02141 0.05093
0.02295 0.04675
0.02375 0.05964
0.02388 0.07027
0.02212 0.04675
0.02450 0.06736
0.01842 0.04357
0.02154 0.05515
0.02567 0.05922
0.02032 0.04548
0.02099 0.05284
0.02524 0.07345
0.02331 0.07235
0.01809 0.04797
0.02346 0.04842
0.02404 0.06575
0.02235 0.04795
0.02440 0.04661
0.02505 0.05231
0.02034 0.04609
0.02098 0.03929
0.02043 0.04312
0.02015 0.04500
0.02589 0.05384
0.01960 0.04227
0.02180 0.05279
0.02543 0.06844
0.02413 0.06954
0.02368 0.07292
0.02225 0.06340
0.02248 0.05729
0.02446 0.05898
0.02175 0.05271
0.02470 0.06560
0.02488 0.07489
0.02343 0.06584
0.02093 0.05471
0.02091 0.04938
0.01962 0.05049
0.02274 0.04790
0.02127 0.04548
0.01932 0.04963
0.01662 0.03555
0.02069 0.05694
0.02471 0.06916
0.01958 0.04264
0.02261 0.05160
0.02130 0.06001
