0.04509 0.02781
0.01879 0.02077
0.00832 0.00710
0.00642 0.00791
0.02456 0.03241
0.01825 0.01037
0.00181 0.00262
0.02247 0.01825
0.01901 0.01798
0.02073 0.02804
0.00733 0.00845
0.02167 0.02217
0.02481 0.01863
0.00981 0.00894
0.01276 0.01299
0.02485 0.02940
0.03015 0.02007
0.02078 0.01842
0.00152 0.00154
0.00814 0.00961
0.02092 0.01898
0.01994 0.01947
0.02084 0.02129
0.02473 0.01977
0.01812 0.02012
0.01953 0.01834
0.01943 0.01975
0.00153 0.00131
0.00160 0.00157
0.02093 0.01765
0.02181 0.01821
0.02010 0.01795
0.01244 0.00758
0.01897 0.01665
0.01952 0.01922
0.00559 0.00418
0.01964 0.02067
0.00302 0.00298
0.02516 0.01963
0.02167 0.02367
0.01994 0.02167
0.02189 0.02355
0.03142 0.01966
0.01946 0.01695
0.02418 0.02721
0.00179 0.00164
0.02190 0.02399
0.02679 0.02565
0.00855 0.00590
0.00283 0.00305
0.02080 0.01633
0.02226 0.02962
0.01942 0.01792
0.01736 0.01963
0.02143 0.02345
0.01300 0.01281
0.00953 0.01116
0.02240 0.02042
0.01601 0.02040
0.00247 0.00268
0.01680 0.01651
0.01911 0.01988
0.02054 0.01767
0.02968 0.02579
0.00150 0.00176
0.00400 0.00401
0.02210 0.02531
0.03190 0.01933
0.01867 0.01549
0.02385 0.02692
0.01185 0.01126
0.02023 0.02083
0.02039 0.02049
0.03557 0.02506
0.01472 0.01399
0.02037 0.02084
0.01903 0.01954
0.02739 0.02439
0.00851 0.00532
0.02114 0.01534
0.00448 0.00497
0.02951 0.02308
0.02040 0.01859
0.01748 0.01818
0.04809 0.02382
0.02114 0.02300
0.02566 0.03744
0.02619 0.02931
0.01835 0.01755
0.00511 0.00435
0.00294 0.00276
0.00176 0.00167
0.00167 0.00159
0.02803 0.02480
0.01950 0.01795
0.00427 0.00359
0.01754 0.01736
0.02683 0.01887
0.01649 0.01769
0.00619 0.00589
0.01865 0.02815
0.01676 0.01863
0.02211 0.02260
0.01757 0.01649
0.00601 0.00460
0.02012 0.02206
0.02751 0.02708
0.01336 0.01290
0.02423 0.01840
0.00642 0.00438
0.02344 0.01827
0.00305 0.00266
0.00147 0.00121
0.02171 0.02280
0.02237 0.02482
0.01583 0.01785
0.00769 0.00800
0.01662 0.02086
0.02502 0.02570
0.01829 0.01933
0.02143 0.02076
0.03242 0.02484
0.03260 0.01857
0.00215 0.00216
0.02008 0.01815
0.00163 0.00158
0.01346 0.00997
0.01989 0.02040
0.02574 0.02435
0.02569 0.02465
0.02322 0.02470
0.01865 0.02025
0.03466 0.02033
0.01941 0.01895
0.02054 0.01979
0.00125 0.00119
0.00150 0.00130
0.00740 0.00847
0.00133 0.00138
0.01386 0.01894
0.00579 0.00475
0.00242 0.00228
0.00261 0.00293
0.02466 0.02756
0.02023 0.01836
0.01836 0.02007
0.03780 0.02064
0.02985 0.02717
0.03792 0.02572
0.02185 0.02508
0.00861 0.00500
0.00920 0.00868
0.02490 0.03095
0.02321 0.02287
0.02141 0.01926
0.01892 0.01891
0.02582 0.02416
0.01843 0.02255
0.01850 0.01928
0.01887 0.01927
0.02269 0.01975
0.02288 0.01996
0.02142 0.02070
0.00145 0.00167
0.00519 0.00433
0.02256 0.02401
0.02280 0.01877
0.00670 0.00523
0.00250 0.00254
0.01589 0.01921
0.01472 0.01165
0.01288 0.00716
0.03158 0.02031
0.02410 0.01827
0.00163 0.00228
0.03401 0.03801
0.00819 0.00563
0.02415 0.02546
0.00169 0.00206
0.01932 0.01804
0.03304 0.02862
0.02309 0.02970
0.02737 0.02075
0.01980 0.02339
0.02330 0.03009
0.00162 0.00190
0.02050 0.02186
0.02659 0.02256
0.00557 0.00434
0.02459 0.02685
0.02341 0.03296
0.00606 0.00455
0.03561 0.02506
0.00153 0.00169
0.00658 0.00471
0.02382 0.01920
0.02364 0.01913
0.00885 0.00593
0.00710 0.00459
0.01183 0.01486
