0.11986 0.03426
0.19191 0.03810
0.13844 0.03165
0.07527 0.01683
0.11470 0.02933
0.10114 0.02988
0.10709 0.03007
0.15115 0.05773
0.09321 0.03137
0.14076 0.03948
0.13712 0.05556
0.15784 0.05271
0.13131 0.03472
0.14803 0.05176
0.11181 0.03104
0.14856 0.03134
0.14727 0.03642
0.13203 0.03449
0.13313 0.05157
0.15645 0.03284
0.13532 0.03363
0.11708 0.03901
0.13661 0.03638
0.14057 0.04550
0.16101 0.05806
0.13003 0.02680
0.13367 0.02663
0.11829 0.03865
0.11498 0.03535
0.11469 0.03572
0.13809 0.02864
0.09195 0.02816
0.11830 0.03964
0.14827 0.04928
0.14801 0.04688
0.14383 0.04976
0.13277 0.03694
0.11306 0.04314
0.10962 0.02246
0.14959 0.04932
0.09864 0.03040
0.10888 0.03472
0.11721 0.03644
0.14229 0.03188
0.14956 0.05377
0.11467 0.03859
0.09474 0.01898
0.14971 0.04991
0.12227 0.03002
0.15208 0.03670
0.11839 0.04408
0.14278 0.02573
0.14795 0.05725
0.13459 0.03474
0.13432 0.03173
0.15791 0.05861
0.16423 0.03419
0.16321 0.05412
0.11311 0.03388
0.14939 0.03957
0.15187 0.05728
0.19445 0.03602
0.18101 0.03683
0.13306 0.03197
0.10756 0.03070
0.13449 0.05574
0.12353 0.04296
0.12240 0.03075
0.14816 0.03321
0.14910 0.03736
0.10906 0.02609
0.17547 0.05616
0.15460 0.04676
0.13637 0.04473
0.11733 0.03651
0.14538 0.04676
0.14482 0.02800
0.18531 0.03663
0.11847 0.03619
0.15556 0.05693
0.11714 0.02292
0.15510 0.02939
0.10093 0.02811
0.17449 0.03854
0.13237 0.04942
0.12817 0.04215
0.15302 0.05426
0.15817 0.03104
0.16848 0.03519
0.14025 0.05426
0.06984 0.02154
0.11226 0.03328
0.15196 0.05235
0.11665 0.01583
0.15839 0.05146
0.14193 0.05046
0.14840 0.05651
0.10905 0.02842
0.11014 0.03285
0.11947 0.03223
0.15732 0.03152
0.10593 0.02648
0.14868 0.04562
0.11525 0.03132
0.11765 0.02371
0.16014 0.05658
0.16269 0.04280
0.10578 0.03409
0.11216 0.03196
0.18068 0.03469
0.15333 0.05508
0.11163 0.02905
0.14097 0.03545
0.14097 0.02486
0.11973 0.02376
0.10208 0.03748
0.08938 0.03236
0.12875 0.03836
0.13319 0.02380
0.11572 0.03640
0.16358 0.03431
0.15814 0.04510
0.10544 0.02909
0.14480 0.04772
0.10312 0.03141
0.13119 0.03703
0.17690 0.03515
0.10014 0.02622
0.11760 0.03762
0.17516 0.03600
0.11931 0.03035
0.13343 0.03270
0.14346 0.02992
0.12315 0.04807
0.09978 0.02483
0.13951 0.04335
0.10262 0.02801
0.08333 0.02951
0.12012 0.03909
0.11147 0.03443
0.11014 0.03393
0.15481 0.03223
0.16124 0.03195
0.15190 0.04968
0.10950 0.03754
0.10679 0.03450
0.11138 0.03642
0.11127 0.03632
0.12940 0.03123
0.13594 0.04825
0.13337 0.05233
0.14352 0.05242
0.12234 0.03071
0.13212 0.03562
0.14897 0.04285
0.15036 0.05254
0.15777 0.03236
0.13548 0.04933
0.10699 0.02695
0.12856 0.03526
0.16223 0.04171
0.10962 0.02819
0.13363 0.03736
0.15386 0.05185
0.15983 0.05840
0.09249 0.03055
0.18192 0.03450
0.14176 0.04862
0.15694 0.03291
0.17527 0.03429
0.16440 0.03492
0.11933 0.03064
0.13939 0.02663
0.12976 0.03134
0.11176 0.02777
0.17756 0.03711
0.12698 0.03109
0.14501 0.03299
0.16888 0.04943
0.15754 0.05503
0.16315 0.05875
0.11659 0.04362
0.11024 0.03526
0.16926 0.04166
0.14882 0.03924
0.14886 0.04601
0.15546 0.05933
0.14542 0.04682
0.12771 0.03659
0.09102 0.02853
0.10582 0.03074
0.13436 0.03252
0.13355 0.03050
0.10941 0.02930
0.08930 0.02286
0.11426 0.03757
0.15608 0.04861
0.11942 0.02824
0.13949 0.03522
0.14418 0.04489
