0.25546 0.02766
0.30292 0.02030
0.22888 0.01901
0.31619 0.01971
0.28710 0.02766
0.24863 0.02145
0.25541 0.01943
0.23271 0.01765
0.29600 0.02300
0.31723 0.02458
0.22271 0.01964
0.21201 0.01807
0.29846 0.02029
0.24498 0.02378
0.25038 0.02080
0.25447 0.02454
0.24070 0.01935
0.28056 0.02208
0.27131 0.02597
0.22519 0.02128
0.31304 0.02195
0.26033 0.02568
0.20353 0.01960
0.24054 0.01921
0.29046 0.02664
0.24618 0.01933
0.30245 0.02066
0.23633 0.01906
0.20086 0.01717
0.26533 0.01992
0.31685 0.02101
0.26019 0.02464
0.29718 0.02026
0.19669 0.01620
0.25611 0.02408
0.15741 0.01280
0.23186 0.01828
0.28119 0.01999
0.22390 0.01893
0.22756 0.01539
0.23971 0.02042
0.28471 0.01949
0.28883 0.02045
0.25432 0.02441
0.25138 0.01815
0.17041 0.01284
0.29625 0.02660
0.31620 0.01854
0.21992 0.02066
0.27918 0.02328
0.29459 0.02573
0.26011 0.02391
0.26417 0.02158
0.24604 0.02493
0.26370 0.02515
0.26063 0.02120
0.20409 0.01797
0.25323 0.01806
0.27839 0.01859
0.22547 0.01975
0.25432 0.01929
0.15750 0.01346
0.30807 0.02845
0.27995 0.02546
0.24621 0.02465
0.24685 0.02468
0.20395 0.01856
0.29313 0.02328
0.21113 0.01917
0.29470 0.02498
0.24500 0.02045
0.29614 0.02056
0.26777 0.01948
0.24733 0.02372
0.23170 0.02029
0.19725 0.01967
0.26594 0.02166
0.25233 0.02421
0.27007 0.02415
0.19464 0.01693
0.32720 0.02811
0.26368 0.01949
0.29499 0.02053
0.18805 0.01736
0.30879 0.02600
0.25479 0.02534
0.29223 0.02017
0.26475 0.02705
0.24109 0.02297
0.23572 0.02233
0.35293 0.02722
0.30524 0.02490
0.21873 0.02011
0.23287 0.02175
0.24733 0.02177
0.19824 0.01932
0.25481 0.02424
0.29365 0.02716
0.29886 0.02491
0.25749 0.02001
0.18864 0.01787
0.26113 0.02063
0.31432 0.01862
0.25082 0.02392
0.26228 0.02539
0.29922 0.02238
0.33902 0.02244
0.25320 0.02454
0.24546 0.02384
0.31202 0.02350
0.28725 0.01860
0.24938 0.02413
0.26962 0.02065
0.28150 0.03005
0.28950 0.02305
0.19921 0.01810
0.23761 0.02188
0.22593 0.02248
0.24527 0.02259
0.31584 0.02398
0.29314 0.02459
0.30976 0.02310
0.20492 0.01953
0.29152 0.02322
0.24052 0.02263
0.30243 0.02621
0.23609 0.02072
0.30593 0.02206
0.25169 0.02430
0.26565 0.02258
0.23637 0.02181
0.22862 0.01741
0.25613 0.02456
0.29074 0.01889
0.27648 0.02305
0.28620 0.02355
0.23303 0.01781
0.22724 0.01733
0.25315 0.02351
0.23246 0.02283
0.31855 0.02381
0.18640 0.01677
0.29809 0.02728
0.25688 0.01903
0.33434 0.02876
0.30709 0.02295
0.22677 0.01739
0.27166 0.02775
0.21806 0.01953
0.27631 0.02666
0.39442 0.02458
0.21320 0.02073
0.32708 0.02544
0.16813 0.01475
0.23011 0.01906
0.23844 0.02377
0.26467 0.01883
0.22747 0.02001
0.25757 0.02064
0.28625 0.02397
0.32924 0.02126
0.20463 0.01733
0.19601 0.01728
0.18179 0.01715
0.22736 0.02019
0.28682 0.01860
0.25493 0.02393
0.29515 0.01983
0.19782 0.01727
0.23474 0.01933
0.24315 0.01765
0.24855 0.02288
0.18448 0.01697
0.19273 0.01775
0.27881 0.02826
0.18847 0.01646
0.24401 0.02148
0.18166 0.01652
0.31336 0.02473
0.24717 0.02295
0.27622 0.02803
0.28871 0.02098
0.32893 0.02530
0.24475 0.02192
0.24141 0.02467
0.23107 0.01700
0.24832 0.01761
0.28580 0.02161
0.29684 0.02000
0.33052 0.02761
0.32770 0.02479
0.28175 0.02097
0.22749 0.02130
0.17142 0.01444
0.19401 0.01782
0.23781 0.02050
0.24675 0.02190
0.27115 0.02641
0.32849 0.02515
0.31822 0.02494
