0.05213 0.11323
0.02005 0.06212
0.00968 0.01617
0.00926 0.01650
0.02388 0.08888
0.03629 0.04878
0.00899 0.00904
0.03792 0.09468
0.05194 0.08750
0.02814 0.07595
0.01083 0.01883
0.02595 0.05226
0.03516 0.08865
0.01339 0.02295
0.03842 0.05194
0.04531 0.08872
0.02765 0.06152
0.03495 0.08959
0.00655 0.00695
0.01567 0.02786
0.03895 0.08926
0.03780 0.08638
0.03430 0.06792
0.03496 0.09053
0.01783 0.05498
0.03683 0.08976
0.02412 0.06006
0.00926 0.00824
0.00893 0.00944
0.03529 0.09069
0.04081 0.08908
0.04295 0.08586
0.02321 0.02729
0.03420 0.08113
0.04569 0.08860
0.01402 0.02090
0.01935 0.05525
0.00686 0.00913
0.03472 0.10070
0.04003 0.06871
0.02218 0.05446
0.02360 0.06683
0.03470 0.09021
0.03083 0.07768
0.03051 0.09310
0.00585 0.00757
0.03487 0.07828
0.04043 0.07839
0.01657 0.02560
0.00860 0.00891
0.04133 0.08487
0.03602 0.10485
0.03815 0.09002
0.01473 0.04627
0.01659 0.05300
0.02752 0.05565
0.01256 0.02981
0.03871 0.09803
0.02712 0.06535
0.00821 0.00924
0.01872 0.04426
0.02251 0.05328
0.04272 0.07519
0.03426 0.10438
0.00732 0.00753
0.01438 0.01942
0.02648 0.08233
0.03615 0.08894
0.03612 0.06190
0.03338 0.10284
0.01006 0.02197
0.03571 0.09712
0.03040 0.08672
0.03088 0.07136
0.01853 0.03653
0.02906 0.07528
0.03834 0.07379
0.03062 0.07223
0.01657 0.02000
0.01965 0.03005
0.00916 0.01180
0.02093 0.06507
0.04003 0.08765
0.03889 0.07465
0.03264 0.08204
0.03065 0.08447
0.03480 0.10504
0.03419 0.10187
0.03723 0.07920
0.01499 0.01577
0.00629 0.00809
0.00612 0.00800
0.00539 0.00812
0.03177 0.09722
0.03714 0.08656
0.00998 0.01334
0.03697 0.06790
0.03444 0.08767
0.02943 0.07161
0.00876 0.01496
0.02905 0.08084
0.03294 0.07025
0.02908 0.07743
0.02835 0.06749
0.01466 0.02096
0.03350 0.07585
0.02264 0.06996
0.01170 0.01719
0.04651 0.08631
0.01325 0.01532
0.05022 0.09010
0.00849 0.01168
0.00849 0.00770
0.01742 0.06116
0.03129 0.08067
0.01653 0.03985
0.01854 0.02541
0.02201 0.05102
0.03597 0.10864
0.01728 0.05210
0.01687 0.05348
0.02690 0.08435
0.03609 0.08915
0.00641 0.00812
0.03726 0.09242
0.00624 0.00719
0.01970 0.04080
0.02171 0.05535
0.04040 0.08939
0.02455 0.07660
0.01684 0.04777
0.03637 0.08818
0.03565 0.09892
0.04045 0.09130
0.01620 0.04253
0.00485 0.00558
0.00645 0.00748
0.01091 0.01807
0.00535 0.00654
0.01047 0.03524
0.01394 0.01545
0.00988 0.01003
0.00463 0.00653
0.04285 0.10300
0.03716 0.09026
0.01777 0.04650
0.03503 0.09781
0.03427 0.10451
0.03190 0.08396
0.03981 0.09036
0.01777 0.01892
0.01184 0.02249
0.03060 0.08879
0.03045 0.07561
0.03667 0.08688
0.03418 0.08610
0.01796 0.05985
0.02821 0.06949
0.03626 0.08875
0.04088 0.09027
0.03546 0.08951
0.03824 0.09282
0.02430 0.06021
0.00628 0.00687
0.00924 0.01284
0.03088 0.08194
0.03084 0.05897
0.01543 0.02277
0.00921 0.01024
0.03500 0.07003
0.00970 0.02083
0.01690 0.02593
0.03504 0.09935
0.03630 0.09007
0.00677 0.00673
0.02348 0.10042
0.01137 0.01513
0.03725 0.09219
0.00452 0.00571
0.03585 0.08849
0.05481 0.08886
0.02950 0.09517
0.04447 0.08570
0.02845 0.07687
0.02899 0.09320
0.00691 0.00735
0.03218 0.07795
0.02124 0.06672
0.01224 0.01843
0.03879 0.10667
0.03121 0.10012
0.01184 0.01695
0.02974 0.08881
0.00517 0.00597
0.00896 0.01374
0.03541 0.08902
0.03465 0.10042
0.01660 0.02594
0.01532 0.02126
0.00974 0.02762
