0.12046 0.07115
0.12833 0.07266
0.09619 0.06479
0.10766 0.07100
0.11245 0.08341
0.11398 0.09126
0.11821 0.06383
0.12054 0.07993
0.09792 0.07391
0.10128 0.08468
0.10057 0.06467
0.09379 0.04349
0.11931 0.08708
0.11862 0.09041
0.07995 0.06315
0.11174 0.08377
0.12972 0.09870
0.11144 0.10079
0.11685 0.08393
0.08415 0.06357
0.11221 0.05938
0.11696 0.09344
0.11651 0.06528
0.08884 0.05444
0.08995 0.06075
0.13030 0.06964
0.08081 0.04818
0.10909 0.06505
0.09338 0.06410
0.12975 0.06572
0.11802 0.05746
0.10875 0.06652
0.09231 0.05772
0.10226 0.10042
0.09969 0.04481
0.10364 0.06309
0.12248 0.07538
0.10743 0.06824
0.09275 0.08604
0.12719 0.09030
0.10057 0.07074
0.10238 0.04989
0.12763 0.08031
0.10428 0.06179
0.10296 0.07648
0.12098 0.07992
0.11658 0.06837
0.11492 0.06175
0.10376 0.05872
0.12049 0.06888
0.13202 0.06882
0.09825 0.06469
0.10623 0.08604
0.11230 0.06130
0.10473 0.08509
0.10764 0.05175
0.09488 0.05681
0.09960 0.07184
0.12604 0.08663
0.11047 0.06296
0.12574 0.09299
0.10884 0.06279
0.11416 0.06996
0.10940 0.07160
0.11833 0.06267
0.11853 0.09082
0.09423 0.05283
0.11138 0.08664
0.10730 0.06662
0.15109 0.10636
0.12593 0.06484
0.09924 0.07364
0.11885 0.07228
0.09999 0.06766
0.10493 0.06843
0.08903 0.06964
0.12232 0.11885
0.11168 0.07745
0.10613 0.06969
0.08496 0.08558
0.09223 0.04104
0.08175 0.05388
0.12672 0.06366
0.09581 0.04714
0.11491 0.11673
0.12390 0.07742
0.12467 0.08954
0.11475 0.09527
0.11469 0.08180
0.10940 0.05486
0.11145 0.05654
0.11263 0.06826
0.10889 0.09264
0.07903 0.04474
0.09719 0.06659
0.16443 0.09099
0.10404 0.06719
0.11578 0.05930
0.12248 0.08687
0.10225 0.05050
0.11127 0.09584
0.11620 0.06959
0.10082 0.05735
0.10992 0.07157
0.12316 0.07218
0.08738 0.05957
0.08395 0.04889
0.10923 0.09357
0.10013 0.08340
0.11211 0.06328
0.11720 0.07248
0.12742 0.07947
0.11516 0.06493
0.11931 0.09563
0.10655 0.07367
0.08923 0.04388
0.11040 0.06143
0.11227 0.05999
0.10757 0.08050
0.12983 0.05895
0.13116 0.08909
0.13394 0.08099
0.11714 0.08830
0.11002 0.05845
0.11189 0.07128
0.11332 0.07349
0.12266 0.07042
0.09296 0.04565
0.11030 0.07454
0.11369 0.07073
0.12178 0.08825
0.12121 0.09284
0.09720 0.05198
0.12187 0.08801
0.11456 0.09642
0.09801 0.06924
0.10695 0.05945
0.11842 0.09326
0.12416 0.07988
0.09892 0.04332
0.14079 0.10538
0.08445 0.04674
0.10535 0.06555
0.10177 0.07446
0.12827 0.08941
0.12598 0.08930
0.12906 0.09594
0.10539 0.04555
0.08308 0.04255
0.10058 0.05875
0.10748 0.07088
0.09879 0.08360
0.12675 0.10167
0.09286 0.04875
0.12148 0.09466
0.10731 0.04100
0.12305 0.06646
0.08260 0.04384
0.07584 0.03924
0.10637 0.07810
0.11318 0.06990
0.09866 0.05659
0.09957 0.04506
0.11862 0.06808
0.11772 0.09183
0.11454 0.09637
0.10878 0.06658
0.10635 0.08671
0.10926 0.06624
0.09024 0.08120
0.12353 0.08725
0.09523 0.05298
0.11364 0.06945
0.11511 0.06843
0.11470 0.09711
0.09919 0.05191
0.11029 0.09491
0.11539 0.06179
0.09212 0.05279
0.07542 0.04280
0.11007 0.06425
0.10458 0.09673
0.10875 0.09050
0.07970 0.05763
0.11221 0.09123
0.08761 0.03954
0.11413 0.05904
0.06936 0.03853
0.05940 0.03461
0.11185 0.09039
0.13216 0.06997
0.11272 0.09168
0.12356 0.07704
0.09934 0.06669
0.09549 0.07010
0.10516 0.11142
0.09881 0.06956
0.09436 0.04293
0.10486 0.09107
0.12590 0.08714
