115 1547 10.74453 1.81495 0.71996 4.35316 9 7 2 7 3 60 100.00000 0
2449 3377 11.51103 1.06393 0.25664 2.54776 30 23 7 28 13 106 100.00000 0
371 2423 11.23183 1.47320 0.13620 1.70272 44 35 9 41 19 111 100.00000 0
578 3561 10.68366 1.14106 0.22096 1.47140 43 38 4 41 21 180 100.00000 0
525 3499 10.48394 0.06692 0.32383 0.65252 68 55 12 63 40 200 100.00000 0
2334 3288 10.21449 0.60180 0.22561 1.75368 53 39 13 51 18 174 100.00000 0
391 2423 11.78355 1.43327 0.16357 3.25197 21 17 4 21 8 54 100.00000 0
1403 3556 10.73074 2.22336 0.36945 0.81709 44 38 6 44 18 147 100.00000 0
15 4449 11.54991 0.30032 0.10351 0.91343 42 29 13 38 21 187 100.00000 0
591 1415 10.97019 3.09723 0.28835 0.61294 27 22 2 18 14 99 100.00000 0
595 1404 10.35491 2.30808 0.58757 1.18167 50 44 5 46 25 194 100.00000 0
444 3427 10.04481 0.90278 0.43875 1.17503 60 56 4 55 35 215 100.00000 0
523 3550 11.45851 1.08776 0.19356 2.46212 43 38 5 43 25 135 100.00000 0
595 1405 10.42108 2.35133 0.27009 1.14876 43 37 6 40 22 138 100.00000 0
1386 3550 10.00667 2.22747 0.16919 1.43094 54 48 4 49 25 173 100.00000 0
2335 3263 10.68921 1.68586 1.15874 2.77657 34 28 5 29 19 126 100.00000 0
572 1420 10.90436 1.95009 0.10447 1.56823 11 10 1 9 4 78 100.00000 0
410 3398 10.06667 0.08351 0.33916 2.62629 45 42 3 45 29 169 100.00000 0
595 1408 10.75489 2.49652 0.34233 0.52563 67 55 12 65 39 192 100.00000 0
858 3768 10.49101 0.04389 0.16974 2.18624 66 55 11 66 26 168 100.00000 0
571 1421 11.45938 1.88885 0.41357 1.46206 26 19 7 26 10 115 100.00000 0
547 3502 10.88783 0.11507 0.64969 1.36430 40 26 5 33 18 134 100.00000 0
413 3441 10.15621 1.24783 1.28949 4.49109 8 6 1 4 4 47 100.00000 0
83 4512 11.02520 0.03714 0.46102 0.89351 42 33 8 40 27 128 100.00000 0
551 3501 11.73357 0.11499 0.60673 1.36773 42 32 7 39 11 127 100.00000 0
158 1616 11.69931 0.12112 0.21545 0.52339 33 31 1 29 15 88 100.00000 0
754 3668 10.93412 1.51079 0.51292 2.04028 31 24 7 24 11 99 100.00000 0
532 3553 10.10113 1.22467 0.18047 2.20087 33 29 4 33 23 137 100.00000 0
556 1407 11.72521 2.51256 0.19670 1.30806 18 16 2 16 10 91 100.00000 0
428 2456 10.19883 1.06349 0.27479 4.81947 30 27 2 28 16 120 100.00000 0
2464 3402 11.17440 0.09188 0.61872 2.38524 26 17 9 26 7 135 100.00000 0
544 3557 11.21174 1.41059 0.33256 1.63566 27 20 7 25 15 122 100.00000 0
2455 3388 11.07632 0.61450 0.24384 2.69936 71 66 5 69 33 211 100.00000 0
5 4431 10.81164 0.89906 0.30064 2.77827 17 12 5 7 2 102 100.00000 0
447 3464 11.48221 0.02016 0.44021 1.15758 38 36 2 38 30 123 100.00000 0
1540 4534 11.82773 3.13185 0.08886 3.91747 36 30 6 34 16 111 100.00000 0
395 3377 11.00395 1.18611 0.44691 2.80114 38 36 2 36 13 122 100.00000 0
717 3679 11.35865 0.62154 0.83326 2.78418 35 24 9 27 13 125 100.00000 0
2328 3273 10.71687 1.61371 0.97563 3.01311 69 64 5 67 25 161 100.00000 0
428 3408 11.76796 1.05132 0.21191 4.25947 45 42 3 45 29 96 100.00000 0
378 3364 11.72483 1.59149 0.45762 1.97001 24 18 5 18 11 90 100.00000 0
786 3713 10.60311 0.03818 0.14516 0.82519 59 49 10 53 26 152 100.00000 0
749 3662 11.42045 1.29293 0.85377 2.57997 30 20 9 27 14 106 100.00000 0
417 3446 11.29783 1.13541 1.34468 2.40338 28 22 2 21 14 163 100.00000 0
2466 3407 10.19850 0.06239 0.30792 3.49838 13 9 4 10 3 53 100.00000 0
92 1565 10.98516 1.94637 0.20061 1.23923 43 34 8 36 14 162 100.00000 0
958 3841 10.50947 1.13182 0.15983 0.42244 15 11 2 10 8 74 100.00000 0
915 3836 10.34230 0.02788 0.17010 0.68013 22 19 3 19 9 85 100.00000 0
666 3624 11.09642 0.00355 0.24647 0.18345 19 16 3 17 8 150 100.00000 0
1416 3551 11.15230 3.09194 0.26610 0.47806 49 48 1 47 28 135 100.00000 0
562 1406 11.63728 2.56523 0.18658 1.35739 27 21 6 23 13 121 100.00000 0
678 3616 11.85252 0.00666 0.26012 0.44235 7 4 3 7 2 77 100.00000 0
419 2452 10.01915 0.50459 0.16003 1.49619 70 67 3 65 42 209 100.00000 0
877 3784 11.97781 0.06473 0.17154 0.66676 77 66 11 75 31 210 100.00000 0
751 3666 10.34155 1.39535 0.33663 2.72620 26 19 5 22 7 111 100.00000 0
391 3369 11.88995 1.48783 0.11580 3.13163 21 16 5 19 10 65 100.00000 0
516 580 11.61045 0.55335 0.44269 2.10989 45 35 10 45 22 143 100.00000 0
475 3464 11.97015 0.01877 0.22306 0.48133 62 56 4 62 41 161 100.00000 0
148 1576 11.63775 0.08388 0.13945 1.99998 43 40 3 32 22 118 100.00000 0
1408 3554 10.14746 2.55443 0.14970 0.37325 71 66 5 67 39 194 100.00000 0
667 3607 11.56704 0.01346 0.23026 0.71982 52 49 2 49 31 194 100.00000 0
131 4532 10.50841 1.54555 0.19592 0.77833 62 54 5 62 40 162 100.00000 0
405 3389 11.91620 0.55190 0.21544 3.44299 44 37 7 42 14 168 100.00000 0
125 4540 10.85627 1.44683 0.08498 1.98169 35 32 3 33 20 130 100.00000 0
684 3621 11.86790 0.01961 0.40072 1.11768 23 16 5 14 8 106 100.00000 0
102 4520 11.13582 0.32612 0.30221 1.08606 31 21 10 20 10 115 100.00000 0
2432 3403 10.70970 0.94258 0.58264 2.58770 46 42 4 42 21 148 100.00000 0
511 3528 11.00628 0.18681 0.19267 1.57967 38 26 12 32 12 120 100.00000 0
826 3745 11.94841 0.05989 0.23690 0.74546 49 42 7 47 21 170 100.00000 0
471 3461 11.28026 0.02688 0.26689 1.03967 43 33 9 35 19 140 100.00000 0
194 1619 11.49547 0.08180 0.22229 0.13122 52 41 11 48 26 152 100.00000 0
541 3503 10.04788 0.11372 0.13338 1.22493 85 76 9 83 40 193 100.00000 0
18 4453 11.70835 0.16095 0.28847 1.29664 50 49 1 45 28 178 100.00000 0
1399 3532 11.38021 2.97869 0.59488 0.71546 36 30 3 18 15 135 100.00000 0
772 3695 11.96207 0.07969 0.28165 1.97080 33 30 3 33 16 103 100.00000 0
576 1389 11.68375 3.02322 0.08175 0.50513 33 31 2 29 17 152 100.00000 0
518 3542 10.83686 0.61577 0.10426 1.97120 27 19 6 22 8 118 100.00000 0
2439 3364 11.02399 0.96576 1.03812 3.46848 27 18 3 23 7 94 100.00000 0
412 3442 10.95368 1.31661 0.55956 4.75712 11 7 2 7 2 43 100.00000 0
569 1407 10.30924 2.58635 0.38927 1.79362 31 24 7 28 15 134 100.00000 0
439 3459 11.71112 0.04273 0.25717 0.71928 57 56 1 52 30 178 100.00000 0
874 3782 11.16013 0.05782 0.24370 0.41684 68 58 9 63 32 198 100.00000 0
132 4537 11.66718 1.54946 0.17310 2.13350 69 61 7 69 33 157 100.00000 0
597 1402 11.24369 2.15792 0.23221 1.32293 73 64 9 71 42 162 100.00000 0
2452 3428 11.20538 0.70663 0.32374 3.08680 41 37 4 35 24 141 100.00000 0
1388 3542 10.64649 2.75023 0.22831 1.52803 46 41 5 42 24 165 100.00000 0
492 3499 10.18538 0.04577 0.26628 2.46450 37 32 3 33 17 129 100.00000 0
659 3601 10.89804 0.02354 0.40606 1.33031 38 34 4 35 19 115 100.00000 0
2379 3312 11.17297 0.02863 0.14351 0.49416 57 44 12 57 23 194 100.00000 0
219 1633 10.33262 1.44979 0.28705 0.66205 26 22 3 26 15 62 100.00000 0
582 1383 11.27619 2.64342 0.61431 2.02159 21 14 7 19 7 107 100.00000 0
2388 3344 11.19975 0.02217 1.00500 1.27349 32 16 14 25 12 112 100.00000 0
1410 3527 10.31118 2.41201 0.22917 1.84462 54 47 7 50 30 180 100.00000 0
737 3657 10.15225 0.52011 0.41295 2.05766 47 35 10 38 16 177 100.00000 0
429 2479 11.43009 1.10903 1.09234 5.04205 17 14 1 12 5 71 100.00000 0
7 4432 11.96482 0.87808 0.35284 2.37998 26 25 1 22 11 102 100.00000 0
381 3364 11.64073 1.58401 0.42796 1.64924 26 15 10 23 7 122 100.00000 0
149 1578 11.24811 0.07916 0.34411 1.71692 39 36 3 37 21 147 100.00000 0
213 1630 10.02511 1.19971 0.33899 0.53959 49 47 2 43 26 136 100.00000 0
681 3636 10.07453 0.02479 0.19053 1.38027 43 32 11 35 20 169 100.00000 0
727 3693 11.66185 1.53192 0.64441 2.73681 10 8 1 10 3 108 100.00000 0
564 3557 10.75864 1.39588 0.70036 1.53850 26 21 5 24 9 108 100.00000 0
1398 3535 10.94358 3.08101 0.45873 0.91984 18 13 4 12 6 82 100.00000 0
213 1649 11.10205 1.46747 0.27617 1.40528 32 28 3 30 20 69 100.00000 0
510 565 11.20023 0.14017 0.67198 2.15921 53 44 8 47 21 142 100.00000 0
421 3447 10.49148 0.91149 0.36160 0.99976 54 44 8 48 22 207 100.00000 0
542 595 10.21960 1.32607 0.35964 1.81790 33 22 11 33 18 133 100.00000 0
509 563 11.52826 0.13012 0.75630 2.06848 45 38 7 43 17 143 100.00000 0
598 3532 10.25474 1.26658 0.16319 1.89093 29 20 9 24 13 122 100.00000 0
740 3700 10.65723 1.01638 0.19966 1.03098 75 72 3 75 42 199 100.00000 0
2449 3380 10.40104 0.92095 0.41845 2.10338 39 32 7 37 12 148 100.00000 0
736 3656 10.57821 0.46328 0.48816 1.66906 40 32 8 38 15 152 100.00000 0
702 3658 11.19489 0.03453 0.11015 0.40348 76 72 4 76 53 214 100.00000 0
405 2442 10.16858 0.40647 0.16506 2.97664 51 46 5 47 20 174 100.00000 0
2436 3360 11.51892 0.82616 0.62940 1.65706 50 40 10 35 19 171 100.00000 0
2447 3373 11.76464 1.16633 0.57298 2.33381 49 39 10 49 21 154 100.00000 0
515 576 10.93095 0.36941 0.22337 2.32490 90 85 4 81 42 204 100.00000 0
521 586 11.14252 0.89090 0.05086 2.38212 38 35 3 34 22 135 100.00000 0
714 3644 11.58707 0.01470 0.18298 0.37846 48 42 6 48 24 167 100.00000 0
125 1551 10.88796 1.29487 0.09577 1.87304 24 19 3 19 10 113 100.00000 0
2359 3280 11.60974 0.91132 0.36369 1.88679 45 41 4 41 26 159 100.00000 0
593 3518 10.65518 1.28173 0.50724 2.86785 18 15 3 16 8 88 100.00000 0
546 3557 11.21914 1.41025 0.38141 1.61616 19 14 5 19 6 80 100.00000 0
97 1552 11.90716 2.58595 0.67258 2.45798 14 11 3 14 9 93 100.00000 0
90 1564 11.94260 2.02168 0.25307 1.12292 50 46 4 48 25 137 100.00000 0
392 2424 11.74396 1.40119 0.74563 3.20369 46 34 12 46 19 87 100.00000 0
601 3538 10.76442 1.13034 0.24454 1.21756 47 41 6 45 25 160 100.00000 0
945 3855 10.68365 0.34359 0.32337 0.56786 21 18 3 18 11 82 100.00000 0
503 3487 10.36291 0.04223 0.11544 2.06052 40 33 7 38 21 176 100.00000 0
405 3433 10.01999 1.05772 0.14057 4.99442 36 27 8 30 16 101 100.00000 0
2342 3260 11.49206 1.57446 0.84684 3.02194 21 20 1 17 11 107 100.00000 0
396 2431 10.60505 1.07662 0.16185 2.92489 29 28 1 29 16 95 100.00000 0
800 3726 10.08626 0.02419 0.15832 0.40056 60 53 7 56 34 148 100.00000 0
741 3657 11.69153 0.75466 1.19044 2.87167 36 24 12 36 12 133 100.00000 0
603 3541 11.22881 1.01205 0.33474 1.81273 28 19 7 21 16 125 100.00000 0
564 1409 10.85084 2.42396 0.15664 1.65800 43 41 2 43 29 143 100.00000 0
106 4540 10.55858 0.55062 0.28819 1.52367 53 45 8 47 24 152 100.00000 0
551 1411 11.18623 2.29926 0.22400 1.59937 22 17 4 20 12 105 100.00000 0
91 1562 11.53892 2.13203 0.74312 1.44021 55 47 7 50 31 143 100.00000 0
400 3383 11.69340 0.89346 0.47787 2.96081 56 51 5 56 24 136 100.00000 0
539 1417 11.51541 1.94865 0.48253 1.73235 14 10 1 6 7 93 100.00000 0
818 3739 11.86804 0.05403 0.20172 0.74230 26 16 7 17 8 128 100.00000 0
1578 4537 11.65490 1.63819 0.20750 1.70983 55 49 3 50 24 149 100.00000 0
741 3702 11.61325 0.95157 0.15495 1.06238 57 53 4 54 27 183 100.00000 0
743 3701 10.10380 0.82626 0.19638 1.69142 94 79 15 90 45 225 100.00000 0
495 3480 11.73798 0.02048 0.44793 0.41778 48 38 9 42 16 171 100.00000 0
26 4463 11.34854 0.02353 0.23060 0.82329 27 24 3 19 13 130 100.00000 0
588 1378 11.81548 2.20251 0.14167 1.10003 40 34 4 31 14 139 100.00000 0
566 1403 11.69155 2.72289 0.39938 1.39746 12 9 2 9 5 66 100.00000 0
698 3653 10.73586 0.02149 0.17675 0.34492 51 44 6 45 22 162 100.00000 0
2432 3404 11.20678 0.95801 0.44945 2.67606 53 50 3 48 27 140 100.00000 0
590 1382 10.80670 2.13124 0.13530 1.50922 38 33 5 36 28 126 100.00000 0
595 3519 11.19941 1.36407 0.86948 2.78699 35 30 5 33 12 122 100.00000 0
12 4445 11.12199 0.44621 0.37750 0.77984 58 52 5 52 31 188 100.00000 0
619 3565 10.61115 0.01832 0.77526 0.96672 29 21 7 17 10 104 100.00000 0
1385 3554 10.85013 1.97478 0.48788 1.22621 10 3 3 3 3 85 100.00000 0
621 3587 10.80721 0.01343 0.18086 0.14804 25 24 1 25 16 117 100.00000 0
1575 4529 10.71214 1.66072 0.45526 1.41389 32 27 5 28 13 92 100.00000 0
719 3681 10.97407 0.77446 0.30333 2.92436 30 22 8 30 13 157 100.00000 0
1418 3522 11.60818 1.88990 0.23222 2.08244 17 14 1 13 8 81 100.00000 0
919 3839 10.00787 0.03057 0.57459 0.94543 47 41 4 38 11 138 100.00000 0
708 3665 10.80542 0.01654 0.17772 0.60974 70 58 12 70 38 198 100.00000 0
600 3536 10.63680 1.19250 0.50935 1.70387 31 26 5 31 11 123 100.00000 0
552 1416 11.26247 2.00088 0.35622 1.88014 25 22 3 18 10 110 100.00000 0
1390 3540 10.87568 2.87580 0.13292 1.03816 60 52 8 58 31 166 100.00000 0
221 1636 10.07077 1.52997 0.39822 0.80649 23 19 1 17 11 85 100.00000 0
546 3502 10.88827 0.11496 0.22923 1.30686 52 41 11 50 23 123 100.00000 0
523 588 10.95953 1.01092 0.20705 2.38819 52 43 9 52 27 157 100.00000 0
650 3611 10.98224 0.02716 0.38858 1.40778 39 32 5 32 21 135 100.00000 0
565 1420 11.70149 1.83120 0.32820 1.91234 9 7 1 6 5 94 100.00000 0
582 3562 10.30517 0.93559 0.28527 2.12652 54 52 2 50 29 168 100.00000 0
792 3718 11.26078 0.01629 0.14763 0.69549 31 24 6 31 16 104 100.00000 0
567 1414 10.14103 2.16253 0.23000 2.23020 41 38 2 37 19 138 100.00000 0
370 2439 11.62313 0.64640 0.39709 1.24992 43 35 6 39 20 140 100.00000 0
1558 4527 10.29856 2.35834 0.68320 1.85287 8 6 0 3 4 70 100.00000 0
478 3488 10.80364 0.01575 0.04432 0.64041 53 46 7 49 25 181 100.00000 0
835 3775 10.17397 0.07998 0.24876 1.58560 88 79 8 86 36 193 100.00000 0
535 3556 11.07096 1.37410 0.63211 1.63375 17 11 6 17 6 88 100.00000 0
1402 3527 11.84386 2.78534 0.20269 1.21047 16 12 4 10 6 77 100.00000 0
1420 3539 10.52194 2.19549 0.24543 0.80697 26 21 4 23 14 115 100.00000 0
508 558 11.79446 0.12236 0.19995 1.56298 62 58 4 57 29 147 100.00000 0
513 3531 10.48913 0.23966 0.27871 1.45831 55 47 6 48 28 146 100.00000 0
539 3502 10.76934 0.11422 0.27703 1.26610 62 53 8 62 32 155 100.00000 0
514 577 11.75332 0.41583 0.31837 2.42350 61 59 2 57 26 157 100.00000 0
558 3501 11.84659 0.11612 0.19750 1.49200 34 29 5 34 18 137 100.00000 0
377 3366 10.89388 1.57292 0.22061 2.72189 22 18 2 19 11 93 100.00000 0
560 1417 11.27358 1.95091 0.33971 1.97120 11 10 1 7 5 68 100.00000 0
464 3455 10.16057 0.01633 0.14246 0.90828 33 29 3 30 18 125 100.00000 0
501 3509 10.82882 0.02260 0.34196 0.80113 60 50 10 60 34 198 100.00000 0
1403 3534 10.20601 2.89883 0.21037 1.05647 47 42 3 37 27 145 100.00000 0
106 1579 10.98190 1.08515 0.15821 1.27103 48 39 6 46 29 160 100.00000 0
2455 3432 10.65047 1.00399 0.06525 4.48838 41 32 9 37 20 136 100.00000 0
533 3500 11.83555 0.10438 0.17094 0.94833 52 44 8 47 21 163 100.00000 0
41 4479 10.39581 0.02173 0.16173 0.62432 36 31 3 31 19 147 100.00000 0
964 3856 10.91288 1.47447 0.27740 1.21208 18 13 5 12 7 59 100.00000 0
100 4538 10.44230 0.21965 0.28652 1.16231 25 21 4 18 8 84 100.00000 0
557 3557 11.15820 1.40951 0.41847 1.55620 17 13 4 17 10 70 100.00000 0
