234 1662 10.63839 3.07429 1.38132 1.86949 40 32 8 32 14 204 100.00000 0
2483 2533 11.04360 0.82204 1.35410 3.27237 48 42 5 42 14 114 100.00000 0
2545 3865 10.48631 1.54727 0.12882 1.77034 69 64 4 64 37 167 100.00000 0
2470 3874 10.50921 1.74521 0.80403 2.49685 39 36 3 37 13 140 100.00000 0
783 1409 11.60208 3.07069 0.30916 1.24866 49 43 4 44 27 176 100.00000 0
2472 3875 10.41003 1.78004 0.36198 2.54561 35 33 2 33 13 132 100.00000 0
43 1845 10.03140 0.57334 0.08822 2.21435 59 46 13 57 21 256 100.00000 0
159 1743 10.30131 3.12881 0.25511 2.50358 40 29 2 37 12 206 100.00000 0
3988 4053 10.90274 0.97014 0.33227 1.50974 58 54 4 56 29 226 100.00000 0
787 1439 10.61322 2.82809 0.38354 1.83824 44 33 2 41 22 154 100.00000 0
762 1434 11.03832 3.13913 0.32664 1.49410 62 49 13 56 32 194 100.00000 0
261 1606 10.30592 1.99024 0.78600 2.51855 35 26 0 25 8 245 100.00000 0
2491 3860 10.10924 2.34001 0.25854 1.52931 42 39 2 38 21 151 100.00000 0
795 1436 11.66549 2.50151 0.37999 2.44008 22 16 3 19 8 90 100.00000 0
809 1396 10.51438 1.87392 0.11655 1.19255 59 57 2 55 36 134 100.00000 0
25 1832 10.95749 1.13211 0.27672 1.78838 54 31 12 50 23 230 100.00000 0
49 1819 11.81298 1.65135 0.42496 1.68074 59 53 6 57 20 218 100.00000 0
2468 3875 11.52321 1.70104 0.17837 2.91309 49 42 7 47 13 133 100.00000 0
213 1666 10.06260 3.09433 0.33854 2.32119 40 34 5 38 17 217 100.00000 0
59 1818 10.49670 2.05153 0.59002 3.36488 70 53 10 66 25 251 100.00000 0
3978 4036 10.03953 0.56307 0.26524 1.77960 54 51 3 49 23 218 100.00000 0
700 1518 10.39746 1.65303 0.15266 0.81469 82 74 8 78 43 242 100.00000 0
22 73 11.93283 1.29606 0.72038 2.41281 39 31 3 36 16 217 100.00000 0
27 1840 10.78155 0.75794 0.16907 1.87033 49 38 6 44 17 228 100.00000 0
98 1810 11.38976 3.08978 0.62456 4.22772 28 17 5 24 6 164 100.00000 0
240 1615 11.35117 2.29083 0.53550 2.73595 29 23 4 27 9 173 100.00000 0
2503 3856 11.71558 2.09171 0.94049 3.04388 36 34 1 31 12 114 100.00000 0
2472 2522 11.40524 0.57343 0.15695 3.12474 18 17 0 18 7 61 100.00000 0
259 1592 11.35363 1.66595 0.29041 1.63470 52 45 7 50 13 220 100.00000 0
803 1430 10.87332 2.17039 0.15065 1.74249 45 39 6 45 15 156 100.00000 0
27 1825 11.63714 1.38313 1.05243 2.78080 103 82 8 101 39 294 100.00000 0
104 1800 11.12741 3.08154 0.91759 3.07523 43 30 6 41 16 251 100.00000 0
719 1474 10.28870 2.58041 0.12510 1.64020 66 62 2 62 32 215 100.00000 0
219 1656 10.31267 3.11771 0.27420 2.01052 58 48 3 53 24 331 100.00000 0
261 1600 10.87417 1.80871 0.79699 2.01790 35 31 4 33 10 180 100.00000 0
767 1452 10.61291 3.09450 0.35531 2.79764 45 37 4 32 17 158 100.00000 0
76 1803 11.80758 3.01375 0.46250 5.09485 29 18 6 20 9 112 100.00000 0
735 1494 10.23924 3.09042 0.47810 2.34168 56 53 2 49 20 177 100.00000 0
212 1667 10.44215 3.09431 0.45061 2.46180 41 29 12 37 10 241 100.00000 0
64 1815 10.38910 2.33657 0.24925 3.86321 40 27 5 29 8 178 100.00000 0
788 1404 11.21641 2.87568 0.17086 0.79377 69 63 4 69 49 180 100.00000 0
23 1836 11.09805 0.96305 0.73078 1.96881 64 50 12 56 17 239 100.00000 0
29 1829 10.82961 1.23511 0.39945 1.76901 74 52 2 71 34 263 100.00000 0
710 1478 11.26949 2.15776 0.45729 1.67047 75 71 4 75 27 180 100.00000 0
40 1824 11.03683 1.42681 0.13509 1.87555 79 59 17 69 33 277 100.00000 0
63 1815 10.68313 2.28112 0.16087 3.84603 51 32 8 45 17 202 100.00000 0
4003 4059 10.49876 0.82947 0.42069 1.74181 102 93 9 99 60 258 100.00000 0
109 1773 10.55399 3.07129 1.34405 2.00682 59 50 7 53 18 321 100.00000 0
232 1632 10.26103 2.85519 0.11547 2.20478 35 14 7 35 15 193 100.00000 0
207 1674 10.44595 3.06776 0.70549 1.73280 65 60 5 63 25 287 100.00000 0
2475 3877 11.11226 1.83517 0.94856 2.55236 40 39 0 37 13 135 100.00000 0
204 1698 10.55483 3.12124 0.24886 3.16025 54 20 3 47 19 327 100.00000 0
136 1765 10.41799 3.13601 0.13522 1.46045 76 66 9 72 27 315 100.00000 0
2483 3862 10.51057 2.13137 0.11779 0.69774 34 30 4 34 16 109 100.00000 0
237 1623 10.75507 2.59879 0.66760 2.64545 35 23 1 31 14 197 100.00000 0
705 1483 10.48411 1.94231 0.12699 1.41416 87 83 4 87 41 225 100.00000 0
773 1421 11.23730 3.06033 0.42466 2.07264 48 45 3 44 27 162 100.00000 0
785 1409 10.55820 3.01477 0.11981 1.14705 54 49 5 46 25 188 100.00000 0
225 1643 11.05309 3.11120 1.05777 1.95685 36 22 4 31 18 256 100.00000 0
696 1490 11.08932 1.57555 0.40961 1.45697 26 20 5 26 14 59 100.00000 0
237 1659 11.16651 3.09723 0.12452 1.56498 46 39 7 42 22 283 100.00000 0
247 1597 11.00671 1.75262 1.69457 3.35731 30 10 0 28 4 184 100.00000 0
2125 2179 11.99988 1.36474 0.09567 3.16570 11 9 2 8 7 46 100.00000 0
3998 4059 11.15614 0.91149 0.32798 1.58313 77 72 3 71 44 257 100.00000 0
75 1806 10.45452 2.96528 0.76678 5.01829 25 18 6 20 6 113 100.00000 0
775 1419 11.05022 3.06226 0.28088 2.40322 43 36 5 39 24 144 100.00000 0
26 1833 10.74473 1.08793 0.41106 1.70502 73 45 10 67 21 249 100.00000 0
241 1653 10.75470 3.12576 0.23662 1.66389 27 20 7 24 10 191 100.00000 0
777 1418 10.32235 3.07488 0.45955 2.48349 51 43 8 47 22 170 100.00000 0
238 1657 10.65313 3.10845 0.30184 1.54712 46 39 7 42 22 240 100.00000 0
4006 4060 11.14651 0.84740 0.31729 1.52418 71 64 7 65 33 227 100.00000 0
814 1405 11.43635 1.72554 0.22422 1.69858 55 49 6 53 30 166 100.00000 0
2469 3874 10.81255 1.72632 0.88748 2.54929 29 26 3 24 10 96 100.00000 0
28 1824 11.77994 1.41910 0.44854 2.82577 77 58 16 69 38 268 100.00000 0
164 1739 10.95904 3.13862 1.52370 2.03201 37 32 5 33 11 146 100.00000 0
2546 3866 10.75527 1.55958 0.31120 1.98741 46 41 5 43 25 146 100.00000 0
748 1471 10.47793 3.09120 1.14829 3.14871 36 28 7 31 10 154 100.00000 0
798 1397 10.22290 2.42608 0.22432 2.07150 49 49 0 47 18 157 100.00000 0
731 1464 11.20526 3.02467 0.49960 2.95260 63 50 10 53 29 199 100.00000 0
24 74 11.99104 1.35638 0.36986 2.53621 45 41 2 43 15 202 100.00000 0
258 1593 10.72677 1.67473 0.99773 1.98327 35 31 4 35 14 197 100.00000 0
2473 2526 11.84237 0.64603 0.21005 1.48648 31 28 3 31 16 143 100.00000 0
228 1637 11.19047 2.98773 1.31624 2.94849 28 14 4 18 12 209 100.00000 0
1912 1964 11.24225 1.41212 0.17747 2.10747 47 44 3 45 19 197 100.00000 0
790 1401 11.60937 2.78097 0.19453 1.14944 45 38 7 45 22 121 100.00000 0
65 1811 11.99646 2.40815 1.46031 4.11085 43 38 4 40 20 170 100.00000 0
799 1433 11.09755 2.33161 0.74575 2.89692 45 40 4 36 17 110 100.00000 0
2494 3858 11.24619 2.33816 0.96607 3.00544 33 29 4 31 11 113 100.00000 0
36 1829 10.32213 1.22989 0.18635 1.40834 57 39 6 53 30 222 100.00000 0
2509 3856 11.30012 1.80352 0.09747 2.23002 62 56 5 57 21 158 100.00000 0
122 1780 11.88884 3.08297 0.14324 2.00252 45 40 4 39 21 237 100.00000 0
2539 3876 10.60069 1.37735 0.27515 2.32894 66 60 5 64 27 178 100.00000 0
32 1824 11.49686 1.41371 0.44345 2.53945 86 74 10 86 30 288 100.00000 0
773 1422 10.60115 3.06406 0.34000 2.06469 54 50 3 52 28 164 100.00000 0
44 1849 11.44283 0.43344 0.14705 1.71258 44 41 3 40 20 235 100.00000 0
47 1823 10.83041 1.52392 0.19476 1.92661 94 50 8 92 36 285 100.00000 0
795 1396 11.74745 2.56474 0.32075 1.85330 20 18 0 18 9 107 100.00000 0
2546 3874 11.94770 1.50451 0.59557 2.11933 29 26 3 25 13 113 100.00000 0
2467 3873 11.21814 1.70371 0.21128 2.63893 45 42 3 45 18 149 100.00000 0
692 1507 10.50455 1.41881 0.37107 2.16700 57 53 4 52 33 204 100.00000 0
172 1731 10.12747 3.12913 0.39065 1.65185 34 30 4 27 11 173 100.00000 0
714 1477 10.48466 2.33867 0.32813 1.06459 94 85 7 89 50 239 100.00000 0
169 1734 10.44423 3.13289 0.84246 2.14740 28 20 7 17 6 211 100.00000 0
1920 1970 10.25627 1.07698 0.16737 1.43749 48 43 5 44 23 227 100.00000 0
128 1755 10.99779 3.11420 0.14309 2.24315 63 60 1 61 23 279 100.00000 0
769 1425 11.69638 3.06395 0.42431 2.08975 88 72 13 79 40 240 100.00000 0
239 1616 11.84019 2.34024 0.25958 2.99003 20 4 0 18 3 146 100.00000 0
229 1636 10.74775 2.95634 0.21559 2.91833 30 22 3 28 7 185 100.00000 0
766 1454 11.72160 3.10575 0.31264 3.40939 36 31 3 34 15 155 100.00000 0
250 1639 10.59495 3.01054 0.26910 1.88762 25 20 3 23 12 186 100.00000 0
95 1818 11.97948 3.11935 0.64695 3.00648 34 25 7 26 13 166 100.00000 0
689 1504 11.89823 1.41251 0.33818 1.89589 68 58 5 63 31 205 100.00000 0
87 1841 10.81547 2.37148 0.59357 2.31900 31 24 4 25 12 183 100.00000 0
238 1619 11.62750 2.44209 0.74759 2.73280 25 21 4 25 9 146 100.00000 0
719 1517 11.15961 2.51282 0.15258 0.96995 37 34 3 33 24 128 100.00000 0
242 1610 11.17539 2.10787 0.76253 2.91363 22 11 0 16 6 171 100.00000 0
41 1847 10.93038 0.48397 0.30334 2.10487 37 33 2 30 13 241 100.00000 0
183 1703 10.28267 3.12609 0.25114 2.87712 61 31 6 57 24 205 100.00000 0
134 1768 11.65296 3.13946 0.33570 1.61689 40 36 4 38 14 239 100.00000 0
736 1459 11.98873 3.13613 0.39335 2.98360 59 46 12 46 17 176 100.00000 0
742 1483 11.93997 3.14075 0.34217 2.52987 35 32 2 28 19 151 100.00000 0
3985 4049 10.28654 0.86030 0.31096 1.29241 58 52 6 54 27 187 100.00000 0
796 1396 11.38104 2.52014 0.38021 1.94320 50 48 2 50 28 123 100.00000 0
754 1464 10.25263 3.08156 0.55506 2.64871 34 27 7 30 8 176 100.00000 0
30 1846 11.85410 0.50589 0.46259 2.12946 45 40 4 39 16 210 100.00000 0
92 1789 10.95972 3.13920 0.40473 3.01909 57 50 7 50 23 198 100.00000 0
810 1425 11.85194 1.88316 0.19606 1.36831 49 43 3 37 22 189 100.00000 0
235 1625 11.58277 2.67429 0.52393 2.36926 41 23 2 41 14 254 100.00000 0
253 1592 10.31764 1.66572 0.47124 2.34835 40 21 1 32 7 229 100.00000 0
751 1468 11.00600 3.07857 0.34294 3.43285 28 24 3 26 12 131 100.00000 0
809 1395 10.86295 1.87852 0.11047 1.13160 62 56 6 62 36 143 100.00000 0
241 1610 11.95953 2.10807 0.73557 2.97309 26 13 1 19 9 170 100.00000 0
202 1701 11.37262 3.13492 0.54177 3.47671 62 15 1 56 24 285 100.00000 0
693 1508 10.12015 1.43227 0.08609 2.43043 57 50 7 48 28 185 100.00000 0
36 1827 10.65459 1.30314 0.15742 1.67328 72 36 9 68 35 261 100.00000 0
22 1827 11.89350 1.32124 0.40165 2.64812 78 44 3 76 38 277 100.00000 0
157 1745 10.34566 3.13266 0.79689 2.40680 42 31 10 35 13 216 100.00000 0
689 1506 11.91199 1.40185 0.64874 1.81359 63 52 10 60 22 195 100.00000 0
31 1836 10.08956 0.94988 0.26710 1.54053 84 60 15 84 30 291 100.00000 0
1909 1960 11.78008 1.45372 0.81308 1.94963 37 32 5 33 13 151 100.00000 0
45 1821 11.51536 1.54494 0.22461 1.61713 61 48 12 55 16 200 100.00000 0
708 1521 11.38928 2.02187 0.09598 0.76872 49 43 6 44 22 160 100.00000 0
221 1650 11.71287 3.12485 0.25972 2.13240 35 24 10 27 10 223 100.00000 0
702 1484 11.02941 1.81443 0.31685 0.68756 106 101 4 106 57 254 100.00000 0
48 1825 10.23154 1.49288 0.11679 1.36401 92 80 8 89 34 292 100.00000 0
2129 2183 11.53087 1.48958 0.56107 3.70750 9 6 1 6 3 29 100.00000 0
776 1419 10.37950 3.06622 0.37046 2.45607 61 55 5 59 26 189 100.00000 0
261 1622 11.94723 2.54572 0.90512 3.11985 32 11 0 26 8 212 100.00000 0
263 1608 11.90766 2.04267 1.23543 2.57009 24 21 2 24 10 170 100.00000 0
691 1498 11.36102 1.46338 0.15620 1.54662 74 66 4 68 37 229 100.00000 0
2482 3877 10.52515 2.02142 0.45730 2.85746 40 36 4 36 18 147 100.00000 0
83 1851 11.38382 1.98058 0.35117 2.25221 45 40 5 39 20 191 100.00000 0
730 1464 11.94796 2.99989 1.00833 2.73208 78 70 6 73 29 231 100.00000 0
2507 3877 11.68887 1.83394 1.03398 4.06756 42 31 11 40 9 149 100.00000 0
782 1442 10.88623 2.98671 0.65321 2.51404 48 20 4 48 18 159 100.00000 0
2477 3877 10.86826 1.88443 0.04928 2.31376 44 39 5 42 20 123 100.00000 0
746 1450 11.57539 3.10554 0.68543 2.46180 49 39 10 45 19 150 100.00000 0
33 1843 10.58965 0.60252 0.18324 2.11822 57 29 3 57 22 222 100.00000 0
135 1766 10.40348 3.14045 0.21132 1.49646 56 51 5 49 30 281 100.00000 0
770 1425 10.89268 3.06824 0.46180 2.18337 70 66 4 68 36 207 100.00000 0
78 1801 11.91767 3.09133 1.25569 4.72986 37 27 7 30 12 138 100.00000 0
800 1393 11.49277 2.33850 0.19590 2.23476 53 50 3 49 18 138 100.00000 0
23 1835 11.08404 1.00802 0.24217 2.06203 51 36 7 44 18 204 100.00000 0
805 1430 11.90323 2.06224 0.47571 1.77388 50 43 6 48 21 139 100.00000 0
76 1856 10.61164 1.63661 0.06527 3.66062 76 69 6 72 37 201 100.00000 0
26 1842 11.24982 0.66572 0.15237 2.06734 56 33 11 51 19 200 100.00000 0
247 1645 11.33900 3.11734 0.38993 1.72351 25 18 3 23 9 187 100.00000 0
794 1435 10.39528 2.54263 0.39597 2.41070 30 28 2 27 15 121 100.00000 0
724 1512 10.57137 2.70496 0.15213 1.74451 48 42 4 38 22 178 100.00000 0
2475 2527 11.47286 0.69885 0.11794 1.62991 42 35 7 40 20 133 100.00000 0
30 1829 10.74847 1.23410 0.32556 1.68330 86 61 4 84 41 284 100.00000 0
3983 4047 10.39995 0.80786 0.11125 0.82234 70 65 5 68 40 214 100.00000 0
1921 1976 11.93919 1.03813 0.38990 1.02793 33 30 2 27 18 164 100.00000 0
732 1500 10.22154 3.00330 0.44329 3.10652 61 56 4 55 26 193 100.00000 0
1917 1970 11.11806 1.21606 0.30109 1.59299 34 28 3 31 19 146 100.00000 0
253 1635 10.97831 2.89834 1.02568 1.65091 37 31 3 32 11 184 100.00000 0
261 1601 10.74862 1.83826 0.84179 2.02275 38 37 1 34 10 207 100.00000 0
43 1824 10.87030 1.44927 0.11404 1.73325 88 73 14 82 48 268 100.00000 0
3993 4058 11.94038 1.01521 0.34981 0.92408 62 50 10 60 34 216 100.00000 0
693 1496 10.83800 1.49815 0.32619 2.19178 67 60 6 62 40 216 100.00000 0
811 1397 11.06975 1.79320 0.20713 1.04155 51 48 3 48 29 148 100.00000 0
722 1515 11.27853 2.63641 0.17507 0.78733 36 35 1 33 16 125 100.00000 0
238 1621 10.78799 2.52845 0.19167 2.44537 39 31 8 37 16 183 100.00000 0
243 1606 11.45543 1.99002 0.54454 2.70284 26 6 1 26 15 195 100.00000 0
246 1647 11.62065 3.13605 0.43278 2.10951 28 12 4 26 12 199 100.00000 0
246 1598 11.31224 1.76964 1.74445 2.83738 25 9 1 20 5 145 100.00000 0
692 1498 10.93850 1.47240 0.28890 1.63015 68 63 4 66 34 229 100.00000 0
41 1822 11.48337 1.48404 0.27120 1.95525 61 44 12 54 28 242 100.00000 0
35 1829 10.38252 1.22900 0.40239 1.27871 64 46 6 56 29 289 100.00000 0
39 1845 10.48129 0.54484 0.49666 2.14101 39 28 9 39 11 196 100.00000 0
88 1793 10.80026 3.11060 0.80904 4.16875 15 7 0 13 5 107 100.00000 0
39 1821 11.84054 1.49341 0.60329 1.82048 55 42 12 51 16 187 100.00000 0
2475 2525 11.01814 0.68816 0.57405 1.67398 52 44 8 46 20 174 100.00000 0
248 1594 11.23981 1.71233 1.07180 3.23313 29 8 0 27 9 167 100.00000 0
702 1482 11.79513 1.81207 0.14979 0.84209 79 72 6 74 38 254 100.00000 0
114 1768 10.94061 3.06791 1.15670 1.75547 65 58 7 61 22 250 100.00000 0
697 1518 11.21772 1.53984 0.13761 1.38875 61 56 2 50 33 164 100.00000 0
28 1841 10.78248 0.70624 0.39788 1.82005 56 43 6 54 17 261 100.00000 0
2486 3861 10.61364 2.21568 0.19398 0.40830 55 52 3 53 29 152 100.00000 0
1913 1966 11.33390 1.37970 0.38526 1.81661 49 46 3 49 25 176 100.00000 0
