0.04170 0.09670
0.04005 0.09234
0.02772 0.07805
0.02832 0.07777
0.02856 0.07376
0.00999 0.02055
0.01827 0.05588
0.01658 0.02323
0.02580 0.08266
0.03537 0.08075
0.02602 0.08356
0.01261 0.04244
0.03327 0.10795
0.01318 0.01919
0.04692 0.08257
0.04126 0.08445
0.02740 0.08412
0.01508 0.01721
0.02792 0.08091
0.01284 0.02353
0.00705 0.00753
0.01549 0.01993
0.00622 0.00936
0.02911 0.08303
0.00863 0.01365
0.02460 0.11261
0.01317 0.02103
0.01371 0.01777
0.02902 0.08300
0.01549 0.02363
0.02880 0.07229
0.03484 0.11498
0.05074 0.09919
0.04721 0.09292
0.02877 0.08027
0.01405 0.02690
0.02460 0.08097
0.03383 0.09525
0.01078 0.02141
0.01404 0.02062
0.03158 0.07726
0.04578 0.09970
0.01509 0.02628
0.01710 0.02756
0.00944 0.01965
0.02971 0.08701
0.01183 0.01259
0.03825 0.10438
0.04499 0.07329
0.01353 0.02114
0.01044 0.02366
0.01056 0.01963
0.00623 0.00840
0.00950 0.02100
0.01065 0.02546
0.01626 0.02828
0.02153 0.04782
0.00967 0.02067
0.01679 0.02083
0.04281 0.07228
0.02494 0.08097
0.01080 0.02247
0.04383 0.09960
0.01556 0.02015
0.03276 0.08816
0.00831 0.01391
0.04393 0.08965
0.02063 0.07183
0.00985 0.01206
0.00967 0.01480
0.01331 0.02092
0.02569 0.08036
0.01051 0.01169
0.01488 0.01995
0.01286 0.02675
0.02773 0.07505
0.01336 0.01700
0.01342 0.02092
0.02705 0.07320
0.00851 0.01545
0.02356 0.10399
0.03239 0.09117
0.03913 0.08472
0.00934 0.01476
0.01077 0.02612
0.02656 0.08200
0.02726 0.07659
0.01610 0.02636
0.01824 0.06038
0.02846 0.09632
0.01235 0.02637
0.01398 0.01558
0.01476 0.03380
0.02622 0.07701
0.01301 0.03283
0.00614 0.00751
0.02989 0.06985
0.03357 0.05372
0.00999 0.01846
0.02790 0.07954
0.02729 0.07247
0.03002 0.09507
0.01026 0.01823
0.01604 0.03945
0.01676 0.01616
0.03102 0.08194
0.02872 0.08471
0.01155 0.01950
0.01583 0.02472
0.00977 0.01288
0.01577 0.02382
0.01062 0.02159
0.00723 0.00803
0.02845 0.08702
0.03786 0.11157
0.03840 0.08399
0.02884 0.07895
0.00949 0.01704
0.03011 0.07339
0.01262 0.02154
0.02773 0.07356
0.03692 0.10800
0.02462 0.08076
0.03374 0.09692
0.03184 0.07114
0.01224 0.02098
0.02861 0.08098
0.02978 0.07450
0.01066 0.02613
0.03715 0.09111
0.03935 0.07591
0.03146 0.07876
0.03276 0.08517
0.01157 0.01586
0.03034 0.08105
0.02818 0.07728
0.02957 0.07627
0.03678 0.05673
0.00863 0.01451
0.02843 0.07858
0.01295 0.02252
0.03431 0.09918
0.02637 0.08300
0.00961 0.02113
0.01816 0.02949
0.01033 0.01640
0.03138 0.08540
0.03858 0.07677
0.01333 0.02614
0.02848 0.09197
0.02457 0.08623
0.02683 0.08137
0.01608 0.02765
0.02820 0.09958
0.02627 0.08246
0.01277 0.02780
0.03860 0.08316
0.01663 0.02715
0.00852 0.00839
0.01321 0.01641
0.01573 0.01803
0.01035 0.01993
0.00996 0.02040
0.00601 0.00704
0.01062 0.01890
0.00980 0.01503
0.00862 0.01708
0.00827 0.01522
0.01287 0.01243
0.01380 0.02570
0.02647 0.07935
0.01469 0.02383
0.02735 0.07461
0.02565 0.08108
0.01466 0.01983
0.01281 0.01945
0.01144 0.01967
0.00843 0.00855
0.03085 0.07542
0.01234 0.01637
0.02555 0.08141
0.02807 0.08209
0.04636 0.09894
0.03243 0.07783
0.01347 0.04221
0.02294 0.08095
0.00898 0.01432
0.02840 0.07632
0.02942 0.08187
0.01037 0.02133
0.04026 0.08435
0.03010 0.07621
0.01598 0.02550
0.03503 0.07583
0.03153 0.10470
0.02626 0.07791
0.03902 0.08432
0.03589 0.08046
0.02776 0.08478
0.00876 0.01428
