0.02719 0.04241
0.01880 0.03925
0.01797 0.03843
0.01446 0.04249
0.01686 0.03713
0.01014 0.02168
0.02219 0.05189
0.02235 0.02738
0.01571 0.03417
0.01474 0.04183
0.02330 0.04272
0.02834 0.03693
0.01541 0.03673
0.01960 0.04283
0.01245 0.03823
0.01660 0.02455
0.01394 0.04080
0.01257 0.03462
0.01533 0.03529
0.01739 0.03407
0.01188 0.03092
0.02358 0.05204
0.03188 0.03784
0.01598 0.03584
0.02359 0.04044
0.01405 0.03044
0.01400 0.04065
0.01468 0.03318
0.01677 0.03139
0.01373 0.03231
0.01314 0.03918
0.02494 0.05168
0.01500 0.04203
0.01804 0.04177
0.01674 0.03907
0.01833 0.03458
0.02204 0.04654
0.01960 0.03505
0.01502 0.03960
0.02050 0.04772
0.01362 0.04332
0.01790 0.04238
0.01632 0.03645
0.01572 0.02648
0.01748 0.03809
0.01430 0.03310
0.02075 0.03423
0.01932 0.03977
0.01372 0.03825
0.01777 0.03437
0.02773 0.04643
0.02119 0.03596
0.02443 0.03825
0.01717 0.04593
0.01354 0.04100
0.01723 0.03718
0.01846 0.03819
0.01586 0.03072
0.01694 0.03517
0.02275 0.03415
0.02127 0.04267
0.01145 0.02260
0.01564 0.03081
0.02268 0.04391
0.01369 0.04329
0.01858 0.03712
0.02181 0.04968
0.02178 0.04143
0.01434 0.03380
0.01845 0.02771
0.01459 0.03300
0.01232 0.02476
0.02546 0.03112
0.01516 0.02478
0.01873 0.03235
0.02265 0.02861
0.01423 0.04205
0.01454 0.04872
0.01948 0.03565
0.01243 0.03675
0.01572 0.03121
0.01771 0.04064
0.01984 0.02983
0.01789 0.03367
0.01948 0.03587
0.01575 0.02104
0.02463 0.04499
0.03259 0.05292
0.01687 0.03530
0.02534 0.04924
0.01467 0.03989
0.02140 0.03946
0.01403 0.03398
0.01777 0.03598
0.01711 0.04798
0.01853 0.04618
0.01627 0.04880
0.01151 0.02680
0.02193 0.04558
0.01852 0.03321
0.01485 0.03594
0.01142 0.03006
0.02003 0.05166
0.01473 0.03817
0.01511 0.03980
0.01558 0.04628
0.01602 0.04352
0.01444 0.03339
0.01564 0.03889
0.02412 0.03620
0.01608 0.05582
0.01744 0.04929
0.01568 0.02750
0.00915 0.01677
0.02445 0.04123
0.01626 0.03383
0.01142 0.03229
0.01320 0.02983
0.01371 0.02564
0.01643 0.04520
0.01397 0.03525
0.02764 0.03218
0.01797 0.03345
0.01467 0.03022
0.01608 0.04026
0.01337 0.04540
0.02133 0.03234
0.01210 0.02866
0.02056 0.03712
0.01162 0.02335
0.02000 0.02820
0.02506 0.04689
0.01817 0.05145
0.02669 0.05434
0.02046 0.04531
0.01908 0.05852
0.01804 0.04081
0.01413 0.03081
0.02465 0.02284
0.01301 0.04335
0.01886 0.04530
0.01723 0.04263
0.01629 0.05216
0.02053 0.04920
0.02506 0.03475
0.01621 0.04356
0.01665 0.03552
0.01681 0.02523
0.02063 0.03071
0.02245 0.03239
0.02139 0.04032
0.02584 0.04419
0.01585 0.03525
0.01471 0.03408
0.01375 0.02957
0.01320 0.02741
0.02584 0.04370
0.01667 0.04917
0.01671 0.04029
0.01718 0.03133
0.01839 0.02819
0.01909 0.05142
0.01677 0.03626
0.01689 0.03320
0.01987 0.04370
0.01385 0.04318
0.01323 0.02550
0.01657 0.03331
0.01459 0.02555
0.01615 0.04660
0.01498 0.01917
0.01260 0.03434
0.01282 0.02476
0.01737 0.03183
0.01454 0.04901
0.01326 0.03317
0.02327 0.04345
0.01403 0.03630
0.01256 0.02674
0.02316 0.02746
0.02900 0.05064
0.02361 0.05266
0.01177 0.03138
0.01169 0.02576
0.01860 0.04086
0.01248 0.02563
0.01530 0.03257
0.01263 0.03042
0.02204 0.03619
0.01533 0.03397
0.01669 0.03382
0.01644 0.04272
0.02092 0.05304
0.02776 0.04644
0.01265 0.03212
0.02934 0.03300
0.01516 0.02914
0.02054 0.04014
0.01913 0.03364
0.02105 0.03579
0.01921 0.04090
0.02409 0.03121
0.01554 0.03191
0.01251 0.03824
0.02003 0.03723
0.01253 0.03122
0.01657 0.03591
0.01805 0.02799
0.01798 0.04387
0.01272 0.03662
0.01426 0.04655
0.02054 0.03222
0.01570 0.03141
0.02798 0.03565
0.02316 0.04121
0.01123 0.01754
0.01381 0.04052
0.01324 0.03587
0.02157 0.04059
0.02688 0.03927
0.01254 0.03463
0.01991 0.03255
0.01993 0.03812
0.02356 0.03621
0.01307 0.02986
0.02250 0.03765
0.01354 0.03149
0.01969 0.02583
0.01387 0.04332
0.02044 0.03928
0.01361 0.04090
0.01256 0.02994
0.01270 0.03867
0.01338 0.03850
0.01986 0.04217
0.01922 0.03486
0.01640 0.03094
0.02232 0.05334
0.01299 0.03519
0.02090 0.02627
0.01767 0.05570
0.01484 0.03393
0.01201 0.02662
0.01329 0.04103
0.01612 0.03413
0.02488 0.03745
0.01428 0.03798
0.01744 0.03219
0.01821 0.03389
0.01054 0.02765
0.02079 0.03216
0.02697 0.03908
0.02166 0.03644
0.02691 0.04126
0.01212 0.03028
0.01934 0.05249
0.01442 0.03239
0.01984 0.04109
0.01589 0.02827
0.02129 0.03965
0.01814 0.04023
0.02574 0.04818
0.01698 0.04035
0.01861 0.04547
0.01601 0.04819
0.01676 0.04113
0.01235 0.03807
0.01871 0.02512
0.01604 0.04141
0.01451 0.03602
0.02727 0.03762
0.01552 0.03375
0.01590 0.03537
0.02165 0.02529
0.02042 0.03977
0.01940 0.03971
0.01445 0.03941
0.01392 0.04034
0.01466 0.02025
0.01722 0.05149
0.01379 0.03863
0.01797 0.04382
0.01394 0.03002
0.01680 0.03268
0.03128 0.04102
0.01661 0.02822
0.02606 0.04223
0.01898 0.04137
0.01807 0.03715
0.03111 0.03929
0.01434 0.02406
0.01703 0.04811
0.01339 0.03563
0.01583 0.03456
0.02712 0.03956
0.02037 0.04173
0.01167 0.03543
0.01565 0.03930
0.01983 0.04767
0.01544 0.04652
0.02490 0.04004
0.01945 0.03940
0.01295 0.03819
0.01711 0.05106
0.01420 0.03807
0.02406 0.05117
0.02416 0.04168
0.01705 0.03203
0.01576 0.03943
0.01539 0.04475
0.01836 0.04574
0.01386 0.04413
0.02716 0.04742
0.01701 0.03970
0.01653 0.03338
0.01482 0.04064
0.01762 0.03003
0.01239 0.03228
0.01797 0.03032
0.01729 0.02710
0.02441 0.04488
0.01898 0.03899
0.01434 0.03784
0.01440 0.04420
0.01561 0.02750
0.01897 0.04593
0.02069 0.02797
0.01260 0.02361
0.02323 0.03841
0.01597 0.03395
0.01966 0.02531
0.01302 0.02918
0.01414 0.04461
0.01544 0.05307
0.01682 0.04606
0.01766 0.03712
0.01556 0.03754
0.01640 0.04980
0.02107 0.03756
0.01951 0.03168
0.02303 0.04007
0.01364 0.04028
0.01345 0.04460
0.02015 0.03424
0.02233 0.03642
0.02675 0.05351
0.02149 0.04073
0.01907 0.04506
0.01205 0.02760
0.01587 0.02097
0.02028 0.05189
0.02494 0.03464
0.02121 0.03859
0.02741 0.05403
0.01760 0.04791
0.01445 0.02483
0.01730 0.04383
0.01651 0.03663
0.02092 0.05523
0.01739 0.05069
0.01587 0.04001
0.01378 0.01766
0.01495 0.03910
0.02040 0.03780
0.01404 0.04435
0.02454 0.04102
0.01449 0.03421
0.01574 0.03548
0.01153 0.03249
0.01698 0.03903
0.02150 0.03257
0.01762 0.04223
0.01785 0.03472
0.01210 0.02882
0.01456 0.03265
0.02092 0.05161
0.01581 0.03400
0.01563 0.04158
0.01350 0.04383
0.02148 0.04246
0.01741 0.02999
0.02311 0.04522
0.02120 0.03228
0.01582 0.03591
0.01892 0.04513
0.01501 0.03411
0.01797 0.03139
0.01472 0.03167
0.01611 0.04520
0.01379 0.04212
0.01522 0.03297
0.01459 0.02853
0.03438 0.05575
0.01705 0.02860
0.01342 0.03084
0.01643 0.03561
0.01877 0.03932
0.01385 0.04041
0.01728 0.05041
0.01501 0.04166
0.01615 0.03147
0.02199 0.02476
0.01866 0.03294
0.01767 0.03911
0.01323 0.03883
0.01424 0.02927
0.01861 0.03840
0.02320 0.03343
0.02208 0.04062
0.02181 0.03089
0.01512 0.02730
0.02282 0.04239
0.01713 0.03788
0.01466 0.04175
0.01481 0.03340
0.02184 0.05387
0.01397 0.03910
0.02194 0.04013
0.01659 0.03423
0.01311 0.03555
0.01306 0.03237
0.01481 0.04308
0.01731 0.04965
0.01664 0.03572
0.01641 0.02364
0.01324 0.03038
0.01771 0.04758
0.01411 0.03940
0.01922 0.03531
0.02613 0.03871
0.01592 0.03337
0.01732 0.05586
0.02198 0.04367
0.01639 0.04102
0.02614 0.03976
0.01497 0.04096
0.01443 0.03622
0.01603 0.03946
0.01750 0.03985
0.01553 0.03521
0.01576 0.02791
0.01613 0.04202
0.01203 0.03435
0.01829 0.04119
0.02779 0.03359
0.01587 0.03846
0.01836 0.03194
0.01563 0.04958
0.01567 0.03821
0.02018 0.03484
0.01620 0.03484
0.01776 0.02405
0.01604 0.03618
0.01899 0.05288
0.01199 0.03511
0.01260 0.03130
0.01471 0.03321
0.01922 0.03849
0.01650 0.03343
0.01700 0.04276
0.01923 0.03745
0.01640 0.03379
0.01858 0.03018
0.01677 0.04098
0.01990 0.03346
0.01814 0.04085
0.01343 0.04824
0.01680 0.04587
0.01385 0.03878
0.01631 0.03245
0.01450 0.04576
0.01317 0.04145
0.01497 0.04055
0.01560 0.02982
0.02604 0.03646
0.01234 0.02749
0.02015 0.03261
0.01763 0.04516
0.01301 0.03429
0.01657 0.04081
0.01441 0.04205
0.02236 0.03357
0.02034 0.04161
0.02175 0.04483
0.01502 0.04557
0.01284 0.02893
0.02324 0.03691
0.01850 0.04776
0.01944 0.03631
0.01830 0.04030
0.01984 0.04309
0.01391 0.03933
0.01685 0.04114
0.01835 0.04406
0.01439 0.03910
0.01526 0.04029
0.01555 0.04250
0.01594 0.03161
0.01536 0.03138
0.01579 0.03818
0.02812 0.04659
0.01381 0.03130
0.01334 0.02700
0.02145 0.03938
0.01699 0.03515
0.01270 0.03185
0.01554 0.04970
0.01885 0.04848
0.02568 0.04175
0.02234 0.03401
0.01674 0.04594
0.01275 0.02749
0.01842 0.03798
0.01585 0.03641
0.01959 0.03796
0.02511 0.04313
0.01536 0.03615
0.01284 0.03995
0.02054 0.04500
0.01539 0.03570
0.01714 0.03541
0.01269 0.03227
0.01449 0.04503
0.01857 0.05198
0.01553 0.02071
0.01743 0.03160
0.01860 0.05266
0.02106 0.05472
0.01956 0.03315
0.01725 0.04365
0.02141 0.04436
0.01306 0.03209
0.02815 0.04987
0.01868 0.03760
0.01949 0.03802
0.03832 0.03452
0.01390 0.03213
0.01344 0.03278
0.01366 0.02984
0.01652 0.04750
0.01839 0.04873
0.01858 0.03193
0.01525 0.03980
0.01776 0.03322
0.02012 0.04294
0.01915 0.02704
0.01348 0.03875
0.01493 0.04008
0.01753 0.05390
0.01592 0.04173
0.01694 0.03167
0.02185 0.03733
0.02449 0.03543
0.02101 0.04289
0.02093 0.04279
0.01543 0.05071
0.01795 0.04301
0.01665 0.03919
0.01617 0.04211
0.01753 0.04715
0.02412 0.04117
0.01601 0.02663
0.01274 0.03666
0.01409 0.03938
0.02097 0.03896
0.01164 0.03195
0.01127 0.02865
0.01283 0.04106
0.02357 0.04870
0.01616 0.02832
0.01544 0.03841
0.02238 0.04582
0.01754 0.03291
0.01548 0.02825
0.02379 0.04648
0.02663 0.03974
0.01500 0.03827
0.01560 0.03957
0.01355 0.04007
0.01223 0.03318
0.02851 0.03809
0.02107 0.04121
0.01483 0.02516
0.01511 0.03354
0.01728 0.04280
0.01596 0.04208
0.01706 0.05112
0.01576 0.03856
0.01530 0.03846
0.01394 0.02427
0.01583 0.05728
0.01556 0.04030
0.02022 0.05046
0.01977 0.04023
0.01589 0.03899
0.01532 0.03828
0.02163 0.04110
0.02216 0.03968
0.01805 0.03705
0.01574 0.02546
0.01469 0.05096
0.01550 0.03119
0.01348 0.03321
0.01507 0.03365
0.01768 0.05686
0.01579 0.04830
0.01860 0.03710
0.01451 0.04403
0.01414 0.03065
0.01751 0.04618
0.01799 0.04874
0.01580 0.03581
0.02452 0.04112
0.01673 0.03955
0.01927 0.05173
0.01690 0.05165
0.01847 0.05495
0.01666 0.03535
0.01686 0.04158
0.02338 0.04148
0.01855 0.04734
0.01339 0.03220
0.01704 0.03546
0.01731 0.04242
0.01287 0.03109
0.03365 0.04081
0.01671 0.04932
0.01330 0.03385
0.01222 0.03254
0.01281 0.02266
0.01959 0.04147
0.01856 0.03369
0.02368 0.04009
0.01414 0.03098
0.01440 0.03364
0.01830 0.03024
0.01925 0.04315
0.01484 0.03979
0.02709 0.04661
0.01457 0.03534
0.01278 0.03540
0.01442 0.02376
0.01355 0.03948
0.01761 0.05140
0.02342 0.04015
0.01154 0.02019
0.01429 0.04192
0.02959 0.05168
0.01198 0.03543
0.02086 0.05035
0.02614 0.03631
0.02352 0.04809
0.01418 0.03841
0.01419 0.03951
0.01391 0.04143
0.01864 0.03755
0.01556 0.04308
0.02384 0.03951
0.01850 0.03603
0.01747 0.03037
0.02053 0.04188
0.01520 0.04099
0.01958 0.04084
0.01684 0.03214
0.01252 0.03122
0.01580 0.04772
0.01817 0.03825
0.03326 0.03912
0.01536 0.02938
0.01351 0.03769
0.01569 0.03486
0.02775 0.03337
0.01363 0.03835
0.01893 0.04011
0.01673 0.03552
0.01267 0.03036
0.01365 0.04265
0.02512 0.04925
0.02132 0.03547
0.01282 0.03403
0.01715 0.03116
0.01148 0.01733
0.01637 0.03634
0.01458 0.03631
0.01260 0.02061
0.01921 0.03948
0.01748 0.03976
0.02855 0.04108
0.03607 0.05417
0.02319 0.03080
0.02070 0.03488
0.01528 0.03930
0.01743 0.05185
0.01645 0.03202
0.01199 0.03370
0.01721 0.04981
0.03816 0.05252
0.01690 0.03655
0.01629 0.04514
0.01781 0.04100
0.01510 0.04497
0.01361 0.04009
0.01315 0.03178
0.01398 0.02944
0.01831 0.03098
0.01242 0.03068
0.01629 0.02490
0.01766 0.03508
0.01429 0.02840
0.04055 0.04939
0.01976 0.03282
0.01947 0.03318
0.01932 0.05225
0.01655 0.04929
0.01424 0.04000
0.02301 0.04926
0.01808 0.02988
0.02730 0.04489
0.02398 0.05426
0.02082 0.03687
0.01472 0.02458
0.01506 0.04393
0.01704 0.03593
0.01655 0.05120
0.01746 0.03487
0.01730 0.04501
0.02628 0.03602
0.02536 0.03674
0.02286 0.03112
0.01425 0.03907
0.01826 0.03867
0.01409 0.04142
0.02039 0.03622
0.01528 0.05554
0.01329 0.04566
0.01427 0.03258
0.01840 0.03921
0.01643 0.05002
0.02585 0.04734
0.02196 0.05341
0.01308 0.03295
0.01634 0.04903
0.02361 0.03649
0.02173 0.03995
0.01653 0.04079
0.01726 0.04344
0.01521 0.04230
0.01573 0.02379
0.01639 0.03327
0.01820 0.03521
0.02131 0.05067
0.01944 0.05594
0.01514 0.03402
0.01906 0.03137
0.02009 0.03865
0.01693 0.03311
0.01656 0.03344
0.02359 0.04949
0.02460 0.04994
0.01417 0.03169
0.01557 0.03640
0.01941 0.04034
0.01196 0.03186
0.01399 0.02988
0.02525 0.03599
0.01615 0.04739
0.01120 0.03044
0.01421 0.03391
0.01693 0.03265
0.01428 0.03879
0.01742 0.03831
0.01276 0.03749
0.01418 0.03023
0.02364 0.05191
0.01369 0.04129
0.02001 0.04291
0.01415 0.03488
0.01522 0.03279
0.02569 0.05298
0.01673 0.02942
0.01534 0.04241
0.01977 0.03923
0.03316 0.06010
0.01398 0.05049
0.01426 0.04261
0.01346 0.04017
0.01843 0.05203
0.01715 0.03397
0.01342 0.03309
0.01406 0.02479
0.02170 0.03989
0.01267 0.03123
0.01372 0.03983
0.01526 0.04264
0.01418 0.04187
0.01575 0.03508
0.01143 0.02968
0.01757 0.04528
0.01709 0.02868
0.01747 0.04643
0.01709 0.05098
0.01839 0.03746
0.03162 0.05019
0.01617 0.04250
0.01656 0.04136
0.01400 0.02501
0.01593 0.03515
0.01347 0.03022
0.02336 0.05167
0.01435 0.03396
0.01854 0.03058
0.02576 0.04033
0.01278 0.04280
0.01336 0.04279
0.01939 0.03547
0.02322 0.04166
0.01878 0.04183
0.03000 0.06515
0.01328 0.03279
0.02053 0.03669
0.01503 0.03734
0.01767 0.05563
0.01444 0.02882
0.02238 0.03653
0.03093 0.03824
0.01493 0.03229
0.01266 0.03518
0.01392 0.04156
0.01394 0.02607
0.01909 0.04527
0.01326 0.02067
0.01895 0.04971
0.02263 0.04062
0.01864 0.03879
0.01775 0.03883
0.01392 0.03061
0.00839 0.01727
0.02437 0.04222
0.01889 0.03577
0.01935 0.04116
0.01630 0.02535
0.01550 0.03969
0.02768 0.04006
0.01390 0.04379
0.02526 0.04591
0.01471 0.03975
0.02704 0.03093
0.02292 0.03962
0.01172 0.02018
0.01585 0.02796
0.01882 0.04163
0.01734 0.03107
0.01140 0.03176
0.01300 0.03398
0.01244 0.03186
0.01833 0.02961
0.01547 0.03270
0.01342 0.03555
0.01638 0.04622
0.01344 0.03396
0.01883 0.03915
0.01423 0.03934
0.01718 0.05456
0.01642 0.03015
0.02994 0.03611
0.01861 0.03408
0.01672 0.04773
0.01672 0.04801
0.02970 0.05316
0.01306 0.02786
0.01400 0.03917
0.02814 0.04672
0.01358 0.04024
0.01457 0.03207
0.01541 0.04031
0.01392 0.03975
0.01988 0.05006
0.01365 0.02517
0.01499 0.04600
0.01196 0.02063
0.01868 0.02733
0.01455 0.04054
0.02227 0.05217
0.01613 0.03914
0.01614 0.04318
0.01690 0.03437
0.01966 0.03103
0.01876 0.03342
0.01290 0.03204
0.02008 0.02436
0.01729 0.03512
0.02207 0.03924
0.01305 0.03595
0.02049 0.03965
0.01340 0.04167
0.02114 0.05287
0.01403 0.03266
0.01393 0.03898
0.01720 0.04559
0.01748 0.04743
0.01363 0.03196
0.01613 0.03745
0.02206 0.03178
0.01695 0.04611
0.01564 0.02757
0.01789 0.02358
0.01796 0.02722
0.01862 0.04767
0.01309 0.02666
0.01323 0.02974
0.01270 0.03084
0.01351 0.04155
0.01809 0.03240
0.01426 0.04322
0.02145 0.03104
0.02675 0.05445
0.02199 0.03584
0.01531 0.03818
0.01049 0.01789
0.02309 0.03777
0.02924 0.04258
0.02389 0.03623
0.01446 0.04004
0.01358 0.03836
0.01157 0.02473
0.01249 0.02889
0.01264 0.03811
0.01523 0.03206
0.01577 0.04949
0.02375 0.05171
0.01297 0.02493
0.02274 0.03691
0.01512 0.04111
0.01328 0.03095
0.01693 0.03373
0.01288 0.03281
0.01940 0.04166
0.01418 0.04084
0.01591 0.04937
0.01655 0.04649
0.01624 0.04101
0.01113 0.03949
0.02099 0.03211
0.01847 0.03923
0.01259 0.03386
0.01430 0.03828
0.01552 0.04728
0.01959 0.03633
0.01932 0.04134
0.01704 0.04032
0.01715 0.03558
0.01476 0.02103
0.01527 0.02144
0.02037 0.05043
0.02585 0.05526
0.01239 0.03359
0.01668 0.05865
0.01586 0.04063
0.01848 0.06171
0.01446 0.03839
0.02124 0.04029
0.01913 0.03731
0.01198 0.03056
0.02000 0.04690
0.01393 0.03570
0.01229 0.02857
0.02171 0.04851
0.02009 0.03835
0.01793 0.02530
0.01305 0.03132
0.01394 0.03959
0.01695 0.04713
0.01912 0.04125
0.01732 0.03909
0.01470 0.03360
0.01826 0.04235
0.01523 0.04081
0.01914 0.03016
0.02002 0.03192
0.01890 0.05197
0.01211 0.03364
0.01289 0.02924
0.01364 0.03887
0.01383 0.04028
0.02071 0.05020
0.01558 0.03650
0.01600 0.03278
0.01624 0.04757
0.01627 0.03981
0.01204 0.03266
0.01387 0.03380
0.02164 0.03396
0.01682 0.03921
0.02188 0.04913
0.01380 0.03710
0.01835 0.03448
0.02174 0.03489
0.01610 0.04687
0.01619 0.02147
0.01985 0.03557
