551 7156 11.19273 2.95583 2.54008 15.63413 8 2 0 1 3 69 100.00000 0
2205 2324 10.08808 0.02070 10.31804 1.18564 26 3 1 14 12 250 100.00000 0
2202 2410 11.49669 0.02420 13.26929 1.38706 19 5 1 14 8 226 100.00000 0
578 7147 11.25232 3.00914 10.00347 172.41134 5 0 0 3 3 49 100.00000 0
512 7197 11.98086 3.08385 17.61993 176.69216 4 0 0 4 2 19 100.00000 0
523 7191 11.64097 3.05963 15.70004 146.02883 3 0 0 1 1 21 100.00000 0
2205 2292 10.08808 0.02070 6.21049 19.18523 16 1 1 3 4 183 100.00000 0
3967 6676 11.19348 3.13718 2.22402 3.92576 20 7 0 15 7 173 100.00000 0
540 7160 10.24544 2.98576 2.03430 3.53668 7 0 0 5 2 36 100.00000 0
1940 5712 11.26322 2.93346 7.50130 168.07509 19 1 1 8 8 284 100.00000 0
1525 6197 11.76704 3.04467 2.99499 13.49547 5 1 0 5 2 56 100.00000 0
3622 7063 10.09100 3.03184 2.88461 2.81814 12 0 0 4 3 59 100.00000 0
