784 1431 2.42766 2.98624 0.08863 1.10924 501 462 38 497 352
234 1642 2.30103 3.09921 0.59915 2.21717 198 152 21 192 71
72 1820 5.76720 2.75776 0.34049 3.63873 87 59 22 87 33
175 1724 4.93073 3.11796 0.12715 1.59397 157 121 28 153 78
163 1729 2.90336 3.13958 0.09769 1.99253 318 213 24 316 215
79 1824 2.81963 3.01271 0.65701 3.73193 149 89 24 149 35
214 1682 5.98381 3.04550 0.34927 3.16891 169 127 31 167 75
204 1690 2.57176 3.12308 0.39049 3.40766 270 228 33 268 111
238 1646 3.82470 3.12377 0.03913 1.72782 194 137 44 192 94
138 1750 5.64087 3.13633 0.07152 2.02255 128 90 13 126 56
249 1619 3.71408 2.44663 0.39205 2.86567 183 131 21 170 107
2527 3871 4.66460 1.18856 0.53570 2.59178 232 189 29 226 118
790 1417 4.00531 2.85365 0.22017 1.63710 415 380 18 404 288
743 1462 3.01077 3.13190 0.12256 2.75477 273 208 31 269 128
801 1421 4.60211 2.34910 0.17359 1.89176 317 276 23 315 148
708 1500 4.31932 2.01916 0.07665 1.86970 447 412 22 442 253
207 1683 2.03221 3.05152 0.10720 2.68161 277 213 24 275 121
708 1497 4.89685 2.03787 0.04253 1.70088 387 328 43 383 229
798 1413 3.38298 2.48776 0.20428 1.82649 392 369 21 388 270
710 1510 5.30053 2.06172 0.05852 1.12848 352 322 24 337 246
716 1489 4.15656 2.44443 0.05588 0.79377 399 360 34 394 301
186 1705 4.36200 3.12698 0.09421 2.59525 241 70 6 232 110
80 1816 3.44523 3.12690 0.90477 3.90435 136 117 15 134 27
2497 3865 4.39039 2.30214 0.24875 2.10115 336 293 40 336 205
786 1433 5.01851 2.89399 0.02327 1.15487 300 261 33 294 178
738 1466 3.76903 3.12307 0.10779 2.79246 304 203 48 297 147
236 1650 4.34088 3.12036 0.58942 1.85161 184 123 38 179 69
787 1430 3.11968 2.90289 0.06089 1.45428 441 403 30 437 277
719 1506 4.79131 2.50859 0.08294 1.32175 278 227 36 272 181
115 1773 4.08853 3.06507 0.20974 1.48200 243 196 22 231 125
241 1642 4.24179 3.07465 0.52983 1.83163 205 145 29 203 76
2499 3869 4.09344 2.23917 0.29741 3.27907 227 198 22 227 121
747 1459 2.33783 3.12477 0.11415 2.33481 354 291 30 344 189
66 1830 5.00266 2.11785 0.21720 2.14430 167 109 53 167 87
750 1456 2.40654 3.13053 0.08762 4.11228 331 259 39 320 172
248 1620 3.66426 2.50834 0.45862 3.07371 159 72 4 155 84
83 1812 3.14694 3.05587 0.14784 4.33964 125 51 11 117 45
84 1805 5.25815 3.07570 1.24569 4.69035 92 67 22 88 33
201 1690 2.39434 3.12313 0.31424 3.75484 271 229 28 266 121
719 1504 3.81522 2.51920 0.10097 1.18167 366 312 35 360 271
2502 3866 2.88321 2.14905 0.07174 2.12375 304 262 42 304 166
73 1819 5.66905 2.82355 0.35273 3.72079 132 92 28 127 42
756 1450 2.46339 3.13356 0.10473 2.36082 351 322 20 351 223
78 1817 4.02632 3.08227 0.57130 4.39614 130 99 26 128 37
213 1682 4.84741 3.04553 0.65878 3.20394 218 157 38 216 71
773 1441 4.58918 3.06587 0.31946 2.22704 283 251 16 271 155
245 1624 3.58272 2.62544 0.37767 2.37916 234 164 21 230 108
230 1658 3.80388 3.08690 0.21015 2.18821 178 105 58 178 93
724 1496 2.91809 2.77901 0.31411 2.61239 373 323 42 373 166
706 1500 5.08513 1.93308 0.05391 1.73979 371 319 41 371 210
74 1825 3.59326 2.74487 0.34506 3.71025 161 115 28 159 52
237 1634 4.30051 2.89258 0.65811 2.06279 260 151 11 260 138
732 1483 3.36756 3.05592 0.44894 2.38294 278 209 36 263 106
2532 3869 4.17098 1.26661 0.04522 1.37970 320 285 33 318 177
148 1748 3.67654 3.13361 0.08905 1.80407 260 200 32 258 129
796 1409 5.62302 2.56165 0.06116 1.46447 304 242 42 300 207
2508 3863 3.91747 1.86567 0.04160 1.42327 268 225 38 268 153
81 1827 3.53863 2.95350 0.22716 2.93105 142 88 45 142 55
2518 3862 4.87476 1.38725 0.03127 2.07830 317 276 30 307 173
91 1808 4.10518 3.12239 0.87691 5.13393 87 16 1 87 48
718 1487 4.03040 2.54620 0.03272 0.56441 385 349 30 385 319
799 1410 4.45464 2.41776 0.23134 1.81402 388 344 35 384 234
2497 3871 5.59384 2.27289 0.09255 3.54254 179 148 28 177 86
81 1828 3.66297 2.91827 0.11576 2.68088 139 91 42 133 72
73 1823 4.49650 2.74194 0.18725 3.80375 132 79 11 130 32
2494 3865 5.11862 2.34573 0.03267 2.20051 234 205 25 232 126
125 1770 3.76781 3.09434 0.32856 1.78750 263 216 34 261 138
735 1468 4.52713 3.09132 0.10131 3.11093 241 188 20 239 85
142 1753 2.83785 3.13456 0.30342 1.93168 288 224 32 286 153
188 1702 5.21065 3.10007 0.63675 2.51342 194 136 29 190 65
75 1841 2.25458 2.12539 0.10751 1.64235 187 158 27 185 103
733 1470 4.49592 3.06487 0.11818 3.60033 183 152 20 177 74
222 1660 3.85083 3.08845 0.09702 1.90660 246 208 33 244 135
787 1421 3.12661 2.97606 0.25478 1.51388 512 463 31 506 366
775 1438 3.29809 3.07857 0.11152 2.08919 286 195 21 278 156
75 1821 4.25733 2.91144 0.90246 3.78755 128 99 22 124 32
767 1439 2.58885 3.09442 0.08537 1.82821 403 371 23 395 245
774 1438 2.68749 3.08285 0.13105 1.90146 364 291 25 356 199
95 1800 2.89014 3.10274 1.00211 3.34293 184 146 26 178 65
780 1425 4.20866 3.13506 0.30302 2.21876 347 297 43 340 196
798 1423 3.87366 2.49099 0.34903 2.51310 329 290 32 324 165
732 1470 5.26152 3.04439 0.39825 3.63281 265 216 42 260 81
155 1743 5.64069 3.13268 0.28043 2.06298 150 84 11 148 83
230 1649 2.12157 3.12283 0.28434 2.43831 203 156 28 199 84
171 1727 3.89320 3.12303 0.27620 1.52187 328 277 38 324 233
114 1781 4.30004 3.07401 0.12119 1.79907 267 190 36 267 92
711 1494 4.55330 2.18773 0.06967 1.02412 454 398 49 454 353
141 1749 3.37360 3.13079 0.23097 1.69766 299 203 26 297 143
221 1660 5.03477 3.09154 0.18544 1.93371 226 164 33 226 124
732 1474 2.48072 3.03865 0.10694 3.06171 364 289 36 355 149
720 1504 4.25151 2.56670 0.11504 1.46286 299 246 28 295 197
785 1423 2.90966 3.03688 0.06448 1.39241 527 489 30 525 363
781 1422 5.62959 3.13862 0.11139 1.82735 392 347 36 388 234
88 1802 4.17379 3.08991 1.22567 5.07821 73 48 4 71 22
745 1457 5.74745 3.13508 0.30220 3.26039 151 110 20 143 56
253 1611 5.61369 2.12532 0.27973 2.25845 204 174 22 195 84
799 1413 3.34424 2.43820 0.11119 1.87951 404 370 23 400 254
238 1631 5.31002 2.81763 0.15054 1.64211 221 97 9 216 154
198 1691 4.68816 3.13241 0.07302 4.17495 188 140 31 184 87
2512 3871 5.14117 1.64628 0.32193 2.93265 162 125 32 158 69
88 1801 4.73739 3.09454 0.96552 4.96452 61 40 12 54 11
142 1755 5.29373 3.13569 0.18872 1.66836 220 172 24 214 104
108 1781 2.98650 3.08343 0.28265 2.19945 206 107 32 202 83
221 1662 3.51206 3.08548 0.25159 1.73393 214 163 21 214 132
718 1485 4.84573 2.54754 0.06296 0.89613 350 318 25 344 261
775 1432 2.21339 3.11565 0.04949 1.61107 533 467 46 531 315
731 1485 3.44594 3.03073 0.56808 2.17906 320 268 42 316 157
210 1684 3.32963 3.05268 0.37481 3.47761 215 146 36 215 77
230 1660 5.22793 3.07895 0.19529 2.14722 135 87 35 133 61
237 1647 3.49253 3.13941 0.32969 1.91765 148 91 15 142 68
755 1457 4.63880 3.11575 0.23133 2.91739 237 198 32 231 118
717 1501 2.04334 2.43861 0.06071 1.28207 513 469 35 511 363
223 1660 2.60825 3.08808 0.14171 1.90166 296 250 37 289 176
71 1822 5.54235 2.66097 0.14146 3.52814 107 73 24 99 33
74 1847 4.27041 1.83114 0.16884 1.74764 115 88 18 112 60
115 1774 3.00115 3.06736 0.10470 1.53033 291 232 33 285 143
152 1744 3.37173 3.13420 0.27518 2.22387 211 144 15 199 109
82 1817 2.91374 3.09609 0.91362 3.89239 143 90 30 141 44
63 1834 5.02878 1.79154 0.25634 1.41333 181 134 37 172 105
101 1790 2.20790 3.12209 0.55750 2.67810 168 126 19 164 47
783 1421 5.21697 3.09985 0.10818 1.42546 367 344 17 361 279
724 1498 3.73274 2.76530 0.16626 2.39457 346 299 35 341 168
67 1837 2.80120 1.87389 0.10704 1.81013 225 191 29 223 113
77 1836 2.50023 2.47278 0.25627 2.56262 170 138 21 170 75
140 1757 5.35087 3.13536 0.19854 1.80797 214 162 24 214 119
104 1790 3.12768 3.10571 0.46271 2.48443 209 156 19 207 64
79 1817 3.62044 3.11799 0.21755 3.98762 154 102 42 152 44
720 1489 2.18015 2.63774 0.07951 0.74019 536 497 32 533 387
91 1798 4.42622 3.13091 0.57468 4.08428 143 114 9 141 48
242 1628 3.67000 2.74103 0.13449 2.03028 331 258 26 315 225
68 1828 4.89148 2.29537 0.19224 2.83269 142 104 18 140 42
790 1420 2.27005 2.85406 0.07415 1.68447 524 486 27 517 342
776 1426 5.89517 3.09524 0.38056 2.14612 289 237 43 285 154
759 1452 3.61200 3.13252 0.10657 2.19571 293 240 33 293 161
124 1766 2.25380 3.08641 0.24906 1.99978 368 297 44 362 203
805 1410 5.56343 2.10470 0.11127 0.50822 316 285 18 312 236
252 1613 5.05318 2.19523 0.67972 2.30444 159 139 14 155 70
212 1675 3.40942 3.04998 0.13704 2.18391 237 153 46 235 103
146 1744 3.70746 3.13575 0.38565 2.07961 225 142 24 225 84
235 1638 3.71414 3.00565 1.18537 2.72850 179 142 19 175 57
2491 3870 5.34027 2.31577 0.09658 3.24401 204 161 31 200 102
247 1632 3.53428 2.83896 0.18223 1.83035 275 70 14 273 183
77 1828 2.49666 2.79389 0.08213 3.36976 171 142 25 167 71
169 1729 4.03168 3.13117 0.32136 2.13075 233 183 23 224 141
710 1502 3.42539 2.09342 0.10715 1.69443 424 365 43 416 252
87 1813 3.56677 3.06517 0.33055 5.11581 105 73 14 103 42
712 1503 2.93264 2.18049 0.07322 1.12709 460 412 36 455 323
184 1713 2.67875 3.11461 0.34248 2.42931 224 185 20 224 128
145 1746 2.35426 3.13445 0.51746 2.27159 303 244 22 301 111
74 1817 5.82494 2.88724 0.25697 4.15501 101 49 20 101 26
69 1849 4.89500 1.46865 0.41012 1.76636 176 138 12 176 68
711 1499 3.36133 2.16056 0.06442 1.31581 506 460 41 504 356
94 1802 3.20890 3.10148 0.78548 3.36267 180 146 28 173 54
704 1506 5.55922 1.80946 0.11717 1.64020 356 301 26 354 206
84 1815 2.91334 3.07850 0.13930 4.05367 134 97 24 131 27
239 1631 4.37075 2.81729 0.10320 1.82327 205 84 7 203 142
772 1442 4.81742 3.09019 0.14847 2.36314 351 238 23 343 188
120 1769 3.17502 3.07651 0.08251 1.70915 241 185 36 239 118
80 1831 3.53654 2.78542 0.11958 2.08356 151 131 16 146 60
223 1656 5.45188 3.10394 0.09465 1.89713 281 210 61 279 161
105 1785 2.40448 3.09162 0.26631 2.28568 225 184 28 221 90
86 1820 5.01996 3.11009 0.14714 4.26462 66 39 12 66 20
128 1766 2.39932 3.11449 0.10023 1.91090 326 291 26 326 173
65 1844 3.66234 1.42718 0.12775 0.95244 158 114 22 156 111
199 1697 3.55360 3.09444 0.12230 3.07574 284 248 26 284 127
251 1613 5.13012 2.19743 0.52675 2.61988 146 106 34 146 79
198 1692 3.71634 3.13449 0.35550 4.11790 213 172 29 207 92
2507 3868 2.60453 1.90384 0.04577 2.29661 330 267 58 330 180
217 1669 2.69088 3.07647 0.18619 1.20138 307 257 23 303 238
85 1826 5.78508 3.01702 0.12070 3.52370 118 76 27 118 39
208 1680 3.61602 3.05956 0.29901 1.91459 234 198 25 234 115
160 1731 3.78056 3.14040 0.15263 2.30376 173 101 10 169 80
731 1475 2.50529 3.02525 0.10129 2.70458 319 277 31 317 140
2527 3866 2.80926 1.21688 0.17470 2.27555 269 216 51 269 137
81 1840 5.88397 2.39950 0.13907 1.25772 104 86 12 100 64
116 1780 5.31936 3.06407 0.10864 1.46340 245 187 33 239 101
82 1808 5.13086 3.09057 0.23011 4.60913 135 95 31 131 41
93 1801 2.46696 3.11416 1.15581 3.36930 202 155 16 200 68
76 1827 2.67882 2.78021 0.42136 3.60163 119 86 21 110 39
2497 3870 4.88325 2.27559 0.36283 3.60315 199 169 23 199 89
125 1763 4.65798 3.09415 0.22117 1.77586 216 179 34 212 94
82 1812 3.57660 3.06388 0.16227 4.24335 149 59 11 145 50
2524 3863 4.57361 1.24152 0.28299 2.34985 235 178 47 225 111
232 1644 3.04489 3.12049 0.86164 2.21045 206 154 36 206 84
735 1471 2.40300 3.09594 0.08176 3.39569 316 271 38 312 132
79 1836 3.67573 2.54751 0.08959 2.02758 139 100 18 133 54
2519 3862 4.96609 1.35065 0.27405 2.21311 276 227 37 268 171
2514 3871 5.04798 1.54910 0.20960 3.23567 209 164 41 207 93
191 1701 2.55734 3.12277 0.34653 3.41226 306 70 6 306 164
253 1622 4.67621 2.54189 0.38325 2.31765 194 95 13 192 98
199 1691 3.54920 3.13872 0.11675 4.01659 184 142 33 184 81
74 1845 3.26507 1.90457 0.05482 1.40611 155 118 22 151 78
90 1808 3.47069 3.11670 0.76257 5.43091 64 21 0 64 29
727 1478 3.25765 2.90951 0.30260 2.56155 317 272 41 313 139
77 1814 5.48340 3.07128 0.84560 4.72273 81 56 13 76 28
729 1492 4.72015 2.96354 0.44105 2.18373 301 256 37 294 166
238 1636 2.18181 2.93979 0.89151 2.24507 290 200 22 286 111
77 1843 4.09117 2.12734 0.21432 1.68818 124 93 18 122 67
723 1482 3.52300 2.76756 0.20198 2.07075 315 280 34 312 154
796 1423 2.79689 2.58351 0.34346 2.29200 440 406 29 436 236
805 1417 5.77786 2.13785 0.13274 1.09396 325 292 23 323 215
775 1428 5.14890 3.10887 0.06117 1.66460 382 350 23 369 232
787 1429 2.35385 2.92296 0.24107 1.41748 540 494 31 533 328
64 1829 5.92258 2.03731 0.38176 2.40355 140 76 16 138 44
247 1633 4.12982 2.86354 0.21607 1.97477 258 101 5 256 169
219 1662 5.94077 3.09579 0.28830 1.69350 185 98 19 181 113
733 1485 4.96924 3.07421 0.73432 2.36546 217 191 17 213 108
714 1492 3.96103 2.33673 0.06153 0.75744 397 368 21 395 296
783 1434 4.34311 2.97113 0.20919 1.04005 335 311 17 326 258
98 1795 2.33382 3.11189 0.85815 3.40421 168 140 19 166 57
769 1444 4.42113 3.08080 0.06843 1.59741 388 344 32 386 258
2487 3869 5.77853 2.22754 0.20854 2.48112 231 209 21 231 129
191 1705 2.16119 3.12120 0.44700 4.29172 326 4 0 324 160
805 1414 5.36122 2.13043 0.15293 0.73807 343 308 25 339 273
157 1741 5.37231 3.13478 0.11037 2.34902 179 115 10 175 83
157 1735 2.15730 3.13446 0.15549 1.86109 324 263 24 324 233
750 1453 4.88476 3.13297 0.27758 3.72583 221 178 12 210 87
89 1812 4.42254 3.08425 0.66665 5.15951 82 68 7 69 32
781 1427 2.32159 3.11314 0.11824 1.61616 535 496 28 535 322
247 1620 4.16164 2.50361 0.40763 3.09920 179 81 9 175 88
151 1746 4.72333 3.13464 0.23128 2.35684 204 159 19 199 108
193 1703 2.35100 3.13769 0.24302 3.40237 304 34 3 302 138
705 1501 5.29326 1.88048 0.07626 1.90557 363 317 33 355 246
2531 3868 3.63134 1.24773 0.08763 1.08065 345 296 43 339 201
166 1731 3.10137 3.13973 0.16046 2.15631 241 181 14 237 148
59 1843 5.74201 1.14427 0.09278 1.23035 156 72 16 152 99
253 1625 5.49550 2.64466 0.32828 2.10040 207 95 6 203 118
225 1652 5.70605 3.10317 0.17413 1.83760 193 117 32 189 109
161 1737 4.98019 3.13852 0.17765 2.29405 222 133 26 218 128
2498 3866 3.70283 2.28132 0.07430 1.96324 218 183 26 216 134
108 1789 5.99664 3.08015 0.20343 2.67883 90 61 13 88 34
207 1686 2.10244 3.06781 0.28863 3.01662 225 151 24 223 101
761 1448 2.02981 3.11746 0.13146 2.36546 444 390 42 442 305
70 1844 2.09480 1.70459 0.16816 1.10959 234 197 19 230 139
77 1831 2.31104 2.68355 0.16284 2.81605 186 141 20 182 70
790 1427 2.35274 2.81628 0.06610 1.81143 407 377 24 396 270
798 1407 5.87424 2.45373 0.12523 1.51698 280 248 22 276 195
68 1843 2.21411 1.62872 0.20933 1.29028 248 181 26 248 141
79 1835 3.52623 2.59246 0.13789 1.93876 160 111 30 156 80
209 1687 5.16563 3.07127 0.39540 3.24172 174 108 22 167 78
210 1676 4.89646 3.04933 0.10998 2.03625 253 180 44 244 135
58 1842 5.96245 1.14924 0.06709 1.10500 192 155 24 188 114
749 1455 3.92009 3.13906 0.20848 3.77138 214 165 30 212 102
95 1793 4.67012 3.11782 0.49877 2.44200 166 118 14 160 69
96 1792 4.53913 3.12564 0.58602 2.40469 174 142 25 171 63
73 1831 2.38398 2.47170 0.11344 2.24298 214 167 40 207 81
194 1695 5.30952 3.09233 0.06724 3.24075 179 133 41 179 98
62 1842 4.51483 1.35280 0.10000 0.91728 232 175 41 232 147
71 1844 2.04095 1.76359 0.12912 1.18729 213 190 17 204 129
734 1479 3.11484 3.08670 0.51648 2.81897 254 204 39 244 124
797 1425 4.50596 2.52801 0.22223 2.48365 365 325 33 363 158
716 1487 4.95145 2.44837 0.02644 0.75744 318 267 45 313 238
83 1816 2.88194 3.07689 0.18154 4.11732 129 80 17 123 30
92 1799 3.15034 3.13162 0.52604 3.77367 167 131 5 167 67
76 1819 4.40511 2.98655 0.17205 4.13441 115 80 23 108 25
85 1827 5.98624 2.97787 0.10721 3.29456 87 52 26 79 27
79 1825 2.80469 2.97565 0.73298 3.58932 184 135 37 184 60
211 1684 4.46340 3.04919 0.09275 3.78372 158 75 32 156 55
73 1822 4.78854 2.77668 0.43095 3.62093 110 73 31 108 40
176 1721 2.37251 3.11804 0.07737 1.44996 232 196 26 230 145
2514 3863 3.58911 1.57920 0.10741 1.62003 301 247 33 299 148
709 1507 4.36287 2.02175 0.09351 1.63781 395 339 40 391 233
76 1838 2.17717 2.32874 0.46460 2.35218 161 121 24 157 55
67 1835 3.28857 1.96468 0.12987 1.73641 210 169 34 208 112
207 1689 4.90036 3.09613 0.42997 3.32578 196 91 19 196 101
213 1683 5.89513 3.03749 1.03766 3.70465 125 69 8 125 43
703 1505 5.88325 1.77360 0.11016 1.52931 359 310 33 354 240
2501 3864 4.15412 2.18968 0.34925 2.40420 165 135 23 158 66
250 1624 2.93245 2.62290 0.48288 2.31410 247 141 15 245 137
221 1672 4.76348 3.05639 0.08004 1.92681 194 144 24 192 120
164 1735 5.96701 3.13452 0.18470 1.78092 170 119 34 166 90
59 1837 5.77584 1.44378 0.20607 1.39269 159 112 36 157 89
87 1807 2.82825 3.07505 0.18479 5.58132 108 87 13 108 31
59 1836 5.92444 1.48962 0.13908 1.39493 195 151 35 193 111
97 1799 3.76061 3.11933 1.13036 4.09357 134 59 8 134 31
739 1466 2.96417 3.12803 0.10277 3.03177 400 336 27 386 194
196 1695 3.02009 3.09992 0.07161 3.41936 275 231 24 271 147
762 1444 2.56300 3.11097 0.13205 1.72601 442 392 23 440 317
252 1624 4.37677 2.61622 0.39356 2.19285 171 75 12 165 85
253 1614 4.96875 2.23822 1.00417 2.21558 192 164 25 190 67
794 1427 4.29049 2.64249 0.40274 2.43365 360 319 33 354 200
84 1804 5.84150 3.07629 0.16625 4.58159 94 68 17 92 23
752 1453 3.17417 3.13742 0.32237 3.16533 243 187 24 235 131
2508 3869 3.38160 1.84751 0.13283 2.85060 250 209 38 250 118
153 1737 4.29296 3.13536 0.09675 1.90947 169 121 21 167 69
794 1416 2.92266 2.67574 0.03959 1.81876 521 485 31 515 350
785 1418 5.94949 3.04710 0.35417 1.79798 390 357 30 386 254
796 1410 5.15782 2.55987 0.19276 1.61350 358 329 17 356 253
727 1496 4.88577 2.88706 0.14909 2.97743 268 228 27 260 115
796 1424 3.35140 2.57687 0.12549 2.28225 411 389 19 409 219
778 1437 4.26686 3.04436 0.16577 2.03259 264 233 14 256 137
108 1782 2.19645 3.07708 0.53108 2.19035 175 128 44 175 70
2509 3864 2.86431 1.81671 0.09123 1.67631 265 216 45 265 132
150 1746 3.53540 3.13802 0.25412 2.14831 233 195 35 231 137
79 1842 5.04816 2.25591 0.15878 1.31879 148 105 13 148 72
788 1419 3.81102 2.94070 0.33825 1.74720 476 434 28 474 289
167 1726 2.11588 3.13248 0.10532 1.71486 290 257 21 284 183
66 1848 4.89376 1.33402 0.18495 1.41720 165 130 22 165 76
182 1716 3.73538 3.10971 0.31020 2.42785 242 199 39 242 124
766 1446 3.89865 3.08487 0.32047 2.44889 293 239 17 287 160
791 1419 2.42677 2.81179 0.04128 1.93026 624 590 25 620 420
184 1709 2.20368 3.11492 0.04828 2.38245 313 264 35 311 199
207 1679 5.74958 3.05207 0.40283 1.77100 261 224 30 257 115
151 1740 2.81079 3.14026 0.32809 2.20975 253 189 21 251 125
707 1509 5.30386 1.92882 0.14098 1.63399 369 310 33 365 256
79 1831 3.03672 2.75830 0.13478 2.28070 202 140 32 196 73
86 1815 3.64949 3.08065 0.96276 4.88199 86 59 17 86 29
118 1771 3.06144 3.07161 0.12842 1.65588 313 266 28 311 208
171 1720 4.93106 3.12975 0.07134 1.76658 190 141 21 188 115
739 1472 3.01982 3.12573 0.16508 3.38229 348 297 36 344 128
780 1427 2.84319 3.13162 0.12729 1.80537 493 455 27 490 303
726 1496 4.23419 2.85291 0.36465 2.94916 249 225 21 243 137
163 1727 5.41069 3.13591 0.12244 1.60669 171 104 13 171 109
62 1837 4.77008 1.59860 0.18033 1.50220 197 144 35 195 101
72 1829 3.21363 2.48816 0.82851 2.67547 153 111 26 153 42
162 1736 4.87618 3.14090 0.16179 2.05424 246 191 16 244 162
803 1415 4.32438 2.24046 0.09035 1.03628 369 333 25 359 290
2525 3869 2.79550 1.21124 0.13869 2.42818 313 274 36 313 136
2535 3867 5.19585 1.35724 0.10950 2.71383 142 113 22 132 78
751 1454 3.12621 3.13906 0.37675 3.77035 302 229 32 298 158
107 1780 4.95643 3.07747 0.22175 2.06336 204 156 35 202 91
737 1469 2.35302 3.12086 0.11525 3.18825 390 346 28 388 139
63 1837 4.40227 1.65297 0.10109 1.53366 231 178 42 229 113
134 1762 4.40989 3.14040 0.13002 1.57619 224 177 28 224 102
2525 3872 5.57733 1.19006 0.17913 3.00466 176 127 33 176 65
177 1720 2.32593 3.11433 0.11056 1.22749 264 221 40 260 189
774 1433 2.12623 3.10380 0.24687 1.50142 493 432 39 491 320
777 1430 2.42179 3.13202 0.07341 1.71669 558 505 45 554 303
712 1499 2.96478 2.20758 0.03851 1.13918 519 473 40 515 369
77 1837 2.64017 2.42694 0.12761 2.58876 173 134 12 167 77
85 1808 3.37070 3.08566 0.08679 4.94387 114 55 5 105 35
3993 4044 5.32337 0.57984 0.09141 0.75069 313 274 32 311 206
205 1691 4.48852 3.12473 0.43210 3.54795 192 77 9 188 71
93 1805 4.03067 3.10914 0.55715 4.07958 133 66 10 128 60
709 1510 5.37032 2.01565 0.10070 1.27534 390 331 37 384 238
706 1497 5.66575 1.95179 0.05834 1.55394 283 243 28 283 185
227 1661 2.79093 3.07818 0.08221 1.87367 221 172 42 221 126
2501 3865 3.49482 2.19023 0.03524 2.21682 276 232 35 276 168
753 1457 2.97078 3.11800 0.17006 3.36767 253 217 26 247 118
747 1466 5.39118 3.09412 0.41817 2.38458 264 154 16 252 137
709 1498 4.30723 2.07539 0.08739 1.53417 480 431 32 478 330
73 1830 2.65054 2.51386 0.11900 2.40387 234 192 31 228 99
97 1801 5.03175 3.10686 1.11240 4.16048 140 86 15 135 39
721 1481 5.09837 2.68864 0.09775 1.92214 250 210 35 244 124
89 1816 5.98285 3.10522 0.70487 5.02820 86 61 13 82 26
250 1631 5.70653 2.81150 0.27562 1.58239 286 94 9 282 191
2536 3870 5.84334 1.36163 0.19180 1.45455 203 167 22 199 130
717 1502 2.38747 2.43268 0.09038 1.16163 489 417 47 485 347
3993 4043 4.98977 0.55326 0.07051 0.77126 292 255 31 290 205
747 1464 3.67182 3.10032 0.19823 2.49858 401 287 23 395 197
161 1735 2.50538 3.14021 0.15941 2.05023 351 239 25 349 223
86 1803 5.02245 3.07291 0.50260 5.33899 73 26 10 73 27
169 1728 2.73646 3.12353 0.25394 1.88450 270 228 36 262 181
171 1722 2.39007 3.13219 0.11450 1.85709 399 305 30 397 235
226 1662 2.46605 3.07266 0.16342 1.69766 301 224 52 301 205
106 1780 5.95483 3.08193 0.32116 2.10896 201 164 30 198 87
708 1496 5.13592 2.04602 0.04387 1.74720 431 394 30 419 254
757 1448 3.29787 3.12941 0.08434 1.82863 377 326 29 371 262
748 1457 3.10403 3.13036 0.08481 3.35462 228 190 26 219 112
755 1456 3.76336 3.12177 0.14038 2.85595 272 233 33 262 131
95 1801 3.39914 3.10148 0.84223 3.42657 185 150 16 181 70
201 1693 2.10568 3.12885 0.45529 4.16857 324 65 3 322 128
158 1739 4.03213 3.14075 0.13876 2.33146 198 157 19 194 114
764 1447 3.21996 3.10028 0.10484 2.27159 308 255 35 302 191
154 1737 3.14922 3.13613 0.14644 1.78334 249 200 18 247 159
741 1463 3.78479 3.13361 0.11959 2.99996 337 297 27 331 194
243 1625 4.59710 2.64824 0.30458 2.31714 239 145 14 235 130
67 1849 5.21476 1.35786 0.62478 1.58832 122 89 24 118 35
760 1451 3.55922 3.12800 0.13647 2.56323 276 249 13 265 169
68 1844 2.53568 1.59261 0.15551 1.20268 178 152 14 178 95
113 1777 2.00146 3.07101 0.26828 1.93492 318 267 34 314 123
799 1416 2.65177 2.44678 0.07391 2.14594 487 451 32 479 270
735 1470 3.03054 3.09653 0.10607 3.49794 263 216 33 261 92
116 1778 3.15770 3.06811 0.18286 1.46286 258 201 43 252 127
797 1417 2.10043 2.54897 0.08384 2.21116 572 522 40 565 341
150 1747 4.77607 3.13792 0.23919 2.07867 176 144 23 172 88
113 1782 4.29929 3.06896 0.72126 1.97833 184 149 30 177 72
69 1824 5.66536 2.49584 0.17749 3.71668 80 51 21 78 31
78 1819 3.58587 3.07441 0.17963 4.05850 158 104 25 156 42
803 1419 5.06418 2.24784 0.09147 1.44672 315 267 27 311 212
198 1690 5.64205 3.13391 0.08179 4.28862 190 78 8 184 91
224 1667 4.10029 3.07147 0.15475 1.66883 175 110 26 171 96
165 1733 4.55468 nan 0.22086 1.96084 183 87 24 179 85
86 1818 4.52388 3.10084 0.60168 4.53976 99 77 19 99 34
74 1826 3.36181 2.71221 0.25205 3.42863 162 116 32 160 58
67 1833 3.82105 2.05096 0.11823 1.79253 194 151 37 192 104
751 1453 3.98043 3.13504 0.21440 3.54055 286 226 21 284 151
786 1417 5.96675 3.01353 0.12415 1.70410 359 329 21 353 215
791 1413 5.65976 2.79731 0.32892 1.47167 349 322 23 347 248
2507 3870 4.40787 1.88684 0.15760 3.15889 244 182 50 244 100
67 1846 3.64187 1.47328 0.15003 1.34203 219 153 25 217 107
789 1418 3.90849 2.89774 0.34305 1.69027 444 395 35 440 297
128 1762 2.46317 3.12009 0.08849 2.05862 280 186 25 280 147
721 1480 5.61568 2.68402 0.09494 1.96643 225 180 33 221 103
251 1628 4.98150 2.73908 0.35814 1.87325 213 168 31 209 114
112 1784 5.28725 3.07202 0.04627 2.17996 177 146 25 175 63
84 1816 3.05883 3.07884 1.13699 4.00184 138 99 37 138 44
141 1755 4.11428 3.13549 0.14502 1.65965 240 198 19 238 125
799 1423 4.42969 2.44145 0.13072 2.49151 314 287 16 306 133
85 1804 5.16396 3.07745 1.28699 4.81223 72 56 9 72 22
227 1652 3.45400 3.10047 0.31069 1.99056 190 115 37 188 118
80 1815 3.68662 3.12660 0.75750 3.94715 109 76 25 105 29
237 1632 5.58839 2.84005 0.20250 1.54889 221 131 10 219 131
761 1452 5.37434 3.12522 0.14609 2.64412 230 195 30 217 110
792 1412 5.70617 2.74593 0.28342 1.66601 302 275 18 292 183
250 1612 5.66813 2.17139 0.32230 2.79848 151 113 17 149 70
798 1410 4.61584 2.46732 0.21926 1.81359 357 305 39 350 249
2503 3867 2.67832 2.10039 0.27639 2.25915 307 241 56 304 174
249 1622 2.77218 2.56175 0.39505 2.44713 185 145 16 179 99
796 1417 2.06840 2.59292 0.07950 2.06128 648 617 24 646 443
706 1509 5.53383 1.88522 0.07603 1.55947 383 342 26 379 263
139 1757 4.18540 3.13647 0.12702 1.94340 244 185 18 240 123
83 1808 4.49762 3.08254 0.17683 4.73491 112 76 22 106 47
800 1410 4.40616 2.37050 0.19634 1.61156 371 336 28 369 244
736 1475 2.51837 3.11215 0.42445 2.64131 336 303 30 332 143
90 1809 3.83280 3.10843 0.93032 5.34727 64 15 1 62 34
195 1701 2.89512 3.10337 0.10488 2.66168 260 153 31 258 117
64 1842 3.70415 1.46254 0.08288 0.89657 243 196 30 241 152
725 1480 3.36113 2.83792 0.11657 2.68030 263 220 35 263 106
81 1829 3.80613 2.88014 0.06270 2.51123 161 123 35 157 53
64 1845 4.32778 1.34196 0.13881 0.92831 175 129 19 169 113
190 1708 4.26068 3.13493 0.36857 3.04298 236 82 7 232 116
130 1760 2.62900 3.12543 0.03267 2.29166 262 202 28 260 135
773 1440 3.71502 3.06990 0.34842 2.04507 324 293 21 320 174
81 1835 4.80201 2.64205 0.17359 1.80168 147 97 28 147 89
83 1823 3.90383 3.10561 0.19907 3.70740 150 101 36 148 67
212 1682 3.68147 3.04962 0.36524 3.08845 224 169 38 220 82
710 1495 4.64910 2.13859 0.09073 1.39886 455 409 32 455 301
751 1460 3.85578 3.10787 0.43735 3.29004 187 157 18 181 61
2492 3870 5.24976 2.32268 0.12786 3.45355 223 195 23 219 109
783 1425 2.64139 3.08132 0.27178 1.52931 426 396 28 413 282
709 1505 3.96438 2.03241 0.10800 1.31968 453 394 38 446 328
220 1661 5.47238 3.09926 0.16025 1.97040 202 135 28 202 113
83 1807 4.96306 3.06987 0.16511 4.70611 107 69 25 107 29
143 1746 4.73544 3.13043 0.22329 2.11378 267 153 17 265 127
788 1432 5.18225 2.83543 0.05890 1.59692 261 232 24 254 153
787 1419 4.33438 2.98038 0.17040 1.74316 476 438 26 474 310
197 1695 2.03131 3.10157 0.07763 3.52648 311 272 24 311 150
111 1778 2.93132 3.07263 0.19264 1.93107 238 211 20 223 97
797 1408 5.73479 2.51179 0.07884 1.47883 288 257 23 282 197
83 1831 5.39497 2.83525 0.13097 2.61164 156 72 13 156 83
798 1417 2.27432 2.50038 0.19396 2.28431 447 401 32 437 228
749 1463 4.68879 3.10386 0.20851 3.47435 233 200 23 227 105
79 1830 2.95257 2.80046 0.17573 2.48774 195 128 22 191 72
106 1788 3.24326 3.08305 0.48385 2.38966 186 147 31 182 67
229 1646 4.82544 nan 0.87631 2.36563 211 162 21 211 76
252 1626 5.01933 2.67380 0.18001 2.07113 212 98 12 212 101
714 1490 4.68185 2.33947 0.03941 0.44057 344 309 28 340 246
96 1803 5.40409 3.09756 0.88820 3.86158 130 99 17 128 47
779 1429 2.02336 3.13032 0.07560 1.70640 578 533 32 570 348
96 1791 5.35110 3.13162 0.71807 2.74595 155 106 29 147 45
100 1794 2.84093 3.11983 0.78074 2.57527 156 114 25 147 49
773 1431 4.30414 3.13671 0.29103 1.60645 407 365 21 399 263
75 1816 5.69889 2.95538 0.22842 4.40860 99 68 24 97 31
79 1844 5.68037 2.16595 0.24657 1.16600 106 62 16 100 50
73 1825 3.95834 2.68905 0.62783 3.65581 159 113 33 159 51
64 1834 4.68189 1.84694 0.10112 1.50350 163 126 31 159 94
99 1790 3.53483 3.12792 1.00692 3.48279 150 122 16 150 45
217 1675 2.70611 3.04340 0.12113 1.10074 328 247 29 326 253
795 1414 3.56996 2.63012 0.09273 1.52264 427 382 37 423 302
715 1503 2.55149 2.32919 0.07290 0.98357 451 405 38 441 324
746 1463 2.16715 3.12152 0.14497 2.62212 459 422 26 457 282
795 1409 5.95086 2.60623 0.06333 1.28937 341 290 31 337 254
710 1498 3.90377 2.12148 0.05709 1.45347 485 436 35 481 351
158 1733 3.52016 3.14050 0.23798 2.11766 222 138 21 218 115
741 1471 3.93479 3.13341 0.41751 3.14722 304 263 25 290 128
771 1441 3.19567 3.07201 0.08511 2.26814 325 293 26 323 162
720 1503 3.78879 2.57315 0.09729 1.70502 325 260 26 310 190
102 1789 2.15022 3.11732 0.37014 2.48806 240 196 15 236 90
805 1411 5.45260 2.10980 0.12207 0.72524 316 284 22 316 249
2523 3869 2.68742 1.23942 0.95996 3.54950 287 248 30 282 93
713 1499 2.59392 2.25685 0.07089 1.09217 567 511 46 561 440
805 1408 5.89242 2.10048 0.12888 0.62683 289 237 38 285 215
761 1451 4.41647 3.12364 0.20413 2.77770 247 213 22 242 120
94 1806 5.39092 3.09428 0.39137 3.79199 136 80 30 132 44
77 1844 4.41883 2.09124 0.22230 1.66859 76 40 13 71 37
705 1506 5.22749 1.85305 0.08102 1.47830 384 323 45 381 226
206 1681 5.01580 3.06528 0.31906 2.11822 206 146 36 206 96
2500 3871 5.56394 2.19581 0.36803 3.57193 143 119 18 139 82
768 1445 4.56248 3.08190 0.07571 1.69581 321 285 28 313 233
727 1494 4.09265 2.89517 0.19853 2.48821 286 251 23 282 144
3998 4049 5.73174 0.62073 0.31231 1.64116 318 258 53 313 167
185 1712 2.78194 3.11267 0.10746 2.23266 244 206 27 238 123
749 1464 5.55536 3.09167 0.19235 3.37406 237 178 25 233 94
196 1701 4.10084 3.10880 0.14306 2.88324 247 127 16 247 99
2513 3869 3.01589 1.60951 0.06125 2.88419 266 216 45 266 98
65 1838 3.45472 1.71370 0.07411 1.52777 223 183 35 221 130
738 1478 5.84100 3.13411 0.49186 2.51373 211 169 34 205 79
254 1621 5.32012 2.51397 0.42615 2.27710 183 129 13 183 95
756 1453 2.23003 3.14068 0.17508 2.36033 368 324 31 360 200
802 1415 3.83778 2.29727 0.11441 1.28998 396 325 33 390 283
800 1407 5.51333 2.35686 0.14503 1.22237 370 335 28 362 270
777 1429 3.14991 3.13113 0.26853 1.68400 472 424 37 465 281
94 1804 4.25205 3.10159 0.27629 3.70137 162 121 13 160 57
70 1828 4.17325 2.40733 0.09667 2.78221 146 96 17 146 70
756 1449 3.26806 3.13879 0.07723 2.20868 393 333 28 387 251
2510 3864 2.76719 1.76867 0.06439 1.58412 294 253 35 292 186
121 1775 5.11785 3.08576 0.13925 1.98327 261 203 14 259 150
2522 3872 5.68375 1.23684 0.46002 4.20840 206 156 38 203 105
250 1628 4.08234 2.74363 0.39882 1.96124 244 173 29 242 154
85 1812 2.76954 3.05895 1.32304 4.44788 118 66 13 116 33
745 1466 3.59723 3.10663 0.17618 2.62957 336 216 22 331 163
95 1805 5.69830 3.09637 0.69515 3.90053 141 96 4 137 50
746 1459 3.07536 3.13383 0.41849 2.47116 311 271 25 311 145
757 1456 5.52042 3.12217 0.13021 2.52941 211 180 23 203 109
721 1506 5.71598 2.59997 0.08162 1.58832 263 216 35 257 162
98 1791 3.58833 3.12642 0.21068 3.29693 181 147 28 181 59
79 1823 2.84940 3.02853 0.20705 3.66949 158 108 32 154 36
789 1420 2.72870 2.89745 0.23623 1.60450 499 456 28 492 332
2511 3870 4.17763 1.69610 0.45032 2.89692 207 152 45 205 96
740 1463 4.64932 3.13135 0.11060 3.26291 269 232 19 260 114
98 1799 4.61174 3.11505 1.30487 4.22763 148 72 16 140 38
181 1709 5.90371 3.12844 0.09627 2.06507 216 158 16 214 120
96 1795 2.59682 3.11709 0.57557 2.86211 162 138 15 156 63
197 1701 5.31261 3.11045 0.37890 3.00713 216 99 21 216 106
194 1702 2.46968 3.10979 0.29305 2.72045 230 74 7 228 95
214 1672 3.77971 3.06897 0.39002 2.31630 223 170 41 223 106
121 1766 5.60752 3.07311 0.10554 1.77299 302 261 34 300 171
746 1464 2.83102 3.10934 0.16864 2.52832 458 379 35 449 220
100 1790 2.72830 3.12922 0.32644 3.02673 207 153 20 201 61
112 1776 4.00653 3.07046 0.55482 1.97912 202 157 22 202 69
122 1766 4.46566 3.07848 0.17641 1.92458 258 219 22 254 143
106 1786 2.00360 3.08647 0.27386 2.22598 247 215 25 237 97
3989 4040 5.65906 0.55754 0.22191 1.26300 224 191 24 220 128
730 1486 3.10396 3.00818 0.36271 1.84716 340 280 47 336 177
241 1631 2.59389 2.80902 0.08342 1.71052 334 161 21 332 248
2518 3872 5.88112 1.34872 0.39004 3.72173 171 145 26 169 86
97 1795 2.26189 3.11616 0.59403 3.26543 161 128 27 157 61
802 1419 4.47406 2.30465 0.11609 1.68051 392 343 24 384 231
793 1416 3.28218 2.71801 0.07036 1.85815 560 529 30 556 419
187 1704 4.22941 3.12697 0.05667 2.73208 219 35 7 215 114
218 1675 3.91695 3.04073 0.13842 1.27748 300 200 26 300 236
2517 3863 3.69546 1.43135 0.24089 1.98997 270 237 30 266 152
185 1708 2.21314 3.11021 0.02609 2.41330 287 243 36 287 126
722 1498 2.56736 2.68933 0.14970 1.63399 432 365 47 430 259
250 1625 3.07041 2.65374 0.38452 2.24315 287 178 22 287 180
92 1798 3.66714 3.13147 0.54672 3.74512 162 119 14 162 68
710 1506 3.92688 2.07190 0.06298 1.36027 415 364 41 409 277
108 1780 3.91631 3.07408 0.31876 2.04909 208 151 41 204 86
800 1408 5.14754 2.36632 0.05174 1.19616 363 328 22 361 262
208 1685 2.16668 3.06456 0.27223 3.00296 259 179 48 255 119
223 1657 4.75481 3.10017 0.14045 1.91887 250 190 46 248 153
118 1778 5.25283 3.07454 0.12576 1.82778 182 132 31 178 73
772 1430 5.77682 3.12633 0.27222 1.63949 387 314 19 379 262
798 1422 3.37908 2.49429 0.10201 2.41508 370 338 27 370 186
2537 3869 5.99057 1.39403 0.14345 1.01491 205 170 26 197 144
2529 3863 5.66403 1.22651 0.06402 1.09146 266 214 49 266 160
202 1688 3.04061 3.10308 0.14385 3.35882 198 171 23 198 107
103 1789 2.04026 3.10921 1.35263 2.21205 216 173 21 209 73
783 1433 3.51813 2.98274 0.21221 0.96874 353 315 36 343 251
719 1503 3.35673 2.52564 0.08648 1.42601 398 338 38 392 291
100 1789 3.41795 3.12908 0.35527 2.99526 216 169 20 209 68
238 1644 2.65452 3.10222 0.28179 1.54662 273 227 39 271 139
712 1491 5.09080 2.24047 0.10188 0.88867 330 286 37 326 211
722 1503 4.75616 2.65684 0.11998 1.67164 255 179 46 251 153
86 1816 3.94457 3.08099 0.73716 4.84582 103 75 19 101 42
742 1461 4.75803 3.13244 0.06571 2.57694 278 245 24 272 168
246 1623 3.42414 2.59560 0.29798 2.52026 179 147 25 175 62
65 1837 3.63857 1.76299 0.11178 1.71783 224 189 31 220 128
84 1826 5.11999 3.01810 0.18826 3.35112 127 69 41 125 42
2511 3861 5.80799 1.72112 0.05676 0.75692 264 220 39 264 167
225 1667 5.24740 3.06532 0.10512 1.80298 204 90 31 198 128
2532 3872 5.98218 1.24498 0.04481 0.87133 272 234 34 270 184
710 1496 4.36570 2.13520 0.02264 1.61544 441 394 43 441 280
2529 3872 5.67377 1.18642 0.21146 1.61979 208 161 32 208 126
723 1502 4.87511 2.70124 0.24014 2.16501 237 187 29 235 117
720 1486 3.42627 2.64516 0.08357 1.06202 319 281 26 319 211
733 1487 5.77422 3.07293 0.40686 1.80103 212 159 44 210 112
247 1621 3.76095 2.53046 0.35540 2.66800 172 122 16 166 86
67 1831 4.38683 2.13055 0.12925 2.08675 152 107 24 150 65
714 1500 2.19013 2.29756 0.05790 1.33090 452 398 49 450 333
2507 3864 3.10900 1.91276 0.04088 1.80927 287 242 39 287 166
741 1470 3.24528 3.13401 0.15026 3.23228 305 257 42 303 126
754 1448 5.95794 3.12883 0.37812 2.24559 248 195 27 239 115
78 1838 3.42738 2.41663 0.15174 2.26572 135 91 23 131 52
2525 3870 3.65723 1.20192 0.11393 2.42204 252 211 35 247 109
763 1450 5.23084 3.11217 0.32081 2.65018 220 187 25 210 110
95 1803 4.51749 3.09126 0.75996 3.60815 158 136 15 154 56
725 1499 4.80336 2.79816 0.38590 2.72017 272 238 29 264 134
776 1438 3.92944 3.07462 0.27049 2.16700 228 138 15 216 115
765 1447 4.02522 3.09105 0.15101 2.53389 332 262 43 330 172
180 1713 2.46398 3.12677 0.10601 1.68702 367 225 22 365 246
255 1615 5.72456 2.27062 0.63862 2.40110 210 168 22 208 125
799 1421 3.48490 2.44846 0.30075 2.39032 284 248 25 271 138
59 1838 5.65370 1.39451 0.16592 1.28512 201 144 40 192 111
89 1803 3.06545 3.09718 1.33369 5.34962 96 74 13 96 35
781 1424 4.34950 3.13449 0.07462 2.00682 376 333 36 374 211
2502 3864 3.95425 2.15000 0.06382 2.39261 200 170 24 198 95
720 1485 3.84228 2.64301 0.06584 1.26269 358 311 40 354 206
798 1418 2.23688 2.50106 0.08292 2.36612 383 344 28 375 179
2491 3871 5.80136 2.31306 0.05815 3.21138 191 160 29 191 112
130 1758 5.11247 3.12158 0.21075 2.28636 217 178 23 217 82
239 1630 5.04817 2.79418 0.10179 1.85203 268 101 9 268 209
71 1845 2.53433 1.73300 0.11622 1.34144 192 156 15 192 99
3999 4050 5.99575 0.63634 0.18707 1.80559 268 228 36 264 138
726 1479 3.27851 2.87202 0.18279 2.70718 303 259 36 299 142
246 1624 2.95384 2.62904 0.44723 2.41687 251 187 25 245 130
764 1440 4.20823 3.10424 0.29291 1.99567 382 324 30 367 208
712 1501 2.79222 2.19086 0.09513 1.54358 453 406 32 443 306
244 1640 5.75335 3.03143 0.75319 1.98958 159 122 24 155 75
251 1629 5.47911 2.75501 0.22433 1.59053 236 171 49 233 151
2514 3869 2.94129 1.56101 0.98804 3.00674 315 279 34 315 147
147 1748 2.49631 3.13741 0.12973 1.83930 291 240 40 291 135
3996 4046 5.01442 0.56763 0.06438 0.96022 279 227 35 275 192
240 1629 4.82025 2.76107 0.14611 1.85625 251 193 30 243 169
122 1768 2.10484 3.08619 0.13857 1.97298 345 281 35 339 201
792 1426 2.62259 2.73855 0.20852 2.32338 377 345 21 371 199
794 1411 5.39237 2.65176 0.11124 1.66319 312 273 36 312 195
109 1785 3.32878 3.07566 0.93358 2.32490 197 167 23 193 71
798 1411 4.20874 2.47235 0.05382 1.96124 306 267 36 304 190
90 1814 5.96930 3.09415 0.64155 4.77200 56 39 8 52 22
110 1778 3.95853 3.07236 0.09615 1.98347 177 139 29 174 58
245 1635 3.60002 2.90966 0.77094 2.22616 207 97 21 199 82
231 1654 2.14879 3.09776 0.32160 2.01538 242 187 43 240 114
721 1498 2.07963 2.64953 0.13544 1.60864 521 469 37 517 336
158 1740 5.32396 3.13655 0.19977 2.55849 152 90 9 144 78
250 1618 3.80942 2.41051 0.43630 2.82729 205 152 10 201 112
805 1415 5.44647 2.13235 0.12767 0.76923 364 325 21 359 287
133 1764 5.70148 3.13055 0.26474 1.31819 227 193 19 227 122
71 1850 5.46847 1.54520 0.05427 1.83930 127 101 21 127 56
85 1817 3.67025 3.09114 0.37796 4.14747 129 94 32 127 30
759 1445 4.21606 3.12148 0.10743 1.40778 423 371 31 414 313
744 1461 3.01856 3.14001 0.12400 2.58179 372 309 48 370 249
83 1815 2.84934 3.07654 0.56274 4.15784 111 71 25 107 34
2535 3871 5.97567 1.33280 0.23810 1.85688 211 171 34 209 111
148 1749 4.90406 3.13305 0.42626 1.74316 177 148 18 173 82
2526 3866 2.51956 1.22170 0.13027 2.36331 282 230 46 278 132
155 1735 4.43632 3.13407 0.26522 1.68540 191 130 21 191 126
78 1827 2.61888 2.86808 0.20405 3.50375 174 125 36 168 51
2499 3870 4.80474 2.22995 0.17677 3.52714 189 160 24 189 87
717 1488 4.11293 2.49490 0.00982 1.00872 340 297 41 340 235
708 1504 4.14266 1.99334 0.05402 1.39578 428 376 24 425 294
2533 3868 4.31839 1.30210 0.14548 2.30664 217 186 30 211 99
711 1501 3.13570 2.14385 0.04192 1.68051 449 401 30 444 296
790 1419 2.87258 2.85551 0.08371 1.72760 645 608 18 637 446
141 1754 2.92433 3.13605 0.13280 1.82928 297 219 22 291 161
218 1664 5.65532 3.08864 0.09087 1.13470 256 193 42 254 162
74 1831 2.15358 2.52749 0.36786 2.33314 185 156 20 181 68
716 1505 3.45638 2.36930 0.06087 0.60909 488 428 52 484 382
773 1433 2.78140 3.10577 0.24559 1.50792 462 408 24 458 321
728 1477 3.19805 2.93579 0.32283 2.38786 363 311 38 361 179
253 1615 4.79722 2.28008 0.73530 2.11581 197 176 18 195 81
214 1679 2.95617 3.03796 0.43772 2.64590 182 108 30 180 84
799 1424 4.97042 2.43481 0.08096 2.50905 267 246 19 267 121
215 1668 5.97039 3.08690 0.25746 1.88637 212 159 35 212 126
736 1468 3.74348 3.10297 0.02898 3.06554 273 220 18 267 121
718 1502 2.60440 2.48200 0.08129 1.37998 505 426 47 503 350
237 1633 4.95779 2.86464 0.29170 1.79144 242 119 23 238 123
160 1732 2.43637 3.13892 0.20843 2.25325 259 169 12 246 174
192 1706 4.44939 3.13559 0.45714 3.26111 246 17 2 243 122
729 1494 5.49145 2.95935 0.45916 2.12375 240 196 32 230 122
231 1647 2.27944 3.13162 0.04055 2.51092 216 136 34 212 82
791 1429 4.26266 2.75448 0.04237 2.29542 253 216 31 249 142
226 1663 3.18332 3.07144 0.10694 1.59225 279 194 52 275 165
765 1441 2.58327 3.09099 0.14912 2.39964 560 519 18 552 374
780 1434 2.85922 3.03789 0.23156 1.65091 383 347 28 383 249
764 1446 2.42288 3.10146 0.14412 2.06583 387 335 48 385 242
799 1412 3.69407 2.43106 0.14088 1.97497 457 416 36 453 303
221 1663 2.78495 3.08425 0.13567 1.58511 310 245 55 310 202
723 1480 4.52085 2.76375 0.24911 2.14320 255 214 32 244 99
2524 3872 5.60566 1.20174 0.50642 3.53446 246 206 28 240 112
752 1461 5.59605 3.10294 0.44281 2.97914 204 165 31 200 93
2510 3870 4.24560 1.74274 0.41185 2.95724 243 190 43 243 124
132 1756 5.19177 3.12622 0.62558 1.58511 191 156 27 189 100
77 1839 3.01622 2.32807 0.36030 2.19785 149 106 15 144 65
2516 3861 5.81114 1.47713 0.23681 1.61010 222 170 39 220 135
73 1832 2.13896 2.43411 0.11723 2.07150 240 196 37 236 99
241 1627 5.13328 2.70317 0.17353 2.25949 296 215 22 296 178
2520 3871 4.70157 1.29213 0.11804 3.47705 262 215 42 260 101
67 1844 2.87061 1.53813 0.20129 1.01027 233 191 31 231 127
791 1416 4.10443 2.80587 0.08869 1.66836 465 440 22 461 325
796 1415 2.88271 2.58743 0.06343 1.71965 485 452 28 472 335
96 1796 2.28695 3.11065 0.76985 3.08261 187 156 23 180 54
229 1658 2.81648 3.08765 0.12545 2.16284 212 174 29 212 89
781 1434 3.35383 3.01940 0.25522 1.46179 389 340 41 385 251
249 1624 2.47007 2.63364 0.45994 2.27090 250 161 31 247 131
236 1646 2.05819 3.13311 0.24543 1.92051 216 151 37 212 94
82 1833 5.10255 2.74769 0.11482 2.18158 186 100 13 182 89
2504 3862 5.37406 2.05875 0.19321 1.51594 194 168 22 187 108
103 1792 3.78574 3.10178 0.26201 1.55494 189 147 25 180 69
2512 3869 3.07124 1.65820 0.09807 2.72376 308 263 39 308 129
734 1469 4.53171 3.08484 0.14265 3.45785 255 218 30 247 105
706 1499 5.26056 1.94079 0.22433 1.41665 364 321 35 362 212
81 1838 5.43147 2.50198 0.15436 1.72329 138 83 22 133 76
252 1614 4.81263 2.24064 0.61505 2.29115 173 148 13 173 76
233 1651 2.18726 3.10517 0.10383 2.22105 232 176 40 230 111
769 1443 3.50435 3.08816 0.06909 1.72646 383 329 44 379 265
2530 3865 4.32316 1.23854 0.21577 1.25710 256 219 35 256 141
97 1797 2.67956 3.11881 0.93066 3.73193 191 142 12 187 70
794 1414 3.90808 2.67237 0.20294 1.58264 414 380 24 411 298
238 1648 4.98876 3.13936 0.52839 1.86802 198 124 43 196 80
132 1764 4.56269 3.13014 0.09386 1.26145 247 221 21 243 124
124 1770 2.62841 3.08896 0.28835 1.86004 322 278 35 322 194
245 1621 5.01710 2.52482 0.15652 2.55482 179 151 17 179 99
227 1665 5.85021 3.06616 0.08756 1.60985 183 95 42 177 105
63 1831 5.72255 1.90964 0.35445 1.80146 146 96 39 139 67
101 1796 5.09575 3.09951 0.75534 2.58634 169 136 27 160 48
249 1621 3.05814 2.53301 0.32269 2.64575 209 159 15 205 103
79 1819 3.26430 3.11015 0.26197 3.65313 169 112 23 169 57
100 1788 4.20930 3.12408 0.33307 2.74338 222 188 24 218 87
789 1419 3.33350 2.89890 0.26477 1.65256 514 477 28 511 360
84 1812 2.84612 3.05782 0.13536 4.18919 143 87 15 141 67
222 1659 4.57879 3.09245 0.24712 1.92498 220 181 28 216 132
2533 3871 5.44691 1.28210 0.03637 1.81143 260 221 30 258 147
796 1414 3.31077 2.58551 0.08288 1.61447 495 457 31 495 368
730 1492 5.49153 2.99462 0.40130 2.25499 260 223 29 256 129
207 1690 5.93299 3.11427 0.73236 3.30902 153 87 11 151 61
101 1792 2.36690 3.11450 0.30672 1.90290 226 188 33 224 84
801 1410 4.43807 2.31840 0.14393 1.28359 363 313 29 361 267
105 1789 3.18108 3.09440 0.50254 2.52941 226 180 41 226 81
729 1488 3.12514 2.97174 0.19097 1.13090 419 390 23 415 302
255 1614 5.79270 2.22876 0.63897 2.48632 188 157 13 184 91
213 1675 2.21873 3.04584 0.36874 2.09200 257 175 42 255 143
246 1620 4.75768 2.50157 0.32112 3.00648 142 67 6 142 69
246 1631 2.10708 2.81759 0.21592 2.06678 357 104 4 355 253
87 1802 4.92142 3.07955 1.16011 5.33245 80 29 6 78 25
251 1624 3.60491 2.61836 0.42484 2.39032 209 99 22 201 102
731 1489 5.03816 3.02553 0.31639 1.64830 290 240 44 286 168
238 1633 4.05350 2.86150 0.39972 1.73709 256 122 9 250 132
2535 3870 5.47940 1.33574 0.25197 2.05100 176 148 21 174 98
736 1481 5.67674 3.11925 0.69348 2.38409 217 175 28 205 84
199 1690 4.47473 3.14013 0.31674 4.08600 186 114 15 182 72
176 1717 2.55416 3.11346 0.06122 1.99724 275 233 41 272 162
196 1702 4.88042 3.11733 0.39760 3.03783 175 46 2 175 72
103 1790 2.43545 3.10937 0.52992 2.25012 213 171 29 213 68
2503 3868 3.10289 2.09603 0.30991 2.80770 257 199 46 252 122
73 1826 3.70859 2.65640 0.34005 3.38009 186 136 32 182 63
83 1828 4.82216 2.94564 0.12375 3.08490 133 67 37 131 67
786 1434 5.85056 2.88238 0.23982 1.20333 257 215 34 248 154
789 1430 4.08730 2.82145 0.09148 1.69397 310 277 25 301 165
218 1667 3.18458 3.08510 0.17278 1.35306 307 249 46 301 211
192 1707 5.55677 3.14001 0.48338 3.07625 177 26 2 177 71
112 1783 4.30670 3.07544 0.08555 2.15958 181 116 19 177 67
211 1676 3.70179 3.04582 0.14668 2.20655 260 173 34 260 122
804 1411 4.99070 2.16303 0.11469 0.74336 280 259 13 270 219
212 1681 2.71024 3.05126 0.66392 2.83048 193 136 42 193 64
728 1476 3.79681 2.93932 0.07675 2.38047 355 311 39 353 193
2489 3869 5.37995 2.28313 0.04436 2.68904 227 198 23 225 109
707 1506 4.62455 1.94027 0.09531 1.51878 369 322 33 369 212
181 1716 2.48774 3.11235 0.15383 2.04143 275 229 38 273 177
751 1459 3.01091 3.11170 0.14091 3.25810 227 199 17 223 100
740 1475 5.80536 3.14050 0.20162 2.81216 234 204 26 230 96
712 1495 3.85310 2.23013 0.04386 1.06054 455 424 28 455 337
712 1489 5.83363 2.24513 0.00275 0.65432 334 301 25 325 236
121 1767 4.39714 3.07644 0.14078 1.85541 318 288 19 316 166
729 1474 4.46182 2.95971 0.53365 2.63017 281 216 38 277 112
80 1821 2.93542 3.11241 0.22091 3.31470 192 140 26 187 79
801 1413 3.63704 2.33889 0.10824 1.40388 448 407 24 444 331
187 1703 5.33351 3.12079 0.25907 2.67078 224 85 11 220 98
209 1685 3.17086 3.06098 0.31021 3.23918 237 157 37 237 113
124 1763 5.82187 3.08877 0.22055 1.85499 177 134 31 173 71
2496 3867 3.92630 2.31452 0.24868 2.31934 315 262 47 315 162
255 1613 5.87524 2.18334 0.62723 2.63552 185 94 8 181 86
796 1413 3.77677 2.58032 0.09035 1.62389 407 374 21 400 277
84 1829 5.70607 2.90557 0.10524 2.76654 150 112 36 150 66
707 1496 5.50478 2.00354 0.06925 1.67094 416 362 35 414 271
2531 3872 5.83571 1.21823 0.08716 0.35827 212 179 27 209 165
3993 4045 5.67495 0.60977 0.07286 0.83837 274 240 28 268 169
3988 4039 5.82350 0.54905 0.09066 1.37116 186 148 27 186 81
738 1468 2.28504 3.12065 0.06069 3.06375 340 264 32 338 137
178 1715 2.55210 3.11459 0.06083 1.57917 329 292 32 327 223
711 1509 4.84119 2.10495 0.11548 1.33060 272 217 38 270 176
744 1465 2.12781 3.12608 0.13507 2.31224 431 372 37 426 258
737 1475 3.25438 3.12182 0.41757 2.53018 360 314 40 360 144
73 1820 5.37705 2.81349 0.94176 3.61314 116 77 31 113 44
804 1413 4.79079 2.17849 0.09837 0.84950 365 327 25 361 283
236 1649 3.76552 3.13092 0.59732 1.92681 158 113 36 150 52
82 1837 5.91790 2.57062 0.16629 2.23878 147 69 5 145 69
117 1771 4.20037 3.06620 0.14392 1.47299 327 274 39 321 174
2513 3871 5.10467 1.59760 0.42527 3.09971 169 136 30 169 71
229 1662 5.74688 3.07363 0.15139 1.95003 187 125 47 187 96
728 1490 3.24197 2.93670 0.33277 1.95164 391 338 45 387 210
732 1489 5.78869 3.04856 0.39040 1.80320 211 172 27 209 105
187 1706 2.05225 3.11736 0.02869 2.11637 282 201 30 282 148
101 1793 2.92380 3.11310 0.50191 2.05367 234 194 35 232 87
240 1642 3.32080 3.07859 0.35898 1.72714 269 187 53 269 149
71 1849 4.83555 1.58330 0.65606 1.74854 158 131 18 152 73
791 1426 2.12825 2.78278 0.16089 2.12339 470 438 31 466 265
788 1421 2.60170 2.93639 0.27468 1.55796 465 421 23 465 285
70 1823 5.59317 2.56729 0.25985 3.70750 142 54 9 134 46
143 1747 3.49384 3.13035 0.09547 2.02487 329 228 25 323 174
249 1623 2.58357 2.60020 0.43421 2.39588 215 165 22 205 112
724 1483 2.52909 2.80480 0.07289 2.20158 368 319 28 364 179
62 1838 4.61960 1.54931 0.10010 1.34028 197 153 33 193 112
186 1711 2.85410 3.11063 0.27591 2.17888 259 213 44 255 138
122 1774 5.09427 3.08416 0.14962 2.08074 203 172 19 194 92
741 1464 2.96069 3.13731 0.11708 2.83227 478 410 43 469 279
2495 3865 4.84637 2.33579 0.05902 2.22193 271 231 31 269 158
67 1832 4.15164 2.09293 0.11032 1.87680 179 144 32 176 103
708 1494 5.68657 2.05403 0.05679 1.27901 388 351 23 383 236
747 1455 5.76772 3.13554 0.36928 3.01960 151 95 24 149 58
2531 3865 4.62311 1.25741 0.08464 1.59004 237 192 44 235 141
248 1614 5.88098 2.26032 0.32887 3.10526 118 50 9 115 48
80 1810 5.48341 3.11620 0.53614 4.26902 83 55 25 83 24
80 1827 3.11802 2.93097 0.23106 2.90394 165 117 28 163 49
731 1470 5.97679 3.02129 0.42464 3.50889 174 136 25 174 53
239 1642 2.45733 3.08292 0.33811 1.65847 221 165 16 215 108
169 1724 2.28024 3.13130 0.24591 2.01013 401 332 44 401 277
88 1803 3.64728 3.08427 1.07239 5.26276 75 40 7 73 22
724 1482 2.97176 2.80345 0.03400 2.29729 385 321 54 385 193
90 1805 2.57553 3.10791 0.66962 5.35635 89 56 13 85 30
739 1467 2.28239 3.12598 0.06649 3.12061 349 292 11 339 174
2518 3871 4.81180 1.35787 0.37480 3.43707 217 173 35 213 82
60 1844 5.57343 1.15818 0.17664 1.20593 126 85 16 122 79
105 1787 2.03461 3.09388 0.26522 2.13515 304 265 29 304 116
114 1773 5.13494 3.06360 0.23951 1.70846 187 144 25 171 78
59 1842 5.62439 1.19810 0.08985 1.10145 195 133 45 191 124
189 1701 4.87257 3.09770 0.30674 2.67152 240 169 36 240 118
79 1840 4.49825 2.34995 0.07703 1.51336 139 103 17 139 77
89 1802 3.50913 3.10282 0.12817 5.19124 92 68 8 88 32
96 1799 3.04692 3.12029 1.08678 3.69703 205 130 9 201 87
795 1427 4.77874 2.60023 0.33532 2.44296 307 273 27 301 147
211 1685 5.49093 3.05502 0.14450 3.84196 150 88 25 150 54
717 1505 3.66960 2.41780 0.06859 0.63796 426 365 47 422 322
83 1814 2.88388 3.06014 0.15599 4.24732 143 71 11 143 66
94 1794 4.80558 3.12201 0.35642 2.45814 180 141 24 174 100
89 1815 5.59884 3.10489 0.53552 5.09593 79 36 7 67 26
712 1490 5.46324 2.24170 0.04408 0.74441 370 337 24 368 289
746 1467 5.28680 3.10110 0.21045 2.44984 279 206 18 272 114
146 1743 4.91628 3.13854 0.36143 1.95565 200 118 28 200 100
742 1464 2.26162 3.13262 0.06522 2.60459 379 329 27 370 204
801 1418 3.64520 2.35220 0.07960 1.89300 338 311 18 332 162
121 1768 3.22771 3.08083 0.22643 1.87200 371 309 28 371 208
247 1617 5.37843 2.37470 0.44165 2.84730 155 73 15 151 52
69 1845 2.69933 1.61833 0.09232 1.30925 203 153 30 203 90
87 1821 5.99523 3.12588 0.78528 4.43067 59 32 3 59 21
101 1797 5.87252 3.10860 1.19583 2.85773 174 112 24 172 43
798 1409 5.05225 2.46910 0.01090 1.61931 321 276 28 319 227
723 1504 5.79338 2.69035 0.10355 1.58363 204 147 44 202 112
711 1505 3.53038 2.12301 0.05739 1.03514 441 394 35 431 339
724 1481 3.44911 2.80426 0.06417 2.42479 330 279 40 324 132
717 1493 2.26701 2.48581 0.02339 0.67493 613 562 44 609 501
106 1789 4.06096 3.08805 0.32447 2.62927 195 152 34 195 95
85 1805 4.60501 3.07686 1.04241 4.93991 108 74 24 106 37
76 1832 2.01084 2.59703 0.30630 2.59646 177 131 22 177 68
752 1451 4.93962 3.13181 0.20565 3.03241 200 153 26 196 113
65 1836 3.85187 1.80884 0.07490 1.72556 211 175 26 211 119
244 1639 5.14979 3.00732 0.82504 2.19142 126 87 24 120 40
788 1431 4.39002 2.85026 0.13790 1.61641 251 214 23 242 144
80 1828 3.20134 2.89575 0.06393 2.64338 152 110 34 152 47
742 1463 2.99806 3.13845 0.11948 2.73652 346 312 26 342 185
2523 3863 4.39766 1.25799 0.26448 2.76074 291 252 33 288 109
2488 3869 5.58285 2.25513 0.04698 2.59012 238 213 22 238 126
77 1826 2.73550 2.86829 1.46524 3.87030 182 151 24 178 40
736 1478 4.15694 3.11645 0.64645 2.44841 223 192 25 219 106
803 1410 4.81735 2.21281 0.12994 0.72524 389 348 24 386 319
715 1486 5.79626 2.40129 0.05574 0.48779 312 277 29 306 239
74 1818 5.48743 2.87857 0.21882 3.99145 102 51 21 97 28
70 1848 4.20514 1.55539 0.77020 1.66060 163 115 27 163 60
790 1428 3.05551 2.80897 0.10815 1.88180 361 330 27 361 208
210 1679 2.20322 3.04603 0.19088 2.40697 300 228 38 300 123
133 1763 4.48699 3.13248 0.08020 1.32707 189 147 33 185 103
786 1422 2.99500 3.00734 0.11330 1.38762 495 454 31 489 319
214 1671 4.65071 3.07469 0.36609 2.20620 184 134 35 184 86
720 1481 5.62311 2.64476 0.09766 1.74204 203 168 26 201 97
69 1827 4.79153 2.38691 0.06703 3.11546 124 73 16 120 50
82 1829 4.38755 2.89952 0.18767 2.77178 210 143 33 204 87
748 1461 2.22320 3.11329 0.15202 2.71238 380 337 30 371 224
720 1506 5.23747 2.55609 0.11852 1.61616 243 194 31 234 126
106 1784 2.33250 3.08716 0.33646 2.35268 217 164 29 211 96
76 1839 2.36416 2.27913 0.49693 2.12633 126 88 25 124 53
79 1843 5.37182 2.20206 0.16299 1.15114 125 92 24 125 67
178 1721 4.81862 3.11382 0.08165 1.02221 177 148 23 174 119
79 1822 2.92335 3.06328 0.21605 3.54144 186 137 29 181 49
769 1437 2.58857 3.08666 0.03063 1.69096 414 370 22 408 258
250 1629 4.56299 2.75955 0.28727 1.68516 347 256 38 342 219
778 1426 4.67609 3.11248 0.36694 2.11433 328 285 31 324 153
753 1456 2.29199 3.12402 0.19174 3.31044 315 264 41 315 145
2491 3866 5.42888 2.34093 0.07761 1.75346 237 209 25 231 134
2487 3868 5.86539 2.23542 0.19480 1.86593 265 228 36 265 173
771 1432 5.01296 3.12806 0.33931 1.63375 345 276 20 343 209
243 1641 5.41563 3.05222 0.89099 1.91949 125 74 30 119 34
149 1740 5.17697 3.14005 0.35382 1.92539 292 211 21 290 153
201 1694 2.90800 3.13997 0.13385 3.93691 275 57 2 271 114
143 1754 5.28906 3.13608 0.30733 1.93775 212 177 17 210 96
131 1766 5.81532 3.12479 0.10104 1.75747 218 171 22 214 109
179 1714 2.54151 3.12199 0.05684 1.39072 375 307 34 375 273
77 1835 2.41289 2.51773 0.14521 2.47005 152 122 19 146 59
163 1735 4.81517 3.13862 0.19693 1.87346 204 139 21 202 126
2522 3865 2.27286 1.27546 0.64172 3.04221 359 282 64 357 137
138 1752 3.14291 3.13923 0.02614 2.17888 211 181 14 209 107
711 1508 4.43823 2.11370 0.07823 1.42738 332 267 52 326 211
72 1848 4.30882 1.67445 0.28544 1.84271 157 124 20 155 77
248 1629 2.80047 2.77249 0.34273 2.05328 351 142 18 343 213
729 1491 4.33369 2.96502 0.44699 2.11007 307 262 29 303 150
173 1726 4.96529 3.11803 0.18794 1.03476 175 145 23 173 118
115 1775 2.00223 3.07431 0.12744 1.57818 319 249 32 315 180
2519 3870 3.72269 1.32379 0.16023 3.26483 275 224 46 269 111
176 1715 4.98272 3.11885 0.17506 1.98899 202 161 26 196 123
69 1823 5.95491 2.51164 0.41534 3.75880 102 51 8 96 30
86 1822 5.54480 3.13632 1.28004 4.27956 60 35 12 57 19
744 1468 4.31941 3.11321 0.10127 2.72735 277 194 35 273 90
211 1674 5.58434 3.05834 0.11643 2.48239 231 166 46 226 100
242 1640 3.94234 3.03194 0.94920 2.15722 201 147 38 201 77
2501 3870 4.72979 2.16386 0.48167 3.71341 180 148 29 180 77
130 1766 4.65515 3.12241 0.04596 1.94783 197 166 23 193 104
94 1801 2.78570 3.10609 1.37203 3.28086 187 147 24 181 58
198 1693 2.76268 3.12827 0.30348 4.02244 259 181 23 259 106
760 1445 3.35566 3.11860 0.13508 1.63757 425 376 24 417 318
135 1754 4.17059 3.14005 0.09391 1.90639 269 239 18 265 144
111 1776 5.01646 3.07222 0.19356 2.03067 159 118 29 159 59
70 1847 3.62830 1.60057 0.33619 1.56673 191 159 12 183 73
99 1798 4.79371 3.11482 1.16401 3.82357 141 87 16 134 27
801 1409 4.77840 2.32014 0.06120 1.10500 383 340 29 383 297
769 1445 5.33630 3.07885 0.08749 1.75145 336 301 30 325 232
160 1737 3.84019 nan 0.15498 2.30461 278 183 31 276 177
2497 3864 5.04626 2.30157 0.32682 2.24977 214 182 25 214 95
190 1709 5.46117 3.13828 0.38029 3.05364 169 56 6 165 74
711 1491 5.49288 2.19344 0.06233 1.09002 323 275 45 321 227
70 1834 2.42850 2.17890 0.14047 1.76680 207 159 30 207 130
254 1614 5.31111 2.23907 0.65395 2.42253 209 184 19 203 99
206 1687 2.01256 3.07898 0.29809 3.06388 281 207 54 281 143
244 1636 3.31329 2.93046 0.13970 2.30308 205 147 28 201 89
758 1448 2.55755 3.12886 0.10863 1.78136 398 347 32 390 298
179 1712 4.90515 3.12611 0.11137 1.44266 305 222 20 297 186
83 1818 3.09839 3.09677 0.13508 3.81967 155 96 43 151 51
2510 3862 4.78928 1.76907 0.06956 0.89657 307 270 30 303 186
108 1787 4.18700 3.07967 0.06649 2.25255 177 155 17 173 75
98 1797 3.31562 3.11453 1.11950 3.85275 185 140 22 181 54
96 1794 3.13517 3.12387 0.38558 2.72002 174 132 23 168 72
787 1418 4.90845 2.97921 0.30484 1.78224 433 391 33 433 292
712 1497 3.32928 2.21858 0.04779 1.24710 457 408 44 457 300
149 1747 3.59846 3.13526 0.31686 1.96264 206 177 22 206 92
776 1427 5.18229 3.10548 0.14808 1.89775 363 331 17 361 185
146 1749 2.56113 3.13734 0.31174 1.92071 280 240 31 278 128
172 1720 3.78033 3.12842 0.09118 1.54205 196 154 17 196 131
708 1510 5.48785 1.97258 0.11500 1.37288 355 306 30 351 227
235 1636 4.92122 2.95404 0.71476 2.70545 129 71 19 127 53
64 1837 4.02297 1.70838 0.12199 1.62943 215 176 29 213 115
736 1466 5.41284 3.10538 0.09740 2.75463 216 152 22 204 79
249 1617 4.37938 2.37723 0.43974 2.87685 181 101 8 179 106
68 1845 2.92960 1.56203 0.27525 1.33090 174 132 20 168 83
77 1813 5.83335 3.07135 0.26967 4.77028 81 52 15 74 22
789 1415 5.56256 2.89152 0.12837 1.36716 423 390 24 416 304
64 1841 3.64218 1.50594 0.12595 0.99150 229 165 45 224 149
725 1477 5.02212 2.83139 0.29089 2.66491 233 188 36 229 111
120 1770 2.04538 3.07247 0.07694 1.60620 259 216 34 255 130
793 1417 2.74761 2.72207 0.06667 2.01945 574 537 30 574 426
248 1628 2.40907 2.75655 0.37345 2.29559 317 171 15 317 202
68 1827 5.15713 2.33061 0.22803 3.13263 126 76 15 124 43
785 1430 2.14761 2.97072 0.16730 1.16500 510 471 33 500 315
78 1843 4.71806 2.16630 0.26153 1.56548 154 131 16 152 71
765 1437 5.82798 3.09693 0.17867 2.08863 315 271 24 303 157
203 1692 3.18789 3.12594 0.41292 3.82428 266 81 9 260 132
210 1677 4.03260 3.04704 0.12494 2.05119 309 212 51 309 162
739 1475 4.93210 3.13480 0.18935 2.89611 282 243 25 264 122
92 1810 5.76798 3.10644 0.06325 4.41544 92 32 9 90 39
91 1801 2.86015 3.11865 0.45211 4.21882 138 98 15 136 53
69 1834 2.80650 2.12322 0.05387 1.86236 228 169 53 220 127
132 1765 5.75382 3.13254 0.11858 1.32530 212 181 28 206 111
87 1812 3.26304 3.06099 1.02456 5.19328 94 50 10 92 31
800 1406 5.89152 2.35418 0.07224 1.40583 359 315 37 359 250
761 1450 3.53872 3.12189 0.35264 2.70704 318 281 19 313 149
726 1497 4.62923 2.84476 0.39412 2.88093 269 236 32 267 115
68 1837 2.37594 1.92835 0.09034 1.96662 187 156 26 183 87
761 1444 3.33258 3.11620 0.13710 1.70846 526 448 35 520 384
737 1465 5.43070 3.12549 0.18589 2.50483 248 199 33 244 126
716 1495 2.11770 2.42941 0.04569 0.81277 604 566 34 601 489
711 1490 5.86067 2.19465 0.05847 1.00249 356 303 44 356 257
206 1688 2.82747 3.09408 0.33373 3.00544 263 198 44 263 147
743 1463 2.25414 3.13819 0.17934 2.56231 403 352 28 395 215
82 1820 3.07565 3.11404 0.17034 3.53070 158 80 7 154 61
92 1804 2.94399 3.11467 0.68523 4.35892 161 129 4 159 68
768 1438 2.59246 3.10274 0.07802 1.62558 509 422 39 499 325
106 1782 3.96234 3.08494 0.10187 2.24977 208 172 34 206 96
714 1501 2.23398 2.28855 0.04238 1.48464 448 413 28 439 288
804 1412 4.86703 2.17134 0.13867 0.84673 397 354 29 395 299
782 1436 5.50604 2.99291 0.23468 1.81445 155 91 21 149 94
188 1711 5.33015 3.11439 0.33120 2.18373 226 171 34 226 101
760 1446 2.61037 3.12174 0.13426 1.88097 446 402 26 442 331
102 1793 3.69966 3.10847 0.70511 2.00623 184 156 21 182 83
74 1829 2.62965 2.59970 0.23988 2.76272 183 122 20 183 71
2514 3862 4.68132 1.57819 0.32123 1.36430 261 220 34 259 163
802 1417 4.01725 2.30279 0.11892 1.61204 454 387 35 450 293
712 1496 3.56766 2.22673 0.06642 1.29664 447 406 36 443 294
725 1495 3.16475 2.82073 0.35670 2.64664 375 333 33 371 197
104 1791 3.88362 3.10406 0.42245 2.10189 198 153 24 198 60
3994 4046 5.68135 0.61827 0.05093 0.85912 231 200 27 231 153
804 1415 4.84536 2.18558 0.11835 0.79130 386 344 31 380 295
83 1806 5.44182 3.06697 0.26150 4.76526 105 60 5 105 34
71 1832 2.71467 2.31834 0.18092 2.00428 194 149 29 188 93
96 1802 4.77775 3.10318 0.98075 3.78465 137 103 11 135 53
112 1782 3.30571 3.06982 0.05845 2.01810 176 142 25 164 53
200 1695 2.78239 3.12481 0.12039 3.63701 312 124 6 308 155
72 1850 5.56349 1.60523 0.35078 1.92417 131 86 16 127 58
726 1480 2.77651 2.87353 0.06336 2.62734 332 292 29 319 138
232 1657 5.08039 3.09014 0.40284 2.15994 156 110 34 154 73
117 1773 2.00810 3.06401 0.17452 1.68493 322 265 36 313 173
218 1676 4.89309 3.03619 0.14385 1.29995 261 134 31 256 191
61 1835 5.44997 1.63691 0.30940 1.51775 215 180 22 213 109
66 1842 2.84638 1.57317 0.10673 0.97799 249 207 30 247 149
188 1704 3.00014 3.12964 0.08976 3.01298 292 36 2 292 124
766 1436 5.83270 3.10698 0.06467 2.06942 284 254 25 284 152
799 1425 5.55899 2.42990 0.20042 2.55818 307 276 27 305 117
80 1835 4.14195 2.61957 0.13409 1.74809 163 116 30 158 73
231 1658 4.82836 3.08879 0.22094 2.16139 148 86 49 142 65
2511 3863 3.68141 1.72351 0.16527 1.23859 311 271 30 309 179
251 1614 4.84454 2.24284 0.45992 2.61674 146 117 17 134 64
173 1720 2.56378 3.12423 0.10720 1.24553 269 220 37 269 175
92 1796 4.98314 3.12181 0.46137 3.44310 129 103 14 123 63
