5152 6832 10.06994 3.13832 10.75643 179.79252 12 0 0 4 2 134 100.00000 0
1383 4966 10.28066 0.07490 10.44233 4.29154 37 0 1 24 20 488 100.00000 0
5412 6699 10.68882 2.38054 14.44451 81.51655 7 0 0 2 2 69 100.00000 0
5416 6686 11.19655 2.12976 11.80750 122.02609 5 0 0 0 1 32 100.00000 0
4743 7181 10.95530 2.92613 6.12906 167.65486 9 0 0 5 4 115 100.00000 0
451 3708 11.51139 0.00466 16.04010 42.39868 16 0 0 3 9 152 100.00000 0
1481 5085 11.31140 0.16682 10.84895 48.86229 12 0 0 4 4 117 100.00000 0
1602 5348 11.99639 0.01276 10.57440 1.54839 12 0 0 6 6 172 100.00000 0
6308 7718 11.32889 3.08737 12.73295 154.13459 7 0 0 3 2 135 100.00000 0
38 3387 11.50802 0.00420 2.44037 1.33002 15 0 0 13 12 160 100.00000 0
39 8586 11.48626 0.03120 12.86678 1.78619 17 0 0 10 11 149 100.00000 0
4737 7202 11.02315 2.65492 5.09293 152.11592 12 0 0 4 5 136 100.00000 0
4701 7233 10.63455 1.64708 6.43757 94.37098 11 0 0 3 3 110 100.00000 0
1378 4993 10.70005 0.01567 9.09662 0.90179 21 0 0 9 6 239 100.00000 0
1082 4433 11.63277 0.06594 8.02169 5.71731 69 0 0 66 52 1080 100.00000 0
342 8893 11.77738 0.01828 7.88701 13.71982 14 0 0 7 8 162 100.00000 0
5111 6866 10.18816 3.12082 13.11893 80.70329 11 0 0 4 2 156 100.00000 0
6031 8030 10.30772 3.13107 12.23641 179.40062 15 0 0 13 2 209 100.00000 0
3300 8461 11.51975 0.00966 13.35762 18.19930 53 0 0 42 43 280 100.00000 0
3309 8438 11.77066 0.01154 14.28054 2.26848 57 0 0 41 47 484 100.00000 0
787 4003 11.50998 0.01277 8.29865 0.73168 19 0 0 8 9 343 100.00000 0
570 3792 10.40776 0.02981 7.89528 1.70686 9 0 0 7 6 129 100.00000 0
797 4017 10.74661 0.01164 10.71310 2.28602 19 0 0 15 15 219 100.00000 0
2948 6004 10.19878 1.18354 5.21316 1.42546 9 0 0 9 6 61 100.00000 0
1587 5217 10.75116 0.01148 10.76907 8.40560 34 0 0 25 27 187 100.00000 0
2916 5965 10.05853 0.09146 6.74077 13.93771 19 0 0 5 5 186 100.00000 0
17 3387 11.50802 0.00420 2.57351 0.56232 19 0 0 15 11 144 100.00000 0
3625 8929 10.11312 0.03816 4.00640 2.18695 9 0 0 2 2 42 100.00000 0
1326 7027 10.51857 2.99876 2.21481 3.31328 18 0 0 11 9 204 100.00000 0
336 8867 11.13984 0.02555 14.66444 1.99508 11 0 0 9 9 49 100.00000 0
1600 6738 11.81658 3.13946 10.53055 179.85463 17 0 0 17 11 139 100.00000 0
1482 6872 10.04486 3.12266 12.11096 175.24527 7 0 0 4 5 92 100.00000 0
42 3414 11.75156 0.02822 13.74656 1.61762 16 0 0 7 5 192 100.00000 0
6142 7877 11.44315 3.13854 12.12392 179.81655 24 1 0 21 8 266 100.00000 0
4796 7122 11.95018 3.03352 12.49202 173.80799 18 0 0 4 5 275 100.00000 0
1100 4418 10.65491 0.05900 10.36692 6.34174 74 0 0 74 59 988 100.00000 0
1495 5102 10.99809 0.02144 4.84348 11.08020 12 0 0 9 8 165 100.00000 0
941 4172 10.52709 0.02551 9.50394 3.28456 18 0 0 4 7 341 100.00000 0
2698 5646 11.29122 0.15585 13.29829 4.76995 20 0 0 7 2 296 100.00000 0
504 3733 10.98126 0.01194 9.46944 2.92998 20 0 0 20 17 156 100.00000 0
3277 8396 10.19108 0.42275 6.54233 12.99589 34 0 0 26 21 234 100.00000 0
1522 5132 11.52055 0.00711 6.08420 13.90458 14 0 0 2 4 202 100.00000 0
1449 6912 11.35509 2.89181 2.42714 7.46498 18 0 0 9 11 226 100.00000 0
1237 7135 10.41648 3.08859 14.70912 176.96372 23 0 0 7 7 196 100.00000 0
2934 5949 10.19149 0.03884 6.80088 10.47929 19 0 0 14 8 165 100.00000 0
4771 7103 10.65832 3.09293 9.84957 177.21189 31 0 0 13 8 403 100.00000 0
1537 6800 10.97155 3.13928 12.98810 179.86878 25 0 0 12 11 197 100.00000 0
1012 4325 10.68182 0.02837 7.48836 1.42985 27 0 0 15 16 256 100.00000 0
108 8610 10.49891 0.04796 9.85599 2.23703 9 0 0 9 7 122 100.00000 0
5097 6852 11.69156 3.12546 5.72880 4.21473 19 0 0 14 8 242 100.00000 0
3234 8402 11.47139 0.97493 1.30967 12.49159 12 0 0 5 6 71 100.00000 0
1364 4931 11.87389 0.01883 8.11942 12.03604 48 0 0 27 33 525 100.00000 0
45 100 11.49053 0.02079 12.48354 1.19223 19 0 1 8 7 159 100.00000 0
49 3414 11.75156 0.02822 3.71884 17.40742 22 0 0 1 6 183 100.00000 0
1143 4551 10.01507 0.07036 9.65847 1.46954 32 0 0 32 21 500 100.00000 0
3280 8398 11.13507 0.37005 9.79046 1.66413 23 0 0 10 12 177 100.00000 0
5010 6968 11.29138 2.95108 8.49093 10.57217 13 0 0 13 5 239 100.00000 0
1213 7223 11.34054 1.90211 10.66692 108.98300 13 0 0 1 0 195 100.00000 0
3233 8398 10.80862 0.87012 4.56943 49.85419 6 0 1 2 2 46 100.00000 0
3279 8399 10.36215 0.33464 5.52092 19.17340 28 0 0 11 17 225 100.00000 0
1215 4647 11.38444 0.07990 15.94795 8.15923 16 0 0 6 8 230 100.00000 0
6037 7988 11.05039 3.13779 7.47513 168.71167 19 0 0 9 9 212 100.00000 0
25 8585 10.74196 0.02857 13.54586 1.63662 15 0 0 10 6 187 100.00000 0
1279 4835 10.99875 0.05521 11.58635 7.21047 20 0 0 16 10 233 100.00000 0
1068 4364 11.00272 0.03437 9.10623 1.96961 36 0 0 31 24 622 100.00000 0
8856 8910 10.38949 0.03636 9.73201 2.08356 32 0 0 27 26 248 100.00000 0
3361 8501 10.24352 0.00476 9.82674 0.57675 83 0 0 77 69 381 100.00000 0
3426 8620 11.04902 0.02550 9.86349 1.56648 12 0 0 4 9 149 100.00000 0
981 4224 11.26091 0.41318 9.41404 11.23035 9 0 0 7 3 85 100.00000 0
168 3467 10.54856 0.01504 11.22412 1.30596 26 0 0 24 23 158 100.00000 0
5217 6790 11.76252 3.13150 13.64897 179.42054 10 0 0 7 5 121 100.00000 0
5301 6767 11.10638 3.12139 11.61187 178.84090 14 0 0 11 8 132 100.00000 0
105 3405 10.30328 0.02403 7.70111 1.37771 18 0 0 12 9 221 100.00000 0
1250 7179 10.82512 3.00906 4.80726 172.40614 11 0 0 1 1 149 100.00000 0
6134 7909 11.09334 3.13980 11.31228 179.88131 12 0 0 6 6 79 100.00000 0
1538 6800 10.00986 3.13936 10.95851 179.87489 29 0 0 12 13 220 100.00000 0
8851 8903 10.87758 0.03191 7.69602 25.40334 33 0 0 30 28 236 100.00000 0
7163 7227 11.30097 1.23672 2.16675 7.96265 17 1 0 5 5 171 100.00000 0
1263 7139 11.60710 3.04318 8.29915 174.36132 12 0 0 2 4 194 100.00000 0
1622 5377 10.00534 0.02559 1.11452 13.34716 9 0 0 3 4 139 100.00000 0
1177 4562 11.54704 0.05295 12.94550 2.41492 32 0 0 23 26 308 100.00000 0
3029 8133 10.50345 0.01303 8.62347 0.74913 21 0 0 14 10 338 100.00000 0
2665 5613 10.83734 0.09575 6.60927 13.11270 27 0 0 13 10 359 100.00000 0
5416 6678 11.92093 2.03890 9.18013 116.82057 8 0 0 1 0 58 100.00000 0
1248 7191 10.42904 2.91139 11.30908 166.81067 5 0 0 1 3 55 100.00000 0
192 8650 11.83438 0.01129 11.18016 0.95121 47 0 0 45 42 304 100.00000 0
3047 8150 10.53539 0.03481 7.92927 1.99371 9 0 1 2 3 160 100.00000 0
3469 8646 11.29900 0.00978 11.44782 2.89773 33 0 0 30 25 242 100.00000 0
1213 4706 11.12573 0.09906 19.50340 159.43564 8 0 0 6 4 127 100.00000 0
1099 4475 10.85715 0.05417 11.65689 5.89694 74 0 0 68 60 944 100.00000 0
421 3656 11.26950 0.01192 8.24328 14.63232 25 0 0 19 15 536 100.00000 0
662 3879 10.00162 0.02537 10.96912 80.18705 12 0 0 5 1 151 100.00000 0
65 8585 10.74196 0.02857 13.86781 1.63662 18 0 0 8 6 213 100.00000 0
869 4131 11.49482 0.00704 4.47352 0.39860 18 0 0 3 6 113 100.00000 0
3261 8367 10.18055 0.90672 6.79500 51.95095 7 0 0 2 5 69 100.00000 0
191 8676 10.85739 0.01627 10.26152 0.49258 49 0 0 49 47 324 100.00000 0
537 3786 10.26905 0.01459 8.51140 0.84023 26 0 0 6 10 160 100.00000 0
339 3582 11.07659 0.02189 17.65024 52.41118 24 0 0 19 17 180 100.00000 0
4968 6996 11.42188 3.09670 10.78024 177.42960 56 0 0 47 34 618 100.00000 0
976 4213 11.91001 0.44477 11.36275 25.48337 7 0 0 2 2 83 100.00000 0
1655 6681 10.84117 1.78538 16.70845 100.16110 5 0 0 2 4 36 100.00000 0
2958 8092 11.48210 0.04144 17.41158 2.37339 7 0 0 3 2 113 100.00000 0
1132 4482 10.47787 0.07895 10.93714 0.53814 76 0 0 73 54 1211 100.00000 0
1408 5007 10.78992 0.08551 1.06811 12.07124 13 0 0 7 4 260 100.00000 0
769 3981 10.28932 0.27680 10.83234 16.25929 20 0 0 5 13 233 100.00000 0
1130 4476 11.33315 0.08089 10.27367 0.88603 64 0 0 42 41 1014 100.00000 0
4757 7150 10.35057 3.12753 10.93372 179.19254 8 0 0 2 2 130 100.00000 0
3363 8531 10.02579 0.01563 12.78760 0.89394 51 0 0 21 26 362 100.00000 0
1366 6980 11.22658 3.09564 8.87892 18.14324 83 0 0 59 55 1256 100.00000 0
253 3533 10.07381 0.01522 7.91101 0.86863 7 0 1 4 3 86 100.00000 0
1541 6820 11.95588 3.13107 15.26015 24.13642 9 0 0 4 5 122 100.00000 0
3589 8857 11.26583 0.05082 10.82636 35.33690 12 0 0 8 7 129 100.00000 0
1351 7022 10.63067 3.12180 2.34120 3.48785 33 0 0 15 15 410 100.00000 0
1290 4812 10.21574 0.02344 10.01104 1.34203 23 1 1 14 12 228 100.00000 0
7176 7230 11.12103 1.25418 6.15486 34.44322 17 0 0 8 6 155 100.00000 0
2594 5597 11.45521 1.31962 1.92885 75.60845 7 0 0 0 2 84 100.00000 0
2653 5634 11.79973 0.05114 15.55357 2.92998 28 0 1 24 10 255 100.00000 0
3062 8165 11.55130 0.04840 6.42198 2.77432 31 0 0 17 17 279 100.00000 0
4679 7225 11.35288 1.83809 26.69544 50.19763 15 0 0 0 4 221 100.00000 0
4859 7081 11.68554 3.11619 14.84649 178.54357 17 0 0 12 11 170 100.00000 0
3386 8531 10.75178 0.01039 2.92286 0.59215 20 0 0 9 9 244 100.00000 0
1627 5326 11.75301 0.02710 8.70508 1.55343 21 0 0 17 10 206 100.00000 0
6356 7620 10.42478 1.73005 1.94822 11.93457 9 0 0 2 1 132 100.00000 0
4904 7044 11.76883 3.09693 15.07485 177.44105 12 0 0 6 7 125 100.00000 0
1170 4608 11.71303 0.03794 12.20611 2.78249 41 0 0 32 33 267 100.00000 0
1614 5367 10.98412 0.01304 12.64367 14.24268 12 0 0 8 5 184 100.00000 0
3194 8343 11.41136 0.07426 20.46630 64.99846 12 0 0 9 11 153 100.00000 0
3422 8616 11.77707 0.03243 17.69199 1.85625 29 0 0 4 9 204 100.00000 0
7165 7229 11.66662 1.28931 13.68281 89.19933 11 1 2 2 7 161 100.00000 0
914 4142 10.49397 0.00972 8.88640 0.55249 11 0 0 3 4 172 100.00000 0
2901 5947 11.18402 0.03651 16.35395 2.09106 29 0 0 13 12 271 100.00000 0
7162 7225 11.08314 1.16855 13.48272 66.95315 17 0 0 5 1 185 100.00000 0
56 8547 11.75274 0.00574 2.24760 1.05462 17 0 0 17 15 136 100.00000 0
5237 5295 11.24141 0.01397 10.79492 2.58967 19 0 0 10 9 172 100.00000 0
2593 5582 11.56355 1.34431 12.98695 77.02333 10 0 0 8 7 155 100.00000 0
6228 7812 11.51755 3.13286 16.49707 179.50111 28 0 0 17 6 465 100.00000 0
3092 8196 11.34989 0.12846 10.95193 10.04267 25 0 0 14 10 262 100.00000 0
755 4009 11.81708 0.12823 14.33281 7.34649 29 0 0 23 17 309 100.00000 0
1224 4670 10.01207 0.05575 8.07426 8.49433 6 0 0 6 1 168 100.00000 0
3605 8830 11.32970 0.06066 8.67841 10.35653 11 0 0 5 8 89 100.00000 0
4758 7153 11.79342 3.11472 19.07386 158.35173 12 0 0 8 8 133 100.00000 0
3173 8280 11.97832 0.11593 13.39443 12.39697 16 0 0 5 9 224 100.00000 0
4782 7130 10.77576 3.06593 13.76322 175.66541 12 0 0 7 4 209 100.00000 0
991 4303 11.40733 0.34054 22.17281 19.51133 10 0 0 3 4 146 100.00000 0
333 3578 10.01554 0.02137 8.80437 7.48944 14 0 0 14 10 161 100.00000 0
