5988 8036 10.63461 2.17040 0.71597 2.62525 50 6 11 41 35
4788 7095 10.81350 3.14082 2.01828 1.03854 97 0 0 93 38
1414 5052 10.33247 0.36931 0.34682 0.45456 129 86 35 127 92
5077 6904 10.86195 3.00305 0.85707 2.23966 34 7 0 28 16
5152 6832 10.06994 3.13832 1.10923 1.86236 25 3 0 21 6
1383 4966 10.28066 0.07490 0.41234 0.34830 40 17 13 35 23
5412 6699 10.68882 2.38054 0.78074 2.73552 30 2 4 21 11
283 8736 11.53186 0.06029 0.30469 0.05595 41 29 1 37 32
1444 5046 10.90901 0.33415 0.36234 0.79672 101 51 16 92 71
5416 6686 11.19655 2.12976 0.52295 1.11838 29 10 3 22 12
568 3789 11.33644 0.02823 0.78172 1.68144 46 27 7 37 19
4743 7181 10.95530 2.92613 5.58468 0.79819 35 0 0 30 15
551 3799 10.99034 0.03162 0.50252 1.17236 61 38 13 52 32
451 3708 11.51139 0.00466 0.36599 0.44762 63 34 10 57 44
1481 5085 11.31140 0.16682 0.48444 0.98238 84 35 11 84 51
1602 5348 11.99639 0.01276 0.52569 0.72199 19 8 2 13 13
6308 7718 11.32889 3.08737 1.02674 1.71212 28 1 0 23 6
38 3387 11.50802 0.00420 2.49546 0.66558 57 0 0 57 39
4678 7207 11.63310 2.48294 1.26171 1.96284 74 0 0 64 33
39 8586 11.48626 0.03120 2.17926 1.20008 11 0 0 8 9
4737 7202 11.02315 2.65492 1.29203 0.47888 21 0 1 10 11
4701 7233 10.63455 1.64708 1.60250 2.49748 57 0 0 37 18
1378 4993 10.70005 0.01567 0.67922 0.73913 66 9 4 66 39
1555 5205 10.74876 0.00984 0.46695 0.50202 23 11 5 20 10
1082 4433 11.63277 0.06594 0.30118 1.07556 82 38 20 68 48
342 8893 11.77738 0.01828 0.88886 0.74125 84 4 0 84 55
5111 6866 10.18816 3.12082 1.49894 1.90516 61 0 0 48 17
6031 8030 10.30772 3.13107 0.39547 3.73056 36 2 22 34 20
3300 8461 11.51975 0.00966 0.18421 0.58551 76 61 2 64 51
3309 8438 11.77066 0.01154 0.24171 0.72900 48 29 7 44 27
787 4003 11.50998 0.01277 0.48914 1.42272 21 13 3 16 15
570 3792 10.40776 0.02981 0.50123 1.70433 43 18 14 36 20
1524 5135 11.01220 0.00244 0.39072 0.32143 38 18 4 28 22
797 4017 10.74661 0.01164 0.21376 0.87760 32 24 3 24 20
2948 6004 10.19878 1.18354 0.49127 1.86928 23 5 0 23 18
5390 6681 11.48172 2.06655 1.05955 1.51724 39 5 7 37 21
2963 8097 10.74930 0.02549 0.48901 1.73144 18 10 2 18 11
1587 5217 10.75116 0.01148 0.36574 0.22029 55 36 12 53 28
2916 5965 10.05853 0.09146 0.31543 2.04316 37 28 5 37 14
17 3387 11.50802 0.00420 2.45408 1.00249 75 0 0 75 52
6310 7717 11.61955 3.08949 0.84140 1.60937 27 9 4 25 11
3625 8929 10.11312 0.03816 0.64103 0.87223 150 21 62 150 130
1326 7027 10.51857 2.99876 1.88594 2.26157 93 0 0 87 43
336 8867 11.13984 0.02555 0.74504 1.39634 148 73 2 144 99
1600 6738 11.81658 3.13946 1.92013 0.27695 25 0 0 25 14
1414 5015 11.07950 0.08558 0.28246 0.49416 119 101 9 114 87
737 3942 10.32301 0.84648 0.73096 1.66154 60 9 3 49 23
1482 6872 10.04486 3.12266 1.31794 1.17670 85 1 0 61 41
42 3414 11.75156 0.02822 2.34957 1.23226 29 0 0 29 21
6142 7877 11.44315 3.13854 0.63738 1.45750 39 3 1 34 10
128 3419 11.74596 0.01835 0.59382 0.52638 47 17 1 43 31
4796 7122 11.95018 3.03352 2.01250 2.42947 10 0 0 5 1
1100 4418 10.65491 0.05900 0.35607 0.54393 64 40 13 55 43
1495 5102 10.99809 0.02144 0.47651 1.06716 30 18 2 26 18
941 4172 10.52709 0.02551 0.59755 1.42601 64 39 6 64 54
2698 5646 11.29122 0.15585 0.52195 1.14876 58 41 10 58 37
504 3733 10.98126 0.01194 0.27940 0.75017 68 47 10 61 45
3277 8396 10.19108 0.42275 0.95801 1.87972 28 7 1 26 16
1522 5132 11.52055 0.00711 0.25601 0.83369 39 22 5 33 30
1449 6912 11.35509 2.89181 0.71997 2.75591 35 9 6 29 20
1237 7135 10.41648 3.08859 1.18324 1.12535 46 0 0 41 19
3223 8324 11.32034 0.02473 0.34428 0.83369 38 22 11 35 23
2934 5949 10.19149 0.03884 0.31800 2.21964 44 31 11 42 24
4771 7103 10.65832 3.09293 1.67151 1.38931 66 0 0 60 19
1537 6800 10.97155 3.13928 4.98288 18.09056 7 0 0 3 3
4736 7121 10.95820 3.11465 1.09478 1.03211 67 0 1 62 32
1012 4325 10.68182 0.02837 0.25657 1.42161 66 52 8 62 44
108 8610 10.49891 0.04796 0.35439 0.61548 37 32 1 32 28
5097 6852 11.69156 3.12546 1.64987 0.83416 24 0 0 9 8
5084 6894 10.58147 3.04418 1.31138 2.26710 66 0 2 57 46
3234 8402 11.47139 0.97493 0.26006 0.67666 32 13 9 28 10
1364 4931 11.87389 0.01883 0.36687 0.44411 78 47 14 66 57
546 3770 11.35102 0.04734 0.52741 0.89394 70 42 2 61 40
45 100 11.49053 0.02079 2.37648 0.61294 22 0 0 20 12
1637 6693 11.63501 2.20014 1.39112 0.97679 24 0 0 16 7
3168 8276 11.53381 0.07247 0.67693 0.74178 26 11 6 24 14
49 3414 11.75156 0.02822 2.04504 0.84673 18 0 0 14 15
1143 4551 10.01507 0.07036 0.42685 1.08751 163 44 13 152 117
3280 8398 11.13507 0.37005 0.65470 1.36143 46 10 5 44 25
102 3428 11.50927 0.05388 0.22737 0.45714 35 22 5 26 26
5010 6968 11.29138 2.95108 0.58475 1.57694 44 24 1 44 32
1213 7223 11.34054 1.90211 1.22954 1.10003 78 0 0 73 46
5048 6896 11.73193 2.63804 0.95166 2.12780 81 3 0 77 43
243 8697 10.88567 0.03663 0.59378 2.09947 56 25 8 54 24
4691 7164 11.27247 3.02844 1.37195 1.81208 55 0 1 44 20
3233 8398 10.80862 0.87012 0.28144 0.10468 27 13 9 25 13
880 4105 11.93766 0.04189 0.16018 2.15450 58 47 8 56 33
5994 8067 10.56765 1.58472 1.84290 2.63611 13 0 0 6 9
1213 4645 10.41249 0.08131 0.55012 1.95104 53 30 12 44 27
3279 8399 10.36215 0.33464 0.76632 1.46820 38 11 9 26 18
1215 4647 11.38444 0.07990 0.20901 1.05943 60 30 12 45 21
3200 8307 10.45604 0.16594 0.58555 1.53161 98 76 12 98 67
6037 7988 11.05039 3.13779 1.11929 3.52781 14 1 0 8 5
1624 5383 11.25008 0.02525 0.76439 3.21077 18 7 0 13 7
25 8585 10.74196 0.02857 2.47276 1.54307 15 0 0 12 11
1279 4835 10.99875 0.05521 0.69754 1.20040 53 26 14 42 21
5230 6759 11.88507 3.12304 0.84685 1.30925 72 1 6 60 45
1068 4364 11.00272 0.03437 0.35794 0.51129 62 46 9 62 43
8856 8910 10.38949 0.03636 0.63013 2.09742 91 28 8 89 46
3361 8501 10.24352 0.00476 0.40346 0.41117 33 19 6 28 23
3426 8620 11.04902 0.02550 0.27391 0.31279 48 32 7 42 29
981 4224 11.26091 0.41318 1.21144 2.56903 37 17 4 32 10
168 3467 10.54856 0.01504 0.38787 0.77430 50 20 4 42 31
5217 6790 11.76252 3.13150 4.26278 179.42054 5 0 0 2 3
5301 6767 11.10638 3.12139 1.07795 1.92010 9 0 0 5 3
532 3783 11.79261 0.01484 0.38994 0.13988 68 33 7 53 34
229 3516 11.83603 0.02063 0.30855 1.27103 52 26 8 52 20
5407 6672 11.61022 1.98239 0.82613 1.14192 34 2 2 32 14
105 3405 10.30328 0.02403 0.64121 1.09932 50 23 4 48 29
1250 7179 10.82512 3.00906 1.52332 0.60198 43 0 0 41 20
6134 7909 11.09334 3.13980 1.64471 0.52265 46 0 0 44 24
1538 6800 10.00986 3.13936 1.44377 1.72964 17 0 0 7 6
3233 8332 11.28283 0.19775 0.30500 1.92641 35 4 4 33 13
1250 7185 11.46706 2.97565 1.54403 0.42336 17 0 0 13 2
367 8881 11.25742 0.03415 0.60214 0.37009 79 21 16 73 57
8851 8903 10.87758 0.03191 0.59456 1.78728 89 29 9 89 54
7163 7227 11.30097 1.23672 0.51095 1.59741 33 11 17 28 16
1263 7139 11.60710 3.04318 1.70816 2.00369 26 0 1 21 9
1622 5377 10.00534 0.02559 0.64412 1.28268 15 3 2 5 3
1177 4562 11.54704 0.05295 0.54698 1.08787 68 45 5 66 50
3029 8133 10.50345 0.01303 0.39163 0.46478 43 29 4 39 30
1409 6925 10.24348 2.87217 0.93380 1.62654 57 1 3 44 29
2665 5613 10.83734 0.09575 0.20523 1.14569 74 52 13 70 50
1678 5403 10.94540 1.13851 1.19653 0.42336 15 0 0 12 4
5416 6678 11.92093 2.03890 0.90621 1.77476 29 4 4 25 9
2735 5688 10.25589 0.08270 0.30836 1.30985 25 14 5 23 14
1592 6749 10.57266 3.13709 1.03759 1.75055 41 2 2 35 10
1248 7191 10.42904 2.91139 1.96791 0.11869 22 0 0 18 9
1426 5071 11.44287 0.45463 0.78057 0.65372 70 9 7 63 44
192 8650 11.83438 0.01129 0.11644 0.48376 35 25 6 31 21
3047 8150 10.53539 0.03481 0.22597 1.57768 42 28 6 30 29
3469 8646 11.29900 0.00978 0.19526 0.33455 42 31 5 38 28
1213 4706 11.12573 0.09906 0.67264 2.51186 65 29 15 54 25
1099 4475 10.85715 0.05417 0.33444 0.25641 106 76 22 106 70
421 3656 11.26950 0.01192 0.29785 0.20748 188 153 20 176 154
662 3879 10.00162 0.02537 0.30602 0.33804 86 59 14 84 54
65 8585 10.74196 0.02857 1.69742 0.32385 14 0 0 10 5
869 4131 11.49482 0.00704 0.39178 0.69323 59 39 9 57 42
3261 8367 10.18055 0.90672 0.22755 1.56022 32 13 2 28 19
191 8676 10.85739 0.01627 0.42402 0.50358 51 24 11 47 29
537 3786 10.26905 0.01459 0.19157 0.48537 75 49 11 62 42
2942 6000 10.13712 1.02719 0.38777 2.04564 24 11 0 15 15
339 3582 11.07659 0.02189 0.44631 0.37325 164 115 19 161 138
4968 6996 11.42188 3.09670 1.29738 2.37108 21 0 1 17 10
2591 5585 11.46648 1.38067 0.42184 1.00405 59 31 12 59 38
976 4213 11.91001 0.44477 0.37527 2.21859 52 34 9 46 23
4910 7013 11.18828 2.99508 1.49961 1.90680 110 0 1 96 49
1655 6681 10.84117 1.78538 0.70008 1.61447 51 7 11 34 19
2958 8092 11.48210 0.04144 0.84972 1.64306 21 8 6 21 8
1132 4482 10.47787 0.07895 0.50311 0.22728 99 54 17 92 76
1408 5007 10.78992 0.08551 0.35501 0.93837 95 52 28 84 65
769 3981 10.28932 0.27680 0.97241 1.24207 20 7 3 14 8
1130 4476 11.33315 0.08089 0.30610 0.30001 91 64 19 91 66
2661 5639 10.78855 0.09797 0.35321 0.86185 39 20 6 33 24
1216 7187 11.86606 2.85067 1.42119 2.63225 59 0 0 51 15
4757 7150 10.35057 3.12753 1.58784 1.67257 42 0 0 31 15
3363 8531 10.02579 0.01563 0.37587 0.76053 37 18 11 29 22
1366 6980 11.22658 3.09564 14.01681 177.36745 38 0 0 35 18
322 8824 10.70421 0.05112 0.51492 0.24708 160 66 6 158 135
253 3533 10.07381 0.01522 0.53998 0.45628 74 47 8 62 59
1541 6820 11.95588 3.13107 1.03204 2.20087 8 1 1 5 3
3589 8857 11.26583 0.05082 0.40492 2.77601 148 80 4 148 70
1351 7022 10.63067 3.12180 1.61372 3.14585 84 0 0 76 34
1290 4812 10.21574 0.02344 0.36332 1.08462 63 25 18 63 25
7176 7230 11.12103 1.25418 0.30330 1.42601 45 25 17 40 25
2594 5597 11.45521 1.31962 0.29181 1.36286 26 10 3 18 13
2653 5634 11.79973 0.05114 0.32535 1.28207 30 8 14 21 10
3062 8165 11.55130 0.04840 0.27959 1.76990 70 56 4 58 50
4679 7225 11.35288 1.83809 1.15145 0.60523 69 0 0 60 32
4859 7081 11.68554 3.11619 2.19623 0.54249 25 0 0 15 11
3386 8531 10.75178 0.01039 0.18596 0.50668 48 29 15 37 25
1627 5326 11.75301 0.02710 0.43835 1.11487 24 6 2 8 8
6356 7620 10.42478 1.73005 0.63570 2.90259 53 2 1 42 13
4904 7044 11.76883 3.09693 1.73669 2.60970 85 0 0 82 52
1170 4608 11.71303 0.03794 0.72711 0.74019 62 9 2 59 40
1614 5367 10.98412 0.01304 0.28145 0.55107 29 11 4 14 10
3194 8343 11.41136 0.07426 0.45852 0.92450 38 21 4 36 17
3422 8616 11.77707 0.03243 0.33505 0.63242 40 24 3 38 24
7165 7229 11.66662 1.28931 0.21512 1.49174 39 28 9 35 15
914 4142 10.49397 0.00972 0.20617 0.54680 34 18 11 30 20
2901 5947 11.18402 0.03651 1.19465 2.09406 28 11 7 21 8
7162 7225 11.08314 1.16855 0.62623 0.85409 37 25 7 29 18
56 8547 11.75274 0.00574 2.16763 0.53668 55 0 0 49 31
5237 5295 11.24141 0.01397 0.36911 0.73648 25 13 2 21 15
2593 5582 11.56355 1.34431 0.76672 0.81084 62 16 13 60 30
6228 7812 11.51755 3.13286 0.92013 1.66577 26 2 1 15 11
3092 8196 11.34989 0.12846 0.56925 0.38052 14 4 2 8 6
755 4009 11.81708 0.12823 0.15563 1.86593 34 10 8 23 26
1224 4670 10.01207 0.05575 0.34234 0.59149 79 53 14 77 57
3605 8830 11.32970 0.06066 0.88409 3.40295 143 17 12 136 99
5382 6692 10.14992 2.20815 0.86022 0.85501 50 12 21 43 19
4758 7153 11.79342 3.11472 1.79958 2.03009 24 1 0 14 7
116 8583 10.99558 0.01661 0.36371 0.59676 26 11 3 16 10
1031 4314 10.09291 0.01767 0.34309 1.03325 52 26 15 52 23
3620 8883 11.31508 0.03541 1.21016 0.50899 116 0 0 113 86
3173 8280 11.97832 0.11593 0.50705 0.89438 32 14 1 25 17
4782 7130 10.77576 3.06593 2.01406 1.16500 68 0 0 61 43
1051 4371 10.37330 0.01401 0.29992 0.14537 52 34 4 39 34
991 4303 11.40733 0.34054 0.68742 0.32746 60 11 5 55 34
333 3578 10.01554 0.02137 0.54324 0.19584 177 86 11 172 147
