4788 7095 10.81350 3.14082 2.22791 0.95654 62 0 0 45 29 642 100.00000 0
1383 4966 10.28066 0.07490 10.27012 4.29154 56 0 0 44 10 535 100.00000 0
5412 6699 10.68882 2.38054 14.04126 73.92778 11 0 0 1 3 120 100.00000 0
5416 6686 11.19655 2.12976 15.90226 122.02609 5 0 0 2 2 67 100.00000 0
4743 7181 10.95530 2.92613 5.74310 167.65486 18 0 0 7 6 273 100.00000 0
451 3708 11.51139 0.00466 10.04919 0.29342 15 0 0 13 13 172 100.00000 0
1602 5348 11.99639 0.01276 17.28028 0.72739 20 0 2 8 8 244 100.00000 0
38 3387 11.50802 0.00420 2.70570 0.19782 33 0 0 28 18 247 100.00000 0
39 8586 11.48626 0.03120 14.85165 1.78619 11 0 0 0 3 198 100.00000 0
4737 7202 11.02315 2.65492 3.62325 152.11592 15 0 0 10 3 253 100.00000 0
4701 7233 10.63455 1.64708 7.15440 94.37098 10 0 0 3 3 270 100.00000 0
1082 4433 11.63277 0.06594 13.05343 7.43991 80 0 0 80 68 1074 100.00000 0
3300 8461 11.51975 0.00966 11.87922 1.79711 58 0 0 37 48 418 100.00000 0
3309 8438 11.77066 0.01154 14.17646 2.91175 76 0 0 66 71 501 100.00000 0
17 3387 11.50802 0.00420 2.73334 0.25023 35 0 0 26 22 319 100.00000 0
1326 7027 10.51857 2.99876 2.00439 2.40257 58 0 0 52 38 495 100.00000 0
4796 7122 11.95018 3.03352 11.25515 173.80799 22 0 0 3 9 502 100.00000 0
1100 4418 10.65491 0.05900 9.74144 5.62615 80 0 0 75 65 1113 100.00000 0
1495 5102 10.99809 0.02144 3.35398 4.66632 36 0 0 34 24 558 100.00000 0
2698 5646 11.29122 0.15585 11.29334 14.07669 31 0 0 28 19 332 100.00000 0
504 3733 10.98126 0.01194 5.78238 24.34608 10 0 0 7 6 156 100.00000 0
3277 8396 10.19108 0.42275 10.28139 1.34727 18 0 0 18 12 213 100.00000 0
1449 6912 11.35509 2.89181 6.79591 6.16682 29 0 0 22 13 291 100.00000 0
2934 5949 10.19149 0.03884 11.71347 2.22581 20 0 0 10 8 333 100.00000 0
4771 7103 10.65832 3.09293 10.31755 177.21189 34 0 0 7 7 692 100.00000 0
1537 6800 10.97155 3.13928 11.42005 179.86878 12 0 1 4 4 200 100.00000 0
1012 4325 10.68182 0.02837 7.04847 3.95478 24 0 0 24 19 301 100.00000 0
45 100 11.49053 0.02079 6.60045 30.39679 9 0 0 1 3 159 100.00000 0
3280 8398 11.13507 0.37005 9.66541 1.00522 34 0 0 25 22 274 100.00000 0
3279 8399 10.36215 0.33464 1.69353 19.17340 24 0 0 5 0 244 100.00000 0
25 8585 10.74196 0.02857 13.08186 1.63662 11 0 0 3 3 187 100.00000 0
1068 4364 11.00272 0.03437 14.09376 13.00864 36 0 0 9 19 689 100.00000 0
3361 8501 10.24352 0.00476 10.12690 2.51995 59 0 0 57 53 463 100.00000 0
981 4224 11.26091 0.41318 1.53874 15.41081 12 0 0 9 4 178 100.00000 0
5217 6790 11.76252 3.13150 14.90527 179.42054 7 0 0 7 6 122 100.00000 0
5301 6767 11.10638 3.12139 11.41136 178.84090 16 0 0 4 6 196 100.00000 0
105 3405 10.30328 0.02403 8.35486 1.37771 21 0 0 10 9 264 100.00000 0
1250 7179 10.82512 3.00906 2.34149 7.17168 19 0 0 7 6 299 100.00000 0
6134 7909 11.09334 3.13980 2.10151 0.63674 8 0 0 5 1 114 100.00000 0
1538 6800 10.00986 3.13936 8.79741 179.87489 11 0 0 2 1 143 100.00000 0
1250 7185 11.46706 2.97565 7.03133 170.49221 13 0 0 6 5 218 100.00000 0
1263 7139 11.60710 3.04318 7.92132 5.45151 14 0 0 7 9 351 100.00000 0
1177 4562 11.54704 0.05295 12.88836 4.18554 39 0 0 34 24 364 100.00000 0
3029 8133 10.50345 0.01303 9.40664 4.95614 24 0 0 24 18 366 100.00000 0
2665 5613 10.83734 0.09575 6.99462 5.48548 39 0 0 24 13 375 100.00000 0
1248 7191 10.42904 2.91139 4.66124 166.81067 18 0 0 2 3 335 100.00000 0
192 8650 11.83438 0.01129 11.48435 5.79150 37 0 0 29 25 267 100.00000 0
3469 8646 11.29900 0.00978 9.98410 2.06678 37 0 0 37 32 265 100.00000 0
1099 4475 10.85715 0.05417 8.79732 4.02740 58 0 0 50 44 983 100.00000 0
65 8585 10.74196 0.02857 4.20354 32.52885 18 0 1 8 5 231 100.00000 0
191 8676 10.85739 0.01627 10.35428 0.49258 43 0 0 43 41 236 100.00000 0
4968 6996 11.42188 3.09670 5.44003 177.42960 39 0 0 16 15 561 100.00000 0
1655 6681 10.84117 1.78538 11.74932 148.32162 5 0 0 1 2 104 100.00000 0
1132 4482 10.47787 0.07895 9.09007 0.29608 66 0 0 55 48 1193 100.00000 0
769 3981 10.28932 0.27680 3.75524 15.85948 16 0 0 4 6 209 100.00000 0
1130 4476 11.33315 0.08089 7.01298 0.71162 41 0 0 36 27 719 100.00000 0
4757 7150 10.35057 3.12753 11.56797 179.19254 17 0 0 9 12 282 100.00000 0
1366 6980 11.22658 3.09564 14.06160 177.36745 120 0 0 116 82 1233 100.00000 0
7176 7230 11.12103 1.25418 5.85719 34.31041 16 0 0 9 6 251 100.00000 0
3062 8165 11.55130 0.04840 6.97554 2.77432 23 0 0 11 9 327 100.00000 0
4859 7081 11.68554 3.11619 9.35769 178.54357 53 0 0 11 23 473 100.00000 0
3386 8531 10.75178 0.01039 4.14446 0.59215 25 0 5 18 17 215 100.00000 0
1627 5326 11.75301 0.02710 12.00837 1.55343 11 0 0 9 6 192 100.00000 0
4904 7044 11.76883 3.09693 3.19535 3.01480 23 0 0 7 1 347 100.00000 0
1170 4608 11.71303 0.03794 12.32950 3.85316 22 0 0 15 15 289 100.00000 0
2901 5947 11.18402 0.03651 15.67701 2.09106 30 0 0 8 14 431 100.00000 0
56 8547 11.75274 0.00574 2.21059 0.90396 33 0 0 30 21 277 100.00000 0
5237 5295 11.24141 0.01397 10.08515 10.18499 21 0 0 15 12 209 100.00000 0
2593 5582 11.56355 1.34431 14.89596 77.02333 16 0 0 8 8 247 100.00000 0
6228 7812 11.51755 3.13286 16.46162 179.50111 32 0 0 18 19 891 100.00000 0
3092 8196 11.34989 0.12846 9.10090 7.35989 41 0 0 27 18 443 100.00000 0
755 4009 11.81708 0.12823 12.55519 42.17533 20 0 0 11 13 216 100.00000 0
4758 7153 11.79342 3.11472 13.76639 178.45998 12 0 0 7 5 191 100.00000 0
3173 8280 11.97832 0.11593 12.70827 6.64216 24 0 0 13 10 394 100.00000 0
4782 7130 10.77576 3.06593 2.02125 1.88180 17 0 0 7 8 364 100.00000 0
