0.03486 0.05048
0.00905 0.01833
0.02015 0.03820
0.01717 0.04853
0.02782 0.05065
0.00633 0.00736
0.01794 0.03681
0.00816 0.01169
0.01969 0.03374
0.02578 0.06128
0.02105 0.05270
0.00664 0.00807
0.01939 0.03897
0.01772 0.04900
0.00259 0.00323
0.00320 0.00413
0.01870 0.03938
0.02199 0.04036
0.00330 0.00440
0.01771 0.04047
0.01679 0.04653
0.01477 0.02986
0.00706 0.00870
0.01466 0.03954
0.00717 0.00839
0.01624 0.04413
0.00698 0.00827
0.01588 0.02501
0.01718 0.03896
0.01068 0.02506
0.01806 0.03186
0.00838 0.01423
0.00499 0.00686
0.01784 0.04387
0.01621 0.04407
0.01921 0.04588
0.02306 0.04440
0.01802 0.03872
0.01749 0.04717
0.01597 0.03919
0.01677 0.03821
0.00715 0.01093
0.02196 0.04507
0.02923 0.05361
0.02056 0.03925
0.01650 0.03903
0.01672 0.04194
0.00820 0.01313
0.01608 0.03782
0.00287 0.00365
0.01713 0.03906
0.02148 0.05299
0.01821 0.04289
0.01303 0.03740
0.02503 0.03648
0.00284 0.00335
0.01317 0.02709
0.01964 0.05561
0.02418 0.04912
0.01716 0.04905
0.01439 0.03504
0.00959 0.00955
0.02087 0.05956
0.00365 0.00316
0.01740 0.04802
0.01533 0.03633
0.02186 0.04780
0.00248 0.00306
0.01311 0.03822
0.01842 0.04105
0.02727 0.04530
0.01578 0.04510
0.01597 0.03913
0.01061 0.01298
0.00732 0.00987
0.01847 0.05628
0.01879 0.03933
0.00591 0.00961
0.03287 0.05729
0.01643 0.03706
0.02290 0.03843
0.01076 0.01115
0.00577 0.00760
0.01209 0.01251
0.02268 0.04258
0.02077 0.05296
0.01966 0.06952
0.02201 0.06387
0.02362 0.03541
0.01655 0.03829
0.02023 0.03949
0.02611 0.04018
0.01792 0.03793
0.01079 0.01716
0.01949 0.03966
0.02687 0.05167
0.00641 0.00801
0.01831 0.04149
0.01628 0.04457
0.01141 0.01434
0.00467 0.00536
0.01445 0.03495
0.01594 0.03456
0.01761 0.03951
0.02238 0.07282
0.02520 0.05410
0.01653 0.03907
0.02844 0.05461
0.01672 0.02422
0.00684 0.00728
0.02084 0.03843
0.01650 0.04334
0.02160 0.04524
0.02159 0.04082
0.01203 0.02944
0.02288 0.07419
0.01008 0.01729
0.00880 0.01860
0.00247 0.00318
0.01008 0.02159
0.00352 0.00420
0.01597 0.03895
0.01777 0.04087
0.01004 0.01038
0.01804 0.04183
0.00269 0.00365
0.01436 0.03922
0.00275 0.00310
0.01669 0.04120
0.01887 0.04362
0.02373 0.04550
0.00247 0.00309
0.00434 0.00439
0.02094 0.03784
0.02436 0.04341
0.00276 0.00324
0.01227 0.03133
0.02023 0.03695
0.01645 0.04654
0.01657 0.03272
0.00229 0.00314
0.01681 0.03819
0.00327 0.00492
0.00407 0.00483
0.01791 0.04949
0.01395 0.03611
0.01031 0.01370
0.02169 0.04308
0.00552 0.00711
0.02203 0.03981
0.00546 0.00977
0.01896 0.03962
0.01706 0.03420
0.01553 0.04269
0.02413 0.04098
0.01842 0.02945
0.00986 0.01204
0.00344 0.00414
0.02836 0.04068
0.00775 0.01353
0.00264 0.00328
0.01210 0.01255
0.01787 0.03415
0.00368 0.00521
0.02833 0.04979
0.02572 0.03990
0.00974 0.01105
0.02755 0.05249
0.00720 0.00833
0.01814 0.03758
0.00512 0.00642
0.02636 0.03869
0.01869 0.03953
0.01893 0.05615
0.00372 0.00476
0.00643 0.00990
0.02289 0.05369
0.00748 0.01024
0.02593 0.04093
0.01644 0.04805
0.02165 0.05408
0.01752 0.04906
0.01901 0.04115
0.01715 0.04634
0.01858 0.04111
0.00478 0.00607
0.01719 0.04532
0.01743 0.03878
0.01655 0.03835
0.01399 0.03527
0.00285 0.00346
0.01835 0.05189
0.00877 0.00925
0.01964 0.05072
0.00298 0.00408
0.00222 0.00297
0.01808 0.06418
0.01712 0.03844
0.01650 0.04561
0.01756 0.03898
0.00328 0.00444
0.02225 0.04003
0.00577 0.01214
0.01775 0.03977
0.01620 0.04212
0.02007 0.06096
0.00454 0.00501
0.01527 0.03638
0.00351 0.00476
0.01720 0.03973
0.01801 0.04071
0.02292 0.05084
0.00264 0.00320
0.02721 0.05801
0.01910 0.04119
0.00227 0.00334
0.01654 0.02589
0.00562 0.00967
0.00412 0.00679
0.02468 0.03393
0.01263 0.02455
0.01626 0.02723
0.01852 0.05582
0.00507 0.00595
0.02198 0.03953
0.03174 0.03252
0.01760 0.04400
0.01845 0.04820
0.01624 0.03719
0.01803 0.04270
0.01781 0.05025
0.01855 0.05236
0.00734 0.00944
0.01768 0.04250
0.00469 0.00594
0.02036 0.04749
0.02838 0.04791
0.01740 0.04834
0.01505 0.03271
0.02342 0.05856
0.00299 0.00383
0.00320 0.00433
0.02039 0.04814
0.02174 0.03764
0.01576 0.04181
0.01795 0.04011
0.00863 0.00995
0.02389 0.05267
0.00236 0.00315
0.01774 0.03909
0.01867 0.03937
0.01692 0.03173
0.01747 0.03674
0.02359 0.06041
0.02381 0.04443
0.01784 0.04815
0.00731 0.00757
0.01529 0.05034
0.01858 0.03797
0.03002 0.05029
0.00408 0.00555
0.01658 0.04201
0.00307 0.00387
0.00249 0.00283
0.00685 0.00999
0.01735 0.03627
0.02506 0.03911
0.01717 0.04651
0.01755 0.04794
0.01882 0.04692
0.00243 0.00333
0.00510 0.00641
0.01400 0.03719
0.01922 0.04431
0.02036 0.04572
0.01804 0.03097
0.01651 0.03805
0.00984 0.01832
0.02360 0.04885
0.01725 0.03987
0.00338 0.00499
0.02073 0.03923
0.01538 0.04263
0.02307 0.04069
0.02219 0.05898
0.01047 0.02273
0.00403 0.00513
0.01482 0.03952
0.02333 0.04179
0.01856 0.03896
0.01945 0.05261
0.00368 0.00465
0.01781 0.03400
0.01980 0.05553
0.00288 0.00364
0.01974 0.05661
0.01712 0.03950
0.01596 0.03949
0.01640 0.04257
0.01760 0.03963
0.01605 0.04859
0.01646 0.03961
0.01758 0.04564
0.01381 0.03396
0.03189 0.04109
0.02016 0.04439
0.00682 0.00864
0.01824 0.03446
0.00311 0.00350
0.02087 0.04307
0.00377 0.00377
0.00634 0.00679
0.01015 0.01603
0.01224 0.03418
0.01628 0.03520
0.02160 0.04776
0.01877 0.05632
0.02066 0.05393
0.01848 0.03949
0.00312 0.00419
0.01882 0.04034
0.02156 0.03748
0.00285 0.00365
0.00953 0.01880
0.02171 0.05670
0.00741 0.00907
0.01693 0.03853
0.02449 0.03955
0.02289 0.04232
0.01711 0.03592
0.01870 0.02895
0.01513 0.03742
0.01367 0.03415
0.01126 0.01759
0.00856 0.00852
0.00264 0.00413
0.02061 0.04065
0.00387 0.00508
0.01958 0.03329
0.02196 0.03961
0.01566 0.03647
0.01551 0.03239
0.01224 0.01809
0.02126 0.03885
0.01717 0.03610
0.00845 0.00859
0.00267 0.00396
0.00366 0.00409
0.02381 0.04025
0.01608 0.04302
0.00611 0.00753
0.01804 0.03913
0.00501 0.00622
0.02381 0.04925
0.02340 0.03927
0.00999 0.01139
0.02277 0.04158
0.02035 0.05663
0.01687 0.04371
0.01874 0.03839
0.00486 0.00699
0.01593 0.04550
0.01934 0.03345
0.01803 0.03976
0.01848 0.03880
0.01280 0.03469
0.01761 0.05640
0.00797 0.01143
0.01819 0.04063
0.02221 0.04228
0.00293 0.00370
0.01532 0.03940
0.03361 0.04094
0.01906 0.03971
0.00379 0.00490
0.00261 0.00335
0.00231 0.00428
0.01045 0.01070
0.00898 0.01974
0.00953 0.02101
0.00425 0.00528
0.02192 0.05802
0.02018 0.03880
0.00881 0.01000
0.01983 0.05725
0.01765 0.05120
0.01518 0.04471
0.00659 0.00820
0.01451 0.02781
0.02012 0.04002
0.01813 0.04066
0.01843 0.05445
0.01740 0.04582
0.02084 0.05505
0.00963 0.01025
0.01730 0.04542
0.03324 0.05477
0.02399 0.03767
0.02045 0.03840
0.01637 0.03938
0.01716 0.04674
0.01800 0.04229
0.01702 0.02992
0.01834 0.04199
0.00357 0.00398
0.02379 0.03932
0.02921 0.05287
0.01758 0.03509
0.01670 0.03314
0.01576 0.04391
0.01606 0.03320
0.00580 0.01096
0.01955 0.05600
0.01639 0.03915
0.00459 0.00462
0.01345 0.02408
0.00901 0.01082
0.01710 0.03784
0.02335 0.04742
0.00495 0.00774
0.00997 0.01567
0.00445 0.00637
0.01830 0.04648
0.02780 0.05815
0.01704 0.04392
0.02348 0.05039
0.00904 0.01066
0.02280 0.07034
0.00285 0.00403
0.02024 0.03957
0.01769 0.03656
0.00959 0.00990
0.01857 0.04065
0.01977 0.05635
0.01719 0.03855
0.00758 0.00931
0.01872 0.03888
0.01755 0.05603
0.01963 0.04248
0.01693 0.04283
0.00392 0.00579
0.00581 0.00980
0.00546 0.00728
0.01666 0.04963
0.02837 0.03895
0.02578 0.05531
0.01926 0.05760
0.01666 0.04575
0.01938 0.03576
0.01866 0.04142
0.00653 0.01087
0.01587 0.01307
0.00290 0.00418
0.02835 0.04976
0.01535 0.04097
0.01935 0.03631
0.01802 0.03636
0.00263 0.00278
0.01760 0.05120
0.00841 0.01597
0.01690 0.04044
0.01602 0.04384
0.02109 0.03589
0.01311 0.03254
0.02028 0.05113
0.02029 0.05518
0.00419 0.00635
0.00659 0.00873
0.01729 0.03957
0.01874 0.04721
0.00958 0.01113
0.02174 0.04087
0.01795 0.04147
0.01548 0.04432
0.00635 0.01502
0.02121 0.05293
0.00262 0.00237
0.00660 0.01250
0.01597 0.04796
0.00430 0.00500
0.00239 0.00327
0.03080 0.04161
0.00654 0.00837
0.00298 0.00363
0.01666 0.05517
0.00624 0.00747
0.01973 0.04800
0.01993 0.05432
0.00625 0.00957
0.00703 0.01111
0.02077 0.03133
0.01903 0.04665
0.00902 0.01082
0.01698 0.04496
0.00815 0.01106
0.01151 0.02222
0.00461 0.00607
0.00962 0.01284
0.02552 0.04945
0.01643 0.03809
0.00745 0.01071
0.01674 0.03320
0.01692 0.04752
0.01778 0.03831
0.02499 0.05085
0.01749 0.03912
0.01266 0.03309
0.01654 0.03577
0.02051 0.06875
0.02000 0.04091
0.01879 0.05766
0.02001 0.07217
0.00283 0.00337
0.01652 0.03738
0.01472 0.04086
0.01413 0.04162
0.01762 0.04608
0.01705 0.04597
0.00499 0.00633
0.00907 0.02246
0.00715 0.01547
0.02169 0.03683
0.00787 0.01000
0.00218 0.00285
0.00248 0.00317
0.01633 0.03186
0.02347 0.04077
0.02084 0.04628
0.00346 0.00504
0.02011 0.04102
0.01803 0.03809
0.01708 0.03908
0.00932 0.01498
0.01890 0.06878
0.00544 0.01169
0.02276 0.04297
0.02475 0.03824
0.02187 0.04240
0.01754 0.03814
0.02040 0.05245
0.01286 0.02776
0.00980 0.01186
0.02161 0.03654
0.02037 0.04008
0.01401 0.03729
0.01775 0.03863
0.00689 0.00974
0.01526 0.02711
0.01599 0.03961
0.01959 0.02380
0.00929 0.00926
0.01343 0.04054
0.00397 0.00463
0.02685 0.04015
0.01697 0.04514
0.01744 0.02638
0.01688 0.03920
0.02423 0.04914
0.01777 0.04913
0.01221 0.02261
0.00691 0.01048
0.01000 0.01091
0.01823 0.04280
0.01815 0.05215
0.01558 0.03290
0.01910 0.04966
0.01639 0.03612
0.00572 0.01105
0.02405 0.05071
0.01870 0.05116
0.02396 0.04012
0.00320 0.00423
0.01664 0.03177
0.01785 0.04464
0.01884 0.04821
0.02314 0.05847
0.01928 0.04956
0.02179 0.04277
0.03145 0.03935
0.01858 0.03729
0.02059 0.05672
0.01941 0.07067
0.01450 0.04016
0.01985 0.05053
0.01674 0.04276
0.00285 0.00378
0.02120 0.04182
0.01336 0.04236
0.01464 0.04040
0.01704 0.04630
0.00289 0.00361
0.01447 0.03167
0.00233 0.00300
0.01713 0.04831
0.01737 0.05038
0.01389 0.03485
0.01640 0.03675
0.00710 0.00727
0.01755 0.04082
0.02023 0.05011
0.01786 0.03686
0.01751 0.03967
0.02046 0.02956
0.01891 0.03920
0.01209 0.01257
0.01820 0.04062
0.02070 0.05267
0.00791 0.01052
0.00439 0.00533
0.01661 0.04404
0.01263 0.03729
0.01999 0.06035
0.01821 0.04538
0.01481 0.04012
0.01672 0.03880
0.02082 0.04106
0.00864 0.01126
0.02166 0.03918
0.00520 0.00810
0.01732 0.02777
0.01720 0.03575
0.00344 0.00496
0.01616 0.02898
0.01723 0.03992
0.01697 0.04774
0.01794 0.04013
0.00584 0.00665
0.00624 0.00806
0.00324 0.00386
0.00487 0.00575
0.02369 0.04548
0.01723 0.04111
0.01878 0.04000
0.02765 0.04151
0.01338 0.03247
0.01541 0.03057
0.00253 0.00275
0.01913 0.05899
0.00482 0.00576
0.01836 0.03972
0.01677 0.04626
0.01779 0.04049
0.01912 0.03393
0.01627 0.04322
0.01554 0.03605
0.00460 0.00547
0.00679 0.00787
0.01835 0.03947
0.00822 0.00982
0.00341 0.00370
0.01745 0.04758
0.02279 0.04038
0.01259 0.03278
0.01020 0.01404
0.02585 0.05309
0.01674 0.04338
0.02435 0.04263
0.02578 0.04020
0.01713 0.04363
0.01675 0.03824
0.02733 0.05952
0.01671 0.03823
0.01566 0.04133
0.02195 0.04562
0.00927 0.01801
0.00731 0.00895
0.00248 0.00299
0.01890 0.03920
0.00559 0.00847
0.00296 0.00365
0.01642 0.01689
0.02171 0.03929
0.00416 0.00638
0.02053 0.03849
0.01886 0.03965
0.02020 0.04019
0.01583 0.03991
0.01662 0.04083
0.01522 0.02601
0.01280 0.02130
0.00757 0.01653
0.01983 0.04474
0.01435 0.03216
0.00260 0.00280
0.00352 0.00341
0.01808 0.04234
0.00633 0.01041
0.02605 0.05004
0.00695 0.00987
0.01055 0.01011
0.01363 0.02914
0.01757 0.03815
0.01808 0.03972
0.00424 0.00467
0.02369 0.04745
0.02507 0.05770
0.00295 0.00339
0.01752 0.03564
0.01871 0.03887
0.01130 0.01285
0.01649 0.03854
0.01646 0.03739
0.01745 0.03998
0.02100 0.04485
0.00469 0.00670
0.01541 0.02301
0.01742 0.04096
0.02126 0.03845
0.00325 0.00371
0.02786 0.04295
0.01723 0.04037
0.01702 0.03743
0.00240 0.00275
0.02151 0.04657
0.00295 0.00306
0.02028 0.03973
0.03065 0.06093
0.00267 0.00350
0.01883 0.06137
0.00721 0.00955
0.01689 0.03294
0.01159 0.02566
0.01758 0.04664
0.02392 0.05238
0.01389 0.03103
0.02060 0.02583
0.01947 0.04069
0.01776 0.04152
0.00857 0.01392
0.00617 0.00751
0.00334 0.00434
0.00795 0.01083
0.00754 0.00833
0.03130 0.04211
0.01768 0.03983
0.02036 0.03992
0.01571 0.04293
0.00696 0.00916
0.01449 0.04118
0.01876 0.04522
0.01490 0.03898
0.02242 0.04154
0.01420 0.02632
0.02010 0.04216
0.01924 0.04020
0.01764 0.03990
0.01800 0.05985
0.00278 0.00299
0.01683 0.04328
0.00574 0.01134
0.01695 0.03524
0.00209 0.00240
0.02048 0.04537
0.01785 0.04853
0.01181 0.01476
0.01169 0.01799
0.02145 0.04073
0.01645 0.04523
0.01400 0.02777
0.01788 0.03974
0.01567 0.04343
0.02261 0.04788
0.01850 0.03807
0.00869 0.01465
0.02291 0.04141
0.00462 0.00499
0.00312 0.00409
0.01824 0.04022
0.00245 0.00268
0.01786 0.03969
0.00568 0.00956
0.01755 0.04081
0.02419 0.03635
0.00338 0.00460
0.00332 0.00409
0.02330 0.04007
0.01822 0.04035
0.00822 0.02332
0.01970 0.03951
0.02214 0.04507
0.02025 0.04314
0.01763 0.04422
0.01985 0.04598
0.02013 0.04691
0.00361 0.00477
0.02025 0.04342
0.00590 0.00778
0.01714 0.03987
0.01783 0.03560
0.02018 0.03924
0.02112 0.03935
0.01808 0.05910
0.00794 0.00985
0.01609 0.03991
0.01912 0.05143
0.00651 0.00796
0.01937 0.07338
0.01752 0.04245
0.00607 0.00875
0.01721 0.05232
0.01602 0.04330
0.01959 0.05466
0.01914 0.04057
0.00727 0.00953
0.01794 0.04949
0.01069 0.02273
0.01888 0.04035
0.01885 0.03926
0.00775 0.00942
0.01876 0.04769
0.01856 0.05379
0.02608 0.03693
0.00505 0.00591
0.01772 0.04534
0.02455 0.03921
0.02507 0.04157
0.02679 0.03597
0.01565 0.04258
0.00880 0.01016
0.02460 0.04822
0.00250 0.00321
0.01664 0.03906
0.00732 0.00977
0.01664 0.04703
0.00517 0.00663
0.01349 0.03920
0.00740 0.00893
0.01433 0.02796
0.02313 0.05060
0.01741 0.04566
0.01601 0.04612
0.02689 0.06003
0.02073 0.04853
0.01801 0.03951
0.02307 0.04898
0.01587 0.04234
0.00252 0.00296
0.01370 0.02055
0.02219 0.06999
0.01479 0.04440
0.02580 0.04551
0.01576 0.03786
0.01684 0.03987
0.01743 0.03770
0.01997 0.05744
0.00543 0.00691
0.01594 0.03879
0.01746 0.04638
0.00877 0.01078
0.01879 0.03694
0.01796 0.05674
0.01677 0.03727
0.01391 0.03922
0.01906 0.04914
0.01921 0.05824
0.01607 0.04202
0.02358 0.05234
0.01804 0.03923
0.00369 0.00467
0.01478 0.03849
0.00539 0.00626
0.02056 0.03792
0.01736 0.03859
0.01890 0.07321
0.00520 0.00965
0.01887 0.04096
0.02579 0.04159
0.00733 0.00780
0.01565 0.05786
0.02665 0.04130
0.00641 0.00874
0.02026 0.03920
0.01353 0.03879
0.01981 0.04049
0.00513 0.00806
0.02276 0.04052
0.01831 0.04478
0.01809 0.04393
0.00723 0.01261
0.02266 0.03702
0.00233 0.00290
0.01365 0.04051
0.01989 0.04639
0.01661 0.03755
0.01861 0.03974
0.02090 0.05422
0.01723 0.04576
0.01638 0.04498
0.01677 0.05068
0.01413 0.03426
0.01298 0.02927
0.01905 0.04019
0.01841 0.05725
0.01453 0.03912
0.00276 0.00273
0.01122 0.03203
0.01379 0.02669
0.00555 0.00716
0.00793 0.01397
0.00596 0.01095
0.01831 0.03516
0.01829 0.05705
0.00303 0.00359
0.00240 0.00308
0.00832 0.01612
0.00268 0.00337
0.01663 0.04295
0.01652 0.04658
0.00270 0.00280
0.00551 0.00663
0.01983 0.04904
0.01696 0.03552
0.01453 0.03845
0.03097 0.04266
0.00262 0.00275
0.01983 0.04940
0.00673 0.00906
0.01925 0.04927
0.00289 0.00365
0.02071 0.04266
0.02334 0.04700
0.00320 0.00382
0.01962 0.04334
0.02013 0.04127
0.02246 0.04232
0.01698 0.05289
0.01957 0.05235
0.00583 0.00844
0.00633 0.00798
0.01735 0.03945
0.00723 0.00942
0.01987 0.03934
0.00279 0.00365
0.01531 0.02792
0.00407 0.00587
0.01802 0.06404
0.01642 0.03351
0.00262 0.00316
0.01437 0.02683
0.01412 0.02190
0.00306 0.00417
0.02578 0.05427
0.00265 0.00384
0.00248 0.00337
0.02019 0.04028
0.00715 0.01172
0.01277 0.02644
0.01997 0.04277
0.01047 0.01014
0.02000 0.03590
0.02710 0.04757
0.01119 0.01207
0.01675 0.04208
0.02630 0.04825
0.00222 0.00334
0.01764 0.04865
0.02045 0.03789
0.01155 0.02721
0.00489 0.00559
0.01793 0.03486
0.01756 0.04786
0.01865 0.05222
0.01664 0.04550
0.01753 0.04808
0.00819 0.01206
0.01972 0.04987
0.01900 0.04823
0.00844 0.01064
0.02094 0.03589
0.00293 0.00403
0.02183 0.05837
0.01283 0.02029
0.01914 0.04581
0.00306 0.00330
0.01450 0.02785
0.01642 0.04448
0.00539 0.00712
0.00542 0.00731
0.01567 0.02712
0.01397 0.03937
0.01570 0.03346
0.01718 0.04014
0.00255 0.00322
0.02128 0.04669
0.01855 0.04548
0.02041 0.04172
0.00261 0.00259
0.00266 0.00296
0.01886 0.04094
0.00202 0.00230
0.00508 0.00988
0.00735 0.01002
0.01631 0.04794
0.01020 0.01155
0.00764 0.00785
0.01412 0.02834
0.02153 0.04876
0.01840 0.03830
0.02049 0.04471
0.00228 0.00265
