46 2458 10.93899 0.00085 0.20776 0.05595 51 45 6 47 21 183 100.00000 0
595 1365 11.63918 0.00886 0.21814 0.14265 59 54 4 52 32 149 100.00000 0
2 2410 10.83188 1.08332 0.26777 1.51207 86 79 7 84 53 227 100.00000 0
4 2341 10.62587 1.34239 0.11544 1.61447 70 58 12 70 28 228 100.00000 0
2375 2429 11.63953 1.09843 0.49998 1.85414 34 33 0 31 19 133 100.00000 0
2293 2351 11.73693 0.14199 0.31619 1.03628 51 49 2 47 24 211 100.00000 0
583 1353 11.11828 0.00704 0.49950 2.24001 25 11 2 9 8 94 100.00000 0
830 2600 11.72119 0.03361 0.34252 0.98437 67 59 6 53 28 192 100.00000 0
26 2320 11.85411 1.40166 0.12557 2.13111 26 24 2 21 14 102 100.00000 0
740 1474 11.04118 0.01730 0.22018 0.97076 81 77 4 75 45 224 100.00000 0
768 1540 11.46680 0.04711 0.27719 2.42334 45 43 1 40 20 115 100.00000 0
151 2525 10.88839 1.50885 0.15541 0.88779 54 51 2 50 35 148 100.00000 0
567 1306 11.93804 0.21390 0.05225 0.35277 25 22 3 22 12 103 100.00000 0
25 2341 10.58463 1.36991 0.50050 2.33314 28 18 6 22 8 129 100.00000 0
28 2409 10.76865 1.14760 0.14513 1.62293 33 26 7 31 13 108 100.00000 0
27 2409 10.05551 1.15001 0.35630 1.90578 26 21 5 26 12 105 100.00000 0
1 2373 11.80218 1.33674 0.12795 1.74540 59 46 13 59 24 170 100.00000 0
5 2398 10.22260 1.33467 0.07777 1.82242 49 42 7 47 23 175 100.00000 0
596 1342 10.87567 0.00974 0.28548 0.53155 23 21 2 20 15 98 100.00000 0
797 1571 10.72722 0.45146 0.14432 1.08173 32 26 1 26 18 157 100.00000 0
32 2416 11.69083 0.84080 0.16700 1.03514 86 76 10 82 46 202 100.00000 0
0 2404 11.97429 1.26074 0.27155 2.03259 90 82 8 81 41 208 100.00000 0
584 1329 11.44588 0.01643 0.56840 0.73489 35 26 6 24 10 117 100.00000 0
740 1496 10.92571 0.01624 0.17023 0.67144 63 59 4 61 44 193 100.00000 0
4 2383 10.65034 1.34265 0.38825 1.60010 63 54 9 61 31 195 100.00000 0
24 2361 10.04750 1.36643 0.44146 2.51435 35 32 2 29 12 118 100.00000 0
726 1481 10.03635 0.02048 0.06574 0.69661 108 103 5 108 71 271 100.00000 0
1564 2566 10.70175 1.50673 0.63529 2.32355 62 59 3 60 31 179 100.00000 0
1 2375 11.79752 1.33567 0.50444 1.75122 56 47 9 56 27 180 100.00000 0
2360 2428 10.98106 1.06656 0.54788 1.53646 36 28 8 34 14 142 100.00000 0
712 1470 11.73819 0.02236 0.15755 0.58950 92 90 2 83 56 255 100.00000 0
681 1423 10.40942 0.01884 0.19168 0.35054 82 74 6 74 45 205 100.00000 0
583 1329 10.58680 0.01714 0.11137 0.49889 38 31 7 26 17 114 100.00000 0
919 2637 11.19761 1.57544 0.50504 1.19845 28 26 2 21 12 95 100.00000 0
1535 2585 11.70529 1.43565 0.26795 1.91275 41 38 3 41 18 119 100.00000 0
817 1528 10.77377 1.18721 0.12613 1.40277 52 47 3 52 31 155 100.00000 0
825 1568 11.70404 1.50176 0.29081 1.33002 53 47 5 44 33 206 100.00000 0
139 2526 10.04170 0.99317 0.19185 1.14055 51 45 6 46 26 154 100.00000 0
824 1549 11.47331 1.45764 0.27942 0.90525 41 39 1 32 21 147 100.00000 0
2300 2416 11.82551 0.67374 0.37131 2.16247 105 94 10 102 41 282 100.00000 0
24 2358 10.03758 1.36668 0.19914 2.47828 27 25 2 27 12 107 100.00000 0
515 1293 11.25712 2.67819 0.52583 2.62793 39 26 13 39 11 122 100.00000 0
708 1466 11.15262 0.02371 0.15720 0.25023 82 78 3 69 40 269 100.00000 0
745 1503 11.94916 0.06552 0.28804 0.49416 33 25 8 29 18 123 100.00000 0
866 2628 10.76031 0.04720 0.54957 1.46152 16 13 2 10 6 72 100.00000 0
2 2341 11.38150 1.33852 0.36559 1.69027 79 69 10 75 33 249 100.00000 0
2 2387 11.40851 1.33970 0.09826 1.68284 60 51 9 58 25 192 100.00000 0
884 2637 10.26543 0.12983 0.44300 1.23606 18 16 1 16 11 60 100.00000 0
543 1280 11.67295 1.66358 0.33428 2.02062 21 16 2 11 6 69 100.00000 0
643 1388 10.37749 0.02097 0.31225 0.35827 49 40 7 39 26 181 100.00000 0
824 1552 11.17464 1.47307 0.09928 0.54751 71 67 4 66 47 199 100.00000 0
773 1549 10.26261 0.04022 0.31697 2.05367 60 55 5 58 26 155 100.00000 0
841 2587 11.54700 0.01892 0.14551 0.50590 62 58 4 60 41 202 100.00000 0
26 2339 11.16932 1.36647 0.79211 2.03221 24 17 7 21 13 99 100.00000 0
25 2382 10.59903 1.36948 0.17669 2.21329 28 23 4 25 9 146 100.00000 0
1521 2575 10.17923 1.40703 0.37105 2.38245 50 49 1 46 26 117 100.00000 0
775 1557 11.67465 0.07071 0.34227 2.39539 30 27 3 22 13 88 100.00000 0
0 2406 11.87292 1.21274 0.32236 2.02719 62 56 6 62 35 182 100.00000 0
822 1540 11.25692 1.38793 0.09572 1.10818 68 59 5 65 36 191 100.00000 0
1576 2577 10.81003 1.51538 0.11793 0.60458 73 65 8 71 42 234 100.00000 0
2362 2427 10.32198 1.02867 0.19000 1.40611 36 28 6 28 15 136 100.00000 0
104 2514 10.79346 0.06914 1.36451 1.81273 43 41 2 43 18 124 100.00000 0
565 1303 11.90033 0.35548 0.20219 0.80939 23 21 2 21 11 76 100.00000 0
573 1317 10.50901 0.02034 0.35092 1.85414 33 20 3 20 11 136 100.00000 0
546 1326 11.65109 0.17241 0.57586 1.66953 29 22 4 16 12 80 100.00000 0
737 1493 11.13119 0.02668 0.23133 0.44587 35 28 7 33 12 119 100.00000 0
563 1336 11.37131 0.13468 0.25037 2.25533 29 25 2 25 14 96 100.00000 0
24 2336 10.03906 1.36620 0.28533 2.50796 34 29 5 32 14 113 100.00000 0
23 2315 11.47313 1.48938 0.18780 3.11206 24 18 5 17 13 108 100.00000 0
25 2365 10.58384 1.36866 1.12659 2.22176 36 28 8 30 13 151 100.00000 0
529 1282 11.26956 2.44269 0.47768 2.94809 31 31 0 29 14 72 100.00000 0
737 1471 11.66466 0.01107 0.12236 0.61612 64 61 3 62 42 190 100.00000 0
865 2604 11.63693 0.01499 0.06793 0.08847 69 62 7 65 42 189 100.00000 0
2293 2376 11.71953 0.14188 0.25206 0.98992 55 48 6 52 25 194 100.00000 0
17 2309 11.65034 1.51767 0.32507 2.51575 71 65 6 67 35 235 100.00000 0
752 1510 11.02960 0.13390 0.25274 1.45750 37 34 1 37 15 138 100.00000 0
27 2389 11.81937 1.36719 0.50499 2.01965 25 20 5 19 8 93 100.00000 0
586 1331 11.58355 0.01549 0.42944 0.70276 40 34 4 35 31 108 100.00000 0
789 1566 10.03461 0.22545 0.12563 0.97116 28 28 0 28 17 117 100.00000 0
769 1543 11.40710 0.04528 0.18853 2.52987 63 57 5 61 32 147 100.00000 0
27 2375 11.80736 1.36562 0.07124 1.83376 15 12 3 15 7 81 100.00000 0
799 1513 11.78918 0.37536 0.27415 0.92366 53 51 2 48 40 172 100.00000 0
27 2331 11.81117 1.36477 0.19872 1.95284 26 25 1 26 11 97 100.00000 0
2341 2429 11.63297 1.10052 0.61637 1.91090 37 34 3 29 13 134 100.00000 0
1532 2584 11.23132 1.43172 0.83012 2.35002 49 47 2 47 20 120 100.00000 0
792 2565 11.47370 1.20942 0.45397 1.73754 38 36 1 30 17 110 100.00000 0
5 2387 10.29263 1.34510 0.11176 1.59004 77 62 15 74 37 222 100.00000 0
624 1368 11.41175 0.01324 0.16064 0.29608 41 38 2 34 29 155 100.00000 0
793 2566 10.57228 1.18263 0.42155 2.01246 39 32 5 31 16 117 100.00000 0
916 2627 11.62152 1.45207 0.03885 1.93836 30 25 5 27 17 65 100.00000 0
542 1323 10.85830 0.35420 0.23698 2.40469 22 20 2 16 11 79 100.00000 0
4 2393 10.63482 1.34212 0.11954 1.68563 67 61 6 65 21 211 100.00000 0
520 1313 10.65331 1.63807 0.22958 3.55941 25 24 1 14 12 60 100.00000 0
856 2620 10.82168 0.01847 0.04530 0.45628 37 35 0 29 19 129 100.00000 0
2293 2375 11.71962 0.14290 0.10481 0.99544 54 46 7 49 25 214 100.00000 0
849 2614 10.90120 0.00592 0.25286 0.28255 57 51 6 57 32 186 100.00000 0
27 2343 11.79208 1.36450 0.12835 1.85857 30 27 3 26 8 96 100.00000 0
3 2354 11.00165 1.34195 0.10003 1.64259 63 56 7 59 33 183 100.00000 0
28 2442 10.81052 0.02036 0.38038 0.89831 51 44 6 51 17 163 100.00000 0
1519 2578 11.66793 1.39084 0.92864 2.73108 20 17 3 15 8 83 100.00000 0
774 1500 11.20667 0.02587 0.07001 1.06496 30 28 2 24 15 125 100.00000 0
0 2405 11.92305 1.23969 0.72495 2.05519 68 61 7 68 31 193 100.00000 0
2 2347 11.37986 1.33622 0.37958 1.70731 65 58 6 61 28 200 100.00000 0
1 2372 11.80754 1.34093 0.14167 1.75947 58 46 12 54 27 179 100.00000 0
1523 2579 10.16952 1.40160 0.27473 2.80854 38 37 1 31 10 124 100.00000 0
55 2466 10.34770 0.01323 0.10052 0.79475 52 49 3 44 33 162 100.00000 0
822 2574 11.39987 0.06396 0.31355 0.43251 64 60 3 62 37 175 100.00000 0
854 2597 11.06671 0.01489 0.27044 0.75329 46 38 8 44 24 161 100.00000 0
1518 2576 11.77089 1.39266 0.26092 2.47876 29 27 2 29 9 103 100.00000 0
31 2415 11.20437 0.88999 0.32111 1.06899 53 48 5 48 23 181 100.00000 0
509 1304 11.72909 2.16563 0.20933 2.89773 40 39 1 40 25 112 100.00000 0
618 1386 11.13316 0.00832 0.27587 0.43341 48 45 2 42 25 156 100.00000 0
763 1491 11.86349 0.03237 0.21334 0.51358 61 52 7 55 32 163 100.00000 0
2359 2427 10.31873 1.02897 0.20427 1.41748 39 34 5 36 14 148 100.00000 0
747 1479 11.67712 0.01548 0.31135 0.85042 54 35 17 50 21 185 100.00000 0
513 1306 10.36536 2.04343 0.35164 3.11282 23 23 0 18 8 68 100.00000 0
787 2566 10.96029 1.32212 0.61475 2.57253 30 25 5 30 9 85 100.00000 0
802 2567 10.37612 0.88837 0.14408 1.61568 40 39 0 35 29 153 100.00000 0
2365 2427 10.31003 1.02748 0.33591 1.46927 36 30 5 31 12 125 100.00000 0
751 1483 10.77079 0.01507 0.17307 0.70109 72 67 5 68 36 173 100.00000 0
4 2417 10.55067 0.76945 0.25859 1.11698 77 73 4 77 52 238 100.00000 0
4 2403 10.36711 1.28480 0.20926 2.04277 81 76 5 79 57 182 100.00000 0
2295 2384 10.42894 0.14259 0.11564 0.78932 112 110 2 108 61 284 100.00000 0
12 2311 11.15060 1.50528 0.41308 1.75970 65 59 6 65 27 244 100.00000 0
66 2458 10.53798 0.00285 0.18607 0.14804 77 72 5 75 49 210 100.00000 0
2342 2427 10.31183 1.02909 0.07275 1.42546 34 28 5 26 6 146 100.00000 0
766 1536 11.96242 0.05261 0.50431 2.43188 40 36 1 37 19 144 100.00000 0
612 1357 10.91410 0.00355 0.18779 0.38563 41 31 9 34 15 163 100.00000 0
581 1351 11.02611 0.01117 0.14337 0.43701 33 30 2 31 16 126 100.00000 0
607 1353 10.27421 0.00539 0.04643 0.20936 100 93 7 92 56 236 100.00000 0
823 1539 11.92658 1.41236 0.24026 1.02870 70 63 3 65 36 190 100.00000 0
612 1381 11.54455 0.01643 0.16984 0.54894 39 36 3 37 23 135 100.00000 0
825 1551 11.87165 1.48175 0.27419 0.76156 42 40 2 40 23 155 100.00000 0
766 1532 11.10990 0.05289 0.29422 2.32473 33 32 1 31 22 109 100.00000 0
2349 2429 11.62844 1.10009 0.67004 1.91275 32 25 4 27 12 131 100.00000 0
640 1384 11.35806 0.03641 0.06799 0.48939 44 40 3 42 25 118 100.00000 0
786 1566 11.14171 0.17185 0.20179 1.41886 33 29 2 29 20 116 100.00000 0
909 2625 10.08337 1.20961 0.47006 1.75212 32 29 3 30 16 114 100.00000 0
2351 2429 11.62733 1.09946 0.39347 1.95405 34 27 5 31 16 132 100.00000 0
5 2388 10.28821 1.34143 0.13436 1.58264 72 63 9 67 36 207 100.00000 0
570 1311 11.60665 0.06447 0.15070 0.78684 30 18 5 14 9 86 100.00000 0
599 1344 11.70250 0.01072 0.08952 0.53449 29 26 2 29 14 92 100.00000 0
806 1573 10.08900 0.80071 0.26877 1.08751 63 59 4 53 35 219 100.00000 0
561 1300 10.59863 0.52653 0.18899 0.74019 32 28 3 23 19 108 100.00000 0
2 2396 11.37464 1.33109 0.21829 1.74652 49 37 10 49 20 188 100.00000 0
2 2327 11.37770 1.33784 0.74115 1.32293 72 65 6 67 26 204 100.00000 0
513 1303 10.13627 2.19268 0.76748 3.21418 13 12 0 13 3 45 100.00000 0
814 2571 10.15425 0.38129 0.14403 0.66086 39 35 2 32 22 157 100.00000 0
121 2500 11.93792 0.15387 0.26649 1.23162 53 53 0 51 34 154 100.00000 0
26 2373 11.16690 1.36603 0.32715 2.02681 26 22 4 22 11 124 100.00000 0
3 2402 10.81171 1.29859 0.14584 2.07490 45 36 9 43 26 139 100.00000 0
545 1284 10.09625 1.52196 0.22007 1.44510 15 13 1 9 7 62 100.00000 0
581 1326 11.13531 0.01596 0.34111 1.32412 22 11 1 13 6 84 100.00000 0
1554 2565 11.13388 1.49976 0.06636 0.92154 54 49 3 48 33 173 100.00000 0
528 1283 10.98001 2.48471 0.68615 2.91430 19 17 2 17 3 74 100.00000 0
2 2353 11.39246 1.33481 0.14074 1.72918 60 57 3 60 27 207 100.00000 0
600 1346 10.68940 0.00999 0.38544 1.36716 23 16 0 13 12 89 100.00000 0
7 2312 11.79154 1.49298 0.38815 2.37932 51 50 1 51 25 161 100.00000 0
2294 2391 11.04337 0.13987 0.18117 1.00366 77 72 5 75 39 265 100.00000 0
1523 2580 10.64905 1.40371 0.45256 2.98518 32 29 2 27 13 108 100.00000 0
27 2324 11.90775 1.37116 0.14052 1.48990 19 15 4 19 10 93 100.00000 0
2299 2409 10.01077 0.36506 0.36994 1.06017 96 88 8 94 49 302 100.00000 0
588 1333 11.71107 0.01540 0.33843 0.52934 29 22 4 23 14 96 100.00000 0
616 1385 11.89989 0.00704 0.13850 0.33338 54 54 0 48 27 112 100.00000 0
577 1320 11.93913 0.01633 0.27340 0.96955 19 17 2 16 10 78 100.00000 0
527 1317 11.20113 1.25423 0.31876 3.42028 21 16 1 7 7 96 100.00000 0
746 1503 11.07246 0.06654 0.15066 0.40445 41 35 6 39 21 133 100.00000 0
563 1301 11.42933 0.46310 0.15453 1.07920 13 11 1 13 7 45 100.00000 0
610 1378 10.44543 0.01670 0.06375 0.31898 52 45 7 48 28 168 100.00000 0
2373 2427 10.31331 1.02771 0.22383 1.43804 41 34 7 31 21 149 100.00000 0
24 2392 10.04264 1.36657 0.27846 2.54006 31 28 2 31 13 104 100.00000 0
569 1340 10.72652 0.12411 0.63207 0.79179 14 11 2 9 6 81 100.00000 0
558 1333 11.84365 0.09345 0.29627 2.78727 23 21 0 19 14 65 100.00000 0
25 2381 10.59779 1.37083 0.60108 2.22105 33 25 7 27 11 114 100.00000 0
820 1575 11.90368 1.39391 0.43204 1.00093 31 26 3 19 11 147 100.00000 0
2 2401 11.26625 1.30930 0.11265 2.13680 46 35 11 46 18 158 100.00000 0
24 2345 10.04960 1.36710 0.37956 2.46720 38 36 2 34 14 107 100.00000 0
1 2388 11.81227 1.33527 0.14202 1.73257 81 68 13 81 31 213 100.00000 0
27 2381 11.81097 1.36864 0.34853 1.88844 23 17 6 23 8 97 100.00000 0
769 1542 11.20931 0.04515 0.17607 2.54453 50 41 6 40 28 129 100.00000 0
2293 2379 11.72207 0.14122 0.16650 1.04268 51 42 6 45 23 206 100.00000 0
695 1435 11.15665 0.01586 0.11468 0.32021 76 61 15 74 38 219 100.00000 0
59 2451 11.02260 0.01357 0.37112 0.63674 52 43 9 52 25 161 100.00000 0
2297 2407 10.64833 0.29433 0.25194 1.22589 95 89 6 91 36 281 100.00000 0
81 2472 11.09812 0.01802 0.33812 0.86592 25 24 1 23 16 103 100.00000 0
518 1289 11.62870 2.77427 0.49516 2.85225 52 49 2 44 27 117 100.00000 0
2322 2426 10.00644 1.01176 0.51768 1.25928 46 41 5 46 27 144 100.00000 0
597 1343 10.85277 0.01101 0.30875 0.67377 35 33 1 29 25 122 100.00000 0
27 2369 11.80023 1.36692 0.53019 1.90413 17 12 5 15 5 88 100.00000 0
26 2403 10.62914 1.30953 1.02219 2.48947 34 23 10 32 13 128 100.00000 0
551 1287 10.59431 1.27589 0.36469 1.63087 19 15 3 13 9 54 100.00000 0
2294 2347 11.07012 0.14239 0.20782 0.93503 64 57 5 60 27 251 100.00000 0
7 2313 11.54238 1.48556 0.05712 2.24960 58 50 8 56 26 153 100.00000 0
119 2500 11.18993 0.09686 0.37040 1.42327 49 38 7 45 25 164 100.00000 0
30 2443 10.03865 0.02430 0.05670 0.89263 58 51 5 52 28 169 100.00000 0
883 2614 10.87805 0.06420 0.22030 0.20174 48 46 1 46 22 148 100.00000 0
2 2342 11.38481 1.33888 0.29820 1.69720 63 49 14 61 20 196 100.00000 0
