4788 7095 10.81350 3.14082 2.19319 0.94170 136 0 0 134 76 1158 100.00000 0
38 3387 11.50802 0.00420 2.39905 0.96388 117 0 0 117 93 389 100.00000 0
39 8586 11.48626 0.03120 12.12852 1.78619 13 0 1 2 5 202 100.00000 0
17 3387 11.50802 0.00420 2.42650 0.75847 112 0 0 108 94 387 100.00000 0
1326 7027 10.51857 2.99876 2.04006 2.21275 124 0 0 110 48 1512 100.00000 0
4796 7122 11.95018 3.03352 2.05273 1.67234 33 0 0 33 23 479 100.00000 0
2698 5646 11.29122 0.15585 11.29378 14.31120 63 0 0 60 44 621 100.00000 0
45 100 11.49053 0.02079 14.59689 1.19223 18 0 0 6 6 249 100.00000 0
5217 6790 11.76252 3.13150 11.42906 179.42054 8 0 0 0 1 176 100.00000 0
5301 6767 11.10638 3.12139 7.16435 2.88066 7 0 0 0 1 183 100.00000 0
1250 7185 11.46706 2.97565 2.22741 1.47193 20 0 1 14 8 366 100.00000 0
4968 6996 11.42188 3.09670 11.02883 177.42960 37 0 0 15 10 736 100.00000 0
1366 6980 11.22658 3.09564 13.88413 177.36745 162 0 0 160 76 1486 100.00000 0
1541 6820 11.95588 3.13107 20.52367 179.40686 10 0 0 6 5 251 100.00000 0
4859 7081 11.68554 3.11619 2.15828 0.67202 18 0 0 12 7 636 100.00000 0
56 8547 11.75274 0.00574 2.15002 0.72524 69 0 0 59 56 349 100.00000 0
