3406 5838 10.95734 3.13293 7.59104 1.87868 27 0 0 25 16 202 100.00000 0
2169 7153 11.68474 3.04841 13.19509 174.66076 5 1 0 1 1 38 100.00000 0
2983 6354 10.04617 3.12760 15.39086 63.55017 5 2 0 0 1 53 100.00000 0
2390 6944 11.93398 3.11034 2.18525 2.14028 5 0 0 1 0 50 100.00000 0
871 6812 10.75492 nan 8.63514 179.97202 16 4 1 3 9 135 100.00000 0
3116 6165 10.79080 3.13014 2.42658 2.11285 78 23 27 67 27 423 100.00000 0
277 7338 10.24224 2.97523 2.00828 1.44969 19 0 1 14 5 99 100.00000 0
3459 5813 11.88302 3.13669 2.41936 2.04277 9 2 0 4 2 57 100.00000 0
1417 3770 11.81272 3.11757 2.18331 1.29604 33 2 10 31 8 322 100.00000 0
1428 3761 11.80295 3.09333 2.28595 1.86593 38 1 5 28 13 228 100.00000 0
2834 6487 10.21468 3.07224 2.12115 6.86953 9 0 1 5 4 85 100.00000 0
1145 4091 10.21901 3.07100 2.07055 2.45256 8 1 3 0 2 127 100.00000 0
3468 5781 11.25450 3.13455 2.38070 1.58016 33 0 0 19 10 249 100.00000 0
3466 5784 10.10749 3.13092 2.44229 1.72510 42 1 0 40 18 264 100.00000 0
2046 7270 10.14328 3.05404 2.15963 0.97599 19 2 1 7 5 163 100.00000 0
2335 4557 11.20360 3.10965 2.66000 2.84427 6 0 0 1 3 53 100.00000 0
