578 5020 11.43621 3.12303 1.92183 3.38911 14 0 0 12 10
136 5376 11.92129 3.12279 0.82952 3.33777 14 5 0 10 6
92 159 10.90026 0.22630 5.43725 6.41503 35 0 0 35 19
788 3842 10.74027 3.10179 0.83922 2.95446 26 1 1 24 12
3639 4606 10.30963 0.03521 0.30254 1.09789 84 38 17 80 44
644 4962 10.71149 3.05329 1.12525 1.92010 23 1 0 16 8
243 1953 11.63800 0.24712 0.54114 0.62432 72 29 19 61 54
3712 4655 11.93130 0.31879 0.38143 0.96429 19 9 5 14 10
2004 5259 11.67707 2.98746 1.95373 3.12199 20 2 1 20 12
2145 5124 10.08740 2.92687 1.14695 1.06680 36 0 0 31 15
1550 3198 11.41989 0.02848 0.74090 0.63489 58 17 13 54 38
2533 4712 11.80353 3.12994 1.87617 2.17187 35 0 0 29 11
833 2494 10.30965 0.05381 0.32016 0.52190 68 51 6 62 53
1007 2700 10.46347 0.00817 0.53049 0.54536 73 22 12 71 38
615 4004 10.56244 3.14075 1.74809 1.35797 35 0 0 33 20
1661 3312 11.31256 0.10250 12.72348 5.87310 42 2 1 38 25
403 2100 11.47804 0.09983 0.48373 0.78034 33 18 8 23 18
1534 3208 11.67620 0.03358 0.18498 0.34492 59 36 15 57 32
589 2288 10.95919 0.02587 0.17891 0.72578 81 48 16 75 54
550 5029 10.41016 3.09732 1.29880 2.18427 16 0 0 9 4
842 3783 11.93545 3.09398 1.42622 1.33354 24 0 0 24 13
2390 4890 11.60265 3.13811 0.26295 2.65314 6 0 0 4 2
743 4861 10.88555 3.13681 1.08948 2.00311 25 5 3 17 2
2261 4049 11.76058 3.13964 1.52976 0.75744 30 0 0 19 13
3813 4777 10.23002 0.03804 0.50776 0.16786 36 14 3 36 26
654 4922 10.28362 2.40536 2.04631 2.27021 96 0 0 94 34
582 2262 11.35520 0.02476 0.41476 0.69041 81 46 8 81 63
446 5121 10.31008 2.89163 1.04696 0.87804 33 0 0 31 19
2044 5244 10.66355 3.06308 0.70735 1.48701 38 0 6 36 10
1946 5329 11.74434 2.73203 1.02426 1.05795 45 0 1 40 32
976 2666 10.07307 0.03653 0.36874 0.88337 36 22 4 32 20
2489 4763 11.74640 3.07237 1.59136 1.73844 22 0 0 22 5
2104 5181 10.10429 3.05098 0.90975 1.38931 18 3 1 18 6
895 3724 11.70746 3.12927 1.12130 2.98754 20 0 0 15 7
438 2153 11.04805 0.07786 0.55366 0.49258 51 25 6 47 35
1000 2693 10.87926 0.02734 0.58640 0.84441 34 8 3 30 22
2282 4025 11.86480 3.13588 1.93111 1.61786 46 0 0 44 19
560 2244 10.34940 0.03513 0.80562 0.81277 43 10 3 34 26
675 3936 10.04436 2.55379 0.85139 2.11489 17 1 1 17 9
709 2368 10.67656 0.21330 0.42215 0.80746 23 12 6 23 13
2515 4752 11.43473 3.11735 1.40084 3.07192 6 0 0 3 4
3708 4652 11.12419 0.34071 0.48220 1.76303 15 5 2 9 7
356 2078 11.90709 0.05991 0.62370 0.19383 39 6 9 36 17
569 5026 10.00868 3.08333 1.65834 1.60572 27 0 0 25 6
674 2373 11.86279 0.45703 0.52989 0.49968 21 13 2 17 17
678 3930 11.71887 2.60869 1.10362 1.40109 17 0 0 13 8
2382 3936 10.91116 3.11171 0.91451 2.04181 12 2 0 9 8
925 2581 11.68842 0.04156 0.44279 1.58041 20 7 1 18 13
2572 4686 10.71264 3.08337 0.78074 2.02062 8 2 0 6 4
97 5378 11.99398 3.12519 6.71818 7.07607 24 0 0 24 8
1947 5320 11.05873 2.74457 1.17906 1.75970 34 1 1 26 19
610 4970 11.35571 3.12428 1.81440 2.59405 38 0 0 34 17
2340 3950 11.63911 2.28591 0.70439 1.72578 66 3 5 64 22
4168 5099 11.64545 0.61028 0.32614 1.61301 30 6 6 26 15
4058 5007 10.84930 0.01445 0.25599 0.29342 65 48 3 55 45
2174 5107 10.02640 3.08997 0.84150 1.55444 35 4 8 26 17
544 4094 10.20710 3.12869 1.29728 3.63011 15 0 0 12 8
437 5144 11.77698 3.00304 0.91614 1.88097 18 5 0 16 10
2493 4778 11.12138 3.11368 1.25313 2.54991 29 1 0 21 13
2427 3891 11.61145 3.12966 0.71233 1.97675 64 14 8 62 34
2355 3931 11.53232 2.54781 1.29534 1.13021 31 0 0 27 16
650 3998 11.78803 2.91330 0.76442 2.97164 12 0 0 6 3
1680 3388 11.48121 0.97328 0.70661 1.81100 107 35 1 105 63
841 3785 11.07551 3.09259 1.07461 1.31284 24 0 0 20 8
2172 5113 11.52031 3.11062 0.92271 0.70276 36 2 1 34 16
2250 4062 11.78848 3.13045 1.30968 2.07603 9 1 1 2 4
2526 3783 10.31615 3.13565 0.51990 2.88907 19 8 0 14 12
778 2458 10.79463 0.02716 0.44011 0.15826 40 21 8 40 23
3596 4535 10.11508 0.09803 0.28793 1.23575 53 38 5 51 31
429 5150 10.65522 3.00195 0.81768 1.13125 34 4 2 29 17
2182 5092 11.76291 3.12019 1.56961 2.20069 20 0 1 20 4
2076 5190 11.97962 3.03250 10.28955 173.74919 11 0 0 8 4
4171 5108 11.75264 0.77976 0.54838 1.62124 43 9 0 43 25
2416 3900 10.24818 3.13990 0.97233 2.04603 25 0 2 21 11
3596 4561 10.82686 0.02832 0.71160 1.61034 62 24 6 60 25
663 4948 11.21786 2.65241 0.35745 3.18235 18 3 3 15 9
196 5351 11.16528 3.07223 0.80322 1.42656 52 8 3 48 14
1638 3280 11.84708 0.02932 0.55281 0.19584 74 31 9 74 38
2234 4100 10.59321 3.11914 1.57242 3.71225 11 0 0 5 2
3714 4658 11.05753 0.25151 0.24112 0.66969 29 22 2 29 22
1453 3101 10.51488 0.01896 0.28052 0.44850 21 9 4 17 9
613 4006 10.80174 3.13620 1.21259 1.57818 38 0 0 36 17
459 2172 10.93767 0.20373 0.64081 0.84765 46 18 3 43 29
674 3972 10.94729 2.84530 1.16533 2.38852 15 3 0 11 11
587 2287 11.72779 0.02617 0.62614 0.41590 54 8 13 54 43
206 1926 11.39087 0.56721 0.81620 1.04305 110 32 21 107 63
3876 4847 11.90419 0.00792 0.69528 0.57335 96 21 21 94 58
940 4629 11.60252 2.19801 0.65230 1.33060 111 48 22 108 49
531 2236 10.44393 0.01136 0.31957 0.46646 18 10 4 13 11
2332 4928 10.44883 2.51728 1.07211 2.40973 89 9 2 77 25
617 2316 10.64289 0.00780 0.86531 0.69661 47 9 10 43 29
4128 5070 11.75155 0.05453 0.64479 2.63686 12 7 3 5 7
4115 5059 11.25828 0.00781 0.46211 0.63304 22 11 4 19 10
2490 3826 10.80704 3.12297 0.61123 1.85941 28 10 1 24 15
687 2341 11.94929 0.71080 0.16045 1.41831 42 16 8 34 25
2070 5218 10.22833 3.08474 1.23378 1.35248 37 2 1 29 13
942 4632 11.85576 2.23617 0.50240 0.97478 38 16 9 34 21
461 4174 11.06802 2.00171 0.82023 1.61083 61 3 13 59 17
4071 5039 11.58759 0.05218 0.73251 1.91397 22 6 5 15 15
697 4909 11.46042 3.11627 0.45245 2.33833 10 4 0 10 7
592 4028 10.66870 3.12096 2.01456 2.17547 84 0 0 81 48
1553 3201 11.06317 0.02811 0.53611 0.55813 30 7 9 30 16
4153 5107 11.61201 0.35407 0.34087 0.84488 40 22 7 37 23
566 5013 10.95632 3.09711 1.42275 1.12813 28 0 0 28 12
677 2374 11.17772 0.39846 0.46652 0.61676 36 15 12 32 23
2430 4847 10.06805 3.12970 0.66495 1.71919 110 23 11 108 62
1021 2697 10.74601 0.00637 0.48653 0.67319 58 22 4 56 38
762 4843 10.68134 3.12868 0.58455 1.91887 102 27 10 100 41
697 3948 11.22365 3.10169 0.68613 1.39044 20 4 0 15 9
347 2069 10.25467 0.05346 0.52526 0.47478 59 23 9 57 37
639 2343 11.23128 0.59822 0.61576 1.41610 71 10 8 67 42
2577 3702 11.56777 2.89834 0.93405 1.90598 20 3 3 18 9
757 2420 10.30308 0.00808 0.44564 0.41307 94 51 21 86 52
761 4824 11.60918 3.12781 0.98753 2.88961 78 5 3 70 23
310 2037 11.00547 0.08125 0.30951 0.55532 39 20 10 39 19
1431 3074 11.13807 0.30732 0.24656 1.10323 25 17 4 19 12
905 4667 10.86729 3.05894 1.17021 2.72864 17 1 0 17 7
137 5378 11.90650 3.09767 0.91006 0.64407 14 0 0 12 8
4047 4996 11.62425 0.02259 0.42862 1.26362 62 48 5 62 43
2135 5132 10.26642 3.00705 1.24143 0.48537 53 0 0 43 23
2277 4031 11.83600 3.13328 1.73009 1.96961 50 0 0 45 22
468 4159 11.03084 2.53441 1.31549 1.14705 92 4 10 83 31
1480 3131 11.43637 0.03320 0.39108 0.33220 82 42 27 82 42
2214 4103 10.80985 3.08739 1.85623 3.67887 18 0 0 16 6
4160 5108 10.66491 0.48043 0.43359 0.65611 39 28 1 36 30
3718 4684 10.02011 0.03842 0.49302 0.86953 36 16 8 30 19
634 4945 11.14350 2.87061 1.21032 2.61419 28 0 1 28 10
788 4816 10.05842 3.11728 0.51494 2.57967 30 5 7 28 16
8 159 10.90026 0.22630 5.67542 6.83518 28 0 0 28 21
486 5098 10.34994 3.03570 0.66955 2.02333 29 6 1 27 8
2177 5097 11.62230 3.06622 1.44727 2.06564 53 1 1 51 29
494 4157 11.60848 2.97025 0.60691 1.66695 12 4 1 10 5
2357 4893 10.46996 2.60736 1.23365 0.73329 25 0 0 22 18
1613 3255 11.98887 0.02737 0.66740 0.75692 39 10 21 39 23
734 3888 11.81277 3.12974 1.25198 1.52161 44 0 1 39 16
257 5284 11.46593 2.95364 1.56840 1.25585 34 0 0 32 21
692 2349 10.51250 0.52118 0.46715 1.24647 29 10 9 27 16
2563 3720 11.41264 3.13139 1.13690 1.92498 28 0 0 28 9
824 3804 11.44454 3.07048 1.06491 2.28259 24 0 0 13 10
2182 4176 10.18623 2.29928 0.74818 2.12394 40 6 0 36 14
3705 4674 11.76040 0.23167 0.90243 1.03022 13 5 1 6 4
2195 4152 11.36919 3.03954 1.00718 1.66695 10 0 0 3 4
940 4638 10.44231 2.35295 0.53798 1.50870 65 27 12 63 29
634 3981 11.78940 2.81591 1.45668 2.63329 33 0 0 29 5
1 161 11.92404 0.22584 5.63212 6.68742 35 0 0 35 17
1457 3136 11.46753 0.06903 0.51415 0.86998 59 30 7 53 28
2541 3748 10.85111 3.07535 1.65755 1.10641 23 0 0 21 12
906 4666 10.64531 3.03913 0.94377 3.16533 23 0 0 17 10
1626 3269 10.47484 0.02782 0.56910 0.53887 72 24 20 66 43
2422 4856 10.96830 3.13239 0.67523 1.80450 45 1 11 43 21
153 5375 11.47355 2.95406 0.36871 0.88027 39 25 6 35 24
670 2369 11.19629 0.49906 0.29674 0.87043 35 17 14 31 25
3733 4679 10.39465 0.03934 0.33858 0.49575 43 28 7 41 31
1396 3081 11.00135 0.55455 0.77073 0.37846 70 20 19 61 38
3958 4939 10.66157 0.69696 0.49080 0.46814 77 23 29 75 41
2529 3762 10.92583 3.09764 1.26823 2.63032 48 0 0 46 33
796 4809 11.59035 3.10642 0.89428 2.05728 36 5 2 29 12
461 4184 11.81846 1.68117 0.71902 1.99802 54 5 14 52 25
541 2226 11.49723 0.02005 0.29256 0.40926 20 11 3 17 10
802 4802 10.86504 3.10626 0.43629 1.29362 33 6 7 27 13
700 3945 11.49248 3.11606 0.20601 2.23686 15 7 2 15 7
3652 4597 10.41791 0.03204 0.34507 1.69397 46 34 6 44 22
1295 2970 11.17072 0.01139 0.56252 0.45628 48 17 19 46 31
179 5351 10.79003 3.06699 0.83584 1.78553 28 4 1 22 6
1054 2731 11.99553 0.00913 0.39413 1.30746 51 21 10 48 26
3658 4603 10.67150 0.02717 0.35089 0.80211 67 48 7 67 45
400 2118 10.44191 0.16050 0.66408 0.54823 51 14 5 49 30
2347 4944 11.84810 2.67898 1.20904 2.40176 12 2 1 12 5
2308 4957 11.53459 3.08270 0.83522 2.16374 60 1 0 56 21
1053 2731 10.83645 0.01043 0.32645 0.63427 59 38 8 59 37
887 3752 10.21932 3.08382 0.87030 1.79951 28 9 2 28 10
1477 3128 11.03882 0.01932 0.60345 0.17017 79 21 9 77 52
313 5258 10.32121 3.10810 14.93062 20.92733 15 0 0 9 6
3677 4623 10.12217 0.15192 0.32895 0.88071 48 28 4 46 38
2572 4687 11.84642 3.08366 10.83766 176.67999 6 2 0 2 3
314 2018 10.77043 0.08374 0.08259 0.71052 53 33 1 45 30
817 4786 11.00763 3.09832 0.54524 1.71326 25 4 1 25 16
1949 5317 10.78087 2.75912 0.80597 1.98584 48 1 1 48 31
1389 3031 11.51288 0.55584 0.40624 0.91941 81 24 17 75 61
5426 5536 10.62562 0.00675 0.55212 0.39267 97 35 6 89 69
723 3920 11.65564 3.13268 0.75144 2.18050 28 1 2 21 7
1285 2934 11.92193 0.01450 0.56082 0.53449 114 45 12 110 75
600 2277 11.91047 0.01061 0.50409 1.13884 61 18 25 61 38
618 2292 11.68035 0.01462 0.54582 0.78034 31 12 3 28 17
224 1937 11.76984 0.37191 0.36562 0.17694 94 53 32 92 55
270 5294 10.66483 3.11474 0.89358 0.68242 44 6 1 33 18
944 3672 11.28042 2.26879 0.37833 1.29241 71 33 14 62 30
656 4955 11.70043 2.78651 0.68695 2.50390 11 3 0 9 6
667 4904 11.18733 2.38016 0.97405 1.45562 24 2 0 21 13
2438 3861 11.49946 3.13012 1.62106 2.79596 62 0 0 60 12
2043 5246 11.85717 3.05463 0.65949 1.37031 39 4 3 39 22
409 2105 11.49739 0.10281 0.46133 0.41307 19 9 7 19 12
684 2338 11.82251 0.76163 0.26377 0.85318 35 21 7 31 24
1993 5270 11.50930 2.92640 1.00095 2.00017 23 0 1 23 8
1439 3119 11.31318 0.05056 0.45872 0.44762 18 11 3 12 7
539 4100 11.09622 3.12502 2.60608 3.81752 9 0 0 7 4
2353 4932 10.61107 2.91770 0.79128 3.13875 19 1 0 14 11
677 3969 11.13485 2.89401 0.48052 2.68103 20 1 3 15 11
3651 4621 11.06482 0.03315 0.48199 1.84822 32 9 3 32 21
590 4992 10.14524 3.12284 1.16510 2.29217 77 3 0 70 42
