758 4172 10.03026 0.01108 0.57763 1.00561 17 1 2 8 8 177 100.00000 0
458 4171 10.79933 0.01107 1.01572 0.86230 13 0 0 7 3 138 100.00000 0
2472 2581 11.22698 0.77641 0.75755 2.75421 15 0 0 6 9 31 100.00000 0
392 974 10.01406 0.00381 0.41071 0.35166 12 0 3 12 8 180 100.00000 0
2268 2564 11.48797 0.58047 1.14226 4.81955 11 0 1 8 10 43 100.00000 0
2476 5321 10.45620 0.77092 0.33050 2.83642 10 0 0 10 5 23 100.00000 0
2411 5323 11.68318 0.82280 0.55191 3.33578 8 1 0 8 8 31 100.00000 0
2218 5305 10.48793 0.48154 0.19658 0.77329 12 3 1 12 10 43 100.00000 0
3231 6009 10.25562 0.04391 0.81705 0.52414 21 0 0 15 15 263 100.00000 0
2281 5312 11.91985 0.68669 0.32617 2.93665 9 0 0 9 7 25 100.00000 0
1490 4643 10.03190 0.00777 0.49646 1.24929 26 0 0 24 22 375 100.00000 0
1007 4188 10.27012 0.01706 0.47292 1.95164 14 1 1 11 7 76 100.00000 0
1759 4933 10.45872 0.70154 0.20692 0.77228 34 4 3 32 26 85 100.00000 0
791 979 11.51970 0.00400 0.62216 1.02182 12 0 0 9 8 154 100.00000 0
2228 2559 10.88836 0.49447 0.31082 0.56924 8 1 1 5 7 15 100.00000 0
2862 5582 11.64744 0.02020 0.62414 0.32865 12 0 0 10 6 212 100.00000 0
2622 5348 10.90531 0.02185 0.42811 1.86383 24 0 2 17 15 160 100.00000 0
2565 5331 10.40103 0.58587 0.40795 2.44232 9 1 1 6 4 46 100.00000 0
148 3816 10.81143 0.02904 0.43057 0.67493 18 0 0 3 6 342 100.00000 0
540 974 10.01791 0.00258 0.20452 0.06853 11 0 0 8 8 156 100.00000 0
3679 6849 10.26745 0.11951 0.87541 6.84791 9 0 0 3 5 73 100.00000 0
777 3985 10.24876 0.00981 0.24873 0.53082 20 1 2 20 10 222 100.00000 0
4116 4174 10.00670 0.00664 0.21303 0.56924 27 1 3 24 18 170 100.00000 0
2511 2583 11.93117 0.82358 0.27780 3.47209 15 0 0 15 10 54 100.00000 0
4011 4171 11.77155 0.00644 0.59107 1.11311 10 0 0 5 6 125 100.00000 0
2312 5320 11.43827 0.82385 0.63345 4.59465 9 0 1 9 6 21 100.00000 0
2176 2437 10.80393 0.29947 0.81710 2.51248 3 0 1 3 3 3 100.00000 0
368 967 10.00277 0.01055 0.68233 1.62124 19 0 0 17 13 219 100.00000 0
2335 2582 11.44621 0.80088 0.58865 3.39373 10 0 0 8 4 23 100.00000 0
417 4172 11.29839 0.01034 0.75993 1.18101 11 0 0 6 6 147 100.00000 0
2359 5321 10.45620 0.77092 0.60591 3.23567 19 0 1 19 11 52 100.00000 0
925 976 10.00929 0.00120 1.12676 4.63574 14 0 1 8 7 180 100.00000 0
2337 5323 11.68318 0.82280 0.61097 3.77730 7 0 0 4 4 29 100.00000 0
2173 2440 11.32990 0.30114 1.44243 3.76348 5 0 0 5 5 21 100.00000 0
2422 5320 10.24209 0.74014 0.59043 3.71489 7 0 0 5 4 37 100.00000 0
351 4093 11.02224 0.01386 0.16960 1.65706 9 1 0 9 6 80 100.00000 0
761 4175 11.52745 0.00992 0.30783 1.39550 25 4 2 15 17 178 100.00000 0
