3679 7107 10.26745 0.11951 3.79791 28.74286 12 0 0 6 7 125 100.00000 0
3660 6675 11.15628 0.00375 14.73755 7.06108 8 0 0 5 4 69 100.00000 0
1949 5079 10.80691 0.00882 12.34602 11.01651 5 0 0 5 5 41 100.00000 0
3645 6593 11.70663 0.00345 14.29337 2.13405 4 0 0 2 1 40 100.00000 0
6603 6850 11.74586 0.00594 11.11047 9.35158 10 0 0 10 8 112 100.00000 0
3559 6480 11.23116 0.01288 7.81670 2.22879 21 0 0 16 10 189 100.00000 0
6614 7182 10.97805 0.01904 28.30589 1.09217 14 0 0 3 5 122 100.00000 0
2429 5323 11.68318 0.82280 2.29630 2.72017 20 9 4 12 7 150 100.00000 0
1659 4807 10.85102 0.00775 9.84290 3.24148 19 0 0 13 12 194 100.00000 0
2171 2470 11.86999 0.30255 2.37475 2.66462 12 0 0 0 3 101 100.00000 0
3535 6455 10.86530 0.03133 15.35106 1.53824 14 0 0 11 6 109 100.00000 0
2171 2366 11.86999 0.30255 3.02032 2.40387 11 3 0 8 4 122 100.00000 0
3526 6446 10.51057 0.03046 15.27595 46.39832 4 0 0 4 4 29 100.00000 0
2476 5321 10.45620 0.77092 2.37593 2.91551 15 7 2 11 8 119 100.00000 0
2411 5323 11.68318 0.82280 2.31108 3.19071 19 7 0 6 5 153 100.00000 0
6603 7152 11.74402 0.00648 4.99225 0.38257 7 1 0 0 0 104 100.00000 0
1759 4933 10.45872 0.70154 2.31732 5.33480 13 0 1 5 3 124 100.00000 0
6927 7202 10.99288 0.02735 7.67566 11.26219 7 0 0 4 5 103 100.00000 0
3651 6604 10.22634 0.00689 12.77606 2.01829 6 0 0 4 5 73 100.00000 0
2317 5270 10.63578 0.26030 10.05577 12.51137 9 1 0 3 1 60 100.00000 0
2495 5320 10.24209 0.74014 2.70568 3.14685 25 2 0 21 8 149 100.00000 0
6603 6748 11.74586 0.00594 4.07547 0.34943 15 2 0 7 9 122 100.00000 0
2228 2559 10.88836 0.49447 2.31439 2.65609 29 16 3 22 18 188 100.00000 0
6606 6982 10.49518 0.00708 10.92195 6.44193 12 0 0 12 9 151 100.00000 0
2320 5321 10.76751 0.80012 2.35483 2.70545 41 23 13 41 30 170 100.00000 0
6604 6918 11.24828 0.00629 12.72738 0.36584 9 0 0 5 3 95 100.00000 0
1915 5045 11.31781 0.00580 14.73716 0.34035 11 0 0 5 5 47 100.00000 0
6606 6956 10.49518 0.00708 6.52317 0.41684 6 0 0 2 4 120 100.00000 0
2171 2500 11.86999 0.30255 10.39316 7.39027 8 0 0 5 4 122 100.00000 0
3660 6714 11.15628 0.00375 13.78983 0.22029 4 0 0 1 2 78 100.00000 0
1864 4978 11.72648 0.00625 2.24238 0.58283 11 0 1 6 4 117 100.00000 0
3679 6849 10.26745 0.11951 5.63726 25.18773 8 0 0 4 3 100 100.00000 0
2052 5187 10.74936 0.02658 10.12259 3.14834 24 0 0 22 18 115 100.00000 0
3680 6856 10.97298 0.13900 4.53958 18.69256 6 0 0 2 4 70 100.00000 0
2172 2464 11.68279 0.30204 2.61273 3.00374 10 0 0 4 3 92 100.00000 0
2511 2583 11.93117 0.82358 2.04069 3.21053 18 10 1 11 8 114 100.00000 0
6050 6125 10.89225 0.00919 11.82739 1.09110 22 0 0 12 15 233 100.00000 0
6603 6675 11.74586 0.00594 11.86494 2.29985 11 0 0 11 9 136 100.00000 0
6604 6789 11.24828 0.00629 35.61346 0.36584 11 0 0 4 6 122 100.00000 0
2312 5320 11.43827 0.82385 2.11104 2.27710 41 10 17 37 27 197 100.00000 0
2359 5321 10.45620 0.77092 2.18090 2.84427 19 10 3 14 8 129 100.00000 0
1942 5057 10.01155 0.01166 2.73509 1.81165 8 0 0 8 5 62 100.00000 0
6605 7012 10.99721 0.00661 20.37147 10.84440 6 0 0 3 1 112 100.00000 0
1927 5040 11.80408 0.00990 1.08995 12.28949 5 0 0 5 3 50 100.00000 0
3660 6661 11.15628 0.00375 11.15561 0.22029 6 0 0 3 3 66 100.00000 0
6609 7175 11.22994 0.01664 8.57925 7.90837 13 0 0 4 8 144 100.00000 0
2173 2440 11.32990 0.30114 2.05135 2.99866 13 2 0 7 3 137 100.00000 0
3477 6402 11.29745 0.04273 17.78720 2.44857 13 0 0 7 6 67 100.00000 0
1793 4951 11.30203 0.21655 16.10932 12.40750 11 1 1 2 5 75 100.00000 0
2422 5320 10.24209 0.74014 2.64219 3.07345 26 4 0 21 14 152 100.00000 0
3660 7030 11.15628 0.00375 9.75807 17.73431 6 0 0 4 2 78 100.00000 0
2331 2580 10.49723 0.75061 2.10346 2.97006 33 25 4 33 26 164 100.00000 0
2322 2583 11.98117 0.84279 2.75275 3.93443 50 28 1 41 32 220 100.00000 0
2477 2579 10.22447 0.72507 2.36842 3.09073 24 6 5 19 15 149 100.00000 0
6605 6993 10.99721 0.00661 12.60960 17.77492 5 0 0 1 3 81 100.00000 0
3681 7168 10.84938 0.15738 2.59218 1.11522 6 0 1 1 2 75 100.00000 0
6605 6763 10.99721 0.00661 20.92218 76.18889 7 3 0 2 4 105 100.00000 0
3661 7156 10.08112 0.00493 9.26801 3.59074 9 0 0 9 8 105 100.00000 0
1989 5123 11.49279 0.06940 15.96376 0.27976 10 0 0 6 6 44 100.00000 0
2197 5306 11.58770 0.53026 2.25733 2.74509 9 5 0 7 6 84 100.00000 0
2031 5148 10.84053 0.04655 7.67848 3.24534 8 0 0 5 5 50 100.00000 0
2171 2322 11.69731 0.28312 14.12134 16.22139 9 0 0 5 5 118 100.00000 0
6608 7169 10.73102 0.01325 5.87110 2.28122 9 0 0 5 3 129 100.00000 0
6604 6726 11.24828 0.00629 7.68297 9.68251 8 0 0 5 7 105 100.00000 0
1993 5126 10.39653 0.06058 7.90828 1.20399 11 0 0 7 6 50 100.00000 0
2285 5261 11.39366 0.09084 2.74139 8.42786 5 0 1 2 2 58 100.00000 0
6606 7048 10.49518 0.00708 6.87269 2.23020 6 0 0 3 2 116 100.00000 0
3665 6596 11.06906 0.01553 14.21573 0.89307 6 0 0 6 4 86 100.00000 0
6604 6989 11.24828 0.00629 4.30595 3.35859 9 0 1 2 4 125 100.00000 0
1976 5093 10.82415 0.02270 16.02236 1.19649 11 0 0 11 6 47 100.00000 0
6644 7201 10.48449 0.02765 5.59131 4.15218 7 0 0 3 5 81 100.00000 0
7024 7201 10.24214 0.02731 5.61240 14.64080 10 0 0 6 7 148 100.00000 0
2471 5321 10.45620 0.77092 2.91856 3.59510 15 7 1 9 7 114 100.00000 0
6941 7204 11.73924 0.02765 9.55602 17.12504 10 0 0 8 6 133 100.00000 0
3660 6768 11.15628 0.00375 8.78499 0.22029 5 0 0 1 2 86 100.00000 0
6880 7202 10.99288 0.02735 1.20601 17.62255 7 0 0 2 3 119 100.00000 0
6896 7201 10.24214 0.02731 6.37677 16.65284 8 1 1 3 3 128 100.00000 0
3660 6820 11.15628 0.00375 15.83202 0.22029 4 1 0 4 3 85 100.00000 0
6607 6818 10.24121 0.00750 9.89190 2.35218 9 0 0 7 6 140 100.00000 0
2232 2556 10.16297 0.44657 2.05022 2.21558 18 9 4 13 8 169 100.00000 0
3529 6430 10.27304 0.04256 3.47552 2.43879 6 0 0 4 3 58 100.00000 0
6605 7007 10.99721 0.00661 6.16289 20.86198 9 3 0 9 6 103 100.00000 0
2245 5308 11.62526 0.58653 2.08390 2.88771 13 5 0 5 6 111 100.00000 0
6604 7038 11.24828 0.00629 7.65797 0.25179 8 0 0 2 5 74 100.00000 0
6957 7202 10.99288 0.02735 7.57906 16.57230 7 0 0 4 3 79 100.00000 0
6604 7122 11.24828 0.00629 6.01534 0.36584 10 0 0 5 6 86 100.00000 0
6603 6662 11.74586 0.00594 11.22082 12.33130 8 0 0 4 5 112 100.00000 0
2326 5323 11.69247 0.82812 2.25068 2.78713 21 13 4 19 7 159 100.00000 0
3549 6470 11.65344 0.01968 4.00439 0.33102 20 0 0 16 14 199 100.00000 0
2120 5251 10.16649 0.02050 10.06964 1.28329 15 0 0 12 8 71 100.00000 0
3427 6332 10.61945 0.34948 5.96342 20.02395 5 0 1 5 5 49 100.00000 0
6604 6995 11.24828 0.00629 13.47839 0.36584 8 2 0 6 5 103 100.00000 0
6631 7195 10.48498 0.02497 2.99179 18.66029 10 0 0 10 7 160 100.00000 0
6606 6950 10.49518 0.00708 3.81521 1.64830 6 0 0 2 3 126 100.00000 0
2347 2579 10.22447 0.72507 2.03321 3.14560 22 15 2 18 12 159 100.00000 0
2356 2579 10.22447 0.72507 3.03229 3.55391 22 3 8 22 10 135 100.00000 0
6604 6914 11.24828 0.00629 10.60282 34.95574 6 0 0 2 4 88 100.00000 0
3680 6646 11.06044 0.13853 11.82817 7.93741 6 1 0 2 0 90 100.00000 0
2406 5322 11.19861 0.79977 3.64353 5.30917 25 4 0 15 15 140 100.00000 0
6606 7096 10.49518 0.00708 10.72157 5.40762 15 0 0 15 12 127 100.00000 0
3660 6770 11.15628 0.00375 23.89737 0.22029 4 0 1 1 2 64 100.00000 0
6605 6920 10.99721 0.00661 11.28094 5.92010 5 0 0 5 5 83 100.00000 0
1974 5090 11.47470 0.01710 16.44268 0.43521 7 0 0 7 3 54 100.00000 0
1988 5121 10.85884 0.07324 18.77065 0.43790 7 0 0 7 5 59 100.00000 0
3577 6480 11.03942 0.01432 10.85442 6.73418 24 0 0 17 15 168 100.00000 0
6605 6668 10.99721 0.00661 10.33789 1.71509 10 0 0 8 6 116 100.00000 0
2441 2581 11.22698 0.77641 2.08635 2.70009 26 6 0 18 17 130 100.00000 0
2432 2580 10.49751 0.75071 3.10581 3.57325 24 5 10 14 9 173 100.00000 0
2437 5322 11.19861 0.79977 2.63436 2.71238 22 5 0 20 12 143 100.00000 0
3244 5990 11.70667 0.02051 9.10303 1.17969 11 0 0 6 2 204 100.00000 0
3608 6516 10.13158 0.01044 14.05306 0.59347 9 0 0 3 2 108 100.00000 0
2416 5321 10.45620 0.77092 2.46934 2.86676 19 5 3 13 11 124 100.00000 0
2499 5321 10.45620 0.77092 2.17213 2.92342 23 8 4 14 14 162 100.00000 0
2081 5196 11.71486 0.00942 11.59281 0.41590 23 0 0 20 17 125 100.00000 0
6074 6126 10.36569 0.00974 7.63755 4.74334 16 0 0 7 9 204 100.00000 0
3680 7073 10.97298 0.13900 8.49966 11.22874 5 0 0 1 0 72 100.00000 0
6061 6125 10.60894 0.00928 8.89079 1.08426 23 0 0 12 16 278 100.00000 0
1893 5024 11.31898 0.00704 20.13196 0.19383 9 0 0 9 9 48 100.00000 0
6875 7201 10.24214 0.02731 11.85905 27.63889 9 0 0 9 6 108 100.00000 0
6605 6756 10.99721 0.00661 15.39108 0.38359 5 0 0 0 2 70 100.00000 0
3660 7061 11.15628 0.00375 8.32724 6.06553 8 0 0 3 4 95 100.00000 0
6670 7203 11.24229 0.02743 11.73086 1.56848 9 0 0 3 0 149 100.00000 0
6606 6967 10.49518 0.00708 5.45382 2.48018 9 0 0 6 6 107 100.00000 0
3660 6730 11.15628 0.00375 7.31882 20.37875 7 0 0 4 3 85 100.00000 0
2337 5321 10.45620 0.77092 2.23721 2.83131 29 11 8 16 15 182 100.00000 0
2435 5320 10.24209 0.74014 2.89858 3.29242 25 8 2 23 14 171 100.00000 0
6603 6992 11.74586 0.00594 15.19166 48.62239 10 1 0 3 4 96 100.00000 0
6925 7203 11.24229 0.02743 9.60371 13.52403 10 0 0 5 6 108 100.00000 0
6606 6840 10.49518 0.00708 11.20324 7.30965 12 0 0 5 4 158 100.00000 0
2177 2446 10.26875 0.29874 9.70664 17.11632 8 0 0 4 1 98 100.00000 0
6604 7124 11.24828 0.00629 9.26669 3.94407 6 0 0 3 3 104 100.00000 0
6605 7039 10.99721 0.00661 11.30889 42.84859 12 1 0 3 2 133 100.00000 0
2406 5321 10.45620 0.77092 2.13763 2.87726 42 20 2 36 24 179 100.00000 0
7003 7201 10.24214 0.02731 9.57270 12.21850 11 0 0 7 7 158 100.00000 0
3434 6336 11.18789 0.42500 14.11279 33.66014 6 0 0 2 3 33 100.00000 0
2171 2511 11.86999 0.30255 2.41428 2.76895 11 0 0 5 6 103 100.00000 0
6606 7095 10.49518 0.00708 8.67130 2.60098 9 0 0 7 6 118 100.00000 0
2416 5322 11.19861 0.79977 2.27177 3.63303 10 1 1 7 5 82 100.00000 0
2465 2582 11.44621 0.80088 2.03118 2.79092 17 9 2 14 8 157 100.00000 0
7063 7203 11.24229 0.02743 26.18490 3.61639 7 0 0 1 2 115 100.00000 0
3660 7023 11.15628 0.00375 20.70582 122.89766 5 0 0 5 3 94 100.00000 0
2387 5322 11.19861 0.79977 2.05980 2.73094 26 5 0 24 15 153 100.00000 0
6605 6658 10.99721 0.00661 10.75591 4.54795 9 0 0 7 8 101 100.00000 0
2914 5633 11.19652 0.00811 15.40841 0.47888 12 0 0 7 6 207 100.00000 0
2539 5322 10.38761 0.75195 2.13233 2.58483 38 18 2 34 16 174 100.00000 0
3505 6405 10.76715 0.04154 11.67645 1.08930 11 0 0 11 7 72 100.00000 0
2448 5322 11.19861 0.79977 2.44243 3.04491 17 3 1 10 7 142 100.00000 0
7012 7204 11.73924 0.02765 6.26967 0.72416 7 0 0 3 3 99 100.00000 0
6603 7132 11.74586 0.00594 8.84791 0.29342 8 0 0 3 3 96 100.00000 0
7077 7203 11.24229 0.02743 10.56279 20.65623 8 0 0 3 4 111 100.00000 0
3503 6425 11.13724 0.03284 7.63931 21.18483 5 0 0 3 2 31 100.00000 0
7047 7202 10.99288 0.02735 9.97810 1.56573 9 0 0 3 4 101 100.00000 0
6886 7201 10.24214 0.02731 26.27350 1.56498 5 0 0 2 3 101 100.00000 0
1872 5004 10.26200 0.01025 2.79983 4.07006 9 0 0 7 3 130 100.00000 0
1892 5022 10.25398 0.00817 12.91394 0.69267 11 0 0 8 7 70 100.00000 0
2173 2504 11.32990 0.30114 11.37707 9.20052 13 0 0 4 5 141 100.00000 0
7073 7201 10.24214 0.02731 2.11908 1.35017 6 0 0 6 4 114 100.00000 0
2260 5307 11.07886 0.54707 2.13569 2.18104 20 7 1 5 9 147 100.00000 0
2465 5323 11.68318 0.82280 2.34056 3.07281 20 1 4 14 9 157 100.00000 0
3610 6518 10.61782 0.01142 8.70687 2.49230 5 0 0 5 1 47 100.00000 0
2346 2583 11.93117 0.82358 2.21871 2.63121 21 8 6 19 14 136 100.00000 0
6604 6930 11.24828 0.00629 10.42359 0.80988 6 0 0 3 3 99 100.00000 0
6603 6895 11.74586 0.00594 9.15730 2.12062 8 0 0 8 4 97 100.00000 0
3592 6517 11.71386 0.00718 11.97418 15.57395 5 0 0 2 2 61 100.00000 0
6603 6693 11.74586 0.00594 7.92670 3.81660 11 0 0 8 7 129 100.00000 0
2436 5322 11.19861 0.79977 2.40309 2.71959 27 4 0 25 17 158 100.00000 0
3519 6440 11.48021 0.03442 10.30403 21.09174 4 0 0 4 2 26 100.00000 0
2171 2403 11.86999 0.30255 2.89010 2.33146 7 0 0 7 4 92 100.00000 0
6603 7150 11.74586 0.00594 12.38581 31.30756 11 0 0 3 4 158 100.00000 0
6605 7080 10.99721 0.00661 6.59598 23.76846 9 4 0 7 7 109 100.00000 0
3230 5959 10.43424 0.03276 9.06653 1.41969 13 0 0 6 6 214 100.00000 0
6606 7143 10.49518 0.00708 10.78772 3.24232 11 0 0 11 7 133 100.00000 0
2071 5207 11.55933 0.01133 11.28144 1.03249 57 0 0 52 47 122 100.00000 0
6605 6698 10.99721 0.00661 2.52263 0.31404 6 0 1 2 3 109 100.00000 0
6605 6980 10.99721 0.00661 10.63658 2.03009 7 0 0 5 6 117 100.00000 0
2125 5231 11.02272 0.02289 53.29060 65.10266 6 0 0 1 0 60 100.00000 0
6605 6778 10.99721 0.00661 10.79198 5.91752 8 0 0 5 5 106 100.00000 0
3660 7096 11.15628 0.00375 27.03805 0.22029 5 0 0 2 2 93 100.00000 0
6604 6943 11.24828 0.00629 9.33522 12.71248 6 0 0 4 3 98 100.00000 0
2019 5136 11.08531 0.03355 5.55615 5.14118 15 0 0 4 3 76 100.00000 0
2344 2579 10.22447 0.72507 3.35477 4.76987 33 21 4 22 23 168 100.00000 0
1984 5100 11.96490 0.03981 14.78603 2.28053 11 3 1 3 4 56 100.00000 0
6604 6667 11.24828 0.00629 10.26770 4.78266 7 0 0 3 2 141 100.00000 0
3639 6553 10.98781 0.01164 19.71750 0.49178 6 0 0 1 3 32 100.00000 0
6841 7201 10.24214 0.02731 4.74462 6.37701 7 0 0 4 5 99 100.00000 0
2441 5320 10.24209 0.74014 2.49745 3.16137 19 6 1 10 8 145 100.00000 0
2285 5312 11.58066 0.67720 2.82404 3.46068 10 2 1 4 5 70 100.00000 0
1954 5069 10.70073 0.01271 3.63677 2.57876 17 0 0 11 9 92 100.00000 0
6604 6673 11.24828 0.00629 10.68458 4.03663 8 0 0 3 5 121 100.00000 0
6603 6973 11.74586 0.00594 3.86080 13.71360 12 2 0 9 9 117 100.00000 0
6603 6745 11.74586 0.00594 29.74204 0.34943 7 1 0 0 3 119 100.00000 0
2526 2581 11.22760 0.77254 2.03802 2.59450 47 10 3 45 31 197 100.00000 0
1953 5067 11.40958 0.00942 13.37184 1.02067 11 0 0 2 7 70 100.00000 0
2171 2394 11.86999 0.30255 8.03597 17.33490 9 2 0 2 3 69 100.00000 0
2543 5324 11.09516 0.77602 2.12481 2.45798 41 18 10 31 17 197 100.00000 0
6605 6906 10.99721 0.00661 32.41907 0.38359 7 1 0 4 4 118 100.00000 0
3664 7184 10.99336 0.00836 21.75528 21.37043 10 0 0 0 3 110 100.00000 0
3595 6519 10.04245 0.00655 18.30986 0.36691 5 0 0 5 4 19 100.00000 0
2080 5196 10.81917 0.01020 5.16198 0.57335 13 0 0 7 7 87 100.00000 0
6607 6705 10.24121 0.00750 3.82453 0.42613 8 0 0 4 3 121 100.00000 0
3646 6563 10.98026 0.00813 14.53248 0.46730 6 0 0 4 5 39 100.00000 0
2531 2583 11.65523 0.80757 2.23505 2.57755 34 15 9 29 24 195 100.00000 0
2056 5172 11.31051 0.03358 11.44047 4.48113 17 0 0 9 8 86 100.00000 0
2493 2581 11.22698 0.77641 2.29884 2.69239 35 6 3 26 17 170 100.00000 0
2113 5246 10.16676 0.01518 10.42678 1.62365 24 0 0 22 18 66 100.00000 0
2357 2583 11.93117 0.82358 2.03623 2.72017 20 6 2 9 9 155 100.00000 0
6605 6752 10.99721 0.00661 32.37454 0.38359 7 1 0 4 4 114 100.00000 0
2398 2583 11.93117 0.82358 2.46020 3.18211 26 17 0 21 17 142 100.00000 0
6606 6785 10.49518 0.00708 9.17464 0.44675 9 0 0 7 7 115 100.00000 0
2172 2415 11.68279 0.30204 7.12470 17.24977 7 0 0 2 5 79 100.00000 0
