0.02736 0.02601 0.00136
0.01463 0.01304 0.00050
0.01707 0.01282 0.00549
0.02899 0.02919 0.01457
0.03186 0.04669 0.02035
0.02261 0.02609 0.00210
0.02281 0.01973 0.02132
0.02906 0.03330 0.01851
0.01983 0.01272 0.01916
0.02636 0.02039 0.01418
0.01452 0.01671 0.00891
0.03368 0.03407 0.01928
0.02724 0.03748 0.01107
0.02555 0.04045 0.02873
0.01783 0.02018 0.00547
0.01608 0.01463 0.00098
0.01590 0.01557 0.02099
0.01739 0.01704 0.01866
0.01752 0.01764 0.02190
0.02267 0.02119 0.01855
0.02914 0.03463 0.01409
0.02069 0.02206 0.01398
0.01880 0.02418 0.01868
0.02045 0.01875 0.02111
0.02695 0.03233 0.01950
0.02254 0.02753 0.01123
0.01998 0.01733 0.00212
0.02014 0.02264 0.01906
0.01386 0.01281 0.01448
0.01950 0.01988 0.01041
0.03058 0.03253 0.00311
0.03160 0.03428 0.01857
0.01699 0.01779 0.00603
0.02667 0.03257 0.01843
0.02038 0.02242 0.00092
0.02707 0.03762 0.01887
0.01861 0.02026 0.01886
0.01884 0.01928 0.01900
0.02141 0.02290 0.01879
0.02106 0.02361 0.01887
0.02815 0.03626 0.01844
0.02681 0.03403 0.01871
0.01432 0.01552 0.00499
0.01931 0.02022 0.00959
0.02307 0.02484 0.01860
0.02171 0.02566 0.01424
0.02150 0.02270 0.00070
0.03088 0.03547 0.01424
0.02630 0.03317 0.01854
0.01264 0.01208 0.00322
0.02783 0.01908 0.01971
0.01861 0.01783 0.00091
0.02180 0.02510 0.01877
0.01919 0.02494 0.01713
0.02175 0.01976 0.01878
0.01795 0.02561 0.01944
0.02108 0.02478 0.02019
0.02060 0.02512 0.01842
0.02630 0.03249 0.00891
0.03173 0.02748 0.00252
0.03183 0.02405 0.01864
0.02228 0.02561 0.00064
0.01605 0.02111 0.00718
0.03380 0.03756 0.01852
0.02204 0.02401 0.01050
0.02192 0.02121 0.02108
0.02862 0.03467 0.01971
0.02666 0.03018 0.01950
0.02056 0.03535 0.01317
0.01956 0.01937 0.01842
0.01980 0.02588 0.01105
0.02041 0.01795 0.00138
0.02281 0.02499 0.01943
0.02533 0.02332 0.01419
0.02255 0.03384 0.01886
0.02205 0.02984 0.01982
0.01384 0.01400 0.00557
0.02432 0.01855 0.01861
0.02178 0.02497 0.01836
0.02753 0.03274 0.00546
0.01222 0.01422 0.01436
0.01976 0.01886 0.01858
0.02722 0.02730 0.01864
0.02111 0.02747 0.02432
0.01657 0.01591 0.01903
0.02298 0.01975 0.02267
0.02092 0.02698 0.00540
0.02720 0.04156 0.01957
0.01980 0.02262 0.00589
0.02259 0.02798 0.01950
0.02123 0.02397 0.01578
0.03226 0.02718 0.01844
0.01962 0.02424 0.01842
0.02695 0.03419 0.01869
0.02196 0.02657 0.01964
0.01575 0.01249 0.01847
0.02771 0.04414 0.02068
0.01989 0.02814 0.01958
0.02038 0.02426 0.01845
0.02308 0.02492 0.01833
0.01873 0.01849 0.01003
0.02042 0.02011 0.00547
0.02178 0.02412 0.01998
0.02123 0.02022 0.01865
0.02113 0.02503 0.01875
0.02035 0.02780 0.01378
0.03138 0.03724 0.01907
0.02318 0.02954 0.01945
0.02473 0.02090 0.00716
0.01083 0.01217 0.01487
0.02291 0.03049 0.00831
0.02488 0.03173 0.01414
0.02096 0.03047 0.02061
0.02433 0.02930 0.02111
0.01219 0.01276 0.01870
0.01518 0.01801 0.02097
0.02615 0.03579 0.01835
0.02371 0.01455 0.00723
0.02193 0.01916 0.00772
0.02031 0.02109 0.00281
0.01927 0.01780 0.00336
0.02243 0.02648 0.00286
0.01918 0.02076 0.01258
0.02718 0.02232 0.01887
0.02166 0.03223 0.02040
0.02907 0.03365 0.00601
0.02223 0.02736 0.02264
0.02500 0.02959 0.01871
0.01437 0.01519 0.01926
0.01921 0.02876 0.01877
0.01917 0.02671 0.01496
0.02127 0.02509 0.01877
0.02177 0.02357 0.00559
0.02313 0.02232 0.00960
0.01970 0.02437 0.00603
0.02782 0.01561 0.01850
0.02160 0.02604 0.00617
0.02651 0.03650 0.01840
0.02791 0.03491 0.01862
0.01974 0.02558 0.02059
0.02836 0.03458 0.01257
0.02139 0.02310 0.01846
0.02781 0.04043 0.01913
0.03238 0.02957 0.00858
0.01311 0.01333 0.01885
0.01593 0.01450 0.01849
0.02594 0.03181 0.01855
0.02755 0.03486 0.01846
0.02375 0.02198 0.02001
0.02156 0.02458 0.00245
0.01945 0.01589 0.01531
0.02210 0.02595 0.01121
0.02821 0.03240 0.01898
0.01741 0.02230 0.00190
0.03296 0.02854 0.01970
0.02830 0.03420 0.01518
0.02552 0.02846 0.02082
0.03752 0.02834 0.01956
0.02100 0.02228 0.01870
0.02548 0.02844 0.01873
0.02656 0.02190 0.01415
0.02682 0.04449 0.02060
0.01892 0.02325 0.01099
0.02109 0.01465 0.01862
0.03105 0.03340 0.01576
0.02835 0.04586 0.02082
0.01713 0.01708 0.01036
0.02920 0.02852 0.00087
0.01939 0.02249 0.00140
0.02965 0.03397 0.01884
0.02625 0.03066 0.01863
0.01728 0.01757 0.00652
0.01293 0.01131 0.00052
0.03008 0.04526 0.02290
0.02677 0.03490 0.00064
0.01194 0.01258 0.00503
0.02932 0.03288 0.01899
0.02207 0.01844 0.01674
0.01965 0.01968 0.01959
0.01853 0.01536 0.01930
0.02065 0.02305 0.01740
0.02032 0.02584 0.01497
0.02080 0.01638 0.01881
0.01842 0.02078 0.00546
0.02796 0.02969 0.02020
0.01692 0.01782 0.01904
0.03617 0.04258 0.02624
0.02183 0.02677 0.01874
0.03491 0.02443 0.02107
0.02587 0.03037 0.01953
0.01335 0.01359 0.02230
0.01744 0.02146 0.00074
0.02177 0.02551 0.01876
0.01628 0.01320 0.01849
0.01767 0.01704 0.00067
0.02082 0.02378 0.01415
0.02160 0.02553 0.01837
0.02135 0.02825 0.00519
0.03281 0.04733 0.01486
0.01897 0.01787 0.01454
