0.02035 0.01998
0.02079 0.02170
0.01764 0.02276
0.01749 0.02277
0.01590 0.02106
0.01699 0.02806
0.01587 0.01983
0.01756 0.02203
0.01580 0.02097
0.02249 0.02449
0.01497 0.01811
0.02403 0.02327
0.03972 0.02255
0.01610 0.02070
0.01532 0.01882
0.03188 0.02062
0.01705 0.02850
0.01722 0.02281
0.01903 0.01993
0.01737 0.02501
0.01489 0.01820
0.01725 0.02397
0.01670 0.02117
0.02124 0.02180
0.01766 0.02198
0.01679 0.02076
0.02063 0.02151
0.01913 0.02819
0.01686 0.02506
0.02136 0.02056
0.01889 0.02071
0.01723 0.01978
0.01687 0.02577
0.01705 0.01948
0.02520 0.02219
0.03059 0.03563
0.01738 0.03084
0.01877 0.03369
0.01831 0.02235
0.01687 0.02298
0.01655 0.02632
0.02065 0.02251
0.01885 0.02310
0.01965 0.02379
0.01270 0.01353
0.01791 0.02317
0.01745 0.02273
0.01347 0.02257
0.01790 0.01860
0.02037 0.02777
0.01704 0.02531
0.01638 0.02572
0.01785 0.02290
0.01627 0.01473
0.01643 0.02312
0.01671 0.01606
0.01630 0.02096
0.01728 0.02350
0.01631 0.02252
0.02021 0.02847
0.01950 0.02113
0.01807 0.02650
0.02046 0.02660
0.01930 0.02178
0.01998 0.02262
0.02123 0.02199
0.01877 0.02174
0.01674 0.02031
0.01718 0.02427
0.01726 0.02192
0.01875 0.01979
0.02002 0.02205
0.02425 0.01840
0.01660 0.02273
0.01682 0.02446
0.03211 0.01980
0.01564 0.02124
0.02999 0.02489
0.01668 0.02273
0.01523 0.01914
0.01595 0.01964
0.01785 0.02284
0.02448 0.02138
0.01617 0.02330
0.02503 0.02295
0.01604 0.02175
0.01736 0.02334
0.01821 0.02854
0.02642 0.02489
0.01573 0.01689
0.01862 0.02166
0.01677 0.02356
0.02161 0.02235
0.01701 0.02256
0.02151 0.02354
0.01437 0.02093
0.01624 0.02307
0.01501 0.02479
0.01586 0.02011
0.01750 0.02899
0.01350 0.01961
0.01804 0.02167
0.01678 0.01907
0.01834 0.02422
0.01726 0.02443
0.01714 0.02323
0.01783 0.02760
0.01560 0.01816
0.01719 0.02449
0.01682 0.02294
0.01710 0.01177
0.03131 0.01996
0.02169 0.02319
0.01999 0.02577
0.01806 0.01917
0.01670 0.02701
0.02141 0.02575
0.02218 0.02384
0.01588 0.02151
0.01765 0.02517
0.01680 0.02086
0.02105 0.02411
0.01712 0.02197
0.01812 0.02919
0.03484 0.02332
0.01796 0.02733
0.01642 0.01993
0.01680 0.02330
0.01645 0.01792
0.01711 0.02048
0.01631 0.01838
0.01725 0.02125
0.01663 0.02287
0.01785 0.02226
0.01650 0.02302
0.01559 0.01795
0.01728 0.02143
0.01927 0.02291
0.01727 0.02946
0.01586 0.01723
0.01662 0.02053
0.02871 0.02376
0.01966 0.02108
0.01669 0.02777
0.01892 0.02846
0.04691 0.02270
0.01732 0.02306
0.01698 0.02290
0.02234 0.02572
0.03190 0.02247
0.01816 0.02427
0.01627 0.02066
0.01749 0.02280
0.01616 0.02702
0.01783 0.01863
0.01750 0.01989
0.03000 0.02293
0.01964 0.02005
0.02777 0.02420
0.02127 0.02239
0.01774 0.02291
0.01655 0.02245
0.01894 0.02156
0.01617 0.02269
0.01632 0.02176
0.01778 0.02146
0.01885 0.02304
0.01877 0.02311
0.02198 0.02356
0.01893 0.01951
0.02051 0.02333
0.01858 0.02195
0.01616 0.02112
0.01621 0.01988
0.01841 0.02122
0.01947 0.02262
0.01616 0.02128
0.01809 0.02932
0.02978 0.03221
0.01766 0.02064
0.01754 0.03064
0.01738 0.02267
0.01621 0.02666
0.01670 0.02836
0.01771 0.02070
0.01597 0.01955
0.01701 0.02207
0.01700 0.02234
0.02037 0.02219
0.01622 0.02117
0.01678 0.01960
0.01579 0.02126
0.01578 0.02619
0.02524 0.02110
0.01706 0.02290
0.01798 0.02303
0.01736 0.02282
0.01614 0.01986
0.01483 0.01909
0.01870 0.02325
