98 3788 11.81900 0.03819 0.44566 0.54249 26 0 2 20 16
2678 5405 10.70459 0.01157 0.26800 0.71107 68 5 19 66 44
352 4110 10.52336 0.01361 0.38413 0.30132 63 2 8 60 51
459 3982 10.49489 0.01009 0.39648 0.52712 24 0 1 22 16
346 709 11.50833 0.00719 0.45797 0.41212 26 0 2 21 12
7046 7203 11.24229 0.02743 6.83380 17.89930 11 0 0 9 9
3265 6154 10.01053 0.00986 0.59252 1.13367 46 0 3 33 29
3679 7107 10.26745 0.11951 9.12554 17.28578 15 0 0 5 10
555 976 11.26895 0.00154 0.43600 0.43611 50 4 1 45 38
531 976 11.26895 0.00154 0.44006 0.50358 42 0 4 40 25
420 975 10.76826 0.00183 0.37839 0.25334 50 1 2 46 29
7754 7810 11.31788 0.72617 1.63228 2.19678 25 0 0 23 10
3018 5736 10.49427 0.04344 0.47486 0.67202 71 0 4 69 52
2471 5270 11.33786 0.30847 0.23376 2.10859 21 1 1 18 12
1358 4519 11.79033 0.00498 0.31998 0.96429 37 2 7 28 23
614 975 10.76826 0.00183 0.36086 0.05595 42 6 3 36 31
734 4172 10.02836 0.01118 0.60027 0.41871 62 0 1 58 43
3660 6675 11.15628 0.00375 14.24528 24.47568 23 0 0 7 14
758 4172 10.03026 0.01108 0.50698 0.77380 64 3 8 62 47
6806 7202 10.99288 0.02735 6.86079 7.58644 16 0 0 14 12
1949 5079 10.80691 0.00882 8.58272 0.49019 9 0 0 5 3
2424 5270 11.33786 0.30847 0.42824 2.04526 20 0 5 14 12
3645 6593 11.70663 0.00345 7.88144 0.31404 19 0 0 19 14
497 976 11.26895 0.00154 0.46559 0.74965 43 0 1 43 33
6603 6850 11.74586 0.00594 12.38935 3.07001 15 0 0 8 6
2843 5563 11.77477 0.05659 0.32060 0.76053 28 1 4 24 19
3559 6480 11.23116 0.01288 11.05276 6.87889 57 0 0 57 31
6614 7182 10.97805 0.01904 12.09963 0.83743 23 0 0 19 18
458 4171 10.79933 0.01107 0.58773 0.57130 45 0 0 41 29
3389 6303 10.30408 0.05438 1.03941 2.04258 8 0 0 8 5
345 476 11.74965 0.00708 0.76056 1.30626 28 0 0 26 19
1211 4394 11.01681 0.01370 0.43984 0.69886 48 2 14 48 40
1591 4756 11.77052 0.01505 0.28813 0.61929 21 1 4 21 17
1033 4214 11.50809 0.00802 0.39888 0.40056 68 3 6 68 59
2751 5491 11.95889 0.01155 12.35629 1.67748 55 0 0 46 30
2429 5323 11.68318 0.82280 0.47337 2.68394 24 0 1 16 10
898 980 11.77208 0.00498 0.44211 0.29342 41 0 3 39 27
1497 4649 10.80174 0.00434 0.47179 0.06853 40 1 5 37 30
2287 5313 11.57005 0.70560 0.58401 1.80797 21 0 0 14 11
2172 2321 11.33265 0.27787 0.37910 5.99028 14 0 0 4 5
3246 6020 10.39814 0.01340 0.77690 0.16313 30 0 0 28 20
3053 5787 10.69800 0.01198 0.34932 0.61357 60 3 4 57 46
2472 2581 11.22698 0.77641 2.21501 2.70342 21 0 0 16 9
1659 4807 10.85102 0.00775 11.10345 1.87430 80 0 0 73 60
2171 2470 11.86999 0.30255 2.35118 6.04202 14 0 0 3 6
392 974 10.01406 0.00381 0.30679 0.19782 48 2 1 38 33
3535 6455 10.86530 0.03133 13.03774 11.44524 9 0 0 9 7
3153 5872 11.09845 0.04461 0.56624 1.67515 24 1 2 20 15
345 660 11.74965 0.00708 0.63274 0.43879 31 0 0 27 23
7104 7204 11.73924 0.02765 0.98793 0.49416 12 0 0 10 7
3681 7171 10.72075 0.15561 1.01875 1.43368 8 0 0 3 4
2171 2366 11.86999 0.30255 2.10043 3.44583 15 0 1 2 5
3526 6446 10.51057 0.03046 5.69001 6.35175 14 0 0 14 10
2268 2564 11.48797 0.58047 0.39523 1.75167 35 3 0 35 23
2476 5321 10.45620 0.77092 0.44474 2.89895 22 0 1 17 8
2411 5323 11.68318 0.82280 0.88820 2.68992 28 0 0 23 11
1697 4865 10.52734 0.00414 0.32668 0.12195 61 5 4 57 47
2218 5305 10.48793 0.48154 0.21427 0.43611 31 5 7 26 20
2184 5300 10.80906 0.35654 1.61034 1.67445 14 1 0 12 4
3231 6009 10.25562 0.04391 0.91838 0.33804 41 0 0 31 28
733 979 11.51780 0.00406 0.59839 0.43701 32 0 1 28 21
2281 5312 11.91985 0.68669 0.97465 1.55015 13 0 0 13 6
165 3828 10.68290 0.01326 0.34719 0.72145 71 2 7 69 51
2420 5269 11.68981 0.30783 0.23839 2.18642 25 0 2 22 11
337 3957 10.51725 0.00644 0.51789 0.43069 34 0 2 34 26
6603 7152 11.74402 0.00648 12.90650 8.85956 37 0 0 35 29
1490 4643 10.03190 0.00777 0.41943 0.39565 47 2 11 47 35
1007 4188 10.27012 0.01706 0.41839 0.32506 80 1 4 69 49
1759 4933 10.45872 0.70154 0.23105 0.93041 42 5 1 31 24
6606 6919 10.49518 0.00708 10.37084 2.88025 32 0 0 22 27
6927 7202 10.99288 0.02735 9.75024 6.71352 14 0 0 4 7
791 979 11.51970 0.00400 0.60279 0.35827 53 1 0 46 34
3651 6604 10.22634 0.00689 8.76658 7.66549 13 0 0 13 10
2317 5270 10.63578 0.26030 0.40757 1.52624 31 0 3 25 10
2495 5320 10.24209 0.74014 1.09133 3.04915 32 1 2 32 12
632 3982 10.49489 0.01009 0.41033 0.49496 42 0 3 37 34
6603 6748 11.74586 0.00594 11.56635 5.67968 24 0 0 11 15
2228 2559 10.88836 0.49447 0.50308 0.76974 21 0 0 19 12
346 608 11.50244 0.00580 0.37542 0.46309 14 0 2 8 7
6606 6982 10.49518 0.00708 10.46277 3.54619 40 0 0 37 32
2862 5582 11.64744 0.02020 0.44400 0.16313 36 0 2 36 24
147 3815 11.45022 0.03145 0.26989 0.69886 73 2 2 59 50
1397 4571 11.51180 0.00561 0.43760 0.38257 161 0 3 159 138
1835 4974 10.05173 0.03954 0.51223 0.45111 49 2 3 46 34
2320 5321 10.76751 0.80012 0.39131 2.53698 48 2 0 46 27
404 977 11.52020 0.00049 0.23498 0.15066 40 4 3 40 28
481 3982 10.49489 0.01009 0.67578 1.84822 17 0 0 11 5
6668 7203 11.24229 0.02743 0.57404 0.55602 12 0 0 10 9
2622 5348 10.90531 0.02185 0.46849 1.24427 29 1 3 29 15
2719 5443 11.29588 0.01172 11.92801 1.94923 61 0 0 53 52
2488 5323 11.68318 0.82280 2.05001 2.68467 19 0 1 17 8
6604 6918 11.24828 0.00629 11.70551 1.40778 27 0 0 21 20
1658 4806 10.82079 0.00786 10.26508 0.40734 51 0 0 49 39
3985 4106 11.26913 0.01135 0.53386 0.50202 54 1 3 52 37
2565 5331 10.40103 0.58587 0.48650 1.75903 58 0 10 56 17
1915 5045 11.31781 0.00580 5.12484 3.20894 14 0 0 12 10
5975 6038 11.10028 0.00458 0.79352 0.54751 38 0 0 36 24
8038 8089 11.01070 0.43522 0.32982 2.98911 283 10 38 271 222
6606 6956 10.49518 0.00708 10.27721 0.80113 29 0 0 25 24
667 4173 11.79777 0.00987 0.63243 0.59545 32 1 0 28 24
346 654 11.50244 0.00580 0.43541 0.35166 28 4 2 26 17
148 3816 10.81143 0.02904 0.41836 0.62870 60 1 2 52 29
2171 2500 11.86999 0.30255 0.17762 2.02178 15 2 3 4 4
3694 7205 10.66241 0.46041 0.22683 1.08354 9 1 0 5 4
3660 6714 11.15628 0.00375 8.36983 8.46139 16 0 0 13 12
773 979 11.51970 0.00400 0.63729 0.23573 45 0 1 35 31
540 974 10.01791 0.00258 0.46926 0.79475 53 0 4 45 36
2455 5269 11.68981 0.30783 0.35766 2.68030 10 0 0 0 3
6786 7201 10.24214 0.02731 4.04673 2.17763 16 0 0 16 10
1864 4978 11.72648 0.00625 0.49545 0.46140 11 0 0 11 6
2178 2503 10.26950 0.29786 0.18478 1.82220 18 0 1 16 9
3679 6849 10.26745 0.11951 10.52783 7.85948 12 0 0 12 8
2052 5187 10.74936 0.02658 10.27707 3.06746 83 0 0 75 72
111 3795 10.50595 0.01434 0.70915 0.43521 39 0 0 33 31
1251 4418 10.26327 0.01129 0.21899 0.76770 62 3 11 62 48
460 4173 11.79777 0.00987 0.66588 0.35166 32 1 0 26 21
457 3980 11.49638 0.01155 0.40384 0.71546 30 0 2 30 24
2177 2412 10.26875 0.29874 3.51531 17.11632 9 0 0 1 4
777 3985 10.24876 0.00981 0.42312 0.69774 44 3 1 42 32
3680 6856 10.97298 0.13900 14.91273 7.96462 8 0 0 2 2
981 4142 11.02953 0.01426 0.31469 0.62244 60 2 6 53 45
239 3901 11.94909 0.07899 0.39499 0.93503 17 1 2 17 12
4116 4174 10.00670 0.00664 0.34010 0.34718 55 2 1 49 40
3094 5828 11.10592 0.02019 0.48682 1.42024 29 0 3 29 23
5977 6036 10.10704 0.00608 0.67400 0.39067 52 2 4 43 33
2172 2464 11.68279 0.30204 0.50264 1.87805 13 0 0 2 7
812 978 10.77040 0.00229 0.32158 0.18975 40 0 0 34 29
5990 6111 10.58967 0.01334 8.39149 1.63710 25 0 0 21 17
2511 2583 11.93117 0.82358 0.40102 2.62793 28 1 0 25 13
1067 4264 11.51297 0.00305 0.37064 0.42613 165 12 44 165 142
711 4170 10.03241 0.01130 0.47388 0.35277 65 1 2 65 50
6050 6125 10.89225 0.00919 11.79754 3.39915 43 0 0 32 34
1359 4520 11.54538 0.00724 0.40230 0.63366 45 2 7 41 24
6603 6675 11.74586 0.00594 12.45407 18.51638 27 0 0 23 11
4011 4171 11.77155 0.00644 0.44986 0.38765 57 2 0 52 33
350 917 10.50898 0.00703 0.53880 0.44235 40 0 0 36 23
848 3984 10.74879 0.01016 0.65541 0.62558 31 0 0 22 19
8045 8108 11.99700 1.25167 0.40024 2.34635 160 0 1 156 115
6604 6789 11.24828 0.00629 7.57554 1.79493 22 0 0 22 17
642 3979 11.99371 0.01255 0.78184 0.61612 18 0 1 13 10
2328 5272 10.63939 0.30767 0.29647 2.06507 34 0 1 29 19
1590 4754 10.06641 0.01400 0.64861 0.64468 46 0 0 46 36
464 4170 10.30159 0.01147 0.55275 0.66852 43 1 1 43 31
7149 7203 11.24229 0.02743 2.76733 4.50789 15 0 0 12 11
2312 5320 11.43827 0.82385 1.81202 2.25533 30 1 3 28 16
2176 2437 10.80393 0.29947 0.44880 1.86823 17 0 1 14 7
368 967 10.00277 0.01055 0.48128 0.59610 37 3 1 33 19
3246 6014 10.43816 0.01363 0.89426 0.62870 24 0 0 21 16
7112 7202 10.99288 0.02735 20.27390 1.56573 14 0 0 4 5
1553 4703 11.01707 0.02319 0.53041 0.33455 48 0 2 44 37
2770 5509 11.06598 0.01245 10.00351 1.40388 53 0 0 28 33
889 979 11.51970 0.00400 0.77212 0.23739 46 0 0 42 27
2335 2582 11.44621 0.80088 1.31717 2.62957 26 1 2 20 4
2815 5536 11.68125 0.04535 0.48633 0.62244 43 2 0 35 29
417 4172 11.29839 0.01034 0.38019 0.66323 37 0 1 33 29
2359 5321 10.45620 0.77092 0.40230 2.84235 23 2 2 20 10
925 976 10.00929 0.00120 0.34256 0.68927 64 2 5 60 48
2337 5323 11.68318 0.82280 1.78200 2.72534 17 0 0 12 7
1942 5057 10.01155 0.01166 7.88525 0.96022 14 0 0 11 9
6607 6923 10.24121 0.00750 0.42998 0.93041 32 0 0 22 21
6605 7012 10.99721 0.00661 13.02697 7.99105 20 0 0 20 15
2535 5271 11.68632 0.33918 1.00877 1.93896 15 0 1 15 3
6731 7202 10.99288 0.02735 0.74374 0.89351 16 0 0 14 9
1927 5040 11.80408 0.00990 9.86196 11.85544 12 0 0 2 5
2175 2384 10.80392 0.29987 0.32213 1.97080 21 0 5 21 8
3660 6661 11.15628 0.00375 24.02243 0.22029 27 0 0 5 10
2178 2468 10.26950 0.29786 0.57741 1.71166 17 0 0 15 5
6609 7175 11.22994 0.01664 8.91266 0.95080 18 0 0 13 12
3540 6440 11.85126 0.04017 10.36588 1.06312 15 0 0 13 8
2267 2565 11.79055 0.60432 0.55742 1.45750 29 0 1 25 12
364 4161 10.26025 0.01913 0.41054 0.88911 30 0 1 28 18
2173 2440 11.32990 0.30114 0.93192 2.06734 20 0 0 4 9
348 618 10.25119 0.00537 0.52902 0.48295 48 1 4 40 37
829 976 10.00929 0.00120 0.34977 0.64891 46 1 2 39 30
2156 2283 11.71973 0.09620 13.37672 25.93879 9 0 0 3 4
2521 5270 11.33786 0.30847 2.45952 2.04124 14 0 2 11 5
6613 7181 10.97893 0.01845 11.45006 2.21222 33 0 0 33 31
3477 6402 11.29745 0.04273 10.81538 4.10208 39 0 0 36 32
983 4146 11.78416 0.01610 0.24432 0.73754 62 5 4 53 45
6605 6975 10.99721 0.00661 0.62634 0.39958 26 0 1 26 18
825 4173 10.53017 0.01052 0.52597 0.69436 40 1 3 38 25
458 4173 11.79777 0.00987 0.43027 0.55036 26 1 0 26 12
1266 4445 10.02312 0.01663 0.46491 0.81661 41 4 0 41 35
4002 4166 11.51660 0.01168 0.39635 0.52638 31 2 1 24 16
3703 7225 11.08056 0.76917 0.70966 1.90249 11 0 0 7 7
2644 5371 11.79552 0.02474 0.30253 0.37009 31 2 5 28 17
1793 4951 11.30203 0.21655 0.28033 1.31671 92 0 1 83 69
350 897 10.50898 0.00703 0.63153 0.44762 37 1 1 34 20
654 4170 10.30159 0.01147 0.53639 0.55813 45 0 3 43 25
3680 6994 10.97298 0.13900 7.88954 8.78957 8 0 0 6 6
558 974 10.01791 0.00258 0.41206 0.36045 45 1 3 41 32
350 743 10.50898 0.00703 0.68944 0.43160 32 0 0 29 22
2422 5320 10.24209 0.74014 2.51704 3.13225 27 0 1 25 13
351 4093 11.02224 0.01386 0.53989 0.37742 62 1 6 60 47
2927 5646 10.06681 0.00285 0.31877 0.17017 54 3 3 50 39
761 4175 11.52745 0.00992 0.26913 0.90266 41 0 1 37 24
6075 6128 11.38936 0.00959 0.45214 1.21563 22 2 1 20 10
508 3982 10.49489 0.01009 0.43185 0.49653 38 1 6 30 31
484 4170 10.30159 0.01147 0.39839 0.37534 49 1 2 42 29
3660 7030 11.15628 0.00375 5.78398 4.30557 17 0 0 14 14
