46 2458 10.93899 0.00085 0.13652 0.20367 243 62 32 238 211
595 1365 11.63918 0.00886 0.16301 0.15826 64 9 12 60 42
2 2410 10.83188 1.08332 0.28499 1.51594 273 82 51 269 197
4 2341 10.62587 1.34239 0.22173 1.60303 379 114 111 373 268
2375 2429 11.63953 1.09843 0.36707 1.83163 299 91 53 295 182
2293 2351 11.73693 0.14199 0.11957 1.03741 108 18 22 101 60
583 1353 11.11828 0.00704 0.15080 0.34150 112 22 11 112 85
830 2600 11.72119 0.03361 0.26853 0.66205 219 73 34 216 175
26 2320 11.85411 1.40166 0.04481 2.12633 294 77 55 288 196
740 1474 11.04118 0.01730 0.16741 0.99465 167 39 19 161 131
768 1540 11.46680 0.04711 0.26008 2.42963 47 5 6 40 25
151 2525 10.88839 1.50885 0.10877 0.89219 87 14 10 83 57
567 1306 11.93804 0.21390 0.10439 0.34943 214 49 19 208 191
25 2341 10.58463 1.36991 0.09483 2.27417 320 59 36 317 200
28 2409 10.76865 1.14760 0.08278 1.63351 286 55 44 286 183
27 2409 10.05551 1.15001 0.05827 1.90762 314 53 54 311 198
1 2373 11.80218 1.33674 0.40942 1.74540 261 48 75 259 132
5 2398 10.22260 1.33467 0.04675 1.82005 301 75 92 295 187
596 1342 10.87567 0.00974 0.13768 0.36904 166 55 19 157 138
797 1571 10.72722 0.45146 0.05297 0.83369 168 37 8 168 151
32 2416 11.69083 0.84080 0.10675 1.02182 153 42 14 153 116
0 2404 11.97429 1.26074 0.28272 2.04507 212 63 37 210 104
584 1329 11.44588 0.01643 0.14391 0.47724 123 32 14 123 96
740 1496 10.92571 0.01624 0.05470 0.68700 170 32 29 165 125
4 2383 10.65034 1.34265 0.31490 1.59912 326 115 86 322 233
24 2361 10.04750 1.36643 0.18196 2.49026 305 82 34 303 205
726 1481 10.03635 0.02048 0.14887 0.72954 217 56 32 208 154
1564 2566 10.70175 1.50673 0.12703 2.38589 103 11 8 93 60
1 2375 11.79752 1.33567 0.26798 1.74204 265 63 64 265 145
2360 2428 10.98106 1.06656 0.32517 1.55545 317 77 64 313 205
712 1470 11.73819 0.02236 0.08594 0.55461 176 42 43 173 137
681 1423 10.40942 0.01884 0.07602 0.46814 193 62 40 191 138
583 1329 10.58680 0.01714 0.16029 0.52860 92 14 13 92 68
919 2637 11.19761 1.57544 0.10544 1.16969 130 30 19 128 87
1535 2585 11.70529 1.43565 0.58839 1.91111 84 21 12 84 42
817 1528 10.77377 1.18721 0.25293 1.20138 277 37 8 277 205
825 1568 11.70404 1.50176 0.07781 1.22397 207 43 45 203 166
139 2526 10.04170 0.99317 0.08559 1.14295 85 14 11 83 50
824 1549 11.47331 1.45764 0.09428 0.72253 125 36 12 123 104
2300 2416 11.82551 0.67374 0.05223 2.16229 303 110 58 295 189
24 2358 10.03758 1.36668 0.22463 2.48522 324 75 45 322 189
515 1293 11.25712 2.67819 0.12597 2.63745 200 51 32 196 117
708 1466 11.15262 0.02371 0.04871 0.23903 125 32 23 123 87
745 1503 11.94916 0.06552 0.14198 0.46055 110 17 39 106 71
866 2628 10.76031 0.04720 0.09122 1.45320 91 42 13 88 68
2 2341 11.38150 1.33852 0.27759 1.69119 238 60 40 236 154
2 2387 11.40851 1.33970 0.28161 1.68702 232 46 56 232 145
884 2637 10.26543 0.12983 0.36018 1.06202 103 17 17 100 79
543 1280 11.67295 1.66358 0.13179 1.93067 179 59 25 179 118
643 1388 10.37749 0.02097 0.02956 0.36477 213 68 29 213 160
824 1552 11.17464 1.47307 0.11618 0.59610 167 46 19 159 132
773 1549 10.26261 0.04022 0.14803 2.05709 85 13 4 81 44
841 2587 11.54700 0.01892 0.12428 0.64710 99 19 8 92 73
26 2339 11.16932 1.36647 0.08143 2.04354 317 62 39 317 212
25 2382 10.59903 1.36948 0.13753 2.23406 306 73 33 297 210
1521 2575 10.17923 1.40703 0.30768 2.41978 59 14 9 55 30
775 1557 11.67465 0.07071 0.17845 2.37191 31 3 3 23 9
0 2406 11.87292 1.21274 0.21079 2.01441 210 57 51 203 108
822 1540 11.25692 1.38793 0.10264 1.13090 180 12 5 178 142
1576 2577 10.81003 1.51538 0.06377 0.63551 128 25 17 119 97
2362 2427 10.32198 1.02867 0.29656 1.44021 376 101 65 376 278
104 2514 10.79346 0.06914 0.22921 1.81488 234 56 39 228 139
565 1303 11.90033 0.35548 0.19248 0.75899 79 19 15 79 62
573 1317 10.50901 0.02034 0.11346 0.82234 91 9 10 87 62
546 1326 11.65109 0.17241 0.14924 1.73190 128 30 17 128 92
737 1493 11.13119 0.02668 0.15144 0.50358 148 25 30 135 99
563 1336 11.37131 0.13468 0.08669 2.22370 104 13 5 100 68
24 2336 10.03906 1.36620 0.19178 2.50296 369 90 52 369 226
23 2315 11.47313 1.48938 0.18237 3.13650 289 82 27 281 186
25 2365 10.58384 1.36866 0.09013 2.27744 282 67 22 278 188
529 1282 11.26956 2.44269 0.27241 2.94597 206 68 24 200 95
737 1471 11.66466 0.01107 0.11027 0.61929 145 38 26 140 109
865 2604 11.63693 0.01499 0.06330 0.20936 87 35 11 84 70
2293 2376 11.71953 0.14188 0.23886 0.98913 158 37 29 150 97
17 2309 11.65034 1.51767 0.19383 2.52770 373 167 58 373 280
752 1510 11.02960 0.13390 0.15337 1.51336 117 17 9 109 81
27 2389 11.81937 1.36719 0.14735 1.85878 279 66 41 275 168
586 1331 11.58355 0.01549 0.12139 0.50358 86 15 15 83 63
789 1566 10.03461 0.22545 0.25516 1.31194 236 31 13 217 181
769 1543 11.40710 0.04528 0.25057 2.60324 48 6 5 48 32
27 2375 11.80736 1.36562 0.07316 1.83888 270 54 44 268 156
799 1513 11.78918 0.37536 0.19958 1.00794 41 9 3 41 23
27 2331 11.81117 1.36477 0.06220 1.98248 282 72 46 282 171
2341 2429 11.63297 1.10052 0.39777 1.85794 292 70 53 284 168
1532 2584 11.23132 1.43172 0.14770 2.34652 120 28 12 116 64
792 2565 11.47370 1.20942 0.15494 1.82005 185 46 31 178 130
5 2387 10.29263 1.34510 0.12848 1.58881 384 114 96 384 258
624 1368 11.41175 0.01324 0.08460 0.55249 175 39 13 167 126
793 2566 10.57228 1.18263 0.11560 1.94541 213 33 32 213 133
916 2627 11.62152 1.45207 0.24229 1.84313 175 59 29 173 109
535 1280 11.32455 2.11320 0.65470 2.84565 200 64 17 196 91
788 1566 10.38221 0.20558 0.29678 1.34261 208 25 13 200 154
542 1323 10.85830 0.35420 0.06752 2.44232 191 43 26 189 136
4 2393 10.63482 1.34212 0.16183 1.67561 325 76 109 321 198
520 1313 10.65331 1.63807 0.06826 3.47367 241 67 46 239 132
856 2620 10.82168 0.01847 0.10522 0.28804 89 22 17 87 76
2293 2375 11.71962 0.14290 0.08030 1.01104 159 34 36 153 87
849 2614 10.90120 0.00592 0.25700 0.44235 103 20 31 99 85
27 2343 11.79208 1.36450 0.07890 1.84143 240 36 51 240 145
3 2354 11.00165 1.34195 0.21947 1.64092 287 62 72 287 174
28 2442 10.81052 0.02036 0.06968 0.85088 157 41 33 154 129
1519 2578 11.66793 1.39084 0.30452 2.72879 34 4 7 30 15
774 1500 11.20667 0.02587 0.16877 1.06128 84 26 5 67 57
0 2405 11.92305 1.23969 0.55650 2.05176 226 81 56 223 111
2 2347 11.37986 1.33622 0.31539 1.68934 249 64 60 249 156
1 2372 11.80754 1.34093 0.28071 1.75480 240 57 61 237 141
1523 2579 10.16952 1.40160 0.24249 2.82175 154 21 18 152 70
55 2466 10.34770 0.01323 0.04782 0.79917 167 42 20 156 140
822 2574 11.39987 0.06396 0.05585 0.29208 81 27 7 79 70
854 2597 11.06671 0.01489 0.17297 0.78534 52 9 4 49 30
1518 2576 11.77089 1.39266 0.18799 2.47243 21 3 6 16 10
31 2415 11.20437 0.88999 0.07886 1.11206 182 31 15 171 144
509 1304 11.72909 2.16563 0.08502 2.87263 152 33 20 148 84
618 1386 11.13316 0.00832 0.14094 0.51889 104 16 16 95 81
763 1491 11.86349 0.03237 0.14919 0.28255 144 27 25 133 103
2359 2427 10.31873 1.02897 0.32316 1.43940 366 104 66 361 256
747 1479 11.67712 0.01548 10.87032 96.72567 59 1 0 57 42
513 1306 10.36536 2.04343 0.13226 3.09592 173 28 26 169 109
787 2566 10.96029 1.32212 0.59563 2.60549 168 37 29 168 72
802 2567 10.37612 0.88837 0.06075 1.57371 121 31 11 121 67
2365 2427 10.31003 1.02748 0.29679 1.43313 347 110 70 345 238
751 1483 10.77079 0.01507 0.06416 0.70886 119 19 17 112 85
4 2417 10.55067 0.76945 0.03398 1.12117 265 82 62 265 167
4 2403 10.36711 1.28480 0.05402 2.04756 318 70 117 318 183
2295 2384 10.42894 0.14259 0.12727 0.83790 215 47 42 215 156
12 2311 11.15060 1.50528 0.21984 1.76591 322 93 64 322 206
66 2458 10.53798 0.00285 0.08413 0.12820 192 46 36 180 144
2342 2427 10.31183 1.02909 0.29666 1.43368 354 115 56 348 251
766 1536 11.96242 0.05261 0.29122 2.43172 73 15 5 69 45
612 1357 10.91410 0.00355 0.11890 0.10087 96 14 23 93 66
581 1351 11.02611 0.01117 0.03509 0.38765 149 37 31 147 124
607 1353 10.27421 0.00539 0.14191 0.22206 137 33 26 131 100
823 1539 11.92658 1.41236 0.14723 1.38649 101 9 6 101 82
612 1381 11.54455 0.01643 0.01713 0.53814 81 12 3 73 51
825 1551 11.87165 1.48175 0.11146 0.56924 84 14 14 84 63
766 1532 11.10990 0.05289 0.34500 2.34017 81 13 17 77 57
2349 2429 11.62844 1.10009 0.36952 1.86802 300 83 43 297 185
640 1384 11.35806 0.03641 0.07534 0.19782 101 21 15 99 60
786 1566 11.14171 0.17185 0.26404 1.58412 139 19 3 131 109
909 2625 10.08337 1.20961 0.25761 1.77343 208 83 39 208 146
2351 2429 11.62733 1.09946 0.34389 1.87263 351 99 70 347 213
5 2388 10.28821 1.34143 0.11840 1.59225 375 114 101 369 259
570 1311 11.60665 0.06447 0.18453 0.74336 129 20 20 116 82
599 1344 11.70250 0.01072 0.09339 0.49416 174 38 20 171 133
806 1573 10.08900 0.80071 0.13379 0.97237 262 83 43 260 230
561 1300 10.59863 0.52653 0.11243 0.71873 155 48 25 150 135
2 2396 11.37464 1.33109 0.04363 1.71441 186 35 34 184 97
2 2327 11.37770 1.33784 0.25344 1.32677 312 91 57 307 208
513 1303 10.13627 2.19268 0.11534 3.09174 253 40 37 250 187
814 2571 10.15425 0.38129 0.06282 0.65849 113 19 7 107 85
121 2500 11.93792 0.15387 0.12869 1.10959 184 36 39 182 141
26 2373 11.16690 1.36603 0.09742 2.03606 285 60 35 285 195
3 2402 10.81171 1.29859 0.39218 2.08225 286 85 77 286 138
780 2567 11.83630 1.41893 0.43877 3.30618 149 27 24 149 53
545 1284 10.09625 1.52196 0.07616 1.40806 272 96 36 272 224
581 1326 11.13531 0.01596 0.10227 0.81517 108 22 12 96 79
1554 2565 11.13388 1.49976 0.08345 0.92111 154 35 33 150 106
528 1283 10.98001 2.48471 0.48517 2.86047 170 29 19 167 68
2 2353 11.39246 1.33481 0.11755 1.71646 225 47 47 223 139
600 1346 10.68940 0.00999 0.14721 0.46309 211 49 21 205 177
7 2312 11.79154 1.49298 0.39392 2.37356 276 83 64 271 178
2294 2391 11.04337 0.13987 0.12786 1.00405 172 41 37 166 114
1523 2580 10.64905 1.40371 0.29409 2.97874 138 33 15 138 84
27 2324 11.90775 1.37116 0.07359 1.43422 317 52 69 315 200
2299 2409 10.01077 0.36506 0.11304 1.05869 397 107 80 388 284
588 1333 11.71107 0.01540 0.18675 0.62745 70 14 8 70 55
616 1385 11.89989 0.00704 0.09277 0.33572 76 11 14 70 52
577 1320 11.93913 0.01633 0.13486 0.89219 90 13 11 81 64
527 1317 11.20113 1.25423 0.06325 3.18887 129 40 15 123 83
746 1503 11.07246 0.06654 0.08295 0.41022 127 25 24 127 91
563 1301 11.42933 0.46310 0.14900 0.74019 158 48 17 156 131
610 1378 10.44543 0.01670 0.10441 0.33220 94 17 14 89 66
2373 2427 10.31331 1.02771 0.32814 1.42327 371 109 67 367 239
24 2392 10.04264 1.36657 0.21338 2.54591 361 90 41 357 231
569 1340 10.72652 0.12411 0.09427 0.77733 140 37 14 140 118
558 1333 11.84365 0.09345 0.19315 2.82203 98 19 4 96 64
25 2381 10.59779 1.37083 0.10094 2.27297 324 47 34 324 206
820 1575 11.90368 1.39391 0.18199 1.09217 269 90 34 263 212
2 2401 11.26625 1.30930 0.33284 2.13552 243 85 50 243 144
24 2345 10.04960 1.36710 0.13090 2.47844 346 97 40 344 232
1 2388 11.81227 1.33527 0.24381 1.73190 246 52 64 244 145
27 2381 11.81097 1.36864 0.11748 1.86655 253 40 28 253 157
769 1542 11.20931 0.04515 0.13575 2.51762 90 10 13 86 56
2293 2379 11.72207 0.14122 0.14549 1.00366 160 31 30 158 97
695 1435 11.15665 0.01586 0.07556 0.29608 160 42 25 152 122
59 2451 11.02260 0.01357 0.10358 0.58283 279 79 32 271 222
2297 2407 10.64833 0.29433 0.16545 1.22301 305 77 56 296 191
81 2472 11.09812 0.01802 0.08766 0.92408 138 34 12 136 101
518 1289 11.62870 2.77427 0.16531 2.85197 206 57 27 201 103
2322 2426 10.00644 1.01176 0.18910 1.26362 468 156 52 468 346
597 1343 10.85277 0.01101 0.12921 0.51205 206 51 17 204 169
27 2369 11.80023 1.36692 0.06762 1.83376 269 41 36 267 153
26 2403 10.62914 1.30953 0.09157 2.43606 257 37 55 257 162
551 1287 10.59431 1.27589 0.13246 1.36716 182 47 36 178 121
2294 2347 11.07012 0.14239 0.10610 0.94378 179 41 34 176 114
7 2313 11.54238 1.48556 0.36457 2.24873 279 94 61 277 192
119 2500 11.18993 0.09686 0.18746 1.34814 169 31 32 167 132
30 2443 10.03865 0.02430 0.04671 0.91771 160 36 22 158 118
883 2614 10.87805 0.06420 0.07309 0.20367 80 18 15 80 55
2 2342 11.38481 1.33888 0.20930 1.69535 255 62 53 250 154
