570 5227 5.76010 0.00352 0.34302 0.20174 93 64 11 89 62 305 100.00000 0
594 5161 5.76010 0.00375 0.36522 0.23407 81 47 12 74 52 252 100.00000 0
708 837 2.25092 0.00723 0.36329 0.40638 169 121 10 158 121 415 100.00000 0
3120 3506 3.19490 0.00372 0.87979 0.26541 11 3 1 9 6 77 100.00000 0
2864 3468 4.26030 0.00218 0.21738 0.14537 9 8 1 9 8 70 100.00000 0
673 5338 5.76014 0.00388 0.18411 0.27976 75 55 14 73 50 280 100.00000 0
2815 2880 3.54827 0.00349 0.22397 1.21563 44 31 0 25 31 152 100.00000 0
739 5500 5.76009 0.00365 0.32316 0.36045 95 60 10 86 69 270 100.00000 0
1641 6464 5.82803 0.00533 0.27756 0.30647 217 172 17 212 165 886 100.00000 0
563 5165 5.76010 0.00365 0.25930 0.30901 74 53 12 68 51 246 100.00000 0
614 5605 5.74794 0.00471 0.38681 0.33338 97 61 4 93 75 305 100.00000 0
2761 2891 4.60841 0.00267 0.44905 0.20558 36 20 5 36 28 118 100.00000 0
469 539 4.48748 0.01130 0.17089 0.77783 167 141 11 159 130 443 100.00000 0
710 5430 5.76009 0.00352 0.34156 0.30132 95 49 12 91 61 269 100.00000 0
653 5447 5.76010 0.00331 0.27760 0.20558 92 71 11 90 64 286 100.00000 0
524 5328 5.75906 0.00365 0.32018 0.22728 72 49 7 72 51 235 100.00000 0
2884 3352 2.50459 0.00138 0.17432 0.27554 16 13 1 16 13 117 100.00000 0
853 5342 2.24771 0.01134 0.14217 0.67377 286 263 14 282 232 592 100.00000 0
860 5517 5.50942 0.01136 0.16231 0.71982 174 136 8 170 133 432 100.00000 0
209 4849 2.31184 0.00552 0.27736 0.44587 337 279 11 333 283 940 100.00000 0
9308 9559 2.99008 0.01154 0.20206 0.65730 441 408 12 437 381 899 100.00000 0
418 9791 5.88045 0.02181 0.40768 0.30519 273 174 12 271 227 981 100.00000 0
617 5143 4.52250 0.00888 0.25816 0.49811 66 49 5 66 45 225 100.00000 0
763 5255 5.76011 0.00384 0.39090 0.21489 72 43 11 70 50 268 100.00000 0
783 5535 5.76007 0.00420 0.24169 0.23903 98 79 8 96 79 298 100.00000 0
2832 2961 5.50833 0.00249 0.11588 0.15826 28 25 2 28 21 123 100.00000 0
706 5359 5.76012 0.00375 0.34517 0.38052 86 57 11 82 58 267 100.00000 0
1984 6765 3.88506 0.00493 0.31167 0.27411 230 178 18 230 184 884 100.00000 0
755 5123 3.02949 0.00714 0.30524 0.41212 149 112 10 147 115 435 100.00000 0
687 5433 5.76011 0.00362 0.25385 0.24708 71 50 5 63 48 269 100.00000 0
5130 5439 5.24328 0.00810 0.22221 0.55813 109 93 6 99 79 305 100.00000 0
2628 2771 3.04998 0.00162 1.91975 4.82337 46 11 0 40 34 192 100.00000 0
3774 8379 4.76229 0.00857 0.31553 0.27836 116 83 10 105 82 435 100.00000 0
4352 8950 5.75295 0.00711 0.27650 0.36262 233 179 15 227 184 742 100.00000 0
835 5504 3.77482 0.01008 0.33692 0.56371 163 126 11 159 123 447 100.00000 0
834 5574 4.26749 0.00996 0.16755 0.61548 162 137 12 156 127 405 100.00000 0
542 5459 5.76007 0.00352 0.30582 0.17694 102 74 14 100 72 296 100.00000 0
697 5480 5.76011 0.00362 0.28569 0.34605 119 83 13 115 94 301 100.00000 0
5132 5407 4.24250 0.00841 0.43205 0.62620 111 67 10 106 84 328 100.00000 0
4418 4685 2.26799 0.00342 0.52551 0.19383 580 323 8 575 527 1145 100.00000 0
806 5276 5.76010 0.00448 0.23941 0.29739 92 72 9 92 68 252 100.00000 0
653 5394 5.76013 0.00355 0.28934 0.27411 92 62 14 82 68 285 100.00000 0
805 5353 5.76010 0.00448 0.38084 0.25179 98 60 15 96 66 269 100.00000 0
2856 3077 5.16025 0.00365 1.24718 2.69820 42 5 2 33 28 129 100.00000 0
5285 5624 3.48971 0.01109 0.17202 0.69661 211 196 5 205 172 510 100.00000 0
3354 7311 2.02331 0.00629 0.84273 2.34869 19 4 0 16 10 105 100.00000 0
768 5202 5.76011 0.00384 0.34960 0.30390 81 63 9 77 59 273 100.00000 0
803 5534 5.76007 0.00420 0.23906 0.23573 116 93 15 116 86 336 100.00000 0
2359 7092 4.24121 0.01763 0.23657 0.50202 39 28 3 33 25 196 100.00000 0
831 5587 4.51739 0.00984 0.33624 0.55178 108 74 7 106 76 331 100.00000 0
5545 5620 2.49330 0.01037 0.26675 0.67377 301 274 13 288 250 631 100.00000 0
9265 9568 5.98261 0.01374 0.18792 0.83322 259 234 11 255 207 633 100.00000 0
535 5526 5.76007 0.00352 0.31519 0.45370 87 47 17 85 51 298 100.00000 0
2890 3366 2.15372 0.00069 1.34775 2.34619 18 2 0 10 8 113 100.00000 0
697 5386 5.76014 0.00388 0.27636 0.21306 75 58 9 67 56 294 100.00000 0
4422 4789 3.24752 0.00780 0.19330 0.46730 520 507 6 518 474 1074 100.00000 0
553 5262 5.76010 0.00365 0.23780 0.33688 79 63 6 77 59 234 100.00000 0
2770 2962 5.50623 0.00276 0.22256 0.47888 21 17 1 19 16 105 100.00000 0
2885 3317 2.36232 0.00154 1.40372 2.96081 48 6 0 18 26 166 100.00000 0
2884 3034 2.50459 0.00138 0.85058 2.27916 55 22 4 52 40 144 100.00000 0
2714 2904 5.31661 0.00309 0.15587 0.41684 48 35 7 48 33 195 100.00000 0
749 5293 5.76012 0.00391 0.33496 0.26834 101 66 13 97 75 304 100.00000 0
547 5551 5.76007 0.00352 0.31534 0.22206 97 68 14 88 76 278 100.00000 0
9483 9562 3.98874 0.01029 0.25528 0.65671 366 312 22 364 303 867 100.00000 0
2882 3182 2.50514 0.00201 1.46184 0.20558 53 0 0 31 21 180 100.00000 0
587 5479 5.76007 0.00335 0.32536 0.19180 101 76 13 99 74 306 100.00000 0
10349 10426 4.75743 0.01140 0.52837 0.28116 136 62 3 124 104 490 100.00000 0
719 5385 5.76012 0.00375 0.27418 0.36904 83 59 11 81 58 261 100.00000 0
786 5343 5.76010 0.00448 0.27273 0.46814 80 52 11 76 59 307 100.00000 0
804 5495 5.76007 0.00420 0.23462 0.23407 87 67 10 85 59 284 100.00000 0
285 9670 2.08126 0.03533 0.20746 0.60263 500 461 17 500 446 1066 100.00000 0
741 5583 5.76009 0.00365 0.31766 0.26980 95 62 22 91 61 264 100.00000 0
957 5726 2.01444 0.00213 0.36518 0.14804 19 9 2 17 10 174 100.00000 0
9016 9481 3.73989 0.01239 0.31952 0.75017 443 342 17 443 380 910 100.00000 0
472 718 3.24572 0.00900 0.18817 0.55532 186 155 13 178 151 431 100.00000 0
542 5275 5.76010 0.00365 0.20461 0.36369 73 58 5 73 54 210 100.00000 0
2865 3298 3.75352 0.00169 0.31128 1.27962 24 11 3 7 7 151 100.00000 0
533 5124 2.29424 0.00623 0.26538 0.35166 216 180 14 212 170 554 100.00000 0
3622 7966 5.40855 0.27572 0.89428 1.75301 39 1 6 32 10 270 100.00000 0
4553 4802 5.25912 0.00744 0.47609 0.57743 290 168 8 286 244 828 100.00000 0
613 5607 5.99118 0.00517 0.33181 0.27695 90 62 6 83 54 322 100.00000 0
1329 6126 2.74613 0.00557 0.14970 0.28939 175 144 16 167 135 539 100.00000 0
583 838 2.73604 0.00758 0.09955 0.43879 208 192 9 205 169 441 100.00000 0
492 838 2.98404 0.00876 0.30838 0.54104 185 145 13 185 144 419 100.00000 0
2854 2955 4.26348 0.00338 1.97778 2.46894 23 0 0 12 8 152 100.00000 0
9019 9184 2.98302 0.01112 0.08461 0.65012 473 456 9 473 410 981 100.00000 0
7489 8225 2.28613 0.02288 0.36557 0.76515 88 43 26 86 51 443 100.00000 0
1815 6596 2.39945 0.04971 0.20935 0.22555 326 285 12 320 268 966 100.00000 0
2632 2748 2.50161 0.00162 0.32621 0.05595 26 18 4 23 17 179 100.00000 0
4064 8682 5.02814 0.00207 0.19604 0.26541 417 381 24 409 346 981 100.00000 0
8001 8227 3.03536 0.03772 0.35032 0.84116 58 29 10 49 22 379 100.00000 0
4979 9704 4.62150 0.01417 0.47020 0.52414 278 154 9 274 244 763 100.00000 0
3825 8425 3.51029 0.00546 0.41771 0.11869 518 356 7 512 469 1098 100.00000 0
4459 4800 4.49353 0.00650 0.30474 0.65492 399 331 9 386 355 941 100.00000 0
621 5362 5.76010 0.00375 0.30525 0.23739 88 61 14 88 59 273 100.00000 0
3700 8322 3.81966 0.03084 0.16765 0.53668 146 136 6 142 116 392 100.00000 0
600 5236 5.76010 0.00375 0.25215 0.27124 99 71 14 91 69 288 100.00000 0
4415 4745 3.00470 0.00229 0.52048 0.15323 565 311 11 563 513 1158 100.00000 0
788 5272 5.76010 0.00448 0.29817 0.28939 88 70 6 86 69 254 100.00000 0
749 5430 5.76009 0.00365 0.41993 0.22900 89 50 8 85 68 253 100.00000 0
616 5294 5.76010 0.00375 0.35992 0.20748 99 65 16 93 74 280 100.00000 0
562 5343 5.76010 0.00365 0.30228 0.27976 99 72 7 97 73 294 100.00000 0
878 5658 4.99329 0.01514 0.16826 0.28531 92 75 7 92 66 266 100.00000 0
650 5212 5.76013 0.00355 0.26933 0.20558 80 59 7 78 60 280 100.00000 0
775 5442 5.76007 0.00420 0.31988 0.36045 89 62 8 87 72 284 100.00000 0
552 5413 5.76010 0.00365 0.26599 0.18767 104 77 15 100 79 305 100.00000 0
577 5496 5.76007 0.00335 0.21344 0.28393 116 99 10 116 91 343 100.00000 0
669 5463 5.76011 0.00362 0.29323 0.21489 102 81 6 100 78 283 100.00000 0
755 5233 5.76012 0.00391 0.22189 0.29074 84 60 15 78 50 280 100.00000 0
9020 9151 2.73424 0.01050 0.08015 0.67319 518 498 12 511 442 1049 100.00000 0
554 5511 5.76007 0.00352 0.25734 0.18557 91 70 10 84 64 287 100.00000 0
842 5539 2.03014 0.00991 0.16603 0.52265 267 232 22 261 210 571 100.00000 0
807 5506 5.76007 0.00420 0.23315 0.29342 114 83 11 105 81 294 100.00000 0
10351 10442 4.26265 0.00983 0.42028 0.16313 166 113 3 162 135 557 100.00000 0
721 5193 5.76012 0.00375 0.27759 0.25334 90 68 10 90 62 267 100.00000 0
787 5498 5.76007 0.00420 0.32588 0.32865 79 49 10 75 57 278 100.00000 0
7434 8231 4.84237 0.08354 0.49680 1.05943 76 32 26 74 37 415 100.00000 0
7414 7551 4.41799 0.00714 0.33892 0.38563 54 31 5 50 29 436 100.00000 0
604 5385 5.76010 0.00375 0.30099 0.20558 83 67 8 77 61 279 100.00000 0
7417 7514 3.35859 0.00678 0.23899 0.30261 71 47 10 69 42 468 100.00000 0
466 673 5.75249 0.01211 0.40089 0.73061 123 73 16 113 89 356 100.00000 0
639 5212 5.76013 0.00355 0.32353 0.20936 110 76 10 107 79 298 100.00000 0
5468 5631 5.98881 0.00886 0.13948 0.61166 136 116 14 130 99 373 100.00000 0
473 667 2.74741 0.00886 0.41149 0.56510 194 131 6 181 164 432 100.00000 0
807 5161 5.76010 0.00448 0.36351 0.31404 71 48 4 69 46 212 100.00000 0
5130 5577 5.24328 0.00810 0.26241 0.47642 85 73 4 83 63 255 100.00000 0
759 5488 5.76008 0.00365 0.24210 0.22381 100 87 11 94 77 252 100.00000 0
682 5571 5.76011 0.00362 0.20521 0.36691 74 57 5 68 52 238 100.00000 0
827 5582 5.26637 0.00906 0.12041 0.52563 104 84 9 90 66 342 100.00000 0
3618 7624 2.60556 0.16469 0.84226 1.29301 71 37 6 68 36 401 100.00000 0
2862 2927 3.55849 0.00285 0.08892 0.13706 26 19 5 24 16 100 100.00000 0
2790 2870 2.82495 0.00239 0.41891 0.17246 33 17 4 27 20 141 100.00000 0
826 5501 5.51537 0.00883 0.05545 0.51205 121 114 6 117 100 362 100.00000 0
7769 8235 5.74919 0.14540 0.52026 1.12361 35 6 11 31 9 271 100.00000 0
631 5276 5.76013 0.00355 0.27756 0.23407 89 68 8 80 67 281 100.00000 0
663 5458 5.76011 0.00362 0.27429 0.31528 75 47 16 75 50 251 100.00000 0
857 5449 4.24227 0.01182 0.22686 0.70388 200 175 6 193 160 485 100.00000 0
226 4870 3.98107 0.01194 0.36074 0.72793 232 167 7 220 160 807 100.00000 0
644 5587 5.76010 0.00331 0.31168 0.33804 84 56 16 80 60 297 100.00000 0
2834 2914 5.51029 0.00249 0.50903 1.77078 27 15 0 20 15 115 100.00000 0
3628 8236 3.43795 0.28383 0.56067 0.84811 60 21 15 56 24 340 100.00000 0
7422 8057 2.11073 0.00750 0.35073 0.40251 107 73 19 103 69 488 100.00000 0
550 5578 5.76007 0.00352 0.29392 0.21489 105 70 12 103 78 263 100.00000 0
9020 9421 2.73424 0.01050 0.11368 0.65072 593 562 15 589 512 1151 100.00000 0
797 5370 5.76010 0.00448 0.26371 0.25179 108 82 13 106 78 303 100.00000 0
2952 3487 2.30344 0.00098 1.93051 0.45370 20 0 0 16 13 103 100.00000 0
514 5203 5.75906 0.00365 0.26810 0.28116 56 39 9 52 34 222 100.00000 0
1386 6180 3.81824 0.00729 0.45829 0.37949 213 119 10 213 167 653 100.00000 0
533 5440 5.76007 0.00352 0.35897 0.17246 102 70 10 102 78 278 100.00000 0
69 8929 3.26611 0.03035 0.58577 1.10995 478 183 4 474 411 1070 100.00000 0
2617 2718 4.99647 0.00359 0.29142 0.38359 19 15 2 19 15 141 100.00000 0
718 5559 5.76009 0.00352 0.28592 0.21489 77 56 6 77 53 284 100.00000 0
7410 7898 5.66471 0.00793 0.48936 0.44937 57 20 14 52 28 453 100.00000 0
3610 7835 3.04054 0.03875 0.22455 0.33220 76 53 12 73 51 400 100.00000 0
9302 9559 2.99008 0.01154 0.21889 0.66323 428 376 20 428 369 910 100.00000 0
3611 7872 2.14091 0.04769 0.27131 0.45111 79 53 18 72 41 435 100.00000 0
605 5201 5.76010 0.00375 0.30933 0.19979 96 69 8 94 66 322 100.00000 0
674 5179 5.76014 0.00388 0.23497 0.22381 78 60 8 75 53 256 100.00000 0
799 5476 5.76007 0.00420 0.33441 0.24866 120 83 19 109 87 318 100.00000 0
37 4330 5.23524 0.03113 0.61638 1.34086 324 118 8 316 282 878 100.00000 0
564 5459 5.76007 0.00352 0.28341 0.17246 87 68 12 83 63 217 100.00000 0
531 5259 5.76010 0.00365 0.21707 0.41590 101 79 15 97 72 322 100.00000 0
650 5421 5.76010 0.00331 0.28700 0.19782 79 45 16 73 44 237 100.00000 0
709 5122 3.52310 0.00781 0.30870 0.67897 140 111 6 134 113 381 100.00000 0
673 5307 5.76014 0.00388 0.33530 0.19782 79 47 7 66 46 276 100.00000 0
1268 6059 3.30590 0.10072 0.37484 0.74546 116 77 13 106 82 349 100.00000 0
821 5250 5.76446 0.00884 0.13280 0.53229 91 80 5 89 69 317 100.00000 0
3610 7710 3.04054 0.03875 0.24077 0.35277 71 43 19 71 43 369 100.00000 0
803 5370 5.76010 0.00448 0.35196 0.35054 118 88 14 106 85 308 100.00000 0
5162 5620 2.49330 0.01072 0.24595 0.71436 278 254 10 272 236 609 100.00000 0
9078 9566 4.98238 0.01442 0.27801 0.88735 247 184 9 243 191 705 100.00000 0
785 5588 5.76007 0.00420 0.38717 0.28255 72 46 7 70 52 240 100.00000 0
720 5152 5.51448 0.00861 0.46620 0.49575 64 33 8 60 38 211 100.00000 0
5130 5315 5.24331 0.00780 0.20240 0.45284 109 95 7 101 80 319 100.00000 0
856 5501 3.51911 0.01169 0.18555 0.60133 185 167 10 181 156 477 100.00000 0
5206 5629 5.23410 0.00958 0.12002 0.62244 202 182 13 196 161 476 100.00000 0
9326 9559 2.99008 0.01154 0.22060 0.68984 418 371 16 416 364 886 100.00000 0
859 5601 4.99712 0.01029 0.06276 0.52563 177 168 6 171 134 493 100.00000 0
711 5447 5.76009 0.00352 0.15398 0.19782 99 81 6 89 66 285 100.00000 0
784 5537 5.76007 0.00420 0.32468 0.24866 117 76 11 115 83 353 100.00000 0
828 5141 3.52734 0.01513 0.26476 0.86048 99 75 9 97 62 332 100.00000 0
2148 6913 3.60058 0.01303 0.20757 0.71873 240 191 29 240 188 1135 100.00000 0
2789 2913 5.50749 0.00258 0.09347 0.45885 25 15 4 20 10 147 100.00000 0
3609 7676 3.73973 0.03163 0.12653 0.34943 80 62 12 72 42 399 100.00000 0
203 9411 3.73658 0.00938 0.41690 0.99583 382 259 9 376 318 835 100.00000 0
3622 8152 5.40855 0.27572 1.19657 1.70869 36 7 8 28 3 263 100.00000 0
7424 8228 4.97271 0.04686 0.37699 1.15792 56 33 17 51 29 450 100.00000 0
676 5602 5.75299 0.00276 0.34552 0.09691 94 70 11 94 73 309 100.00000 0
811 5524 5.76007 0.00420 0.39951 0.29871 91 47 11 89 67 241 100.00000 0
604 5519 5.76007 0.00355 0.25671 0.20558 81 66 6 74 65 273 100.00000 0
3618 7972 2.60556 0.16469 0.73633 1.28298 65 44 5 65 33 372 100.00000 0
7422 7524 2.11073 0.00750 0.36361 0.48376 103 74 12 97 67 536 100.00000 0
5472 5620 2.49330 0.01037 0.29193 0.64710 288 257 18 288 240 593 100.00000 0
4413 4732 3.75617 0.00365 0.33038 0.38359 431 348 17 424 368 926 100.00000 0
771 5332 5.76011 0.00384 0.27211 0.40638 81 51 9 77 52 276 100.00000 0
4833 9320 4.01045 0.00445 0.34267 0.47478 345 272 28 339 287 803 100.00000 0
2860 3003 4.45676 0.00280 0.10640 0.27695 29 24 2 24 19 123 100.00000 0
496 5548 5.75605 0.00258 0.33195 0.22206 96 77 7 96 71 280 100.00000 0
4412 4728 4.00740 0.00461 0.37252 0.27411 381 285 14 377 331 910 100.00000 0
828 5277 5.01648 0.00949 0.25486 0.54176 114 92 5 114 83 332 100.00000 0
666 5455 5.76011 0.00362 0.40968 0.38664 76 52 6 74 59 222 100.00000 0
2880 3051 2.85620 0.00244 0.38897 0.22029 41 26 2 41 29 131 100.00000 0
594 847 5.48909 0.00721 0.17179 0.44057 92 74 14 90 67 298 100.00000 0
713 5184 5.76012 0.00375 0.33401 0.24708 83 61 5 80 62 280 100.00000 0
4938 9671 3.64063 0.03296 0.19739 0.73222 344 299 19 342 286 833 100.00000 0
9376 9557 2.74077 0.01123 0.33098 0.68357 499 428 7 499 439 1002 100.00000 0
615 5142 4.27291 0.00887 0.14315 0.50745 94 80 11 92 61 287 100.00000 0
817 5173 5.76414 0.00572 0.24444 0.35608 89 66 9 83 61 240 100.00000 0
2659 2942 5.50486 0.00309 0.39061 0.68471 19 10 1 6 9 149 100.00000 0
2878 3008 2.85564 0.00189 0.22362 0.18767 39 32 1 34 31 173 100.00000 0
616 5222 5.76010 0.00375 0.34393 0.19584 88 60 12 85 65 282 100.00000 0
758 5405 5.76011 0.00384 0.28486 0.23407 82 60 12 76 55 239 100.00000 0
2851 3128 5.35487 0.00258 0.39953 0.16551 41 25 2 36 32 131 100.00000 0
761 838 2.73604 0.00741 0.12490 0.49178 200 175 12 196 160 454 100.00000 0
617 5262 5.76010 0.00375 0.27827 0.24549 88 59 17 86 53 260 100.00000 0
3384 3517 5.85211 0.00493 0.57863 0.48698 8 3 3 8 5 52 100.00000 0
4841 9453 2.29881 0.00761 0.52510 0.80746 536 317 12 526 451 1046 100.00000 0
4797 8981 2.78665 0.00769 0.30445 0.46394 587 503 15 583 509 1147 100.00000 0
559 5218 5.76010 0.00365 0.34476 0.28804 79 39 12 73 45 296 100.00000 0
4430 4803 5.73471 0.00888 0.17461 0.85957 203 162 14 197 156 694 100.00000 0
8141 8235 5.74919 0.14540 0.48160 1.26733 44 14 5 42 17 317 100.00000 0
474 599 2.74749 0.00811 0.19359 0.48779 165 142 11 161 126 464 100.00000 0
2851 3173 5.35487 0.00258 1.14466 2.65933 30 10 1 27 17 130 100.00000 0
1615 6454 5.03815 0.01046 0.20775 0.62118 221 195 11 212 171 880 100.00000 0
7411 7864 5.31130 0.00801 0.19137 0.36477 64 42 11 60 38 428 100.00000 0
854 5557 2.49631 0.01123 0.11371 0.61038 72 62 5 67 59 174 100.00000 0
4467 4799 4.26784 0.00550 0.53770 0.55320 450 248 7 448 391 938 100.00000 0
716 5154 5.76914 0.00834 0.29784 0.79278 58 34 8 56 40 189 100.00000 0
656 5174 5.76013 0.00355 0.27016 0.21306 95 70 14 95 72 248 100.00000 0
547 5489 5.76007 0.00352 0.28151 0.17017 104 75 15 96 71 309 100.00000 0
628 5426 5.76010 0.00331 0.26460 0.19979 114 91 10 112 84 326 100.00000 0
796 5529 5.76007 0.00420 0.32347 0.24066 101 65 11 93 63 276 100.00000 0
806 5304 5.76010 0.00448 0.25836 0.38155 91 68 14 89 64 298 100.00000 0
7423 8004 2.11100 0.00728 0.43513 0.38765 123 81 11 123 92 463 100.00000 0
706 5510 5.76009 0.00352 0.33433 0.20367 85 50 12 79 49 242 100.00000 0
2746 2933 5.50623 0.00276 0.15033 0.23903 36 30 4 34 25 107 100.00000 0
692 5292 5.76014 0.00388 0.33689 0.19782 69 49 8 65 46 262 100.00000 0
9220 9566 4.98238 0.01442 0.24124 0.85318 232 176 12 230 177 679 100.00000 0
624 839 2.74927 0.00689 0.33177 0.40926 169 112 19 169 118 408 100.00000 0
238 9617 5.26543 0.00851 0.55645 0.29871 268 91 11 250 206 703 100.00000 0
730 5520 5.76009 0.00352 0.33472 0.20748 76 61 8 73 60 252 100.00000 0
2762 2943 5.50623 0.00276 0.37967 1.99312 33 22 3 31 21 139 100.00000 0
4834 9063 3.26490 0.00355 0.33272 0.82377 351 262 18 347 303 819 100.00000 0
3428 3504 3.00433 0.00365 1.14934 3.59706 10 7 1 5 4 78 100.00000 0
180 4600 4.99829 0.01107 0.84425 1.25180 354 79 3 346 289 877 100.00000 0
2786 2956 5.50623 0.00276 0.18542 0.78385 23 16 2 16 16 118 100.00000 0
3765 8378 3.76180 0.00195 0.24712 0.12820 101 73 8 101 77 470 100.00000 0
469 662 4.48750 0.01157 0.22928 0.76310 176 151 6 170 145 395 100.00000 0
7724 8225 2.28613 0.02288 0.38350 0.74808 78 43 18 78 44 395 100.00000 0
38 8928 4.48932 0.03103 0.78669 1.15182 402 43 0 396 347 1014 100.00000 0
9441 9567 5.47711 0.01355 0.17355 0.78084 236 213 12 234 189 581 100.00000 0
821 5566 5.76447 0.00851 0.13966 0.60393 115 96 7 106 85 361 100.00000 0
2882 3009 2.50514 0.00201 0.16328 0.40445 47 36 6 37 32 148 100.00000 0
509 5518 5.75906 0.00349 0.32259 0.17246 94 65 11 91 71 282 100.00000 0
170 4515 5.50803 0.01321 0.57222 0.75173 178 78 4 176 145 594 100.00000 0
697 5535 5.76011 0.00362 0.22369 0.23239 98 71 15 92 59 268 100.00000 0
7412 7636 5.14802 0.00805 0.37861 0.35608 60 35 12 56 25 453 100.00000 0
859 5475 4.99118 0.01208 0.11430 0.49889 180 161 15 170 139 499 100.00000 0
2642 2853 2.49517 0.00338 1.76880 0.48618 25 0 0 20 12 109 100.00000 0
607 5484 5.76007 0.00355 0.26456 0.18131 126 100 19 124 103 318 100.00000 0
616 5255 5.76010 0.00375 0.33712 0.20936 101 68 14 101 76 256 100.00000 0
2854 2949 4.26348 0.00338 0.14343 0.20558 31 22 5 24 21 142 100.00000 0
4830 9530 5.99743 0.00614 0.42854 0.46562 234 173 18 232 193 608 100.00000 0
1644 6451 2.59923 0.00637 0.35820 0.39067 353 264 9 345 304 1197 100.00000 0
805 5429 5.76007 0.00420 0.31248 0.31528 88 62 6 84 67 258 100.00000 0
589 5317 5.76010 0.00352 0.30609 0.23239 99 74 9 86 66 246 100.00000 0
2873 3130 3.40369 0.00129 0.85859 1.32854 30 5 0 20 16 158 100.00000 0
613 5152 5.51448 0.00854 0.42078 0.48133 81 44 6 72 52 262 100.00000 0
509 5234 5.75906 0.00365 0.26939 0.18131 93 61 11 89 61 238 100.00000 0
824 5529 5.51437 0.00807 0.15152 0.46814 93 78 12 91 73 310 100.00000 0
637 5587 5.76010 0.00331 0.28806 0.21670 100 75 9 96 81 285 100.00000 0
180 4742 4.99829 0.01107 0.81246 0.94543 327 72 0 309 265 853 100.00000 0
2855 3139 5.16025 0.00362 0.51127 0.26095 48 21 4 36 27 162 100.00000 0
5131 5330 4.74281 0.00817 0.36171 0.50976 147 113 17 147 109 352 100.00000 0
4415 4511 3.00470 0.00229 0.54657 0.16551 602 290 9 600 544 1166 100.00000 0
4416 4662 3.01478 0.00276 0.43320 0.12820 633 456 12 629 578 1196 100.00000 0
2818 2898 5.15198 0.00258 0.24647 0.15577 36 19 2 9 15 162 100.00000 0
5132 5519 4.24251 0.00872 0.38787 0.57061 148 103 7 145 111 366 100.00000 0
9433 9562 3.98874 0.01029 0.28831 0.67609 337 289 17 337 277 784 100.00000 0
560 5419 5.76010 0.00365 0.19379 0.22900 91 72 14 85 68 255 100.00000 0
505 5431 5.75906 0.00349 0.27929 0.17246 95 72 13 93 70 275 100.00000 0
568 5253 5.76010 0.00352 0.29026 0.47313 86 56 5 84 60 283 100.00000 0
526 5262 5.75906 0.00365 0.22203 0.31652 66 53 6 60 47 221 100.00000 0
565 5426 5.76007 0.00335 0.29909 0.20558 84 63 12 82 62 245 100.00000 0
4527 8977 2.76273 0.00644 0.48099 0.58751 435 234 13 425 376 1014 100.00000 0
4717 8986 5.00806 0.00442 0.58272 0.90222 315 105 1 294 251 765 100.00000 0
718 5123 3.02948 0.00711 0.31716 0.40154 172 129 9 167 136 444 100.00000 0
509 5574 5.75906 0.00349 0.37645 0.20558 110 72 7 106 78 312 100.00000 0
598 5505 5.76007 0.00355 0.24484 0.21489 106 81 10 96 72 299 100.00000 0
803 5208 5.76010 0.00448 0.37286 0.39762 99 68 17 92 69 282 100.00000 0
3609 7815 3.73973 0.03163 0.31050 0.35054 57 38 17 53 27 376 100.00000 0
4407 4662 5.50276 0.00600 0.42675 0.37846 280 190 13 274 237 712 100.00000 0
2802 2901 5.31603 0.00276 0.26611 0.60068 25 18 3 23 15 112 100.00000 0
827 5502 5.26637 0.00906 0.15754 0.51129 115 100 13 115 89 334 100.00000 0
200 4834 3.50415 0.00999 0.21329 0.34605 409 368 17 404 364 932 100.00000 0
2939 3484 2.12109 0.00085 0.47580 0.58551 28 18 0 23 20 112 100.00000 0
589 5470 5.76007 0.00335 0.31213 0.19180 109 75 18 103 71 265 100.00000 0
655 5361 5.76013 0.00355 0.27515 0.20558 91 69 7 85 65 276 100.00000 0
7415 7465 4.06448 0.00682 0.42055 0.38461 71 34 20 63 34 462 100.00000 0
196 9390 3.99583 0.00775 0.72745 0.96266 342 150 9 326 280 828 100.00000 0
694 5269 5.76014 0.00388 0.16226 0.19782 38 29 4 34 25 110 100.00000 0
7414 7619 4.41799 0.00714 0.33982 0.29739 63 37 9 60 37 409 100.00000 0
5502 5624 3.48971 0.01074 0.18334 0.74965 241 217 13 239 185 547 100.00000 0
694 5588 5.76011 0.00362 0.36501 0.18345 79 54 19 77 52 257 100.00000 0
2257 6994 4.08209 0.07691 0.20877 0.70276 298 260 17 296 219 834 100.00000 0
3610 8045 3.04054 0.03875 0.16036 0.33338 61 42 13 57 39 306 100.00000 0
690 5501 5.76011 0.00362 0.35561 0.18345 65 42 6 65 48 262 100.00000 0
2169 6932 3.24722 0.02336 0.16720 0.28939 239 215 12 235 203 907 100.00000 0
1608 6413 3.03325 0.00491 0.14938 0.39664 311 276 22 307 248 1055 100.00000 0
255 4911 3.51254 0.00276 0.12039 0.17017 330 310 15 328 293 809 100.00000 0
4411 4638 4.25808 0.00488 0.40440 0.26834 307 220 7 301 267 820 100.00000 0
4830 9369 5.99743 0.00614 0.51930 0.45970 217 116 28 213 173 627 100.00000 0
4845 9202 5.24484 0.01137 0.30996 0.99583 249 206 5 240 206 627 100.00000 0
738 5275 5.76012 0.00391 0.22942 0.23239 94 76 7 88 74 288 100.00000 0
2798 2954 5.50623 0.00276 0.33962 1.23480 16 11 3 11 7 95 100.00000 0
7417 7834 3.35859 0.00678 0.18586 0.29871 87 64 18 83 46 425 100.00000 0
2943 3508 4.60229 0.00483 0.84904 1.49646 11 5 0 2 8 65 100.00000 0
538 5598 5.75702 0.00309 0.37150 0.20748 91 62 18 87 57 312 100.00000 0
1917 6708 4.89900 0.04324 0.51821 0.37115 219 107 6 217 170 716 100.00000 0
7417 7491 3.35859 0.00678 0.18926 0.31404 79 52 13 79 44 457 100.00000 0
641 5567 5.76010 0.00331 0.31790 0.22029 98 72 11 94 71 267 100.00000 0
7765 8231 4.29496 0.08383 0.26220 0.94336 65 38 19 65 25 320 100.00000 0
542 5348 5.76010 0.00365 0.36947 0.23739 84 58 13 84 55 259 100.00000 0
2648 2893 5.50313 0.00352 0.46884 0.36045 37 23 6 37 28 123 100.00000 0
741 5275 5.76012 0.00391 0.28060 0.26834 93 69 14 89 69 275 100.00000 0
465 5113 3.54979 0.00843 0.33568 0.47064 161 119 15 151 117 495 100.00000 0
2716 2946 5.50623 0.00276 0.18446 0.42613 22 13 2 12 11 115 100.00000 0
4841 9094 2.29881 0.00761 0.45417 0.99740 537 346 11 514 463 1078 100.00000 0
8035 8229 3.53415 0.05928 0.29105 0.88027 58 38 13 56 29 378 100.00000 0
858 5454 4.49186 0.01228 0.15868 0.72793 164 139 6 160 129 457 100.00000 0
597 5574 5.76007 0.00355 0.35785 0.20174 114 70 12 109 82 324 100.00000 0
2866 3003 3.75352 0.00120 0.27306 0.09691 24 14 4 21 14 110 100.00000 0
818 5359 5.76518 0.00612 0.28661 0.34718 90 67 11 86 72 292 100.00000 0
2852 3092 5.15964 0.00309 0.16761 0.28255 27 17 4 27 15 128 100.00000 0
759 5476 5.76008 0.00365 0.36199 0.23903 103 73 14 101 74 268 100.00000 0
618 5493 5.76007 0.00355 0.33675 0.18131 105 76 5 103 79 301 100.00000 0
743 5487 5.76009 0.00365 0.29562 0.20367 133 104 11 123 102 338 100.00000 0
2677 2871 3.00794 0.00254 0.16028 0.31404 30 11 2 3 11 142 100.00000 0
476 791 2.23707 0.00837 0.10963 0.53229 220 210 9 216 174 500 100.00000 0
639 5407 5.76013 0.00355 0.28479 0.23407 103 69 13 93 72 301 100.00000 0
815 5598 5.76004 0.00391 0.32216 0.17694 103 61 22 101 66 308 100.00000 0
5286 5626 3.98857 0.01133 0.21951 0.65849 170 152 5 166 137 450 100.00000 0
2745 2942 5.50623 0.00276 0.16470 1.42601 18 9 1 14 10 139 100.00000 0
673 5513 5.76011 0.00362 0.24107 0.21122 79 66 9 79 58 238 100.00000 0
4407 4559 5.50276 0.00600 0.39408 0.36797 236 168 19 233 195 682 100.00000 0
906 5685 3.93834 0.21572 0.34321 0.66205 112 87 12 109 85 293 100.00000 0
757 846 5.23907 0.00699 0.36729 0.37009 75 52 7 75 52 315 100.00000 0
1441 6240 5.25644 0.01228 0.07092 0.63056 204 185 16 198 152 688 100.00000 0
525 5601 5.75298 0.00293 0.25426 0.24228 81 64 8 77 58 259 100.00000 0
825 5234 5.51543 0.00880 0.16229 0.49575 98 81 11 93 71 300 100.00000 0
7417 7567 3.35859 0.00678 0.16312 0.29871 80 64 14 80 55 463 100.00000 0
712 5453 5.76009 0.00352 0.28776 0.21122 97 79 8 97 75 302 100.00000 0
2690 2894 4.80128 0.00289 0.05718 0.18975 33 26 4 33 23 155 100.00000 0
610 5564 5.76007 0.00355 0.30551 0.22728 95 77 8 91 69 262 100.00000 0
7459 8235 5.74919 0.14540 0.73097 1.20008 50 19 18 50 18 318 100.00000 0
9391 9564 4.22732 0.01285 0.21116 0.82709 285 238 16 283 242 692 100.00000 0
763 5454 5.76008 0.00365 0.36965 0.44587 80 63 5 71 64 246 100.00000 0
2885 3217 2.36232 0.00154 0.75494 0.35388 19 3 3 12 11 129 100.00000 0
4831 9282 5.25511 0.00565 0.58558 0.28393 245 98 18 234 195 671 100.00000 0
1069 5843 3.00134 0.04549 0.22040 0.14804 104 98 1 98 93 408 100.00000 0
764 5591 5.76008 0.00365 0.29223 0.29342 105 73 14 99 75 298 100.00000 0
618 5408 5.76010 0.00375 0.28264 0.19782 77 56 10 75 52 302 100.00000 0
625 5289 5.76013 0.00355 0.23600 0.27411 83 61 14 83 58 275 100.00000 0
5286 5631 5.98884 0.00920 0.15111 0.57198 138 126 5 132 110 378 100.00000 0
5135 5580 3.24762 0.00749 0.23321 0.49811 172 150 4 170 145 373 100.00000 0
3618 7881 2.60556 0.16469 0.67837 1.24866 67 34 9 56 30 399 100.00000 0
667 5200 5.76014 0.00388 0.19597 0.19782 72 58 8 72 52 233 100.00000 0
786 5421 5.76007 0.00420 0.31895 0.31027 74 49 11 66 53 249 100.00000 0
758 5162 5.76011 0.00384 0.26842 0.24066 51 37 9 45 29 185 100.00000 0
703 5335 5.76012 0.00375 0.27772 0.27268 95 63 16 91 59 294 100.00000 0
493 5394 5.75802 0.00313 0.38352 0.26095 141 89 6 135 113 388 100.00000 0
753 5601 5.75405 0.00267 0.28565 0.20936 72 41 13 69 46 262 100.00000 0
817 5223 5.76414 0.00572 0.28558 0.32746 118 93 10 116 93 306 100.00000 0
712 5377 5.76012 0.00375 0.18758 0.21850 97 83 9 95 69 311 100.00000 0
622 5217 5.76013 0.00355 0.20655 0.31652 90 68 14 88 65 275 100.00000 0
178 4702 2.49700 0.01146 0.43396 0.93879 649 332 5 634 577 1272 100.00000 0
7412 7891 5.14802 0.00805 0.08445 0.35936 57 44 8 55 37 456 100.00000 0
7421 7903 2.29356 0.00784 0.30124 0.39762 86 71 6 80 53 537 100.00000 0
536 5217 5.76010 0.00365 0.24790 0.25488 85 63 13 82 62 260 100.00000 0
761 5123 3.02941 0.00714 0.29879 0.54823 173 136 5 166 132 448 100.00000 0
197 9468 3.00135 0.00623 0.60950 1.05906 445 240 4 429 388 934 100.00000 0
2722 2877 3.36014 0.00249 0.26578 0.22029 47 38 5 43 37 165 100.00000 0
181 4719 5.74550 0.01108 0.56978 0.91215 260 107 3 236 192 719 100.00000 0
628 5567 5.76010 0.00331 0.24392 0.22900 94 73 12 85 69 293 100.00000 0
2886 3369 2.36281 0.00146 1.37854 2.94663 15 6 0 3 6 98 100.00000 0
586 5358 5.76010 0.00352 0.36278 0.23739 96 59 14 92 63 304 100.00000 0
2796 2970 5.50400 0.00297 0.16057 0.20748 27 23 3 25 17 132 100.00000 0
2705 2908 5.50811 0.00289 0.23973 0.14804 37 29 4 37 23 125 100.00000 0
608 5572 5.76007 0.00355 0.29579 0.18131 91 65 10 89 63 260 100.00000 0
589 5493 5.76007 0.00335 0.27541 0.22029 100 76 15 96 66 257 100.00000 0
204 9271 4.99346 0.00951 0.47701 1.20853 300 188 4 277 241 755 100.00000 0
773 5141 4.27290 0.00902 0.20349 0.52190 90 76 5 90 66 299 100.00000 0
2351 7091 4.91370 0.08813 0.71507 1.13574 33 7 3 31 18 172 100.00000 0
7419 7564 3.00330 0.00704 0.32836 0.33804 105 71 22 101 75 508 100.00000 0
816 5173 5.76411 0.00557 0.28411 0.36904 88 65 5 81 64 244 100.00000 0
736 5433 5.76009 0.00365 0.36710 0.26393 80 53 10 76 56 307 100.00000 0
614 5480 5.76007 0.00355 0.30408 0.30001 91 60 8 81 65 297 100.00000 0
7417 8089 3.35859 0.00678 0.35746 0.29871 73 49 21 71 39 453 100.00000 0
3543 7334 2.68254 0.01378 0.36432 1.09217 15 5 2 13 5 131 100.00000 0
3547 7340 4.95620 0.00455 0.22021 0.31404 11 2 4 11 3 102 100.00000 0
13 107 4.01087 0.01965 0.88444 0.94253 259 11 2 257 217 763 100.00000 0
537 5293 5.76010 0.00365 0.35860 0.20748 99 66 9 99 80 307 100.00000 0
654 5527 5.76010 0.00331 0.36114 0.23903 98 74 5 96 70 322 100.00000 0
713 5277 5.76012 0.00375 0.23604 0.64407 82 59 5 78 62 287 100.00000 0
830 5335 4.77316 0.01005 0.33570 0.61166 107 73 9 102 72 320 100.00000 0
789 5305 5.76010 0.00448 0.33631 0.28667 112 76 7 110 82 310 100.00000 0
774 5471 5.76008 0.00365 0.36640 0.19782 77 50 8 77 57 256 100.00000 0
780 5556 5.76007 0.00420 0.26816 0.41871 40 26 9 38 29 133 100.00000 0
4419 4664 2.26736 0.00331 0.36917 0.18975 624 483 14 618 548 1191 100.00000 0
798 5188 5.76010 0.00448 0.25885 0.27976 82 56 12 78 56 273 100.00000 0
711 5512 5.76009 0.00352 0.25314 0.25023 95 76 13 93 64 263 100.00000 0
195 9456 5.24300 0.00884 0.67601 0.88691 262 110 12 248 210 716 100.00000 0
4730 8987 5.75288 0.00448 0.34165 0.65730 237 149 19 227 178 711 100.00000 0
629 5214 5.76013 0.00355 0.31706 0.20558 105 79 12 101 84 295 100.00000 0
602 5252 5.76010 0.00375 0.28031 0.30261 67 42 13 65 44 255 100.00000 0
2850 2972 4.61177 0.00234 0.82051 0.17471 18 1 0 6 6 109 100.00000 0
4582 8987 5.75288 0.00448 0.32276 1.10394 213 141 5 213 170 716 100.00000 0
756 5294 5.76012 0.00391 0.32454 0.24228 78 53 11 76 52 257 100.00000 0
173 4733 2.27585 0.01408 0.92863 0.83181 496 29 0 492 443 1057 100.00000 0
4845 9291 5.24484 0.01137 0.34580 1.04080 244 194 5 235 202 673 100.00000 0
9452 9568 5.98261 0.01374 0.22639 0.79525 238 212 8 234 186 666 100.00000 0
2628 2698 3.04998 0.00162 1.16533 1.03325 31 5 1 21 17 159 100.00000 0
9017 9228 3.73232 0.01135 0.13166 0.67551 455 433 10 445 398 949 100.00000 0
812 5310 5.76208 0.00471 0.33023 0.35827 89 60 9 81 59 250 100.00000 0
9012 9382 5.22723 0.01464 0.37870 0.91343 250 188 15 240 203 683 100.00000 0
716 5231 5.76012 0.00375 0.18340 0.25793 84 62 16 84 53 273 100.00000 0
756 5405 5.76012 0.00391 0.28671 0.23407 68 47 5 62 48 243 100.00000 0
7411 7868 5.31130 0.00801 0.28187 0.31898 60 41 7 56 39 420 100.00000 0
501 5488 5.75906 0.00349 0.28366 0.25023 82 67 8 77 65 240 100.00000 0
594 5511 5.76007 0.00355 0.29196 0.18557 76 55 9 70 51 278 100.00000 0
7412 7503 5.14802 0.00805 0.17165 0.32984 66 42 16 60 38 412 100.00000 0
708 5225 5.76012 0.00375 0.31508 0.22555 94 71 7 92 75 302 100.00000 0
2721 2940 5.50623 0.00276 0.31960 1.01375 12 9 1 12 9 87 100.00000 0
773 5576 5.76008 0.00365 0.32494 0.33102 71 47 9 71 50 286 100.00000 0
114 8939 2.51385 0.00932 0.34593 0.53522 393 311 12 386 327 950 100.00000 0
504 5402 5.75906 0.00365 0.33002 0.20174 81 50 19 77 50 237 100.00000 0
4664 4798 3.74543 0.00614 0.28794 0.58817 473 401 11 467 421 974 100.00000 0
785 5176 5.76010 0.00448 0.40433 0.25334 71 44 13 68 45 230 100.00000 0
3608 8090 4.44143 0.02539 0.23117 0.35277 58 45 10 55 34 354 100.00000 0
4703 8985 4.00247 0.00473 0.29600 0.78235 350 253 6 342 294 902 100.00000 0
504 5325 5.75906 0.00365 0.30314 0.18345 115 88 17 113 76 316 100.00000 0
678 5319 5.76014 0.00388 0.31217 0.31898 81 56 14 79 53 282 100.00000 0
4845 9331 5.24484 0.01137 0.36564 1.09647 247 181 6 223 197 658 100.00000 0
7417 7687 3.35859 0.00678 0.19536 0.31898 81 57 14 76 51 402 100.00000 0
634 5168 5.76013 0.00355 0.29295 0.21670 123 89 16 121 90 310 100.00000 0
3188 3505 3.19490 0.00372 0.20339 0.21850 8 7 0 5 6 76 100.00000 0
1603 6417 4.79619 0.00739 0.24334 0.49178 215 164 17 205 162 918 100.00000 0
3359 3504 3.00433 0.00365 0.29690 0.22728 16 11 5 16 11 100 100.00000 0
772 5486 5.76008 0.00365 0.32244 0.31898 106 79 6 101 72 320 100.00000 0
724 5315 5.76012 0.00375 0.29365 0.34035 82 52 14 78 53 257 100.00000 0
1804 6584 2.79251 0.02138 0.17813 0.22029 327 304 13 322 283 895 100.00000 0
666 5166 5.76014 0.00388 0.26395 0.20558 75 58 10 75 49 234 100.00000 0
823 5237 5.51441 0.00844 0.30067 0.55107 101 61 13 95 67 298 100.00000 0
7410 8078 5.66471 0.00793 0.23042 0.41307 53 29 9 46 32 407 100.00000 0
2862 3081 4.45679 0.00267 0.20956 0.24389 39 33 2 35 27 149 100.00000 0
757 5174 5.76011 0.00384 0.40297 0.23739 68 42 12 66 43 232 100.00000 0
559 845 4.73811 0.00726 0.17100 0.81709 96 65 7 89 65 305 100.00000 0
466 649 5.75249 0.01208 0.36610 0.70276 101 65 13 99 69 319 100.00000 0
817 5330 5.76414 0.00572 0.21936 0.41117 113 92 6 113 88 302 100.00000 0
813 5337 5.76312 0.00507 0.25935 0.34943 92 63 13 86 62 288 100.00000 0
2842 2981 5.70362 0.00263 0.22358 0.34150 14 9 3 11 8 76 100.00000 0
511 5204 5.75906 0.00365 0.40123 0.21489 91 54 12 83 57 279 100.00000 0
819 5152 5.52695 0.01203 0.39918 0.68756 77 45 5 73 57 231 100.00000 0
5136 5557 2.98822 0.00684 0.02133 0.51510 53 44 4 48 37 120 100.00000 0
525 5312 5.75906 0.00365 0.30118 0.22900 95 69 13 93 70 262 100.00000 0
524 5351 5.75906 0.00365 0.26930 0.18975 80 67 5 78 58 247 100.00000 0
7840 8225 2.28613 0.02288 0.34966 0.75069 91 52 19 81 40 461 100.00000 0
575 5527 5.76007 0.00335 0.24885 0.23573 104 82 15 98 81 282 100.00000 0
566 5139 3.77600 0.00983 0.18057 0.57607 124 98 13 124 90 335 100.00000 0
9417 9563 4.23589 0.01153 0.21376 0.81084 318 285 7 310 274 759 100.00000 0
643 5427 5.76010 0.00331 0.25826 0.30132 113 88 11 111 87 291 100.00000 0
629 5352 5.76013 0.00355 0.45136 0.28804 89 49 14 85 55 273 100.00000 0
170 4747 5.50803 0.01321 0.55893 0.51813 189 82 8 189 158 558 100.00000 0
627 5443 5.76010 0.00331 0.38197 0.20936 89 52 19 85 60 304 100.00000 0
471 663 3.76755 0.00958 0.41250 0.60845 198 137 6 196 156 504 100.00000 0
3574 7368 5.12772 0.01034 0.58007 0.10468 44 23 1 42 33 235 100.00000 0
4149 8766 4.50599 0.00808 0.33336 0.45456 276 201 18 272 215 689 100.00000 0
2860 3015 4.45676 0.00280 0.43246 1.02946 30 17 1 22 16 111 100.00000 0
686 5238 5.76014 0.00388 0.25834 0.22728 123 94 16 121 94 336 100.00000 0
740 5227 5.76012 0.00391 0.28907 0.23573 58 37 15 56 33 174 100.00000 0
9014 9355 4.48548 0.01408 0.32423 0.87402 441 350 14 433 392 905 100.00000 0
3618 8002 2.60556 0.16469 0.65557 1.21853 47 25 6 41 17 363 100.00000 0
674 5162 5.76014 0.00388 0.28515 0.21670 69 53 6 60 45 222 100.00000 0
4126 8746 3.25647 0.00860 0.34034 0.18131 493 398 12 489 432 1003 100.00000 0
733 5476 5.76009 0.00352 0.29558 0.25944 95 67 15 93 71 266 100.00000 0
779 5466 5.76007 0.00420 0.25617 0.28804 88 59 13 80 64 259 100.00000 0
4822 8994 3.99224 0.01119 0.30703 0.63304 329 241 23 329 251 878 100.00000 0
196 9526 3.99583 0.00775 0.74509 0.79179 302 112 12 291 250 794 100.00000 0
513 5585 5.75906 0.00349 0.22540 0.27124 87 71 7 83 65 262 100.00000 0
2861 3067 4.45676 0.00249 0.31848 0.13988 20 10 4 20 11 92 100.00000 0
528 5214 5.76010 0.00365 0.30491 0.18975 101 75 9 95 80 298 100.00000 0
600 5124 2.29426 0.00640 0.23193 0.34492 171 141 9 162 134 484 100.00000 0
9332 9558 2.74003 0.01196 0.25872 0.72632 496 424 15 490 426 995 100.00000 0
774 5380 5.76011 0.00384 0.35462 0.23239 103 70 13 103 76 273 100.00000 0
687 5181 5.76014 0.00388 0.30874 0.34150 77 59 9 68 55 281 100.00000 0
692 5471 5.76011 0.00362 0.27281 0.19180 75 60 4 73 58 250 100.00000 0
2467 7210 5.36861 0.04845 0.48993 0.59083 19 15 0 17 11 96 100.00000 0
682 5365 5.76014 0.00388 0.34693 0.19782 92 65 16 89 71 253 100.00000 0
2239 6970 3.88318 0.27431 0.70056 1.38762 333 226 20 327 151 896 100.00000 0
773 5509 5.76008 0.00365 0.33974 0.19584 80 50 12 76 56 286 100.00000 0
2873 3138 3.40369 0.00129 0.26328 0.09691 27 21 3 25 19 129 100.00000 0
3035 7307 5.91211 0.01396 0.27610 0.69210 8 6 1 8 6 54 100.00000 0
4245 8860 3.74995 0.00567 0.28271 0.26541 449 393 21 449 385 1219 100.00000 0
2867 3006 3.75377 0.00098 0.42246 0.70388 54 33 4 41 31 174 100.00000 0
3621 8104 4.62224 0.24686 0.55454 1.74876 56 13 10 49 19 303 100.00000 0
582 5161 5.76010 0.00352 0.44474 0.22728 65 37 4 65 49 241 100.00000 0
597 5204 5.76010 0.00375 0.23847 0.28393 98 70 10 84 61 287 100.00000 0
2900 3479 2.30588 nan 0.23144 0.12511 24 13 8 22 15 159 100.00000 0
9018 9468 3.23317 0.01109 0.16142 0.69041 441 410 9 439 388 980 100.00000 0
2813 2957 5.50623 0.00276 0.11247 0.59215 21 12 2 15 11 101 100.00000 0
2882 3131 2.50514 0.00201 0.22818 0.33102 32 25 3 28 23 125 100.00000 0
838 5603 3.02041 0.00689 0.35233 0.35388 182 144 12 178 143 489 100.00000 0
641 5304 5.76013 0.00355 0.25997 0.20558 77 54 11 71 58 235 100.00000 0
1006 5783 4.75662 0.00169 0.16726 0.88204 10 3 3 8 4 61 100.00000 0
825 5406 5.51543 0.00880 0.10955 0.51205 113 98 11 113 84 337 100.00000 0
777 845 4.73811 0.00659 0.15907 0.56441 97 79 8 87 68 280 100.00000 0
3617 7577 2.04257 0.14352 0.71077 1.31284 44 20 2 37 22 380 100.00000 0
747 5482 5.76009 0.00365 0.31935 0.22029 99 71 17 97 66 287 100.00000 0
585 5242 5.76010 0.00352 0.28140 0.36045 88 69 12 88 57 293 100.00000 0
573 5480 5.76007 0.00335 0.28417 0.19180 105 80 10 105 78 322 100.00000 0
740 5453 5.76009 0.00365 0.40530 0.35498 77 45 6 75 54 229 100.00000 0
806 5292 5.76010 0.00448 0.25567 0.32865 109 80 18 105 72 288 100.00000 0
713 5304 5.76012 0.00375 0.29214 0.21122 87 67 5 77 65 267 100.00000 0
7496 8235 5.74919 0.14540 0.73428 1.16197 35 5 10 33 8 280 100.00000 0
779 5410 5.76010 0.00448 0.32647 0.24866 100 73 10 98 63 288 100.00000 0
7423 7954 2.11100 0.00728 0.45646 0.41590 121 69 6 116 78 515 100.00000 0
713 5409 5.76012 0.00375 0.37868 0.21489 85 52 6 78 57 261 100.00000 0
7417 8059 3.35859 0.00678 0.19996 0.30390 68 55 3 60 46 426 100.00000 0
1819 6600 2.83743 0.05263 0.09111 0.28531 418 403 10 416 370 1109 100.00000 0
469 779 4.48752 0.01239 0.13516 0.74019 161 146 8 159 127 384 100.00000 0
698 5388 5.76014 0.00388 0.23335 0.21670 93 76 8 83 74 309 100.00000 0
613 5154 5.76912 0.00829 0.23941 0.47724 87 67 11 81 64 284 100.00000 0
7417 8147 3.35859 0.00678 0.18012 0.30132 55 41 10 55 34 390 100.00000 0
498 5297 5.75609 0.00280 0.23855 0.13706 82 68 6 82 56 281 100.00000 0
717 5357 5.76012 0.00375 0.32922 0.40445 88 49 12 86 65 301 100.00000 0
2991 7309 3.76567 0.01253 0.41703 2.79876 19 4 1 8 9 80 100.00000 0
4831 9275 5.25511 0.00565 0.50575 0.57539 234 121 25 228 192 659 100.00000 0
9396 9561 3.48080 0.01001 0.13973 0.61739 424 392 21 418 348 904 100.00000 0
856 5281 3.51913 0.01175 0.27452 0.57743 181 140 11 175 150 479 100.00000 0
1871 6656 4.06525 0.00814 0.09570 0.35388 292 270 14 282 236 1042 100.00000 0
2821 2972 5.50401 0.00301 0.20000 0.28116 10 6 1 6 6 76 100.00000 0
544 5606 5.74696 0.00544 0.44380 0.30390 88 45 10 86 57 288 100.00000 0
859 5591 4.99118 0.01208 0.11909 0.74336 136 125 6 134 100 384 100.00000 0
471 701 3.76755 0.00958 0.40628 0.63180 170 101 12 164 128 452 100.00000 0
675 5559 5.76011 0.00362 0.33422 0.22206 74 53 7 71 51 222 100.00000 0
2861 2996 4.45676 0.00249 0.51995 0.41965 22 5 3 14 9 107 100.00000 0
773 5216 5.76011 0.00384 0.27903 0.32865 90 65 11 90 65 275 100.00000 0
502 5187 5.75906 0.00365 0.21017 0.22381 99 70 13 97 64 298 100.00000 0
695 846 5.23906 0.00706 0.39634 0.43341 93 68 4 88 68 346 100.00000 0
672 5201 5.76014 0.00388 0.34935 0.31528 84 53 17 75 51 289 100.00000 0
650 5395 5.76013 0.00355 0.29824 0.20558 91 67 14 87 65 290 100.00000 0
2857 3223 5.16025 0.00369 0.83780 0.24708 20 3 2 12 10 127 100.00000 0
510 5150 5.51929 0.00834 0.24028 0.51586 123 88 14 121 88 314 100.00000 0
509 5432 5.75906 0.00349 0.38563 0.17246 116 69 12 110 77 325 100.00000 0
3618 7860 2.60556 0.16469 0.77808 1.29513 60 37 5 60 39 309 100.00000 0
664 5234 5.76014 0.00388 0.23798 0.33804 96 69 9 96 73 270 100.00000 0
709 5245 5.76012 0.00375 0.29255 0.25944 89 65 12 84 62 278 100.00000 0
550 5573 5.76007 0.00352 0.37039 0.21850 114 71 17 108 93 299 100.00000 0
2843 7303 3.95073 0.01130 1.24089 3.28301 13 4 2 13 8 87 100.00000 0
778 5549 5.76007 0.00420 0.35566 0.23070 92 61 7 90 74 266 100.00000 0
718 5314 5.76012 0.00375 0.18187 0.38155 87 52 14 78 48 242 100.00000 0
171 4668 4.26189 0.01286 0.93049 0.55107 278 11 0 276 247 765 100.00000 0
585 5281 5.76010 0.00352 0.20349 0.20936 103 89 12 99 66 306 100.00000 0
676 5244 5.76014 0.00388 0.33018 0.21850 97 71 15 95 70 260 100.00000 0
467 534 5.25448 0.01113 0.47339 0.82139 110 59 10 103 80 345 100.00000 0
704 5577 5.76009 0.00352 0.31108 0.20936 88 61 10 83 68 280 100.00000 0
9205 9560 3.23995 0.01153 0.22682 0.69830 389 346 17 387 329 856 100.00000 0
568 5361 5.76010 0.00352 0.33124 0.20174 89 65 11 87 65 244 100.00000 0
533 5574 5.76007 0.00352 0.23853 0.22381 102 84 11 96 83 296 100.00000 0
675 5264 5.76014 0.00388 0.23624 0.23407 71 52 9 69 46 189 100.00000 0
602 5504 5.76007 0.00355 0.27690 0.44057 81 54 6 75 52 258 100.00000 0
2119 6881 5.15517 0.01373 0.31945 0.91771 182 122 12 178 142 961 100.00000 0
564 5534 5.76007 0.00352 0.24840 0.17471 96 70 13 90 65 296 100.00000 0
3608 7546 4.44143 0.02539 0.27068 0.35608 59 47 8 59 38 368 100.00000 0
3611 7646 2.14091 0.04769 0.18527 0.52339 87 58 21 87 53 413 100.00000 0
805 5554 5.76007 0.00420 0.21286 0.38461 78 54 14 75 53 194 100.00000 0
638 5393 5.76013 0.00355 0.31515 0.21306 101 75 6 97 76 274 100.00000 0
1192 5972 5.79989 0.02195 0.68427 1.00054 16 7 1 14 13 82 100.00000 0
5174 5628 4.73314 0.00980 0.10321 0.70053 183 170 6 179 155 416 100.00000 0
9018 9395 3.23317 0.01109 0.13034 0.68643 460 423 14 454 388 1001 100.00000 0
617 5330 5.76010 0.00375 0.26433 0.22900 88 65 16 83 61 283 100.00000 0
9017 9191 3.73232 0.01135 0.16514 0.70109 441 416 14 437 384 956 100.00000 0
612 5347 5.76010 0.00375 0.28518 0.23239 108 78 11 104 72 317 100.00000 0
4363 8949 4.01293 0.00517 0.21507 0.21122 337 282 24 333 282 861 100.00000 0
7423 8035 2.11100 0.00728 0.44760 0.38765 110 57 16 106 65 479 100.00000 0
2837 2931 5.50885 0.00285 0.73786 1.66130 14 6 1 14 9 59 100.00000 0
702 5422 5.76009 0.00352 0.32352 0.20558 94 62 20 88 58 288 100.00000 0
504 5473 5.75906 0.00349 0.36139 0.22555 92 55 30 92 63 245 100.00000 0
692 5505 5.76011 0.00362 0.26750 0.42521 102 74 9 100 78 300 100.00000 0
2622 2683 4.09686 0.00301 0.36065 0.21306 33 25 3 30 26 143 100.00000 0
825 5480 5.51538 0.00847 0.13621 0.49496 114 93 13 110 85 347 100.00000 0
532 5313 5.76010 0.00365 0.31397 0.26393 90 49 12 86 51 265 100.00000 0
5103 9808 5.77801 0.00894 0.62795 0.38563 245 71 6 239 200 619 100.00000 0
1081 5858 2.63845 0.04063 0.27725 0.22206 125 108 5 125 109 608 100.00000 0
4834 9454 3.26490 0.00355 0.31968 0.67955 393 296 19 389 343 848 100.00000 0
806 5535 5.76007 0.00420 0.33166 0.25793 97 62 16 97 66 313 100.00000 0
558 5218 5.76010 0.00365 0.35437 0.22555 94 53 16 92 62 279 100.00000 0
3270 3501 2.46790 0.00375 0.37254 0.52414 11 6 1 9 6 75 100.00000 0
544 5205 5.76010 0.00365 0.33900 0.21670 103 68 14 99 74 279 100.00000 0
2873 3298 3.40369 0.00129 0.34285 0.27976 30 19 2 24 19 146 100.00000 0
7411 7553 5.31130 0.00801 0.24285 0.33804 73 52 6 71 55 424 100.00000 0
510 5396 5.75906 0.00365 0.33004 0.27554 95 60 10 89 61 250 100.00000 0
2849 3271 5.51013 0.00267 0.47320 0.60263 13 5 5 13 7 102 100.00000 0
1579 6369 2.26715 0.01215 0.06928 0.14804 306 288 11 296 250 906 100.00000 0
695 5203 5.76014 0.00388 0.25143 0.23739 89 63 17 80 61 269 100.00000 0
608 5175 5.76010 0.00375 0.31601 0.36369 38 27 4 36 29 140 100.00000 0
785 5406 5.76010 0.00448 0.38722 0.25334 94 67 7 88 74 257 100.00000 0
799 5576 5.76007 0.00420 0.29611 0.26834 93 64 12 91 65 299 100.00000 0
2630 2747 2.85202 0.00195 0.79469 0.39762 36 5 0 28 22 208 100.00000 0
764 5526 5.76008 0.00365 0.29898 0.41496 92 59 10 90 66 280 100.00000 0
4420 4733 2.00341 0.00352 0.23966 0.26095 724 668 14 720 664 1275 100.00000 0
844 5616 3.01003 0.00493 0.40830 0.14265 232 160 6 222 196 486 100.00000 0
826 5398 5.51545 0.00916 0.08062 0.56023 112 103 6 110 90 285 100.00000 0
7410 7723 5.66471 0.00793 0.22401 0.34150 56 41 9 56 31 381 100.00000 0
2620 2750 4.29672 0.00372 0.67969 1.17002 27 12 0 9 16 155 100.00000 0
9040 9562 3.98232 0.01495 0.29142 0.98118 357 284 19 352 292 818 100.00000 0
4449 4795 3.02844 0.00675 0.53373 0.48457 509 300 8 503 457 1066 100.00000 0
705 5165 5.76012 0.00375 0.34448 0.22206 71 45 9 67 50 238 100.00000 0
809 5156 5.76921 0.00840 0.30598 0.57946 64 42 10 62 40 268 100.00000 0
536 5391 5.76010 0.00365 0.28254 0.22900 86 66 6 80 64 273 100.00000 0
617 5544 5.76007 0.00355 0.35196 0.23070 108 65 17 100 78 282 100.00000 0
585 5307 5.76010 0.00352 0.30088 0.25641 86 54 20 84 55 275 100.00000 0
4956 9686 2.49343 0.01458 0.27455 0.39167 390 328 19 386 344 985 100.00000 0
518 5215 5.75906 0.00365 0.34642 0.30390 74 48 11 70 57 290 100.00000 0
2797 2882 3.90086 0.00313 0.35582 0.38461 42 33 3 42 31 148 100.00000 0
3619 7599 3.16805 0.19056 0.91791 1.42437 47 6 13 45 17 314 100.00000 0
746 5313 5.76012 0.00391 0.22306 0.44057 91 64 8 83 63 278 100.00000 0
7416 7949 3.71116 0.00701 0.24828 0.34035 75 46 12 73 48 475 100.00000 0
526 5576 5.75906 0.00349 0.32027 0.36262 61 37 15 61 43 218 100.00000 0
2823 2965 5.50544 0.00272 0.27611 0.65492 20 7 1 6 7 93 100.00000 0
10356 10420 2.75268 0.00704 0.33232 0.28116 258 195 11 241 214 628 100.00000 0
7419 7801 3.00330 0.00704 0.40791 0.36691 114 77 20 114 70 482 100.00000 0
604 5532 5.76007 0.00355 0.37546 0.18131 78 51 8 70 52 274 100.00000 0
819 5403 5.76145 0.00699 0.26884 0.40154 99 72 9 95 74 316 100.00000 0
555 5257 5.76010 0.00365 0.33251 0.37325 79 45 17 73 49 230 100.00000 0
2791 2904 5.31661 0.00309 0.19956 0.23739 39 27 7 36 24 136 100.00000 0
7720 8225 2.28613 0.02288 0.35591 0.75173 62 36 11 58 35 382 100.00000 0
2886 3315 2.36281 0.00146 0.35123 0.19979 25 12 4 18 17 100 100.00000 0
621 5470 5.76007 0.00355 0.21670 0.27124 105 86 11 105 79 296 100.00000 0
3606 7737 5.89001 0.01551 0.24206 0.36262 51 35 13 51 30 306 100.00000 0
806 5372 5.76010 0.00448 0.25797 0.25179 90 67 12 88 61 237 100.00000 0
2971 3492 2.65828 0.00183 0.30917 0.42613 18 11 4 18 12 108 100.00000 0
665 5532 5.76011 0.00362 0.32812 0.18131 96 62 11 90 61 269 100.00000 0
739 5283 5.76012 0.00391 0.25365 0.31279 57 33 12 53 25 216 100.00000 0
822 5368 5.76542 0.00879 0.16316 0.53741 110 89 14 108 76 304 100.00000 0
649 5411 5.76013 0.00355 0.21550 0.22381 101 74 14 93 65 275 100.00000 0
743 5361 5.76012 0.00391 0.31945 0.26980 94 64 16 94 66 294 100.00000 0
4408 8971 3.01129 0.00896 0.35652 0.48214 412 331 17 410 362 1026 100.00000 0
5320 5630 5.73902 0.00913 0.23434 0.67260 149 126 11 143 107 410 100.00000 0
827 5263 5.26636 0.00937 0.17981 0.56232 54 44 2 52 41 173 100.00000 0
611 5481 5.76007 0.00355 0.28430 0.18131 125 95 14 122 98 305 100.00000 0
511 5390 5.75906 0.00365 0.35746 0.19383 88 56 13 86 59 271 100.00000 0
1394 6193 4.28445 0.00384 0.22922 0.37220 144 110 14 144 107 545 100.00000 0
799 5217 5.76010 0.00448 0.31446 0.26688 93 67 11 91 70 335 100.00000 0
5132 5436 4.24251 0.00872 0.32003 0.65252 127 101 10 117 100 344 100.00000 0
713 5552 5.76009 0.00352 0.30483 0.62683 70 43 5 70 48 228 100.00000 0
4633 8974 5.26538 0.00841 0.79211 0.52265 240 30 7 228 190 699 100.00000 0
801 5370 5.76010 0.00448 0.32302 0.25179 130 88 16 124 97 342 100.00000 0
780 5448 5.76007 0.00420 0.28499 0.25334 72 44 8 68 47 256 100.00000 0
7723 8228 3.18384 0.04762 0.29417 0.83697 78 52 14 78 41 450 100.00000 0
542 5257 5.76010 0.00365 0.19117 0.31279 85 67 7 77 54 266 100.00000 0
4845 9437 5.24484 0.01137 0.35411 1.18035 228 189 6 223 186 658 100.00000 0
817 5470 5.76414 0.00539 0.25382 0.38155 109 82 12 105 79 309 100.00000 0
519 5172 5.75906 0.00365 0.23923 0.18767 84 58 10 79 59 264 100.00000 0
587 5279 5.76010 0.00352 0.24615 0.20174 66 41 15 59 37 233 100.00000 0
673 5177 5.76014 0.00388 0.27741 0.20174 55 39 6 50 36 200 100.00000 0
336 4989 4.25823 0.00468 0.09652 0.35388 294 279 11 292 252 832 100.00000 0
505 5363 5.75906 0.00365 0.26623 0.18345 78 56 8 75 55 269 100.00000 0
841 5581 2.52740 0.00953 0.20899 0.50668 248 215 14 244 194 536 100.00000 0
4111 8737 5.28143 0.00736 0.29179 0.49968 259 195 24 253 193 695 100.00000 0
1228 6016 3.00531 0.08885 0.12449 1.08498 30 15 11 27 15 143 100.00000 0
770 5485 5.76008 0.00365 0.28226 0.28116 86 57 13 79 53 263 100.00000 0
654 5355 5.76013 0.00355 0.33085 0.23407 96 62 9 88 68 270 100.00000 0
518 5298 5.75906 0.00365 0.37450 0.21306 97 65 9 97 75 297 100.00000 0
512 5407 5.75906 0.00365 0.32000 0.20748 68 41 13 62 46 250 100.00000 0
808 5258 5.76010 0.00448 0.22834 0.24866 94 68 12 92 59 300 100.00000 0
506 5344 5.75906 0.00365 0.20810 0.19180 85 64 9 81 54 293 100.00000 0
2652 7310 3.70348 0.00952 0.11348 0.60781 12 7 2 7 7 105 100.00000 0
555 5266 5.76010 0.00365 0.57921 0.21670 8 2 1 5 2 42 100.00000 0
663 5295 5.76014 0.00388 0.28531 0.19979 115 84 16 111 84 302 100.00000 0
4426 8982 2.75117 0.00365 0.40844 0.58148 476 290 9 462 404 1090 100.00000 0
2856 3132 5.16025 0.00365 0.49091 0.57335 33 9 6 17 12 147 100.00000 0
2970 3485 2.12247 0.00138 0.20697 0.45370 14 8 0 10 8 59 100.00000 0
2887 3212 2.36232 0.00120 1.29508 3.13825 17 4 0 2 8 87 100.00000 0
197 9528 3.00135 0.00623 0.63749 0.84163 391 177 5 381 307 903 100.00000 0
2634 2800 2.50015 0.00120 0.29897 0.22029 34 25 4 29 23 191 100.00000 0
720 5294 5.76012 0.00375 0.32247 0.21670 96 68 17 96 64 296 100.00000 0
798 5576 5.76007 0.00420 0.11210 0.58013 73 54 7 67 50 276 100.00000 0
2779 2963 5.50623 0.00276 0.07721 0.25793 33 28 4 33 23 137 100.00000 0
498 5337 5.75609 0.00280 0.31375 0.13706 90 69 7 82 68 353 100.00000 0
546 5226 5.76010 0.00365 0.27294 0.23739 96 76 10 92 67 298 100.00000 0
687 5389 5.76014 0.00388 0.26063 0.20174 88 67 7 86 64 301 100.00000 0
7418 7469 3.17752 0.00675 0.42364 0.30647 74 37 15 68 38 414 100.00000 0
765 5309 5.76011 0.00384 0.33491 0.21670 82 52 7 78 56 256 100.00000 0
713 5399 5.76012 0.00375 0.39734 0.29074 80 48 13 80 55 246 100.00000 0
574 5310 5.76010 0.00352 0.29489 0.22029 89 62 12 87 62 272 100.00000 0
527 5120 4.76253 0.00896 0.26610 0.60781 126 98 14 120 88 370 100.00000 0
703 5166 5.76012 0.00375 0.28804 0.21489 88 66 7 82 63 258 100.00000 0
2870 3030 3.60996 0.00154 0.40827 0.44146 42 24 1 39 32 160 100.00000 0
2860 3176 4.45676 0.00280 0.70847 3.87161 39 2 2 17 16 159 100.00000 0
7855 8229 3.53415 0.05928 0.43518 0.89307 68 40 13 61 25 389 100.00000 0
3240 7309 3.76422 0.01193 0.20963 3.92146 11 2 0 5 5 103 100.00000 0
799 5194 5.76010 0.00448 0.26027 0.26393 114 88 20 114 78 288 100.00000 0
772 5454 5.76008 0.00365 0.34837 0.19979 84 46 23 73 52 306 100.00000 0
4415 4615 3.00470 0.00229 0.53752 0.14537 587 316 5 582 534 1117 100.00000 0
620 5381 5.76010 0.00375 0.25857 0.23903 101 77 16 99 79 255 100.00000 0
1731 6520 3.77862 0.00868 0.25439 0.18975 274 223 21 270 225 776 100.00000 0
538 5311 5.76010 0.00365 0.21189 0.25023 82 69 4 80 65 253 100.00000 0
623 5153 5.76917 0.00834 0.27200 0.53082 70 53 10 66 49 259 100.00000 0
756 5204 5.76012 0.00391 0.32455 0.24708 69 44 6 62 43 245 100.00000 0
183 8997 5.01451 0.00752 0.34977 0.40830 205 148 5 186 173 629 100.00000 0
543 5142 4.27291 0.00867 0.12358 0.48133 99 85 10 93 70 319 100.00000 0
2636 2875 5.50403 0.00276 0.26133 0.17694 39 36 2 37 33 136 100.00000 0
2696 2932 5.50623 0.00276 0.20047 0.16551 35 22 1 9 20 135 100.00000 0
809 5354 5.76010 0.00448 0.25215 0.27836 75 53 9 69 51 230 100.00000 0
493 5367 5.75802 0.00313 0.35894 0.19979 117 88 5 113 94 360 100.00000 0
691 5558 5.76011 0.00362 0.27316 0.41401 49 33 3 49 33 174 100.00000 0
539 5586 5.76007 0.00352 0.35167 0.18345 117 81 15 113 79 300 100.00000 0
662 5528 5.76011 0.00362 0.32387 0.31279 63 39 8 54 42 221 100.00000 0
626 5376 5.76013 0.00355 0.27453 0.21306 95 75 13 92 63 293 100.00000 0
755 5256 5.76012 0.00391 0.32779 0.22029 95 57 21 87 55 272 100.00000 0
2630 2748 2.85202 0.00195 0.53201 0.05595 29 9 0 24 19 151 100.00000 0
571 5349 5.76010 0.00352 0.25501 0.37949 105 77 10 103 77 332 100.00000 0
9159 9556 2.23071 0.01017 0.07127 0.61929 589 575 12 585 523 1175 100.00000 0
530 5322 5.76010 0.00365 0.33011 0.19584 87 63 7 85 67 268 100.00000 0
816 5328 5.76411 0.00557 0.23767 0.31652 86 64 8 80 56 269 100.00000 0
515 5151 5.51343 0.00837 0.28834 0.50358 79 57 4 72 54 240 100.00000 0
779 5394 5.76010 0.00448 0.34626 0.24866 99 70 10 95 73 323 100.00000 0
715 5279 5.76012 0.00375 0.37475 0.34492 83 61 9 81 66 217 100.00000 0
3275 3500 2.46855 0.00331 0.27742 0.66205 14 9 2 11 7 83 100.00000 0
604 5357 5.76010 0.00375 0.30569 0.23903 77 51 9 73 54 267 100.00000 0
679 5224 5.76014 0.00388 0.21875 0.27411 92 60 15 88 54 287 100.00000 0
4409 4556 5.01173 0.00493 0.46810 0.33102 312 194 10 312 258 802 100.00000 0
615 5270 5.76010 0.00375 0.25053 0.27268 77 60 10 77 54 245 100.00000 0
791 5375 5.76010 0.00448 0.27425 0.36584 89 61 10 85 61 325 100.00000 0
3620 7721 4.28765 0.21820 0.65574 1.60010 56 22 4 54 23 332 100.00000 0
785 5544 5.76007 0.00420 0.32564 0.35827 87 66 6 83 66 247 100.00000 0
195 9080 5.24300 0.00884 0.68808 0.78484 248 105 18 241 219 676 100.00000 0
4375 8964 3.25281 0.00644 0.30092 0.32143 417 357 17 415 356 898 100.00000 0
1765 6544 4.26179 0.00375 0.39832 0.15323 293 187 10 273 222 928 100.00000 0
2703 2934 5.50623 0.00276 0.18643 0.22728 21 17 2 19 13 105 100.00000 0
604 5592 5.76007 0.00355 0.33856 0.18975 100 63 22 96 61 293 100.00000 0
516 5343 5.75906 0.00365 0.25855 0.25488 125 104 6 120 93 352 100.00000 0
689 5212 5.76014 0.00388 0.33748 0.20174 86 58 9 84 64 271 100.00000 0
536 5586 5.76007 0.00352 0.27704 0.18557 113 95 4 111 91 313 100.00000 0
689 5569 5.76011 0.00362 0.19664 0.19180 94 70 18 90 63 238 100.00000 0
2771 2898 5.15198 0.00258 0.18471 0.50046 46 36 5 46 32 142 100.00000 0
2870 3205 3.60996 0.00154 0.51307 0.05595 33 18 4 28 23 148 100.00000 0
3618 7852 2.60556 0.16469 0.60640 1.28085 60 31 4 57 33 371 100.00000 0
544 5152 5.51448 0.00836 0.31256 0.48618 71 47 6 60 43 218 100.00000 0
7707 8227 3.03536 0.03772 0.31799 0.88337 82 44 15 71 37 449 100.00000 0
755 5545 5.76009 0.00365 0.28304 0.20367 86 56 12 76 52 313 100.00000 0
805 5305 5.76010 0.00448 0.31808 0.25793 101 79 5 94 75 317 100.00000 0
4877 9615 5.00797 0.00869 0.34148 0.23070 213 158 12 207 170 737 100.00000 0
3325 3504 3.00433 0.00365 0.30355 0.33338 13 8 2 11 10 76 100.00000 0
2845 3093 5.70498 0.00272 0.31716 0.12511 30 21 0 28 21 150 100.00000 0
777 5527 5.76007 0.00420 0.30050 0.29475 92 74 10 85 75 288 100.00000 0
9021 9489 2.49885 0.00958 0.18324 0.60003 598 560 14 590 529 1139 100.00000 0
661 5361 5.76013 0.00355 0.31768 0.27268 105 80 11 103 82 290 100.00000 0
631 5351 5.76013 0.00355 0.27817 0.21670 107 75 14 105 72 314 100.00000 0
676 5372 5.76014 0.00388 0.32935 0.20174 97 72 10 97 66 282 100.00000 0
624 5187 5.76013 0.00355 0.27370 0.24866 72 52 8 70 55 244 100.00000 0
687 5490 5.76011 0.00362 0.27888 0.21122 103 76 11 95 77 281 100.00000 0
7410 7740 5.66471 0.00793 0.25653 0.41871 65 45 5 63 34 361 100.00000 0
4410 4647 4.75744 0.00488 0.21552 0.28255 344 297 20 342 282 824 100.00000 0
838 5557 3.02854 0.01079 0.42576 0.67724 67 39 5 62 47 179 100.00000 0
512 5164 5.75906 0.00365 0.26588 0.23070 89 59 15 84 52 261 100.00000 0
9352 9568 5.98261 0.01374 0.13718 0.78534 246 220 16 244 191 643 100.00000 0
4646 8983 2.50115 0.00403 0.35339 0.77430 551 411 6 547 480 1201 100.00000 0
747 5203 5.76012 0.00391 0.26230 0.22206 71 51 9 67 44 242 100.00000 0
4843 9171 3.74695 0.00991 0.42059 0.90222 350 219 9 337 265 838 100.00000 0
2881 3112 2.50572 0.00224 0.20707 0.15577 45 34 7 43 33 159 100.00000 0
204 9135 4.99346 0.00951 0.42359 1.08462 275 182 6 271 226 755 100.00000 0
2860 3129 4.45676 0.00280 0.53750 1.63327 33 19 3 22 19 144 100.00000 0
565 5439 5.76007 0.00335 0.29557 0.24228 94 69 13 90 63 234 100.00000 0
4652 8983 2.50115 0.00403 0.36843 0.67493 568 417 4 555 517 1194 100.00000 0
519 5444 5.75906 0.00349 0.36344 0.29074 90 64 8 88 69 264 100.00000 0
3540 7325 3.25400 0.00703 0.39709 0.30774 22 12 4 22 14 145 100.00000 0
4693 8975 4.50705 0.00633 0.71518 0.52039 239 42 7 236 197 717 100.00000 0
1634 6455 4.05985 0.00567 0.47453 0.34035 281 170 12 275 222 1051 100.00000 0
806 5573 5.76007 0.00420 0.34683 0.30519 90 56 13 76 61 318 100.00000 0
2713 2914 5.50749 0.00258 0.30036 0.26244 20 10 7 16 9 140 100.00000 0
737 5374 5.76012 0.00391 0.27638 0.21850 94 63 15 92 65 305 100.00000 0
504 5530 5.75906 0.00349 0.34897 0.23739 90 51 19 88 61 245 100.00000 0
3201 3498 2.29906 0.00316 1.74165 6.53501 20 6 1 17 13 95 100.00000 0
681 5351 5.76014 0.00388 0.27828 0.19782 106 77 15 104 69 290 100.00000 0
837 5260 3.51851 0.01083 0.12905 0.60393 150 138 6 148 125 383 100.00000 0
7904 8226 2.48245 0.02932 0.62924 0.80600 79 22 10 73 38 453 100.00000 0
2868 2952 2.70684 0.00129 0.36181 0.16786 49 34 6 49 36 152 100.00000 0
4170 8790 2.77162 0.00610 0.18721 0.36691 436 396 12 426 385 895 100.00000 0
4832 9025 2.77199 0.00517 0.69420 0.43701 453 156 6 445 397 959 100.00000 0
2864 3146 4.10531 0.00218 0.39148 0.11869 30 14 4 27 16 142 100.00000 0
828 5295 5.01648 0.00949 0.24586 0.69154 105 70 7 103 76 319 100.00000 0
821 5476 5.76447 0.00851 0.13062 0.60133 109 96 5 105 78 350 100.00000 0
2735 2918 5.50749 0.00258 0.44347 0.18345 23 16 0 17 12 113 100.00000 0
574 5511 5.76007 0.00335 0.28493 0.19584 82 65 8 74 57 269 100.00000 0
860 5403 5.50938 0.01132 0.17838 0.66735 156 126 9 156 122 421 100.00000 0
710 5479 5.76009 0.00352 0.34486 0.35827 112 75 10 110 82 300 100.00000 0
719 5517 5.76009 0.00352 0.33173 0.23070 90 62 10 86 60 273 100.00000 0
655 5188 5.76013 0.00355 0.18828 0.39167 84 65 9 80 60 237 100.00000 0
203 9550 2.76263 0.00555 0.70393 0.70276 461 173 4 451 392 995 100.00000 0
830 5155 4.78224 0.01476 0.23550 0.92408 98 75 5 90 75 298 100.00000 0
545 5474 5.76007 0.00352 0.33261 0.19180 74 45 9 74 49 240 100.00000 0
538 5347 5.76010 0.00365 0.18880 0.42978 96 77 16 94 70 253 100.00000 0
667 5518 5.76011 0.00362 0.30712 0.35277 79 53 6 77 55 228 100.00000 0
181 4583 5.74550 0.01108 0.54107 1.04978 247 105 5 229 182 738 100.00000 0
554 5579 5.76007 0.00352 0.20358 0.32385 102 78 9 93 72 296 100.00000 0
30 107 4.01087 0.01965 0.86094 0.92957 264 7 1 260 230 757 100.00000 0
2822 2889 4.25512 0.00293 0.34035 1.37402 29 18 0 13 16 136 100.00000 0
7413 7484 4.60366 0.00783 0.21731 0.35718 82 58 13 82 53 437 100.00000 0
739 5275 5.76012 0.00391 0.38076 0.24389 84 49 19 73 48 249 100.00000 0
2883 3183 2.50514 0.00176 1.00561 1.54129 40 5 0 32 26 155 100.00000 0
4473 4795 3.02844 0.00675 0.50649 0.46140 542 356 6 533 494 1137 100.00000 0
406 9782 5.55152 0.05314 0.33441 0.13122 225 141 28 223 167 695 100.00000 0
596 5173 5.76010 0.00375 0.30386 0.20936 98 70 11 92 70 319 100.00000 0
717 5250 5.76012 0.00375 0.24819 0.22029 99 77 11 91 68 282 100.00000 0
571 841 3.23906 0.00616 0.29022 0.35388 158 121 7 156 118 409 100.00000 0
493 5563 5.75802 0.00309 0.30168 0.19180 103 75 5 93 75 293 100.00000 0
583 5350 5.76010 0.00352 0.40480 0.24066 88 53 12 81 62 278 100.00000 0
194 4820 5.75624 0.00947 0.23962 0.75381 191 156 7 187 160 506 100.00000 0
2996 7308 5.01280 0.01337 0.24575 2.03586 22 2 0 19 16 105 100.00000 0
4419 4704 2.26736 0.00331 0.36948 0.18975 544 426 20 539 476 1120 100.00000 0
3609 7640 3.73973 0.03163 0.15575 0.39366 64 41 16 62 38 394 100.00000 0
2855 3351 5.16025 0.00362 1.43384 0.47478 12 1 1 7 3 92 100.00000 0
823 5456 5.51439 0.00813 0.20029 0.50745 100 75 12 93 73 311 100.00000 0
766 5428 5.76008 0.00365 0.34319 0.19782 91 66 10 89 64 294 100.00000 0
38 105 3.01384 0.01774 1.41377 0.69154 310 0 0 301 245 824 100.00000 0
195 9041 5.24965 0.00677 0.70971 0.84904 240 107 23 230 188 698 100.00000 0
7416 7996 3.71116 0.00701 0.25605 0.45284 65 40 9 56 39 373 100.00000 0
721 5208 5.76012 0.00375 0.30083 0.25334 94 74 8 92 75 273 100.00000 0
795 5172 5.76010 0.00448 0.32284 0.29871 77 49 9 74 53 261 100.00000 0
7798 8235 5.74919 0.14540 0.65572 1.15927 38 11 7 36 13 291 100.00000 0
4755 8983 2.50115 0.00403 0.33792 0.83322 523 386 10 515 466 1117 100.00000 0
2989 3508 3.70888 0.00582 0.28271 0.37325 21 9 1 5 9 109 100.00000 0
625 5573 5.76010 0.00331 0.32287 0.19383 99 68 12 95 71 290 100.00000 0
685 5214 5.76014 0.00388 0.31708 0.29342 112 75 17 110 85 321 100.00000 0
860 5609 5.00701 0.00958 0.22504 0.42704 154 115 7 151 124 394 100.00000 0
811 5310 5.76010 0.00448 0.38489 0.32746 78 44 9 74 46 232 100.00000 0
2606 7295 5.20429 0.00659 0.42235 0.80600 18 10 0 16 16 122 100.00000 0
786 5293 5.76010 0.00448 0.35070 0.29475 69 45 3 69 53 248 100.00000 0
4736 8987 5.75288 0.00448 0.35516 0.66558 255 162 13 245 209 744 100.00000 0
803 5595 5.76007 0.00420 0.34065 0.26688 113 82 12 109 88 333 100.00000 0
668 846 5.23906 0.00706 0.28357 0.53668 92 73 13 83 57 342 100.00000 0
499 5284 5.75709 0.00313 0.15002 0.27411 91 74 11 83 64 285 100.00000 0
2829 2928 5.50901 0.00276 0.20240 0.69492 16 8 2 6 8 83 100.00000 0
2773 2900 5.15338 0.00285 0.17647 0.49099 27 21 4 25 19 92 100.00000 0
616 5574 5.76007 0.00355 0.31667 0.19383 93 71 11 93 69 269 100.00000 0
4843 9175 3.74695 0.00991 0.44317 1.04117 397 255 8 387 317 896 100.00000 0
9020 9426 2.73424 0.01050 0.06856 0.60974 547 527 13 539 473 1075 100.00000 0
755 5481 5.76009 0.00365 0.33559 0.28116 86 53 17 84 45 255 100.00000 0
2712 2976 5.85550 0.00324 0.40693 0.83790 18 10 2 13 6 148 100.00000 0
3649 8276 4.71869 0.21442 0.21890 0.37009 73 51 10 68 46 391 100.00000 0
723 5587 5.76009 0.00352 0.28380 0.23070 64 49 10 62 47 208 100.00000 0
798 5166 5.76010 0.00448 0.16594 0.31404 92 70 11 85 62 288 100.00000 0
682 5298 5.76014 0.00388 0.41013 0.24066 82 42 16 76 57 281 100.00000 0
7509 8231 4.29496 0.08383 0.26783 0.91685 70 56 11 66 42 378 100.00000 0
800 5316 5.76010 0.00448 0.31123 0.25488 90 63 8 88 67 254 100.00000 0
823 5297 5.51441 0.00844 0.27967 0.52414 106 73 10 106 76 347 100.00000 0
4832 9481 4.50677 0.00526 0.50099 0.61357 433 278 17 431 376 882 100.00000 0
4039 8656 2.79265 0.00375 0.06395 0.63796 602 563 26 598 513 1157 100.00000 0
7712 8232 4.44091 0.09872 0.75411 1.13918 60 20 11 60 21 401 100.00000 0
9076 9561 3.48080 0.01001 0.09291 0.61038 381 351 26 377 310 868 100.00000 0
4510 8984 3.26063 0.00406 0.51400 0.72253 471 270 2 462 420 1052 100.00000 0
611 5149 5.51931 0.00813 0.16472 0.45456 124 94 18 119 88 326 100.00000 0
692 5221 5.76014 0.00388 0.29115 0.20558 89 60 16 87 60 248 100.00000 0
2711 2976 5.85550 0.00324 0.26640 0.74072 20 12 2 18 13 122 100.00000 0
2939 7315 2.84714 0.00567 0.31285 0.93293 8 5 2 4 5 77 100.00000 0
3610 7956 3.04054 0.03875 0.16653 0.34035 79 64 8 79 49 465 100.00000 0
725 5506 5.76009 0.00352 0.40310 0.45456 63 35 8 61 41 243 100.00000 0
713 5357 5.76012 0.00375 0.33942 0.27695 82 55 8 77 59 238 100.00000 0
3984 8596 4.50888 0.00154 0.22042 0.53522 138 109 9 131 103 442 100.00000 0
4409 4704 5.01173 0.00493 0.50110 0.28116 244 132 6 242 199 715 100.00000 0
3611 8132 2.14091 0.04769 0.20019 0.43969 110 91 13 108 64 438 100.00000 0
4903 9633 2.80668 0.02044 0.29828 0.21670 398 318 14 390 334 934 100.00000 0
2809 2864 2.30075 0.00234 0.26978 0.16551 45 30 8 40 25 142 100.00000 0
779 5376 5.76010 0.00448 0.31655 0.33338 76 47 14 74 56 228 100.00000 0
649 5378 5.76013 0.00355 0.31377 0.20936 96 67 10 94 69 284 100.00000 0
856 5564 3.51911 0.01169 0.21241 0.58484 210 186 10 206 163 500 100.00000 0
4410 4664 4.75744 0.00488 0.30062 0.26834 340 270 25 332 286 785 100.00000 0
682 5307 5.76014 0.00388 0.32416 0.21122 87 53 20 85 51 252 100.00000 0
1655 6406 2.25801 0.00498 0.07793 0.26095 375 349 18 371 302 1209 100.00000 0
595 5452 5.76007 0.00355 0.28962 0.22381 98 67 14 96 65 289 100.00000 0
202 9111 2.75091 0.00871 0.56780 1.04193 433 253 7 418 365 855 100.00000 0
551 5528 5.76007 0.00352 0.31647 0.23407 92 64 12 92 71 257 100.00000 0
624 5538 5.76010 0.00331 0.31591 0.22029 92 62 13 83 67 271 100.00000 0
842 5591 2.03014 0.00991 0.18885 0.56093 219 199 11 219 180 525 100.00000 0
574 5547 5.76007 0.00335 0.28062 0.20367 97 76 9 89 65 309 100.00000 0
473 5136 5.50333 0.00521 0.48524 0.26980 77 37 3 73 55 235 100.00000 0
2752 2884 3.90148 0.00297 0.10292 0.17914 48 43 2 48 39 139 100.00000 0
560 5123 3.02944 0.00691 0.26171 0.41307 166 136 7 164 128 478 100.00000 0
496 5447 5.75605 0.00258 0.27300 0.22206 96 73 13 92 62 278 100.00000 0
818 5176 5.76518 0.00612 0.24217 0.40542 63 39 11 59 39 217 100.00000 0
716 5314 5.76012 0.00375 0.14908 0.43341 61 39 14 51 36 208 100.00000 0
734 5575 5.76009 0.00352 0.39463 0.22029 82 49 12 80 58 302 100.00000 0
530 5246 5.76010 0.00365 0.36872 0.27411 79 49 11 75 57 242 100.00000 0
643 5378 5.76013 0.00355 0.19195 0.48779 99 68 19 95 62 298 100.00000 0
580 5409 5.76010 0.00352 0.23019 0.21850 83 72 9 83 66 252 100.00000 0
2750 7302 4.85441 0.01096 1.71216 0.66676 11 0 0 11 7 94 100.00000 0
3270 7317 4.06734 0.00827 0.98254 0.41496 7 1 3 4 2 63 100.00000 0
9256 9566 4.98238 0.01442 0.17677 0.89351 240 203 2 240 188 644 100.00000 0
796 5305 5.76010 0.00448 0.30643 0.25334 101 73 13 101 72 302 100.00000 0
1891 6678 3.38834 0.01770 0.25057 1.01143 322 278 16 318 265 937 100.00000 0
275 4927 2.25629 0.00921 0.09288 0.23903 497 474 15 491 433 1134 100.00000 0
658 5137 3.05690 0.00913 0.37335 0.54536 126 85 5 124 89 325 100.00000 0
10349 10437 4.75743 0.01140 0.43377 0.12195 146 83 9 140 111 532 100.00000 0
798 5501 5.76007 0.00420 0.30620 0.28939 101 72 15 99 68 286 100.00000 0
3610 7917 3.04054 0.03875 0.28246 0.40348 73 54 12 70 50 421 100.00000 0
2961 3483 2.12111 nan 0.25867 0.21306 20 17 1 17 16 87 100.00000 0
669 5356 5.76014 0.00388 0.23805 0.31775 86 63 14 82 56 248 100.00000 0
529 5482 5.76007 0.00352 0.30756 0.19180 88 67 12 86 67 272 100.00000 0
674 5585 5.76011 0.00362 0.29374 0.32626 106 79 12 103 79 288 100.00000 0
2786 2882 3.90086 0.00313 0.28609 0.22381 44 35 6 42 33 165 100.00000 0
218 4860 3.55003 0.01068 0.39866 0.61929 380 298 11 380 324 978 100.00000 0
693 5454 5.76011 0.00362 0.26767 0.33688 79 57 5 75 58 283 100.00000 0
7422 8186 2.11073 0.00750 0.25654 0.40926 114 85 13 112 82 496 100.00000 0
646 5395 5.76013 0.00355 0.28254 0.28255 115 91 14 113 83 311 100.00000 0
19 105 3.01384 0.01774 1.24994 0.74756 323 0 0 319 265 803 100.00000 0
526 5388 5.75906 0.00365 0.23252 0.18767 65 47 16 61 46 235 100.00000 0
805 5607 5.99118 0.00448 0.36254 0.33920 107 68 7 101 80 311 100.00000 0
2756 2953 5.50623 0.00276 1.50489 6.83202 10 5 0 2 6 64 100.00000 0
