0.02173 0.02489 0.00134
0.01962 0.01505 0.00049
0.01785 0.01272 0.01832
0.02751 0.03033 0.01210
0.02939 0.04293 0.02585
0.03005 0.02460 0.01866
0.01960 0.01948 0.01699
0.02417 0.03351 0.00093
0.01744 0.01377 0.00073
0.01690 0.01930 0.00187
0.01252 0.01590 0.00110
0.02254 0.03043 0.01880
0.02227 0.03499 0.01984
0.02139 0.03554 0.01951
0.01577 0.02032 0.01572
0.01563 0.02190 0.00111
0.01987 0.01776 0.00554
0.01262 0.01586 0.00841
0.01597 0.01587 0.00185
0.01782 0.01916 0.00525
0.02466 0.03472 0.00992
0.02517 0.02218 0.00712
0.02230 0.02555 0.00132
0.01927 0.02014 0.01856
0.02278 0.02970 0.00436
0.02517 0.02666 0.00276
0.02140 0.02016 0.00623
0.01905 0.02608 0.00759
0.01457 0.01383 0.02309
0.02235 0.01758 0.00064
0.02173 0.02952 0.01866
0.02482 0.03587 0.01888
0.01277 0.01379 0.00677
0.02149 0.03260 0.01441
0.02021 0.01974 0.00105
0.02124 0.03409 0.01838
0.01592 0.01836 0.01915
0.01929 0.02179 0.02015
0.01898 0.02160 0.00532
0.01926 0.02220 0.01878
0.02661 0.03612 0.00176
0.02344 0.03169 0.01885
0.01101 0.01167 0.01846
0.01667 0.01902 0.00057
0.02130 0.02398 0.01862
0.01845 0.02340 0.01850
0.02058 0.02667 0.01040
0.02540 0.03100 0.01874
0.02221 0.03091 0.01850
0.01112 0.01171 0.00049
0.01704 0.01717 0.01848
0.01820 0.01969 0.00109
0.02861 0.02990 0.01505
0.01623 0.02316 0.02334
0.01845 0.01923 0.00732
0.01947 0.02266 0.00812
0.02397 0.02242 0.01846
0.01969 0.02372 0.01877
0.02245 0.03160 0.00719
0.02982 0.02474 0.01016
0.02411 0.02166 0.02173
0.01940 0.02373 0.01852
0.01670 0.02870 0.01163
0.03183 0.03431 0.02228
0.01754 0.02164 0.01969
0.01702 0.01990 0.01648
0.04017 0.03273 0.01856
0.02311 0.02715 0.00631
0.01932 0.03355 0.01110
0.02873 0.01876 0.00920
0.02377 0.02293 0.00136
0.01517 0.01194 0.01840
0.01624 0.02439 0.01465
0.01672 0.02151 0.00113
0.01921 0.03165 0.02124
0.02209 0.03207 0.00635
0.02042 0.01490 0.02948
0.01740 0.01758 0.01852
0.01992 0.02083 0.00309
0.03023 0.03194 0.00094
0.01563 0.02300 0.01647
0.01852 0.02212 0.01190
0.02332 0.02731 0.02019
0.02163 0.02514 0.00267
0.01855 0.02045 0.02090
0.01666 0.01784 0.01383
0.03092 0.02491 0.01202
0.02357 0.03833 0.02152
0.02425 0.02167 0.02014
0.03354 0.02805 0.02195
0.01953 0.02342 0.02000
0.02577 0.02275 0.00446
0.02238 0.02383 0.00535
0.02624 0.03109 0.01900
0.02103 0.02397 0.00975
0.01532 0.01389 0.00670
0.02465 0.03998 0.01840
0.02263 0.02542 0.01041
0.01980 0.02087 0.01017
0.02059 0.02025 0.00287
0.02301 0.01667 0.01857
0.01306 0.01577 0.00544
0.02039 0.02724 0.00961
0.01768 0.01853 0.00187
0.02476 0.02287 0.00990
0.01844 0.02448 0.01673
0.03055 0.03481 0.01255
0.01871 0.02644 0.00319
0.02562 0.01973 0.01851
0.01292 0.01155 0.00112
0.02690 0.02927 0.02174
0.02206 0.03166 0.01859
0.02010 0.02718 0.02256
0.02155 0.03221 0.00620
0.01689 0.01365 0.01874
0.01349 0.01669 0.01396
0.02272 0.03325 0.02387
0.01328 0.01398 0.01909
0.01941 0.01884 0.00380
0.01704 0.01858 0.01460
0.01954 0.01808 0.02485
0.01846 0.02565 0.01991
0.01622 0.01915 0.01910
0.01654 0.02118 0.00605
0.02171 0.02435 0.02204
0.02326 0.03132 0.01962
0.02024 0.02558 0.01883
0.02135 0.02527 0.00638
0.01200 0.01240 0.00529
0.02927 0.02482 0.00173
0.02630 0.02477 0.01912
0.01759 0.02336 0.00163
0.03165 0.02434 0.02001
0.01939 0.02088 0.02650
0.01637 0.02337 0.01853
0.01532 0.01359 0.00883
0.01865 0.02370 0.00631
0.02317 0.03146 0.01757
0.02341 0.03270 0.01486
0.01778 0.02476 0.01996
0.02480 0.03328 0.01831
0.01669 0.02240 0.01846
0.02527 0.03903 0.01974
0.01924 0.02696 0.01850
0.01222 0.01223 0.00601
0.02638 0.01955 0.00224
0.02177 0.02957 0.01063
0.02482 0.03287 0.00666
0.02476 0.02120 0.02311
0.01840 0.02222 0.00669
0.01144 0.01238 0.00049
0.01825 0.02337 0.00150
0.03774 0.03142 0.00404
0.01908 0.02097 0.01885
0.02227 0.02514 0.01722
0.02786 0.03041 0.01973
0.02962 0.02547 0.00761
0.02799 0.02457 0.01107
0.01916 0.02050 0.00997
0.02069 0.02594 0.00169
0.01803 0.02011 0.01842
0.02486 0.04238 0.02676
0.01659 0.02468 0.01095
0.01343 0.01306 0.00624
0.02600 0.03080 0.00232
0.03891 0.04359 0.02484
0.02272 0.01665 0.01891
0.01950 0.02592 0.00556
0.02162 0.02148 0.01263
0.02614 0.03039 0.02012
0.03106 0.02855 0.00410
0.01349 0.01637 0.00262
0.01025 0.01102 0.00057
0.02488 0.04088 0.02892
0.02200 0.03102 0.01835
0.01104 0.01304 0.01073
0.02387 0.02958 0.01694
0.01892 0.01691 0.00526
0.01779 0.01807 0.01968
0.02159 0.01577 0.02035
0.01811 0.02687 0.00302
0.01752 0.02348 0.00632
0.01719 0.01570 0.00824
0.01732 0.01851 0.00376
0.01844 0.01919 0.00928
0.01739 0.01324 0.00656
0.02670 0.03883 0.02269
0.02138 0.02877 0.01885
0.02481 0.02230 0.00982
0.02611 0.02765 0.01983
0.01135 0.01266 0.00142
0.01601 0.01458 0.01857
0.02034 0.02497 0.00197
0.01597 0.01517 0.01874
0.01338 0.01486 0.00061
0.02761 0.02285 0.00061
0.01889 0.02387 0.01863
0.02610 0.02567 0.00065
0.02737 0.04408 0.01905
0.01996 0.02129 0.00696
