5988 8036 10.63461 2.17040 0.61481 2.48144 48 0 0 45 41
4788 7095 10.81350 3.14082 2.17872 1.01568 135 0 0 127 76
1414 5052 10.33247 0.36931 0.34111 0.43160 188 12 51 186 140
5077 6904 10.86195 3.00305 0.68910 2.39784 61 2 1 53 42
5152 6832 10.06994 3.13832 0.89622 1.89837 33 0 0 29 12
1383 4966 10.28066 0.07490 0.41793 0.62870 61 3 5 58 47
5412 6699 10.68882 2.38054 0.74100 1.28420 39 0 1 26 21
283 8736 11.53186 0.06029 0.40134 0.42058 65 1 2 65 50
1444 5046 10.90901 0.33415 0.40523 0.78932 143 3 1 131 101
5416 6686 11.19655 2.12976 0.78199 0.94460 49 1 0 46 26
568 3789 11.33644 0.02823 0.29575 1.53748 68 1 5 62 26
4743 7181 10.95530 2.92613 1.75261 0.82234 17 0 0 12 7
551 3799 10.99034 0.03162 0.57071 1.17636 78 2 7 74 59
451 3708 11.51139 0.00466 0.49451 0.59938 35 0 4 35 24
1481 5085 11.31140 0.16682 0.40487 0.80988 123 7 7 121 99
1602 5348 11.99639 0.01276 0.57987 0.70776 23 0 1 16 13
6308 7718 11.32889 3.08737 0.83633 1.65114 17 0 0 13 4
38 3387 11.50802 0.00420 2.40926 0.96388 130 0 0 124 107
4678 7207 11.63310 2.48294 1.30163 2.00389 88 0 0 86 51
39 8586 11.48626 0.03120 0.50659 2.80896 19 0 1 7 9
4737 7202 11.02315 2.65492 1.49073 0.38155 26 0 0 23 10
4701 7233 10.63455 1.64708 1.51756 2.67927 91 0 0 79 47
1378 4993 10.70005 0.01567 0.56625 0.69323 98 0 0 94 64
1555 5205 10.74876 0.00984 0.22249 0.56993 26 5 3 24 19
1082 4433 11.63277 0.06594 0.33279 0.96672 179 4 12 170 141
342 8893 11.77738 0.01828 0.77741 0.82756 88 0 0 84 73
5111 6866 10.18816 3.12082 1.40922 1.70249 42 0 0 35 17
6031 8030 10.30772 3.13107 0.56343 3.71805 31 0 1 24 20
3300 8461 11.51975 0.00966 0.28330 0.86048 51 4 4 44 36
3309 8438 11.77066 0.01154 0.41747 0.58884 67 1 3 67 48
787 4003 11.50998 0.01277 0.61052 0.85866 40 2 1 38 29
570 3792 10.40776 0.02981 0.30431 1.69512 84 5 15 77 68
1524 5135 11.01220 0.00244 0.43786 0.70388 37 0 1 32 26
797 4017 10.74661 0.01164 0.28907 0.66793 30 4 2 28 23
2948 6004 10.19878 1.18354 0.34053 1.80667 34 1 0 29 21
5390 6681 11.48172 2.06655 0.79627 1.57868 81 5 4 77 28
2963 8097 10.74930 0.02549 0.33155 1.26083 19 2 2 15 9
1587 5217 10.75116 0.01148 0.21332 0.25023 63 4 8 59 31
2916 5965 10.05853 0.09146 0.18364 2.05804 37 3 5 35 19
17 3387 11.50802 0.00420 2.44057 0.72739 119 0 0 117 107
6310 7717 11.61955 3.08949 0.48136 1.60718 18 1 0 18 6
3625 8929 10.11312 0.03816 0.57830 0.82282 234 1 4 232 204
1326 7027 10.51857 2.99876 2.03948 2.17529 124 0 0 110 49
336 8867 11.13984 0.02555 0.63576 1.40193 160 2 0 156 111
1600 6738 11.81658 3.13946 1.34891 0.43341 27 0 0 18 7
1414 5015 11.07950 0.08558 0.35196 0.62181 140 14 18 127 102
737 3942 10.32301 0.84648 1.02410 1.63829 57 1 2 53 22
1482 6872 10.04486 3.12266 1.31060 1.24395 90 0 0 77 46
42 3414 11.75156 0.02822 0.88221 3.58845 28 0 0 17 18
6142 7877 11.44315 3.13854 1.48828 1.20950 72 0 0 64 39
128 3419 11.74596 0.01835 0.62096 0.63180 55 2 1 48 40
4796 7122 11.95018 3.03352 2.16641 1.66671 35 0 0 29 23
1100 4418 10.65491 0.05900 0.27918 0.54104 167 24 29 151 132
1495 5102 10.99809 0.02144 0.30703 1.04305 51 2 3 46 37
941 4172 10.52709 0.02551 0.50837 1.33998 143 4 17 138 106
2698 5646 11.29122 0.15585 0.46028 0.98039 52 1 1 50 25
504 3733 10.98126 0.01194 0.12364 0.67493 70 8 10 68 51
3277 8396 10.19108 0.42275 0.88090 1.54180 42 0 1 38 18
1522 5132 11.52055 0.00711 0.38130 0.85088 19 1 2 12 14
1449 6912 11.35509 2.89181 0.88925 2.32978 65 0 1 61 44
1237 7135 10.41648 3.08859 1.09311 1.46740 39 0 0 36 22
3223 8324 11.32034 0.02473 0.39226 0.92493 67 4 19 56 47
2934 5949 10.19149 0.03884 0.13015 2.22915 50 8 9 50 34
4771 7103 10.65832 3.09293 2.01181 1.49331 80 0 0 74 20
1537 6800 10.97155 3.13928 1.39666 3.63001 21 0 0 13 9
4736 7121 10.95820 3.11465 1.09103 1.39044 50 0 0 42 30
1012 4325 10.68182 0.02837 0.16457 1.40333 74 9 8 70 40
108 8610 10.49891 0.04796 0.40454 0.56232 47 5 8 40 37
5097 6852 11.69156 3.12546 1.54473 0.83743 47 0 0 41 16
5084 6894 10.58147 3.04418 1.18962 2.03028 136 0 0 126 100
3234 8402 11.47139 0.97493 0.48861 0.58950 33 1 0 33 23
1364 4931 11.87389 0.01883 0.61892 0.45542 162 0 3 160 111
546 3770 11.35102 0.04734 0.51977 1.11030 92 0 0 84 58
45 100 11.49053 0.02079 2.11085 0.33338 18 0 0 16 8
1637 6693 11.63501 2.20014 1.03670 1.17136 37 0 0 35 16
3168 8276 11.53381 0.07247 0.64602 0.77126 14 0 1 8 4
49 3414 11.75156 0.02822 2.20531 1.07520 36 0 0 32 23
1143 4551 10.01507 0.07036 0.48679 1.05462 250 0 2 248 189
3280 8398 11.13507 0.37005 0.80935 0.88779 26 0 0 26 13
102 3428 11.50927 0.05388 0.26497 0.43879 39 4 8 33 29
5010 6968 11.29138 2.95108 0.54107 1.50168 70 0 6 59 44
1213 7223 11.34054 1.90211 1.14237 1.15182 80 0 0 77 42
5048 6896 11.73193 2.63804 0.93119 2.25203 100 0 1 96 72
243 8697 10.88567 0.03663 0.68240 2.12283 69 3 5 67 56
4691 7164 11.27247 3.02844 1.32230 1.92702 81 0 0 66 25
3233 8398 10.80862 0.87012 0.23499 0.24066 28 5 8 28 14
880 4105 11.93766 0.04189 0.32241 2.14977 67 2 11 65 38
5994 8067 10.56765 1.58472 0.84113 2.57131 40 0 0 38 27
1213 4645 10.41249 0.08131 0.08513 1.93917 50 1 5 37 25
3279 8399 10.36215 0.33464 0.59951 1.15454 42 4 1 40 19
1215 4647 11.38444 0.07990 0.35292 1.08751 83 1 8 75 39
3200 8307 10.45604 0.16594 0.32481 1.54028 131 10 19 129 72
6037 7988 11.05039 3.13779 1.26234 3.53646 14 0 0 11 6
1624 5383 11.25008 0.02525 0.50600 1.31581 12 0 4 7 6
25 8585 10.74196 0.02857 0.77847 3.85387 29 0 2 15 16
1279 4835 10.99875 0.05521 0.64731 1.20593 82 0 5 77 48
5230 6759 11.88507 3.12304 0.88968 1.30716 122 0 0 116 70
1068 4364 11.00272 0.03437 0.43042 0.56093 82 4 5 78 62
8856 8910 10.38949 0.03636 0.59126 2.09854 142 0 0 138 96
3361 8501 10.24352 0.00476 0.29253 0.37949 72 3 6 66 47
3426 8620 11.04902 0.02550 0.22477 0.23739 69 6 12 62 51
981 4224 11.26091 0.41318 0.53727 2.57405 77 7 6 73 35
168 3467 10.54856 0.01504 0.39476 0.34035 119 0 6 104 91
5217 6790 11.76252 3.13150 1.36765 2.56033 9 0 0 3 4
5301 6767 11.10638 3.12139 4.64330 15.21628 5 0 0 1 2
532 3783 11.79261 0.01484 0.41800 0.22555 85 0 0 85 64
229 3516 11.83603 0.02063 0.47129 1.18465 35 0 2 31 18
5407 6672 11.61022 1.98239 0.76359 1.16500 45 0 1 34 20
105 3405 10.30328 0.02403 0.41056 1.14637 48 0 1 46 29
1250 7179 10.82512 3.00906 1.43848 0.40734 21 0 0 19 8
6134 7909 11.09334 3.13980 1.29001 0.58551 37 0 0 31 8
1538 6800 10.00986 3.13936 1.37215 2.50155 30 0 0 30 19
3233 8332 11.28283 0.19775 0.47311 1.80146 61 0 2 59 29
1250 7185 11.46706 2.97565 1.75654 0.30390 23 0 0 12 8
367 8881 11.25742 0.03415 0.58569 0.36904 233 0 11 230 205
8851 8903 10.87758 0.03191 0.54695 1.78202 100 0 3 98 64
7163 7227 11.30097 1.23672 0.44379 1.43613 68 3 4 61 46
1263 7139 11.60710 3.04318 1.52519 1.04978 24 0 0 12 8
1622 5377 10.00534 0.02559 9.11992 1.46714 11 0 0 8 5
1177 4562 11.54704 0.05295 0.45477 1.16969 126 6 4 121 114
3029 8133 10.50345 0.01303 0.66056 0.73754 48 0 2 35 24
1409 6925 10.24348 2.87217 0.57047 2.53374 89 0 1 79 50
2665 5613 10.83734 0.09575 0.06674 1.14227 123 24 19 119 96
1678 5403 10.94540 1.13851 0.99949 0.90396 41 0 0 41 25
5416 6678 11.92093 2.03890 0.93309 1.88679 52 0 0 49 21
2735 5688 10.25589 0.08270 0.29010 1.22780 22 0 5 15 11
1592 6749 10.57266 3.13709 0.90168 1.77167 43 0 1 32 21
1248 7191 10.42904 2.91139 1.72629 0.42887 37 0 0 34 16
1426 5071 11.44287 0.45463 0.65748 0.68300 116 2 0 111 91
192 8650 11.83438 0.01129 0.18382 0.56924 54 1 9 50 36
3047 8150 10.53539 0.03481 0.23569 1.16432 100 6 19 95 88
3469 8646 11.29900 0.00978 0.35620 0.52860 65 5 8 63 53
1213 4706 11.12573 0.09906 0.63876 2.50452 54 3 3 42 19
1099 4475 10.85715 0.05417 0.45894 0.22029 131 7 8 123 97
421 3656 11.26950 0.01192 0.28047 0.41965 320 29 57 318 296
662 3879 10.00162 0.02537 0.30061 0.37430 166 24 30 166 140
65 8585 10.74196 0.02857 0.65463 5.35877 34 0 1 26 22
869 4131 11.49482 0.00704 0.40641 0.31153 33 1 5 33 26
3261 8367 10.18055 0.90672 0.20350 1.40444 46 3 3 36 25
191 8676 10.85739 0.01627 0.34812 0.48859 59 2 11 57 40
537 3786 10.26905 0.01459 0.24390 0.39366 121 12 15 105 76
2942 6000 10.13712 1.02719 0.26760 1.00794 96 17 7 96 87
339 3582 11.07659 0.02189 0.44755 0.34718 200 5 12 198 184
4968 6996 11.42188 3.09670 6.01999 177.42960 38 0 0 30 19
2591 5585 11.46648 1.38067 0.45590 0.92999 104 4 2 101 54
976 4213 11.91001 0.44477 0.32694 2.23441 48 5 1 46 23
4910 7013 11.18828 2.99508 1.70881 1.43094 127 0 0 89 53
1655 6681 10.84117 1.78538 0.92966 1.30236 80 0 4 68 41
2958 8092 11.48210 0.04144 0.49332 1.36286 23 2 3 21 18
1132 4482 10.47787 0.07895 0.49048 0.29208 168 0 6 168 123
1408 5007 10.78992 0.08551 0.33150 0.99229 94 1 8 86 65
769 3981 10.28932 0.27680 0.54117 1.46927 34 0 2 32 21
1130 4476 11.33315 0.08089 0.38864 0.30647 155 14 35 149 117
2661 5639 10.78855 0.09797 0.38981 1.31819 118 0 14 110 97
1216 7187 11.86606 2.85067 1.38012 2.87249 70 0 0 52 23
4757 7150 10.35057 3.12753 1.62609 1.66601 10 0 0 5 5
3363 8531 10.02579 0.01563 0.22423 0.76053 105 7 19 103 81
1366 6980 11.22658 3.09564 13.87635 177.36745 157 0 0 151 76
322 8824 10.70421 0.05112 0.48020 0.24866 195 2 3 192 174
253 3533 10.07381 0.01522 0.43090 0.43341 105 9 3 103 84
1541 6820 11.95588 3.13107 21.54175 179.40686 10 0 0 2 2
3589 8857 11.26583 0.05082 0.87257 2.78657 131 2 1 131 74
1351 7022 10.63067 3.12180 1.60875 3.04054 107 0 0 94 54
1290 4812 10.21574 0.02344 0.44313 0.80211 66 3 4 66 31
7176 7230 11.12103 1.25418 0.15926 1.41886 56 8 2 56 41
2594 5597 11.45521 1.31962 0.70488 1.56173 58 0 3 52 40
2653 5634 11.79973 0.05114 0.43138 1.72556 60 2 3 58 39
3062 8165 11.55130 0.04840 0.31624 1.83206 89 9 15 75 71
4679 7225 11.35288 1.83809 1.24242 0.69774 67 0 0 67 41
4859 7081 11.68554 3.11619 16.46810 31.28485 21 0 0 11 12
3386 8531 10.75178 0.01039 0.27378 0.53082 58 7 10 55 44
1627 5326 11.75301 0.02710 0.32705 1.34930 38 1 2 32 22
6356 7620 10.42478 1.73005 0.64651 2.74723 100 0 0 98 54
4904 7044 11.76883 3.09693 1.76825 2.55114 50 0 0 39 23
1170 4608 11.71303 0.03794 0.50497 0.72308 51 1 0 43 36
1614 5367 10.98412 0.01304 0.50942 0.62307 55 2 5 43 28
3194 8343 11.41136 0.07426 0.60949 0.93837 59 2 4 57 39
3422 8616 11.77707 0.03243 0.32242 0.46140 32 1 1 30 26
7165 7229 11.66662 1.28931 0.27244 1.51955 61 5 3 55 43
914 4142 10.49397 0.00972 0.59911 0.57607 61 3 0 61 45
2901 5947 11.18402 0.03651 0.73235 2.07961 41 0 2 29 23
7162 7225 11.08314 1.16855 0.22720 0.88603 63 8 9 61 45
56 8547 11.75274 0.00574 2.14515 0.52786 66 0 0 66 54
5237 5295 11.24141 0.01397 0.15653 1.12952 23 1 2 19 16
2593 5582 11.56355 1.34431 0.61426 0.45542 103 2 5 94 55
6228 7812 11.51755 3.13286 0.30860 1.83013 62 0 4 40 37
3092 8196 11.34989 0.12846 0.50955 0.34492 28 0 0 24 22
755 4009 11.81708 0.12823 0.45842 1.62751 23 0 1 19 14
1224 4670 10.01207 0.05575 0.39597 0.61739 85 3 11 85 55
3605 8830 11.32970 0.06066 0.85453 3.40375 113 0 1 111 87
5382 6692 10.14992 2.20815 0.53980 0.92788 73 2 9 68 35
4758 7153 11.79342 3.11472 20.95257 178.45998 7 0 0 1 3
116 8583 10.99558 0.01661 0.49105 0.69661 23 0 0 23 20
1031 4314 10.09291 0.01767 0.25116 1.05758 110 13 18 106 82
3620 8883 11.31508 0.03541 1.18057 0.54393 217 0 0 211 186
3173 8280 11.97832 0.11593 0.66022 0.81805 42 0 2 35 22
4782 7130 10.77576 3.06593 2.00239 1.40388 44 0 0 41 25
1051 4371 10.37330 0.01401 0.35191 0.30647 131 7 28 129 106
991 4303 11.40733 0.34054 0.72720 0.32021 79 0 1 79 59
333 3578 10.01554 0.02137 0.55336 0.20367 344 2 2 342 313
