2000 3419 11.77103 2.29658 0.70185 2.58498 329 19 21 327 210
939 4195 10.75276 0.55559 0.82140 4.51406 359 56 49 353 212
1981 4568 11.29674 0.04255 0.71707 2.37751 159 0 1 155 104
1795 4404 10.92120 0.64557 0.28943 2.32254 313 6 4 305 203
3424 4572 11.36026 1.65936 0.74035 2.13808 774 2 3 774 365
941 4221 11.09795 0.03076 0.31103 1.92071 509 20 48 505 428
3313 4624 11.54661 1.93089 0.83018 6.50276 210 1 2 208 116
3398 4574 11.66679 2.98580 0.46543 0.36904 551 1 5 543 419
1944 4535 10.67241 0.06258 1.71659 1.52470 222 0 0 220 196
2013 3414 11.94384 2.91902 0.47602 2.31156 331 13 8 327 184
1004 4265 11.18746 0.01602 0.14509 0.90135 152 27 18 147 119
3411 4586 11.09934 2.30212 0.33092 3.08769 516 17 18 514 316
3360 4601 10.07671 3.12944 0.06335 3.17780 352 100 64 352 244
3316 4625 10.05877 1.99911 0.51759 5.89734 287 0 0 287 155
2015 4579 11.80682 1.34021 0.58458 4.25054 368 2 4 368 228
1003 4248 10.56080 0.02116 0.12506 0.90396 278 50 42 278 245
1036 4277 11.74153 0.79050 0.12685 1.08715 389 32 31 385 294
1025 4274 11.85598 0.18143 0.21633 1.48227 357 40 6 351 292
3420 4569 11.16863 1.78615 0.61286 0.87223 523 0 0 517 431
3369 4594 10.53298 3.11977 0.32542 3.88171 407 12 64 403 257
1011 4252 10.43428 0.02551 0.10425 1.09289 313 53 51 313 245
993 4259 11.01126 0.01514 0.14057 0.88823 195 22 28 195 146
2004 4562 10.60807 0.72206 0.71111 0.54680 219 0 0 219 172
1834 4412 11.87768 0.00420 0.33824 0.32143 252 20 12 252 223
1875 4467 10.31848 0.02322 0.83228 0.92662 242 0 0 240 226
3313 4629 11.68643 1.86852 0.30974 6.89011 317 1 0 317 211
1034 4260 10.88328 0.64929 0.08457 1.22908 188 29 21 188 145
3335 4630 11.35303 2.62880 0.48253 2.47575 302 46 37 302 199
926 4210 10.75146 0.07148 0.42623 2.20691 556 11 6 551 455
1910 4502 11.95305 0.07152 1.12699 1.41941 207 0 0 207 165
1813 4413 10.62826 0.04454 0.23748 1.71897 289 54 18 289 249
980 4250 10.90960 0.01631 0.14947 0.71873 304 24 45 295 231
909 4184 10.79670 1.93821 0.30815 2.82937 309 4 58 309 179
1976 4547 11.30759 0.01199 1.03460 0.66146 175 0 0 175 158
915 4178 11.78967 1.91361 0.39337 4.41064 565 36 131 565 368
953 4211 10.15524 0.05537 0.41977 2.99421 636 8 55 636 538
1840 4418 10.72135 0.02521 0.43421 1.46607 439 23 8 439 402
3341 4612 10.69718 3.02119 0.09304 2.56354 352 22 8 350 274
2006 3408 10.52550 2.96467 0.59307 2.42495 628 32 30 626 371
923 4179 11.02409 1.52544 0.51080 4.00624 664 66 123 664 409
928 4183 10.43089 1.23718 0.32554 3.46057 446 18 34 440 293
1924 4499 11.64191 0.07469 11.33180 4.28149 95 0 0 95 73
3403 4589 10.95719 2.79297 0.12083 3.18899 570 21 14 568 308
2012 3405 11.38195 2.42277 0.37391 2.02449 649 159 93 649 406
990 4240 11.05713 0.01777 0.35556 1.13298 256 18 6 251 209
914 4181 10.27047 1.83737 0.59364 3.36953 623 44 104 613 276
909 4198 11.32270 1.16772 0.31383 2.47227 219 11 64 217 158
1773 4395 10.52059 1.63534 0.44650 3.15778 277 9 1 274 153
909 4185 10.34135 1.88849 0.25280 2.86990 313 5 60 311 175
904 4191 11.88056 1.79913 0.18679 2.59390 260 8 53 252 194
1003 4247 11.85033 0.01925 0.18101 0.82614 118 10 20 116 82
945 4202 10.75995 0.16724 0.89005 3.27907 373 1 9 373 251
993 4242 11.04556 0.01593 0.27801 1.00561 239 14 6 222 174
3375 4605 10.08040 3.11669 0.57329 2.47449 312 19 7 312 201
1917 4492 11.66333 0.08720 1.36937 0.44057 189 0 0 189 164
1920 4496 10.29123 0.07388 1.42409 1.24270 112 0 0 112 90
1953 4527 11.82973 0.05470 2.18319 0.42978 113 0 0 109 89
2020 4573 11.91393 1.54531 0.79343 4.81808 211 0 0 209 104
1034 4276 10.97397 0.66361 0.15053 1.36659 462 44 17 455 346
1999 3415 11.39773 2.44775 0.62683 2.60324 470 32 33 470 260
1775 4398 11.22049 1.59651 0.52765 3.68663 406 21 1 402 254
1995 4576 11.99923 0.21194 0.64067 2.94278 267 0 0 267 182
3326 4631 10.67376 2.23366 0.72705 3.36604 437 122 70 437 350
1003 4265 11.85233 0.01634 0.19172 0.92493 130 19 13 130 91
956 4213 10.99299 0.04848 0.29897 2.44344 298 4 27 294 186
2011 3406 10.85734 2.54035 0.42094 2.09200 648 75 16 644 390
1787 4387 11.94287 1.16181 0.33110 1.76148 687 22 8 687 638
1846 4423 11.27993 0.01279 0.46267 0.75485 382 7 5 378 355
1971 4543 11.59748 0.02409 1.26176 1.09002 183 0 0 174 147
3387 4597 10.54897 3.09658 0.32910 2.68117 466 3 8 462 290
1799 4406 11.22994 0.40873 0.11573 1.57868 151 6 8 151 120
1934 4525 10.74210 0.08102 1.70373 1.16432 428 0 0 428 386
1879 4455 11.93614 0.01705 12.00797 1.18960 167 0 0 165 152
1776 4397 10.39107 1.58363 0.35666 3.22319 471 27 3 468 313
1775 4391 10.73241 1.61475 0.33295 2.42882 377 11 8 377 323
1921 4512 10.95557 0.07440 1.61846 1.12709 87 0 0 85 70
1016 4254 10.51339 0.01777 0.10657 0.86683 249 22 23 249 194
3337 4614 10.61003 2.89118 0.19199 2.18999 302 46 20 299 245
948 4226 11.02207 0.02363 0.09398 1.27534 544 114 98 542 466
931 4185 10.91660 1.12040 0.26199 3.43022 364 7 12 358 203
925 4209 10.48984 0.09126 0.36032 1.74697 472 18 3 468 369
1024 4257 10.44843 0.13301 0.25047 1.67561 197 37 20 197 150
1048 4275 11.27001 1.44258 0.24559 0.92620 360 30 38 358 265
3335 4629 10.09324 2.64073 0.31995 2.59737 419 51 44 417 338
1996 4559 10.09778 0.26574 0.84195 1.36487 253 1 1 251 212
3320 4631 11.24219 2.03471 0.63980 4.74764 540 0 1 536 359
1847 4441 11.55264 0.03036 0.34041 1.77145 128 11 7 126 93
1855 4432 10.69944 0.01525 0.73517 0.47395 185 1 0 177 143
932 4187 10.41657 1.02100 0.26681 3.95042 352 8 22 350 213
935 4217 11.30734 0.02482 0.46020 1.60132 393 8 14 359 268
1988 4554 11.73670 0.04640 0.87320 2.01654 139 0 0 139 111
1966 4539 11.40828 0.03065 1.58270 1.15216 137 0 0 135 118
3313 4625 11.22320 1.91811 0.57644 6.35761 213 1 1 211 109
3337 4613 11.86500 2.89679 0.17799 2.25984 311 36 7 307 263
1973 4545 11.03296 0.01471 1.10401 0.57539 125 1 0 122 95
1930 4505 11.57754 0.07154 1.75304 0.34035 55 0 0 52 41
927 4211 11.01240 0.05930 0.51820 2.55359 438 10 3 436 360
918 4205 11.43448 0.41236 0.29076 2.54530 426 17 69 424 328
913 4180 11.16035 1.93124 0.66138 3.34925 592 21 136 592 355
3350 4607 10.75398 3.13012 0.32206 3.02970 209 9 9 209 156
1837 4431 10.31661 0.01613 0.25387 0.88116 483 68 37 478 444
1962 4536 10.60356 0.03098 2.09367 0.96834 196 0 0 196 173
1007 4249 11.88875 0.02524 0.16441 1.09074 197 27 26 197 165
1972 4562 11.86741 0.00792 0.91823 0.42887 169 0 0 169 129
2018 4574 10.62174 1.46662 1.20951 4.32418 402 0 2 396 205
2013 4578 10.18013 1.25027 0.57428 3.38876 402 3 1 400 289
2007 3416 10.76830 2.89315 0.63343 2.29508 493 43 42 493 316
3350 4623 11.07258 3.00671 0.25671 2.65387 321 30 15 315 259
1975 4563 10.21330 0.00829 0.76838 0.76310 243 0 0 238 197
2006 3405 11.65777 2.78985 0.56039 1.78882 616 53 43 616 359
3408 4570 10.87426 2.47119 0.59027 0.54536 442 2 4 438 387
1932 4508 10.13007 0.06367 1.92582 0.59215 278 0 0 276 241
3320 4620 11.54667 2.16904 0.78326 4.69895 155 1 3 153 59
944 4200 11.37483 0.26690 0.88661 3.59543 259 4 13 257 173
1828 4408 10.70368 0.02528 0.36137 1.42903 324 33 11 318 267
1880 4457 10.42538 0.01939 1.00003 1.21208 214 0 0 212 196
3331 4631 11.33074 2.44948 0.38746 2.15086 434 111 67 430 353
2019 4574 11.28046 1.50488 1.39310 4.69736 377 1 1 373 181
2014 4578 10.50472 1.29741 0.62355 3.81947 449 0 1 449 281
3315 4624 10.75753 1.98481 0.78834 6.35755 211 0 1 211 122
1846 4439 10.12485 0.02364 0.25365 1.41610 189 5 11 189 151
1805 4392 11.92984 0.21849 0.16275 0.72470 238 63 31 234 193
1972 4561 10.60044 0.00623 0.89376 0.31898 255 0 0 255 206
967 4240 10.72533 0.01756 0.15381 0.90309 487 93 66 483 420
3342 4611 11.31307 3.04279 0.10840 2.65918 323 15 10 323 262
913 4202 11.93999 0.76753 0.42075 2.78600 235 9 45 233 129
938 4193 11.22523 0.67019 0.65534 4.05309 392 54 45 390 297
2017 4571 10.04170 1.43489 1.15176 3.90104 466 1 0 464 279
3397 4591 10.03727 3.06997 0.33420 4.50841 465 0 5 459 264
3418 4569 10.56296 1.87584 0.63505 1.21885 668 1 2 668 551
1831 4410 11.25117 0.00843 0.42298 0.49732 192 9 1 185 157
994 4259 10.21233 0.01528 0.15320 0.89263 300 37 41 300 237
995 4243 11.35005 0.01201 8.65769 1.12605 138 0 0 127 92
3324 4620 10.04451 2.28863 0.28356 3.41994 317 62 29 310 147
1045 4277 11.81589 1.32315 0.28456 1.16869 397 48 70 395 291
3399 4574 11.01889 2.94948 0.50032 0.39565 565 1 1 565 440
1859 4452 10.91428 0.01579 0.41872 0.97237 134 4 2 132 119
3374 4607 11.67237 3.12439 0.53609 1.92010 272 35 20 270 220
3352 4622 11.27447 3.01766 0.24709 2.68394 309 16 18 307 215
2003 4561 11.35958 0.65753 0.87566 0.56371 155 0 0 153 109
910 4181 11.75361 2.03191 0.27733 2.69108 387 20 75 385 233
1048 4265 11.98599 1.42818 0.27686 1.02067 318 24 27 316 264
972 4226 11.61386 0.03017 0.36013 1.70961 418 16 4 416 372
3330 4631 11.14495 2.40421 0.36786 2.16066 477 124 56 475 418
905 4192 11.45899 1.70048 0.20139 2.66682 209 10 32 209 142
3408 4587 10.94561 2.48365 0.34405 3.30203 501 20 31 497 251
1884 4476 10.86859 0.03449 0.77759 0.76770 182 0 0 180 168
2002 3408 11.74755 3.06085 0.57136 2.63834 476 22 42 473 270
1038 4262 10.10514 0.90286 0.11287 1.35191 347 88 41 347 275
2009 3409 10.07049 2.84227 0.42995 2.58937 579 61 16 575 380
971 4244 11.93306 0.02119 0.12808 0.87893 352 71 50 348 296
1050 4273 11.32841 1.49845 0.27864 0.53668 351 29 56 347 259
1960 4551 11.58699 0.02696 1.80897 0.80794 249 0 0 247 224
996 4261 11.33696 0.01223 0.22872 0.75329 177 13 14 175 138
1821 4418 10.12617 0.03128 0.27042 1.76702 320 61 31 317 271
1808 4394 11.40235 0.15463 0.20270 0.88426 173 19 18 170 132
908 4184 11.30926 1.98541 0.19556 2.98190 312 7 44 312 171
1025 4257 10.93063 0.17115 0.29820 1.78268 253 38 28 253 171
1865 4442 10.81550 0.01758 0.92447 0.72685 251 0 0 249 234
1856 4433 10.68525 0.01605 0.73605 0.47147 148 0 0 143 118
3358 4601 11.83048 3.12923 0.09395 3.11018 205 8 12 205 154
1988 4572 11.24726 0.06362 0.68348 3.37557 383 0 1 377 278
962 4236 10.44283 0.01649 0.14521 1.02259 646 90 108 644 598
972 4244 10.96688 0.02179 0.14930 0.98556 312 48 38 310 250
1864 4457 11.20748 0.01387 10.09074 0.78034 169 0 0 161 149
1876 4468 10.39770 0.02699 0.80512 1.09860 250 0 0 250 229
910 4199 11.41509 1.06317 0.29664 2.46021 174 8 42 174 121
1798 4406 11.85898 0.46166 0.20852 1.72918 195 20 8 192 132
1787 4388 10.85736 1.16898 0.27710 1.67818 899 104 28 899 825
1955 4530 10.25962 0.03967 2.20883 0.39762 325 0 0 325 288
1038 4261 11.36001 0.90229 0.06983 1.09146 199 53 26 199 159
1987 4554 11.06692 0.03716 0.87483 1.93553 155 0 0 152 136
2012 4566 10.21233 1.21747 0.73946 1.54358 694 1 2 690 608
3418 4568 11.61788 1.87514 0.85909 1.39353 628 0 1 628 362
1902 4478 10.28896 0.01911 1.34401 1.00366 346 0 0 344 313
1871 4463 10.08523 0.01647 0.64737 0.78733 253 0 0 253 232
988 4239 10.56721 0.01697 0.23414 1.01143 262 25 14 250 203
2008 3409 10.09309 2.90685 0.46372 2.55221 677 76 64 677 375
991 4241 10.65182 0.01536 0.36858 0.91215 289 12 13 287 250
1792 4388 11.09643 0.87569 0.26482 1.38706 654 58 20 652 609
907 4197 11.84313 1.31813 0.29792 2.51404 129 8 22 127 83
2018 4577 11.79739 1.46103 0.61869 4.86889 260 0 0 252 126
1845 4423 10.03944 0.01190 0.43351 0.67144 438 9 9 436 395
1833 4428 10.89598 0.00736 0.22357 0.18345 329 68 36 327 284
915 4203 11.55690 0.62720 0.23800 2.89786 427 29 74 427 287
1861 4438 10.71111 0.01766 0.76883 0.49732 233 0 0 229 202
1915 4491 10.29585 0.08084 1.30479 0.46309 171 0 0 169 140
1800 4406 10.64921 0.35751 0.21780 1.31730 173 3 4 171 134
3359 4617 10.55261 3.08446 0.28174 2.42188 283 8 12 281 214
3419 4582 10.61624 1.85010 0.40430 3.85996 374 8 9 374 190
1032 4276 11.68811 0.54189 0.13359 1.44780 398 36 6 386 286
1818 4400 11.67105 0.03280 0.18701 1.70846 211 43 20 211 172
951 4209 10.20779 0.05337 0.45117 2.90569 559 10 77 557 435
1050 4268 11.40344 1.48604 0.45875 1.07155 519 16 33 519 356
3336 4614 11.18141 2.85533 0.14893 2.22405 326 70 41 326 254
1964 4555 11.83696 0.02242 1.45070 1.28390 301 0 0 288 271
989 4240 10.18471 0.01666 0.47457 1.06606 303 8 13 299 243
933 4186 11.61900 1.06941 0.52549 3.79220 281 6 11 277 115
3318 4631 11.65608 1.98073 0.61970 5.68465 533 0 1 533 342
2015 4566 11.82640 1.35950 0.89992 2.83172 606 0 1 602 356
