98 3788 11.81900 0.03819 7.06108 12.80101 12 0 0 3 5
2678 5405 10.70459 0.01157 1.36964 2.24018 25 11 5 23 10
352 4110 10.52336 0.01361 7.25406 8.91041 12 0 0 3 3
459 3982 10.49489 0.01009 0.91395 2.76810 17 4 2 5 4
346 709 11.50833 0.00719 0.60454 2.37800 15 3 0 7 5
7046 7203 11.24229 0.02743 12.31683 12.86795 7 0 0 5 4
3265 6154 10.01053 0.00986 9.09691 0.50899 24 0 0 12 15
3679 7107 10.26745 0.11951 0.64154 1.05869 7 0 0 7 4
555 976 11.26895 0.00154 0.72604 0.35277 18 8 0 7 10
531 976 11.26895 0.00154 0.60367 0.42978 20 8 2 14 12
420 975 10.76826 0.00183 13.10974 0.08847 16 0 0 8 6
7754 7810 11.31788 0.72617 0.52950 2.21293 12 4 4 12 3
3018 5736 10.49427 0.04344 0.40326 0.99111 23 13 0 21 18
2471 5270 11.33786 0.30847 5.97176 1.99213 6 0 0 2 3
1358 4519 11.79033 0.00498 8.09976 0.28531 14 0 0 5 4
614 975 10.76826 0.00183 0.66453 0.20174 20 4 0 12 7
734 4172 10.02836 0.01118 0.64958 0.42244 24 2 2 22 10
3660 6675 11.15628 0.00375 14.41226 15.18369 7 0 0 7 7
758 4172 10.03026 0.01108 2.13765 3.86432 17 0 1 12 4
6806 7202 10.99288 0.02735 10.82628 6.37480 8 0 0 6 6
1949 5079 10.80691 0.00882 10.99695 0.75899 9 0 0 6 5
2424 5270 11.33786 0.30847 0.71484 2.11563 6 3 1 2 3
3645 6593 11.70663 0.00345 23.16145 156.21072 3 0 0 3 3
497 976 11.26895 0.00154 11.53416 nan 17 1 0 4 2
6603 6850 11.74586 0.00594 5.59695 18.87525 7 0 0 1 0
2843 5563 11.77477 0.05659 10.77304 22.57780 11 0 0 2 3
3559 6480 11.23116 0.01288 4.19141 0.45284 23 0 0 23 11
6614 7182 10.97805 0.01904 12.20175 1.47432 13 0 0 10 8
458 4171 10.79933 0.01107 4.20055 0.62181 19 0 0 6 9
3389 6303 10.30408 0.05438 0.81740 1.68493 13 6 0 5 4
345 476 11.74965 0.00708 1.08782 1.37088 12 2 0 10 7
1211 4394 11.01681 0.01370 0.74665 0.37949 18 5 0 16 12
1591 4756 11.77052 0.01505 0.63968 3.52326 15 1 1 10 9
1033 4214 11.50809 0.00802 0.79582 1.96364 31 22 4 26 21
2751 5491 11.95889 0.01155 10.23919 0.59742 19 0 0 9 9
2429 5323 11.68318 0.82280 10.80378 15.09836 5 0 0 1 1
898 980 11.77208 0.00498 8.65088 0.29608 20 0 0 11 9
1497 4649 10.80174 0.00434 11.44615 7.50640 10 0 0 3 3
2287 5313 11.57005 0.70560 1.14958 2.57557 5 1 0 0 1
2172 2321 11.33265 0.27787 1.19346 1.90783 5 0 0 1 1
3246 6020 10.39814 0.01340 8.12003 0.41212 19 0 0 11 8
3053 5787 10.69800 0.01198 0.45587 1.22876 23 9 3 18 11
2472 2581 11.22698 0.77641 9.41834 13.66832 7 0 0 1 2
1659 4807 10.85102 0.00775 10.10717 1.54053 22 0 0 16 14
2171 2470 11.86999 0.30255 8.51708 17.33490 9 0 0 2 2
392 974 10.01406 0.00381 3.72415 0.21306 20 0 0 5 6
3535 6455 10.86530 0.03133 0.29510 2.37636 8 4 0 8 6
3153 5872 11.09845 0.04461 7.86536 1.96523 12 0 0 12 6
345 660 11.74965 0.00708 8.52853 0.41871 12 0 0 1 0
7104 7204 11.73924 0.02765 21.83178 143.76500 5 0 0 1 3
3681 7171 10.72075 0.15561 9.01174 28.25277 6 0 0 3 3
2171 2366 11.86999 0.30255 4.02474 2.45144 9 0 0 2 0
3526 6446 10.51057 0.03046 7.62508 2.04124 8 0 0 8 6
2268 2564 11.48797 0.58047 0.73662 1.73009 6 0 0 3 2
2476 5321 10.45620 0.77092 7.68568 36.69287 4 0 1 1 0
2411 5323 11.68318 0.82280 10.00116 11.45356 6 0 1 6 2
1697 4865 10.52734 0.00414 0.51047 0.18975 21 10 3 19 15
2218 5305 10.48793 0.48154 2.74357 4.48332 7 0 0 1 3
2184 5300 10.80906 0.35654 9.49128 19.18166 4 0 0 1 3
3231 6009 10.25562 0.04391 4.60956 2.51482 22 0 0 1 5
733 979 11.51780 0.00406 0.77750 0.60781 15 0 1 8 8
2281 5312 11.91985 0.68669 13.84773 39.34424 6 0 0 4 1
165 3828 10.68290 0.01326 8.61357 14.92906 10 0 0 2 5
2420 5269 11.68981 0.30783 14.41601 17.63739 4 0 0 2 1
337 3957 10.51725 0.00644 9.70728 7.63630 14 0 0 9 6
6603 7152 11.74402 0.00648 11.97009 0.38257 4 0 0 2 1
1490 4643 10.03190 0.00777 11.44843 2.43703 13 0 0 4 2
1007 4188 10.27012 0.01706 0.14284 0.51889 14 11 1 14 10
1759 4933 10.45872 0.70154 0.60872 0.83416 4 0 1 1 1
6606 6919 10.49518 0.00708 2.42905 13.10104 8 3 0 5 6
6927 7202 10.99288 0.02735 8.77098 6.80637 9 0 0 3 6
791 979 11.51970 0.00400 12.54545 0.24549 24 3 1 17 11
3651 6604 10.22634 0.00689 21.15471 0.40734 8 0 0 0 3
2317 5270 10.63578 0.26030 3.22088 26.18384 4 0 0 1 2
2495 5320 10.24209 0.74014 9.45306 42.40688 5 0 0 0 2
632 3982 10.49489 0.01009 0.96090 1.49279 21 8 3 11 8
6603 6748 11.74586 0.00594 10.14090 5.19825 8 0 0 5 7
2228 2559 10.88836 0.49447 1.70467 6.19309 7 3 2 1 4
346 608 11.50244 0.00580 0.68067 0.85638 14 7 2 9 6
6606 6982 10.49518 0.00708 7.06662 11.87929 5 0 0 1 3
2862 5582 11.64744 0.02020 0.32285 0.46309 26 15 4 18 13
147 3815 11.45022 0.03145 7.28554 0.80211 12 0 0 5 5
1397 4571 11.51180 0.00561 11.77791 0.32626 17 0 0 11 8
1835 4974 10.05173 0.03954 4.78005 18.48797 10 0 0 5 4
2320 5321 10.76751 0.80012 7.62909 4.34397 3 0 0 0 0
404 977 11.52020 0.00049 0.44032 0.65790 16 4 1 3 5
481 3982 10.49489 0.01009 0.53614 0.92111 23 10 3 21 11
6668 7203 11.24229 0.02743 3.16532 16.69421 7 0 0 3 4
2622 5348 10.90531 0.02185 0.28214 1.76059 23 6 2 14 11
2719 5443 11.29588 0.01172 11.85928 0.51813 27 0 0 25 12
2488 5323 11.68318 0.82280 9.80598 13.12158 6 0 0 1 1
6604 6918 11.24828 0.00629 0.96838 1.27472 9 0 0 4 4
1658 4806 10.82079 0.00786 10.49581 1.48094 25 0 0 23 20
3985 4106 11.26913 0.01135 8.67424 8.86142 13 0 0 3 3
2565 5331 10.40103 0.58587 1.18440 3.15443 18 5 0 13 10
1915 5045 11.31781 0.00580 2.18791 0.26834 5 0 0 2 3
5975 6038 11.10028 0.00458 15.28063 0.36904 16 0 0 8 7
8038 8089 11.01070 0.43522 0.49447 3.54851 27 1 3 19 14
6606 6956 10.49518 0.00708 0.88523 0.41684 9 0 2 9 5
667 4173 11.79777 0.00987 11.00449 0.56093 20 4 0 13 10
346 654 11.50244 0.00580 0.73722 0.45456 19 5 6 13 9
148 3816 10.81143 0.02904 1.67858 0.65432 27 2 8 23 7
2171 2500 11.86999 0.30255 16.04110 17.33490 5 0 0 5 3
3694 7205 10.66241 0.46041 0.29751 0.50124 9 3 2 2 2
3660 6714 11.15628 0.00375 15.78409 0.22029 3 0 1 3 2
773 979 11.51970 0.00400 19.08875 172.80309 17 0 0 6 2
540 974 10.01791 0.00258 4.29919 0.10468 16 0 0 7 4
2455 5269 11.68981 0.30783 5.84190 9.34043 7 0 0 1 2
6786 7201 10.24214 0.02731 11.98059 43.83165 9 0 0 5 3
1864 4978 11.72648 0.00625 10.09160 0.34718 9 1 0 5 4
2178 2503 10.26950 0.29786 1.13472 2.37306 5 0 0 3 2
3679 6849 10.26745 0.11951 0.57276 1.06091 12 3 3 12 3
2052 5187 10.74936 0.02658 10.80781 5.56465 30 0 0 18 17
111 3795 10.50595 0.01434 1.53834 1.32205 14 1 0 10 5
1251 4418 10.26327 0.01129 1.29645 2.46688 25 7 3 16 13
460 4173 11.79777 0.00987 0.72642 0.34492 14 1 1 12 8
457 3980 11.49638 0.01155 0.63198 0.87492 13 1 5 8 6
2177 2412 10.26875 0.29874 1.25525 2.52290 5 0 0 5 3
777 3985 10.24876 0.00981 0.99324 0.89175 19 2 8 17 9
3680 6856 10.97298 0.13900 3.27785 7.96462 5 0 1 0 1
981 4142 11.02953 0.01426 2.65841 4.19208 14 2 0 2 1
239 3901 11.94909 0.07899 32.84441 4.52515 8 0 0 0 0
4116 4174 10.00670 0.00664 1.07617 1.85139 24 3 4 12 7
3094 5828 11.10592 0.02019 10.39535 4.68375 12 0 0 5 5
5977 6036 10.10704 0.00608 1.24750 2.29183 24 4 2 16 7
2172 2464 11.68279 0.30204 26.93578 17.30542 5 0 0 1 3
812 978 10.77040 0.00229 15.61108 88.82074 17 0 0 10 8
5990 6111 10.58967 0.01334 0.41292 0.76821 22 7 6 13 9
2511 2583 11.93117 0.82358 11.40980 5.92936 5 0 0 0 1
1067 4264 11.51297 0.00305 0.46906 0.39565 21 8 10 19 10
711 4170 10.03241 0.01130 0.56700 0.65909 21 11 3 15 17
6050 6125 10.89225 0.00919 11.66374 7.91854 19 0 0 19 9
1359 4520 11.54538 0.00724 10.17700 0.41307 14 0 0 0 4
6603 6675 11.74586 0.00594 11.13867 1.81747 10 0 0 5 5
4011 4171 11.77155 0.00644 6.08312 10.97174 17 2 0 8 4
350 917 10.50898 0.00703 6.75477 11.57922 13 3 1 5 6
848 3984 10.74879 0.01016 12.86994 0.58417 21 6 1 5 10
8045 8108 11.99700 1.25167 0.61074 2.82244 20 1 0 15 12
6604 6789 11.24828 0.00629 2.26590 7.57178 5 1 0 2 4
642 3979 11.99371 0.01255 1.76375 2.24158 12 0 0 10 8
2328 5272 10.63939 0.30767 1.45202 2.39032 4 0 1 1 1
1590 4754 10.06641 0.01400 0.45154 1.54662 16 9 2 8 7
464 4170 10.30159 0.01147 0.44350 0.51889 23 8 1 20 12
7149 7203 11.24229 0.02743 13.16789 9.92210 8 0 0 5 5
2312 5320 11.43827 0.82385 15.04432 20.94438 3 0 0 1 1
2176 2437 10.80393 0.29947 1.74459 3.45978 10 0 0 8 5
368 967 10.00277 0.01055 0.72160 0.94004 27 8 3 21 13
3246 6014 10.43816 0.01363 11.07553 0.78634 11 1 0 4 5
7112 7202 10.99288 0.02735 11.12122 6.60390 7 0 0 7 5
1553 4703 11.01707 0.02319 8.43950 21.24119 14 0 0 6 3
2770 5509 11.06598 0.01245 12.11651 8.56428 20 0 0 7 1
889 979 11.51970 0.00400 0.91085 1.18068 16 2 0 16 4
2335 2582 11.44621 0.80088 36.43451 45.88724 4 0 0 2 3
2815 5536 11.68125 0.04535 0.75913 0.49099 13 2 2 13 4
417 4172 11.29839 0.01034 1.84931 1.82692 17 2 1 3 2
2359 5321 10.45620 0.77092 7.59750 4.15162 5 0 0 2 3
925 976 10.00929 0.00120 0.95558 0.84673 15 3 1 11 3
2337 5323 11.68318 0.82280 10.14262 7.95535 6 0 0 2 2
1942 5057 10.01155 0.01166 5.56928 0.67027 5 0 0 5 5
6607 6923 10.24121 0.00750 0.28084 0.42887 10 6 3 8 4
6605 7012 10.99721 0.00661 0.87027 1.08065 6 0 2 4 2
2535 5271 11.68632 0.33918 1.98932 5.53669 8 0 0 2 2
6731 7202 10.99288 0.02735 9.84309 11.93286 16 0 0 12 11
1927 5040 11.80408 0.00990 5.64549 0.45970 7 0 0 1 3
2175 2384 10.80392 0.29987 1.46713 3.51112 10 0 0 7 8
3660 6661 11.15628 0.00375 7.20117 2.12080 7 0 0 4 2
2178 2468 10.26950 0.29786 15.54794 6.16402 6 0 0 2 2
6609 7175 11.22994 0.01664 8.36436 1.11908 16 0 0 10 11
3540 6440 11.85126 0.04017 12.14625 2.30206 7 0 0 4 5
2267 2565 11.79055 0.60432 0.62954 1.52880 12 6 0 9 7
364 4161 10.26025 0.01913 1.26743 0.77531 17 7 6 17 7
2173 2440 11.32990 0.30114 0.77400 2.25915 7 2 1 3 1
348 618 10.25119 0.00537 0.68424 0.80503 13 6 3 11 6
829 976 10.00929 0.00120 1.14955 0.90569 18 1 0 10 9
2156 2283 11.71973 0.09620 20.89380 61.01227 6 0 0 6 3
2521 5270 11.33786 0.30847 0.61243 2.23983 7 4 2 7 4
6613 7181 10.97893 0.01845 5.45693 14.44477 11 0 0 6 6
3477 6402 11.29745 0.04273 9.79613 3.32319 8 0 0 8 7
983 4146 11.78416 0.01610 0.88992 0.71982 16 5 6 11 6
6605 6975 10.99721 0.00661 10.16029 4.54864 8 0 0 8 5
825 4173 10.53017 0.01052 0.47942 1.21563 20 3 3 20 7
458 4173 11.79777 0.00987 10.03627 0.56093 15 0 0 8 4
1266 4445 10.02312 0.01663 0.59230 0.96347 20 8 4 10 5
4002 4166 11.51660 0.01168 0.79463 1.03929 16 4 2 13 9
3703 7225 11.08056 0.76917 0.89204 2.40745 7 1 1 3 3
2644 5371 11.79552 0.02474 0.61899 0.84395 18 6 2 14 11
1793 4951 11.30203 0.21655 0.45350 1.25367 15 2 0 13 6
350 897 10.50898 0.00703 1.19418 1.51878 17 7 1 14 10
654 4170 10.30159 0.01147 0.50381 0.85226 8 2 0 4 2
3680 6994 10.97298 0.13900 8.40329 7.32070 7 0 0 4 3
558 974 10.01791 0.00258 4.36884 0.10468 16 0 0 3 6
350 743 10.50898 0.00703 0.78217 0.63674 12 2 2 7 2
2422 5320 10.24209 0.74014 19.86073 60.08317 5 0 0 3 2
351 4093 11.02224 0.01386 1.02216 0.74494 15 4 8 9 6
2927 5646 10.06681 0.00285 2.39870 0.14804 19 2 0 5 6
761 4175 11.52745 0.00992 0.57146 0.76361 31 13 8 22 15
6075 6128 11.38936 0.00959 17.79268 0.67724 13 0 0 2 3
508 3982 10.49489 0.01009 1.10427 2.83448 12 3 1 7 6
484 4170 10.30159 0.01147 1.01974 1.21692 18 5 0 16 8
3660 7030 11.15628 0.00375 9.32292 4.07900 7 0 0 3 3
