0.03291 0.02689
0.02084 0.01835
0.02127 0.02476
0.01660 0.02197
0.01490 0.02224
0.02147 0.03333
0.01844 0.01908
0.02007 0.02560
0.01518 0.01800
0.02449 0.02078
0.01339 0.01693
0.02544 0.02173
0.02234 0.02237
0.01951 0.03245
0.02268 0.02953
0.01779 0.02465
0.01504 0.01635
0.01953 0.02168
0.01816 0.02742
0.01818 0.02002
0.02644 0.02413
0.01400 0.02153
0.02082 0.03119
0.01516 0.02302
0.01981 0.02072
0.01737 0.02702
0.01738 0.02590
0.02359 0.03159
0.01883 0.02178
0.01700 0.02450
0.01648 0.02123
0.01427 0.02342
0.01735 0.02900
0.01760 0.01717
0.01887 0.01847
0.01670 0.01988
0.02728 0.02384
0.01534 0.02363
0.02278 0.02043
0.03230 0.02618
0.01631 0.02461
0.02542 0.02821
0.01915 0.01908
0.02024 0.02555
0.01605 0.01372
0.02840 0.01962
0.02122 0.02328
0.01785 0.01859
0.01606 0.02115
0.02041 0.03306
0.01354 0.01258
0.01403 0.02297
0.01822 0.02502
0.01530 0.01677
0.01699 0.01846
0.02221 0.02475
0.02132 0.02512
0.01532 0.01635
0.01983 0.03433
0.02348 0.01919
0.01771 0.02329
0.01389 0.01612
0.01603 0.01719
0.01503 0.02348
0.01834 0.02959
0.02040 0.02633
0.02253 0.02481
0.01661 0.01728
0.01364 0.01592
0.01282 0.01612
0.03066 0.03315
0.02863 0.03017
0.02492 0.02448
0.01629 0.02001
0.01532 0.01939
0.01648 0.01932
0.02425 0.02446
0.02971 0.03157
0.01846 0.02565
0.02167 0.01901
0.02201 0.02130
0.02217 0.02658
0.02197 0.02152
0.01850 0.01692
0.02059 0.02563
0.01714 0.02487
0.01788 0.02298
0.01505 0.02019
0.01381 0.01985
0.01684 0.02538
0.02004 0.02882
0.01374 0.02373
0.01405 0.02292
0.01800 0.02497
0.02159 0.02945
0.01611 0.01887
0.01834 0.01729
0.01962 0.02920
0.01463 0.01812
0.01600 0.02477
0.01839 0.02253
0.01577 0.01709
0.02020 0.02591
0.01858 0.02462
0.02038 0.02162
0.01916 0.03398
0.02190 0.02992
0.01727 0.02098
0.01326 0.01940
0.02511 0.02552
0.02144 0.02208
0.01566 0.02013
0.02173 0.02682
0.02119 0.01728
0.02141 0.02768
0.02031 0.01968
0.02458 0.01569
0.01675 0.02338
0.01792 0.01903
0.02181 0.02164
0.01712 0.01921
0.02036 0.03114
0.01904 0.02303
0.02502 0.02445
0.01428 0.01647
0.02810 0.03302
0.02178 0.02980
0.01827 0.02204
0.01519 0.01818
0.01810 0.01843
0.01703 0.01602
0.01529 0.02253
0.01483 0.02227
0.02140 0.02647
0.02656 0.03086
0.01939 0.01880
0.01999 0.02452
0.01503 0.02264
0.01763 0.01667
0.01886 0.01764
0.01997 0.03493
0.01876 0.03256
0.02432 0.01819
0.01659 0.01966
0.02245 0.03335
0.02015 0.02024
0.02644 0.01653
0.01828 0.02547
0.01524 0.01999
0.02611 0.03151
0.01809 0.01978
0.02344 0.01742
0.01633 0.01576
0.01796 0.01607
0.01696 0.01649
0.02265 0.02006
0.01532 0.02250
0.01867 0.02971
0.01826 0.01952
0.01844 0.01982
0.01583 0.02617
0.01836 0.02635
0.02538 0.01950
0.02192 0.02836
0.02557 0.02356
0.02878 0.02458
0.01497 0.02055
0.01864 0.02376
0.01665 0.02843
0.02302 0.03197
0.01663 0.02138
0.01480 0.01876
0.01569 0.01956
0.01508 0.02481
0.02258 0.01878
0.01811 0.02735
0.01622 0.02351
0.01787 0.02715
0.01883 0.02002
0.01453 0.01799
0.01840 0.02086
0.02437 0.02706
0.01865 0.03058
0.02269 0.02134
0.02519 0.02911
0.01824 0.01805
0.01494 0.02180
0.01845 0.01910
0.02842 0.02830
0.01860 0.03020
0.01936 0.01383
0.01787 0.01939
0.02024 0.02748
0.01496 0.02691
0.02238 0.02662
0.01922 0.02754
0.01706 0.01611
0.01588 0.01935
0.01734 0.02262
0.01613 0.01955
