2000 3419 11.77103 2.29658 0.87591 2.58573 84 45 21 82 43
939 4195 10.75276 0.55559 1.45096 4.51466 48 8 19 42 22
1981 4568 11.29674 0.04255 0.88562 2.37422 96 5 3 80 47
1795 4404 10.92120 0.64557 0.92135 2.28242 62 17 2 49 28
3424 4572 11.36026 1.65936 0.80571 2.13735 161 26 18 153 84
941 4221 11.09795 0.03076 0.28594 2.03413 198 36 43 189 123
3313 4624 11.54661 1.93089 0.69249 7.12508 22 0 0 18 8
3398 4574 11.66679 2.98580 0.49160 0.45111 65 24 7 65 39
1944 4535 10.67241 0.06258 1.76852 1.53570 87 0 0 82 47
2013 3414 11.94384 2.91902 0.45478 2.33347 85 66 10 77 43
1004 4265 11.18746 0.01602 0.24737 0.90179 92 71 15 90 66
3411 4586 11.09934 2.30212 0.57612 3.09870 98 47 7 92 42
3360 4601 10.07671 3.12944 0.54813 3.17015 74 42 22 72 46
3316 4625 10.05877 1.99911 0.79735 6.97955 17 2 0 14 6
2015 4579 11.80682 1.34021 0.54228 4.25395 56 20 7 48 30
1003 4248 10.56080 0.02116 0.10012 0.90525 42 25 14 37 21
1036 4277 11.74153 0.79050 0.11244 1.17902 188 99 14 188 128
1025 4274 11.85598 0.18143 0.26043 1.45992 89 47 6 87 58
3420 4569 11.16863 1.78615 0.52921 0.88735 144 40 17 142 101
3369 4594 10.53298 3.11977 0.44159 3.78982 87 45 3 80 43
1011 4252 10.43428 0.02551 0.24676 1.09038 57 32 16 53 33
993 4259 11.01126 0.01514 0.52295 0.88559 48 21 13 42 21
2004 4562 10.60807 0.72206 0.79503 0.53959 98 12 6 98 62
1834 4412 11.87768 0.00420 0.59092 0.67493 17 5 0 15 5
1875 4467 10.31848 0.02322 0.91455 0.93209 55 7 0 50 41
3313 4629 11.68643 1.86852 1.61059 5.11665 7 0 0 4 3
1034 4260 10.88328 0.64929 0.24937 1.35884 82 59 12 76 50
3335 4630 11.35303 2.62880 0.26981 2.49998 75 51 11 66 38
926 4210 10.75146 0.07148 0.47319 2.22651 180 42 2 170 122
1910 4502 11.95305 0.07152 1.14603 1.41499 52 2 1 44 27
1813 4413 10.62826 0.04454 0.33584 1.71349 87 38 16 76 59
980 4250 10.90960 0.01631 0.20025 0.72847 85 54 21 79 51
909 4184 10.79670 1.93821 0.57576 2.96913 72 36 19 64 27
1976 4547 11.30759 0.01199 1.06097 0.63304 150 1 4 136 119
915 4178 11.78967 1.91361 0.17898 4.46353 89 70 7 87 46
953 4211 10.15524 0.05537 0.39201 2.99304 139 46 78 139 96
1840 4418 10.72135 0.02521 0.43614 1.46393 63 35 9 55 33
3341 4612 10.69718 3.02119 0.13391 2.54145 102 63 13 100 58
2006 3408 10.52550 2.96467 0.70849 2.42140 119 88 17 111 47
923 4179 11.02409 1.52544 0.25746 4.01327 103 53 26 93 60
928 4183 10.43089 1.23718 0.53937 3.49009 94 15 12 82 41
1924 4499 11.64191 0.07469 1.53640 1.02641 49 0 0 45 25
3403 4589 10.95719 2.79297 0.45595 3.19659 122 19 4 118 73
2012 3405 11.38195 2.42277 0.41152 2.02874 136 103 21 126 60
990 4240 11.05713 0.01777 0.57233 1.04680 48 29 13 48 26
914 4181 10.27047 1.83737 0.33213 3.37533 138 95 23 129 80
909 4198 11.32270 1.16772 0.33276 2.47132 60 28 18 53 42
1773 4395 10.52059 1.63534 0.37046 3.32201 69 39 8 62 37
909 4185 10.34135 1.88849 0.33176 2.84056 58 27 18 58 21
904 4191 11.88056 1.79913 0.38642 2.61569 47 33 8 43 23
1003 4247 11.85033 0.01925 0.48451 0.82851 29 2 9 19 11
945 4202 10.75995 0.16724 0.76926 3.27907 128 24 50 128 65
993 4242 11.04556 0.01593 0.25268 0.95613 58 34 9 54 30
3375 4605 10.08040 3.11669 0.79574 2.30444 32 3 0 19 14
1917 4492 11.66333 0.08720 1.94704 0.84209 30 0 0 27 17
1920 4496 10.29123 0.07388 1.31967 1.06128 40 1 1 31 15
1953 4527 11.82973 0.05470 2.32932 0.53449 44 0 0 44 19
2020 4573 11.91393 1.54531 0.67227 4.86937 40 12 4 36 19
1034 4276 10.97397 0.66361 0.39413 1.28024 184 107 23 178 110
1999 3415 11.39773 2.44775 0.36927 2.59737 113 75 17 105 59
1775 4398 11.22049 1.59651 0.49873 3.56007 59 28 1 47 44
1995 4576 11.99923 0.21194 0.67985 2.93718 84 24 4 67 46
3326 4631 10.67376 2.23366 0.86410 3.37301 42 30 6 40 25
1003 4265 11.85233 0.01634 0.23326 0.92493 82 69 6 77 70
956 4213 10.99299 0.04848 0.31851 2.46355 61 19 23 48 32
2011 3406 10.85734 2.54035 0.32732 2.09237 153 114 16 149 65
1787 4387 11.94287 1.16181 0.54908 1.54914 84 41 8 80 61
1846 4423 11.27993 0.01279 0.76829 0.74599 69 17 0 59 49
1971 4543 11.59748 0.02409 1.21749 1.03854 93 0 0 85 70
3387 4597 10.54897 3.09658 0.42983 2.76385 66 10 2 63 32
1799 4406 11.22994 0.40873 0.05222 1.50246 61 23 5 54 27
1934 4525 10.74210 0.08102 1.71379 1.18894 97 0 0 95 75
1879 4455 11.93614 0.01705 0.91465 1.03665 67 8 0 64 46
1776 4397 10.39107 1.58363 0.43004 3.29634 76 29 10 76 40
1775 4391 10.73241 1.61475 0.46471 2.56903 76 26 6 74 49
1921 4512 10.95557 0.07440 10.41227 4.51275 37 0 0 35 28
1016 4254 10.51339 0.01777 0.06579 0.90784 75 52 16 75 54
3337 4614 10.61003 2.89118 0.18745 2.15231 132 109 11 126 82
948 4226 11.02207 0.02363 0.18454 1.29573 124 75 33 116 85
931 4185 10.91660 1.12040 0.42609 3.42119 82 11 12 77 33
925 4209 10.48984 0.09126 0.45738 1.79689 102 26 14 95 57
1024 4257 10.44843 0.13301 0.29873 1.69119 64 33 12 62 42
1048 4275 11.27001 1.44258 0.20490 0.91514 88 57 18 76 45
3335 4629 10.09324 2.64073 0.23483 2.59857 109 83 12 109 76
1996 4559 10.09778 0.26574 0.79170 1.33178 124 5 1 118 76
3320 4631 11.24219 2.03471 2.21534 4.98665 9 0 0 6 3
1847 4441 11.55264 0.03036 0.59065 1.78794 74 30 3 65 32
1855 4432 10.69944 0.01525 0.71639 0.46646 85 16 2 83 51
932 4187 10.41657 1.02100 0.18970 3.95280 115 8 8 107 69
935 4217 11.30734 0.02482 0.54472 1.81488 126 26 12 123 85
1988 4554 11.73670 0.04640 0.79858 2.00154 91 4 1 83 65
1966 4539 11.40828 0.03065 1.53098 1.14944 50 0 0 46 27
3313 4625 11.22320 1.91811 1.07863 5.70097 15 2 0 12 4
3337 4613 11.86500 2.89679 0.19983 2.22774 120 85 21 116 72
1973 4545 11.03296 0.01471 1.33478 0.92323 82 2 0 55 54
1930 4505 11.57754 0.07154 2.31825 1.02870 16 0 0 16 8
927 4211 11.01240 0.05930 0.54887 2.61314 165 11 10 158 112
918 4205 11.43448 0.41236 0.13984 2.54530 129 45 73 129 88
913 4180 11.16035 1.93124 0.47231 3.34855 67 30 6 61 25
3350 4607 10.75398 3.13012 0.27140 3.01921 72 42 16 68 34
1837 4431 10.31661 0.01613 0.11844 0.89043 97 81 12 93 72
1962 4536 10.60356 0.03098 2.27726 1.06459 100 0 0 98 84
1007 4249 11.88875 0.02524 9.76902 1.22237 36 0 0 34 23
1972 4562 11.86741 0.00792 1.10515 0.43431 77 0 0 75 49
2018 4574 10.62174 1.46662 0.77220 4.34560 40 10 0 33 17
2013 4578 10.18013 1.25027 0.55077 3.39373 116 46 12 114 88
2007 3416 10.76830 2.89315 0.69908 2.29661 95 47 13 91 41
3350 4623 11.07258 3.00671 0.45132 2.67152 75 51 10 75 38
1975 4563 10.21330 0.00829 0.81746 0.50668 62 0 6 62 28
2006 3405 11.65777 2.78985 0.34855 1.78860 138 89 11 132 71
3408 4570 10.87426 2.47119 0.59904 0.49099 73 27 14 66 34
1932 4508 10.13007 0.06367 1.90671 0.60652 36 0 0 34 22
3320 4620 11.54667 2.16904 0.99663 4.51579 19 0 0 19 7
944 4200 11.37483 0.26690 0.72694 3.59597 88 8 62 85 49
1828 4408 10.70368 0.02528 0.21525 1.43613 106 81 14 93 72
1880 4457 10.42538 0.01939 0.89701 1.34668 77 5 1 52 40
3331 4631 11.33074 2.44948 0.47813 2.14758 78 60 11 75 50
2019 4574 11.28046 1.50488 0.75334 4.77840 11 2 0 5 6
2014 4578 10.50472 1.29741 0.59747 3.81557 94 24 7 88 64
3315 4624 10.75753 1.98481 0.43022 6.20662 19 1 0 17 8
1846 4439 10.12485 0.02364 0.37475 1.40500 95 57 7 91 54
1805 4392 11.92984 0.21849 0.15907 0.71764 88 68 6 76 62
1972 4561 10.60044 0.00623 0.91036 0.32506 119 0 0 115 84
967 4240 10.72533 0.01756 0.11706 0.89263 107 55 43 101 60
3342 4611 11.31307 3.04279 0.13572 2.70747 93 51 4 83 58
913 4202 11.93999 0.76753 0.38227 2.80351 62 35 16 58 34
938 4193 11.22523 0.67019 0.56867 4.06573 73 17 23 71 22
2017 4571 10.04170 1.43489 0.87514 3.89772 98 12 2 93 59
3397 4591 10.03727 3.06997 1.17953 4.63253 82 2 0 78 31
3418 4569 10.56296 1.87584 0.56467 1.20528 142 38 24 140 93
1831 4410 11.25117 0.00843 1.03143 6.99067 25 12 0 21 16
994 4259 10.21233 0.01528 6.04603 0.88691 57 0 0 49 42
995 4243 11.35005 0.01201 0.23518 0.74756 48 24 15 41 25
3324 4620 10.04451 2.28863 0.45333 3.37139 51 44 1 51 34
1045 4277 11.81589 1.32315 0.20572 1.18894 112 78 17 107 72
3399 4574 11.01889 2.94948 0.42438 0.56371 83 36 7 69 48
1859 4452 10.91428 0.01579 0.53510 0.95900 83 31 3 79 55
3374 4607 11.67237 3.12439 0.28231 2.07698 46 16 3 42 21
3352 4622 11.27447 3.01766 0.41887 2.70081 54 33 11 51 28
2003 4561 11.35958 0.65753 0.90955 0.40542 97 2 0 90 47
910 4181 11.75361 2.03191 0.29644 2.71945 77 49 15 73 35
1048 4265 11.98599 1.42818 0.41532 1.36602 92 78 4 85 72
972 4226 11.61386 0.03017 0.36496 1.74988 68 31 11 63 39
3330 4631 11.14495 2.40421 0.39131 2.23020 38 26 4 36 20
905 4192 11.45899 1.70048 0.40871 2.88554 39 16 5 33 17
3408 4587 10.94561 2.48365 0.46417 3.30464 96 51 13 92 42
1884 4476 10.86859 0.03449 0.77118 0.83463 109 12 1 95 80
2002 3408 11.74755 3.06085 0.77138 2.64205 70 38 4 65 32
1038 4262 10.10514 0.90286 0.30574 1.35046 50 29 7 46 26
2009 3409 10.07049 2.84227 0.69076 2.66359 107 69 7 96 46
971 4244 11.93306 0.02119 0.16102 0.88160 124 79 35 120 88
1050 4273 11.32841 1.49845 0.17537 0.46225 73 51 14 57 42
1960 4551 11.58699 0.02696 1.82555 0.80794 71 0 0 59 35
996 4261 11.33696 0.01223 7.49571 0.74230 40 0 0 36 26
1821 4418 10.12617 0.03128 0.28897 1.76436 75 53 11 61 31
1808 4394 11.40235 0.15463 0.29107 0.84580 70 51 8 68 51
908 4184 11.30926 1.98541 0.41944 3.05223 75 36 17 66 27
1025 4257 10.93063 0.17115 0.31954 1.85667 54 38 7 48 28
1865 4442 10.81550 0.01758 0.91494 0.64831 79 6 4 70 48
1856 4433 10.68525 0.01605 0.83456 0.46981 112 17 1 105 68
3358 4601 11.83048 3.12923 0.12273 3.12199 89 27 10 83 53
1988 4572 11.24726 0.06362 0.64779 3.37034 126 27 10 121 59
962 4236 10.44283 0.01649 0.11790 1.05313 123 82 24 123 86
972 4244 10.96688 0.02179 0.22919 0.97999 144 86 47 140 109
1864 4457 11.20748 0.01387 0.43234 0.94336 38 19 3 38 23
1876 4468 10.39770 0.02699 0.72260 1.21981 75 8 2 68 50
910 4199 11.41509 1.06317 0.26539 2.45591 67 33 26 65 40
1798 4406 11.85898 0.46166 0.45244 2.08281 75 30 2 67 32
1787 4388 10.85736 1.16898 0.93599 2.03894 77 23 8 77 44
1955 4530 10.25962 0.03967 2.19633 0.37115 80 0 0 75 43
1038 4261 11.36001 0.90229 0.10513 1.08858 32 23 3 28 21
1987 4554 11.06692 0.03716 0.87774 1.93290 74 1 2 74 56
2012 4566 10.21233 1.21747 0.76251 1.52675 196 23 8 194 161
3418 4568 11.61788 1.87514 0.48220 1.46340 112 15 33 110 55
1902 4478 10.28896 0.01911 1.23009 0.82044 142 1 0 140 112
1871 4463 10.08523 0.01647 0.55022 0.78385 118 29 5 114 76
988 4239 10.56721 0.01697 0.39617 0.99936 76 37 23 71 40
2008 3409 10.09309 2.90685 0.37938 2.62346 100 69 16 96 43
991 4241 10.65182 0.01536 0.14202 0.92366 53 32 15 51 33
1792 4388 11.09643 0.87569 0.24879 1.40054 61 34 6 46 27
907 4197 11.84313 1.31813 0.18544 2.52956 74 37 24 68 41
2018 4577 11.79739 1.46103 0.51682 4.90409 37 12 4 35 16
1845 4423 10.03944 0.01190 0.60088 0.67897 101 35 7 93 74
1833 4428 10.89598 0.00736 0.46707 0.21489 102 60 5 95 75
915 4203 11.55690 0.62720 0.15686 2.90151 100 60 21 91 74
1861 4438 10.71111 0.01766 0.62767 0.44850 112 48 0 108 75
1915 4491 10.29585 0.08084 1.66427 0.62307 51 0 0 48 30
1800 4406 10.64921 0.35751 0.22986 1.42930 86 46 0 84 62
3359 4617 10.55261 3.08446 0.42700 2.31528 73 24 6 69 43
3419 4582 10.61624 1.85010 0.57693 3.88514 68 10 4 63 25
1032 4276 11.68811 0.54189 0.07071 1.37002 186 113 6 184 135
1818 4400 11.67105 0.03280 0.17698 1.69212 122 100 10 111 66
951 4209 10.20779 0.05337 0.40688 2.90690 183 46 95 179 124
1050 4268 11.40344 1.48604 0.16074 1.01952 168 119 16 166 108
3336 4614 11.18141 2.85533 0.21157 2.21258 82 62 11 74 48
1964 4555 11.83696 0.02242 1.48817 1.25023 127 0 0 117 102
989 4240 10.18471 0.01666 0.21682 1.02717 44 23 8 42 24
933 4186 11.61900 1.06941 0.20313 3.81895 136 6 8 134 78
3318 4631 11.65608 1.98073 1.50974 6.58434 5 0 0 3 3
2015 4566 11.82640 1.35950 0.80710 2.83006 91 6 2 85 44
