115 1547 10.74453 1.81495 0.19240 4.35280 332 57 67 330 209 671 100.00000 0
2449 3377 11.51103 1.06393 0.12228 2.54653 369 102 101 366 170 749 100.00000 0
371 2423 11.23183 1.47320 0.21305 1.71714 189 32 21 189 84 450 100.00000 0
578 3561 10.68366 1.14106 0.03121 1.47777 745 251 117 741 628 1302 100.00000 0
525 3499 10.48394 0.06692 0.16030 0.67027 230 53 31 222 152 564 100.00000 0
2334 3288 10.21449 0.60180 0.08714 1.74496 541 129 95 537 356 1086 100.00000 0
391 2423 11.78355 1.43327 1.41791 3.24980 445 86 104 441 200 980 100.00000 0
1403 3556 10.73074 2.22336 0.09485 0.80794 571 200 88 569 485 1021 100.00000 0
15 4449 11.54991 0.30032 0.37129 0.91257 260 26 12 249 198 757 100.00000 0
591 1415 10.97019 3.09723 0.16231 0.58417 272 46 49 270 197 604 100.00000 0
595 1404 10.35491 2.30808 0.23422 1.15284 473 123 59 471 392 871 100.00000 0
444 3427 10.04481 0.90278 0.16812 1.11627 590 223 86 590 422 1083 100.00000 0
523 3550 11.45851 1.08776 0.21157 2.46021 376 80 93 374 254 743 100.00000 0
595 1405 10.42108 2.35133 0.18913 1.15961 578 127 67 578 462 1007 100.00000 0
1386 3550 10.00667 2.22747 0.08823 1.39044 815 325 242 812 674 1289 100.00000 0
2335 3263 10.68921 1.68586 0.96131 2.77939 423 112 93 423 168 905 100.00000 0
572 1420 10.90436 1.95009 0.15514 1.56373 317 95 63 315 210 637 100.00000 0
410 3398 10.06667 0.08351 0.09654 2.62734 455 118 79 453 285 1001 100.00000 0
595 1408 10.75489 2.49652 0.18217 0.55178 480 85 49 480 383 978 100.00000 0
858 3768 10.49101 0.04389 0.41232 2.18337 285 32 68 283 137 841 100.00000 0
571 1421 11.45938 1.88885 0.14004 1.48964 256 54 54 251 176 545 100.00000 0
547 3502 10.88783 0.11507 0.18987 1.36430 437 84 43 435 259 811 100.00000 0
413 3441 10.15621 1.24783 0.69209 4.49754 363 112 57 355 139 822 100.00000 0
83 4512 11.02520 0.03714 0.12178 0.89438 269 34 36 264 183 758 100.00000 0
551 3501 11.73357 0.11499 0.20054 1.35306 328 58 32 328 193 666 100.00000 0
158 1616 11.69931 0.12112 0.13858 0.52489 159 25 30 157 102 541 100.00000 0
754 3668 10.93412 1.51079 0.30758 2.04181 315 58 63 315 169 676 100.00000 0
532 3553 10.10113 1.22467 0.10868 2.20158 648 249 146 648 532 1127 100.00000 0
556 1407 11.72521 2.51256 0.08675 1.30866 390 113 85 388 297 708 100.00000 0
428 2456 10.19883 1.06349 0.17308 4.82207 503 157 138 497 238 1008 100.00000 0
2464 3402 11.17440 0.09188 0.26837 2.37932 405 107 59 388 222 893 100.00000 0
544 3557 11.21174 1.41059 0.16608 1.62991 333 95 59 326 198 736 100.00000 0
2455 3388 11.07632 0.61450 0.23516 2.69965 493 116 77 490 337 997 100.00000 0
5 4431 10.81164 0.89906 0.19472 2.75051 560 169 106 552 295 1107 100.00000 0
447 3464 11.48221 0.02016 0.10182 1.11452 417 129 73 417 335 922 100.00000 0
1540 4534 11.82773 3.13185 0.04861 3.92126 391 176 59 391 298 746 100.00000 0
395 3377 11.00395 1.18611 0.27214 2.80463 420 93 102 420 182 851 100.00000 0
717 3679 11.35865 0.62154 0.45852 2.78671 327 53 83 323 179 743 100.00000 0
2328 3273 10.71687 1.61371 0.20913 3.01233 355 88 80 337 169 775 100.00000 0
428 3408 11.76796 1.05132 0.08041 4.25524 463 139 126 454 242 912 100.00000 0
378 3364 11.72483 1.59149 0.05214 1.76481 180 36 26 178 109 472 100.00000 0
786 3713 10.60311 0.03818 0.09709 0.82614 350 68 100 348 279 663 100.00000 0
749 3662 11.42045 1.29293 0.21528 2.58483 214 41 56 212 106 592 100.00000 0
417 3446 11.29783 1.13541 0.20140 2.17042 548 130 111 546 370 1034 100.00000 0
2466 3407 10.19850 0.06239 0.16204 3.49592 285 71 61 285 98 595 100.00000 0
92 1565 10.98516 1.94637 0.20372 1.26393 363 121 66 361 271 768 100.00000 0
958 3841 10.50947 1.13182 0.06629 0.37742 567 200 184 567 490 928 100.00000 0
915 3836 10.34230 0.02788 0.26908 0.75485 241 43 29 224 167 496 100.00000 0
666 3624 11.09642 0.00355 0.08477 0.18131 379 109 73 375 314 1088 100.00000 0
1416 3551 11.15230 3.09194 0.13751 0.50280 270 40 47 266 189 677 100.00000 0
562 1406 11.63728 2.56523 0.18908 1.33969 367 90 69 367 280 704 100.00000 0
678 3616 11.85252 0.00666 0.15184 0.37742 192 59 36 189 143 763 100.00000 0
419 2452 10.01915 0.50459 0.07794 1.47645 749 306 101 734 596 1253 100.00000 0
877 3784 11.97781 0.06473 0.20138 0.66969 683 213 100 681 520 1340 100.00000 0
751 3666 10.34155 1.39535 0.25027 2.71209 276 43 65 276 120 711 100.00000 0
391 3369 11.88995 1.48783 1.38654 3.13775 471 69 116 469 210 982 100.00000 0
516 580 11.61045 0.55335 0.23103 2.11230 206 25 27 203 147 475 100.00000 0
475 3464 11.97015 0.01877 0.06765 0.45370 315 93 47 315 257 675 100.00000 0
148 1576 11.63775 0.08388 0.27629 1.86907 233 11 23 231 154 588 100.00000 0
1408 3554 10.14746 2.55443 0.13577 0.32626 601 175 82 601 512 1112 100.00000 0
131 4532 10.50841 1.54555 0.14364 0.90655 573 87 37 573 478 1101 100.00000 0
405 3389 11.91620 0.55190 0.44112 3.43798 299 63 50 294 167 690 100.00000 0
125 4540 10.85627 1.44683 0.28711 1.84886 627 92 31 627 447 1195 100.00000 0
102 4520 11.13582 0.32612 0.26959 1.01375 177 41 27 175 136 503 100.00000 0
2432 3403 10.70970 0.94258 0.40604 2.58619 524 124 181 522 267 1025 100.00000 0
511 3528 11.00628 0.18681 0.32941 1.58214 426 57 57 424 277 822 100.00000 0
826 3745 11.94841 0.05989 0.10801 0.73860 149 21 40 147 99 458 100.00000 0
471 3461 11.28026 0.02688 0.21414 0.93503 284 63 49 278 218 689 100.00000 0
194 1619 11.49547 0.08180 0.17523 0.07402 338 65 45 336 256 607 100.00000 0
541 3503 10.04788 0.11372 0.42553 1.22205 333 44 63 324 142 754 100.00000 0
18 4453 11.70835 0.16095 0.24044 1.29664 310 62 49 305 203 825 100.00000 0
1399 3532 11.38021 2.97869 0.18016 0.75329 272 53 52 268 198 543 100.00000 0
772 3695 11.96207 0.07969 0.08182 1.96284 464 89 122 462 307 1092 100.00000 0
576 1389 11.68375 3.02322 0.06642 0.48698 307 73 68 302 234 770 100.00000 0
518 3542 10.83686 0.61577 0.16698 1.97278 235 30 41 235 160 575 100.00000 0
2439 3364 11.02399 0.96576 0.87622 3.43684 406 138 49 406 289 837 100.00000 0
412 3442 10.95368 1.31661 0.26970 4.76461 347 91 86 345 164 750 100.00000 0
569 1407 10.30924 2.58635 0.09797 1.71144 530 155 111 528 425 926 100.00000 0
439 3459 11.71112 0.04273 0.12744 0.72416 341 67 51 334 238 772 100.00000 0
874 3782 11.16013 0.05782 0.13634 0.41496 626 193 100 622 492 1277 100.00000 0
132 4537 11.66718 1.54946 0.40924 2.06488 541 36 14 541 353 988 100.00000 0
597 1402 11.24369 2.15792 0.15171 1.32766 499 136 73 499 353 958 100.00000 0
2452 3428 11.20538 0.70663 0.37706 3.08946 576 211 93 572 298 1111 100.00000 0
425 2479 11.64363 0.88348 0.47409 5.84426 164 19 23 164 53 450 100.00000 0
1388 3542 10.64649 2.75023 0.05007 1.48253 484 138 94 484 339 922 100.00000 0
492 3499 10.18538 0.04577 0.46565 2.43992 245 56 66 245 112 606 100.00000 0
659 3601 10.89804 0.02354 0.31786 1.32943 203 41 26 199 142 746 100.00000 0
2379 3312 11.17297 0.02863 0.10300 0.48779 347 64 75 341 253 1013 100.00000 0
219 1633 10.33262 1.44979 0.05684 0.58484 600 261 102 598 524 963 100.00000 0
582 1383 11.27619 2.64342 0.24954 2.01519 502 140 139 500 282 941 100.00000 0
2388 3344 11.19975 0.02217 0.14575 1.27134 310 28 76 310 221 777 100.00000 0
1410 3527 10.31118 2.41201 0.10345 1.84589 519 229 78 517 411 893 100.00000 0
737 3657 10.15225 0.52011 0.12177 2.05557 536 128 132 533 333 1054 100.00000 0
2469 3445 11.11509 1.54966 0.46950 6.13411 76 6 27 76 27 342 100.00000 0
429 2479 11.43009 1.10903 0.36600 4.96310 317 90 73 307 181 648 100.00000 0
7 4432 11.96482 0.87808 0.09230 2.35850 427 109 93 425 200 890 100.00000 0
381 3364 11.64073 1.58401 0.19848 1.64306 459 132 79 452 283 946 100.00000 0
149 1578 11.24811 0.07916 0.28142 1.72556 291 24 24 289 203 674 100.00000 0
213 1630 10.02511 1.19971 0.07705 0.46140 500 228 73 500 452 857 100.00000 0
681 3636 10.07453 0.02479 0.16693 1.36544 323 53 78 323 239 792 100.00000 0
727 3693 11.66185 1.53192 0.38874 2.68088 281 47 42 279 110 683 100.00000 0
564 3557 10.75864 1.39588 0.21946 1.52726 390 96 62 386 238 897 100.00000 0
1398 3535 10.94358 3.08101 0.12447 0.93503 336 97 60 332 266 684 100.00000 0
213 1649 11.10205 1.46747 0.16011 1.33706 405 90 97 402 322 736 100.00000 0
510 565 11.20023 0.14017 0.49578 2.16302 396 78 64 380 245 801 100.00000 0
421 3447 10.49148 0.91149 0.07441 0.80746 486 135 73 486 404 980 100.00000 0
542 595 10.21960 1.32607 0.13873 1.82048 544 188 84 539 378 969 100.00000 0
509 563 11.52826 0.13012 0.35617 2.07075 335 43 65 333 193 660 100.00000 0
598 3532 10.25474 1.26658 0.28386 1.89072 654 273 151 654 470 1129 100.00000 0
740 3700 10.65723 1.01638 0.05576 1.03211 625 212 91 625 534 1155 100.00000 0
2449 3380 10.40104 0.92095 0.13117 2.10301 524 123 158 524 250 1059 100.00000 0
736 3656 10.57821 0.46328 0.27274 1.68772 429 50 118 426 248 910 100.00000 0
702 3658 11.19489 0.03453 0.11529 0.39762 540 82 158 540 404 1096 100.00000 0
405 2442 10.16858 0.40647 0.20389 2.97690 488 128 85 486 322 1015 100.00000 0
2436 3360 11.51892 0.82616 0.43390 1.64568 671 252 101 671 407 1122 100.00000 0
2447 3373 11.76464 1.16633 0.93464 2.33716 513 160 105 511 250 996 100.00000 0
515 576 10.93095 0.36941 0.21397 2.32136 288 50 24 288 144 610 100.00000 0
521 586 11.14252 0.89090 0.17034 2.32810 241 27 36 241 135 627 100.00000 0
714 3644 11.58707 0.01470 0.11115 0.38052 319 56 79 313 228 766 100.00000 0
125 1551 10.88796 1.29487 0.14466 1.87930 440 74 31 438 314 885 100.00000 0
2359 3280 11.60974 0.91132 0.45844 1.88720 290 67 41 288 169 713 100.00000 0
593 3518 10.65518 1.28173 0.09089 2.87875 597 215 106 597 497 1002 100.00000 0
546 3557 11.21914 1.41025 0.10271 1.61592 386 118 71 382 256 766 100.00000 0
97 1552 11.90716 2.58595 0.35168 2.45830 206 46 40 204 117 546 100.00000 0
90 1564 11.94260 2.02168 0.14563 1.12361 313 111 44 313 230 775 100.00000 0
392 2424 11.74396 1.40119 1.27253 3.21406 432 117 91 428 191 924 100.00000 0
601 3538 10.76442 1.13034 0.24002 1.21788 685 320 105 680 569 1173 100.00000 0
945 3855 10.68365 0.34359 0.09917 0.53741 312 92 46 308 262 711 100.00000 0
503 3487 10.36291 0.04223 0.15591 2.05728 217 70 53 213 135 553 100.00000 0
405 3433 10.01999 1.05772 0.05717 4.99928 377 114 129 369 205 768 100.00000 0
2342 3260 11.49206 1.57446 0.19616 3.02220 319 83 53 311 146 783 100.00000 0
2473 3443 10.71559 1.51622 1.66890 5.10584 229 34 50 225 83 608 100.00000 0
396 2431 10.60505 1.07662 0.39216 2.90529 537 123 61 533 278 980 100.00000 0
800 3726 10.08626 0.02419 0.13432 0.32984 403 86 68 403 322 842 100.00000 0
741 3657 11.69153 0.75466 0.19235 2.86457 346 58 76 346 184 759 100.00000 0
603 3541 11.22881 1.01205 0.21838 1.81424 444 142 65 440 343 845 100.00000 0
564 1409 10.85084 2.42396 0.13020 1.66013 521 138 126 521 435 861 100.00000 0
106 4540 10.55858 0.55062 0.12504 1.53263 443 128 72 443 317 925 100.00000 0
551 1411 11.18623 2.29926 0.10430 1.59594 312 110 49 312 251 662 100.00000 0
91 1562 11.53892 2.13203 0.29171 1.43940 424 158 56 420 269 857 100.00000 0
400 3383 11.69340 0.89346 0.25272 2.97085 399 111 79 399 199 851 100.00000 0
539 1417 11.51541 1.94865 0.13050 1.71555 212 37 41 210 158 481 100.00000 0
818 3739 11.86804 0.05403 0.08712 0.75173 92 19 18 92 61 313 100.00000 0
1578 4537 11.65490 1.63819 0.31960 1.64830 536 99 48 534 358 1010 100.00000 0
741 3702 11.61325 0.95157 0.06140 1.06422 665 244 100 665 539 1084 100.00000 0
743 3701 10.10380 0.82626 0.07486 1.67771 665 203 147 665 456 1098 100.00000 0
495 3480 11.73798 0.02048 0.22146 0.33102 283 29 51 281 204 569 100.00000 0
26 4463 11.34854 0.02353 0.12870 0.82472 246 75 27 246 184 676 100.00000 0
588 1378 11.81548 2.20251 0.09597 1.04792 454 109 86 452 297 919 100.00000 0
566 1403 11.69155 2.72289 0.12660 1.37828 333 54 92 333 221 667 100.00000 0
698 3653 10.73586 0.02149 0.17513 0.27124 326 59 93 322 225 760 100.00000 0
2432 3404 11.20678 0.95801 0.44031 2.67547 439 114 145 435 224 968 100.00000 0
590 1382 10.80670 2.13124 0.07209 1.50740 560 203 147 558 456 1036 100.00000 0
595 3519 11.19941 1.36407 0.10734 2.79218 445 150 74 443 356 819 100.00000 0
12 4445 11.12199 0.44621 0.24260 0.84441 473 56 32 469 366 1054 100.00000 0
619 3565 10.61115 0.01832 0.25436 0.97959 353 53 80 353 245 1064 100.00000 0
1385 3554 10.85013 1.97478 0.08962 1.09182 563 181 107 563 465 1121 100.00000 0
621 3587 10.80721 0.01343 0.07614 0.16551 136 33 19 127 100 774 100.00000 0
1575 4529 10.71214 1.66072 0.32743 1.39914 659 192 113 657 456 1126 100.00000 0
719 3681 10.97407 0.77446 0.38353 2.92570 320 37 73 320 146 715 100.00000 0
1418 3522 11.60818 1.88990 0.17942 1.98662 195 35 36 193 129 473 100.00000 0
919 3839 10.00787 0.03057 0.31128 1.00483 421 153 66 417 325 740 100.00000 0
708 3665 10.80542 0.01654 0.12108 0.60716 720 182 144 718 576 1282 100.00000 0
600 3536 10.63680 1.19250 0.42374 1.70731 518 191 102 503 409 993 100.00000 0
552 1416 11.26247 2.00088 0.09469 1.86341 263 67 42 257 182 528 100.00000 0
1390 3540 10.87568 2.87580 0.07181 1.02336 464 91 102 459 352 888 100.00000 0
221 1636 10.07077 1.52997 0.15161 0.80891 403 86 108 403 312 699 100.00000 0
546 3502 10.88827 0.11496 0.16645 1.30776 397 73 55 397 234 791 100.00000 0
523 588 10.95953 1.01092 0.22661 2.38212 294 73 55 290 184 576 100.00000 0
650 3611 10.98224 0.02716 0.38131 1.40165 229 78 51 229 170 850 100.00000 0
565 1420 11.70149 1.83120 0.12668 1.89548 184 31 31 182 120 499 100.00000 0
582 3562 10.30517 0.93559 0.07207 2.12375 565 211 77 565 389 1037 100.00000 0
792 3718 11.26078 0.01629 0.02042 0.72199 171 28 41 171 87 579 100.00000 0
567 1414 10.14103 2.16253 0.09582 2.23037 490 161 60 486 387 875 100.00000 0
370 2439 11.62313 0.64640 0.26736 1.30836 439 60 26 437 277 819 100.00000 0
1558 4527 10.29856 2.35834 0.21291 1.76281 341 142 62 339 166 781 100.00000 0
478 3488 10.80364 0.01575 0.10561 0.66441 365 63 101 363 255 735 100.00000 0
835 3775 10.17397 0.07998 0.12156 1.58536 479 68 96 479 257 922 100.00000 0
535 3556 11.07096 1.37410 0.15681 1.63399 345 110 52 345 252 676 100.00000 0
1402 3527 11.84386 2.78534 0.15209 1.23796 335 53 125 331 250 665 100.00000 0
1420 3539 10.52194 2.19549 0.16391 0.80649 457 112 111 455 377 850 100.00000 0
508 558 11.79446 0.12236 0.41350 1.55494 316 37 31 314 177 675 100.00000 0
513 3531 10.48913 0.23966 0.27192 1.46660 352 22 54 350 225 693 100.00000 0
539 3502 10.76934 0.11422 0.25006 1.25928 378 79 57 376 206 801 100.00000 0
514 577 11.75332 0.41583 0.22431 2.42463 216 19 17 208 105 574 100.00000 0
558 3501 11.84659 0.11612 0.30753 1.48833 343 46 32 343 168 710 100.00000 0
377 3366 10.89388 1.57292 0.22975 2.40680 231 76 43 226 127 545 100.00000 0
560 1417 11.27358 1.95091 0.17985 1.97596 168 28 22 164 112 437 100.00000 0
464 3455 10.16057 0.01633 0.06967 0.91941 503 103 120 501 394 929 100.00000 0
501 3509 10.82882 0.02260 0.05913 0.79672 339 88 81 339 241 801 100.00000 0
1403 3534 10.20601 2.89883 0.12641 1.05832 467 141 125 464 381 833 100.00000 0
106 1579 10.98190 1.08515 0.05429 1.26857 523 179 61 519 424 955 100.00000 0
2455 3432 10.65047 1.00399 0.13734 4.49379 578 245 135 576 306 967 100.00000 0
533 3500 11.83555 0.10438 0.12356 0.94128 212 48 21 208 154 476 100.00000 0
41 4479 10.39581 0.02173 0.16596 0.59017 394 67 37 390 310 988 100.00000 0
964 3856 10.91288 1.47447 0.49741 1.21338 314 43 66 312 163 758 100.00000 0
100 4538 10.44230 0.21965 0.10149 1.06422 284 68 41 282 170 693 100.00000 0
557 3557 11.15820 1.40951 0.13124 1.52084 335 100 53 335 215 704 100.00000 0
