115 1547 10.74453 1.81495 0.22187 4.34929 52 41 10 52 28 170 100.00000 0
2449 3377 11.51103 1.06393 0.35680 2.55160 81 57 14 78 34 204 100.00000 0
371 2423 11.23183 1.47320 0.29852 1.72986 47 30 13 47 27 131 100.00000 0
578 3561 10.68366 1.14106 0.09453 1.48622 163 135 24 159 104 372 100.00000 0
525 3499 10.48394 0.06692 0.10263 0.67319 89 68 18 86 57 263 100.00000 0
2334 3288 10.21449 0.60180 0.09273 1.76059 146 113 18 142 79 428 100.00000 0
391 2423 11.78355 1.43327 0.21014 3.24980 89 69 13 89 35 249 100.00000 0
1403 3556 10.73074 2.22336 0.10297 0.79426 163 129 30 157 115 357 100.00000 0
15 4449 11.54991 0.30032 0.25958 0.92788 67 49 10 65 46 230 100.00000 0
591 1415 10.97019 3.09723 0.17352 0.58551 58 42 15 58 36 198 100.00000 0
595 1404 10.35491 2.30808 0.35830 1.17836 120 101 13 118 81 300 100.00000 0
444 3427 10.04481 0.90278 0.22653 1.11627 131 113 10 128 73 321 100.00000 0
523 3550 11.45851 1.08776 0.23029 2.45973 88 71 11 86 52 257 100.00000 0
595 1405 10.42108 2.35133 0.34976 1.15216 155 128 19 155 116 325 100.00000 0
1386 3550 10.00667 2.22747 0.08304 1.40834 160 147 7 153 112 353 100.00000 0
2335 3263 10.68921 1.68586 0.12801 2.77897 84 53 18 84 28 221 100.00000 0
572 1420 10.90436 1.95009 0.07981 1.56473 65 49 12 65 33 181 100.00000 0
410 3398 10.06667 0.08351 0.22861 2.62614 130 106 21 130 66 330 100.00000 0
595 1408 10.75489 2.49652 0.16973 0.54965 165 136 25 165 115 343 100.00000 0
858 3768 10.49101 0.04389 0.09671 2.18337 103 85 11 101 52 339 100.00000 0
571 1421 11.45938 1.88885 0.15110 1.46233 49 36 7 49 29 184 100.00000 0
547 3502 10.88783 0.11507 0.38394 1.37345 138 107 14 138 74 310 100.00000 0
413 3441 10.15621 1.24783 0.76611 4.49344 69 51 13 66 20 215 100.00000 0
83 4512 11.02520 0.03714 0.13338 0.89700 95 79 13 95 69 280 100.00000 0
551 3501 11.73357 0.11499 0.37472 1.35999 95 76 10 93 41 227 100.00000 0
158 1616 11.69931 0.12112 0.09471 0.58417 36 23 10 33 15 117 100.00000 0
754 3668 10.93412 1.51079 0.30259 2.03836 83 61 16 83 42 279 100.00000 0
532 3553 10.10113 1.22467 0.15806 2.19891 84 72 11 84 43 239 100.00000 0
556 1407 11.72521 2.51256 0.12230 1.30806 94 82 10 91 73 255 100.00000 0
428 2456 10.19883 1.06349 0.06249 4.81955 69 46 15 63 26 244 100.00000 0
2464 3402 11.17440 0.09188 0.12583 2.38622 83 59 21 81 44 258 100.00000 0
544 3557 11.21174 1.41059 0.09984 1.63039 106 84 18 104 64 304 100.00000 0
2455 3388 11.07632 0.61450 0.19439 2.70458 80 57 17 76 46 342 100.00000 0
5 4431 10.81164 0.89906 0.90483 2.75534 105 81 20 105 34 340 100.00000 0
447 3464 11.48221 0.02016 0.12199 1.23638 95 63 18 91 50 265 100.00000 0
1540 4534 11.82773 3.13185 0.63992 3.92056 83 63 13 81 31 198 100.00000 0
395 3377 11.00395 1.18611 0.23686 2.80128 98 76 10 96 38 250 100.00000 0
717 3679 11.35865 0.62154 0.58246 2.77728 77 49 26 75 32 240 100.00000 0
2328 3273 10.71687 1.61371 0.21120 3.01181 108 87 19 106 43 308 100.00000 0
428 3408 11.76796 1.05132 0.20514 4.24898 75 48 15 58 32 249 100.00000 0
378 3364 11.72483 1.59149 0.14539 1.75903 64 42 13 60 36 179 100.00000 0
786 3713 10.60311 0.03818 0.03652 0.81709 99 72 19 93 76 236 100.00000 0
749 3662 11.42045 1.29293 0.24736 2.66785 59 36 9 59 25 150 100.00000 0
417 3446 11.29783 1.13541 0.39612 2.16428 77 61 15 77 37 280 100.00000 0
2466 3407 10.19850 0.06239 0.19081 3.50967 59 43 12 53 25 201 100.00000 0
92 1565 10.98516 1.94637 0.21561 1.23954 59 45 14 59 46 169 100.00000 0
958 3841 10.50947 1.13182 0.05303 0.37325 103 81 19 103 73 257 100.00000 0
915 3836 10.34230 0.02788 0.13174 0.68070 84 58 14 78 60 187 100.00000 0
666 3624 11.09642 0.00355 0.07521 0.19782 87 71 13 83 64 303 100.00000 0
1416 3551 11.15230 3.09194 0.23484 0.48939 82 49 21 75 42 231 100.00000 0
562 1406 11.63728 2.56523 0.25187 1.34407 103 92 8 100 73 240 100.00000 0
419 2452 10.01915 0.50459 0.16252 1.48174 143 113 18 136 88 291 100.00000 0
877 3784 11.97781 0.06473 0.21779 0.66852 154 124 27 152 105 354 100.00000 0
751 3666 10.34155 1.39535 0.04682 2.69602 74 52 17 74 30 229 100.00000 0
391 3369 11.88995 1.48783 0.13143 3.14224 81 55 19 77 40 288 100.00000 0
516 580 11.61045 0.55335 0.23486 2.13900 72 43 19 72 33 193 100.00000 0
475 3464 11.97015 0.01877 0.10252 0.52563 131 102 21 131 92 299 100.00000 0
148 1576 11.63775 0.08388 0.35450 1.85920 58 25 9 52 29 183 100.00000 0
1408 3554 10.14746 2.55443 0.08656 0.32506 149 121 23 149 96 332 100.00000 0
667 3607 11.56704 0.01346 0.51588 0.88603 42 24 4 29 25 281 100.00000 0
131 4532 10.50841 1.54555 0.14136 0.91343 139 92 19 134 95 345 100.00000 0
405 3389 11.91620 0.55190 0.22822 3.44139 117 93 20 117 54 327 100.00000 0
125 4540 10.85627 1.44683 0.42725 1.87263 113 62 18 113 51 278 100.00000 0
684 3621 11.86790 0.01961 0.32662 1.11276 31 16 8 27 14 229 100.00000 0
102 4520 11.13582 0.32612 0.20789 1.00755 100 75 20 93 60 238 100.00000 0
2432 3403 10.70970 0.94258 0.26649 2.58619 83 69 11 81 48 272 100.00000 0
511 3528 11.00628 0.18681 0.30765 1.57942 128 95 26 124 83 257 100.00000 0
826 3745 11.94841 0.05989 0.18131 0.75121 60 40 18 57 39 254 100.00000 0
471 3461 11.28026 0.02688 0.16224 0.93377 80 60 12 72 52 228 100.00000 0
194 1619 11.49547 0.08180 0.17594 0.06256 103 87 8 101 68 248 100.00000 0
541 3503 10.04788 0.11372 0.22829 1.21466 117 93 10 109 62 273 100.00000 0
18 4453 11.70835 0.16095 0.06479 1.29604 73 59 8 71 54 280 100.00000 0
1399 3532 11.38021 2.97869 0.10851 0.72091 92 81 9 92 68 274 100.00000 0
772 3695 11.96207 0.07969 0.02703 1.95885 104 83 18 102 82 225 100.00000 0
576 1389 11.68375 3.02322 0.08723 0.52563 71 61 7 71 54 256 100.00000 0
518 3542 10.83686 0.61577 0.06518 1.97179 75 63 7 73 52 235 100.00000 0
2439 3364 11.02399 0.96576 1.07733 3.43695 69 41 22 67 22 211 100.00000 0
412 3442 10.95368 1.31661 0.23676 4.77323 53 27 17 51 24 232 100.00000 0
569 1407 10.30924 2.58635 0.34041 1.70983 115 93 17 110 77 326 100.00000 0
439 3459 11.71112 0.04273 0.29732 0.70665 110 83 23 110 50 304 100.00000 0
874 3782 11.16013 0.05782 0.09339 0.40926 158 114 30 151 94 422 100.00000 0
132 4537 11.66718 1.54946 0.43224 2.07943 110 67 18 110 49 283 100.00000 0
597 1402 11.24369 2.15792 0.17973 1.31908 142 115 19 139 93 340 100.00000 0
2452 3428 11.20538 0.70663 0.16716 3.09149 124 104 9 115 70 339 100.00000 0
425 2479 11.64363 0.88348 0.12116 5.82639 48 31 13 46 17 199 100.00000 0
1388 3542 10.64649 2.75023 0.16913 1.49489 110 90 14 108 69 317 100.00000 0
492 3499 10.18538 0.04577 0.15723 2.44136 85 63 13 82 38 256 100.00000 0
659 3601 10.89804 0.02354 0.10480 1.32825 48 31 12 45 25 243 100.00000 0
2379 3312 11.17297 0.02863 0.18452 0.48939 109 56 28 87 51 385 100.00000 0
219 1633 10.33262 1.44979 0.11308 0.60393 94 82 8 94 69 234 100.00000 0
582 1383 11.27619 2.64342 0.19857 2.03759 105 91 11 102 60 281 100.00000 0
2388 3344 11.19975 0.02217 0.19349 1.26610 120 103 10 118 65 327 100.00000 0
1410 3527 10.31118 2.41201 0.29171 1.85118 127 103 18 121 77 307 100.00000 0
737 3657 10.15225 0.52011 0.20161 2.05747 117 73 29 115 73 327 100.00000 0
2469 3445 11.11509 1.54966 1.29373 6.18307 40 20 10 38 18 156 100.00000 0
429 2479 11.43009 1.10903 1.16562 4.96286 60 42 11 52 17 223 100.00000 0
7 4432 11.96482 0.87808 0.19987 2.38245 94 79 10 91 49 314 100.00000 0
381 3364 11.64073 1.58401 0.36700 1.64187 60 48 9 58 31 170 100.00000 0
149 1578 11.24811 0.07916 0.22912 1.72056 88 50 18 77 44 249 100.00000 0
213 1630 10.02511 1.19971 0.19226 0.34943 68 54 7 62 40 171 100.00000 0
681 3636 10.07453 0.02479 0.10785 1.36716 104 73 17 84 63 332 100.00000 0
727 3693 11.66185 1.53192 1.25452 2.68249 75 54 17 75 27 214 100.00000 0
564 3557 10.75864 1.39588 0.34637 1.52341 117 107 9 117 76 325 100.00000 0
1398 3535 10.94358 3.08101 0.13893 0.99229 109 99 6 105 80 312 100.00000 0
213 1649 11.10205 1.46747 0.27285 1.34377 123 107 11 123 87 251 100.00000 0
510 565 11.20023 0.14017 0.41691 2.15903 38 22 4 36 16 143 100.00000 0
421 3447 10.49148 0.91149 0.07969 0.76515 104 90 10 104 79 329 100.00000 0
542 595 10.21960 1.32607 0.13702 1.81445 116 97 17 116 63 310 100.00000 0
509 563 11.52826 0.13012 0.75286 2.06545 91 65 13 89 55 225 100.00000 0
598 3532 10.25474 1.26658 0.14080 1.89052 178 153 22 178 108 392 100.00000 0
740 3700 10.65723 1.01638 0.07190 1.03249 133 110 20 131 85 320 100.00000 0
2449 3380 10.40104 0.92095 0.47744 2.10413 139 119 14 137 59 304 100.00000 0
736 3656 10.57821 0.46328 0.24003 1.66929 160 128 27 158 105 373 100.00000 0
702 3658 11.19489 0.03453 0.06097 0.39762 124 97 21 122 88 315 100.00000 0
405 2442 10.16858 0.40647 0.25160 2.97717 132 104 25 130 78 377 100.00000 0
2436 3360 11.51892 0.82616 0.13440 1.64521 148 128 13 142 80 293 100.00000 0
2447 3373 11.76464 1.16633 0.94758 2.33263 72 52 15 72 38 240 100.00000 0
515 576 10.93095 0.36941 0.14025 2.32069 69 57 11 67 32 245 100.00000 0
521 586 11.14252 0.89090 0.18548 2.31511 52 40 7 48 34 212 100.00000 0
714 3644 11.58707 0.01470 0.07178 0.46225 129 105 17 127 90 297 100.00000 0
125 1551 10.88796 1.29487 0.21236 1.86509 83 58 14 81 45 241 100.00000 0
2359 3280 11.60974 0.91132 0.16799 1.88014 77 58 15 75 39 239 100.00000 0
593 3518 10.65518 1.28173 0.28109 2.86785 93 66 20 89 50 298 100.00000 0
546 3557 11.21914 1.41025 0.08217 1.61762 95 67 26 91 58 247 100.00000 0
97 1552 11.90716 2.58595 0.37357 2.46116 68 47 16 64 34 220 100.00000 0
90 1564 11.94260 2.02168 0.03953 1.12744 94 68 15 83 48 289 100.00000 0
392 2424 11.74396 1.40119 1.11680 3.20613 107 74 23 105 41 255 100.00000 0
601 3538 10.76442 1.13034 0.22666 1.22045 139 114 19 135 105 369 100.00000 0
945 3855 10.68365 0.34359 0.21539 0.57743 60 46 3 58 42 220 100.00000 0
503 3487 10.36291 0.04223 0.08109 2.05519 81 69 8 81 51 238 100.00000 0
405 3433 10.01999 1.05772 0.17351 5.02835 37 19 7 32 20 176 100.00000 0
2342 3260 11.49206 1.57446 0.60681 3.02440 67 36 25 59 28 216 100.00000 0
2473 3443 10.71559 1.51622 1.94765 5.17877 43 23 10 41 18 188 100.00000 0
396 2431 10.60505 1.07662 0.27212 2.91215 112 86 15 107 59 256 100.00000 0
800 3726 10.08626 0.02419 0.12105 0.36904 116 89 19 111 80 292 100.00000 0
741 3657 11.69153 0.75466 0.18157 2.84262 72 49 12 70 30 247 100.00000 0
603 3541 11.22881 1.01205 0.27720 1.80992 139 119 15 133 86 350 100.00000 0
564 1409 10.85084 2.42396 0.10452 1.70456 93 72 8 93 55 222 100.00000 0
106 4540 10.55858 0.55062 0.25005 1.52341 116 94 15 114 74 325 100.00000 0
551 1411 11.18623 2.29926 0.08138 1.61447 72 58 8 72 52 236 100.00000 0
91 1562 11.53892 2.13203 0.38812 1.44483 102 83 11 100 62 312 100.00000 0
400 3383 11.69340 0.89346 0.14904 2.96584 96 68 19 96 53 265 100.00000 0
539 1417 11.51541 1.94865 0.08745 1.73190 53 40 9 48 39 189 100.00000 0
818 3739 11.86804 0.05403 0.16564 0.74441 32 21 6 27 18 147 100.00000 0
1578 4537 11.65490 1.63819 0.41663 1.63877 86 56 17 80 35 257 100.00000 0
741 3702 11.61325 0.95157 0.13562 1.07847 180 151 23 180 119 385 100.00000 0
743 3701 10.10380 0.82626 0.17549 1.67725 142 116 20 142 95 320 100.00000 0
495 3480 11.73798 0.02048 0.15796 0.37742 90 69 13 84 59 235 100.00000 0
26 4463 11.34854 0.02353 0.12741 0.82803 77 58 11 75 45 285 100.00000 0
588 1378 11.81548 2.20251 0.16259 1.05906 121 94 17 119 76 331 100.00000 0
566 1403 11.69155 2.72289 0.62537 1.37572 60 41 8 58 37 234 100.00000 0
698 3653 10.73586 0.02149 0.20515 0.27695 127 112 10 127 102 296 100.00000 0
2432 3404 11.20678 0.95801 0.38994 2.67547 103 75 22 103 38 246 100.00000 0
590 1382 10.80670 2.13124 0.11086 1.52110 156 135 12 156 104 374 100.00000 0
595 3519 11.19941 1.36407 0.19584 2.78333 103 74 21 101 60 269 100.00000 0
12 4445 11.12199 0.44621 0.18774 0.93670 108 74 17 104 81 346 100.00000 0
619 3565 10.61115 0.01832 0.03675 0.96914 74 57 13 72 47 254 100.00000 0
1385 3554 10.85013 1.97478 0.08728 1.13677 126 102 16 124 90 366 100.00000 0
621 3587 10.80721 0.01343 0.12114 0.13988 40 31 6 36 27 335 100.00000 0
1575 4529 10.71214 1.66072 0.43475 1.39802 185 153 29 182 122 397 100.00000 0
719 3681 10.97407 0.77446 0.61628 2.92222 103 71 28 103 43 254 100.00000 0
1418 3522 11.60818 1.88990 0.30232 2.00232 76 62 8 76 58 229 100.00000 0
919 3839 10.00787 0.03057 0.19138 0.95613 101 86 11 99 73 232 100.00000 0
708 3665 10.80542 0.01654 0.15406 0.61357 185 146 35 185 131 390 100.00000 0
600 3536 10.63680 1.19250 0.53164 1.71166 136 116 19 132 88 329 100.00000 0
552 1416 11.26247 2.00088 0.15529 1.86949 64 52 6 64 42 184 100.00000 0
1390 3540 10.87568 2.87580 0.21807 1.01876 156 130 23 150 108 383 100.00000 0
221 1636 10.07077 1.52997 0.07028 0.80308 74 60 8 68 45 173 100.00000 0
546 3502 10.88827 0.11496 0.21519 1.30716 125 94 10 120 65 259 100.00000 0
523 588 10.95953 1.01092 0.19258 2.38983 110 88 20 110 70 275 100.00000 0
650 3611 10.98224 0.02716 0.21588 1.41305 59 46 11 59 37 288 100.00000 0
565 1420 11.70149 1.83120 0.17733 1.89300 67 49 9 67 31 230 100.00000 0
582 3562 10.30517 0.93559 0.05199 2.12964 141 116 17 139 67 316 100.00000 0
792 3718 11.26078 0.01629 0.14580 0.73329 89 71 13 87 62 222 100.00000 0
567 1414 10.14103 2.16253 0.29626 2.23055 100 76 16 100 66 275 100.00000 0
370 2439 11.62313 0.64640 0.36696 1.36888 116 92 18 114 60 273 100.00000 0
1558 4527 10.29856 2.35834 0.11322 1.76281 77 54 17 71 37 261 100.00000 0
478 3488 10.80364 0.01575 0.12406 0.65849 95 75 15 95 65 253 100.00000 0
835 3775 10.17397 0.07998 0.29117 1.58115 146 111 32 138 81 344 100.00000 0
535 3556 11.07096 1.37410 0.10347 1.63494 81 69 9 75 56 254 100.00000 0
1402 3527 11.84386 2.78534 0.15302 1.21305 93 72 12 88 68 260 100.00000 0
1420 3539 10.52194 2.19549 0.24627 0.80794 97 73 19 93 60 277 100.00000 0
508 558 11.79446 0.12236 0.37451 1.56798 111 89 8 109 61 285 100.00000 0
513 3531 10.48913 0.23966 0.17175 1.45723 93 56 25 89 60 243 100.00000 0
539 3502 10.76934 0.11422 0.47240 1.25710 106 77 19 104 55 263 100.00000 0
514 577 11.75332 0.41583 0.34100 2.43108 66 51 7 64 40 205 100.00000 0
558 3501 11.84659 0.11612 0.52395 1.49698 92 65 7 90 40 216 100.00000 0
377 3366 10.89388 1.57292 0.24113 2.40697 65 51 6 59 24 175 100.00000 0
560 1417 11.27358 1.95091 0.19450 1.96961 52 33 12 49 23 209 100.00000 0
464 3455 10.16057 0.01633 0.02947 0.92196 128 110 13 126 87 353 100.00000 0
501 3509 10.82882 0.02260 0.14904 0.80794 127 99 10 116 88 316 100.00000 0
1403 3534 10.20601 2.89883 0.10913 1.06533 123 99 15 123 81 349 100.00000 0
106 1579 10.98190 1.08515 0.12405 1.24647 157 118 24 157 105 367 100.00000 0
2455 3432 10.65047 1.00399 0.17402 4.52697 107 68 22 103 38 303 100.00000 0
533 3500 11.83555 0.10438 0.20656 0.94419 75 53 11 67 47 186 100.00000 0
41 4479 10.39581 0.02173 0.20455 0.56232 90 61 16 83 53 342 100.00000 0
964 3856 10.91288 1.47447 0.35194 1.21434 103 74 20 101 45 313 100.00000 0
100 4538 10.44230 0.21965 0.19729 1.05388 67 55 10 62 39 265 100.00000 0
557 3557 11.15820 1.40951 0.11850 1.52418 129 98 28 129 70 346 100.00000 0
