3313 4624 11.54661 1.93089 19.06998 110.63179 3 0 0 3 2 29 100.00000 0
1003 4247 11.85033 0.01925 11.81838 4.08830 19 0 0 13 10 160 100.00000 0
1917 4492 11.66333 0.08720 7.11405 4.99850 7 0 0 1 3 77 100.00000 0
1953 4527 11.82973 0.05470 2.24346 0.47395 26 0 0 22 8 136 100.00000 0
3320 4631 11.24219 2.03471 10.56461 25.40907 3 0 0 3 2 17 100.00000 0
1847 4441 11.55264 0.03036 14.81683 1.80840 15 0 0 13 8 135 100.00000 0
1962 4536 10.60356 0.03098 2.24207 1.01375 30 0 0 25 18 186 100.00000 0
3315 4624 10.75753 1.98481 14.39952 113.72093 6 1 0 2 2 21 100.00000 0
994 4259 10.21233 0.01528 7.31625 1.00483 35 0 0 33 23 236 100.00000 0
1960 4551 11.58699 0.02696 2.07037 0.80988 44 0 0 40 25 196 100.00000 0
996 4261 11.33696 0.01223 6.87206 1.10571 25 0 0 23 13 190 100.00000 0
1955 4530 10.25962 0.03967 2.07098 0.18345 40 1 0 33 16 177 100.00000 0
3318 4631 11.65608 1.98073 2.51414 10.69770 5 1 1 3 2 8 100.00000 0
