234 1662 10.63839 3.07429 0.19836 1.86299 119 18 24 119 71
2483 2533 11.04360 0.82204 0.68274 3.25558 69 24 20 63 39
2545 3865 10.48631 1.54727 0.12206 1.76835 111 37 20 111 93
2470 3874 10.50921 1.74521 0.24216 2.49764 75 17 15 75 48
783 1409 11.60208 3.07069 0.15870 1.12605 100 25 15 100 69
2472 3875 10.41003 1.78004 0.09988 2.53991 66 10 19 66 41
43 1845 10.03140 0.57334 0.15143 2.21753 94 16 11 89 50
159 1743 10.30131 3.12881 0.40607 2.56247 105 16 15 105 65
3988 4053 10.90274 0.97014 0.10314 1.50402 153 46 36 151 106
787 1439 10.61322 2.82809 0.19153 1.65777 115 3 3 110 71
762 1434 11.03832 3.13913 10.95423 179.86878 141 0 0 134 111
261 1606 10.30592 1.99024 0.70811 2.40159 93 10 9 88 43
2491 3860 10.10924 2.34001 0.10666 1.50220 129 36 32 124 87
795 1436 11.66549 2.50151 0.27199 2.62152 74 1 6 74 36
809 1396 10.51438 1.87392 0.06104 1.17303 271 128 45 266 232
25 1832 10.95749 1.13211 0.13081 1.80754 84 3 4 77 52
49 1819 11.81298 1.65135 0.15268 1.72420 101 12 13 96 57
2468 3875 11.52321 1.70104 0.11352 2.89611 37 9 7 32 19
213 1666 10.06260 3.09433 0.20795 2.33011 157 16 11 154 106
59 1818 10.49670 2.05153 0.24607 3.40329 100 16 9 83 42
3978 4036 10.03953 0.56307 0.17732 1.76769 120 38 28 114 71
700 1518 10.39746 1.65303 0.07439 0.81421 179 68 38 179 145
22 73 11.93283 1.29606 0.52594 2.33397 86 8 5 82 48
27 1840 10.78155 0.75794 0.21845 1.85541 120 14 5 118 74
98 1810 11.38976 3.08978 0.87698 4.36547 113 4 6 107 51
240 1615 11.35117 2.29083 0.15700 2.67430 68 7 2 62 40
2503 3856 11.71558 2.09171 0.48546 3.10148 64 10 17 57 27
2472 2522 11.40524 0.57343 0.64762 3.09275 156 53 26 156 56
259 1592 11.35363 1.66595 0.21841 1.63590 74 13 8 72 36
803 1430 10.87332 2.17039 0.23124 1.74540 140 49 29 140 83
27 1825 11.63714 1.38313 0.57953 2.74937 94 4 2 90 57
104 1800 11.12741 3.08154 0.48638 3.08997 172 18 17 172 101
719 1474 10.28870 2.58041 0.14069 1.52264 97 27 7 93 60
219 1656 10.31267 3.11771 0.17711 1.98446 204 24 15 204 144
261 1600 10.87417 1.80871 0.82794 2.02178 83 20 19 78 41
767 1452 10.61291 3.09450 0.19550 2.79302 76 7 19 73 48
76 1803 11.80758 3.01375 1.11862 6.17355 57 0 6 42 26
735 1494 10.23924 3.09042 0.23150 2.37158 91 19 17 89 50
212 1667 10.44215 3.09431 0.21514 2.45639 180 29 14 175 125
64 1815 10.38910 2.33657 0.46446 3.91186 99 7 4 92 48
788 1404 11.21641 2.87568 0.22697 0.48376 54 8 6 50 35
23 1836 11.09805 0.96305 0.09840 2.08319 129 13 3 119 76
29 1829 10.82961 1.23511 0.06581 1.64806 106 6 2 99 67
710 1478 11.26949 2.15776 0.23401 1.68284 92 24 11 92 61
40 1824 11.03683 1.42681 0.19821 1.83952 159 27 10 159 109
63 1815 10.68313 2.28112 0.49888 3.81413 111 18 8 106 54
4003 4059 10.49876 0.82947 0.07592 1.74136 179 63 52 177 118
109 1773 10.55399 3.07129 0.34664 2.00154 119 21 16 110 61
232 1632 10.26103 2.85519 0.13053 2.17024 145 15 5 142 80
207 1674 10.44595 3.06776 0.19786 1.82692 176 33 15 172 150
2475 3877 11.11226 1.83517 0.10423 2.55757 84 24 23 81 49
204 1698 10.55483 3.12124 0.40994 3.23773 168 1 0 161 118
136 1765 10.41799 3.13601 0.20233 1.45185 203 62 34 201 144
2483 3862 10.51057 2.13137 0.10441 0.72632 251 91 62 251 205
237 1623 10.75507 2.59879 0.29856 2.34485 65 7 11 65 37
705 1483 10.48411 1.94231 0.10506 1.48648 191 56 33 189 135
773 1421 11.23730 3.06033 0.09974 2.10933 151 18 27 151 87
785 1409 10.55820 3.01477 0.08603 1.31641 89 12 13 80 48
225 1643 11.05309 3.11120 0.12528 2.01402 121 29 14 119 84
696 1490 11.08932 1.57555 0.09690 1.50558 216 60 21 211 152
237 1659 11.16651 3.09723 0.21155 1.56498 119 29 26 119 93
247 1597 11.00671 1.75262 0.53195 3.24619 72 2 2 70 37
2125 2179 11.99988 1.36474 0.34926 3.09339 19 4 6 19 9
3998 4059 11.15614 0.91149 0.05500 1.57172 151 50 42 151 96
75 1806 10.45452 2.96528 0.30722 5.02274 63 7 13 61 31
775 1419 11.05022 3.06226 0.07766 2.39768 134 47 30 130 76
26 1833 10.74473 1.08793 0.13210 1.78004 134 8 5 134 86
241 1653 10.75470 3.12576 0.46182 1.57818 70 8 20 61 30
777 1418 10.32235 3.07488 0.07057 2.48112 155 45 22 151 86
238 1657 10.65313 3.10845 0.19820 1.60034 120 23 30 115 84
4006 4060 11.14651 0.84740 0.05116 1.52752 152 41 44 152 105
814 1405 11.43635 1.72554 0.09502 1.69720 187 45 37 187 108
2469 3874 10.81255 1.72632 0.24949 2.58346 57 12 12 53 35
28 1824 11.77994 1.41910 0.59147 2.84565 91 9 5 86 48
164 1739 10.95904 3.13862 0.22276 2.06317 106 25 6 102 52
2546 3866 10.75527 1.55958 0.09373 1.95605 65 14 12 65 39
748 1471 10.47793 3.09120 0.16322 3.09465 117 27 14 106 64
798 1397 10.22290 2.42608 0.17333 2.07641 108 30 15 108 52
731 1464 11.20526 3.02467 0.20601 3.03345 41 5 1 39 19
24 74 11.99104 1.35638 0.64922 2.61853 100 9 11 97 59
258 1593 10.72677 1.67473 0.54176 1.98347 100 19 14 100 60
2473 2526 11.84237 0.64603 0.32676 1.52521 106 32 22 106 67
228 1637 11.19047 2.98773 0.31578 2.94995 134 20 27 130 94
1912 1964 11.24225 1.41212 0.21420 2.10636 91 16 16 87 62
790 1401 11.60937 2.78097 0.17220 1.24741 50 15 6 50 32
65 1811 11.99646 2.40815 0.78768 4.15237 74 8 10 56 22
799 1433 11.09755 2.33161 0.11917 2.88174 102 12 19 99 40
2494 3858 11.24619 2.33816 0.57387 2.99264 78 18 17 74 44
36 1829 10.32213 1.22989 0.03962 1.37059 161 11 1 159 114
2509 3856 11.30012 1.80352 0.11906 2.24298 154 40 29 150 99
122 1780 11.88884 3.08297 0.30187 1.99390 155 16 37 155 102
2539 3876 10.60069 1.37735 0.15963 2.33883 81 16 17 75 44
32 1824 11.49686 1.41371 0.46085 2.58119 87 12 8 85 47
773 1422 10.60115 3.06406 0.18916 2.00526 187 35 39 187 101
44 1849 11.44283 0.43344 0.07419 1.70042 37 12 5 35 23
47 1823 10.83041 1.52392 0.12916 1.90146 92 3 1 88 57
795 1396 11.74745 2.56474 0.19162 1.76325 57 23 8 55 43
2546 3874 11.94770 1.50451 0.32133 2.11341 65 24 9 63 35
2467 3873 11.21814 1.70371 0.15357 2.64693 72 13 11 64 34
692 1507 10.50455 1.41881 0.15400 2.15031 122 20 15 122 85
172 1731 10.12747 3.12913 0.20204 1.69674 129 12 10 123 87
714 1477 10.48466 2.33867 0.04244 0.98357 145 42 19 140 117
169 1734 10.44423 3.13289 0.22994 2.22141 70 8 7 57 36
1920 1970 10.25627 1.07698 0.14374 1.43858 127 29 35 127 89
128 1755 10.99779 3.11420 0.05770 2.20851 134 41 22 128 81
769 1425 11.69638 3.06395 0.28163 2.07056 97 16 7 92 53
239 1616 11.84019 2.34024 0.30984 2.86594 45 0 0 40 23
229 1636 10.74775 2.95634 0.18813 2.96042 113 14 18 107 49
766 1454 11.72160 3.10575 13.78506 177.94691 34 0 0 25 15
250 1639 10.59495 3.01054 0.27210 1.90742 33 2 6 29 11
95 1818 11.97948 3.11935 0.41501 3.00596 81 5 1 81 40
689 1504 11.89823 1.41251 0.11246 1.87492 76 10 8 74 49
87 1841 10.81547 2.37148 0.32567 2.23686 77 7 4 69 38
238 1619 11.62750 2.44209 0.31227 2.73409 78 14 11 74 49
719 1517 11.15961 2.51282 0.13153 1.01336 76 15 11 68 58
242 1610 11.17539 2.10787 0.22311 2.83338 98 7 4 95 60
41 1847 10.93038 0.48397 0.14999 2.08394 63 10 6 58 32
183 1703 10.28267 3.12609 0.20297 2.72477 88 4 7 88 56
134 1768 11.65296 3.13946 0.23663 1.55369 131 39 15 131 75
736 1459 11.98873 3.13613 7.28170 3.03409 35 0 0 33 20
742 1483 11.93997 3.14075 0.23916 2.05367 61 13 9 57 26
3985 4049 10.28654 0.86030 0.05918 1.28512 146 34 38 146 109
796 1396 11.38104 2.52014 0.12200 1.89362 66 20 6 64 51
754 1464 10.25263 3.08156 0.14035 2.61239 92 15 13 87 54
30 1846 11.85410 0.50589 0.35423 2.13038 44 8 6 37 17
92 1789 10.95972 3.13920 0.47395 3.02310 140 41 22 136 87
810 1425 11.85194 1.88316 0.08649 1.35999 91 18 22 89 52
235 1625 11.58277 2.67429 0.32239 2.57116 106 13 4 102 72
253 1592 10.31764 1.66572 0.64604 2.15359 49 3 3 47 24
751 1468 11.00600 3.07857 9.89404 176.39011 41 0 0 37 22
809 1395 10.86295 1.87852 0.02713 1.12813 274 115 66 274 226
241 1610 11.95953 2.10807 0.36571 3.10741 61 2 3 59 35
202 1701 11.37262 3.13492 0.36271 3.22513 108 1 5 108 59
693 1508 10.12015 1.43227 0.05445 2.40094 104 16 15 100 52
36 1827 10.65459 1.30314 0.05142 1.53468 166 7 3 164 106
22 1827 11.89350 1.32124 0.21827 2.50687 105 4 2 97 62
157 1745 10.34566 3.13266 0.24157 2.42931 141 39 11 137 105
689 1506 11.91199 1.40185 0.13030 1.81229 67 4 8 65 46
31 1836 10.08956 0.94988 0.10884 1.42079 124 11 8 119 91
1909 1960 11.78008 1.45372 0.17611 1.93735 87 28 16 85 61
45 1821 11.51536 1.54494 0.19906 1.59495 84 12 13 82 47
708 1521 11.38928 2.02187 0.05289 0.75847 105 50 13 103 85
221 1650 11.71287 3.12485 0.13628 2.10338 142 40 27 138 109
702 1484 11.02941 1.81443 0.10297 0.72416 152 40 22 152 114
48 1825 10.23154 1.49288 0.06376 1.35826 117 12 9 111 71
2129 2183 11.53087 1.48958 0.49984 3.67259 43 11 6 43 27
776 1419 10.37950 3.06622 0.17067 2.45989 143 45 35 141 89
261 1622 11.94723 2.54572 0.65574 3.01480 45 1 1 41 24
263 1608 11.90766 2.04267 0.84365 2.52383 49 6 8 49 18
691 1498 11.36102 1.46338 0.04990 1.46687 112 28 13 102 73
2482 3877 10.52515 2.02142 0.09574 2.84235 101 29 26 101 57
83 1851 11.38382 1.98058 0.36601 2.27124 82 3 5 75 39
730 1464 11.94796 2.99989 0.53684 3.59303 40 7 7 27 21
2507 3877 11.68887 1.83394 0.23524 4.06929 89 18 16 87 55
782 1442 10.88623 2.98671 0.29429 2.29934 96 13 2 92 54
2477 3877 10.86826 1.88443 0.20412 2.30478 127 33 30 123 71
746 1450 11.57539 3.10554 9.22918 177.93531 87 1 3 87 63
33 1843 10.58965 0.60252 0.31010 2.00662 68 1 5 64 51
135 1766 10.40348 3.14045 0.35393 1.50194 170 49 38 170 123
770 1425 10.89268 3.06824 0.13385 2.25186 137 15 11 137 87
78 1801 11.91767 3.09133 0.42432 4.79019 44 6 2 40 25
800 1393 11.49277 2.33850 0.17128 2.24106 54 13 15 54 35
23 1835 11.08404 1.00802 0.11776 2.16681 97 10 2 95 62
805 1430 11.90323 2.06224 0.18749 1.70617 69 14 25 69 41
76 1856 10.61164 1.63661 0.09394 3.66009 90 9 5 86 49
26 1842 11.24982 0.66572 0.24991 1.96324 82 6 6 75 49
247 1645 11.33900 3.11734 0.40451 2.02893 75 3 4 75 51
794 1435 10.39528 2.54263 0.18425 2.41832 85 15 8 83 45
724 1512 10.57137 2.70496 0.19921 1.74069 87 19 11 81 55
2475 2527 11.47286 0.69885 0.28775 1.64711 105 24 27 103 60
30 1829 10.74847 1.23410 0.11738 1.54256 98 4 1 98 69
3983 4047 10.39995 0.80786 0.09096 0.83275 232 81 54 230 182
1921 1976 11.93919 1.03813 0.17292 1.00911 102 26 18 100 71
732 1500 10.22154 3.00330 0.84194 3.46204 41 8 4 38 18
1917 1970 11.11806 1.21606 0.26134 1.48490 146 34 22 144 103
253 1635 10.97831 2.89834 0.38681 1.65706 39 1 2 37 17
261 1601 10.74862 1.83826 0.39765 2.02932 89 22 19 84 50
43 1824 10.87030 1.44927 0.11313 1.76392 143 36 17 141 98
3993 4058 11.94038 1.01521 0.06337 0.89657 121 38 26 112 97
693 1496 10.83800 1.49815 0.09509 2.02989 134 21 22 124 92
811 1397 11.06975 1.79320 0.08321 0.97036 284 114 66 281 222
722 1515 11.27853 2.63641 0.07414 0.79426 53 14 4 44 33
238 1621 10.78799 2.52845 0.21426 2.45415 92 15 14 87 50
243 1606 11.45543 1.99002 0.43717 3.07052 71 1 0 67 42
246 1647 11.62065 3.13605 0.46930 2.35667 134 8 3 127 87
246 1598 11.31224 1.76964 0.27729 3.12662 63 1 0 61 37
692 1498 10.93850 1.47240 0.05906 1.66976 109 25 16 107 72
41 1822 11.48337 1.48404 0.16781 1.78004 102 13 9 97 62
35 1829 10.38252 1.22900 0.03268 1.29995 164 11 5 161 126
39 1845 10.48129 0.54484 0.33831 2.14795 53 8 8 51 29
88 1793 10.80026 3.11060 0.34943 4.31275 89 7 6 84 38
39 1821 11.84054 1.49341 0.24162 1.80970 109 14 19 105 57
2475 2525 11.01814 0.68816 0.14378 1.68772 146 28 38 141 85
248 1594 11.23981 1.71233 0.34725 3.63959 67 0 1 63 44
702 1482 11.79513 1.81207 0.12760 0.85226 82 21 10 80 54
114 1768 10.94061 3.06791 0.33411 1.74809 166 37 31 161 116
697 1518 11.21772 1.53984 0.08918 1.34552 154 51 25 150 114
28 1841 10.78248 0.70624 0.18228 1.94582 65 2 1 65 39
2486 3861 10.61364 2.21568 0.06208 0.43521 218 66 48 218 167
1913 1966 11.33390 1.37970 0.22727 1.82005 140 32 26 135 103
