0.03236 0.02770
0.02498 0.02101
0.00622 0.00614
0.00655 0.00745
0.02659 0.03252
0.02027 0.01066
0.00186 0.00150
0.01970 0.01882
0.02049 0.01795
0.02322 0.02798
0.00821 0.00944
0.02965 0.02258
0.02035 0.01831
0.01193 0.00916
0.01433 0.01295
0.01813 0.01936
0.01846 0.01957
0.02048 0.01782
0.00141 0.00119
0.01085 0.01077
0.02267 0.01870
0.01924 0.01794
0.01500 0.01776
0.01948 0.01975
0.02452 0.02030
0.02014 0.01865
0.01964 0.02051
0.00165 0.00133
0.00205 0.00183
0.01954 0.01709
0.02919 0.01887
0.02039 0.01828
0.00764 0.00557
0.02140 0.01827
0.01899 0.01784
0.00487 0.00394
0.01705 0.02034
0.00314 0.00322
0.03336 0.01914
0.02357 0.02316
0.01945 0.02167
0.02372 0.02360
0.02041 0.01914
0.01876 0.01667
0.02446 0.02782
0.00173 0.00167
0.02190 0.02335
0.02486 0.02649
0.01203 0.00727
0.00194 0.00262
0.03069 0.01689
0.02169 0.02979
0.02246 0.02481
0.01909 0.01820
0.01922 0.01979
0.01671 0.01460
0.01010 0.01104
0.02429 0.02003
0.01735 0.02062
0.00255 0.00289
0.01780 0.01670
0.02221 0.01961
0.01691 0.01668
0.02723 0.02515
0.00179 0.00221
0.00648 0.00480
0.02560 0.02597
0.02472 0.01915
0.01898 0.01554
0.02382 0.02718
0.00966 0.01270
0.02751 0.02178
0.01850 0.01867
0.02225 0.02438
0.01185 0.01468
0.01824 0.01823
0.01788 0.01794
0.02939 0.02462
0.00883 0.00526
0.01603 0.01203
0.00711 0.00607
0.02198 0.02382
0.01964 0.01868
0.02668 0.02090
0.02187 0.02331
0.01921 0.02421
0.03267 0.04033
0.02933 0.02902
0.01905 0.01867
0.00680 0.00491
0.00367 0.00233
0.00200 0.00160
0.00170 0.00137
0.02168 0.02544
0.02170 0.02092
0.00615 0.00466
0.01840 0.01741
0.01869 0.01813
0.02057 0.02219
0.00697 0.00544
0.02208 0.02400
0.01623 0.01863
0.02197 0.02921
0.02283 0.01784
0.00991 0.00748
0.02297 0.02212
0.02107 0.02771
0.00673 0.00699
0.01849 0.01843
0.00434 0.00357
0.01894 0.01877
0.00314 0.00268
0.00164 0.00148
0.03976 0.02275
0.03222 0.02439
0.01952 0.02116
0.00879 0.00934
0.01955 0.02851
0.02483 0.02593
0.02982 0.02003
0.02239 0.02093
0.02418 0.02928
0.01945 0.01805
0.00256 0.00260
0.02563 0.02056
0.00140 0.00175
0.01216 0.01000
0.02314 0.02078
0.02375 0.02064
0.02221 0.02488
0.02219 0.02154
0.01809 0.01911
0.02280 0.02006
0.03871 0.02678
0.01642 0.01956
0.00132 0.00116
0.00112 0.00108
0.00757 0.00908
0.00141 0.00155
0.01618 0.01879
0.00608 0.00467
0.00280 0.00280
0.00245 0.00225
0.02782 0.02725
0.01961 0.01871
0.02019 0.02012
0.02770 0.02134
0.02752 0.02637
0.02871 0.02830
0.02248 0.02177
0.00582 0.00439
0.00886 0.00882
0.02183 0.03143
0.02017 0.02240
0.02087 0.02358
0.01911 0.01911
0.02678 0.02130
0.01712 0.01785
0.01848 0.01938
0.02065 0.02680
0.02262 0.01989
0.02073 0.01868
0.03639 0.02151
0.00135 0.00135
0.00619 0.00491
0.02528 0.02452
0.02872 0.01950
0.01082 0.00657
0.00250 0.00327
0.02703 0.01984
0.01103 0.00956
0.00881 0.00616
0.02030 0.01960
0.02006 0.01858
0.00144 0.00118
0.02613 0.03821
0.00535 0.00447
0.02309 0.02460
0.00194 0.00291
0.02375 0.02091
0.02476 0.02857
0.02176 0.02892
0.01859 0.01822
0.02064 0.01926
0.02392 0.02968
0.00184 0.00243
0.02243 0.02288
0.02144 0.02323
0.00584 0.00447
0.02448 0.02723
0.02464 0.03152
0.00526 0.00474
0.02283 0.02426
0.00130 0.00202
0.00616 0.00459
0.02220 0.02106
0.02464 0.01958
0.00951 0.00590
0.00705 0.00471
0.01988 0.01984
