0.04668 0.07243 0.01750
0.08450 0.12006 0.00695
0.05543 0.10344 0.02131
0.05926 0.11479 0.02639
0.06520 0.13401 0.01322
0.06070 0.11392 0.02047
0.02915 0.08364 0.02431
0.04534 0.10387 0.01848
0.04072 0.08335 0.02752
0.06724 0.13173 0.02724
0.06401 0.12566 0.01125
0.04835 0.08544 0.02087
0.06612 0.12286 0.03062
0.06357 0.13509 0.02212
0.07557 0.12607 0.04777
0.03081 0.08252 0.01174
0.05040 0.07947 0.01962
0.05896 0.11250 0.01913
0.04322 0.08272 0.03544
0.02848 0.07527 0.00685
0.04661 0.08927 0.01033
0.05575 0.11068 0.04171
0.02992 0.08587 0.00786
0.02923 0.08363 0.02137
0.02979 0.07277 0.00741
0.03998 0.08867 0.00646
0.06699 0.11638 0.02873
0.06324 0.11683 0.01278
0.05464 0.09735 0.01981
0.06374 0.12669 0.02038
0.02984 0.07879 0.02017
0.02947 0.07177 0.01875
0.05882 0.11893 0.02341
0.04071 0.07746 0.05449
0.05522 0.09622 0.02221
0.06566 0.13205 0.00731
0.02882 0.07007 0.01580
0.05819 0.12128 0.01327
0.05226 0.07968 0.02697
0.02919 0.07342 0.00513
0.06506 0.13679 0.00560
0.02871 0.08087 0.01185
0.02868 0.08326 0.02359
0.06117 0.11573 0.02668
0.02935 0.07846 0.02568
0.02830 0.07475 0.01522
0.03678 0.08000 0.03918
0.03789 0.07492 0.01531
0.03786 0.07841 0.02632
0.05440 0.07737 0.03135
0.06032 0.11686 0.01425
0.04348 0.08617 0.02252
0.04346 0.08357 0.03541
0.07373 0.12091 0.02491
0.04072 0.07657 0.02013
0.05922 0.11572 0.04035
0.07652 0.13394 0.04201
0.06151 0.13461 0.02781
0.06549 0.07762 0.03752
0.07417 0.11440 0.02541
0.04035 0.07366 0.00886
0.04632 0.08888 0.01052
0.07889 0.11458 0.00540
0.05031 0.08036 0.03333
0.03973 0.07364 0.00303
0.06439 0.12843 0.02310
0.02929 0.08194 0.00828
0.03922 0.07939 0.01440
0.06353 0.13443 0.05217
0.05305 0.07784 0.02189
0.03692 0.07980 0.03188
0.06743 0.12648 0.01979
0.06021 0.08242 0.01791
0.02936 0.08142 0.02200
0.04426 0.10187 0.00608
0.06320 0.10409 0.01909
0.06821 0.13575 0.00614
0.06956 0.13825 0.01053
0.08235 0.13038 0.01104
0.03044 0.08561 0.01918
0.04980 0.05732 0.00836
0.06106 0.11745 0.01219
0.04406 0.08679 0.01989
0.04785 0.09311 0.02085
0.06871 0.13386 0.01028
0.02827 0.07478 0.01707
0.06443 0.12962 0.01884
0.07496 0.11609 0.02304
0.02932 0.08318 0.02756
0.07011 0.11928 0.02979
0.04244 0.07948 0.02029
0.05554 0.10596 0.01531
0.03046 0.07805 0.02203
0.06383 0.13415 0.05273
0.02868 0.08405 0.00677
0.03137 0.08205 0.00935
0.07058 0.14598 0.01750
0.05680 0.10397 0.02160
0.05952 0.11215 0.02094
0.05731 0.11512 0.02729
0.04683 0.09625 0.00809
0.05771 0.12201 0.02186
0.04675 0.10473 0.01175
0.06300 0.09741 0.02230
0.04537 0.09030 0.01266
0.07968 0.12669 0.02260
0.03881 0.08296 0.01613
0.04695 0.09012 0.03021
0.06630 0.12863 0.01922
0.04336 0.09559 0.02095
0.02970 0.04908 0.00267
0.06152 0.11598 0.01185
0.04094 0.06883 0.01957
0.03962 0.08063 0.01861
0.05464 0.11286 0.01211
0.04135 0.08444 0.00615
0.03021 0.08423 0.01966
0.04231 0.08364 0.01566
0.04395 0.08049 0.03159
0.06577 0.13711 0.01939
0.06682 0.12881 0.02014
0.04126 0.08742 0.03244
0.08233 0.13472 0.00622
0.07127 0.13776 0.01208
0.02953 0.07838 0.01884
0.02964 0.06670 0.01807
0.06704 0.12785 0.03226
0.03713 0.07716 0.00530
0.04891 0.09577 0.00389
0.06665 0.13519 0.01970
0.07210 0.12904 0.05057
0.04143 0.08370 0.00803
0.04288 0.08647 0.02366
0.05743 0.11175 0.03629
0.03662 0.08072 0.02208
0.02971 0.08219 0.01431
0.04484 0.10120 0.03153
0.05836 0.11782 0.01831
0.02916 0.07366 0.02181
0.04576 0.08954 0.02229
0.02935 0.07839 0.00785
0.05563 0.11225 0.00777
0.04056 0.08171 0.03397
0.05941 0.11770 0.02381
0.03027 0.07811 0.01700
0.07495 0.11373 0.01105
0.06246 0.12782 0.03058
0.04241 0.08417 0.01868
0.07106 0.09492 0.00403
0.05930 0.10911 0.03128
0.06240 0.12295 0.01335
0.03884 0.07397 0.01392
0.06519 0.12685 0.01932
0.06229 0.12058 0.02074
0.06608 0.13609 0.02541
0.06314 0.12229 0.03046
0.08813 0.13821 0.00791
0.02961 0.08748 0.01356
0.04377 0.08322 0.03872
0.06509 0.13035 0.02695
0.02846 0.07111 0.00509
0.06967 0.12991 0.02054
0.02888 0.08316 0.02021
0.06527 0.13302 0.01750
0.02983 0.07255 0.02075
0.02940 0.08424 0.01217
0.03805 0.07961 0.02083
0.06562 0.13459 0.00928
0.05879 0.11984 0.02010
0.06060 0.11953 0.02044
0.03775 0.08187 0.01090
0.04233 0.08958 0.03964
0.04791 0.09319 0.00356
0.06177 0.12627 0.01806
0.04897 0.09519 0.02203
0.04191 0.09401 0.01929
0.04916 0.09601 0.01761
0.02942 0.08187 0.01207
0.03737 0.08186 0.00696
0.05855 0.11483 0.02458
0.07096 0.12528 0.05593
0.07184 0.11881 0.02063
0.03769 0.08006 0.02200
0.04325 0.08731 0.00882
0.04593 0.08685 0.02560
0.04667 0.08432 0.01963
0.05934 0.10992 0.01725
0.04046 0.08356 0.00634
0.03008 0.08240 0.03472
0.03009 0.08157 0.01538
0.03016 0.07230 0.00878
0.03120 0.07916 0.01508
0.08379 0.12183 0.02332
0.05012 0.09256 0.01192
0.06981 0.11121 0.02223
0.04272 0.07541 0.03378
0.05794 0.11200 0.03720
0.03094 0.08275 0.00618
0.06622 0.12249 0.03695
0.05024 0.09347 0.01921
