46 2458 10.93899 0.00085 0.12346 0.05595 318 95 39 316 266
595 1365 11.63918 0.00886 0.07146 0.18557 77 14 9 66 52
2 2410 10.83188 1.08332 0.18438 1.49043 602 182 140 600 444
4 2341 10.62587 1.34239 0.23034 1.60328 669 252 110 667 546
2375 2429 11.63953 1.09843 0.36900 1.82928 377 97 64 377 240
2293 2351 11.73693 0.14199 0.40984 1.04904 362 104 102 360 226
583 1353 11.11828 0.00704 0.22342 0.40830 324 64 36 320 259
830 2600 11.72119 0.03361 0.16116 0.59215 425 166 71 423 356
26 2320 11.85411 1.40166 0.03777 2.11637 326 82 59 324 232
740 1474 11.04118 0.01730 0.06548 0.97076 307 117 43 304 241
768 1540 11.46680 0.04711 0.21814 2.44473 184 34 20 172 136
151 2525 10.88839 1.50885 0.19510 0.88116 254 50 23 254 178
567 1306 11.93804 0.21390 0.07623 0.27695 276 108 32 272 228
25 2341 10.58463 1.36991 0.07075 2.23931 342 49 53 334 259
28 2409 10.76865 1.14760 0.28258 1.63255 302 41 62 302 212
27 2409 10.05551 1.15001 0.11101 1.90002 394 73 66 392 264
1 2373 11.80218 1.33674 0.31214 1.74540 462 186 91 460 357
5 2398 10.22260 1.33467 0.18795 1.82005 534 223 123 532 395
596 1342 10.87567 0.00974 0.11948 0.36262 269 77 38 265 228
797 1571 10.72722 0.45146 0.12842 1.07155 405 73 23 401 366
32 2416 11.69083 0.84080 0.05316 1.03552 365 101 50 363 294
0 2404 11.97429 1.26074 0.38512 2.03317 441 153 94 441 289
584 1329 11.44588 0.01643 0.19607 0.69436 147 38 13 145 115
740 1496 10.92571 0.01624 0.05828 0.66500 164 31 46 161 101
4 2383 10.65034 1.34265 0.21807 1.59986 518 199 92 514 419
24 2361 10.04750 1.36643 0.08649 2.48821 373 64 81 371 230
726 1481 10.03635 0.02048 0.14065 0.70221 343 111 50 333 255
1564 2566 10.70175 1.50673 0.04070 2.32220 148 27 24 146 85
1 2375 11.79752 1.33567 0.29913 1.73844 494 197 90 494 388
2360 2428 10.98106 1.06656 0.25132 1.57818 469 103 83 469 359
712 1470 11.73819 0.02236 0.06671 0.54965 438 144 59 435 353
681 1423 10.40942 0.01884 0.05316 0.30519 489 191 69 487 412
583 1329 10.58680 0.01714 0.15763 0.50358 156 39 9 148 129
919 2637 11.19761 1.57544 0.21764 1.16197 185 40 26 178 87
1535 2585 11.70529 1.43565 0.20910 1.91275 302 75 30 302 198
817 1528 10.77377 1.18721 0.37400 1.16634 447 61 21 443 341
825 1568 11.70404 1.50176 0.08243 1.23003 380 78 90 378 289
139 2526 10.04170 0.99317 0.16646 1.13505 167 39 24 165 121
824 1549 11.47331 1.45764 0.10980 0.78185 334 82 26 328 299
2300 2416 11.82551 0.67374 0.03700 2.16284 571 258 100 571 414
24 2358 10.03758 1.36668 0.07702 2.48286 357 68 77 353 214
515 1293 11.25712 2.67819 0.10697 2.63240 393 75 78 391 292
708 1466 11.15262 0.02371 0.03638 0.21670 426 126 111 424 322
745 1503 11.94916 0.06552 0.08439 0.46140 142 41 21 136 109
866 2628 10.76031 0.04720 0.11325 1.44564 223 59 58 223 156
2 2341 11.38150 1.33852 0.23946 1.69720 593 170 129 593 463
2 2387 11.40851 1.33970 0.23895 1.69003 534 190 139 532 444
884 2637 10.26543 0.12983 0.45333 1.03098 66 14 7 64 53
543 1280 11.67295 1.66358 0.13950 1.92986 364 170 53 356 265
643 1388 10.37749 0.02097 0.06011 0.37430 487 152 93 483 398
824 1552 11.17464 1.47307 0.08051 0.54965 290 65 33 290 221
773 1549 10.26261 0.04022 0.16282 2.04870 214 45 23 210 142
841 2587 11.54700 0.01892 0.15377 0.55036 378 66 42 378 308
26 2339 11.16932 1.36647 0.11175 2.03759 287 37 44 281 193
25 2382 10.59903 1.36948 0.07558 2.22774 381 66 54 377 262
1521 2575 10.17923 1.40703 0.74931 2.38557 155 48 28 151 62
775 1557 11.67465 0.07071 0.86605 2.39310 141 26 11 138 52
0 2406 11.87292 1.21274 0.31269 2.01383 489 142 133 487 358
822 1540 11.25692 1.38793 0.16246 1.08715 402 78 28 402 315
1576 2577 10.81003 1.51538 0.07658 0.65432 449 102 88 442 350
2362 2427 10.32198 1.02867 0.16529 1.42161 426 95 85 426 322
104 2514 10.79346 0.06914 0.40663 1.81316 317 70 50 313 153
565 1303 11.90033 0.35548 0.15825 0.74019 173 36 32 164 131
573 1317 10.50901 0.02034 0.12019 0.64831 292 55 28 288 229
546 1326 11.65109 0.17241 0.08453 1.77476 86 6 4 84 54
737 1493 11.13119 0.02668 0.08642 0.44411 196 40 38 191 134
563 1336 11.37131 0.13468 0.10501 2.22334 81 10 5 75 46
24 2336 10.03906 1.36620 0.08903 2.50452 380 79 68 378 255
23 2315 11.47313 1.48938 0.14670 3.12462 342 63 57 328 235
25 2365 10.58384 1.36866 0.05689 2.22158 357 62 57 350 263
529 1282 11.26956 2.44269 0.67361 2.94477 377 108 52 371 159
737 1471 11.66466 0.01107 0.05301 0.61612 438 168 71 425 349
865 2604 11.63693 0.01499 0.11062 0.13988 197 49 47 197 139
2293 2376 11.71953 0.14188 0.38629 1.00561 354 114 92 352 209
17 2309 11.65034 1.51767 0.19913 2.52259 592 205 120 592 477
752 1510 11.02960 0.13390 0.13819 1.42546 128 12 13 122 73
27 2389 11.81937 1.36719 0.16198 1.85625 350 49 56 350 244
586 1331 11.58355 0.01549 0.16919 0.46140 146 21 20 142 113
789 1566 10.03461 0.22545 0.22315 1.30296 423 57 28 417 366
769 1543 11.40710 0.04528 0.21123 2.55206 129 15 12 125 81
27 2375 11.80736 1.36562 0.15345 1.83909 374 58 74 370 255
799 1513 11.78918 0.37536 0.16865 0.93209 140 34 17 138 105
27 2331 11.81117 1.36477 0.13483 1.96901 332 55 72 330 225
2341 2429 11.63297 1.10052 0.39598 1.86341 346 72 73 344 214
1532 2584 11.23132 1.43172 0.15556 2.32759 382 100 47 382 251
792 2565 11.47370 1.20942 0.07780 1.83440 279 64 44 279 194
5 2387 10.29263 1.34510 0.19423 1.58856 615 223 162 615 497
624 1368 11.41175 0.01324 0.09285 0.35498 104 20 14 100 75
793 2566 10.57228 1.18263 0.09914 1.94722 328 38 24 324 218
916 2627 11.62152 1.45207 0.05264 1.82499 353 142 51 349 242
535 1280 11.32455 2.11320 0.23136 2.84359 274 64 46 274 130
788 1566 10.38221 0.20558 0.16621 1.32618 415 55 37 409 355
542 1323 10.85830 0.35420 0.06057 2.41135 161 18 24 159 106
4 2393 10.63482 1.34212 0.22298 1.67771 503 197 84 495 382
520 1313 10.65331 1.63807 0.24211 3.47739 322 76 55 322 169
856 2620 10.82168 0.01847 0.12610 0.12511 174 35 42 170 141
2293 2375 11.71962 0.14290 0.38731 1.01760 336 93 76 334 198
849 2614 10.90120 0.00592 0.13935 0.33572 254 60 53 252 190
27 2343 11.79208 1.36450 0.17540 1.86299 335 42 72 313 216
3 2354 11.00165 1.34195 0.22044 1.65375 635 178 129 635 525
28 2442 10.81052 0.02036 0.08518 0.87312 254 53 42 252 180
1519 2578 11.66793 1.39084 0.29539 2.73194 176 38 26 176 72
774 1500 11.20667 0.02587 0.17239 1.05721 155 36 15 152 118
0 2405 11.92305 1.23969 0.28080 2.05157 500 177 114 500 369
2 2347 11.37986 1.33622 0.20805 1.69096 621 187 133 619 492
1 2372 11.80754 1.34093 0.35538 1.75346 463 150 98 463 351
1523 2579 10.16952 1.40160 0.34189 2.84345 262 43 34 262 113
55 2466 10.34770 0.01323 0.09367 0.76310 305 91 60 305 241
822 2574 11.39987 0.06396 0.08659 0.49575 217 54 39 215 178
854 2597 11.06671 0.01489 0.20610 0.68984 141 32 30 141 100
1518 2576 11.77089 1.39266 0.25395 2.48223 86 11 10 84 41
31 2415 11.20437 0.88999 0.20675 1.10358 452 70 61 448 333
509 1304 11.72909 2.16563 0.13121 2.87358 263 61 46 259 177
618 1386 11.13316 0.00832 0.03007 0.43611 107 36 19 107 83
763 1491 11.86349 0.03237 0.06274 0.27268 170 32 29 165 116
2359 2427 10.31873 1.02897 0.15150 1.43531 387 95 85 387 271
747 1479 11.67712 0.01548 0.08606 0.69661 164 29 33 164 106
513 1306 10.36536 2.04343 0.15368 3.08832 347 99 49 347 253
787 2566 10.96029 1.32212 0.79288 2.57238 192 37 47 190 89
802 2567 10.37612 0.88837 0.26997 1.57197 206 53 36 194 129
2365 2427 10.31003 1.02748 0.16977 1.41665 435 121 70 435 335
751 1483 10.77079 0.01507 0.10820 0.70221 153 19 31 148 88
4 2417 10.55067 0.76945 0.04585 1.11768 473 139 103 471 331
4 2403 10.36711 1.28480 0.28686 2.04679 519 221 95 519 300
2295 2384 10.42894 0.14259 0.08965 0.80015 518 144 113 516 378
12 2311 11.15060 1.50528 0.14650 1.76103 649 236 119 649 499
66 2458 10.53798 0.00285 0.14694 0.14265 323 100 44 321 274
2342 2427 10.31183 1.02909 0.16977 1.43040 407 109 80 401 305
766 1536 11.96242 0.05261 0.19066 2.43124 144 24 15 140 100
612 1357 10.91410 0.00355 0.03042 0.15577 232 62 56 232 180
581 1351 11.02611 0.01117 0.06491 0.32385 214 40 41 202 156
607 1353 10.27421 0.00539 0.12242 0.20174 128 30 17 126 97
823 1539 11.92658 1.41236 0.12279 1.07338 313 43 27 305 237
612 1381 11.54455 0.01643 0.14860 0.46646 111 17 12 107 70
825 1551 11.87165 1.48175 0.07324 0.66027 252 74 19 250 211
766 1532 11.10990 0.05289 0.18058 2.34151 221 28 21 216 157
2349 2429 11.62844 1.10009 0.32585 1.86593 372 82 69 372 216
640 1384 11.35806 0.03641 0.06801 0.25023 279 77 66 277 209
786 1566 11.14171 0.17185 0.17697 1.44401 296 39 20 296 232
909 2625 10.08337 1.20961 0.09827 1.75189 387 180 54 381 311
2351 2429 11.62733 1.09946 0.31151 1.86676 330 66 58 328 187
5 2388 10.28821 1.34143 0.22761 1.58930 553 186 132 549 460
570 1311 11.60665 0.06447 0.20047 0.73275 238 66 27 238 162
599 1344 11.70250 0.01072 0.11965 0.51129 383 123 52 377 330
806 1573 10.08900 0.80071 0.03201 0.83463 525 153 73 523 424
561 1300 10.59863 0.52653 0.10107 0.71546 298 85 63 296 244
2 2396 11.37464 1.33109 0.14480 1.72238 473 126 101 473 323
2 2327 11.37770 1.33784 0.19011 1.32412 589 191 130 583 475
513 1303 10.13627 2.19268 0.19819 3.08832 299 48 31 293 190
814 2571 10.15425 0.38129 0.11552 0.88647 260 52 21 260 209
121 2500 11.93792 0.15387 0.11723 1.11698 280 92 35 272 218
26 2373 11.16690 1.36603 0.07542 2.06071 313 56 43 305 207
3 2402 10.81171 1.29859 0.28763 2.06961 381 147 93 376 248
780 2567 11.83630 1.41893 0.22623 3.33261 95 9 14 93 36
545 1284 10.09625 1.52196 0.05040 1.40723 412 142 68 408 335
581 1326 11.13531 0.01596 0.19161 0.82898 177 39 21 170 131
1554 2565 11.13388 1.49976 0.02973 0.93293 225 58 44 223 165
528 1283 10.98001 2.48471 0.60939 2.84799 295 70 44 293 123
2 2353 11.39246 1.33481 0.16016 1.70731 538 160 124 538 422
600 1346 10.68940 0.00999 0.13988 0.52039 384 150 28 378 325
7 2312 11.79154 1.49298 0.38054 2.37685 594 187 116 592 400
2294 2391 11.04337 0.13987 0.26933 1.00366 419 133 108 413 267
1523 2580 10.64905 1.40371 0.32174 2.98006 199 27 26 195 83
27 2324 11.90775 1.37116 0.06065 1.43340 449 83 80 449 355
2299 2409 10.01077 0.36506 0.07136 1.06312 753 278 139 753 564
588 1333 11.71107 0.01540 0.20595 0.51129 80 13 8 74 60
616 1385 11.89989 0.00704 0.08584 0.35608 86 15 9 78 62
577 1320 11.93913 0.01633 0.14415 0.88647 103 21 7 101 78
527 1317 11.20113 1.25423 0.15485 3.18825 124 23 38 124 51
746 1503 11.07246 0.06654 0.12318 0.40154 265 74 83 263 205
563 1301 11.42933 0.46310 0.12589 0.72954 190 49 25 187 148
610 1378 10.44543 0.01670 0.08036 0.34830 129 41 15 127 106
2373 2427 10.31331 1.02771 0.18208 1.42327 468 144 92 468 357
24 2392 10.04264 1.36657 0.03397 2.54514 395 79 79 391 265
569 1340 10.72652 0.12411 0.10568 0.75692 122 34 17 112 100
558 1333 11.84365 0.09345 0.18995 2.78755 105 20 10 103 67
25 2381 10.59779 1.37083 0.05690 2.23230 360 69 36 360 263
820 1575 11.90368 1.39391 0.17977 1.00249 637 226 91 629 502
2 2401 11.26625 1.30930 0.24683 2.13515 504 184 110 502 291
24 2345 10.04960 1.36710 0.07883 2.48239 384 76 74 379 265
1 2388 11.81227 1.33527 0.29272 1.73280 491 195 109 491 381
27 2381 11.81097 1.36864 0.09654 1.85794 324 24 48 318 201
769 1542 11.20931 0.04515 0.19957 2.50108 152 18 17 148 102
2293 2379 11.72207 0.14122 0.41393 1.00911 400 118 93 396 231
695 1435 11.15665 0.01586 0.06234 0.32385 465 132 107 463 390
59 2451 11.02260 0.01357 0.16936 0.58013 385 124 52 379 321
2297 2407 10.64833 0.29433 0.29765 1.22812 689 270 151 687 452
81 2472 11.09812 0.01802 0.11883 0.83322 241 32 38 237 173
518 1289 11.62870 2.77427 0.40515 2.85238 314 81 53 312 158
2322 2426 10.00644 1.01176 0.10842 1.28634 603 115 132 603 458
597 1343 10.85277 0.01101 0.10925 0.50590 311 108 25 307 258
27 2369 11.80023 1.36692 0.11475 1.84079 347 43 54 345 222
26 2403 10.62914 1.30953 0.37474 2.42850 307 40 68 301 196
551 1287 10.59431 1.27589 0.07113 1.36458 548 199 108 548 443
2294 2347 11.07012 0.14239 0.24440 0.96022 457 136 117 455 267
7 2313 11.54238 1.48556 0.35017 2.24873 572 217 127 572 402
119 2500 11.18993 0.09686 0.05321 1.34348 350 73 52 344 255
30 2443 10.03865 0.02430 0.08394 0.92620 354 78 45 334 265
883 2614 10.87805 0.06420 0.04227 0.25944 234 64 36 234 190
2 2342 11.38481 1.33888 0.24517 1.70180 658 186 143 654 541
