5988 8036 10.63461 2.17040 0.57603 2.54591 75 9 33 68 48
4788 7095 10.81350 3.14082 2.15368 0.83134 161 0 0 142 63
1414 5052 10.33247 0.36931 0.34372 0.47313 127 90 27 116 95
5077 6904 10.86195 3.00305 1.05648 2.39539 40 5 1 40 10
5152 6832 10.06994 3.13832 1.86431 1.86194 50 1 0 48 30
1383 4966 10.28066 0.07490 0.21861 0.82044 50 25 7 42 26
5412 6699 10.68882 2.38054 0.63148 2.09518 86 15 0 52 40
283 8736 11.53186 0.06029 0.52828 0.04846 142 71 17 131 103
1444 5046 10.90901 0.33415 0.45936 0.91643 64 27 17 55 28
5416 6686 11.19655 2.12976 0.35678 1.14364 65 22 3 48 27
568 3789 11.33644 0.02823 0.69440 1.52624 111 43 2 107 42
4743 7181 10.95530 2.92613 1.73863 1.05943 64 0 0 59 22
551 3799 10.99034 0.03162 0.70778 1.22461 112 64 20 106 74
451 3708 11.51139 0.00466 0.29919 0.51434 95 47 13 86 64
1481 5085 11.31140 0.16682 0.57694 1.14055 107 22 18 100 58
1602 5348 11.99639 0.01276 0.74588 0.93041 23 2 4 17 14
6308 7718 11.32889 3.08737 1.07112 1.67911 39 2 1 36 14
38 3387 11.50802 0.00420 2.23601 0.82614 89 0 0 77 60
4678 7207 11.63310 2.48294 1.50032 1.85962 82 0 0 73 37
39 8586 11.48626 0.03120 2.36435 1.51414 24 0 0 20 16
4737 7202 11.02315 2.65492 2.37037 0.80454 58 0 0 55 30
4701 7233 10.63455 1.64708 2.14119 2.52057 79 0 0 67 16
1378 4993 10.70005 0.01567 0.50732 0.65432 94 27 21 86 52
1555 5205 10.74876 0.00984 0.32874 0.52860 41 30 2 38 29
1082 4433 11.63277 0.06594 0.37830 1.10995 103 48 9 76 71
342 8893 11.77738 0.01828 0.63393 0.85592 148 13 3 146 123
5111 6866 10.18816 3.12082 1.90185 1.73709 57 0 0 55 30
6031 8030 10.30772 3.13107 0.35170 3.71341 32 2 15 20 17
3300 8461 11.51975 0.00966 0.11406 0.55391 98 71 15 82 60
3309 8438 11.77066 0.01154 0.30543 0.51129 68 38 10 57 44
787 4003 11.50998 0.01277 0.43875 0.65492 45 26 4 37 26
570 3792 10.40776 0.02981 0.18341 1.69604 165 107 39 161 124
1524 5135 11.01220 0.00244 0.49485 1.16600 80 57 4 75 55
797 4017 10.74661 0.01164 0.44295 0.67493 66 48 8 56 50
2948 6004 10.19878 1.18354 0.24372 1.78268 23 9 0 12 16
5390 6681 11.48172 2.06655 1.00386 1.57122 94 23 22 90 45
2963 8097 10.74930 0.02549 0.50493 1.53008 12 6 1 8 3
1587 5217 10.75116 0.01148 0.21489 0.22029 161 115 33 157 100
2916 5965 10.05853 0.09146 0.69885 2.08506 63 53 3 58 38
17 3387 11.50802 0.00420 2.38715 1.22780 78 0 0 67 49
6310 7717 11.61955 3.08949 0.69646 1.62871 33 8 0 30 9
3625 8929 10.11312 0.03816 0.57734 0.81565 319 55 79 309 292
1326 7027 10.51857 2.99876 1.93401 2.20797 148 0 0 144 61
336 8867 11.13984 0.02555 0.78189 1.39493 285 116 18 283 198
1600 6738 11.81658 3.13946 1.70664 0.37949 42 0 0 33 23
1414 5015 11.07950 0.08558 0.42787 0.52934 124 91 17 120 96
737 3942 10.32301 0.84648 0.99478 1.69258 180 29 32 170 115
1482 6872 10.04486 3.12266 1.63493 1.45212 146 3 0 144 82
42 3414 11.75156 0.02822 2.30653 1.24427 57 0 0 55 37
6142 7877 11.44315 3.13854 2.04429 1.18597 91 0 0 83 33
128 3419 11.74596 0.01835 0.64819 0.50668 108 25 7 104 79
4796 7122 11.95018 3.03352 2.24456 1.75033 87 0 0 81 30
1100 4418 10.65491 0.05900 0.32881 0.48051 157 120 27 146 117
1495 5102 10.99809 0.02144 0.49785 1.16668 50 21 4 37 25
941 4172 10.52709 0.02551 0.49882 1.34203 83 41 9 75 50
2698 5646 11.29122 0.15585 0.27726 1.07629 59 36 15 59 28
504 3733 10.98126 0.01194 0.31854 0.65968 122 103 9 115 90
3277 8396 10.19108 0.42275 0.94841 1.50011 90 21 6 81 57
1522 5132 11.52055 0.00711 0.34444 0.91300 99 76 9 93 67
1449 6912 11.35509 2.89181 0.69528 2.27520 76 11 19 70 37
1237 7135 10.41648 3.08859 1.45770 1.44374 98 2 6 96 41
3223 8324 11.32034 0.02473 0.53757 0.86230 54 27 11 50 36
2934 5949 10.19149 0.03884 0.55574 2.22844 96 65 9 81 50
4771 7103 10.65832 3.09293 1.96010 1.33325 121 0 0 88 58
1537 6800 10.97155 3.13928 1.15203 1.84695 14 0 1 6 2
4736 7121 10.95820 3.11465 1.24232 1.33207 114 0 0 107 55
1012 4325 10.68182 0.02837 0.21191 1.44510 50 26 19 48 23
108 8610 10.49891 0.04796 0.54403 0.62181 81 51 22 75 58
5097 6852 11.69156 3.12546 2.07996 1.91090 33 0 0 28 14
5084 6894 10.58147 3.04418 1.35905 2.22757 52 1 0 36 36
3234 8402 11.47139 0.97493 0.82065 0.89087 58 14 17 52 20
1364 4931 11.87389 0.01883 0.35599 0.45197 100 65 19 95 75
546 3770 11.35102 0.04734 0.67343 0.85042 79 32 5 65 36
45 100 11.49053 0.02079 2.72311 1.49200 39 0 0 34 26
1637 6693 11.63501 2.20014 1.16717 1.01336 62 0 1 58 26
3168 8276 11.53381 0.07247 0.26543 0.77733 38 21 7 28 14
49 3414 11.75156 0.02822 1.92251 0.72091 39 0 0 30 26
1143 4551 10.01507 0.07036 0.46749 1.16802 279 85 5 277 222
3280 8398 11.13507 0.37005 0.97788 1.21627 62 6 3 60 38
102 3428 11.50927 0.05388 0.14930 0.51813 93 70 6 87 68
5010 6968 11.29138 2.95108 0.43111 1.41610 47 26 4 43 35
1213 7223 11.34054 1.90211 1.08391 1.13470 91 2 0 82 51
5048 6896 11.73193 2.63804 0.80712 2.07075 55 2 4 50 21
243 8697 10.88567 0.03663 0.59103 2.09667 158 70 46 146 95
4691 7164 11.27247 3.02844 1.46935 1.73506 104 0 0 78 50
3233 8398 10.80862 0.87012 0.35466 0.10468 82 43 28 82 39
880 4105 11.93766 0.04189 0.81651 2.15068 85 50 14 80 30
5994 8067 10.56765 1.58472 0.87791 2.51855 29 2 0 23 17
1213 4645 10.41249 0.08131 0.44012 2.10245 52 18 7 48 18
3279 8399 10.36215 0.33464 0.78672 1.16298 80 19 8 76 57
1215 4647 11.38444 0.07990 0.57687 1.05165 67 30 15 63 32
3200 8307 10.45604 0.16594 0.58096 1.56148 102 71 19 90 54
6037 7988 11.05039 3.13779 1.07236 3.52203 17 0 3 12 6
1624 5383 11.25008 0.02525 0.70911 1.21338 31 12 10 24 18
25 8585 10.74196 0.02857 2.27342 1.09718 29 0 0 27 21
1279 4835 10.99875 0.05521 0.17208 1.20528 44 11 18 31 8
5230 6759 11.88507 3.12304 0.85026 1.31581 86 4 2 84 56
1068 4364 11.00272 0.03437 0.26248 0.50358 88 63 6 73 60
8856 8910 10.38949 0.03636 0.61926 2.08356 173 53 11 161 68
3361 8501 10.24352 0.00476 0.29668 0.32984 93 62 14 85 59
3426 8620 11.04902 0.02550 0.24379 0.28531 51 38 3 51 37
981 4224 11.26091 0.41318 1.18659 2.57040 139 93 18 134 68
168 3467 10.54856 0.01504 0.50722 0.37742 110 56 7 102 79
5217 6790 11.76252 3.13150 43.52159 42.39156 3 0 0 0 0
5301 6767 11.10638 3.12139 1.17952 1.11065 18 0 0 13 9
532 3783 11.79261 0.01484 0.45590 0.12820 124 57 12 114 74
229 3516 11.83603 0.02063 0.81239 1.18465 152 108 9 142 104
5407 6672 11.61022 1.98239 0.69113 1.19681 86 23 17 81 41
105 3405 10.30328 0.02403 0.53629 1.10464 90 49 3 83 48
1250 7179 10.82512 3.00906 1.56355 0.74651 60 0 0 58 19
6134 7909 11.09334 3.13980 1.89945 0.53595 150 0 0 125 93
1538 6800 10.00986 3.13936 1.27436 1.72918 28 0 0 20 9
3233 8332 11.28283 0.19775 0.42176 1.88554 56 19 3 52 24
1250 7185 11.46706 2.97565 1.70210 0.97076 41 0 0 37 12
367 8881 11.25742 0.03415 0.57325 0.37115 122 37 32 99 86
8851 8903 10.87758 0.03191 0.71673 1.79122 218 80 19 212 113
7163 7227 11.30097 1.23672 0.62347 1.44293 121 92 13 117 88
1263 7139 11.60710 3.04318 1.61726 1.37231 71 0 0 57 28
1622 5377 10.00534 0.02559 0.46931 1.21015 27 11 1 21 14
1177 4562 11.54704 0.05295 0.69976 1.18498 81 39 5 71 52
3029 8133 10.50345 0.01303 0.37210 0.51052 64 39 9 60 42
1409 6925 10.24348 2.87217 0.75200 1.94702 73 9 2 63 40
2665 5613 10.83734 0.09575 0.20349 1.14978 48 32 11 35 23
1678 5403 10.94540 1.13851 0.88712 1.48622 43 3 3 34 21
5416 6678 11.92093 2.03890 0.84756 1.58881 99 20 10 76 34
2735 5688 10.25589 0.08270 0.44847 1.22876 37 12 9 21 19
1592 6749 10.57266 3.13709 2.33418 2.34752 29 0 2 21 10
1248 7191 10.42904 2.91139 2.19070 0.44587 79 0 0 71 36
1426 5071 11.44287 0.45463 0.64116 0.64285 94 27 6 76 60
192 8650 11.83438 0.01129 0.30096 0.52265 122 67 37 122 79
3047 8150 10.53539 0.03481 0.34078 1.14432 110 60 20 101 85
3469 8646 11.29900 0.00978 0.22837 0.30519 130 90 26 126 93
1213 4706 11.12573 0.09906 0.53888 2.50936 81 34 14 75 33
1099 4475 10.85715 0.05417 0.53152 0.29342 127 51 11 118 93
421 3656 11.26950 0.01192 0.33447 0.24066 468 358 88 457 408
662 3879 10.00162 0.02537 0.22188 0.33920 166 134 12 158 118
65 8585 10.74196 0.02857 1.32305 0.91000 50 0 0 50 30
869 4131 11.49482 0.00704 0.32695 0.34035 78 66 7 73 58
3261 8367 10.18055 0.90672 0.34113 1.13952 77 26 7 73 56
191 8676 10.85739 0.01627 0.24121 0.57946 115 76 20 102 70
537 3786 10.26905 0.01459 0.21180 0.39167 83 64 13 74 58
2942 6000 10.13712 1.02719 0.39484 1.65517 51 25 5 44 32
339 3582 11.07659 0.02189 0.44302 0.33338 237 169 7 230 200
4968 6996 11.42188 3.09670 10.10483 177.42960 21 0 0 15 11
2591 5585 11.46648 1.38067 0.43172 0.83650 58 20 12 49 26
976 4213 11.91001 0.44477 1.25755 2.20709 102 66 10 87 32
4910 7013 11.18828 2.99508 1.54817 1.93411 139 0 0 122 60
1655 6681 10.84117 1.78538 0.80902 1.06753 124 25 37 97 58
2958 8092 11.48210 0.04144 0.62683 1.29422 36 23 2 25 11
1132 4482 10.47787 0.07895 0.45719 0.34264 230 136 18 228 182
1408 5007 10.78992 0.08551 0.09845 0.97639 130 83 38 126 96
769 3981 10.28932 0.27680 0.63400 1.85583 49 9 5 31 28
1130 4476 11.33315 0.08089 0.35525 0.46055 238 197 7 238 200
2661 5639 10.78855 0.09797 0.18744 0.80842 51 35 5 44 35
1216 7187 11.86606 2.85067 2.69677 2.73995 85 0 0 52 24
4757 7150 10.35057 3.12753 1.56354 1.67701 115 0 0 110 31
3363 8531 10.02579 0.01563 0.22257 0.78733 86 50 22 80 52
1366 6980 11.22658 3.09564 1.22694 1.69304 43 0 0 37 19
322 8824 10.70421 0.05112 0.52306 0.27695 236 89 3 233 191
253 3533 10.07381 0.01522 0.41845 0.54032 182 148 18 174 148
1541 6820 11.95588 3.13107 1.70588 2.93185 5 0 0 3 2
3589 8857 11.26583 0.05082 0.36296 2.77981 363 192 9 345 211
1351 7022 10.63067 3.12180 1.66120 3.01714 98 0 0 87 57
1290 4812 10.21574 0.02344 0.42685 0.98596 88 26 5 78 36
7176 7230 11.12103 1.25418 0.72802 1.41913 91 48 12 87 53
2594 5597 11.45521 1.31962 1.23656 1.99626 69 4 9 65 35
2653 5634 11.79973 0.05114 0.67327 2.01305 22 3 8 17 13
3062 8165 11.55130 0.04840 0.37641 1.77872 58 31 16 51 30
4679 7225 11.35288 1.83809 1.05472 0.67840 152 0 0 129 82
4859 7081 11.68554 3.11619 1.99710 0.65492 87 0 0 75 35
3386 8531 10.75178 0.01039 0.18653 0.53376 132 109 13 125 93
1627 5326 11.75301 0.02710 0.41127 1.12674 32 12 7 30 14
6356 7620 10.42478 1.73005 4.32278 2.94942 50 0 0 43 29
4904 7044 11.76883 3.09693 1.77307 2.52274 160 1 0 144 89
1170 4608 11.71303 0.03794 0.60114 0.47724 34 11 14 20 18
1614 5367 10.98412 0.01304 0.53708 0.45111 43 12 8 43 15
3194 8343 11.41136 0.07426 0.60832 0.98198 58 30 4 54 30
3422 8616 11.77707 0.03243 0.67963 0.47970 63 16 7 61 40
7165 7229 11.66662 1.28931 1.05345 1.48385 88 54 25 84 38
914 4142 10.49397 0.00972 0.30856 0.56093 71 46 10 67 51
2901 5947 11.18402 0.03651 0.40166 2.18265 43 19 4 34 24
7162 7225 11.08314 1.16855 0.23887 0.87223 110 63 33 107 70
56 8547 11.75274 0.00574 2.12475 0.71107 109 0 0 101 81
5237 5295 11.24141 0.01397 0.35401 0.73542 22 10 5 17 12
2593 5582 11.56355 1.34431 0.74286 0.49099 74 13 31 68 25
6228 7812 11.51755 3.13286 0.65923 2.30308 26 4 3 26 17
3092 8196 11.34989 0.12846 0.56479 0.90222 40 16 3 40 30
755 4009 11.81708 0.12823 0.37495 1.98584 55 20 6 51 33
1224 4670 10.01207 0.05575 0.36400 0.70388 115 63 32 109 78
3605 8830 11.32970 0.06066 0.87403 3.41134 254 45 17 244 182
5382 6692 10.14992 2.20815 0.77428 0.88955 56 5 18 47 21
4758 7153 11.79342 3.11472 2.01467 1.23796 57 0 0 33 13
116 8583 10.99558 0.01661 0.53255 0.58551 65 29 9 62 44
1031 4314 10.09291 0.01767 0.27858 1.02793 89 55 19 79 61
3620 8883 11.31508 0.03541 1.16063 0.47642 194 0 0 190 169
3173 8280 11.97832 0.11593 0.57664 0.87982 60 24 2 56 32
4782 7130 10.77576 3.06593 2.06855 1.33647 106 0 0 95 32
1051 4371 10.37330 0.01401 0.20936 0.35166 161 126 14 159 131
991 4303 11.40733 0.34054 0.83128 0.23239 104 6 6 96 61
333 3578 10.01554 0.02137 0.54884 0.19180 329 174 12 324 290
