970 3710 10.50514 0.01346 0.35227 0.53376 57 0 7 53 48 442 100.00000 0
1942 4324 11.27231 0.12341 0.63818 2.19178 9 0 2 7 6 67 100.00000 0
2096 4487 10.74992 0.00701 1.17256 3.48728 45 0 0 30 29 966 100.00000 0
1454 3957 11.80910 0.01935 0.34568 1.10216 80 0 15 73 62 300 100.00000 0
1051 1145 10.51026 0.00644 0.27116 0.44499 28 0 0 23 17 376 100.00000 0
2704 5091 10.10636 0.09356 1.75410 1.69142 10 0 1 10 4 133 100.00000 0
3070 5383 11.59731 0.26178 0.64979 1.18300 16 0 1 10 5 265 100.00000 0
863 3602 11.00605 0.01536 0.28533 0.90135 66 2 3 62 44 884 100.00000 0
1198 1254 10.99298 0.01512 0.26948 1.68632 36 1 1 22 22 438 100.00000 0
969 3708 11.49496 0.01151 0.44879 1.12431 33 0 4 23 20 408 100.00000 0
989 3744 10.75920 0.00297 0.33624 0.23070 42 1 15 40 35 410 100.00000 0
1067 1246 11.49210 0.01362 0.36470 0.74230 27 1 4 27 17 403 100.00000 0
1052 1161 10.01027 0.00747 0.45329 0.43160 41 1 1 39 24 440 100.00000 0
1003 3742 10.76483 0.00843 0.62134 0.31652 64 0 0 64 56 438 100.00000 0
1113 3775 11.26470 0.00539 1.18832 1.63972 19 0 0 15 12 312 100.00000 0
1495 3992 10.85976 0.23470 0.56348 2.04469 17 2 1 15 11 154 100.00000 0
1001 3755 10.25983 0.00183 0.35053 0.02798 47 4 3 47 43 446 100.00000 0
1553 4011 10.80385 0.57161 0.73797 2.75108 30 0 3 27 16 114 100.00000 0
2010 4402 11.86821 0.04910 0.63280 1.10216 21 0 2 6 9 453 100.00000 0
3100 5414 10.79741 0.01700 0.39436 0.84811 11 1 2 8 7 259 100.00000 0
1065 1242 10.48048 0.01185 0.37913 0.78733 37 3 1 31 26 409 100.00000 0
1029 3759 11.25482 0.00535 0.64602 0.56579 16 0 1 14 12 321 100.00000 0
2308 4686 10.49719 0.01559 0.32100 0.30774 28 1 1 26 15 696 100.00000 0
2246 4637 10.01888 0.01909 0.23881 0.60068 26 1 1 24 22 473 100.00000 0
1049 1203 11.26035 0.00239 0.38514 0.76208 21 0 1 18 15 406 100.00000 0
320 5366 10.75665 0.79781 0.59493 0.77632 21 0 2 15 14 156 100.00000 0
329 3042 11.13383 0.48890 1.35270 2.23861 16 0 0 2 4 233 100.00000 0
868 3622 10.74057 0.00640 0.55087 1.01606 75 1 1 64 45 710 100.00000 0
1971 4352 11.57330 0.73683 0.20256 2.64368 12 0 2 12 4 125 100.00000 0
1971 4390 11.22194 0.18731 0.32091 1.62967 32 1 2 32 12 435 100.00000 0
906 3645 11.25419 0.01686 0.45585 0.51889 34 2 5 30 23 368 100.00000 0
3125 5447 10.41026 0.02566 0.60016 0.35277 23 0 1 21 11 440 100.00000 0
423 3190 10.02565 0.01005 0.45140 0.41496 52 2 11 50 18 605 100.00000 0
1960 4340 10.84285 0.70812 0.35699 1.57197 16 0 2 11 8 85 100.00000 0
1356 3852 10.25012 0.00530 0.28653 0.60263 24 2 1 16 17 435 100.00000 0
1328 3842 10.26192 0.00507 0.65486 1.55771 16 1 0 12 11 360 100.00000 0
3105 5447 10.00645 0.00929 1.22796 3.06388 15 0 0 10 5 330 100.00000 0
1975 4357 11.54103 0.60550 0.50569 2.63760 32 0 1 24 16 252 100.00000 0
652 3413 10.76508 0.00644 0.37127 0.56993 37 1 2 37 29 479 100.00000 0
3142 5474 11.17581 0.03018 0.59200 1.38649 28 0 0 25 21 569 100.00000 0
1511 4003 10.99090 0.47855 0.45274 1.91806 44 3 4 39 32 230 100.00000 0
1972 4355 10.76133 0.63999 0.78961 2.57192 12 0 4 9 7 177 100.00000 0
351 3106 11.52178 0.00999 0.61208 2.15359 16 0 2 12 7 229 100.00000 0
704 3449 11.29301 0.00249 0.27751 0.18131 27 2 1 23 20 351 100.00000 0
377 5502 10.60948 0.01007 0.63282 1.04717 21 0 0 18 11 446 100.00000 0
2495 4887 10.14791 0.00517 1.98752 6.67656 36 0 0 24 21 520 100.00000 0
2207 4600 11.34770 0.05430 0.39527 0.86094 26 0 3 26 17 512 100.00000 0
888 3642 10.50225 0.01011 0.56502 0.84070 31 1 2 31 25 267 100.00000 0
1568 4018 11.68686 0.66333 0.78355 3.06209 35 4 2 33 22 154 100.00000 0
773 3514 11.32082 0.00129 0.43446 0.52190 12 0 0 1 5 224 100.00000 0
1127 3775 11.26472 0.00530 1.17154 1.04380 24 0 0 22 18 308 100.00000 0
1577 4024 11.70227 0.76675 0.58143 2.73652 15 1 0 5 8 60 100.00000 0
1319 3821 10.50052 0.00563 0.26129 0.80113 16 0 3 8 10 187 100.00000 0
1096 1252 10.00167 0.01499 0.50484 0.89526 31 0 0 22 15 417 100.00000 0
2501 4880 10.48971 0.00420 1.69989 2.79456 25 0 0 6 9 464 100.00000 0
693 3453 11.50229 0.01429 0.50592 0.81132 70 9 11 65 52 463 100.00000 0
1511 1578 10.45149 0.46218 0.39216 1.56022 50 3 5 48 42 246 100.00000 0
1093 1252 10.00168 0.01625 0.64340 1.01914 33 0 1 29 14 420 100.00000 0
1595 4035 10.34610 0.78671 0.43319 2.58073 12 1 0 5 8 96 100.00000 0
1065 1243 10.74199 0.01196 0.54624 2.65269 44 1 6 44 26 409 100.00000 0
338 5414 10.27427 0.02548 1.61632 2.17565 16 0 0 11 8 181 100.00000 0
316 3029 10.56039 0.84519 0.59355 0.99976 15 0 2 10 6 130 100.00000 0
2673 5044 10.73859 0.00372 0.86082 0.66205 20 2 4 20 7 399 100.00000 0
326 5396 10.55699 0.09433 0.26341 1.06202 15 0 3 15 9 217 100.00000 0
2010 4404 10.28962 0.03874 0.26066 0.31404 47 7 3 42 30 478 100.00000 0
1048 1195 11.51041 0.00207 0.17175 1.63686 23 0 0 23 18 378 100.00000 0
1051 1160 10.51026 0.00644 0.42618 0.96550 28 0 1 28 22 391 100.00000 0
1471 3972 11.25818 0.00450 0.66391 0.95327 18 0 0 18 13 187 100.00000 0
332 3047 11.16904 0.36433 0.68968 1.31105 32 1 0 25 17 254 100.00000 0
1204 1254 10.99298 0.01512 0.55961 0.57946 28 0 0 19 12 436 100.00000 0
1938 4359 10.03699 0.73822 0.36619 3.29658 29 1 3 23 22 117 100.00000 0
422 3172 10.60913 0.05959 0.34890 0.60068 24 1 3 14 14 524 100.00000 0
1055 3785 10.78185 0.00437 0.52434 0.58751 28 0 1 25 19 410 100.00000 0
2382 4774 10.64422 0.00514 0.56362 1.25897 23 0 1 19 17 600 100.00000 0
1543 4011 11.93215 0.62597 0.65930 2.87576 30 1 0 26 20 113 100.00000 0
394 5511 11.79437 0.00900 0.70606 1.56773 30 0 0 30 14 471 100.00000 0
1167 1254 10.99297 0.01526 0.55417 1.01143 30 5 4 28 17 402 100.00000 0
662 3423 11.53666 0.00639 0.72493 1.42327 36 0 0 28 25 519 100.00000 0
1153 1254 10.99297 0.01526 0.21211 1.14364 29 0 1 22 19 448 100.00000 0
1071 1247 10.73242 0.01508 0.56557 1.36430 20 2 1 15 9 393 100.00000 0
496 3263 11.27277 0.00598 0.46018 0.27695 17 0 4 15 7 312 100.00000 0
336 3084 10.31649 0.01402 0.23142 1.52726 12 1 1 12 5 151 100.00000 0
3131 5454 11.60886 0.02456 0.65457 1.40723 28 0 0 13 12 492 100.00000 0
1567 3982 10.67882 0.25332 0.27320 2.70081 37 0 0 32 27 221 100.00000 0
696 3455 10.52626 0.01177 0.49237 0.66323 43 1 0 37 35 351 100.00000 0
1052 1122 10.01027 0.00747 0.56797 0.68471 25 1 3 22 21 417 100.00000 0
2188 4582 11.16398 0.03299 0.97358 2.32052 16 1 0 14 11 526 100.00000 0
1188 1255 11.49280 0.01448 0.28953 0.46981 23 1 0 21 15 338 100.00000 0
2579 4955 10.98833 0.00378 0.48296 0.65132 22 1 1 20 15 405 100.00000 0
1532 1590 11.75203 0.63469 0.25785 2.71541 12 0 0 7 2 90 100.00000 0
454 3208 10.26967 0.00934 0.38668 0.57675 17 0 3 9 10 302 100.00000 0
2099 4503 10.40626 0.00801 0.45883 0.44499 53 2 2 47 41 1315 100.00000 0
1610 4048 11.70743 0.80451 0.66621 1.06643 20 0 0 18 12 76 100.00000 0
374 3111 11.47244 0.01277 0.56737 0.78981 18 0 2 15 8 336 100.00000 0
1506 4001 11.45928 0.43469 0.48664 1.77321 34 1 0 34 21 179 100.00000 0
