2000 3419 11.77103 2.29658 0.67592 2.58467 105 78 5 102 61
939 4195 10.75276 0.55559 0.43975 4.53147 73 30 33 71 25
1981 4568 11.29674 0.04255 0.82725 2.38983 75 4 1 73 39
1795 4404 10.92120 0.64557 0.43419 2.23441 80 35 0 72 30
3424 4572 11.36026 1.65936 0.73820 2.13698 238 56 15 233 125
941 4221 11.09795 0.03076 0.44674 2.01441 168 53 36 166 110
3313 4624 11.54661 1.93089 0.81953 6.85026 35 6 0 35 14
3398 4574 11.66679 2.98580 0.48002 0.38257 97 48 6 91 66
1944 4535 10.67241 0.06258 1.72229 1.53544 88 0 0 86 63
2013 3414 11.94384 2.91902 0.48918 2.41654 67 50 5 65 45
1004 4265 11.18746 0.01602 0.23418 0.91343 79 65 8 79 63
3411 4586 11.09934 2.30212 0.38448 3.09604 132 80 14 123 64
3360 4601 10.07671 3.12944 0.12583 3.18506 91 54 19 89 59
3316 4625 10.05877 1.99911 0.78338 5.66573 32 3 1 32 12
2015 4579 11.80682 1.34021 0.44346 4.25063 132 84 11 125 66
1003 4248 10.56080 0.02116 0.28433 0.94087 53 28 9 53 35
1036 4277 11.74153 0.79050 0.10951 1.13194 122 85 7 122 86
1025 4274 11.85598 0.18143 0.13660 1.30776 103 81 5 103 78
3420 4569 11.16863 1.78615 0.61692 0.87223 154 43 18 154 118
3369 4594 10.53298 3.11977 0.84301 3.77616 105 50 10 105 51
1011 4252 10.43428 0.02551 7.59774 1.10181 46 0 0 44 32
993 4259 11.01126 0.01514 0.21588 0.88027 67 48 13 65 37
2004 4562 10.60807 0.72206 0.66975 0.69210 80 22 2 78 51
1834 4412 11.87768 0.00420 0.34401 0.27411 49 32 4 47 34
1875 4467 10.31848 0.02322 0.77143 0.77126 43 5 0 43 34
3313 4629 11.68643 1.86852 0.88534 6.83380 45 8 0 45 20
1034 4260 10.88328 0.64929 0.12814 1.24458 65 47 10 59 42
3335 4630 11.35303 2.62880 0.35998 2.47512 90 57 11 85 48
926 4210 10.75146 0.07148 0.44678 2.17763 166 72 0 166 139
1910 4502 11.95305 0.07152 1.30042 1.45965 54 0 0 50 37
1813 4413 10.62826 0.04454 0.34455 1.72374 80 57 12 70 58
980 4250 10.90960 0.01631 0.33617 0.71928 38 18 4 29 21
909 4184 10.79670 1.93821 0.38289 2.83324 97 61 26 95 42
1976 4547 11.30759 0.01199 0.99613 0.68414 86 1 0 83 73
915 4178 11.78967 1.91361 0.31021 4.41402 131 106 19 127 69
953 4211 10.15524 0.05537 0.45644 2.98845 160 39 80 154 88
1840 4418 10.72135 0.02521 0.18335 1.45911 69 57 7 67 54
3341 4612 10.69718 3.02119 0.14304 2.54868 137 91 17 131 94
2006 3408 10.52550 2.96467 0.61120 2.42010 120 95 7 114 60
923 4179 11.02409 1.52544 0.37208 4.00135 134 99 27 132 84
928 4183 10.43089 1.23718 0.10378 3.51090 128 40 28 124 55
1924 4499 11.64191 0.07469 1.64427 1.02106 23 0 0 23 13
3403 4589 10.95719 2.79297 0.32178 3.23507 129 44 7 127 55
2012 3405 11.38195 2.42277 0.39627 2.03951 146 119 8 137 83
990 4240 11.05713 0.01777 0.28896 1.05388 56 30 9 52 40
914 4181 10.27047 1.83737 0.35384 3.35159 165 106 43 165 60
909 4198 11.32270 1.16772 0.42456 2.46561 71 40 23 69 42
1773 4395 10.52059 1.63534 0.50487 3.22998 45 25 2 45 26
909 4185 10.34135 1.88849 0.38226 2.86580 84 58 17 82 40
904 4191 11.88056 1.79913 0.16737 2.63403 54 27 18 54 33
1003 4247 11.85033 0.01925 0.27251 0.81901 41 26 8 36 28
945 4202 10.75995 0.16724 0.69345 3.27943 109 26 39 105 54
993 4242 11.04556 0.01593 0.14244 0.95940 46 27 13 40 26
3375 4605 10.08040 3.11669 0.45611 2.64190 67 26 10 60 28
1917 4492 11.66333 0.08720 1.35734 0.63551 38 0 0 38 35
1920 4496 10.29123 0.07388 1.46498 1.26918 45 0 0 35 27
1953 4527 11.82973 0.05470 2.17732 0.34150 22 0 0 22 17
2020 4573 11.91393 1.54531 0.63491 4.79926 51 20 3 45 19
1034 4276 10.97397 0.66361 0.07136 1.29362 106 76 2 100 69
1999 3415 11.39773 2.44775 0.72179 2.60324 97 77 5 94 54
1775 4398 11.22049 1.59651 0.47560 3.74303 88 42 0 86 46
1995 4576 11.99923 0.21194 0.68184 2.93705 86 26 3 82 62
3326 4631 10.67376 2.23366 0.66067 3.41501 50 35 6 46 26
1003 4265 11.85233 0.01634 0.18926 0.93377 83 62 14 83 63
956 4213 10.99299 0.04848 0.28725 2.44473 110 38 36 110 49
2011 3406 10.85734 2.54035 0.39757 2.05443 134 108 8 127 59
1787 4387 11.94287 1.16181 0.36851 1.91765 102 49 2 102 70
1846 4423 11.27993 0.01279 0.47517 0.73115 96 50 5 93 75
1971 4543 11.59748 0.02409 1.23049 1.16231 52 0 1 36 34
3387 4597 10.54897 3.09658 0.28696 2.77234 120 39 2 116 69
1799 4406 11.22994 0.40873 0.12615 1.68261 54 31 0 43 33
1934 4525 10.74210 0.08102 1.68614 1.15555 89 0 0 89 77
1879 4455 11.93614 0.01705 1.00411 1.11838 64 9 0 57 44
1776 4397 10.39107 1.58363 0.30297 3.20638 102 51 10 102 69
1775 4391 10.73241 1.61475 0.33508 2.52863 64 30 8 64 45
1921 4512 10.95557 0.07440 1.58810 1.16365 46 0 0 46 34
1016 4254 10.51339 0.01777 0.15572 0.82898 68 49 11 65 48
3337 4614 10.61003 2.89118 0.19786 2.16284 98 77 10 98 71
948 4226 11.02207 0.02363 0.11130 1.27748 184 140 34 179 137
931 4185 10.91660 1.12040 0.11793 3.43331 81 10 14 76 28
925 4209 10.48984 0.09126 0.45500 1.82413 129 45 11 124 66
1024 4257 10.44843 0.13301 0.24182 1.65351 91 66 11 91 58
1048 4275 11.27001 1.44258 0.29025 0.92577 111 82 11 107 61
3335 4629 10.09324 2.64073 0.19182 2.59782 133 109 13 129 96
1996 4559 10.09778 0.26574 0.77741 1.37174 95 8 2 93 60
3320 4631 11.24219 2.03471 0.83837 4.87837 79 17 2 74 46
1847 4441 11.55264 0.03036 0.39866 1.79406 106 79 3 102 49
1855 4432 10.69944 0.01525 0.53445 0.46646 104 41 4 99 70
932 4187 10.41657 1.02100 0.19505 3.93811 91 12 8 89 51
935 4217 11.30734 0.02482 0.52928 1.82048 97 29 5 95 68
1988 4554 11.73670 0.04640 0.75170 2.02526 68 3 2 64 54
1966 4539 11.40828 0.03065 1.50324 1.13987 77 0 0 67 54
3313 4625 11.22320 1.91811 0.45384 6.68378 41 4 0 41 18
3337 4613 11.86500 2.89679 0.15225 2.25360 121 95 9 119 100
1973 4545 11.03296 0.01471 1.14477 0.67840 54 3 1 46 38
1930 4505 11.57754 0.07154 1.67528 0.58817 25 0 0 25 21
927 4211 11.01240 0.05930 0.52590 2.55298 154 43 5 154 114
918 4205 11.43448 0.41236 0.15632 2.54991 97 55 35 91 76
913 4180 11.16035 1.93124 0.69958 3.34012 150 99 38 148 65
3350 4607 10.75398 3.13012 0.37625 3.04092 75 45 20 73 40
1837 4431 10.31661 0.01613 0.20905 0.87715 137 120 11 133 115
1962 4536 10.60356 0.03098 2.07558 0.96429 92 0 0 92 73
1007 4249 11.88875 0.02524 0.17119 1.15012 62 41 9 59 42
1972 4562 11.86741 0.00792 0.73274 0.42244 73 10 1 66 38
2018 4574 10.62174 1.46662 0.68232 4.31302 68 30 5 62 41
2013 4578 10.18013 1.25027 0.52133 3.38911 114 53 9 112 85
2007 3416 10.76830 2.89315 0.70880 2.29286 127 93 8 121 74
3350 4623 11.07258 3.00671 0.32308 2.65830 52 33 9 50 18
1975 4563 10.21330 0.00829 0.76510 0.47395 57 0 2 52 44
2006 3405 11.65777 2.78985 0.38017 1.79275 127 106 14 124 56
3408 4570 10.87426 2.47119 0.51231 0.49099 122 76 4 112 95
1932 4508 10.13007 0.06367 1.81730 0.53082 44 0 0 36 35
3320 4620 11.54667 2.16904 0.93024 4.75868 30 5 1 24 11
944 4200 11.37483 0.26690 0.56708 3.58627 75 13 42 73 45
1828 4408 10.70368 0.02528 0.21995 1.48675 90 78 7 85 67
1880 4457 10.42538 0.01939 0.89588 1.34348 64 7 0 62 45
3331 4631 11.33074 2.44948 0.42186 2.14904 65 57 3 62 43
2019 4574 11.28046 1.50488 0.64168 4.65741 44 14 4 42 15
2014 4578 10.50472 1.29741 0.64725 3.81588 144 46 6 142 89
3315 4624 10.75753 1.98481 0.54172 5.87269 30 5 1 30 12
1846 4439 10.12485 0.02364 0.33946 1.36602 127 98 2 127 106
1805 4392 11.92984 0.21849 0.12877 0.67666 123 107 12 115 103
1972 4561 10.60044 0.00623 0.87539 0.39466 94 6 0 92 65
967 4240 10.72533 0.01756 0.19153 0.92535 82 61 11 75 60
3342 4611 11.31307 3.04279 0.12727 2.66785 118 69 6 118 79
913 4202 11.93999 0.76753 0.35015 2.78839 42 18 18 39 18
938 4193 11.22523 0.67019 0.32261 4.08015 79 34 27 73 30
2017 4571 10.04170 1.43489 0.80188 3.89983 122 25 3 120 86
3397 4591 10.03727 3.06997 0.40629 4.65522 154 21 2 146 85
3418 4569 10.56296 1.87584 0.64526 1.22237 199 75 10 197 157
1831 4410 11.25117 0.00843 0.27036 0.50976 68 62 2 68 54
994 4259 10.21233 0.01528 0.29302 0.89613 80 49 16 77 51
995 4243 11.35005 0.01201 0.24674 0.71491 33 20 5 31 18
3324 4620 10.04451 2.28863 0.76108 3.35404 54 36 5 47 18
1045 4277 11.81589 1.32315 0.22266 1.17636 68 58 6 64 47
3399 4574 11.01889 2.94948 0.59161 0.39565 81 22 8 78 56
1859 4452 10.91428 0.01579 0.49814 0.99150 63 34 1 61 55
3374 4607 11.67237 3.12439 0.46167 1.91969 59 26 12 59 38
3352 4622 11.27447 3.01766 0.24917 2.68394 61 51 6 59 36
2003 4561 11.35958 0.65753 0.83248 0.52489 55 2 2 55 39
910 4181 11.75361 2.03191 0.31776 2.69646 114 89 18 108 64
1048 4265 11.98599 1.42818 0.30183 1.05647 78 54 3 78 56
972 4226 11.61386 0.03017 0.43065 1.67585 119 46 17 119 99
3330 4631 11.14495 2.40421 0.43310 2.18982 101 80 4 94 75
905 4192 11.45899 1.70048 0.23436 2.62734 66 38 7 64 35
3408 4587 10.94561 2.48365 0.51020 3.30831 138 103 11 136 78
1884 4476 10.86859 0.03449 0.82542 0.68870 89 4 0 80 75
2002 3408 11.74755 3.06085 0.61927 2.63715 67 57 7 62 32
1038 4262 10.10514 0.90286 0.37325 1.33881 90 70 16 86 51
2009 3409 10.07049 2.84227 0.38457 2.57283 149 117 2 145 86
971 4244 11.93306 0.02119 0.15072 0.87982 70 40 25 65 39
1050 4273 11.32841 1.49845 0.27821 0.42058 111 81 26 109 74
1960 4551 11.58699 0.02696 1.88814 0.80794 89 0 0 83 68
996 4261 11.33696 0.01223 0.25929 0.74651 45 30 12 45 28
1821 4418 10.12617 0.03128 0.30591 1.76791 109 84 9 107 85
1808 4394 11.40235 0.15463 0.09530 0.82139 57 41 10 52 37
908 4184 11.30926 1.98541 0.41895 2.98950 129 66 47 123 76
1025 4257 10.93063 0.17115 0.28912 1.79362 104 83 9 99 67
1865 4442 10.81550 0.01758 0.90244 0.74283 157 17 2 151 129
1856 4433 10.68525 0.01605 0.73034 0.50822 95 24 0 92 61
3358 4601 11.83048 3.12923 0.16627 3.12712 96 67 5 94 70
1988 4572 11.24726 0.06362 0.72946 3.37232 144 32 3 135 79
962 4236 10.44283 0.01649 0.14932 1.05684 143 104 26 143 99
972 4244 10.96688 0.02179 0.08158 0.97919 89 52 34 87 60
1864 4457 11.20748 0.01387 0.52564 0.83275 49 20 6 46 41
1876 4468 10.39770 0.02699 0.87483 1.15893 58 2 0 55 45
910 4199 11.41509 1.06317 0.29376 2.47291 48 18 19 45 22
1798 4406 11.85898 0.46166 0.24318 2.11155 60 29 4 57 35
1787 4388 10.85736 1.16898 0.36887 1.72646 146 101 10 142 104
1955 4530 10.25962 0.03967 2.21997 0.41871 53 0 0 50 39
1038 4261 11.36001 0.90229 0.11684 1.10287 57 45 9 57 36
1987 4554 11.06692 0.03716 0.88496 1.93755 67 2 1 63 52
2012 4566 10.21233 1.21747 0.78077 1.52290 195 27 7 193 163
3418 4568 11.61788 1.87514 0.70611 1.39072 149 46 8 145 92
1902 4478 10.28896 0.01911 1.25789 0.61612 73 0 0 71 62
1871 4463 10.08523 0.01647 0.64875 0.81132 70 13 5 64 47
988 4239 10.56721 0.01697 0.29312 0.99662 60 23 13 51 37
2008 3409 10.09309 2.90685 0.40872 2.59676 157 121 8 153 85
991 4241 10.65182 0.01536 0.50568 1.12222 69 24 6 65 50
1792 4388 11.09643 0.87569 0.40312 1.40333 110 82 6 110 84
907 4197 11.84313 1.31813 0.28562 2.51045 94 50 39 92 58
2018 4577 11.79739 1.46103 0.54332 4.86905 83 54 3 83 34
1845 4423 10.03944 0.01190 0.50098 0.70942 127 69 5 123 106
1833 4428 10.89598 0.00736 0.36165 0.27411 113 73 5 105 94
915 4203 11.55690 0.62720 0.28863 2.90165 93 40 40 91 47
1861 4438 10.71111 0.01766 0.79701 0.36045 94 24 0 86 70
1915 4491 10.29585 0.08084 1.50385 0.67782 45 0 0 43 33
1800 4406 10.64921 0.35751 0.16437 1.62919 73 38 0 67 54
3359 4617 10.55261 3.08446 0.20944 2.37537 63 23 11 63 29
3419 4582 10.61624 1.85010 0.46946 3.86026 92 38 16 87 33
1032 4276 11.68811 0.54189 0.08983 1.38931 140 99 5 132 88
1818 4400 11.67105 0.03280 0.14030 1.69119 97 75 10 87 69
951 4209 10.20779 0.05337 0.49684 2.90367 137 24 83 135 97
1050 4268 11.40344 1.48604 0.30866 1.03098 144 111 13 140 101
3336 4614 11.18141 2.85533 0.15373 2.25533 95 65 12 91 63
1964 4555 11.83696 0.02242 1.50158 1.23923 87 0 0 80 65
989 4240 10.18471 0.01666 0.31945 1.00833 60 35 9 54 34
933 4186 11.61900 1.06941 0.19913 3.82408 122 12 4 122 66
3318 4631 11.65608 1.98073 0.75303 6.68683 41 2 0 37 22
2015 4566 11.82640 1.35950 0.83119 2.83297 142 15 6 138 75
