1694 4117 11.30909 0.00928 11.32437 0.40734 54 0 0 54 45 75 100.00000 0
1418 3923 10.01073 0.00138 9.92084 0.25179 59 0 0 59 49 410 100.00000 0
1803 4199 10.20604 0.00478 10.24260 0.73008 46 0 0 46 34 113 100.00000 0
1720 4123 11.29892 0.00635 11.31226 1.11276 61 0 0 59 49 110 100.00000 0
2814 5187 11.02520 0.00400 9.49308 0.18767 21 0 0 17 11 106 100.00000 0
2970 5322 11.53833 0.00662 3.86595 3.74492 8 0 0 4 5 85 100.00000 0
47 113 10.99051 0.03942 3.13336 2.07320 59 0 0 33 30 200 100.00000 0
1690 4113 11.30715 0.01186 11.37472 0.74336 52 0 0 52 38 110 100.00000 0
1971 4352 11.57330 0.73683 2.01908 2.62614 143 80 47 137 106 351 100.00000 0
1861 4252 10.12168 0.00840 11.68823 1.35277 10 0 0 6 4 89 100.00000 0
1972 4355 10.76133 0.63999 2.17948 2.59284 138 7 44 126 85 369 100.00000 0
2976 5328 11.52206 0.01192 9.13018 2.22897 11 0 0 11 6 115 100.00000 0
1896 4285 10.67246 0.00808 9.65955 2.06583 10 0 0 6 4 95 100.00000 0
2824 5195 10.82246 0.00557 11.04087 0.33338 26 0 0 24 17 51 100.00000 0
2949 5301 11.77692 0.00817 11.75874 5.57633 10 0 0 3 5 65 100.00000 0
1678 4101 10.60637 0.00473 10.52728 0.80600 49 0 0 47 35 208 100.00000 0
1731 4150 10.74545 0.01004 11.11566 0.66969 29 0 0 29 24 70 100.00000 0
1704 4108 10.20067 0.00592 10.20914 0.37846 67 0 0 64 50 116 100.00000 0
1754 4170 10.40560 0.00843 10.71866 1.18960 40 0 0 36 23 67 100.00000 0
1839 4247 11.66186 0.01073 11.35785 0.49653 17 0 0 12 9 77 100.00000 0
1789 4186 10.81665 0.00602 10.72085 1.01220 10 0 0 10 6 52 100.00000 0
1777 4175 11.51850 0.01008 11.37761 0.74965 71 0 0 71 63 152 100.00000 0
2963 5314 10.80238 0.00244 11.55777 3.41432 14 0 0 14 10 104 100.00000 0
1825 4234 11.44950 0.00745 11.46070 0.14265 51 0 0 49 34 127 100.00000 0
1888 4294 10.34762 0.00359 11.09821 0.74125 12 0 0 12 7 95 100.00000 0
1812 4222 11.66152 0.00557 11.90321 1.54434 22 0 0 19 12 66 100.00000 0
2751 5137 10.97802 0.42162 3.78581 9.36657 9 0 0 2 6 46 100.00000 0
2746 5133 11.03307 0.42693 11.04760 26.23860 10 0 0 8 9 41 100.00000 0
1850 4257 10.75598 0.00921 8.66090 0.31279 18 0 0 12 10 97 100.00000 0
