2842 3137 10.28570 0.02001 0.39101 1.14739 141 118 18 133 82 561 100.00000 0
2793 5444 11.06247 2.94905 0.66559 1.65611 124 22 31 95 55 625 100.00000 0
488 3515 10.56562 0.10188 0.40338 0.69549 112 85 10 106 81 288 100.00000 0
4170 6469 10.78194 2.76833 1.18568 2.31562 60 1 0 51 20 226 100.00000 0
2933 3138 10.81961 0.01709 0.33292 0.97959 142 120 12 140 91 571 100.00000 0
4272 4406 10.77024 0.01125 0.63585 0.61166 95 16 12 88 68 353 100.00000 0
1601 6029 10.07730 3.06250 0.86508 3.00400 138 1 6 127 94 522 100.00000 0
209 7367 11.82651 2.89787 0.64803 1.71075 76 16 39 63 42 538 100.00000 0
439 7210 11.56698 3.10076 1.72919 0.95532 36 0 0 34 16 202 100.00000 0
4271 4336 11.27196 0.01407 0.65141 0.76310 82 17 9 78 61 359 100.00000 0
4271 4404 11.27196 0.01407 0.59735 0.89219 92 29 7 88 55 368 100.00000 0
7429 7507 11.25316 0.01296 0.18545 0.74860 91 57 17 82 55 408 100.00000 0
3084 5477 11.92975 3.13191 0.14112 1.94843 37 24 7 31 17 330 100.00000 0
3060 5475 10.45492 3.13401 0.38977 1.78794 31 11 5 23 13 304 100.00000 0
1592 6076 10.40920 3.10919 0.53482 1.04343 44 9 8 36 12 246 100.00000 0
1178 4083 11.90730 0.02889 0.38216 0.91643 81 61 6 79 58 387 100.00000 0
4133 6514 11.38160 nan 0.99528 2.25342 28 1 2 25 17 140 100.00000 0
4271 4799 11.27196 0.01407 0.58867 0.78435 104 28 13 96 77 419 100.00000 0
1510 6184 11.88497 3.09254 0.31521 3.94496 8 1 3 4 3 119 100.00000 0
2205 2324 10.08808 0.02070 0.50093 0.91813 49 17 7 39 31 390 100.00000 0
2407 5445 10.50813 2.96571 0.67260 1.79580 169 49 12 143 83 550 100.00000 0
3939 6708 10.79658 3.10509 1.26578 2.33498 12 0 0 5 3 96 100.00000 0
2202 2410 11.49669 0.02420 0.59429 0.50976 56 22 3 56 38 412 100.00000 0
3040 5444 11.06605 2.94908 0.44610 1.70846 106 40 25 90 43 487 100.00000 0
2203 3079 11.05481 0.02316 0.58989 0.45024 48 27 14 48 38 377 100.00000 0
578 7147 11.25232 3.00914 1.18366 2.04258 10 0 0 10 5 70 100.00000 0
2202 2791 11.49669 0.02420 0.54533 0.49099 51 18 15 49 25 404 100.00000 0
2862 5475 10.45492 3.13401 0.50647 1.92498 31 8 7 31 12 280 100.00000 0
358 7263 11.77573 2.96327 1.90219 1.57396 71 7 2 69 28 301 100.00000 0
4273 4387 10.24980 0.00372 0.77163 0.12820 77 18 7 77 45 354 100.00000 0
1004 6771 10.15407 2.98035 0.69316 1.75122 90 14 7 74 34 265 100.00000 0
3167 5431 11.70679 2.71250 0.57555 0.80406 125 36 51 114 81 361 100.00000 0
4336 5015 11.47663 0.01429 0.50949 0.81996 92 56 9 84 59 405 100.00000 0
7428 7543 11.74928 0.01419 0.35455 1.20333 96 32 4 84 73 410 100.00000 0
1536 6135 11.88065 2.34077 0.86663 0.90049 32 7 4 23 15 175 100.00000 0
3727 6968 11.09867 3.00185 1.38142 2.73652 47 0 0 42 16 190 100.00000 0
2499 5444 11.06247 2.94905 0.40343 1.63159 111 53 19 96 56 487 100.00000 0
3928 6692 10.25243 3.02006 0.91932 2.12633 54 0 1 41 15 388 100.00000 0
560 3547 10.47178 0.22423 0.27907 1.75480 44 25 4 34 26 230 100.00000 0
2187 5501 10.39527 3.09895 0.96053 2.13497 14 2 0 14 6 96 100.00000 0
2465 5444 11.06247 2.94905 0.46687 1.69027 128 46 13 109 62 493 100.00000 0
319 7265 10.69860 3.00779 1.02016 1.89899 60 0 1 53 15 284 100.00000 0
893 6882 11.14054 3.13706 1.45320 3.51090 23 0 0 18 12 92 100.00000 0
1756 5849 11.36020 3.05658 1.13152 0.76821 83 5 0 68 24 695 100.00000 0
1624 6036 10.41035 3.11029 0.75276 2.21364 79 38 11 65 26 371 100.00000 0
4828 5015 11.47663 0.01429 0.49945 0.80113 107 69 15 97 62 437 100.00000 0
989 6753 10.83691 2.29045 1.19756 1.94098 81 6 0 74 44 393 100.00000 0
2497 3139 11.38663 0.01475 0.40140 0.85134 123 90 9 115 93 566 100.00000 0
2202 2625 11.49669 0.02420 0.68123 0.39366 46 10 6 38 23 413 100.00000 0
3052 5476 11.20570 3.13283 0.32724 1.72238 35 20 3 28 17 336 100.00000 0
1910 5725 11.26101 3.04343 0.61459 1.10216 63 11 16 59 42 327 100.00000 0
4371 5015 11.47663 0.01429 0.60283 0.80406 86 61 13 79 48 421 100.00000 0
3774 6916 10.48370 3.11127 0.92381 4.66883 31 4 0 22 11 112 100.00000 0
4796 5014 10.97741 0.01408 0.54519 0.84580 131 86 11 126 94 430 100.00000 0
4272 4947 10.77116 0.01120 0.62760 0.63858 80 24 13 71 45 422 100.00000 0
1672 5936 11.79301 3.09894 0.84264 0.83977 32 0 4 28 14 298 100.00000 0
113 169 10.75039 0.04458 0.18741 0.48457 147 125 12 143 121 676 100.00000 0
3694 7003 11.88168 3.00898 0.79222 1.33530 40 5 3 36 15 255 100.00000 0
2576 5444 11.06247 2.94905 0.49466 1.70548 108 36 16 86 51 511 100.00000 0
3643 7039 10.52697 3.08488 1.06597 0.81757 31 0 0 29 11 206 100.00000 0
2465 3140 11.98752 0.01419 0.22066 0.83181 91 56 20 85 56 516 100.00000 0
2205 2292 10.08808 0.02070 0.64083 0.92281 40 3 3 35 17 328 100.00000 0
7432 7535 10.50319 0.01566 0.91727 1.27962 142 35 4 134 83 583 100.00000 0
1625 6000 10.45692 2.91145 1.17048 0.93419 137 0 4 129 63 593 100.00000 0
2258 3137 10.28178 0.02095 0.40421 1.19747 141 127 8 139 93 549 100.00000 0
2484 5477 11.93388 3.13196 0.27890 1.84037 49 27 12 45 23 333 100.00000 0
351 7245 10.01021 3.08236 1.22847 0.93503 108 0 0 92 37 452 100.00000 0
2411 5476 11.20983 3.13290 0.43897 1.79559 28 11 3 22 13 285 100.00000 0
4663 5013 10.22837 0.01310 0.42528 0.76105 127 107 8 127 91 476 100.00000 0
2802 3140 11.98752 0.01419 0.22209 0.81036 94 66 20 87 65 504 100.00000 0
2924 5477 11.92975 3.13191 0.12959 1.91438 31 18 2 22 12 278 100.00000 0
11 142 11.75631 0.02808 1.31436 0.64710 85 0 0 71 46 455 100.00000 0
3720 6970 10.88772 3.09206 1.42284 2.38360 102 0 0 100 41 375 100.00000 0
5210 5338 10.98272 0.01316 0.53696 0.74965 65 29 9 63 29 528 100.00000 0
3079 5445 10.51161 2.96574 0.70098 1.82606 149 40 20 137 65 561 100.00000 0
508 7199 11.71929 3.09812 1.74960 0.83134 8 0 0 6 5 28 100.00000 0
3681 7003 10.69123 2.95740 1.06415 1.78838 66 0 0 62 30 251 100.00000 0
783 6988 11.37710 3.11473 0.89565 1.92173 69 3 3 65 19 289 100.00000 0
4042 6585 11.03005 3.08358 1.19408 1.79057 48 0 0 41 19 393 100.00000 0
754 7018 11.36990 2.94189 1.02444 2.30749 38 0 0 29 10 161 100.00000 0
7428 7540 11.74909 0.01417 0.55767 0.82234 70 19 1 61 47 426 100.00000 0
724 7047 11.14035 3.02502 0.84315 1.39522 23 1 1 18 10 115 100.00000 0
4788 5015 11.47663 0.01429 0.57622 0.81373 86 54 8 86 51 398 100.00000 0
4702 5015 11.47663 0.01429 0.60217 0.79426 81 51 14 81 53 431 100.00000 0
202 7381 11.42491 2.96388 0.44106 0.71272 192 87 42 190 121 770 100.00000 0
1309 6418 10.46674 3.11723 1.14735 1.93249 23 0 1 17 9 219 100.00000 0
5208 5281 11.98285 0.01307 0.80071 0.74494 80 15 2 74 45 504 100.00000 0
3063 3140 11.99147 0.01379 0.30435 0.80503 90 67 10 86 63 529 100.00000 0
3967 6676 11.19348 3.13718 1.00829 1.82156 53 1 1 47 27 277 100.00000 0
2686 3140 11.98752 0.01419 0.27092 0.81661 104 79 14 100 67 528 100.00000 0
1245 6486 11.55414 3.11703 1.27331 2.73524 39 0 0 35 14 243 100.00000 0
991 6741 11.65740 2.19848 0.73085 2.32102 61 1 0 55 30 224 100.00000 0
2672 5444 11.06247 2.94905 0.41789 1.68261 106 46 13 98 49 451 100.00000 0
2364 3140 11.98752 0.01419 0.22617 0.81036 89 60 18 85 53 466 100.00000 0
3715 6977 11.33154 3.12405 1.29368 2.43622 48 1 0 38 16 278 100.00000 0
541 3544 11.74476 0.15328 0.12518 0.44762 61 49 6 56 48 114 100.00000 0
2309 5476 11.20983 3.13290 0.44530 1.78268 34 12 9 30 18 283 100.00000 0
1558 6076 10.57850 2.90479 1.22039 1.28664 101 12 9 93 27 458 100.00000 0
240 7369 11.45907 2.99942 0.66003 1.43477 40 15 5 40 24 377 100.00000 0
492 7185 10.84931 2.97515 1.59195 1.28907 49 0 0 47 27 136 100.00000 0
4626 5013 10.22837 0.01310 0.46068 0.82519 123 99 12 119 87 462 100.00000 0
5210 5321 10.98272 0.01316 0.48578 0.74703 77 34 12 72 41 540 100.00000 0
4272 4898 10.77126 0.01155 0.59673 0.71982 75 25 7 71 50 383 100.00000 0
3903 6725 11.02109 2.41530 0.64927 1.76879 42 5 1 38 24 192 100.00000 0
646 7099 10.29160 3.05641 1.36548 1.76591 33 0 1 27 9 203 100.00000 0
2550 5477 11.93388 3.13196 0.15687 1.88388 47 30 6 42 24 295 100.00000 0
4110 6516 11.60281 3.13436 1.14053 2.25967 81 0 0 71 52 351 100.00000 0
4337 5014 10.97741 0.01408 0.62551 0.78684 121 79 5 117 83 430 100.00000 0
2924 3139 11.39058 0.01408 0.35626 0.82709 127 85 21 119 86 543 100.00000 0
2417 5445 10.50813 2.96571 0.49438 1.81035 168 62 15 147 90 602 100.00000 0
5297 5390 10.24948 0.12549 0.56944 0.62683 67 21 16 65 41 457 100.00000 0
2887 5445 10.51161 2.96574 0.54231 1.89093 156 40 21 146 71 555 100.00000 0
3127 5434 11.02124 2.75080 0.66199 1.72056 136 13 9 129 93 491 100.00000 0
2608 3138 10.81564 0.01799 0.29938 1.03022 108 87 12 100 70 573 100.00000 0
2893 5444 11.06605 2.94908 0.40368 1.69420 101 43 16 84 49 495 100.00000 0
226 7349 11.76580 2.81838 0.26066 2.35052 35 11 7 29 14 483 100.00000 0
1844 5745 11.13482 3.11698 0.76498 0.57335 17 1 1 7 6 124 100.00000 0
4272 4397 10.77024 0.01125 0.65732 0.61166 106 22 13 99 66 382 100.00000 0
505 3526 11.46548 0.13809 0.77166 1.10003 15 8 3 15 12 47 100.00000 0
2538 5443 11.65748 2.93190 0.56326 1.59937 103 34 11 86 46 482 100.00000 0
81 138 10.75197 0.02425 0.84521 0.11869 129 10 0 112 87 522 100.00000 0
2775 3140 11.98752 0.01419 0.14660 0.81036 97 75 17 95 75 516 100.00000 0
283 7324 11.93102 3.10492 0.48882 0.80454 12 2 5 6 6 127 100.00000 0
2983 3137 10.28570 0.02001 0.33604 1.15250 154 139 10 150 110 584 100.00000 0
2912 5445 10.51161 2.96574 0.44601 1.80190 168 71 21 134 90 539 100.00000 0
2585 5475 10.45907 3.13408 0.47639 1.64497 28 8 4 14 10 343 100.00000 0
4771 5014 10.97741 0.01408 0.50754 0.87223 126 85 9 122 88 464 100.00000 0
2753 3140 11.98752 0.01419 0.23392 0.81132 96 80 9 85 63 472 100.00000 0
3069 3139 11.39058 0.01408 0.40166 0.80697 123 81 11 114 82 568 100.00000 0
3795 6891 10.39161 3.13936 1.51186 3.34972 13 0 0 1 4 130 100.00000 0
2606 3138 10.81564 0.01799 0.29461 1.03249 115 95 8 110 77 527 100.00000 0
2205 2296 10.08808 0.02070 0.55328 0.65611 52 15 13 44 25 359 100.00000 0
2518 5476 11.20983 3.13290 0.44770 2.09219 37 17 5 30 19 281 100.00000 0
2838 3139 11.39058 0.01408 0.39641 0.80600 122 86 15 118 87 529 100.00000 0
469 7197 11.37693 3.01921 1.33795 0.48133 49 0 0 33 20 172 100.00000 0
1549 6089 11.86966 2.65604 1.28237 1.49593 72 3 5 57 27 391 100.00000 0
2413 3139 11.38663 0.01475 0.35088 0.87760 105 74 6 103 76 487 100.00000 0
2995 5443 11.66109 2.93193 0.59956 1.63327 100 24 8 77 50 484 100.00000 0
4314 5016 11.97357 0.01623 0.61646 0.91000 102 71 17 98 51 422 100.00000 0
2320 5475 10.45907 3.13408 0.52703 2.23283 23 5 0 16 13 250 100.00000 0
1764 5841 11.13486 2.96792 1.47160 1.28176 60 2 2 50 24 432 100.00000 0
1796 5848 10.09604 2.89143 0.98738 1.13849 118 44 45 103 48 489 100.00000 0
4273 4945 10.25074 0.00397 0.66125 0.19584 87 21 9 85 58 347 100.00000 0
1301 6427 10.28609 3.13133 1.31151 2.40012 42 0 2 32 17 211 100.00000 0
1574 6132 11.51661 3.10593 0.16129 1.23923 37 14 15 32 20 189 100.00000 0
1227 6504 11.53815 3.13066 1.49006 2.91793 26 0 0 22 14 193 100.00000 0
2581 3140 11.98752 0.01419 0.19266 0.81036 94 66 23 94 67 509 100.00000 0
540 7160 10.24544 2.98576 1.13262 2.49387 26 0 0 20 7 113 100.00000 0
1411 6304 11.56737 3.12720 1.36311 0.84163 39 0 0 34 20 209 100.00000 0
501 3498 11.11976 0.08551 0.36602 0.55813 116 83 8 107 93 330 100.00000 0
620 3581 11.28906 0.07274 0.44039 0.62994 86 59 5 86 68 330 100.00000 0
5209 5283 11.48280 0.01318 0.66903 0.78783 66 21 1 64 39 466 100.00000 0
784 6987 11.25326 3.11819 0.80268 2.01363 67 4 7 49 34 278 100.00000 0
4125 6520 10.30305 3.13556 0.89626 2.40387 67 2 3 59 36 347 100.00000 0
2358 5475 10.45907 3.13408 0.39889 1.64782 32 11 7 23 13 308 100.00000 0
3744 6935 11.81514 3.09863 0.91424 2.50983 39 1 4 31 20 193 100.00000 0
874 3798 11.74607 0.00900 0.35057 0.21670 55 34 7 41 35 232 100.00000 0
1940 5712 11.26322 2.93346 0.19313 1.73257 48 7 3 38 24 512 100.00000 0
2203 2398 11.05882 0.02282 0.53169 0.38765 52 25 16 47 37 386 100.00000 0
3911 6769 10.46197 3.00565 0.67116 2.22844 60 2 3 52 19 272 100.00000 0
4038 6590 10.08498 3.08922 1.31980 2.47607 97 4 0 86 39 537 100.00000 0
276 7299 11.83290 3.02287 0.69720 2.87807 33 5 2 24 14 226 100.00000 0
1815 5772 10.03213 2.50966 0.57913 1.31224 97 4 4 91 37 471 100.00000 0
4270 4413 11.99992 0.00666 0.53400 0.31652 84 44 12 78 62 330 100.00000 0
1862 5730 10.24143 3.10016 1.16563 1.26176 51 2 3 34 31 314 100.00000 0
4867 5014 10.97741 0.01408 0.60138 0.88823 136 96 8 129 95 508 100.00000 0
2296 5477 11.93388 3.13196 0.40864 1.87012 47 21 8 37 24 293 100.00000 0
906 3806 10.50705 0.01391 0.37222 0.60652 126 68 33 124 97 449 100.00000 0
1948 5705 10.09054 2.99415 0.55231 0.80454 91 29 6 91 53 541 100.00000 0
4460 5013 10.22837 0.01310 0.39171 0.80600 110 89 12 108 87 429 100.00000 0
4144 6485 11.09883 3.11521 0.93308 2.65771 21 1 1 16 8 158 100.00000 0
2996 3137 10.28570 0.02001 0.29077 1.15454 141 123 8 129 88 522 100.00000 0
3097 5477 11.92781 3.13194 0.19743 1.99410 41 23 6 28 20 334 100.00000 0
225 7378 11.46465 2.84751 1.15195 1.98505 71 17 20 71 29 417 100.00000 0
203 7373 11.71085 2.95922 0.18193 0.71327 76 37 20 63 37 574 100.00000 0
59 142 11.75631 0.02808 1.30896 0.25944 81 0 0 66 48 444 100.00000 0
2404 3140 11.98752 0.01419 0.50134 0.81181 88 49 31 82 50 482 100.00000 0
731 3650 11.19763 0.10998 0.50397 0.70499 78 40 3 76 57 287 100.00000 0
1525 6197 11.76704 3.04467 0.78002 3.11093 8 1 0 2 4 97 100.00000 0
1255 4142 10.98816 0.03537 0.20737 1.19157 53 31 17 49 37 184 100.00000 0
880 6896 11.54188 3.13452 1.52736 2.64249 39 0 0 36 10 152 100.00000 0
4270 4856 11.99992 0.00666 0.54242 0.32506 84 37 18 78 63 325 100.00000 0
203 7375 11.46351 2.96016 0.79951 0.55953 128 52 60 122 58 627 100.00000 0
3622 7063 10.09100 3.03184 1.18287 1.89155 21 1 1 15 9 144 100.00000 0
2202 2529 11.49669 0.02420 0.54583 0.43611 50 17 12 46 28 378 100.00000 0
3128 5468 11.34349 3.13102 0.50621 2.25168 61 38 6 59 38 328 100.00000 0
4893 5016 11.97652 0.01461 0.60409 0.83275 83 55 14 75 48 381 100.00000 0
4271 4720 11.27196 0.01407 0.56856 0.86139 87 24 8 81 66 351 100.00000 0
863 3787 10.49507 0.01264 0.26853 1.16735 71 40 15 64 50 263 100.00000 0
2888 3137 10.28570 0.02001 0.33818 1.14466 157 133 15 151 106 580 100.00000 0
