2000 3419 11.77103 2.29658 0.71972 2.59284 56 6 1 54 18
939 4195 10.75276 0.55559 1.59538 4.52541 57 0 9 55 23
1981 4568 11.29674 0.04255 0.83390 2.37504 119 1 2 117 52
1795 4404 10.92120 0.64557 0.72053 2.14320 27 0 0 27 7
3424 4572 11.36026 1.65936 0.72772 2.14557 296 0 0 294 208
941 4221 11.09795 0.03076 0.39395 2.09835 226 0 0 224 168
3313 4624 11.54661 1.93089 0.77737 6.35422 58 0 0 56 37
3398 4574 11.66679 2.98580 0.42073 0.41022 171 0 2 159 115
1944 4535 10.67241 0.06258 1.93148 1.56373 194 0 0 157 104
2013 3414 11.94384 2.91902 0.65249 2.31528 93 6 7 87 40
1004 4265 11.18746 0.01602 0.37216 0.90828 225 6 14 183 96
3411 4586 11.09934 2.30212 0.45044 3.09111 159 1 4 155 124
3360 4601 10.07671 3.12944 0.27643 3.16112 53 4 2 47 33
3316 4625 10.05877 1.99911 0.41361 6.35336 93 0 0 86 74
2015 4579 11.80682 1.34021 0.67741 4.25137 18 0 0 14 6
1003 4248 10.56080 0.02116 0.55202 1.01220 95 0 0 78 42
1036 4277 11.74153 0.79050 0.21512 1.23891 153 4 2 148 88
1025 4274 11.85598 0.18143 0.19939 1.31849 209 5 13 183 149
3420 4569 11.16863 1.78615 0.63868 0.88691 150 0 0 146 100
3369 4594 10.53298 3.11977 0.26258 3.71257 141 9 6 135 66
1011 4252 10.43428 0.02551 0.05613 1.09432 160 12 28 142 107
993 4259 11.01126 0.01514 0.28416 0.89569 244 6 32 244 194
2004 4562 10.60807 0.72206 0.65360 0.70443 156 0 1 154 103
1834 4412 11.87768 0.00420 8.51112 0.13706 23 0 0 23 15
1875 4467 10.31848 0.02322 0.62367 0.84534 92 1 1 89 35
3313 4629 11.68643 1.86852 31.17136 107.05813 4 0 0 4 2
1034 4260 10.88328 0.64929 0.27362 1.26052 430 106 26 424 332
3335 4630 11.35303 2.62880 0.29653 2.47322 94 17 11 89 69
926 4210 10.75146 0.07148 0.53820 2.15195 224 1 1 219 160
1910 4502 11.95305 0.07152 1.09488 1.37771 63 0 0 59 33
1813 4413 10.62826 0.04454 1.15229 1.83675 42 0 0 35 27
980 4250 10.90960 0.01631 0.29003 0.71764 95 2 10 89 52
909 4184 10.79670 1.93821 0.41145 2.80603 66 2 6 62 36
1976 4547 11.30759 0.01199 1.51397 0.90914 44 0 1 25 19
915 4178 11.78967 1.91361 0.22134 4.48349 39 0 8 35 19
953 4211 10.15524 0.05537 0.54331 3.00022 159 2 5 140 78
1840 4418 10.72135 0.02521 0.77578 1.45374 42 0 0 19 15
3341 4612 10.69718 3.02119 0.32700 2.50499 85 4 4 73 45
2006 3408 10.52550 2.96467 0.33832 2.41978 111 7 4 105 56
923 4179 11.02409 1.52544 0.31505 4.00164 154 3 16 154 102
928 4183 10.43089 1.23718 0.20177 3.49838 175 0 7 171 97
1924 4499 11.64191 0.07469 1.41709 0.98715 79 0 0 77 43
3403 4589 10.95719 2.79297 0.33744 3.14199 64 0 5 38 25
2012 3405 11.38195 2.42277 0.33692 2.02429 163 22 19 154 63
990 4240 11.05713 0.01777 0.16062 1.05684 91 6 16 89 51
914 4181 10.27047 1.83737 0.22621 3.35135 78 0 9 69 26
909 4198 11.32270 1.16772 0.28229 2.46720 155 23 22 152 116
1773 4395 10.52059 1.63534 0.81153 2.93612 41 0 0 32 13
909 4185 10.34135 1.88849 0.33086 2.92958 67 2 6 51 30
904 4191 11.88056 1.79913 0.20561 2.61599 109 7 7 105 72
1003 4247 11.85033 0.01925 16.62133 1.12605 58 0 1 27 11
945 4202 10.75995 0.16724 1.01158 3.27907 144 2 12 142 74
993 4242 11.04556 0.01593 0.14029 0.95573 47 0 6 44 25
3375 4605 10.08040 3.11669 0.26712 2.49120 46 5 1 41 22
1917 4492 11.66333 0.08720 7.71716 4.99850 47 0 0 28 26
1920 4496 10.29123 0.07388 1.21769 1.04904 207 0 0 205 124
1953 4527 11.82973 0.05470 2.02929 0.40830 93 0 0 88 50
2020 4573 11.91393 1.54531 0.54361 5.05896 24 0 1 19 13
1034 4276 10.97397 0.66361 0.23886 1.27840 275 14 8 266 152
1999 3415 11.39773 2.44775 0.52402 2.64782 62 1 2 60 23
1775 4398 11.22049 1.59651 3.77185 5.13614 14 0 0 4 2
1995 4576 11.99923 0.21194 0.73440 2.93465 112 1 0 104 67
3326 4631 10.67376 2.23366 13.93315 50.15229 7 0 0 2 2
1003 4265 11.85233 0.01634 0.29109 0.93083 288 56 47 281 206
956 4213 10.99299 0.04848 0.60084 2.44777 109 5 4 100 60
2011 3406 10.85734 2.54035 0.47781 2.21859 143 11 6 134 52
1787 4387 11.94287 1.16181 0.36185 1.74114 90 2 1 86 64
1846 4423 11.27993 0.01279 0.43399 0.74019 80 0 0 54 42
1971 4543 11.59748 0.02409 1.19049 1.03929 61 0 0 53 41
3387 4597 10.54897 3.09658 2.63869 3.22404 22 0 0 14 9
1799 4406 11.22994 0.40873 0.28959 1.60181 62 0 2 48 25
1934 4525 10.74210 0.08102 1.74371 1.17836 121 0 0 112 93
1879 4455 11.93614 0.01705 1.19906 1.12501 67 0 0 63 31
1776 4397 10.39107 1.58363 1.36708 3.24992 13 1 0 10 2
1775 4391 10.73241 1.61475 0.20740 2.25446 48 0 4 44 28
1921 4512 10.95557 0.07440 11.68559 6.08502 63 0 0 51 35
1016 4254 10.51339 0.01777 0.09536 0.81757 193 60 32 191 140
3337 4614 10.61003 2.89118 0.43085 2.15921 77 3 5 72 44
948 4226 11.02207 0.02363 0.10663 1.28329 223 15 34 217 158
931 4185 10.91660 1.12040 0.48675 3.44912 183 0 4 171 103
925 4209 10.48984 0.09126 0.48561 1.80840 174 1 0 170 107
1024 4257 10.44843 0.13301 0.20086 1.65611 301 35 33 297 240
1048 4275 11.27001 1.44258 0.32540 0.91600 228 19 25 218 152
3335 4629 10.09324 2.64073 0.14000 2.59133 122 17 24 120 96
1996 4559 10.09778 0.26574 0.79176 1.33559 259 0 0 244 193
3320 4631 11.24219 2.03471 1.59429 8.99438 20 1 0 18 11
1847 4441 11.55264 0.03036 13.50659 1.74809 20 0 0 13 12
1855 4432 10.69944 0.01525 1.00932 0.75017 21 1 1 10 5
932 4187 10.41657 1.02100 0.21702 4.00585 144 0 0 138 95
935 4217 11.30734 0.02482 0.44742 1.82949 207 1 0 201 149
1988 4554 11.73670 0.04640 0.84996 2.02507 85 0 0 76 50
1966 4539 11.40828 0.03065 1.81893 1.18696 51 0 0 33 26
3313 4625 11.22320 1.91811 0.57337 6.48289 33 0 0 25 15
3337 4613 11.86500 2.89679 0.70718 2.23686 46 0 0 36 30
1973 4545 11.03296 0.01471 2.65254 1.37145 38 0 0 16 16
1930 4505 11.57754 0.07154 1.76275 0.65492 27 0 0 25 11
927 4211 11.01240 0.05930 0.59268 2.48365 231 0 0 231 166
918 4205 11.43448 0.41236 0.18318 2.55021 191 4 34 185 144
913 4180 11.16035 1.93124 0.47759 3.36558 76 9 5 73 39
3350 4607 10.75398 3.13012 0.42792 3.02893 142 7 6 130 62
1837 4431 10.31661 0.01613 0.24519 0.88027 85 1 9 77 61
1962 4536 10.60356 0.03098 1.63844 0.96510 92 0 0 77 49
1007 4249 11.88875 0.02524 0.23878 1.10641 128 0 9 124 102
1972 4562 11.86741 0.00792 0.88387 0.42428 77 0 1 67 43
2018 4574 10.62174 1.46662 0.74718 4.31057 68 0 0 66 26
2013 4578 10.18013 1.25027 1.15459 3.48313 66 1 0 49 41
2007 3416 10.76830 2.89315 0.90033 2.28756 69 1 6 65 23
3350 4623 11.07258 3.00671 0.23730 2.65668 48 3 8 44 28
1975 4563 10.21330 0.00829 0.88700 0.49811 129 0 2 109 44
2006 3405 11.65777 2.78985 0.92378 1.79428 139 3 3 133 54
3408 4570 10.87426 2.47119 0.80789 0.77177 99 2 2 93 52
1932 4508 10.13007 0.06367 1.87267 0.47147 62 0 0 53 37
3320 4620 11.54667 2.16904 0.64692 4.98311 18 0 0 18 11
944 4200 11.37483 0.26690 1.12915 3.60565 123 0 17 111 72
1828 4408 10.70368 0.02528 0.46461 1.47698 57 3 2 53 31
1880 4457 10.42538 0.01939 1.01045 1.22173 84 0 0 78 37
3331 4631 11.33074 2.44948 0.21879 2.14776 32 3 5 30 20
2019 4574 11.28046 1.50488 0.67863 4.66321 46 0 0 42 21
2014 4578 10.50472 1.29741 0.91856 4.10694 54 0 0 47 33
3315 4624 10.75753 1.98481 0.58362 7.38820 47 0 0 38 30
1846 4439 10.12485 0.02364 0.73204 1.35104 25 0 0 19 13
1805 4392 11.92984 0.21849 0.14046 0.65072 82 6 15 77 43
1972 4561 10.60044 0.00623 0.90344 0.33102 94 0 0 77 53
967 4240 10.72533 0.01756 0.11474 0.89613 169 15 38 156 117
3342 4611 11.31307 3.04279 0.71110 2.71584 60 0 0 47 31
913 4202 11.93999 0.76753 0.38861 2.79568 170 32 17 163 117
938 4193 11.22523 0.67019 0.63407 4.08217 56 1 5 51 16
2017 4571 10.04170 1.43489 0.66755 3.90023 67 0 0 60 30
3397 4591 10.03727 3.06997 0.73880 4.09424 39 0 0 31 14
3418 4569 10.56296 1.87584 0.76096 1.22045 158 0 0 153 81
1831 4410 11.25117 0.00843 1.06524 0.73913 57 0 0 51 44
994 4259 10.21233 0.01528 0.33331 0.88603 245 2 43 243 189
995 4243 11.35005 0.01201 7.96623 0.72308 64 0 0 57 37
3324 4620 10.04451 2.28863 0.19191 3.36406 31 4 5 27 19
1045 4277 11.81589 1.32315 0.50126 1.18927 166 7 14 150 106
3399 4574 11.01889 2.94948 0.43663 0.38765 155 3 11 141 77
1859 4452 10.91428 0.01579 0.62712 1.05869 106 3 0 55 59
3374 4607 11.67237 3.12439 0.79209 1.79013 22 0 0 18 8
3352 4622 11.27447 3.01766 0.45713 2.69733 75 9 3 66 55
2003 4561 11.35958 0.65753 0.86645 0.51129 99 0 1 93 64
910 4181 11.75361 2.03191 0.12723 2.70371 51 6 5 47 22
1048 4265 11.98599 1.42818 0.25237 0.84209 272 21 38 270 223
972 4226 11.61386 0.03017 0.48616 1.69142 90 2 2 84 56
3330 4631 11.14495 2.40421 1.18267 4.48070 26 2 1 21 19
905 4192 11.45899 1.70048 0.32797 2.62734 105 15 4 100 85
3408 4587 10.94561 2.48365 0.40485 3.30500 114 0 5 109 88
1884 4476 10.86859 0.03449 0.66566 0.84673 134 0 3 129 86
2002 3408 11.74755 3.06085 0.56317 2.63552 154 4 4 150 67
1038 4262 10.10514 0.90286 0.33456 1.34057 220 8 24 220 161
2009 3409 10.07049 2.84227 0.58970 2.61988 60 1 0 46 26
971 4244 11.93306 0.02119 0.15140 0.88382 89 3 13 89 44
1050 4273 11.32841 1.49845 0.21655 0.45885 214 12 25 196 152
1960 4551 11.58699 0.02696 1.77089 0.81517 66 0 0 55 26
996 4261 11.33696 0.01223 0.33112 0.71107 213 43 17 213 162
1821 4418 10.12617 0.03128 0.58450 1.78553 34 0 1 29 11
1808 4394 11.40235 0.15463 0.19429 0.80357 63 0 7 56 27
908 4184 11.30926 1.98541 0.72357 2.97375 27 0 3 27 10
1025 4257 10.93063 0.17115 0.12225 1.79580 314 43 69 305 265
1865 4442 10.81550 0.01758 0.89107 0.66146 87 0 0 78 59
1856 4433 10.68525 0.01605 0.59945 0.50822 27 0 1 18 13
3358 4601 11.83048 3.12923 7.80027 179.25009 105 10 3 105 86
1988 4572 11.24726 0.06362 0.76410 3.37046 164 0 0 157 99
962 4236 10.44283 0.01649 0.20011 1.04305 263 28 52 256 201
972 4244 10.96688 0.02179 0.15345 0.98318 162 1 29 160 111
1864 4457 11.20748 0.01387 1.15207 0.94419 77 0 0 57 49
1876 4468 10.39770 0.02699 0.55874 1.11908 45 1 0 39 23
910 4199 11.41509 1.06317 0.32302 2.45575 134 19 14 128 95
1798 4406 11.85898 0.46166 0.68673 1.99371 64 3 1 60 21
1787 4388 10.85736 1.16898 0.78438 1.70019 69 0 0 52 32
1955 4530 10.25962 0.03967 2.06860 0.34035 93 0 0 91 48
1038 4261 11.36001 0.90229 0.41668 1.09361 251 11 23 246 183
1987 4554 11.06692 0.03716 0.90676 1.96423 69 0 0 51 36
2012 4566 10.21233 1.21747 0.66274 1.56623 181 0 0 179 127
3418 4568 11.61788 1.87514 0.77212 1.36773 125 0 2 119 73
1902 4478 10.28896 0.01911 1.27141 0.73542 91 0 0 59 54
1871 4463 10.08523 0.01647 0.57112 0.88647 116 3 3 113 85
988 4239 10.56721 0.01697 0.13459 1.00949 135 7 15 133 85
2008 3409 10.09309 2.90685 0.47231 2.70993 71 1 6 66 25
991 4241 10.65182 0.01536 0.15119 0.93461 92 13 13 90 47
1792 4388 11.09643 0.87569 0.50016 1.38875 48 1 2 44 28
907 4197 11.84313 1.31813 0.30589 2.55528 132 13 13 126 106
2018 4577 11.79739 1.46103 0.29536 4.87186 50 1 6 46 20
1845 4423 10.03944 0.01190 0.41364 0.66910 80 0 3 70 47
1833 4428 10.89598 0.00736 0.49496 0.19584 181 2 5 167 121
915 4203 11.55690 0.62720 0.28102 2.89692 277 21 69 272 219
1861 4438 10.71111 0.01766 12.95633 0.43521 30 0 0 10 16
1915 4491 10.29585 0.08084 5.86955 1.47060 36 0 0 34 21
1800 4406 10.64921 0.35751 0.24402 1.52777 75 1 1 68 42
3359 4617 10.55261 3.08446 0.26362 2.43124 51 0 1 43 24
3419 4582 10.61624 1.85010 0.42855 3.86533 146 0 2 140 99
1032 4276 11.68811 0.54189 0.52266 1.22237 175 3 7 146 73
1818 4400 11.67105 0.03280 0.40566 1.69165 122 4 12 113 61
951 4209 10.20779 0.05337 0.86854 2.90380 198 1 28 195 103
1050 4268 11.40344 1.48604 0.15034 0.96550 263 16 31 261 210
3336 4614 11.18141 2.85533 0.22670 2.20815 73 6 7 69 35
1964 4555 11.83696 0.02242 1.28141 1.24049 79 0 0 68 51
989 4240 10.18471 0.01666 0.29055 1.01182 89 12 9 89 48
933 4186 11.61900 1.06941 0.08552 3.85194 174 0 0 171 102
3318 4631 11.65608 1.98073 0.98736 5.60822 14 1 1 8 8
2015 4566 11.82640 1.35950 1.24507 2.86758 175 0 0 175 104
