92 159 10.90026 0.22630 5.67070 12.96609 24 0 0 21 14 406 100.00000 0
3712 4655 11.93130 0.31879 10.98323 18.26532 10 0 0 5 3 211 100.00000 0
2004 5259 11.67707 2.98746 2.01134 1.67491 28 0 0 21 16 390 100.00000 0
1661 3312 11.31256 0.10250 12.88093 5.87310 77 0 0 66 44 740 100.00000 0
2261 4049 11.76058 3.13964 7.10238 1.76591 40 0 0 38 23 352 100.00000 0
582 2262 11.35520 0.02476 13.86209 1.41803 45 2 1 34 31 497 100.00000 0
976 2666 10.07307 0.03653 10.80256 2.09518 21 0 0 10 7 504 100.00000 0
356 2078 11.90709 0.05991 10.27321 3.43388 34 0 1 26 14 412 100.00000 0
2572 4686 10.71264 3.08337 12.19966 176.66375 13 0 0 8 5 349 100.00000 0
97 5378 11.99398 3.12519 6.54851 6.93890 14 0 0 14 5 138 100.00000 0
650 3998 11.78803 2.91330 15.25040 166.91964 23 0 0 14 9 380 100.00000 0
2250 4062 11.78848 3.13045 15.91000 179.36142 9 0 0 4 5 229 100.00000 0
429 5150 10.65522 3.00195 12.75451 171.99869 13 0 0 6 6 259 100.00000 0
1453 3101 10.51488 0.01896 6.68799 4.13650 34 0 0 20 17 547 100.00000 0
674 3972 10.94729 2.84530 14.89351 176.05305 8 0 0 4 4 111 100.00000 0
617 2316 10.64289 0.00780 8.33349 0.44323 42 0 0 24 9 820 100.00000 0
942 4632 11.85576 2.23617 12.55525 114.08546 5 0 0 0 2 243 100.00000 0
1553 3201 11.06317 0.02811 9.25176 3.47638 38 0 0 34 31 526 100.00000 0
566 5013 10.95632 3.09711 6.94958 177.45025 22 0 1 22 16 260 100.00000 0
639 2343 11.23128 0.59822 11.72957 34.27524 22 0 0 6 8 356 100.00000 0
2277 4031 11.83600 3.13328 2.06484 2.11600 29 0 0 19 10 361 100.00000 0
8 159 10.90026 0.22630 6.99700 12.96609 16 0 0 13 11 227 100.00000 0
3705 4674 11.76040 0.23167 18.36836 12.87291 7 0 0 5 3 235 100.00000 0
1 161 11.92404 0.22584 12.16120 12.93927 20 0 0 10 6 383 100.00000 0
796 4809 11.59035 3.10642 12.57005 177.98346 26 0 0 13 15 604 100.00000 0
700 3945 11.49248 3.11606 6.61309 4.24824 14 0 0 6 5 340 100.00000 0
2347 4944 11.84810 2.67898 3.69436 8.43415 11 0 0 6 5 179 100.00000 0
887 3752 10.21932 3.08382 16.54951 14.90460 19 0 0 6 10 436 100.00000 0
2572 4687 11.84642 3.08366 12.86690 22.29704 8 0 0 4 3 354 100.00000 0
618 2292 11.68035 0.01462 10.60931 0.76872 49 0 0 41 31 824 100.00000 0
409 2105 11.49739 0.10281 14.73024 5.89036 31 0 0 12 12 444 100.00000 0
1439 3119 11.31318 0.05056 8.30640 1.59299 53 0 0 27 27 686 100.00000 0
