98 3788 11.81900 0.03819 0.55820 0.30261 59 14 1 54 41
2678 5405 10.70459 0.01157 0.49407 0.62558 74 53 16 70 51
352 4110 10.52336 0.01361 0.35692 0.51964 56 34 8 54 38
459 3982 10.49489 0.01009 0.52983 0.54249 93 59 7 89 65
346 709 11.50833 0.00719 1.00368 0.45542 43 10 8 37 22
7046 7203 11.24229 0.02743 0.51884 0.31898 19 8 5 15 9
3265 6154 10.01053 0.00986 0.61017 0.66617 120 78 17 108 92
3679 7107 10.26745 0.11951 0.51923 1.13884 19 2 2 9 7
555 976 11.26895 0.00154 0.39138 nan 90 54 11 84 59
531 976 11.26895 0.00154 0.49076 0.15826 79 35 3 79 67
420 975 10.76826 0.00183 0.62057 0.11869 89 30 3 85 61
7754 7810 11.31788 0.72617 0.96112 2.20194 94 17 10 92 38
3018 5736 10.49427 0.04344 0.44926 0.37949 98 59 13 96 71
2471 5270 11.33786 0.30847 0.48740 1.96304 42 26 11 37 15
1358 4519 11.79033 0.00498 0.25075 0.36154 69 40 22 65 34
614 975 10.76826 0.00183 0.59806 0.13417 99 32 5 93 79
734 4172 10.02836 0.01118 0.66232 0.39958 104 26 3 100 69
3660 6675 11.15628 0.00375 0.63343 0.33455 16 0 4 16 11
758 4172 10.03026 0.01108 0.57929 0.58013 95 41 6 91 63
6806 7202 10.99288 0.02735 0.79321 0.29342 17 3 1 15 8
1949 5079 10.80691 0.00882 4.02790 0.49811 5 0 0 5 2
2424 5270 11.33786 0.30847 0.31090 2.10208 26 9 5 21 12
3645 6593 11.70663 0.00345 16.43254 9.84678 8 0 0 8 5
497 976 11.26895 0.00154 0.46844 0.25641 88 45 8 88 66
6603 6850 11.74586 0.00594 0.66969 0.36154 33 6 2 31 23
2843 5563 11.77477 0.05659 0.69221 0.75641 114 70 16 109 69
3559 6480 11.23116 0.01288 0.31125 0.21489 32 26 2 25 21
6614 7182 10.97805 0.01904 0.88114 2.49607 12 2 1 12 9
458 4171 10.79933 0.01107 0.47439 0.37325 120 62 4 118 90
3389 6303 10.30408 0.05438 0.51422 1.51569 30 10 6 28 11
345 476 11.74965 0.00708 0.79982 0.48698 60 11 14 52 42
1211 4394 11.01681 0.01370 0.42753 0.61421 39 25 5 35 26
1591 4756 11.77052 0.01505 0.34953 0.52414 50 32 10 42 30
1033 4214 11.50809 0.00802 0.46077 0.43879 85 62 12 81 67
2751 5491 11.95889 0.01155 0.72087 0.58950 84 33 15 76 50
2429 5323 11.68318 0.82280 2.26766 2.69384 64 26 11 62 35
898 980 11.77208 0.00498 0.40358 0.34943 96 55 17 94 69
1497 4649 10.80174 0.00434 0.48408 0.29074 50 27 6 50 42
2287 5313 11.57005 0.70560 1.80118 1.79144 57 30 13 53 41
2172 2321 11.33265 0.27787 1.83073 1.98722 40 29 5 40 24
3246 6020 10.39814 0.01340 0.72965 0.43341 60 11 3 53 42
3053 5787 10.69800 0.01198 0.41620 0.71982 78 51 17 76 57
2472 2581 11.22698 0.77641 2.21697 2.69835 51 15 5 41 32
1659 4807 10.85102 0.00775 0.36951 0.32865 22 11 3 13 11
2171 2470 11.86999 0.30255 1.20396 1.98544 17 7 0 13 8
392 974 10.01406 0.00381 0.34174 0.23070 111 83 11 108 84
3535 6455 10.86530 0.03133 13.44566 1.79231 6 0 0 4 2
3153 5872 11.09845 0.04461 0.44988 0.64710 28 14 4 19 17
345 660 11.74965 0.00708 0.73380 0.69942 58 8 5 50 37
7104 7204 11.73924 0.02765 0.67118 0.43701 15 6 4 10 7
3681 7171 10.72075 0.15561 0.18217 1.27472 17 6 4 10 10
2171 2366 11.86999 0.30255 0.98864 2.22879 20 5 8 15 8
3526 6446 10.51057 0.03046 4.17641 0.55036 7 0 0 1 2
2268 2564 11.48797 0.58047 0.72278 1.73031 64 31 10 58 44
2476 5321 10.45620 0.77092 2.27263 2.83393 103 47 17 95 76
2411 5323 11.68318 0.82280 2.51571 2.87113 87 37 22 82 64
1697 4865 10.52734 0.00414 0.34886 0.15323 74 45 14 74 51
2218 5305 10.48793 0.48154 0.45552 0.40542 56 27 15 46 32
2184 5300 10.80906 0.35654 0.95905 1.49253 41 26 3 30 25
3231 6009 10.25562 0.04391 0.91773 0.73489 49 3 0 43 26
733 979 11.51780 0.00406 0.74200 0.33102 83 14 6 75 58
2281 5312 11.91985 0.68669 1.13609 1.52982 44 20 7 40 28
165 3828 10.68290 0.01326 0.35315 0.75277 67 41 16 62 39
2420 5269 11.68981 0.30783 0.85232 1.83718 38 10 8 19 15
337 3957 10.51725 0.00644 0.43479 0.29208 97 62 6 88 75
6603 7152 11.74402 0.00648 0.69235 2.41606 17 11 1 15 13
1490 4643 10.03190 0.00777 0.42079 0.45970 105 71 19 100 77
1007 4188 10.27012 0.01706 0.38939 0.42244 166 120 18 158 140
1759 4933 10.45872 0.70154 0.61035 0.78833 18 5 6 6 7
6606 6919 10.49518 0.00708 0.75969 0.50745 28 5 2 25 22
6927 7202 10.99288 0.02735 1.12030 0.47724 17 2 2 13 6
791 979 11.51970 0.00400 0.69855 0.28255 86 18 2 82 60
3651 6604 10.22634 0.00689 2.30381 12.11160 9 0 0 4 3
2317 5270 10.63578 0.26030 0.55348 1.59765 27 14 5 22 15
2495 5320 10.24209 0.74014 2.55783 3.03809 75 18 9 67 41
632 3982 10.49489 0.01009 0.71113 0.50046 63 19 5 53 38
6603 6748 11.74586 0.00594 0.76274 0.45370 27 3 1 25 19
2228 2559 10.88836 0.49447 0.75693 0.85409 66 49 2 58 50
346 608 11.50244 0.00580 0.60696 0.35718 58 34 18 56 46
6606 6982 10.49518 0.00708 0.64713 0.41117 15 4 2 8 9
2862 5582 11.64744 0.02020 0.38001 0.13417 53 28 9 49 30
147 3815 11.45022 0.03145 0.36346 0.98516 37 16 2 31 19
1397 4571 11.51180 0.00561 0.50466 0.25641 109 69 13 107 86
1835 4974 10.05173 0.03954 0.45493 0.52638 81 54 15 66 54
2320 5321 10.76751 0.80012 2.47882 2.63091 74 30 35 72 39
404 977 11.52020 0.00049 0.39475 0.06256 80 51 11 80 56
481 3982 10.49489 0.01009 0.65718 0.61166 70 31 9 61 50
6668 7203 11.24229 0.02743 0.81347 0.38664 19 1 0 15 7
2622 5348 10.90531 0.02185 0.69836 1.45777 114 75 22 110 77
2719 5443 11.29588 0.01172 0.28144 0.50822 53 32 9 42 34
2488 5323 11.68318 0.82280 2.18528 2.68599 62 20 8 52 32
6604 6918 11.24828 0.00629 0.86934 0.51052 24 1 5 24 14
1658 4806 10.82079 0.00786 0.50197 0.36691 28 15 3 24 17
3985 4106 11.26913 0.01135 0.63297 0.58684 73 25 9 71 46
2565 5331 10.40103 0.58587 1.09234 1.59102 136 11 3 122 78
1915 5045 11.31781 0.00580 8.67071 0.34035 11 0 0 11 7
5975 6038 11.10028 0.00458 0.73118 0.87133 53 9 6 43 32
8038 8089 11.01070 0.43522 0.61698 3.10791 108 21 2 99 60
6606 6956 10.49518 0.00708 0.66301 0.40542 19 10 3 19 14
667 4173 11.79777 0.00987 0.47517 0.38155 100 40 8 98 69
346 654 11.50244 0.00580 0.62207 0.37325 60 23 12 50 41
148 3816 10.81143 0.02904 0.47822 0.67202 59 26 4 57 41
2171 2500 11.86999 0.30255 1.05869 2.29627 18 5 5 14 8
3694 7205 10.66241 0.46041 0.07653 0.51052 25 15 5 17 14
3660 6714 11.15628 0.00375 11.37083 0.22029 5 0 1 2 2
773 979 11.51970 0.00400 0.64511 0.40830 116 28 7 110 87
540 974 10.01791 0.00258 0.38082 0.17246 80 50 9 78 54
2455 5269 11.68981 0.30783 0.73252 1.91397 36 10 4 23 16
6786 7201 10.24214 0.02731 0.50221 0.46981 18 8 1 16 11
1864 4978 11.72648 0.00625 0.28794 0.32264 30 19 3 22 15
2178 2503 10.26950 0.29786 0.76675 1.81229 40 13 1 36 22
3679 6849 10.26745 0.11951 0.89472 1.21692 9 0 0 5 3
2052 5187 10.74936 0.02658 10.73906 2.57420 16 0 0 14 10
111 3795 10.50595 0.01434 0.90910 0.54032 54 0 0 54 31
1251 4418 10.26327 0.01129 0.20884 0.57743 46 39 5 44 36
460 4173 11.79777 0.00987 0.52311 0.44850 106 39 7 95 71
457 3980 11.49638 0.01155 0.73585 0.53302 57 14 15 53 38
2177 2412 10.26875 0.29874 1.56564 1.82735 28 4 4 17 13
777 3985 10.24876 0.00981 0.53744 0.59281 62 16 6 53 41
3680 6856 10.97298 0.13900 0.42095 1.21820 7 2 0 2 4
981 4142 11.02953 0.01426 0.16047 0.54536 84 72 5 82 64
239 3901 11.94909 0.07899 0.41931 0.48457 34 23 4 24 25
4116 4174 10.00670 0.00664 0.26573 0.22206 146 119 15 144 115
3094 5828 11.10592 0.02019 0.34637 0.59545 56 32 5 51 42
5977 6036 10.10704 0.00608 0.67917 0.66086 61 6 1 61 38
2172 2464 11.68279 0.30204 1.21253 1.90125 33 13 2 31 23
812 978 10.77040 0.00229 0.43497 0.19782 121 72 9 117 96
5990 6111 10.58967 0.01334 0.35080 0.77076 42 27 7 33 16
2511 2583 11.93117 0.82358 2.30167 2.66491 58 19 5 40 26
1067 4264 11.51297 0.00305 0.37088 0.17694 104 57 22 72 60
711 4170 10.03241 0.01130 0.45160 0.36797 110 64 11 106 86
6050 6125 10.89225 0.00919 0.34523 0.39958 71 32 9 61 45
1359 4520 11.54538 0.00724 0.44560 0.42058 49 23 9 45 35
6603 6675 11.74586 0.00594 0.81120 0.25023 25 2 2 25 16
4011 4171 11.77155 0.00644 0.56953 0.38155 84 48 7 80 56
350 917 10.50898 0.00703 0.64427 0.56786 84 28 9 78 58
848 3984 10.74879 0.01016 0.55788 0.61421 50 13 2 44 21
8045 8108 11.99700 1.25167 0.68257 2.86949 61 2 2 54 35
6604 6789 11.24828 0.00629 0.81120 0.42978 15 1 3 15 10
642 3979 11.99371 0.01255 0.76271 0.58684 55 15 12 47 35
2328 5272 10.63939 0.30767 1.18298 1.99056 25 16 3 20 13
1590 4754 10.06641 0.01400 0.77290 0.52638 56 10 1 49 38
464 4170 10.30159 0.01147 0.49945 0.51889 98 46 6 94 78
7149 7203 11.24229 0.02743 0.44563 0.30261 14 4 6 9 5
2312 5320 11.43827 0.82385 1.96587 2.24925 96 54 28 90 76
2176 2437 10.80393 0.29947 1.08441 1.73009 39 20 2 33 29
368 967 10.00277 0.01055 0.55544 0.63980 94 67 9 92 76
3246 6014 10.43816 0.01363 0.43952 0.25334 56 30 4 56 36
7112 7202 10.99288 0.02735 1.12149 0.27554 14 0 3 9 5
1553 4703 11.01707 0.02319 0.68580 0.23739 81 18 2 77 56
2770 5509 11.06598 0.01245 0.36428 0.49099 108 89 11 94 72
889 979 11.51970 0.00400 0.73769 0.48214 92 10 2 90 69
2335 2582 11.44621 0.80088 2.10872 2.62376 83 53 12 71 62
2815 5536 11.68125 0.04535 0.17702 0.43879 51 23 11 44 27
417 4172 11.29839 0.01034 0.54884 0.37742 76 25 4 74 57
2359 5321 10.45620 0.77092 2.21502 2.84317 96 52 19 84 64
925 976 10.00929 0.00120 0.68139 0.35054 129 52 6 123 108
2337 5323 11.68318 0.82280 2.27376 2.68278 66 28 14 51 40
1942 5057 10.01155 0.01166 6.18916 0.67027 10 0 0 3 2
6607 6923 10.24121 0.00750 0.50893 0.39167 46 31 6 44 35
6605 7012 10.99721 0.00661 0.68609 0.90352 20 5 3 13 10
2535 5271 11.68632 0.33918 1.55827 2.62316 30 14 8 24 21
6731 7202 10.99288 0.02735 0.78407 0.34605 22 4 1 19 13
1927 5040 11.80408 0.00990 13.01731 2.22950 7 0 0 3 3
2175 2384 10.80392 0.29987 1.13706 1.94320 39 23 3 37 24
3660 6661 11.15628 0.00375 6.48895 0.22029 8 0 0 6 5
2178 2468 10.26950 0.29786 1.48926 1.76901 35 8 6 31 15
6609 7175 11.22994 0.01664 1.89797 0.82756 23 7 8 21 5
3540 6440 11.85126 0.04017 0.64754 0.82567 8 3 0 8 6
2267 2565 11.79055 0.60432 1.47543 1.66107 55 18 1 43 37
364 4161 10.26025 0.01913 0.39654 0.78534 89 73 6 89 55
2173 2440 11.32990 0.30114 1.56174 1.80970 32 5 2 22 16
348 618 10.25119 0.00537 0.71700 0.36262 85 38 18 79 62
829 976 10.00929 0.00120 0.57869 0.07913 111 33 10 107 78
2156 2283 11.71973 0.09620 0.18950 0.49732 24 12 8 22 18
2521 5270 11.33786 0.30847 0.58702 1.96144 36 16 13 33 13
6613 7181 10.97893 0.01845 0.92903 1.28573 17 4 7 14 8
3477 6402 11.29745 0.04273 10.10221 0.96793 11 0 0 4 6
983 4146 11.78416 0.01610 0.25624 0.69661 85 61 8 81 60
6605 6975 10.99721 0.00661 0.79750 0.30901 17 7 4 14 10
825 4173 10.53017 0.01052 0.51876 0.41022 95 35 8 88 71
458 4173 11.79777 0.00987 0.57989 0.45024 85 29 8 81 57
1266 4445 10.02312 0.01663 0.45272 0.47888 60 38 9 58 47
4002 4166 11.51660 0.01168 0.64351 0.53449 67 37 17 58 33
3703 7225 11.08056 0.76917 0.73440 2.02565 47 6 0 39 27
2644 5371 11.79552 0.02474 0.33602 0.62994 76 49 13 70 47
1793 4951 11.30203 0.21655 9.63413 12.40750 30 3 1 15 8
350 897 10.50898 0.00703 0.56155 0.62807 81 26 7 77 53
654 4170 10.30159 0.01147 0.51310 0.37009 78 34 9 74 59
3680 6994 10.97298 0.13900 1.35070 2.01713 5 0 0 3 3
558 974 10.01791 0.00258 0.36022 0.06853 86 65 14 80 57
350 743 10.50898 0.00703 0.61590 0.50280 94 31 22 91 63
2422 5320 10.24209 0.74014 2.40928 3.10866 98 42 6 88 63
351 4093 11.02224 0.01386 0.67077 0.31775 67 30 19 63 45
2927 5646 10.06681 0.00285 0.31846 0.16786 22 12 8 20 12
761 4175 11.52745 0.00992 0.55674 0.47888 111 35 3 100 87
6075 6128 11.38936 0.00959 0.40083 0.14265 47 19 13 36 20
508 3982 10.49489 0.01009 0.60427 0.53741 70 35 7 64 46
484 4170 10.30159 0.01147 0.49173 0.35718 77 36 10 72 58
3660 7030 11.15628 0.00375 1.28256 2.84482 5 1 0 1 1
