488 3515 10.56562 0.10188 8.08596 5.65977 9 0 0 7 4 93 100.00000 0
439 7210 11.56698 3.10076 6.74171 1.90207 10 0 0 7 4 114 100.00000 0
7429 7507 11.25316 0.01296 19.92239 0.74230 12 0 0 4 6 145 100.00000 0
3084 5477 11.92975 3.13191 10.03248 179.44680 17 0 0 17 6 296 100.00000 0
1592 6076 10.40920 3.10919 45.19070 100.94285 6 0 0 3 3 199 100.00000 0
4133 6514 11.38160 nan 12.40570 179.95154 6 0 0 3 4 156 100.00000 0
1510 6184 11.88497 3.09254 13.09003 177.18819 7 1 0 1 3 173 100.00000 0
2205 2324 10.08808 0.02070 9.65490 1.18564 24 0 0 15 8 322 100.00000 0
578 7147 11.25232 3.00914 11.82468 66.14180 4 0 0 4 1 25 100.00000 0
2862 5475 10.45492 3.13401 6.77749 5.90166 20 0 0 17 10 360 100.00000 0
3167 5431 11.70679 2.71250 9.02684 155.41483 4 0 0 0 1 81 100.00000 0
1536 6135 11.88065 2.34077 7.41985 7.09445 8 0 0 2 2 180 100.00000 0
3727 6968 11.09867 3.00185 12.89301 171.99305 4 0 0 2 2 65 100.00000 0
512 7197 11.98086 3.08385 15.18751 155.69307 4 0 0 0 1 79 100.00000 0
2187 5501 10.39527 3.09895 3.42569 16.55107 8 1 0 2 2 136 100.00000 0
523 7191 11.64097 3.05963 4.50968 21.49868 5 0 0 1 2 100 100.00000 0
893 6882 11.14054 3.13706 10.14991 179.74207 5 0 0 2 2 109 100.00000 0
3052 5476 11.20570 3.13283 6.97762 179.50822 22 2 0 7 10 315 100.00000 0
2048 5614 10.43174 3.08955 10.25892 177.01784 6 0 0 2 2 164 100.00000 0
3774 6916 10.48370 3.11127 10.58460 178.26314 4 0 0 2 2 96 100.00000 0
3694 7003 11.88168 3.00898 7.96014 172.40209 5 0 0 5 2 92 100.00000 0
2411 5476 11.20983 3.13290 7.75973 1.75836 21 0 0 10 11 317 100.00000 0
2924 5477 11.92975 3.13191 8.12438 3.03396 17 0 0 9 7 315 100.00000 0
11 142 11.75631 0.02808 9.83348 0.24708 11 0 0 11 7 260 100.00000 0
3720 6970 10.88772 3.09206 13.53191 177.16220 4 0 0 0 2 99 100.00000 0
508 7199 11.71929 3.09812 27.69886 157.65265 5 0 0 2 2 69 100.00000 0
783 6988 11.37710 3.11473 5.40610 11.61313 4 0 0 1 2 73 100.00000 0
754 7018 11.36990 2.94189 10.00551 11.57629 7 0 0 4 4 110 100.00000 0
7428 7540 11.74909 0.01417 13.78988 0.81229 19 1 1 15 8 324 100.00000 0
724 7047 11.14035 3.02502 9.62663 10.95415 10 0 0 8 3 168 100.00000 0
202 7381 11.42491 2.96388 11.76311 0.88426 8 0 0 1 3 190 100.00000 0
1245 6486 11.55414 3.11703 7.76892 178.59556 5 0 0 3 2 119 100.00000 0
3715 6977 11.33154 3.12405 7.63322 5.90259 5 0 0 1 1 97 100.00000 0
541 3544 11.74476 0.15328 9.92704 12.57368 5 0 0 1 1 45 100.00000 0
2309 5476 11.20983 3.13290 10.53548 179.50822 19 1 2 6 9 314 100.00000 0
492 7185 10.84931 2.97515 18.42277 170.46350 5 0 0 1 2 93 100.00000 0
5210 5321 10.98272 0.01316 9.67340 0.75277 21 0 0 12 7 359 100.00000 0
4337 5014 10.97741 0.01408 5.45676 0.80794 4 0 0 0 1 84 100.00000 0
5297 5390 10.24948 0.12549 5.08775 7.19047 17 3 3 5 4 212 100.00000 0
4139 6509 11.78473 3.13977 8.62107 28.97903 4 0 0 1 1 134 100.00000 0
505 3526 11.46548 0.13809 28.15431 7.91130 10 0 0 4 4 67 100.00000 0
283 7324 11.93102 3.10492 9.04037 1.20333 11 0 0 8 7 150 100.00000 0
2585 5475 10.45907 3.13408 10.41341 179.56524 18 1 1 9 5 337 100.00000 0
3795 6891 10.39161 3.13936 32.38771 179.88131 3 0 0 0 0 48 100.00000 0
2518 5476 11.20983 3.13290 10.74214 179.50822 23 0 0 19 11 336 100.00000 0
469 7197 11.37693 3.01921 4.60089 25.99665 9 0 0 1 0 90 100.00000 0
1549 6089 11.86966 2.65604 2.05523 21.02692 6 0 0 1 1 151 100.00000 0
2679 5476 11.20983 3.13290 10.38745 179.50822 24 0 0 17 15 345 100.00000 0
540 7160 10.24544 2.98576 5.11494 171.07157 9 1 0 5 4 116 100.00000 0
1411 6304 11.56737 3.12720 4.88388 179.17149 10 0 0 0 2 216 100.00000 0
501 3498 11.11976 0.08551 9.61469 2.92248 10 0 0 10 7 160 100.00000 0
5209 5283 11.48280 0.01318 11.06691 0.75381 23 0 0 21 13 415 100.00000 0
4125 6520 10.30305 3.13556 8.53723 12.68822 10 0 0 4 5 250 100.00000 0
2960 5476 11.20570 3.13283 9.91957 179.50822 26 1 2 9 9 329 100.00000 0
874 3798 11.74607 0.00900 9.95308 0.53814 7 0 0 5 5 98 100.00000 0
1940 5712 11.26322 2.93346 1.45450 168.07509 19 1 0 4 7 536 100.00000 0
2296 5477 11.93388 3.13196 3.10681 4.44858 15 1 0 1 3 198 100.00000 0
906 3806 10.50705 0.01391 9.88296 0.79574 11 0 0 9 6 131 100.00000 0
4144 6485 11.09883 3.11521 3.08540 8.08838 8 0 0 4 2 161 100.00000 0
3097 5477 11.92781 3.13194 2.06797 179.44822 18 0 0 5 7 271 100.00000 0
203 7373 11.71085 2.95922 3.88431 12.15865 11 0 0 2 3 251 100.00000 0
59 142 11.75631 0.02808 9.98723 31.48873 13 0 1 4 0 289 100.00000 0
2404 3140 11.98752 0.01419 6.85277 0.81421 20 1 1 7 5 263 100.00000 0
731 3650 11.19763 0.10998 7.89182 0.91898 8 0 0 3 3 155 100.00000 0
1525 6197 11.76704 3.04467 16.16288 3.74742 6 0 0 2 3 145 100.00000 0
2897 5476 11.20570 3.13283 10.32614 179.50822 22 1 0 12 8 285 100.00000 0
880 6896 11.54188 3.13452 8.18645 179.59652 4 0 0 2 1 71 100.00000 0
