531 4105 8.04262 3.11849 1.51190 3.99508 19 1 0 16 11
705 2366 9.12077 0.21103 0.72685 0.62620 98 19 1 90 75
4131 5077 7.39388 0.01977 0.08946 1.14466 93 85 4 89 69
2416 3899 9.14160 3.13925 1.02341 1.93290 69 1 2 66 48
3984 4936 6.73912 0.35726 0.54126 0.87581 180 77 5 175 136
2525 3780 6.21339 3.13915 1.06203 2.08919 175 0 0 172 93
4020 4971 8.84331 0.01301 8.82712 0.72632 137 0 0 133 119
2235 4098 9.75843 3.11701 1.34819 3.61195 23 0 0 19 8
466 4165 9.46624 2.36367 0.85250 1.38423 88 1 5 84 41
1206 2865 9.82074 0.50372 0.48455 1.05721 77 25 11 77 50
433 5135 6.88033 3.00654 1.13033 0.51282 84 0 0 81 45
379 5183 6.92700 3.06371 0.69997 1.38988 68 18 4 58 44
2564 3732 6.40823 3.09009 0.99244 2.11600 191 18 0 186 127
918 3712 8.07609 3.07976 1.14994 1.11065 49 2 4 42 26
1664 3372 9.73886 0.43711 0.21527 1.37231 133 82 4 127 108
3847 4797 7.91527 0.04743 0.38708 0.62307 85 62 4 81 65
3626 4570 8.76544 0.02214 0.46603 1.29119 87 72 6 85 57
1031 2711 7.30271 0.00837 0.21374 0.66264 162 147 4 162 129
652 3983 6.66218 3.09825 1.06483 2.64471 99 8 1 92 41
2187 5091 9.74387 3.09460 0.89021 2.32507 34 5 2 32 19
1951 5319 9.39093 2.78336 0.99706 1.36344 38 1 0 32 16
800 2475 6.19115 0.02332 0.36616 0.23070 193 136 16 193 157
4150 5092 6.77347 0.19539 0.22708 0.89438 92 55 8 86 67
1382 3031 7.85868 0.34646 0.42546 0.77329 159 89 11 155 108
1596 3257 6.30158 0.01677 0.30027 0.36797 254 224 15 248 206
4039 4993 6.80130 0.00961 0.23564 0.47230 217 194 6 215 181
267 5295 9.41192 3.13692 1.24491 0.92281 15 0 1 12 8
2248 4083 9.47773 3.12729 1.48215 2.45479 20 0 0 15 10
688 4906 6.32440 2.88262 0.59111 0.61866 170 36 16 170 125
570 4065 7.46714 3.13040 0.91581 1.20658 32 0 0 30 17
233 5310 7.54464 2.99924 1.33732 1.09504 66 0 0 55 39
729 3895 8.94116 3.13308 1.32988 1.76547 176 0 0 165 103
1337 3007 6.34637 0.02016 0.36293 0.91000 136 98 12 136 95
3628 4590 6.42040 0.02675 0.40490 1.26733 81 38 10 70 54
49 153 7.85992 0.22412 5.84444 6.53183 34 0 0 25 22
720 3905 6.03561 3.14090 1.49338 2.37932 343 0 0 331 178
2316 4002 6.17847 3.13537 1.03380 1.64544 47 1 0 47 24
4084 5046 6.31861 0.04730 0.39843 0.45456 119 62 9 109 89
3593 4533 9.25024 0.13179 0.25807 1.20268 93 55 12 85 69
2563 3726 7.05826 3.12173 0.95679 2.61973 81 4 0 73 40
709 2375 6.29615 0.10746 0.41170 0.21670 147 99 2 141 110
5431 5524 8.59190 0.00826 0.39891 0.30519 94 61 7 88 68
2440 3862 8.48081 3.13471 1.40069 2.75165 151 1 0 145 71
555 4070 6.98192 3.13517 1.34229 1.92417 70 0 2 62 32
673 3965 8.38313 nan 0.56351 2.08356 92 29 6 88 44
653 3990 8.94292 2.90131 0.74276 3.43764 35 8 0 29 15
4081 5044 7.01237 0.04963 0.65821 0.47642 74 21 5 68 56
561 4064 6.85627 3.12556 1.52800 2.12449 84 0 0 72 62
1674 3384 8.63934 0.82423 0.23940 1.97754 133 37 8 124 104
628 4967 6.67360 3.13941 1.53562 2.22317 31 1 1 23 14
2285 4992 6.31943 3.13964 0.91109 1.98938 118 10 18 114 67
579 4042 9.71659 3.11872 1.12575 0.87402 137 0 0 133 37
1133 2825 7.56581 0.02121 0.19345 0.32264 57 50 4 55 47
2255 4072 7.36506 3.13442 1.48214 2.09947 46 0 1 40 18
2320 4949 8.62461 3.00687 0.95832 3.05454 82 7 8 74 38
264 1977 6.74254 0.09664 0.29881 0.45714 134 106 17 134 101
1314 2987 9.18982 0.01244 0.21282 0.33804 102 78 21 99 75
2178 4182 9.38715 2.03308 0.38768 1.90393 32 10 2 27 12
2329 4937 9.01976 2.78140 0.58694 1.91765 136 25 10 134 48
2280 4040 6.06406 3.13742 1.01560 1.51414 122 2 5 116 57
2532 3772 6.57473 3.12574 1.18979 1.44888 217 0 0 209 114
2365 4908 7.19837 2.96828 0.61558 1.17670 145 16 0 143 102
234 1949 8.39573 0.25743 0.31774 1.01991 132 79 17 126 101
744 2408 9.47347 0.00576 0.42014 0.42796 147 65 31 142 101
1380 3062 9.79323 0.52708 1.09161 1.36745 141 108 24 139 81
3801 4748 8.84800 0.03374 0.33780 0.56510 47 34 5 47 34
1505 3162 8.04626 0.02372 0.27846 0.41590 118 92 10 116 84
643 3993 6.65127 3.11227 1.22991 2.80993 71 0 3 67 23
2349 4905 9.40953 2.42213 1.03760 2.03105 70 0 0 66 52
922 4667 9.99087 3.11532 9.19735 178.49676 14 1 1 4 6
4022 4993 9.43147 0.00895 0.79470 0.25023 71 9 0 69 44
3998 4950 7.44324 0.12487 0.38047 1.00093 95 60 3 92 71
675 4919 7.56341 2.96867 0.54188 1.26486 90 28 5 82 54
2357 4895 9.48634 2.60730 1.07420 0.72362 151 1 0 147 91
487 4141 7.32906 3.08203 1.07010 2.00935 58 7 0 48 24
1669 3379 8.45104 0.65205 0.06407 2.56399 135 54 3 135 78
3676 4645 8.98075 0.23380 0.58997 0.87043 128 62 8 126 88
4098 5062 9.45004 0.03600 0.47014 1.04042 53 21 2 47 34
2169 5108 9.89853 3.01916 1.24272 0.81469 29 0 0 23 10
1208 2868 8.82728 0.39146 0.46945 1.63805 62 15 0 60 38
321 5249 8.03544 3.07500 0.92405 1.44239 46 2 1 44 24
601 2297 9.15793 0.02044 8.99137 0.80211 97 0 0 95 73
2266 5010 7.61993 3.12834 0.67597 1.25772 73 11 15 65 32
1464 3136 6.14139 0.05897 0.19588 0.71327 133 112 11 127 83
3648 4616 9.81119 0.03667 0.49769 2.10450 109 40 15 107 64
664 3962 6.98085 2.78255 0.50593 3.08515 104 10 4 98 53
1089 2781 7.05350 0.00697 0.35297 0.59872 118 77 8 112 85
861 4722 7.16845 3.13365 1.26226 2.62003 172 0 0 163 82
3850 4814 7.64457 0.01420 0.34914 0.38155 120 68 15 114 83
596 2292 8.65159 0.01371 8.92891 0.07913 84 0 0 74 69
409 2109 7.11886 0.05001 0.68526 0.17914 65 14 8 59 44
2352 4915 6.55689 2.76026 0.72331 1.44969 99 23 3 95 66
2565 3722 7.98950 3.13088 1.27414 2.34619 84 0 0 76 42
58 156 9.38268 0.22666 5.53368 5.69650 22 0 0 14 12
4138 5095 8.22155 0.15001 0.47701 1.19910 65 47 5 65 47
792 4797 7.99566 3.10377 1.34489 2.49277 76 0 0 74 40
2417 4858 8.20428 3.13481 0.87149 1.75792 126 15 4 124 69
1419 3063 9.81908 0.45340 0.47508 0.65012 71 27 11 67 38
1198 2885 8.04467 0.09644 0.24119 0.87804 157 102 11 146 114
1480 3134 9.00767 0.04340 0.47746 0.46309 103 48 23 101 60
2566 4691 9.25547 3.11443 0.93081 1.78268 52 2 0 48 31
694 2357 7.60312 0.29779 0.36111 0.57335 177 152 8 173 138
1304 2958 8.62717 0.01479 0.30573 0.70776 78 66 9 75 58
502 4122 7.72239 3.08869 1.09109 1.28207 49 1 0 43 25
3990 4962 7.71075 0.08302 0.18408 1.03401 81 64 6 74 57
1319 2973 9.13481 0.01245 0.36723 0.60458 66 34 23 60 30
1980 5298 6.56134 3.08351 1.19847 0.64528 130 0 3 127 74
2578 4676 7.79079 3.05645 0.82279 1.65588 81 6 0 81 37
751 2431 7.28177 0.00183 0.28514 0.13122 257 202 37 253 183
441 2135 9.41095 0.01954 0.54407 0.87043 52 19 3 52 31
734 2415 6.61037 0.00428 0.25123 0.40926 200 165 11 187 158
674 4927 8.94646 3.07065 0.26967 1.99135 57 21 2 52 40
699 3940 8.50847 3.06115 0.68553 2.06336 89 22 2 89 45
3703 4668 7.95970 0.23632 0.51765 0.93293 49 24 8 42 30
2310 3998 8.17374 3.11533 1.05069 1.92336 80 1 0 78 30
354 2056 9.90718 0.09480 0.25736 0.74230 64 40 8 59 32
562 5020 8.37598 3.08580 1.77477 2.05023 43 0 0 35 26
571 4054 6.54399 3.13111 1.24265 0.47970 109 0 0 105 49
754 4833 8.90267 3.13598 1.44241 2.06450 187 0 0 179 106
426 2140 9.12150 0.03914 0.63007 0.81373 32 8 2 30 20
652 2321 8.04043 0.26410 0.29116 1.08606 118 61 10 110 88
703 2390 8.49893 0.09260 0.39834 0.71217 79 61 6 77 62
2333 4935 8.19795 2.80390 0.69297 1.46927 126 4 8 124 57
425 2124 6.56261 0.06285 0.26158 0.47888 143 113 10 139 112
721 2403 6.31577 0.00414 0.26162 0.12820 319 259 31 315 257
2312 4957 8.95532 3.08289 0.96857 2.25759 66 2 3 64 22
741 4847 7.12169 3.13791 1.03284 1.58708 174 3 8 168 96
26 152 7.59045 0.22133 5.35728 5.61388 33 0 0 31 23
466 2177 9.77161 0.19578 0.35211 0.42336 105 71 14 98 78
2302 4016 6.22533 3.14159 1.45277 1.03098 90 0 0 86 56
905 3729 8.29685 3.11577 1.11738 2.59601 66 6 2 66 25
2549 4698 6.16235 3.12816 1.43486 2.32608 222 0 0 218 150
212 5338 9.77253 3.01865 0.94351 0.82898 49 1 0 47 26
2447 4815 6.32712 3.11711 1.10812 2.24088 188 4 12 182 75
2576 4680 9.36002 3.05698 0.41371 1.20333 44 17 4 39 21
4161 5107 9.81987 0.49359 0.50434 1.26176 69 36 6 65 46
572 2255 9.61305 0.02859 9.42665 3.77512 54 0 0 47 36
983 2659 6.23179 0.02234 0.23458 0.48051 159 134 7 153 134
2297 4984 7.07257 3.13970 1.03684 1.53008 32 2 0 30 10
1441 3092 7.59805 0.02361 0.07117 0.80891 52 35 9 46 30
925 4640 8.54094 2.34833 0.88683 1.65493 99 7 1 95 42
267 5278 9.17197 2.96575 0.83646 1.76990 59 11 1 26 14
2302 4966 9.68580 3.13408 1.04856 2.01538 52 0 0 33 33
2356 4924 9.34673 3.10813 0.59054 2.47923 76 20 6 68 30
2503 4762 6.62857 3.13017 0.83919 1.74720 116 4 5 111 60
904 3727 6.69142 3.12677 1.16993 2.73251 171 2 2 167 72
2573 3723 7.72230 3.08484 0.98909 1.87659 52 3 1 50 18
45 152 7.59045 0.22133 5.88102 6.32515 35 0 0 32 18
2039 5246 8.19898 3.08539 1.48544 1.50896 42 0 0 37 13
601 4032 6.66351 3.12684 1.55293 1.59225 138 0 1 132 67
4158 5106 9.55728 0.42392 0.71395 1.11627 48 6 0 48 34
3587 4527 7.75701 0.31356 0.25145 1.10287 74 41 4 74 55
856 2518 7.75002 0.00932 0.44150 0.53887 88 57 4 81 65
1662 3324 6.35266 0.06069 0.26940 1.07192 183 146 20 181 124
2579 4673 6.18769 3.06657 0.74703 1.70846 123 23 12 121 69
2014 5255 6.65346 3.06513 1.78022 1.20496 59 0 1 47 36
549 4085 7.11122 3.13573 1.47246 2.70660 55 0 0 49 25
318 5237 7.98253 3.08140 1.79475 2.02623 130 0 1 119 86
2047 5237 6.82885 3.10576 1.16760 1.40862 82 1 5 79 29
676 3966 9.62476 3.03145 0.33111 2.32305 37 13 1 35 27
2380 3916 6.82746 3.07795 1.27214 2.13130 149 0 0 147 80
242 5314 8.42621 3.03732 0.80341 1.04530 81 9 4 77 31
37 151 7.07585 0.21702 5.68662 6.59214 42 0 0 30 21
2251 4080 9.92441 3.13094 1.87507 2.59827 12 0 0 9 5
2577 3718 7.58104 3.08625 0.78290 0.55953 105 15 1 103 70
2589 3692 7.87762 2.62862 0.58911 1.08426 95 18 13 89 58
2224 5059 7.96212 3.13605 1.14179 2.61434 17 3 0 15 8
3740 4688 8.69962 0.06845 0.26949 0.78783 125 96 10 117 97
691 4912 9.79740 3.07334 0.57384 0.87938 47 18 1 41 36
637 4953 6.68978 3.04873 1.60375 3.07549 32 3 0 29 12
974 2647 7.70036 0.01758 0.26076 0.32506 96 79 3 92 74
2102 5168 6.36852 3.06692 1.44317 0.96225 125 0 0 115 81
532 4095 6.15419 3.10918 1.32986 3.89913 109 0 0 105 66
538 2241 8.37196 0.01374 0.63386 0.87268 72 27 8 66 52
831 2505 6.95080 0.02911 0.23606 0.62683 131 106 10 127 99
5429 5515 9.35089 0.00774 0.33485 0.42058 67 28 10 63 43
1007 2698 8.25335 0.00774 0.25190 0.34035 136 122 7 132 104
431 5145 8.08035 3.01735 0.75329 1.11100 78 9 0 76 49
5437 5534 6.31981 0.00793 0.34670 0.36691 131 86 6 118 90
336 5236 7.66333 3.07564 1.41337 1.45401 82 1 1 79 40
568 5023 7.04003 3.08390 1.70277 1.61689 33 1 0 30 11
2574 4681 8.33363 3.07063 0.81749 1.18828 51 2 1 47 19
2496 4759 7.45086 3.08826 1.24295 2.10152 144 1 1 134 107
1666 3376 9.62528 0.55780 0.51575 2.08563 126 37 8 124 88
925 2585 8.24974 0.03930 0.23019 0.81948 79 66 4 73 51
1432 3110 9.52298 0.07583 0.55320 0.62307 71 25 6 71 48
594 4038 6.13182 3.12601 1.75919 1.44184 165 0 0 159 65
2036 5233 9.15005 3.04924 1.52789 1.87618 94 0 0 77 49
2044 5228 7.17273 3.06901 1.18848 1.17069 97 0 0 92 47
2489 4778 6.08391 3.13980 0.95530 1.78048 174 7 4 168 66
2381 3929 6.23199 3.08192 0.81256 2.08319 135 2 9 133 69
845 3784 7.19977 3.11166 1.22954 0.81132 156 0 0 154 103
2330 3993 8.20712 2.97803 0.84367 2.51746 46 9 3 38 17
2397 3918 9.68173 3.14062 0.76098 2.46244 95 19 3 93 46
3961 4910 7.19543 0.35847 0.54528 1.77894 206 70 9 204 146
954 2625 6.03504 0.05412 0.12868 1.31997 183 164 15 181 126
2190 4135 7.03523 3.09356 1.14090 1.29089 44 1 0 40 20
2032 5239 7.09864 3.08280 1.20893 2.37586 130 0 0 123 77
767 2432 7.60095 0.00365 0.49657 0.19782 191 82 17 189 111
2538 3754 8.23727 3.08250 1.22023 1.88596 138 0 0 136 88
