234 1662 10.63839 3.07429 0.20056 1.86530 45 41 4 42 22
2483 2533 11.04360 0.82204 0.91155 3.25486 46 37 9 44 21
2545 3865 10.48631 1.54727 0.14566 1.76879 71 62 9 66 35
2470 3874 10.50921 1.74521 0.32286 2.51871 30 30 0 28 14
783 1409 11.60208 3.07069 0.33182 1.22045 33 25 2 19 15
2472 3875 10.41003 1.78004 0.38997 2.53991 41 37 3 36 20
43 1845 10.03140 0.57334 0.08493 2.21717 76 68 7 65 40
159 1743 10.30131 3.12881 0.38975 2.52088 41 34 1 37 13
3988 4053 10.90274 0.97014 0.14790 1.55771 62 53 3 55 28
787 1439 10.61322 2.82809 0.27611 1.73167 39 37 2 30 18
762 1434 11.03832 3.13913 0.18040 1.49148 83 79 3 80 41
261 1606 10.30592 1.99024 0.50787 2.46180 24 13 2 24 7
2491 3860 10.10924 2.34001 0.40413 1.56298 33 28 5 33 13
795 1436 11.66549 2.50151 0.14496 2.46339 24 21 3 24 13
809 1396 10.51438 1.87392 0.11344 1.17935 47 40 7 43 32
25 1832 10.95749 1.13211 1.06046 1.76724 58 46 9 48 16
49 1819 11.81298 1.65135 0.58614 1.69651 68 55 11 66 38
2468 3875 11.52321 1.70104 0.05853 2.92315 26 22 4 22 11
213 1666 10.06260 3.09433 0.25451 2.30104 76 59 17 74 25
59 1818 10.49670 2.05153 0.41010 3.42165 68 34 16 56 28
3978 4036 10.03953 0.56307 0.34501 1.76458 63 60 3 59 24
700 1518 10.39746 1.65303 0.22835 0.86185 52 42 10 47 26
22 73 11.93283 1.29606 0.27805 2.40908 32 20 7 27 16
27 1840 10.78155 0.75794 0.17005 1.94280 52 39 5 47 25
98 1810 11.38976 3.08978 1.44401 4.22911 31 20 4 29 10
240 1615 11.35117 2.29083 0.87663 2.74737 21 11 3 21 9
2503 3856 11.71558 2.09171 0.49407 3.04157 16 15 1 16 8
2472 2522 11.40524 0.57343 1.20484 3.09073 13 11 2 11 3
259 1592 11.35363 1.66595 0.86947 1.63423 37 24 9 33 11
803 1430 10.87332 2.17039 0.11268 1.73911 27 26 1 25 15
27 1825 11.63714 1.38313 0.64725 2.80142 82 54 9 76 29
104 1800 11.12741 3.08154 0.33537 3.01181 42 32 5 36 15
719 1474 10.28870 2.58041 0.11655 1.60132 112 104 2 110 65
219 1656 10.31267 3.11771 0.21761 1.92986 82 73 6 80 46
261 1600 10.87417 1.80871 0.32155 2.02120 16 13 3 10 7
767 1452 10.61291 3.09450 0.06369 2.99434 45 37 0 30 29
76 1803 11.80758 3.01375 2.44301 5.07806 23 13 4 17 6
735 1494 10.23924 3.09042 0.17059 2.33381 31 25 6 26 15
212 1667 10.44215 3.09431 0.22298 2.46688 59 42 15 55 21
64 1815 10.38910 2.33657 1.87860 3.88655 56 35 5 49 21
788 1404 11.21641 2.87568 0.10705 0.54321 35 29 5 26 14
23 1836 11.09805 0.96305 0.31263 1.94038 41 25 10 37 13
29 1829 10.82961 1.23511 0.38788 1.70502 50 30 3 44 17
710 1478 11.26949 2.15776 0.42263 1.67023 73 68 2 53 25
40 1824 11.03683 1.42681 0.53972 1.83781 63 41 20 60 27
63 1815 10.68313 2.28112 0.12915 3.84359 49 31 3 47 17
4003 4059 10.49876 0.82947 0.36745 1.74159 87 82 5 80 48
109 1773 10.55399 3.07129 0.36856 2.00232 87 74 13 87 28
232 1632 10.26103 2.85519 0.33922 2.10078 59 34 3 57 30
207 1674 10.44595 3.06776 0.37691 1.73664 79 71 8 74 29
2475 3877 11.11226 1.83517 0.53368 2.56689 27 23 4 23 13
204 1698 10.55483 3.12124 0.42557 2.95075 61 27 6 57 22
136 1765 10.41799 3.13601 0.23368 1.48121 100 91 9 96 46
2483 3862 10.51057 2.13137 0.20343 0.70443 27 25 1 23 15
237 1623 10.75507 2.59879 0.67687 2.35551 55 42 7 50 23
705 1483 10.48411 1.94231 0.84311 1.43450 79 77 1 72 29
773 1421 11.23730 3.06033 0.24394 2.14137 39 37 2 30 21
785 1409 10.55820 3.01477 0.14856 1.28390 29 25 1 19 13
225 1643 11.05309 3.11120 0.28611 2.01208 85 45 16 82 33
696 1490 11.08932 1.57555 0.73927 1.48359 41 38 2 32 11
237 1659 11.16651 3.09723 0.26731 1.56823 84 82 2 84 39
247 1597 11.00671 1.75262 0.40531 3.19476 11 4 0 6 4
2125 2179 11.99988 1.36474 11.11324 78.19395 3 0 0 1 2
3998 4059 11.15614 0.91149 0.29938 1.56673 89 84 4 86 58
75 1806 10.45452 2.96528 0.26070 5.01665 27 21 6 19 8
775 1419 11.05022 3.06226 0.54302 2.39343 46 41 5 40 22
26 1833 10.74473 1.08793 0.81800 1.73844 65 52 4 61 29
241 1653 10.75470 3.12576 0.28495 1.62702 53 47 6 47 29
777 1418 10.32235 3.07488 0.20589 2.49779 28 24 3 24 12
238 1657 10.65313 3.10845 0.42246 1.54889 83 79 3 83 43
4006 4060 11.14651 0.84740 0.22755 1.53748 79 72 5 76 47
814 1405 11.43635 1.72554 0.14971 1.73122 19 15 4 19 10
2469 3874 10.81255 1.72632 0.25319 2.70660 21 19 0 17 11
28 1824 11.77994 1.41910 0.17300 2.84565 85 61 14 75 28
164 1739 10.95904 3.13862 0.85850 2.03490 55 45 10 55 22
2546 3866 10.75527 1.55958 0.29244 1.96742 37 33 3 23 15
748 1471 10.47793 3.09120 0.17019 3.13450 41 33 6 34 12
798 1397 10.22290 2.42608 0.46413 2.07264 40 34 6 36 16
731 1464 11.20526 3.02467 0.57840 2.98268 81 72 4 67 35
24 74 11.99104 1.35638 0.26302 2.66932 47 31 5 43 16
258 1593 10.72677 1.67473 0.47978 2.03259 17 11 5 13 4
2473 2526 11.84237 0.64603 0.57361 1.48543 21 20 1 21 12
228 1637 11.19047 2.98773 1.32796 3.00674 54 40 4 52 13
1912 1964 11.24225 1.41212 0.52581 2.10821 48 44 4 46 21
790 1401 11.60937 2.78097 0.20551 1.17470 38 34 3 38 25
65 1811 11.99646 2.40815 1.59957 4.11466 55 45 10 55 14
799 1433 11.09755 2.33161 0.39057 2.86785 33 30 3 31 14
2494 3858 11.24619 2.33816 0.77319 3.01428 19 17 1 17 8
36 1829 10.32213 1.22989 0.61569 1.22717 64 50 5 62 25
2509 3856 11.30012 1.80352 0.38701 2.22950 57 54 3 50 25
122 1780 11.88884 3.08297 0.14608 1.99213 48 41 6 46 26
2539 3876 10.60069 1.37735 0.44864 2.35966 41 36 5 41 17
32 1824 11.49686 1.41371 0.54397 2.53405 72 42 29 68 25
773 1422 10.60115 3.06406 0.54960 1.99547 52 49 2 46 29
44 1849 11.44283 0.43344 0.32864 1.70272 73 68 5 69 38
47 1823 10.83041 1.52392 0.69341 1.96264 63 41 4 61 28
795 1396 11.74745 2.56474 0.63976 1.75703 40 37 3 40 19
2546 3874 11.94770 1.50451 0.11059 2.27950 22 20 2 16 10
2467 3873 11.21814 1.70371 0.39946 2.65210 26 22 1 17 12
692 1507 10.50455 1.41881 0.20694 2.13350 63 56 6 59 24
172 1731 10.12747 3.12913 0.38739 1.66648 25 21 2 23 9
714 1477 10.48466 2.33867 0.37686 1.01336 108 99 9 101 52
169 1734 10.44423 3.13289 0.87621 2.14539 41 28 11 35 14
1920 1970 10.25627 1.07698 0.16615 1.45697 42 37 5 42 20
128 1755 10.99779 3.11420 0.11690 2.16790 51 48 3 44 20
769 1425 11.69638 3.06395 0.56869 2.07980 74 64 4 67 43
239 1616 11.84019 2.34024 1.34655 2.76725 22 11 4 15 6
229 1636 10.74775 2.95634 0.37138 2.84455 23 15 4 12 7
766 1454 11.72160 3.10575 0.59710 3.47006 37 33 2 33 15
250 1639 10.59495 3.01054 0.37257 1.88741 34 18 10 21 8
95 1818 11.97948 3.11935 0.56998 2.96900 43 31 10 43 22
689 1504 11.89823 1.41251 0.56485 1.79602 65 60 4 61 28
87 1841 10.81547 2.37148 0.90434 2.30172 22 14 3 16 11
238 1619 11.62750 2.44209 0.61755 2.75051 24 16 6 22 9
719 1517 11.15961 2.51282 0.08050 0.95859 53 44 8 49 23
242 1610 11.17539 2.10787 2.44493 2.85883 21 7 2 13 6
41 1847 10.93038 0.48397 0.19541 2.08319 57 55 1 55 31
183 1703 10.28267 3.12609 0.46441 2.92837 57 26 0 48 16
134 1768 11.65296 3.13946 0.43661 1.53008 68 63 5 61 36
736 1459 11.98873 3.13613 0.36694 2.98741 49 39 6 38 20
742 1483 11.93997 3.14075 0.72345 2.27520 35 23 5 28 20
3985 4049 10.28654 0.86030 0.27487 1.28146 56 52 4 54 27
796 1396 11.38104 2.52014 0.57079 2.08919 34 26 7 27 12
754 1464 10.25263 3.08156 1.07368 2.66682 31 12 0 17 19
30 1846 11.85410 0.50589 0.32949 2.12964 72 61 11 72 40
92 1789 10.95972 3.13920 0.40797 3.07625 29 27 1 24 14
810 1425 11.85194 1.88316 0.45755 1.37116 27 23 3 23 13
235 1625 11.58277 2.67429 0.52043 2.41233 62 35 2 60 26
253 1592 10.31764 1.66572 0.33324 2.18301 36 18 1 32 8
751 1468 11.00600 3.07857 0.59053 3.49390 30 22 5 28 14
809 1395 10.86295 1.87852 0.14599 1.34086 55 47 2 49 37
241 1610 11.95953 2.10807 0.60239 2.83269 13 6 3 13 5
202 1701 11.37262 3.13492 0.39236 3.29610 47 18 2 45 28
693 1508 10.12015 1.43227 0.19376 2.39719 54 49 5 49 20
36 1827 10.65459 1.30314 0.48407 1.56623 78 52 3 73 25
22 1827 11.89350 1.32124 0.10038 2.55144 67 33 6 67 22
157 1745 10.34566 3.13266 0.33362 2.42656 43 35 6 41 22
689 1506 11.91199 1.40185 0.24957 1.77608 50 44 3 38 15
31 1836 10.08956 0.94988 0.19500 1.46340 98 71 21 96 40
1909 1960 11.78008 1.45372 0.38546 1.94239 23 18 4 23 9
45 1821 11.51536 1.54494 0.17285 1.65989 64 57 5 59 23
708 1521 11.38928 2.02187 0.23522 0.86139 50 46 4 48 30
221 1650 11.71287 3.12485 0.11926 2.10171 41 32 9 39 18
702 1484 11.02941 1.81443 0.38734 0.67666 71 65 4 66 37
48 1825 10.23154 1.49288 0.41191 1.38508 81 66 9 81 36
2129 2183 11.53087 1.48958 38.82247 85.34682 3 0 0 0 2
776 1419 10.37950 3.06622 0.68731 2.45384 51 48 3 46 15
261 1622 11.94723 2.54572 0.67485 3.11382 34 6 1 30 10
263 1608 11.90766 2.04267 0.73157 2.53667 32 31 1 27 17
691 1498 11.36102 1.46338 0.31714 1.48543 47 39 7 47 23
2482 3877 10.52515 2.02142 0.19359 2.85801 33 30 3 29 19
83 1851 11.38382 1.98058 0.98921 2.30121 37 18 11 33 13
730 1464 11.94796 2.99989 0.42619 2.72620 60 49 10 50 18
2507 3877 11.68887 1.83394 0.45652 4.08380 39 36 3 39 12
782 1442 10.88623 2.98671 0.39448 2.30002 40 18 1 29 9
2477 3877 10.86826 1.88443 0.39806 2.31376 32 29 3 23 10
746 1450 11.57539 3.10554 0.34202 2.53482 50 39 7 43 19
33 1843 10.58965 0.60252 0.28025 2.10970 64 46 1 62 32
135 1766 10.40348 3.14045 0.28380 1.52084 72 66 6 62 32
770 1425 10.89268 3.06824 0.52258 2.26676 76 72 0 74 36
78 1801 11.91767 3.09133 1.52169 4.72630 13 8 4 7 2
800 1393 11.49277 2.33850 0.33218 2.23633 36 30 5 30 12
23 1835 11.08404 1.00802 0.71442 2.07434 33 26 3 26 8
805 1430 11.90323 2.06224 0.65626 1.69881 21 18 3 17 7
76 1856 10.61164 1.63661 0.85479 3.90003 22 14 3 12 5
26 1842 11.24982 0.66572 0.77576 1.95044 55 48 5 44 14
247 1645 11.33900 3.11734 0.41199 1.86676 62 44 1 58 29
794 1435 10.39528 2.54263 0.45963 2.44136 47 44 3 38 18
724 1512 10.57137 2.70496 0.18620 1.73776 54 46 8 49 28
2475 2527 11.47286 0.69885 0.46774 1.65091 36 31 5 34 16
30 1829 10.74847 1.23410 0.53733 1.57917 63 37 13 61 29
3983 4047 10.39995 0.80786 0.17540 0.82614 75 68 7 73 39
1921 1976 11.93919 1.03813 0.14278 1.02182 49 45 4 47 30
732 1500 10.22154 3.00330 0.28996 3.10198 40 36 4 36 22
1917 1970 11.11806 1.21606 0.40158 1.50246 48 42 6 44 27
253 1635 10.97831 2.89834 0.48082 1.71441 44 39 3 38 21
261 1601 10.74862 1.83826 0.50180 2.11304 26 18 2 20 11
43 1824 10.87030 1.44927 0.14447 1.74630 78 56 22 76 38
3993 4058 11.94038 1.01521 0.07670 0.89962 93 89 4 93 57
693 1496 10.83800 1.49815 0.29128 2.10840 52 45 5 50 27
811 1397 11.06975 1.79320 0.23370 1.01143 40 39 0 38 27
722 1515 11.27853 2.63641 0.13529 0.79868 37 35 2 35 14
238 1621 10.78799 2.52845 0.39732 2.45272 35 31 4 31 14
243 1606 11.45543 1.99002 1.18638 2.70385 16 6 0 14 8
246 1647 11.62065 3.13605 0.22074 2.07735 59 43 4 54 30
246 1598 11.31224 1.76964 0.15467 3.14685 12 3 1 8 5
692 1498 10.93850 1.47240 0.39412 1.62221 61 50 10 59 25
41 1822 11.48337 1.48404 0.51124 1.78246 58 43 14 54 22
35 1829 10.38252 1.22900 0.42319 1.27503 57 47 3 53 31
39 1845 10.48129 0.54484 0.49455 2.14940 49 43 5 40 22
88 1793 10.80026 3.11060 1.02720 4.29491 21 10 1 17 8
39 1821 11.84054 1.49341 0.93409 1.85203 46 38 7 38 16
2475 2525 11.01814 0.68816 0.49882 1.69743 47 38 8 45 18
248 1594 11.23981 1.71233 1.59741 3.61639 15 5 0 13 4
702 1482 11.79513 1.81207 0.19732 0.92069 79 75 2 65 38
114 1768 10.94061 3.06791 0.79502 1.75725 102 94 8 92 36
697 1518 11.21772 1.53984 0.58357 1.32057 68 65 3 68 34
28 1841 10.78248 0.70624 0.64097 1.84440 71 56 7 65 26
2486 3861 10.61364 2.21568 0.24729 0.55461 36 34 2 29 17
1913 1966 11.33390 1.37970 0.26429 1.81553 49 47 2 45 27
