446 3199 11.02616 0.00596 0.36451 0.62870 25 1 6 25 17 334 100.00000 0
970 3710 10.50514 0.01346 0.22490 0.65312 95 8 10 93 82 418 100.00000 0
1942 4324 11.27231 0.12341 0.49526 1.18101 12 0 2 10 8 109 100.00000 0
1454 3957 11.80910 0.01935 0.32614 1.20333 35 0 3 28 23 320 100.00000 0
1051 1145 10.51026 0.00644 0.37449 0.62307 66 0 1 58 54 436 100.00000 0
1107 3775 11.26470 0.00539 1.65674 1.04117 27 0 0 24 22 387 100.00000 0
2035 4446 10.53792 0.01252 0.14986 0.72793 55 12 6 49 24 814 100.00000 0
3070 5383 11.59731 0.26178 0.54812 1.09932 23 0 4 23 12 311 100.00000 0
1056 3769 11.75448 0.00359 0.79817 1.39746 28 0 1 23 19 461 100.00000 0
863 3602 11.00605 0.01536 0.37763 0.96510 119 0 2 115 86 976 100.00000 0
1198 1254 10.99298 0.01512 0.47793 0.45885 53 1 6 46 33 425 100.00000 0
969 3708 11.49496 0.01151 0.37010 0.53668 44 2 5 44 32 332 100.00000 0
1058 3770 11.00069 0.00455 0.76716 0.29871 58 0 0 58 45 406 100.00000 0
989 3744 10.75920 0.00297 0.30370 0.18131 164 12 32 164 141 555 100.00000 0
1120 3775 11.26472 0.00530 1.39756 0.38359 32 0 0 32 23 445 100.00000 0
2558 4949 10.39393 0.00345 0.19517 0.56023 59 11 9 49 34 528 100.00000 0
1067 1246 11.49210 0.01362 0.31868 0.67724 47 3 11 42 35 482 100.00000 0
3056 5372 10.55450 0.38601 0.99483 2.00799 34 1 6 32 21 436 100.00000 0
1052 1161 10.01027 0.00747 0.49051 0.41965 83 2 1 77 64 479 100.00000 0
336 3055 10.74307 0.21789 0.25918 0.82709 63 3 9 57 42 400 100.00000 0
1003 3742 10.76483 0.00843 0.55906 0.40445 190 3 5 185 175 545 100.00000 0
1048 1113 11.51041 0.00244 0.63102 0.37220 38 0 0 36 35 384 100.00000 0
1113 3775 11.26470 0.00539 1.70782 1.35855 28 0 0 25 22 337 100.00000 0
1495 3992 10.85976 0.23470 0.59587 1.32234 15 0 0 9 7 121 100.00000 0
1001 3755 10.25983 0.00183 0.42562 0.30132 197 11 16 195 171 547 100.00000 0
1102 3775 11.26470 0.00539 1.03463 1.21176 26 0 0 24 20 422 100.00000 0
1553 4011 10.80385 0.57161 0.56719 3.19831 39 1 0 37 27 164 100.00000 0
2010 4402 11.86821 0.04910 0.37939 0.21670 34 0 4 30 20 373 100.00000 0
511 3263 11.07284 0.00692 0.32661 0.32021 20 0 3 20 18 360 100.00000 0
3054 5400 11.55357 0.20042 0.72021 0.85409 38 1 2 36 32 281 100.00000 0
3100 5414 10.79741 0.01700 0.25688 0.08847 34 1 7 28 15 304 100.00000 0
1065 1242 10.48048 0.01185 0.32742 1.20203 53 4 8 53 39 439 100.00000 0
1029 3759 11.25482 0.00535 0.99350 0.51964 26 0 0 24 20 338 100.00000 0
2308 4686 10.49719 0.01559 0.57710 1.35509 43 1 4 41 26 633 100.00000 0
3124 5524 11.50189 0.01605 1.25087 0.54680 18 0 0 13 7 427 100.00000 0
3121 5439 11.56932 0.02335 0.28598 0.35718 24 2 4 22 19 355 100.00000 0
1002 3757 11.75166 0.00129 0.39432 0.32506 90 5 4 88 79 446 100.00000 0
2246 4637 10.01888 0.01909 0.29265 0.67955 52 5 8 49 39 527 100.00000 0
1049 1203 11.26035 0.00239 0.58912 0.14265 50 0 0 48 41 453 100.00000 0
320 5366 10.75665 0.79781 0.72937 0.75796 51 0 5 49 33 290 100.00000 0
329 3042 11.13383 0.48890 0.85970 0.67493 37 0 0 37 27 372 100.00000 0
868 3622 10.74057 0.00640 0.50795 0.42978 106 5 8 99 84 846 100.00000 0
1971 4352 11.57330 0.73683 1.98531 2.65151 36 2 5 34 17 252 100.00000 0
1375 3884 11.01959 0.00937 0.46451 0.50358 35 0 2 33 26 300 100.00000 0
2555 4932 10.74375 0.00857 0.48307 0.38866 36 0 1 34 28 405 100.00000 0
1971 4390 11.22194 0.18731 0.51385 1.78969 49 3 1 49 25 426 100.00000 0
330 3042 11.89167 0.48724 0.81731 0.95695 55 3 4 51 33 410 100.00000 0
906 3645 11.25419 0.01686 0.44440 0.63796 79 0 5 77 70 530 100.00000 0
3125 5447 10.41026 0.02566 0.88412 0.68586 49 0 0 45 35 494 100.00000 0
1058 3786 11.25808 0.00569 0.90918 0.76413 30 0 0 28 19 520 100.00000 0
529 3295 11.02476 0.00714 0.42073 1.00054 12 0 2 12 9 190 100.00000 0
423 3190 10.02565 0.01005 0.57765 0.72632 40 0 6 38 19 519 100.00000 0
1960 4340 10.84285 0.70812 0.30660 1.78794 25 0 0 20 15 231 100.00000 0
1356 3852 10.25012 0.00530 0.29923 0.33804 41 5 5 37 29 430 100.00000 0
1328 3842 10.26192 0.00507 0.44385 0.49337 57 2 2 55 41 341 100.00000 0
3105 5447 10.00645 0.00929 0.58891 0.37220 29 0 0 29 20 356 100.00000 0
1975 4357 11.54103 0.60550 1.79063 2.57542 31 1 0 31 12 287 100.00000 0
651 3412 10.50757 0.00586 0.33331 0.33338 69 6 15 63 47 510 100.00000 0
652 3413 10.76508 0.00644 0.29505 0.72632 54 3 5 48 41 386 100.00000 0
3142 5474 11.17581 0.03018 0.42753 1.19091 45 0 2 43 32 610 100.00000 0
1511 4003 10.99090 0.47855 0.39036 2.49701 62 0 4 55 49 172 100.00000 0
1972 4355 10.76133 0.63999 1.98647 2.57846 34 2 3 31 14 257 100.00000 0
351 3106 11.52178 0.00999 0.31836 0.63858 65 6 8 65 52 332 100.00000 0
1225 3776 11.25022 0.00491 1.08937 0.81853 33 0 0 25 26 410 100.00000 0
704 3449 11.29301 0.00249 0.44081 0.20174 52 1 4 48 38 352 100.00000 0
2495 4887 10.14791 0.00517 0.36070 0.43069 60 6 8 49 36 449 100.00000 0
2207 4600 11.34770 0.05430 0.25597 0.83134 29 0 3 29 18 429 100.00000 0
2343 4721 10.51235 0.00517 0.56652 0.96995 39 2 3 26 20 579 100.00000 0
888 3642 10.50225 0.01011 0.61785 1.13952 72 2 3 66 55 391 100.00000 0
1568 4018 11.68686 0.66333 0.84748 3.18531 43 7 2 37 29 218 100.00000 0
773 3514 11.32082 0.00129 0.39053 0.15826 44 1 2 44 34 289 100.00000 0
1577 4024 11.70227 0.76675 0.47288 1.77299 32 2 2 19 23 188 100.00000 0
1319 3821 10.50052 0.00563 0.28189 0.42796 13 1 3 9 8 165 100.00000 0
1096 1252 10.00167 0.01499 0.52832 0.43431 68 1 3 68 47 511 100.00000 0
678 3439 11.99753 0.00837 0.53983 0.85729 22 2 3 20 14 355 100.00000 0
2501 4880 10.48971 0.00420 0.44996 0.23573 83 1 2 81 69 413 100.00000 0
693 3453 11.50229 0.01429 0.50809 0.81469 73 5 12 69 53 431 100.00000 0
3125 5497 10.24809 0.01476 1.01792 0.93419 41 0 0 37 30 553 100.00000 0
839 3578 11.56268 0.02128 0.58696 0.37742 19 1 0 19 14 297 100.00000 0
1511 1578 10.45149 0.46218 0.28504 1.54687 64 6 3 62 55 191 100.00000 0
3147 5499 11.71772 0.03787 0.73254 1.22429 33 0 0 33 20 463 100.00000 0
2123 4512 10.27032 0.01380 0.12058 0.67724 53 4 7 42 29 795 100.00000 0
1930 4350 11.51540 0.39810 1.54405 2.62659 9 0 0 5 2 147 100.00000 0
1093 1252 10.00168 0.01625 0.46067 0.62495 105 0 0 95 73 518 100.00000 0
1595 4035 10.34610 0.78671 0.73475 1.52957 21 0 1 10 9 216 100.00000 0
1065 1243 10.74199 0.01196 0.23177 1.24207 38 2 5 38 29 427 100.00000 0
338 5414 10.27427 0.02548 0.64033 1.01799 19 0 0 19 14 205 100.00000 0
316 3029 10.56039 0.84519 0.76095 1.11206 34 0 2 32 20 240 100.00000 0
2673 5044 10.73859 0.00372 0.30640 0.35608 39 2 2 32 22 323 100.00000 0
442 3211 11.05614 0.00653 0.53800 0.52190 27 1 5 27 21 410 100.00000 0
326 5396 10.55699 0.09433 0.20430 0.72685 77 11 12 75 60 381 100.00000 0
2010 4404 10.28962 0.03874 0.32033 0.43611 37 2 3 35 26 407 100.00000 0
386 5465 11.19806 0.01207 0.71556 1.11733 36 0 0 21 16 526 100.00000 0
1048 1195 11.51041 0.00207 0.75124 0.15323 44 0 0 39 35 393 100.00000 0
1051 1160 10.51026 0.00644 0.35416 0.45370 69 0 2 62 52 503 100.00000 0
1471 3972 11.25818 0.00450 0.61047 0.20748 25 0 1 18 11 265 100.00000 0
332 3047 11.16904 0.36433 0.56958 1.24049 43 3 5 43 26 346 100.00000 0
1049 1215 11.50055 0.00285 0.44335 0.15577 33 1 1 31 24 408 100.00000 0
3111 5458 11.50593 0.01367 0.51511 0.27554 39 1 5 39 29 432 100.00000 0
1204 1254 10.99298 0.01512 0.57747 0.52190 78 0 4 74 55 368 100.00000 0
1050 1129 10.76029 0.00453 0.64845 0.30390 39 0 0 34 26 394 100.00000 0
3043 5359 11.30984 0.54182 0.73816 1.13677 25 0 1 23 12 187 100.00000 0
1938 4359 10.03699 0.73822 0.38367 1.84292 16 3 0 16 9 193 100.00000 0
3016 5371 10.13344 0.51162 0.56358 0.64285 23 0 0 21 10 253 100.00000 0
1578 4024 11.23628 0.75030 0.42881 1.94521 27 0 2 10 9 174 100.00000 0
422 3172 10.60913 0.05959 0.29639 0.42151 66 3 14 64 51 592 100.00000 0
1055 3785 10.78185 0.00437 0.65948 0.77632 43 0 1 39 30 463 100.00000 0
467 3220 11.78841 0.00335 0.18617 0.23739 21 0 1 15 12 310 100.00000 0
1048 1213 11.75047 0.00162 0.68853 0.17246 55 0 0 55 41 477 100.00000 0
1543 4011 11.93215 0.62597 0.66300 2.92141 34 3 1 34 23 119 100.00000 0
394 5511 11.79437 0.00900 0.65020 0.88249 37 0 0 25 27 528 100.00000 0
1167 1254 10.99297 0.01526 0.54396 0.68242 64 2 2 58 43 459 100.00000 0
1086 1254 10.98311 0.01724 0.34121 0.70221 60 9 13 54 40 441 100.00000 0
335 5411 11.55337 0.02904 0.42247 1.01722 15 0 1 9 8 203 100.00000 0
662 3423 11.53666 0.00639 0.70830 0.28939 88 0 0 79 69 564 100.00000 0
1153 1254 10.99297 0.01526 0.32173 1.42574 45 2 1 41 28 493 100.00000 0
1071 1247 10.73242 0.01508 0.39700 0.93377 51 1 11 51 38 539 100.00000 0
496 3263 11.27277 0.00598 0.42462 0.76208 15 0 2 15 8 326 100.00000 0
1059 1234 10.25041 0.00633 0.33088 0.36262 66 2 5 66 47 576 100.00000 0
336 3084 10.31649 0.01402 0.41073 0.81948 24 1 8 20 17 182 100.00000 0
3131 5454 11.60886 0.02456 0.46400 0.33338 39 1 3 28 28 570 100.00000 0
964 3704 10.24505 0.00637 0.13758 0.24866 49 0 8 49 31 381 100.00000 0
1567 3982 10.67882 0.25332 0.77106 1.32234 29 0 0 23 19 174 100.00000 0
696 3455 10.52626 0.01177 0.45999 0.73966 126 5 2 126 95 399 100.00000 0
1530 3977 11.13217 0.07572 0.53173 1.53468 16 0 0 9 6 177 100.00000 0
1345 3841 11.49144 0.00659 0.58882 0.37639 26 1 0 26 21 285 100.00000 0
1052 1122 10.01027 0.00747 0.59725 0.73435 54 0 1 50 40 488 100.00000 0
2188 4582 11.16398 0.03299 0.51485 1.66154 27 0 0 27 21 486 100.00000 0
380 3118 11.94649 0.02089 0.31797 0.72362 34 2 5 29 21 520 100.00000 0
1106 3775 11.26470 0.00539 1.49252 0.58148 31 0 0 31 21 388 100.00000 0
2036 4448 11.95592 0.01199 0.41798 0.63919 52 6 18 44 35 945 100.00000 0
1188 1255 11.49280 0.01448 0.51043 0.45024 49 2 3 43 35 458 100.00000 0
2579 4955 10.98833 0.00378 0.44092 0.95736 28 3 3 24 19 359 100.00000 0
3147 5501 11.71978 0.03761 0.84141 0.86863 38 0 0 36 29 507 100.00000 0
350 5434 11.77858 0.00808 0.36207 0.46309 60 2 8 58 48 332 100.00000 0
1532 1590 11.75203 0.63469 0.32369 1.85941 41 11 1 39 31 134 100.00000 0
454 3208 10.26967 0.00934 0.24950 0.44411 41 2 4 39 25 378 100.00000 0
2099 4503 10.40626 0.00801 0.39340 1.45965 75 1 1 67 57 1304 100.00000 0
1610 4048 11.70743 0.80451 1.14547 2.35069 31 0 0 14 18 218 100.00000 0
374 3111 11.47244 0.01277 0.33866 0.62055 39 1 6 36 25 359 100.00000 0
1061 1239 10.74874 0.00923 0.40731 0.55391 47 1 2 39 31 447 100.00000 0
512 3278 10.28714 0.00869 0.47713 0.72524 23 0 3 19 13 344 100.00000 0
1506 4001 11.45928 0.43469 0.46903 1.49095 46 2 0 39 31 150 100.00000 0
