0.08455 0.04375
0.09957 0.04123
0.06973 0.02993
0.05280 0.02469
0.08248 0.03668
0.06888 0.05659
0.06819 0.02846
0.06852 0.02294
0.08676 0.05544
0.08569 0.06866
0.08274 0.04598
0.06916 0.04552
0.08078 0.04275
0.08719 0.07044
0.08267 0.04373
0.10146 0.06884
0.09393 0.06319
0.07418 0.04366
0.08905 0.05959
0.07800 0.05002
0.09796 0.04526
0.09181 0.02775
0.10134 0.06736
0.07623 0.07215
0.10121 0.06331
0.07954 0.04650
0.06591 0.03692
0.08786 0.08295
0.08355 0.06000
0.11281 0.03374
0.10824 0.06850
0.08426 0.03654
0.07746 0.03325
0.06130 0.03256
0.09212 0.06246
0.08050 0.04518
0.10504 0.06930
0.08781 0.04987
0.09412 0.04084
0.07942 0.06114
0.07738 0.02772
0.08980 0.05922
0.08881 0.07193
0.11752 0.04211
0.07468 0.05662
0.06752 0.04019
0.11670 0.06372
0.08197 0.07791
0.08119 0.02640
0.08992 0.05281
0.07608 0.04979
0.11086 0.05320
0.07561 0.06471
0.07871 0.02832
0.10627 0.05832
0.08440 0.04379
0.08645 0.07480
0.10294 0.06190
0.08438 0.03546
0.04983 0.02426
0.10155 0.04934
0.08886 0.07020
0.08084 0.04382
0.08290 0.08744
0.08741 0.02480
0.09029 0.05407
0.09219 0.04571
0.09425 0.06899
0.05699 0.03637
0.06020 0.05111
0.08288 0.04694
0.08783 0.06746
0.10969 0.06769
0.10054 0.07143
0.08662 0.02779
0.08493 0.04838
0.07316 0.03311
0.08839 0.05946
0.09785 0.04583
0.07981 0.04162
0.11270 0.06247
0.06405 0.02813
0.09106 0.08610
0.08502 0.04782
0.08452 0.03430
0.06803 0.03126
0.08416 0.02887
0.08140 0.04825
0.09357 0.04463
0.07310 0.02768
0.07570 0.03084
0.07508 0.05014
0.07036 0.03430
0.07185 0.03470
0.12455 0.04657
0.07150 0.03306
0.07755 0.04830
0.09731 0.04817
0.08547 0.05614
0.10198 0.07325
0.07637 0.04731
0.09353 0.06875
0.06304 0.02739
0.10998 0.06330
0.06101 0.03425
0.08643 0.07549
0.05537 0.02533
0.09520 0.05008
0.10229 0.06934
0.06262 0.03839
0.06842 0.04407
0.11503 0.06677
0.09828 0.04110
0.09306 0.06526
0.08899 0.04735
0.08816 0.06775
0.06618 0.06272
0.07717 0.04531
0.10298 0.07198
0.09634 0.06598
0.08141 0.06260
0.08323 0.04661
0.09096 0.06767
0.06010 0.02824
0.09077 0.04620
0.05859 0.02755
0.08255 0.08251
0.05514 0.02734
0.09765 0.06498
0.10620 0.06464
0.06700 0.03884
0.05188 0.02888
0.08822 0.07306
0.09879 0.06254
0.09325 0.04662
0.08018 0.06715
0.07876 0.04787
0.09414 0.04884
0.08782 0.04334
0.06575 0.05019
0.08117 0.06734
0.08426 0.04706
0.07493 0.04799
0.09671 0.04471
0.07193 0.02293
0.08670 0.05865
0.07555 0.04837
0.08437 0.04719
0.11000 0.05113
0.10961 0.04217
0.08136 0.03196
0.08840 0.04175
0.07667 0.04139
0.07126 0.06019
0.08354 0.04547
0.09316 0.04636
0.07763 0.04888
0.09191 0.04633
0.06043 0.03191
0.06777 0.02468
0.07720 0.05404
0.05370 0.03037
0.10350 0.07014
0.09557 0.04951
0.08155 0.07095
0.07672 0.07233
0.08411 0.02845
0.09315 0.06904
0.07763 0.02414
0.07687 0.05028
0.07471 0.03746
0.05971 0.02455
0.08511 0.03350
0.10637 0.06564
0.08189 0.03490
0.10759 0.04803
0.10253 0.05884
0.08927 0.06973
0.09843 0.06383
0.08690 0.04877
0.08436 0.04438
0.07770 0.06433
0.09465 0.04264
0.08751 0.05732
0.07682 0.04577
0.08281 0.05004
0.09095 0.04905
0.06502 0.02685
0.05068 0.02211
0.07717 0.04153
0.09204 0.07279
0.08117 0.06839
0.10000 0.03357
0.08846 0.04786
0.07933 0.06306
0.08630 0.03145
0.08748 0.04737
0.08390 0.08798
0.05354 0.03502
0.09690 0.04383
0.06435 0.02806
0.09682 0.06458
0.07431 0.02960
0.06585 0.02574
0.05291 0.05166
0.08443 0.07213
0.08086 0.04782
0.06126 0.03225
0.10261 0.06588
0.10471 0.07361
0.10335 0.06204
0.06246 0.02640
0.09394 0.07310
0.08174 0.03695
0.10139 0.06967
0.08086 0.04993
0.08128 0.04881
0.07577 0.05503
0.09329 0.05157
0.08041 0.07364
0.08310 0.04232
0.07979 0.04800
0.08239 0.05946
0.10398 0.05207
0.07684 0.03419
0.09722 0.06574
0.10879 0.05185
0.07620 0.06124
0.09417 0.07522
0.06505 0.02981
0.08419 0.07184
0.06010 0.03495
0.06661 0.03335
0.09509 0.06736
0.08262 0.04620
0.08637 0.06647
0.09628 0.06142
0.08551 0.03510
0.07943 0.05290
0.07234 0.04621
0.04678 0.02139
0.07888 0.04934
0.11922 0.06846
0.07472 0.02892
0.08475 0.04864
0.09722 0.06784
0.08575 0.03685
0.09695 0.04755
0.06038 0.02951
0.08988 0.07258
0.07785 0.04467
0.09549 0.05762
0.07861 0.07218
0.06470 0.02830
0.06421 0.03390
0.09747 0.06931
0.08106 0.06756
0.09598 0.04877
0.08606 0.06736
0.09092 0.06751
0.08806 0.06615
0.06929 0.04226
0.09943 0.07409
0.06883 0.03378
0.10711 0.05781
0.08699 0.04046
0.09455 0.04718
0.05187 0.02253
0.07603 0.07028
0.09530 0.03238
0.07734 0.04582
0.06375 0.04870
0.06496 0.02108
0.07580 0.05789
0.07490 0.05068
0.08643 0.06473
0.07891 0.03573
0.08937 0.04069
0.05548 0.02933
0.07558 0.03521
0.08165 0.02944
0.10376 0.05072
0.07043 0.05113
0.09282 0.05283
0.12561 0.05053
0.09159 0.04290
0.11290 0.06681
0.06324 0.02688
0.08486 0.04188
0.10541 0.07111
0.06211 0.03059
0.06204 0.02495
0.06932 0.03455
0.08662 0.07785
0.08589 0.03402
0.07487 0.02830
0.06649 0.02870
0.08363 0.04500
0.07570 0.07920
0.07461 0.03433
0.10034 0.06788
0.08327 0.06530
0.08919 0.04948
0.08664 0.06999
0.10288 0.06687
0.09131 0.04497
0.09266 0.06215
0.09650 0.04433
0.09080 0.05740
0.07519 0.04201
0.07693 0.04592
0.08981 0.05086
0.07367 0.04653
0.09985 0.03964
0.05897 0.02494
0.07778 0.04560
0.06467 0.02975
0.08742 0.04246
0.06535 0.05189
0.10108 0.06515
0.04801 0.02606
0.07687 0.05105
0.06305 0.04797
0.07311 0.05704
0.07391 0.05195
0.09988 0.05094
0.07015 0.03988
0.08212 0.06585
0.08966 0.05145
0.07856 0.04939
0.08756 0.04339
0.07138 0.06643
0.07433 0.06156
0.08675 0.07184
0.08731 0.05829
0.06813 0.03523
0.09798 0.05365
0.10416 0.04839
0.07268 0.04721
0.10196 0.04833
0.05825 0.02590
0.05409 0.02748
0.11472 0.06437
0.10413 0.05595
0.09842 0.04540
0.05820 0.02826
0.07766 0.06598
0.10185 0.04878
0.08915 0.04166
0.10922 0.04575
0.10271 0.06622
0.08248 0.02838
0.10018 0.06668
0.06336 0.03421
0.07431 0.04498
0.08666 0.04573
0.06592 0.05787
0.08741 0.03525
0.08190 0.07350
0.07598 0.04972
0.10199 0.05139
0.10069 0.06281
0.10272 0.06742
0.09415 0.04117
0.08755 0.07054
0.09001 0.07185
0.11540 0.07584
0.08319 0.06147
0.08813 0.06533
0.08414 0.04223
0.06022 0.02464
0.09027 0.07100
0.09529 0.05131
0.09732 0.04922
0.07345 0.03062
0.09594 0.04710
0.07735 0.04509
0.06826 0.04139
0.08860 0.04743
0.09054 0.06356
0.07429 0.03900
0.08687 0.04495
0.07685 0.02668
0.08136 0.04734
0.08650 0.03595
0.10023 0.07523
0.10196 0.07328
0.08979 0.05582
0.06171 0.02467
0.07706 0.03960
0.08266 0.04474
0.09104 0.07023
0.08804 0.05251
0.05701 0.02828
0.06776 0.05019
0.07649 0.05947
0.09265 0.04895
0.08822 0.03455
0.09709 0.06184
0.08834 0.06694
0.09538 0.06928
0.07548 0.05715
0.08974 0.07169
0.08757 0.03502
0.07656 0.03157
0.08517 0.04480
0.08094 0.04733
0.07048 0.02469
0.08993 0.03492
0.08917 0.06982
0.07428 0.05033
0.07954 0.04155
0.11996 0.06460
0.07388 0.03281
0.09243 0.06421
0.08055 0.05006
0.06479 0.02474
0.08335 0.04845
0.08282 0.03473
0.08977 0.05302
0.09749 0.04709
0.05430 0.03358
0.08436 0.04543
0.08256 0.07381
0.08403 0.04036
0.10573 0.06088
0.07994 0.04352
0.10612 0.06210
0.06321 0.02518
0.09111 0.04632
0.08699 0.05579
0.09071 0.05016
0.05298 0.05064
0.08207 0.04104
0.08684 0.04531
0.10369 0.05463
0.08472 0.04955
0.07639 0.05003
0.09035 0.03923
0.07563 0.04585
0.07805 0.04368
0.08986 0.06409
0.09281 0.06838
0.07890 0.03986
0.07725 0.03591
0.09218 0.06973
0.07744 0.06737
0.06725 0.05154
0.08006 0.04433
0.11341 0.06867
0.05990 0.03779
0.07073 0.02418
0.06879 0.04777
0.09855 0.04741
0.07418 0.04023
0.08661 0.06516
0.05496 0.02839
0.09939 0.06739
0.10170 0.05359
0.08010 0.02647
0.05803 0.02495
0.07627 0.02782
0.08564 0.04625
0.08315 0.06382
0.10516 0.06914
0.09342 0.05003
0.10449 0.06524
0.04933 0.02584
0.08485 0.02842
0.09196 0.06449
0.08756 0.05650
0.10585 0.06991
0.12186 0.04467
0.08523 0.04914
0.09541 0.05146
0.09477 0.04854
0.05553 0.03343
0.09721 0.06026
0.09866 0.04850
0.07847 0.04580
0.09447 0.03876
0.06570 0.06807
0.09022 0.07493
0.08407 0.07353
0.07062 0.04452
0.06378 0.03049
0.06232 0.05025
0.08631 0.04640
0.09414 0.04530
0.09643 0.04691
0.07464 0.03437
0.10044 0.04890
0.06913 0.04369
0.07189 0.05708
0.08751 0.06867
0.09462 0.04890
0.10396 0.08036
0.06534 0.04657
0.07065 0.04039
0.08749 0.05968
0.11661 0.06099
0.10149 0.07936
0.09123 0.08310
0.08631 0.08564
0.09119 0.06834
0.08922 0.04568
0.08719 0.06675
0.08310 0.04630
0.07076 0.07446
0.06465 0.03814
0.07287 0.02878
0.07233 0.05853
0.10925 0.05091
0.10677 0.06877
0.09701 0.06032
0.08474 0.04419
0.06713 0.03688
0.07550 0.07295
0.08412 0.06455
0.07105 0.03857
0.10442 0.06381
0.09341 0.07197
0.05094 0.02445
0.07096 0.04756
0.07187 0.04064
0.07618 0.02751
0.08855 0.08610
0.07053 0.05873
0.09808 0.04990
0.09256 0.07430
0.08398 0.04552
0.05582 0.03393
0.06570 0.03763
0.06964 0.02881
0.03910 0.02175
0.08585 0.07372
0.06246 0.02541
0.06393 0.04141
0.12225 0.04401
0.09858 0.06017
0.09922 0.06774
0.10076 0.04864
0.10319 0.06367
0.10071 0.04414
0.07925 0.04957
0.06283 0.02809
0.07162 0.03852
0.09151 0.03908
0.05978 0.03082
0.09245 0.07988
0.05905 0.03098
0.08766 0.06707
0.06361 0.03058
0.08782 0.04777
0.04106 0.02325
0.10195 0.07285
0.08905 0.07257
0.06322 0.02692
0.08134 0.04035
0.08855 0.04435
0.12041 0.07445
0.10185 0.06601
0.10679 0.05796
0.11453 0.05626
0.09908 0.04278
0.10339 0.03970
0.10606 0.05489
0.10486 0.07329
0.12458 0.04819
0.11518 0.06518
0.07350 0.04923
0.08781 0.03929
0.09572 0.02748
0.08406 0.05814
0.07927 0.04178
0.08750 0.04916
0.06886 0.04217
0.08638 0.05909
0.10746 0.07183
0.08899 0.05493
0.10904 0.07078
0.09033 0.06535
0.07665 0.03126
0.10768 0.06660
0.10246 0.05033
0.08648 0.04390
0.07327 0.04643
0.07275 0.04659
0.06104 0.03526
0.09982 0.06330
0.09622 0.07397
0.09352 0.05828
0.09095 0.04573
0.07652 0.05204
0.08859 0.05620
0.07998 0.04982
0.06982 0.02363
0.10915 0.04445
0.09984 0.04830
0.06306 0.02245
0.07389 0.04804
0.09401 0.05030
0.10825 0.04516
0.09341 0.06881
0.08339 0.07329
0.08261 0.05225
0.08502 0.02517
0.06996 0.04720
0.09268 0.06573
0.08036 0.03717
0.10682 0.07481
0.08240 0.08732
0.08749 0.04154
0.06748 0.04753
0.08341 0.05298
0.07161 0.04550
0.05778 0.02843
0.06275 0.02364
0.05592 0.03231
0.08660 0.06885
0.10634 0.04825
0.10801 0.06823
0.11194 0.05953
0.08153 0.07514
0.07515 0.02803
0.07260 0.03653
0.09025 0.06169
0.07848 0.02482
0.08879 0.04416
0.08009 0.06745
0.08945 0.06747
0.08951 0.04521
0.06926 0.04873
0.07086 0.03128
0.08994 0.05233
0.08665 0.04711
0.07179 0.06342
0.08632 0.06168
0.09256 0.04130
0.08876 0.02897
0.07281 0.02739
0.11207 0.07001
0.08803 0.05034
0.06716 0.06989
0.09215 0.06444
0.07921 0.07341
0.07670 0.05154
0.09752 0.04950
0.09284 0.06057
0.10508 0.06445
0.09692 0.07141
0.10017 0.07327
0.09620 0.06162
0.07887 0.03944
0.06745 0.03395
0.10235 0.06455
0.11942 0.06992
0.09645 0.04560
0.08788 0.07034
0.08954 0.08647
0.08120 0.06554
0.08078 0.04437
0.08486 0.03685
0.09308 0.07189
0.09307 0.04346
0.09905 0.04947
0.06743 0.03738
0.05688 0.02863
0.09196 0.06345
0.09196 0.07777
0.09416 0.06520
0.09019 0.05105
0.12325 0.05519
0.08511 0.05187
0.07497 0.05003
0.08917 0.06904
0.09802 0.04172
0.07557 0.03179
0.07912 0.03659
0.08594 0.06294
0.10871 0.06225
0.09202 0.03966
0.09898 0.04706
0.06538 0.02871
0.09304 0.04006
0.07834 0.04915
0.10030 0.07459
0.08221 0.06536
0.06742 0.02468
0.05457 0.02582
0.09443 0.06430
0.08277 0.02874
0.09213 0.07099
0.10911 0.06217
0.08379 0.08602
0.07962 0.04606
0.09377 0.07712
0.07840 0.06221
0.09821 0.07285
0.07269 0.04785
0.09533 0.08462
0.03421 0.02196
0.09343 0.05046
0.07518 0.04723
0.09539 0.07237
0.06745 0.03628
0.09051 0.06853
0.08940 0.06842
0.08014 0.05279
0.07576 0.05862
0.08662 0.04458
0.11312 0.07171
0.09285 0.05116
0.07090 0.04925
0.10229 0.07123
0.09119 0.06380
0.08642 0.07213
0.09617 0.04304
0.10566 0.06815
0.06084 0.02857
0.08910 0.03704
0.08136 0.04690
0.07494 0.05984
0.08599 0.04213
0.06963 0.03210
0.09000 0.08703
0.06459 0.02508
0.11140 0.06213
0.08027 0.06792
0.07928 0.03232
0.08619 0.06477
0.06515 0.05640
0.08748 0.04615
0.08818 0.03993
0.04705 0.02639
0.08460 0.06574
0.08433 0.04199
0.08679 0.05993
0.07770 0.04381
0.07667 0.03435
0.09481 0.05096
0.08349 0.04664
0.07188 0.05045
0.08280 0.04778
0.09547 0.04582
0.08391 0.02444
0.08751 0.05408
0.09579 0.06588
0.08748 0.04892
0.06686 0.02855
0.08190 0.02998
0.07837 0.04350
0.10014 0.07521
0.09371 0.04662
0.09325 0.04805
0.08532 0.06458
0.06783 0.02994
0.07440 0.03480
0.12462 0.05375
0.07960 0.03890
0.07819 0.05722
0.09956 0.06946
0.08318 0.06558
0.08364 0.04108
0.09610 0.04273
0.08763 0.06868
0.08439 0.03648
0.08153 0.04291
0.08658 0.04482
0.08117 0.05006
0.09934 0.08542
0.05713 0.02549
0.09224 0.06076
0.10643 0.06602
0.07953 0.07570
0.08881 0.06352
0.08116 0.04502
0.08082 0.04520
0.06591 0.03804
0.08482 0.06238
0.08052 0.08537
0.07572 0.04611
0.07803 0.03638
0.08817 0.04404
0.10923 0.04237
0.07939 0.05743
0.08713 0.04207
0.09031 0.03900
0.10133 0.05331
0.09890 0.04206
0.10375 0.04927
0.08157 0.04760
0.06776 0.02802
0.09316 0.05944
0.08435 0.06294
0.08059 0.05339
0.09493 0.04212
0.09190 0.05414
0.06309 0.03240
0.08592 0.04636
0.06395 0.02841
0.07441 0.07300
0.09769 0.07884
0.08719 0.04747
0.09036 0.04323
0.08968 0.04998
0.06079 0.02526
0.08826 0.04454
0.08214 0.05434
0.06644 0.02900
0.09085 0.05773
0.09124 0.04445
0.09566 0.07275
0.08355 0.05193
0.09406 0.06961
0.07757 0.03323
0.07012 0.02569
0.10385 0.06181
0.08610 0.04775
0.10342 0.06657
0.08978 0.03514
0.09195 0.02837
0.04363 0.02111
0.08852 0.06744
0.07726 0.04961
0.09661 0.05788
0.08572 0.02501
0.08293 0.06895
0.08036 0.08687
0.06225 0.04943
0.09698 0.06791
0.07797 0.02805
0.07433 0.04949
0.08384 0.06568
0.06228 0.03544
0.07827 0.02740
0.08451 0.05014
0.09439 0.05500
0.06672 0.02846
0.06929 0.04959
0.07734 0.04286
0.06979 0.04433
0.07611 0.04191
0.08177 0.04840
0.07713 0.03731
0.07795 0.03086
0.06948 0.05164
0.06695 0.04704
0.06777 0.02906
0.08988 0.06717
0.09673 0.05372
0.11964 0.06552
0.08156 0.08631
0.09810 0.05605
0.09495 0.04910
0.09957 0.06653
0.06315 0.04764
0.09095 0.07464
0.06332 0.02437
0.08290 0.05264
0.06841 0.03564
0.07059 0.03489
0.09272 0.04749
0.09870 0.05654
0.07522 0.03388
0.07956 0.04428
0.08991 0.04908
0.07568 0.06708
0.06511 0.05072
0.11225 0.07039
0.09021 0.02858
0.08788 0.05194
0.10222 0.07615
0.09115 0.04542
0.09438 0.06783
0.07679 0.06356
0.07269 0.04932
0.09813 0.07054
0.11045 0.03521
0.05750 0.02297
0.07861 0.04647
0.08414 0.03204
0.08063 0.05464
0.08581 0.04562
0.09671 0.06410
0.09517 0.07747
0.08899 0.07174
0.07989 0.04616
0.07619 0.03901
0.10497 0.06249
0.10912 0.06839
0.10677 0.07057
0.07812 0.06569
0.08600 0.07128
0.08515 0.06824
0.10328 0.05663
0.08694 0.06197
0.07548 0.06989
0.07081 0.02555
0.07997 0.08310
0.05183 0.02827
0.09130 0.03064
0.09743 0.05571
0.06179 0.03617
0.06838 0.04038
0.09872 0.06784
0.09499 0.04730
0.06660 0.04163
0.08029 0.06324
0.08926 0.04465
0.10373 0.06579
0.06475 0.03673
0.06711 0.04509
0.08720 0.06242
0.07200 0.04660
0.06469 0.02792
0.09920 0.06928
0.06641 0.03520
0.10872 0.07109
0.10653 0.07740
0.11578 0.06320
0.09568 0.07648
0.11350 0.07251
0.08596 0.04650
0.09587 0.07199
0.09130 0.06972
0.08873 0.04677
0.07245 0.03668
0.05853 0.05085
0.10379 0.04298
0.08956 0.06631
0.10185 0.05254
0.09452 0.04799
0.07312 0.04556
0.08362 0.04309
0.07843 0.05170
0.09834 0.07459
0.08349 0.05353
0.08992 0.06054
0.09147 0.04380
0.07692 0.07821
0.08918 0.02527
0.06544 0.05719
0.11919 0.06274
0.09238 0.04606
0.06479 0.02712
0.07715 0.04702
0.05799 0.02323
0.05955 0.02653
0.08019 0.02988
0.08714 0.04229
0.08961 0.04583
0.06719 0.02929
0.08831 0.06134
0.08793 0.06988
0.09666 0.07093
0.08452 0.04104
0.08542 0.06425
0.07805 0.08585
0.09084 0.06862
0.09797 0.06754
0.10438 0.05051
0.08815 0.06563
0.08314 0.06692
0.06998 0.05181
0.06707 0.06455
0.11494 0.06392
0.08982 0.04371
0.07287 0.04643
0.08235 0.04359
0.07527 0.04859
0.08694 0.03176
0.08014 0.05105
0.08958 0.02626
0.09547 0.06645
0.10137 0.06284
0.08729 0.04299
0.07966 0.04794
0.09605 0.06778
0.11557 0.06734
0.12131 0.06938
0.08439 0.04976
0.11002 0.04590
0.12084 0.06888
0.08732 0.05019
0.08792 0.04741
0.08483 0.04639
0.09288 0.05395
0.09837 0.06594
0.06979 0.04462
0.07938 0.02839
0.07505 0.03356
0.07582 0.06193
0.08267 0.04664
0.11997 0.06302
0.09959 0.07230
0.06676 0.02874
0.08703 0.07929
0.08683 0.06839
0.10215 0.05018
