0.04016 0.07567
0.02949 0.05500
0.02555 0.05820
0.03194 0.06654
0.02084 0.04426
0.02437 0.07361
0.02902 0.05904
0.01957 0.06064
0.03479 0.06564
0.02562 0.05675
0.02150 0.05377
0.03700 0.07312
0.02046 0.05997
0.02764 0.06660
0.04134 0.08904
0.02583 0.06401
0.02164 0.05446
0.02712 0.06994
0.03383 0.08904
0.01620 0.04523
0.03326 0.07415
0.01607 0.04958
0.02919 0.08981
0.02100 0.04932
0.02328 0.07063
0.03432 0.08831
0.03284 0.09263
0.02547 0.08250
0.01695 0.05364
0.02302 0.06654
0.01402 0.04544
0.02297 0.05752
0.02191 0.06108
0.03851 0.08957
0.02784 0.05887
0.02089 0.05800
0.02531 0.07954
0.02257 0.06247
0.01884 0.05882
0.02434 0.06609
0.02566 0.07780
0.03245 0.08790
0.01397 0.04458
0.03180 0.06838
0.03268 0.05703
0.02418 0.05487
0.03583 0.06416
0.02199 0.05903
0.03038 0.05224
0.02763 0.09076
0.02864 0.03571
0.02952 0.05923
0.02501 0.08036
0.02526 0.05671
0.02175 0.04797
0.03337 0.06468
0.02043 0.05623
0.02673 0.06479
0.02851 0.09170
0.02129 0.05785
0.02785 0.05475
0.01511 0.04239
0.03379 0.06722
0.02154 0.06376
0.03082 0.08701
0.03240 0.09015
0.02487 0.06332
0.01777 0.04838
0.01710 0.04618
0.01479 0.03141
0.02265 0.06266
0.02132 0.07490
0.02645 0.06467
0.01939 0.04383
0.01713 0.04915
0.02443 0.06019
0.01629 0.05199
0.02628 0.07772
0.02163 0.06825
0.04249 0.07086
0.03895 0.07514
0.02606 0.07733
0.02482 0.06232
0.03555 0.07879
0.03642 0.06454
0.02135 0.06054
0.01911 0.05964
0.02060 0.05702
0.02682 0.06156
0.01751 0.04795
0.02325 0.08291
0.03189 0.06259
0.03018 0.06240
0.02490 0.06579
0.03368 0.09819
0.02261 0.05593
0.03755 0.07426
0.02862 0.08871
0.02543 0.04873
0.02454 0.06941
0.02512 0.07980
0.02429 0.06096
0.02595 0.08634
0.02844 0.06945
0.02890 0.06883
0.02901 0.08987
0.02360 0.05853
0.02171 0.05862
0.02357 0.06298
0.01893 0.06131
0.01680 0.05452
0.01807 0.04816
0.02632 0.07813
0.03491 0.07787
0.03307 0.08920
0.02180 0.05193
0.02912 0.05905
0.02500 0.06386
0.03849 0.07125
0.04589 0.07481
0.02096 0.05910
0.02959 0.09878
0.02731 0.06388
0.03344 0.06808
0.02635 0.06298
0.02949 0.09475
0.03339 0.08453
0.01658 0.04603
0.02220 0.05208
0.03585 0.07111
0.02241 0.05327
0.03115 0.06399
0.02282 0.05417
0.02231 0.06089
0.04335 0.10072
0.01805 0.04780
0.02623 0.06434
0.03376 0.06411
0.02236 0.04391
0.02177 0.04672
0.02849 0.09954
0.03009 0.09695
0.02056 0.05481
0.02691 0.06096
0.03343 0.09950
0.03210 0.07027
0.03677 0.09444
0.03444 0.06997
0.01680 0.04580
0.02500 0.08243
0.02114 0.04998
0.03633 0.08895
0.03229 0.06581
0.02602 0.05455
0.03026 0.06330
0.04185 0.06294
0.02596 0.06530
0.02357 0.08110
0.02199 0.06026
0.01483 0.04580
0.02425 0.06068
0.02465 0.05909
0.03364 0.08073
0.02360 0.06376
0.02332 0.06493
0.02530 0.06399
0.02296 0.04994
0.03029 0.06619
0.03500 0.05613
0.03161 0.09579
0.01400 0.04641
0.02467 0.05392
0.03388 0.06464
0.02797 0.05217
0.05049 0.07468
0.04677 0.09343
0.02302 0.06286
0.03221 0.08512
0.02715 0.07827
0.02750 0.05504
0.02945 0.06244
0.02338 0.08340
0.02762 0.08988
0.01699 0.04805
0.03432 0.08229
0.01376 0.03897
0.01673 0.04652
0.02720 0.05705
0.03445 0.08897
0.03111 0.09178
0.02201 0.06604
0.02272 0.05629
0.02101 0.05859
0.02026 0.05418
0.02772 0.08547
0.02388 0.06213
0.03529 0.06280
0.03590 0.05604
0.02859 0.08151
0.01910 0.05717
