0.05280 0.02339
0.01634 0.01452
0.01690 0.01500
0.04373 0.03428
0.02180 0.02522
0.02751 0.02539
0.03481 0.02689
0.03422 0.03695
0.01957 0.01638
0.03054 0.02627
0.02166 0.02593
0.03373 0.03110
0.02836 0.03243
0.02652 0.03167
0.02464 0.02256
0.01464 0.01459
0.02701 0.02079
0.02642 0.02892
0.02982 0.02020
0.02501 0.02352
0.03023 0.03499
0.02415 0.02535
0.02235 0.02430
0.02970 0.02337
0.02716 0.02931
0.04165 0.02484
0.02394 0.01997
0.03316 0.02688
0.01713 0.01381
0.02112 0.01866
0.03088 0.03237
0.02680 0.02890
0.03195 0.01861
0.03062 0.03262
0.02391 0.02299
0.02666 0.03318
0.02632 0.02232
0.02185 0.02167
0.02503 0.02254
0.03139 0.02893
0.04534 0.03554
0.03033 0.03131
0.02453 0.01718
0.02425 0.02291
0.02664 0.02440
0.03693 0.02447
0.02631 0.02746
0.02730 0.02428
0.03085 0.03205
0.02359 0.01938
0.02337 0.02139
0.02411 0.02265
0.02550 0.02552
0.01459 0.01627
0.02747 0.02578
0.02393 0.02342
0.02924 0.02749
0.02707 0.02546
0.02709 0.03087
0.02232 0.03047
0.02410 0.02405
0.02579 0.02576
0.01713 0.01511
0.03714 0.03628
0.01628 0.01733
0.02462 0.02490
0.02946 0.03359
0.04000 0.03112
0.01986 0.02787
0.02602 0.02758
0.01779 0.01842
0.01990 0.01931
0.01669 0.01712
0.02404 0.02377
0.03339 0.04119
0.02931 0.02647
0.01655 0.01148
0.02703 0.02700
0.03427 0.02810
0.02740 0.03176
0.02123 0.02023
0.02619 0.01549
0.01952 0.02039
0.02593 0.02369
0.02390 0.02084
0.02349 0.01816
0.02477 0.02375
0.02406 0.02731
0.02628 0.02741
0.03693 0.02508
0.02591 0.01628
0.02304 0.02397
0.02211 0.02291
0.02783 0.02979
0.02629 0.02631
0.01962 0.01312
0.02115 0.03169
0.01842 0.02002
0.02502 0.02403
0.02592 0.02449
0.03601 0.02305
0.02277 0.02947
0.01637 0.01575
0.02623 0.02335
0.02610 0.02540
0.02623 0.02754
0.02294 0.03057
0.03129 0.03200
0.02981 0.02488
0.01354 0.01277
0.02944 0.02584
0.04297 0.02884
0.03558 0.02584
0.03117 0.03175
0.01822 0.01932
0.03797 0.02293
0.03117 0.03446
0.02033 0.01576
0.02820 0.02572
0.02492 0.02352
0.02702 0.02424
0.01874 0.02085
0.02609 0.02603
0.02735 0.02834
0.01893 0.01791
0.02855 0.03407
0.02594 0.02267
0.03221 0.03225
0.01734 0.01410
0.01925 0.01815
0.01609 0.01794
0.01945 0.02024
0.03339 0.02492
0.02258 0.02394
0.02133 0.02456
0.02402 0.01896
0.02548 0.02452
0.02814 0.03490
0.02763 0.02943
0.01831 0.02242
0.03337 0.03293
0.02233 0.02043
0.02171 0.03115
0.02622 0.02536
0.01991 0.01556
0.02292 0.02106
0.03112 0.03673
0.03870 0.03312
0.02995 0.03154
0.03098 0.02786
0.01670 0.01442
0.02541 0.02428
0.02838 0.03307
0.02433 0.02564
0.02437 0.01835
0.03376 0.03311
0.03640 0.03241
0.02970 0.01956
0.02457 0.02846
0.03293 0.02382
0.02836 0.02406
0.02286 0.02456
0.03597 0.02277
0.01592 0.01155
0.03521 0.03298
0.02036 0.02337
0.02215 0.02145
0.02272 0.02298
0.04149 0.02205
0.03532 0.03214
0.03740 0.03206
0.02677 0.02470
0.02027 0.01311
0.03843 0.02743
0.02902 0.03234
0.02211 0.01574
0.02876 0.03328
0.02848 0.01901
0.02511 0.02198
0.02035 0.01930
0.02993 0.02628
0.02316 0.02868
0.02908 0.01908
0.02329 0.01942
0.02344 0.02265
0.02582 0.02076
0.02106 0.02694
0.03262 0.03015
0.02441 0.02275
0.03232 0.03280
0.01310 0.01316
0.02370 0.02171
0.02519 0.01945
0.02637 0.01865
0.02158 0.02238
0.03230 0.03160
0.02273 0.02360
0.02471 0.02409
0.02801 0.02859
0.03381 0.02445
