136 5376 11.92129 3.12279 0.75296 1.35393 5 3 0 3 2 57 100.00000 0
788 3842 10.74027 3.10179 1.71932 3.14796 10 2 0 1 4 112 100.00000 0
3639 4606 10.30963 0.03521 0.44394 1.05165 87 71 12 87 51 518 100.00000 0
644 4962 10.71149 3.05329 0.89035 1.81876 31 6 2 26 13 178 100.00000 0
243 1953 11.63800 0.24712 0.49154 0.66323 50 43 4 48 20 277 100.00000 0
3712 4655 11.93130 0.31879 0.48025 0.37534 17 9 3 11 7 130 100.00000 0
2004 5259 11.67707 2.98746 1.98293 0.92238 15 0 0 9 3 115 100.00000 0
2145 5124 10.08740 2.92687 0.95279 2.22493 20 2 7 8 8 136 100.00000 0
1550 3198 11.41989 0.02848 0.54733 0.60974 50 49 1 50 35 219 100.00000 0
2533 4712 11.80353 3.12994 1.28404 2.23896 29 2 0 23 14 157 100.00000 0
833 2494 10.30965 0.05381 0.32142 0.43611 60 55 1 44 32 324 100.00000 0
1007 2700 10.46347 0.00817 0.49410 0.43879 51 44 5 47 35 261 100.00000 0
1661 3312 11.31256 0.10250 0.57018 1.07119 30 23 5 25 18 201 100.00000 0
403 2100 11.47804 0.09983 0.69831 0.34035 23 17 3 15 10 238 100.00000 0
1534 3208 11.67620 0.03358 0.13115 0.34605 34 26 8 32 18 208 100.00000 0
589 2288 10.95919 0.02587 0.15994 0.67260 51 44 6 46 29 290 100.00000 0
550 5029 10.41016 3.09732 1.14871 3.21905 21 1 1 21 9 111 100.00000 0
842 3783 11.93545 3.09398 1.23257 1.18960 11 2 0 7 4 84 100.00000 0
2390 4890 11.60265 3.13811 0.68708 2.39702 17 1 1 9 2 66 100.00000 0
743 4861 10.88555 3.13681 1.43809 1.98958 20 4 5 16 8 163 100.00000 0
3813 4777 10.23002 0.03804 0.47490 0.19782 43 29 13 38 21 234 100.00000 0
582 2262 11.35520 0.02476 0.45725 0.70942 39 34 2 31 22 275 100.00000 0
446 5121 10.31008 2.89163 1.06558 0.66264 18 3 1 13 5 142 100.00000 0
2044 5244 10.66355 3.06308 0.80141 1.49384 48 18 12 29 13 219 100.00000 0
1946 5329 11.74434 2.73203 1.03919 1.15758 26 7 1 23 14 124 100.00000 0
976 2666 10.07307 0.03653 0.43855 0.64589 22 19 0 16 13 175 100.00000 0
2489 4763 11.74640 3.07237 1.47388 1.83867 16 0 0 16 10 176 100.00000 0
2104 5181 10.10429 3.05098 0.56781 1.24960 14 9 2 8 7 116 100.00000 0
895 3724 11.70746 3.12927 1.14162 2.77601 21 6 0 15 9 157 100.00000 0
1000 2693 10.87926 0.02734 0.57687 0.84858 37 26 4 27 21 202 100.00000 0
560 2244 10.34940 0.03513 0.51711 0.80842 59 47 8 49 26 230 100.00000 0
675 3936 10.04436 2.55379 1.16811 1.28451 16 1 0 14 6 129 100.00000 0
709 2368 10.67656 0.21330 0.48421 0.71819 37 31 2 31 18 247 100.00000 0
2515 4752 11.43473 3.11735 0.86594 1.48780 11 5 0 9 6 90 100.00000 0
3708 4652 11.12419 0.34071 0.49277 1.30206 44 39 5 38 18 208 100.00000 0
356 2078 11.90709 0.05991 0.76030 1.56122 19 8 3 17 9 204 100.00000 0
569 5026 10.00868 3.08333 1.12434 1.51955 13 3 2 9 6 54 100.00000 0
674 2373 11.86279 0.45703 0.68481 0.51358 18 8 8 12 6 100 100.00000 0
678 3930 11.71887 2.60869 1.58906 1.37145 21 0 0 15 10 130 100.00000 0
2382 3936 10.91116 3.11171 0.58815 2.02217 15 10 2 11 5 150 100.00000 0
925 2581 11.68842 0.04156 0.11933 1.54231 24 21 2 17 9 141 100.00000 0
1947 5320 11.05873 2.74457 1.66751 1.72238 22 0 1 17 11 109 100.00000 0
610 4970 11.35571 3.12428 0.94939 2.14557 31 6 0 24 22 159 100.00000 0
2340 3950 11.63911 2.28591 0.84302 2.57572 41 1 4 32 22 223 100.00000 0
4168 5099 11.64545 0.61028 0.24039 1.60791 46 24 3 41 23 294 100.00000 0
4058 5007 10.84930 0.01445 0.22143 0.29074 38 34 2 24 19 308 100.00000 0
2174 5107 10.02640 3.08997 0.64635 1.52598 45 24 8 39 24 229 100.00000 0
544 4094 10.20710 3.12869 1.57667 3.40651 13 0 0 11 6 94 100.00000 0
437 5144 11.77698 3.00304 1.59323 3.37684 9 2 0 5 3 62 100.00000 0
2493 4778 11.12138 3.11368 1.34553 2.53976 17 6 6 13 8 127 100.00000 0
2427 3891 11.61145 3.12966 1.29871 1.92091 60 25 0 50 21 334 100.00000 0
2355 3931 11.53232 2.54781 1.45047 1.50948 21 3 0 18 9 156 100.00000 0
650 3998 11.78803 2.91330 1.16312 3.31411 17 5 2 8 4 114 100.00000 0
1680 3388 11.48121 0.97328 0.88391 1.90310 66 14 5 66 37 273 100.00000 0
841 3785 11.07551 3.09259 1.23304 1.39718 17 1 0 11 7 124 100.00000 0
2172 5113 11.52031 3.11062 1.28352 1.00483 35 2 2 31 15 181 100.00000 0
2250 4062 11.78848 3.13045 1.60665 1.49881 20 0 0 15 7 105 100.00000 0
2526 3783 10.31615 3.13565 0.41962 2.27262 14 12 1 14 9 134 100.00000 0
778 2458 10.79463 0.02716 0.60623 0.35054 40 30 0 25 19 291 100.00000 0
3596 4535 10.11508 0.09803 0.25445 1.28998 35 32 1 31 19 232 100.00000 0
429 5150 10.65522 3.00195 0.95040 1.29935 25 17 0 23 13 102 100.00000 0
2182 5092 11.76291 3.12019 0.65471 2.30478 29 13 3 29 13 183 100.00000 0
4171 5108 11.75264 0.77976 0.55990 1.91745 48 24 1 41 20 241 100.00000 0
2416 3900 10.24818 3.13990 1.52983 2.46752 23 6 2 16 12 161 100.00000 0
3596 4561 10.82686 0.02832 0.69528 1.60815 51 38 12 44 24 251 100.00000 0
663 4948 11.21786 2.65241 0.57653 3.32484 13 3 1 6 4 88 100.00000 0
196 5351 11.16528 3.07223 1.00157 1.45858 24 9 4 16 14 157 100.00000 0
1638 3280 11.84708 0.02932 0.55463 0.50590 46 34 11 42 30 229 100.00000 0
2234 4100 10.59321 3.11914 1.39123 3.73979 11 1 0 7 4 52 100.00000 0
3714 4658 11.05753 0.25151 0.52364 1.02793 29 26 0 24 16 160 100.00000 0
1453 3101 10.51488 0.01896 0.35406 0.28393 31 13 16 23 9 143 100.00000 0
613 4006 10.80174 3.13620 0.92581 2.56887 12 1 1 12 6 113 100.00000 0
459 2172 10.93767 0.20373 0.47142 0.58148 46 34 5 38 29 313 100.00000 0
674 3972 10.94729 2.84530 0.72528 1.64282 38 17 2 35 17 157 100.00000 0
587 2287 11.72779 0.02617 0.68487 0.37742 39 25 8 32 14 273 100.00000 0
206 1926 11.39087 0.56721 1.06495 0.69774 91 56 24 79 36 430 100.00000 0
3876 4847 11.90419 0.00792 0.60279 0.45628 59 40 15 57 27 338 100.00000 0
940 4629 11.60252 2.19801 0.82362 1.17869 62 49 5 53 31 317 100.00000 0
531 2236 10.44393 0.01136 0.35176 0.86003 47 40 6 41 27 234 100.00000 0
2332 4928 10.44883 2.51728 1.29110 2.21010 58 2 0 52 34 337 100.00000 0
617 2316 10.64289 0.00780 0.68998 0.57403 26 11 3 20 6 273 100.00000 0
4128 5070 11.75155 0.05453 0.61419 1.01568 24 19 0 17 15 143 100.00000 0
4115 5059 11.25828 0.00781 0.28382 0.66382 27 19 7 19 10 175 100.00000 0
2490 3826 10.80704 3.12297 1.47186 1.89589 26 15 3 14 10 192 100.00000 0
687 2341 11.94929 0.71080 0.37476 1.15318 39 29 7 30 22 136 100.00000 0
2070 5218 10.22833 3.08474 1.22649 1.96423 17 5 2 10 4 164 100.00000 0
942 4632 11.85576 2.23617 0.41995 0.84719 57 38 13 43 18 310 100.00000 0
461 4174 11.06802 2.00171 1.29935 2.04928 43 9 7 38 10 291 100.00000 0
4071 5039 11.58759 0.05218 0.54923 0.87804 24 15 4 16 10 120 100.00000 0
697 4909 11.46042 3.11627 1.30744 2.56628 7 1 1 1 3 87 100.00000 0
592 4028 10.66870 3.12096 1.35910 2.00701 43 0 0 33 15 212 100.00000 0
1553 3201 11.06317 0.02811 0.63729 0.78335 38 32 3 34 29 218 100.00000 0
4153 5107 11.61201 0.35407 0.40241 0.82424 50 43 5 46 25 236 100.00000 0
566 5013 10.95632 3.09711 1.51140 1.12813 25 0 0 17 9 126 100.00000 0
677 2374 11.17772 0.39846 0.34112 0.55813 22 17 5 18 12 141 100.00000 0
2430 4847 10.06805 3.12970 0.67508 1.82863 88 22 23 84 20 420 100.00000 0
1021 2697 10.74601 0.00637 0.52547 0.38664 48 41 5 45 30 194 100.00000 0
762 4843 10.68134 3.12868 1.00756 1.90022 51 29 5 46 21 342 100.00000 0
697 3948 11.22365 3.10169 0.96097 1.85351 8 0 2 1 0 91 100.00000 0
347 2069 10.25467 0.05346 1.30476 0.39167 24 8 3 9 4 235 100.00000 0
639 2343 11.23128 0.59822 0.94891 1.52726 53 26 8 47 37 271 100.00000 0
2577 3702 11.56777 2.89834 1.63345 2.08994 17 4 0 11 10 121 100.00000 0
757 2420 10.30308 0.00808 0.47218 0.65312 73 56 15 62 31 414 100.00000 0
761 4824 11.60918 3.12781 1.18457 2.94411 55 7 5 45 18 364 100.00000 0
310 2037 11.00547 0.08125 0.29547 0.97639 23 16 3 15 11 281 100.00000 0
1431 3074 11.13807 0.30732 0.39265 1.53951 11 8 0 11 4 89 100.00000 0
137 5378 11.90650 3.09767 0.66518 1.28420 13 8 2 13 6 87 100.00000 0
4047 4996 11.62425 0.02259 0.42478 1.40889 43 37 1 36 19 211 100.00000 0
2135 5132 10.26642 3.00705 1.53366 0.46225 20 0 0 18 6 90 100.00000 0
2277 4031 11.83600 3.13328 1.69934 1.89878 33 0 1 21 10 196 100.00000 0
468 4159 11.03084 2.53441 1.41209 1.21273 50 10 24 46 13 302 100.00000 0
1480 3131 11.43637 0.03320 0.37613 0.34943 60 56 4 57 38 405 100.00000 0
2214 4103 10.80985 3.08739 1.90934 3.50453 19 0 0 12 5 113 100.00000 0
4160 5108 10.66491 0.48043 0.51372 1.02336 61 45 1 51 32 267 100.00000 0
3718 4684 10.02011 0.03842 0.68584 0.63304 36 25 6 34 21 216 100.00000 0
634 4945 11.14350 2.87061 1.12445 2.63745 19 10 5 15 8 126 100.00000 0
788 4816 10.05842 3.11728 0.58254 2.58573 29 14 7 25 10 196 100.00000 0
486 5098 10.34994 3.03570 0.80117 2.12375 22 15 4 16 10 158 100.00000 0
2177 5097 11.62230 3.06622 1.31933 1.95084 29 1 0 27 10 196 100.00000 0
494 4157 11.60848 2.97025 1.07198 2.65476 13 3 2 4 3 100 100.00000 0
2357 4893 10.46996 2.60736 1.59927 0.80454 18 1 1 11 6 148 100.00000 0
1613 3255 11.98887 0.02737 0.55955 0.68070 50 41 8 47 28 290 100.00000 0
734 3888 11.81277 3.12974 0.92681 1.58437 28 3 6 21 2 208 100.00000 0
257 5284 11.46593 2.95364 1.31101 0.73008 20 1 0 15 6 134 100.00000 0
692 2349 10.51250 0.52118 0.26016 1.29150 29 17 8 20 11 180 100.00000 0
2563 3720 11.41264 3.13139 1.07465 2.02139 18 4 2 11 7 145 100.00000 0
824 3804 11.44454 3.07048 1.38667 2.42334 29 3 3 27 12 206 100.00000 0
2182 4176 10.18623 2.29928 0.63854 1.87826 45 27 3 43 24 251 100.00000 0
3705 4674 11.76040 0.23167 0.44591 0.64528 32 24 6 24 15 191 100.00000 0
2195 4152 11.36919 3.03954 0.73409 2.08994 12 6 1 10 3 55 100.00000 0
940 4638 10.44231 2.35295 0.64342 1.50272 48 41 5 37 24 283 100.00000 0
634 3981 11.78940 2.81591 1.20010 2.58467 18 0 0 9 3 163 100.00000 0
1457 3136 11.46753 0.06903 0.75985 1.09110 36 24 3 30 22 250 100.00000 0
2541 3748 10.85111 3.07535 1.10958 0.94709 22 5 0 20 13 211 100.00000 0
906 4666 10.64531 3.03913 1.22896 3.27022 21 0 1 15 5 112 100.00000 0
1626 3269 10.47484 0.02782 0.73399 0.50899 56 35 18 49 29 327 100.00000 0
2422 4856 10.96830 3.13239 1.22993 1.80450 25 9 4 21 11 196 100.00000 0
670 2369 11.19629 0.49906 0.48616 0.95940 33 21 8 33 21 155 100.00000 0
3733 4679 10.39465 0.03934 0.29692 0.93209 38 32 5 33 20 251 100.00000 0
1396 3081 11.00135 0.55455 0.58596 0.57539 46 36 8 35 23 229 100.00000 0
3958 4939 10.66157 0.69696 0.74413 0.60263 52 38 13 45 19 331 100.00000 0
2529 3762 10.92583 3.09764 1.11240 2.43655 38 7 3 34 12 235 100.00000 0
796 4809 11.59035 3.10642 0.69415 2.00545 28 22 2 24 12 248 100.00000 0
461 4184 11.81846 1.68117 0.93824 1.95585 41 16 8 29 14 238 100.00000 0
541 2226 11.49723 0.02005 0.42117 0.75069 14 11 2 14 9 124 100.00000 0
802 4802 10.86504 3.10626 0.84498 1.32707 33 15 4 30 12 219 100.00000 0
700 3945 11.49248 3.11606 0.71706 1.97477 7 4 1 7 4 66 100.00000 0
3652 4597 10.41791 0.03204 0.36318 1.70272 73 72 1 68 31 443 100.00000 0
1295 2970 11.17072 0.01139 0.30260 0.41871 29 25 2 17 13 234 100.00000 0
1054 2731 11.99553 0.00913 0.61153 0.60133 37 36 0 31 19 203 100.00000 0
3658 4603 10.67150 0.02717 0.48528 0.79672 73 68 5 67 42 369 100.00000 0
400 2118 10.44191 0.16050 0.61856 0.28255 40 32 2 32 23 235 100.00000 0
2347 4944 11.84810 2.67898 1.55633 2.32574 21 0 2 14 7 141 100.00000 0
2308 4957 11.53459 3.08270 0.98968 2.11174 29 21 7 26 12 259 100.00000 0
1053 2731 10.83645 0.01043 0.46432 0.60523 41 36 5 35 20 252 100.00000 0
887 3752 10.21932 3.08382 0.36533 1.86593 41 35 3 34 24 209 100.00000 0
1477 3128 11.03882 0.01932 0.46615 0.27124 49 39 7 46 23 310 100.00000 0
3677 4623 10.12217 0.15192 0.32204 0.99190 93 83 8 91 63 405 100.00000 0
314 2018 10.77043 0.08374 0.17593 0.63118 40 34 2 19 22 320 100.00000 0
817 4786 11.00763 3.09832 0.73074 1.73416 42 21 6 26 14 270 100.00000 0
1949 5317 10.78087 2.75912 1.46155 1.76458 24 0 1 19 15 152 100.00000 0
1389 3031 11.51288 0.55584 0.33028 0.82424 111 97 8 111 82 358 100.00000 0
5426 5536 10.62562 0.00675 0.43406 0.34264 38 32 3 25 15 402 100.00000 0
1285 2934 11.92193 0.01450 0.88244 0.53082 58 29 24 56 33 238 100.00000 0
600 2277 11.91047 0.01061 0.37491 0.53008 63 59 4 59 40 277 100.00000 0
618 2292 11.68035 0.01462 0.28290 1.25990 30 23 1 28 17 232 100.00000 0
224 1937 11.76984 0.37191 0.56609 0.29074 69 57 12 65 42 298 100.00000 0
270 5294 10.66483 3.11474 0.86412 0.59017 18 8 0 13 12 86 100.00000 0
944 3672 11.28042 2.26879 0.20350 1.44049 88 80 6 77 36 414 100.00000 0
656 4955 11.70043 2.78651 0.68332 2.59586 18 4 4 9 4 126 100.00000 0
667 4904 11.18733 2.38016 1.46327 3.84481 13 2 1 11 5 143 100.00000 0
2438 3861 11.49946 3.13012 1.16770 2.78853 49 2 0 42 25 347 100.00000 0
2043 5246 11.85717 3.05463 1.48245 1.28146 30 6 5 23 11 221 100.00000 0
409 2105 11.49739 0.10281 0.73598 0.66323 29 22 4 29 14 135 100.00000 0
684 2338 11.82251 0.76163 0.11810 1.03401 50 41 4 43 23 217 100.00000 0
1439 3119 11.31318 0.05056 0.51861 0.43701 17 10 4 5 7 161 100.00000 0
539 4100 11.09622 3.12502 0.98681 7.26458 7 1 0 3 3 77 100.00000 0
2353 4932 10.61107 2.91770 0.79072 1.38790 16 6 2 16 6 96 100.00000 0
677 3969 11.13485 2.89401 1.09290 2.24786 17 2 4 17 7 110 100.00000 0
3651 4621 11.06482 0.03315 0.61315 1.87972 50 31 5 46 16 322 100.00000 0
590 4992 10.14524 3.12284 1.07066 2.19053 34 11 1 29 14 249 100.00000 0
