578 5020 11.43621 3.12303 41.12656 178.93578 4 1 0 1 3
136 5376 11.92129 3.12279 0.75296 1.35393 5 3 0 3 2
92 159 10.90026 0.22630 6.11008 7.01202 33 0 0 31 20
788 3842 10.74027 3.10179 1.71932 3.14796 10 2 0 1 4
3639 4606 10.30963 0.03521 0.44394 1.05165 87 71 12 87 51
644 4962 10.71149 3.05329 0.89035 1.81876 31 6 2 26 13
243 1953 11.63800 0.24712 0.49154 0.66323 50 43 4 48 20
3712 4655 11.93130 0.31879 0.48025 0.37534 17 9 3 11 7
2004 5259 11.67707 2.98746 1.98293 0.92238 15 0 0 9 3
2145 5124 10.08740 2.92687 0.95279 2.22493 20 2 7 8 8
1550 3198 11.41989 0.02848 0.54733 0.60974 50 49 1 50 35
2533 4712 11.80353 3.12994 1.28404 2.23896 29 2 0 23 14
833 2494 10.30965 0.05381 0.32142 0.43611 60 55 1 44 32
1007 2700 10.46347 0.00817 0.49410 0.43879 51 44 5 47 35
615 4004 10.56244 3.14075 2.02553 1.72147 18 0 0 15 9
1661 3312 11.31256 0.10250 0.57018 1.07119 30 23 5 25 18
403 2100 11.47804 0.09983 0.69831 0.34035 23 17 3 15 10
1534 3208 11.67620 0.03358 0.13115 0.34605 34 26 8 32 18
589 2288 10.95919 0.02587 0.15994 0.67260 51 44 6 46 29
550 5029 10.41016 3.09732 1.14871 3.21905 21 1 1 21 9
842 3783 11.93545 3.09398 1.23257 1.18960 11 2 0 7 4
2390 4890 11.60265 3.13811 0.68708 2.39702 17 1 1 9 2
743 4861 10.88555 3.13681 1.43809 1.98958 20 4 5 16 8
2261 4049 11.76058 3.13964 2.64252 1.21563 15 0 0 10 4
3813 4777 10.23002 0.03804 0.47490 0.19782 43 29 13 38 21
654 4922 10.28362 2.40536 2.03666 2.35916 71 7 0 69 37
582 2262 11.35520 0.02476 0.45725 0.70942 39 34 2 31 22
446 5121 10.31008 2.89163 1.06558 0.66264 18 3 1 13 5
2044 5244 10.66355 3.06308 0.80141 1.49384 48 18 12 29 13
1946 5329 11.74434 2.73203 1.03919 1.15758 26 7 1 23 14
976 2666 10.07307 0.03653 0.43855 0.64589 22 19 0 16 13
2489 4763 11.74640 3.07237 1.47388 1.83867 16 0 0 16 10
2104 5181 10.10429 3.05098 0.56781 1.24960 14 9 2 8 7
895 3724 11.70746 3.12927 1.14162 2.77601 21 6 0 15 9
438 2153 11.04805 0.07786 9.86467 40.08328 22 11 1 13 14
1000 2693 10.87926 0.02734 0.57687 0.84858 37 26 4 27 21
2282 4025 11.86480 3.13588 2.33836 1.61641 42 0 0 40 17
560 2244 10.34940 0.03513 0.51711 0.80842 59 47 8 49 26
675 3936 10.04436 2.55379 1.16811 1.28451 16 1 0 14 6
709 2368 10.67656 0.21330 0.48421 0.71819 37 31 2 31 18
2515 4752 11.43473 3.11735 0.86594 1.48780 11 5 0 9 6
3708 4652 11.12419 0.34071 0.49277 1.30206 44 39 5 38 18
356 2078 11.90709 0.05991 0.76030 1.56122 19 8 3 17 9
569 5026 10.00868 3.08333 1.12434 1.51955 13 3 2 9 6
674 2373 11.86279 0.45703 0.68481 0.51358 18 8 8 12 6
678 3930 11.71887 2.60869 1.58906 1.37145 21 0 0 15 10
2382 3936 10.91116 3.11171 0.58815 2.02217 15 10 2 11 5
925 2581 11.68842 0.04156 0.11933 1.54231 24 21 2 17 9
2572 4686 10.71264 3.08337 3.18784 176.66375 5 1 0 0 1
97 5378 11.99398 3.12519 6.52720 7.15453 17 0 0 15 9
1947 5320 11.05873 2.74457 1.66751 1.72238 22 0 1 17 11
610 4970 11.35571 3.12428 0.94939 2.14557 31 6 0 24 22
2340 3950 11.63911 2.28591 0.84302 2.57572 41 1 4 32 22
4168 5099 11.64545 0.61028 0.24039 1.60791 46 24 3 41 23
4058 5007 10.84930 0.01445 0.22143 0.29074 38 34 2 24 19
2174 5107 10.02640 3.08997 0.64635 1.52598 45 24 8 39 24
544 4094 10.20710 3.12869 1.57667 3.40651 13 0 0 11 6
437 5144 11.77698 3.00304 1.59323 3.37684 9 2 0 5 3
2493 4778 11.12138 3.11368 1.34553 2.53976 17 6 6 13 8
2427 3891 11.61145 3.12966 1.29871 1.92091 60 25 0 50 21
2355 3931 11.53232 2.54781 1.45047 1.50948 21 3 0 18 9
650 3998 11.78803 2.91330 1.16312 3.31411 17 5 2 8 4
1680 3388 11.48121 0.97328 0.88391 1.90310 66 14 5 66 37
841 3785 11.07551 3.09259 1.23304 1.39718 17 1 0 11 7
2172 5113 11.52031 3.11062 1.28352 1.00483 35 2 2 31 15
2250 4062 11.78848 3.13045 1.60665 1.49881 20 0 0 15 7
2526 3783 10.31615 3.13565 0.41962 2.27262 14 12 1 14 9
778 2458 10.79463 0.02716 0.60623 0.35054 40 30 0 25 19
3596 4535 10.11508 0.09803 0.25445 1.28998 35 32 1 31 19
429 5150 10.65522 3.00195 0.95040 1.29935 25 17 0 23 13
2182 5092 11.76291 3.12019 0.65471 2.30478 29 13 3 29 13
2076 5190 11.97962 3.03250 11.85717 33.69352 7 0 0 1 1
4171 5108 11.75264 0.77976 0.55990 1.91745 48 24 1 41 20
2416 3900 10.24818 3.13990 1.52983 2.46752 23 6 2 16 12
3596 4561 10.82686 0.02832 0.69528 1.60815 51 38 12 44 24
663 4948 11.21786 2.65241 0.57653 3.32484 13 3 1 6 4
196 5351 11.16528 3.07223 1.00157 1.45858 24 9 4 16 14
1638 3280 11.84708 0.02932 0.55463 0.50590 46 34 11 42 30
2234 4100 10.59321 3.11914 1.39123 3.73979 11 1 0 7 4
3714 4658 11.05753 0.25151 0.52364 1.02793 29 26 0 24 16
1453 3101 10.51488 0.01896 0.35406 0.28393 31 13 16 23 9
613 4006 10.80174 3.13620 0.92581 2.56887 12 1 1 12 6
459 2172 10.93767 0.20373 0.47142 0.58148 46 34 5 38 29
674 3972 10.94729 2.84530 0.72528 1.64282 38 17 2 35 17
587 2287 11.72779 0.02617 0.68487 0.37742 39 25 8 32 14
206 1926 11.39087 0.56721 1.06495 0.69774 91 56 24 79 36
3876 4847 11.90419 0.00792 0.60279 0.45628 59 40 15 57 27
940 4629 11.60252 2.19801 0.82362 1.17869 62 49 5 53 31
531 2236 10.44393 0.01136 0.35176 0.86003 47 40 6 41 27
2332 4928 10.44883 2.51728 1.29110 2.21010 58 2 0 52 34
617 2316 10.64289 0.00780 0.68998 0.57403 26 11 3 20 6
4128 5070 11.75155 0.05453 0.61419 1.01568 24 19 0 17 15
4115 5059 11.25828 0.00781 0.28382 0.66382 27 19 7 19 10
2490 3826 10.80704 3.12297 1.47186 1.89589 26 15 3 14 10
687 2341 11.94929 0.71080 0.37476 1.15318 39 29 7 30 22
2070 5218 10.22833 3.08474 1.22649 1.96423 17 5 2 10 4
942 4632 11.85576 2.23617 0.41995 0.84719 57 38 13 43 18
461 4174 11.06802 2.00171 1.29935 2.04928 43 9 7 38 10
4071 5039 11.58759 0.05218 0.54923 0.87804 24 15 4 16 10
697 4909 11.46042 3.11627 1.30744 2.56628 7 1 1 1 3
592 4028 10.66870 3.12096 1.35910 2.00701 43 0 0 33 15
1553 3201 11.06317 0.02811 0.63729 0.78335 38 32 3 34 29
4153 5107 11.61201 0.35407 0.40241 0.82424 50 43 5 46 25
566 5013 10.95632 3.09711 1.51140 1.12813 25 0 0 17 9
677 2374 11.17772 0.39846 0.34112 0.55813 22 17 5 18 12
2430 4847 10.06805 3.12970 0.67508 1.82863 88 22 23 84 20
1021 2697 10.74601 0.00637 0.52547 0.38664 48 41 5 45 30
762 4843 10.68134 3.12868 1.00756 1.90022 51 29 5 46 21
697 3948 11.22365 3.10169 0.96097 1.85351 8 0 2 1 0
347 2069 10.25467 0.05346 1.30476 0.39167 24 8 3 9 4
639 2343 11.23128 0.59822 0.94891 1.52726 53 26 8 47 37
2577 3702 11.56777 2.89834 1.63345 2.08994 17 4 0 11 10
757 2420 10.30308 0.00808 0.47218 0.65312 73 56 15 62 31
761 4824 11.60918 3.12781 1.18457 2.94411 55 7 5 45 18
310 2037 11.00547 0.08125 0.29547 0.97639 23 16 3 15 11
1431 3074 11.13807 0.30732 0.39265 1.53951 11 8 0 11 4
905 4667 10.86729 3.05894 2.24393 3.01714 10 0 0 6 3
137 5378 11.90650 3.09767 0.66518 1.28420 13 8 2 13 6
4047 4996 11.62425 0.02259 0.42478 1.40889 43 37 1 36 19
2135 5132 10.26642 3.00705 1.53366 0.46225 20 0 0 18 6
2277 4031 11.83600 3.13328 1.69934 1.89878 33 0 1 21 10
468 4159 11.03084 2.53441 1.41209 1.21273 50 10 24 46 13
1480 3131 11.43637 0.03320 0.37613 0.34943 60 56 4 57 38
2214 4103 10.80985 3.08739 1.90934 3.50453 19 0 0 12 5
4160 5108 10.66491 0.48043 0.51372 1.02336 61 45 1 51 32
3718 4684 10.02011 0.03842 0.68584 0.63304 36 25 6 34 21
634 4945 11.14350 2.87061 1.12445 2.63745 19 10 5 15 8
788 4816 10.05842 3.11728 0.58254 2.58573 29 14 7 25 10
8 159 10.90026 0.22630 5.84481 6.59481 29 0 0 29 20
486 5098 10.34994 3.03570 0.80117 2.12375 22 15 4 16 10
2177 5097 11.62230 3.06622 1.31933 1.95084 29 1 0 27 10
494 4157 11.60848 2.97025 1.07198 2.65476 13 3 2 4 3
2357 4893 10.46996 2.60736 1.59927 0.80454 18 1 1 11 6
1613 3255 11.98887 0.02737 0.55955 0.68070 50 41 8 47 28
734 3888 11.81277 3.12974 0.92681 1.58437 28 3 6 21 2
257 5284 11.46593 2.95364 1.31101 0.73008 20 1 0 15 6
692 2349 10.51250 0.52118 0.26016 1.29150 29 17 8 20 11
2563 3720 11.41264 3.13139 1.07465 2.02139 18 4 2 11 7
824 3804 11.44454 3.07048 1.38667 2.42334 29 3 3 27 12
2182 4176 10.18623 2.29928 0.63854 1.87826 45 27 3 43 24
3705 4674 11.76040 0.23167 0.44591 0.64528 32 24 6 24 15
2195 4152 11.36919 3.03954 0.73409 2.08994 12 6 1 10 3
940 4638 10.44231 2.35295 0.64342 1.50272 48 41 5 37 24
634 3981 11.78940 2.81591 1.20010 2.58467 18 0 0 9 3
1 161 11.92404 0.22584 6.44201 9.24106 16 0 0 7 5
1457 3136 11.46753 0.06903 0.75985 1.09110 36 24 3 30 22
2541 3748 10.85111 3.07535 1.10958 0.94709 22 5 0 20 13
906 4666 10.64531 3.03913 1.22896 3.27022 21 0 1 15 5
1626 3269 10.47484 0.02782 0.73399 0.50899 56 35 18 49 29
2422 4856 10.96830 3.13239 1.22993 1.80450 25 9 4 21 11
153 5375 11.47355 2.95406 2.67932 17.87844 5 3 0 5 2
670 2369 11.19629 0.49906 0.48616 0.95940 33 21 8 33 21
3733 4679 10.39465 0.03934 0.29692 0.93209 38 32 5 33 20
1396 3081 11.00135 0.55455 0.58596 0.57539 46 36 8 35 23
3958 4939 10.66157 0.69696 0.74413 0.60263 52 38 13 45 19
2529 3762 10.92583 3.09764 1.11240 2.43655 38 7 3 34 12
796 4809 11.59035 3.10642 0.69415 2.00545 28 22 2 24 12
461 4184 11.81846 1.68117 0.93824 1.95585 41 16 8 29 14
541 2226 11.49723 0.02005 0.42117 0.75069 14 11 2 14 9
802 4802 10.86504 3.10626 0.84498 1.32707 33 15 4 30 12
700 3945 11.49248 3.11606 0.71706 1.97477 7 4 1 7 4
3652 4597 10.41791 0.03204 0.36318 1.70272 73 72 1 68 31
1295 2970 11.17072 0.01139 0.30260 0.41871 29 25 2 17 13
179 5351 10.79003 3.06699 3.62019 2.01383 23 4 1 6 2
1054 2731 11.99553 0.00913 0.61153 0.60133 37 36 0 31 19
3658 4603 10.67150 0.02717 0.48528 0.79672 73 68 5 67 42
400 2118 10.44191 0.16050 0.61856 0.28255 40 32 2 32 23
2347 4944 11.84810 2.67898 1.55633 2.32574 21 0 2 14 7
2308 4957 11.53459 3.08270 0.98968 2.11174 29 21 7 26 12
1053 2731 10.83645 0.01043 0.46432 0.60523 41 36 5 35 20
887 3752 10.21932 3.08382 0.36533 1.86593 41 35 3 34 24
1477 3128 11.03882 0.01932 0.46615 0.27124 49 39 7 46 23
313 5258 10.32121 3.10810 14.57579 178.08092 16 0 0 14 13
3677 4623 10.12217 0.15192 0.32204 0.99190 93 83 8 91 63
2572 4687 11.84642 3.08366 12.24873 176.67999 6 0 0 4 1
314 2018 10.77043 0.08374 0.17593 0.63118 40 34 2 19 22
817 4786 11.00763 3.09832 0.73074 1.73416 42 21 6 26 14
1949 5317 10.78087 2.75912 1.46155 1.76458 24 0 1 19 15
1389 3031 11.51288 0.55584 0.33028 0.82424 111 97 8 111 82
5426 5536 10.62562 0.00675 0.43406 0.34264 38 32 3 25 15
723 3920 11.65564 3.13268 2.61028 2.27916 24 10 8 19 9
1285 2934 11.92193 0.01450 0.88244 0.53082 58 29 24 56 33
600 2277 11.91047 0.01061 0.37491 0.53008 63 59 4 59 40
618 2292 11.68035 0.01462 0.28290 1.25990 30 23 1 28 17
224 1937 11.76984 0.37191 0.56609 0.29074 69 57 12 65 42
270 5294 10.66483 3.11474 0.86412 0.59017 18 8 0 13 12
944 3672 11.28042 2.26879 0.20350 1.44049 88 80 6 77 36
656 4955 11.70043 2.78651 0.68332 2.59586 18 4 4 9 4
667 4904 11.18733 2.38016 1.46327 3.84481 13 2 1 11 5
2438 3861 11.49946 3.13012 1.16770 2.78853 49 2 0 42 25
2043 5246 11.85717 3.05463 1.48245 1.28146 30 6 5 23 11
409 2105 11.49739 0.10281 0.73598 0.66323 29 22 4 29 14
684 2338 11.82251 0.76163 0.11810 1.03401 50 41 4 43 23
1993 5270 11.50930 2.92640 12.64316 167.67075 16 1 0 14 7
1439 3119 11.31318 0.05056 0.51861 0.43701 17 10 4 5 7
539 4100 11.09622 3.12502 0.98681 7.26458 7 1 0 3 3
2353 4932 10.61107 2.91770 0.79072 1.38790 16 6 2 16 6
677 3969 11.13485 2.89401 1.09290 2.24786 17 2 4 17 7
3651 4621 11.06482 0.03315 0.61315 1.87972 50 31 5 46 16
590 4992 10.14524 3.12284 1.07066 2.19053 34 11 1 29 14
