2000 3419 11.77103 2.29658 0.24576 2.61644 46 1 4 46 28 348 100.00000 0
939 4195 10.75276 0.55559 0.52154 4.49501 85 16 5 85 56 766 100.00000 0
1981 4568 11.29674 0.04255 0.81666 3.44014 19 0 0 19 13 308 100.00000 0
1795 4404 10.92120 0.64557 0.39195 1.98741 55 1 0 52 31 518 100.00000 0
3424 4572 11.36026 1.65936 0.59374 2.15849 69 0 0 69 53 426 100.00000 0
941 4221 11.09795 0.03076 0.26453 1.87784 131 16 9 126 112 955 100.00000 0
3313 4624 11.54661 1.93089 0.67157 6.23907 47 1 0 44 17 269 100.00000 0
3398 4574 11.66679 2.98580 0.40816 0.38052 87 2 3 80 63 573 100.00000 0
2013 3414 11.94384 2.91902 0.30370 2.40680 43 2 2 43 21 366 100.00000 0
1004 4265 11.18746 0.01602 0.17669 1.21112 50 7 11 48 26 900 100.00000 0
3411 4586 11.09934 2.30212 0.62766 3.09124 33 1 2 28 13 422 100.00000 0
3360 4601 10.07671 3.12944 0.11745 3.16953 159 43 35 159 114 755 100.00000 0
3316 4625 10.05877 1.99911 0.32905 6.26685 108 0 0 108 48 384 100.00000 0
2015 4579 11.80682 1.34021 0.49015 4.25588 53 3 0 48 31 400 100.00000 0
1036 4277 11.74153 0.79050 0.17073 1.55192 88 9 6 88 70 642 100.00000 0
1025 4274 11.85598 0.18143 0.21262 1.63399 106 13 3 106 76 753 100.00000 0
3420 4569 11.16863 1.78615 0.68242 0.87312 92 0 0 90 75 472 100.00000 0
3369 4594 10.53298 3.11977 0.34295 3.78134 154 2 12 152 108 768 100.00000 0
2004 4562 10.60807 0.72206 0.74091 1.08822 39 0 0 37 31 351 100.00000 0
3313 4629 11.68643 1.86852 0.87351 6.88100 42 0 0 42 18 221 100.00000 0
1034 4260 10.88328 0.64929 0.11235 1.19255 77 11 8 70 50 597 100.00000 0
3335 4630 11.35303 2.62880 0.24271 2.49842 52 5 9 52 29 379 100.00000 0
926 4210 10.75146 0.07148 0.35313 2.35933 138 15 6 132 103 954 100.00000 0
909 4184 10.79670 1.93821 0.19117 2.80282 96 8 19 96 62 546 100.00000 0
915 4178 11.78967 1.91361 0.56865 4.39347 108 11 21 108 47 465 100.00000 0
953 4211 10.15524 0.05537 0.44029 2.98295 227 7 16 224 189 972 100.00000 0
3341 4612 10.69718 3.02119 0.18795 2.55895 97 9 1 97 72 486 100.00000 0
2006 3408 10.52550 2.96467 0.46037 2.42382 130 13 2 123 71 601 100.00000 0
923 4179 11.02409 1.52544 0.40743 4.00076 86 16 6 83 37 472 100.00000 0
928 4183 10.43089 1.23718 0.08346 3.61292 128 16 9 124 78 531 100.00000 0
3403 4589 10.95719 2.79297 0.65470 3.33894 94 1 7 92 45 553 100.00000 0
2012 3405 11.38195 2.42277 0.27986 2.14594 79 24 7 79 45 575 100.00000 0
914 4181 10.27047 1.83737 0.25078 3.36418 156 6 26 154 82 678 100.00000 0
909 4198 11.32270 1.16772 0.10785 2.46561 60 2 20 57 43 426 100.00000 0
1773 4395 10.52059 1.63534 0.35462 3.16879 145 2 0 143 83 603 100.00000 0
909 4185 10.34135 1.88849 0.13033 2.83794 145 6 29 145 89 643 100.00000 0
904 4191 11.88056 1.79913 0.41932 2.76201 30 1 2 30 19 401 100.00000 0
945 4202 10.75995 0.16724 0.70573 3.29491 111 1 2 106 77 1089 100.00000 0
3375 4605 10.08040 3.11669 0.51975 2.79988 107 6 9 100 73 805 100.00000 0
2020 4573 11.91393 1.54531 1.01030 4.80147 27 0 0 23 13 380 100.00000 0
1034 4276 10.97397 0.66361 0.19435 1.71737 116 17 1 114 83 772 100.00000 0
1999 3415 11.39773 2.44775 0.24796 2.59586 56 3 3 54 27 426 100.00000 0
1775 4398 11.22049 1.59651 0.35785 3.68313 105 5 0 103 67 540 100.00000 0
1995 4576 11.99923 0.21194 0.72222 2.93465 28 0 0 28 20 307 100.00000 0
3326 4631 10.67376 2.23366 0.66746 3.40111 118 36 29 116 81 399 100.00000 0
956 4213 10.99299 0.04848 0.28836 2.44328 89 6 9 89 64 724 100.00000 0
2011 3406 10.85734 2.54035 0.46828 2.09219 94 8 1 92 53 528 100.00000 0
1787 4387 11.94287 1.16181 0.33112 1.80580 166 13 10 166 147 764 100.00000 0
3387 4597 10.54897 3.09658 0.34307 2.62227 122 2 8 122 57 687 100.00000 0
1799 4406 11.22994 0.40873 0.16568 1.61762 52 6 1 47 40 608 100.00000 0
1776 4397 10.39107 1.58363 0.35850 3.20100 109 7 3 109 66 642 100.00000 0
1775 4391 10.73241 1.61475 0.42621 2.36811 154 3 2 152 118 685 100.00000 0
1016 4254 10.51339 0.01777 0.28406 0.95777 92 14 9 89 63 1278 100.00000 0
3337 4614 10.61003 2.89118 0.19203 2.17655 76 10 9 76 52 487 100.00000 0
948 4226 11.02207 0.02363 0.17039 1.70111 82 16 16 78 55 681 100.00000 0
931 4185 10.91660 1.12040 0.27652 3.41833 56 5 6 56 39 422 100.00000 0
925 4209 10.48984 0.09126 0.31759 1.98859 158 15 5 156 121 1143 100.00000 0
1048 4275 11.27001 1.44258 0.31630 0.91643 79 6 4 79 58 644 100.00000 0
3335 4629 10.09324 2.64073 0.26414 2.59254 74 7 5 72 44 423 100.00000 0
1996 4559 10.09778 0.26574 0.80420 1.33647 46 0 0 42 36 443 100.00000 0
3320 4631 11.24219 2.03471 0.56037 4.78151 120 1 0 118 79 346 100.00000 0
932 4187 10.41657 1.02100 0.20309 3.80261 89 5 12 85 54 458 100.00000 0
935 4217 11.30734 0.02482 0.36706 1.68795 138 12 15 132 101 1035 100.00000 0
1988 4554 11.73670 0.04640 0.88431 2.00115 73 0 0 68 63 660 100.00000 0
3313 4625 11.22320 1.91811 0.61522 6.55461 82 1 0 80 30 315 100.00000 0
3337 4613 11.86500 2.89679 0.19796 2.29115 45 5 5 39 32 343 100.00000 0
927 4211 11.01240 0.05930 0.38532 2.79232 144 10 8 144 108 1020 100.00000 0
918 4205 11.43448 0.41236 0.15938 2.54791 96 4 12 94 66 551 100.00000 0
913 4180 11.16035 1.93124 0.23894 3.36255 124 10 18 117 55 627 100.00000 0
3350 4607 10.75398 3.13012 0.22717 3.08223 39 6 2 34 21 445 100.00000 0
1837 4431 10.31661 0.01613 0.31825 0.99819 126 14 9 126 112 1320 100.00000 0
2018 4574 10.62174 1.46662 1.02844 4.31847 54 0 1 52 28 440 100.00000 0
2013 4578 10.18013 1.25027 0.64828 3.38888 92 0 0 90 69 542 100.00000 0
2007 3416 10.76830 2.89315 0.26384 2.28448 65 5 5 65 31 453 100.00000 0
3350 4623 11.07258 3.00671 0.36185 2.66256 35 2 0 31 20 413 100.00000 0
1975 4563 10.21330 0.00829 0.81000 0.50976 91 0 0 85 74 875 100.00000 0
2006 3405 11.65777 2.78985 0.29946 1.80624 77 12 2 71 41 395 100.00000 0
3408 4570 10.87426 2.47119 0.48843 0.48698 122 3 1 122 96 579 100.00000 0
3320 4620 11.54667 2.16904 0.49578 4.59832 46 0 0 46 20 274 100.00000 0
944 4200 11.37483 0.26690 0.71054 3.58386 84 2 4 78 52 977 100.00000 0
1828 4408 10.70368 0.02528 0.36760 1.44564 48 9 1 46 38 778 100.00000 0
3331 4631 11.33074 2.44948 0.38110 2.14795 116 28 27 111 87 359 100.00000 0
2019 4574 11.28046 1.50488 0.80813 4.65825 53 0 1 49 23 445 100.00000 0
2014 4578 10.50472 1.29741 0.60590 3.82131 73 0 0 69 37 499 100.00000 0
3315 4624 10.75753 1.98481 0.60043 6.35915 123 0 0 123 61 362 100.00000 0
1805 4392 11.92984 0.21849 0.14582 0.72632 31 6 8 28 23 380 100.00000 0
1972 4561 10.60044 0.00623 0.94436 0.35498 104 0 0 101 90 858 100.00000 0
967 4240 10.72533 0.01756 0.15252 0.91685 126 29 8 124 100 1010 100.00000 0
3342 4611 11.31307 3.04279 0.34169 2.95552 100 0 4 100 64 487 100.00000 0
913 4202 11.93999 0.76753 0.26951 2.78839 50 1 6 50 36 385 100.00000 0
938 4193 11.22523 0.67019 0.37066 4.03663 89 11 14 84 56 623 100.00000 0
2017 4571 10.04170 1.43489 1.03141 3.92865 75 0 3 73 41 487 100.00000 0
3397 4591 10.03727 3.06997 0.31589 4.39338 96 0 1 93 39 643 100.00000 0
3418 4569 10.56296 1.87584 0.64869 1.27962 94 0 0 94 75 536 100.00000 0
3324 4620 10.04451 2.28863 0.52048 3.39419 99 20 11 99 44 349 100.00000 0
1045 4277 11.81589 1.32315 0.23287 1.16936 89 6 12 89 56 705 100.00000 0
3399 4574 11.01889 2.94948 0.49935 0.47970 87 0 0 87 70 551 100.00000 0
3374 4607 11.67237 3.12439 0.41793 1.94038 66 4 3 54 48 657 100.00000 0
3352 4622 11.27447 3.01766 0.16724 2.70487 40 2 6 40 24 375 100.00000 0
2003 4561 11.35958 0.65753 0.80336 0.45542 33 0 0 29 26 302 100.00000 0
910 4181 11.75361 2.03191 0.10597 2.68249 83 3 12 80 50 550 100.00000 0
1048 4265 11.98599 1.42818 0.24637 1.20171 102 7 5 100 71 759 100.00000 0
972 4226 11.61386 0.03017 0.34034 1.66319 85 6 2 77 61 653 100.00000 0
3330 4631 11.14495 2.40421 0.40471 2.17079 97 27 19 93 71 428 100.00000 0
905 4192 11.45899 1.70048 0.42198 2.62734 45 2 5 45 27 427 100.00000 0
3408 4587 10.94561 2.48365 0.51399 3.32095 38 2 5 34 12 379 100.00000 0
2002 3408 11.74755 3.06085 0.40542 2.75022 48 8 1 48 26 387 100.00000 0
1038 4262 10.10514 0.90286 0.20622 1.36257 160 52 21 158 119 821 100.00000 0
2009 3409 10.07049 2.84227 0.57545 2.55328 141 8 2 139 78 668 100.00000 0
1050 4273 11.32841 1.49845 0.31595 0.41965 71 3 8 68 43 633 100.00000 0
1821 4418 10.12617 0.03128 0.28840 1.77343 89 18 2 86 76 825 100.00000 0
1808 4394 11.40235 0.15463 0.14561 0.69436 45 6 17 45 36 365 100.00000 0
908 4184 11.30926 1.98541 0.24055 2.96425 104 3 17 102 62 592 100.00000 0
3358 4601 11.83048 3.12923 0.11549 3.12374 98 9 8 98 76 616 100.00000 0
1988 4572 11.24726 0.06362 0.73915 3.46679 31 1 0 27 18 259 100.00000 0
962 4236 10.44283 0.01649 0.18817 0.99150 139 23 12 137 111 906 100.00000 0
910 4199 11.41509 1.06317 0.26211 2.50843 31 2 9 28 20 395 100.00000 0
1798 4406 11.85898 0.46166 0.42931 1.48990 55 6 0 48 34 581 100.00000 0
1787 4388 10.85736 1.16898 0.24785 1.66976 207 30 9 203 176 811 100.00000 0
1038 4261 11.36001 0.90229 0.14386 1.08715 98 20 17 96 71 692 100.00000 0
1987 4554 11.06692 0.03716 0.89521 1.96881 69 0 0 69 51 689 100.00000 0
2012 4566 10.21233 1.21747 0.81574 1.58461 124 0 0 124 93 655 100.00000 0
3418 4568 11.61788 1.87514 0.72155 1.50037 85 0 0 85 70 516 100.00000 0
2008 3409 10.09309 2.90685 0.41741 2.58876 125 11 6 125 63 548 100.00000 0
1792 4388 11.09643 0.87569 0.22228 1.41195 181 11 13 179 147 756 100.00000 0
907 4197 11.84313 1.31813 0.12290 2.52010 37 4 9 35 23 407 100.00000 0
2018 4577 11.79739 1.46103 0.70037 4.89777 49 0 1 49 24 416 100.00000 0
915 4203 11.55690 0.62720 0.16720 2.91443 58 4 4 45 37 477 100.00000 0
1800 4406 10.64921 0.35751 0.11892 1.23796 71 10 2 69 54 612 100.00000 0
3359 4617 10.55261 3.08446 0.23056 2.45368 97 5 4 95 74 431 100.00000 0
3419 4582 10.61624 1.85010 0.50793 3.86412 36 0 1 36 12 363 100.00000 0
1032 4276 11.68811 0.54189 0.21142 1.57942 115 9 9 108 82 750 100.00000 0
951 4209 10.20779 0.05337 0.42559 2.90650 178 10 17 172 141 1148 100.00000 0
1050 4268 11.40344 1.48604 0.22285 1.13884 85 10 8 76 55 700 100.00000 0
3336 4614 11.18141 2.85533 0.36511 2.24890 80 8 5 80 55 421 100.00000 0
933 4186 11.61900 1.06941 0.47290 3.81126 69 3 4 67 41 444 100.00000 0
3318 4631 11.65608 1.98073 0.66460 5.78127 84 1 0 84 51 307 100.00000 0
2015 4566 11.82640 1.35950 1.03221 2.90097 105 0 0 103 84 625 100.00000 0
