4649 7128 11.93529 0.01771 0.76797 0.63242 53 51 2 42 18 369 100.00000 0
4443 6873 11.02617 0.13158 0.31864 0.79377 35 28 7 28 17 326 100.00000 0
3752 6201 11.84601 0.01524 0.98145 0.87982 104 88 7 95 52 434 100.00000 0
3405 8189 10.93333 0.10502 0.64243 0.11191 49 39 8 45 24 299 100.00000 0
4033 6441 11.05593 0.01655 0.93219 0.45456 65 44 19 62 33 393 100.00000 0
3778 6226 11.41256 0.00648 0.46752 0.33102 85 54 29 81 45 375 100.00000 0
4234 6629 10.38452 0.95194 0.69243 2.53667 51 17 1 37 22 336 100.00000 0
341 6194 11.39597 0.01120 0.40971 0.71873 114 111 1 105 83 389 100.00000 0
4556 7022 11.67597 0.04317 0.70721 0.85455 53 43 4 39 32 326 100.00000 0
1030 6875 10.81849 0.03005 0.48706 1.80342 46 34 2 25 18 257 100.00000 0
1824 5095 11.64103 0.49415 0.52975 1.37402 27 16 3 23 11 151 100.00000 0
1293 7098 10.97255 0.13699 0.73713 1.32913 41 26 1 33 16 386 100.00000 0
3944 6376 10.55855 0.01206 0.29329 0.46140 43 42 1 43 33 288 100.00000 0
933 6775 10.03800 0.02212 0.05649 1.28207 73 71 1 70 54 286 100.00000 0
3226 5718 11.80412 0.00926 0.41285 0.32506 26 24 2 20 14 293 100.00000 0
5 3556 11.91419 0.08272 1.59012 4.80359 32 1 1 17 16 178 100.00000 0
1037 6884 11.48712 0.05677 1.35834 3.22804 47 45 1 42 27 259 100.00000 0
854 6658 10.16083 0.77211 0.83019 1.41969 20 11 3 9 6 190 100.00000 0
3211 5675 11.04988 0.02595 0.23370 1.46767 14 10 2 14 6 114 100.00000 0
4006 6416 10.55317 0.01427 0.38684 0.26688 66 62 3 57 43 337 100.00000 0
1327 7122 11.84251 0.19411 0.68394 1.29392 39 17 5 35 12 388 100.00000 0
3441 5888 10.38024 0.05419 0.55569 0.47478 54 45 7 54 34 278 100.00000 0
3266 5757 11.29562 0.01351 0.53142 0.82139 33 25 6 30 21 214 100.00000 0
3472 8296 11.49471 0.85820 0.55233 1.77365 43 38 3 27 17 232 100.00000 0
487 3918 11.58653 0.02687 0.25723 1.49358 171 155 14 160 143 633 100.00000 0
3322 5781 11.59386 0.11993 0.33289 0.92408 28 20 4 21 12 167 100.00000 0
5826 8140 11.38702 0.09844 0.74795 1.38536 11 5 2 4 2 103 100.00000 0
3157 5660 11.31970 0.01270 0.21480 0.48939 21 17 1 8 10 249 100.00000 0
445 3851 11.41232 0.02741 0.33985 0.95532 73 70 2 60 45 442 100.00000 0
348 3764 11.18328 0.01051 0.53002 0.57946 69 58 6 56 46 325 100.00000 0
573 3994 10.54113 0.01101 0.31604 0.46478 71 64 6 66 37 453 100.00000 0
3411 5862 11.81740 0.13350 0.55064 0.81036 55 39 11 53 28 249 100.00000 0
19 6003 11.16368 0.08689 1.96921 5.60186 30 7 2 10 8 219 100.00000 0
2937 5428 10.42640 0.10762 0.88929 1.37942 19 12 6 17 4 117 100.00000 0
4521 6959 11.11017 0.03566 0.28051 2.03452 62 42 17 53 19 321 100.00000 0
1141 6949 11.29022 0.03130 0.72815 0.96266 36 26 0 27 17 324 100.00000 0
896 6739 11.57555 0.02756 0.42438 1.54712 47 44 1 40 21 264 100.00000 0
3560 8381 10.83840 0.01306 1.07168 0.82567 30 14 7 26 14 172 100.00000 0
239 3667 10.32744 0.02300 0.47054 0.26541 55 50 2 52 31 323 100.00000 0
526 6349 10.28858 0.01488 0.26564 0.65849 109 106 0 93 71 387 100.00000 0
3375 8160 10.99334 0.01145 0.65640 1.77784 21 14 4 16 12 154 100.00000 0
3314 5773 11.31026 0.07349 0.83620 0.43069 16 13 3 13 7 130 100.00000 0
559 3981 10.86277 0.03455 0.46618 1.88222 52 30 15 45 23 401 100.00000 0
1281 4628 10.24919 0.05233 0.48888 0.38155 63 51 11 59 46 310 100.00000 0
2822 5288 10.11718 0.99854 0.60801 1.97912 83 75 8 79 48 288 100.00000 0
1110 6954 11.90834 0.16183 1.56642 2.12560 44 33 10 32 20 344 100.00000 0
15 8354 10.42549 0.08890 1.19119 5.09001 42 7 4 26 19 235 100.00000 0
4519 6987 11.85878 0.01741 0.34027 0.34035 91 88 3 87 57 403 100.00000 0
776 4195 10.11140 0.04594 1.67611 2.59812 51 48 2 40 24 353 100.00000 0
3232 5723 11.55818 0.00925 0.38630 0.83087 32 25 4 27 14 381 100.00000 0
765 6594 11.82502 0.01343 0.56910 0.45885 54 45 8 48 34 286 100.00000 0
3513 5945 10.58476 0.26278 0.61700 1.32293 48 43 1 40 28 296 100.00000 0
4300 6721 11.58170 0.02701 0.87482 1.54028 42 36 3 24 17 246 100.00000 0
4424 6849 10.83068 0.02346 0.98965 1.32353 31 19 7 17 11 256 100.00000 0
1065 4462 11.83476 0.46310 1.63235 2.30444 86 80 6 82 46 406 100.00000 0
40 3554 10.16073 0.08193 1.00426 4.71052 38 5 1 19 18 206 100.00000 0
152 3611 10.02994 0.02145 0.51843 0.76053 49 42 5 43 25 320 100.00000 0
4555 6996 10.93425 0.01149 0.55875 0.60198 49 36 6 42 27 354 100.00000 0
3221 5712 10.05706 0.00902 0.39267 0.58751 30 25 3 24 17 280 100.00000 0
4223 6612 11.68749 0.55818 0.72857 1.88679 67 30 10 61 36 385 100.00000 0
52 6004 11.91533 0.08659 1.10982 4.83116 21 7 4 17 14 194 100.00000 0
4050 6483 11.87272 0.02902 0.42792 0.99858 70 60 7 66 32 341 100.00000 0
1574 4917 11.39291 0.44359 0.46811 0.59479 32 13 15 24 8 220 100.00000 0
76 6006 11.60326 0.05192 0.49963 2.66168 44 23 6 42 25 210 100.00000 0
5748 8053 11.41390 0.06130 0.34140 3.50353 21 15 3 10 6 215 100.00000 0
5811 8149 10.59780 0.10994 0.24927 0.31898 25 24 0 19 17 185 100.00000 0
19 8354 10.42549 0.08890 1.31873 5.18724 41 10 3 23 17 238 100.00000 0
697 4085 10.47655 0.03896 0.77447 1.99802 88 85 3 81 36 470 100.00000 0
658 6469 11.31732 0.02886 0.43807 1.19485 53 35 12 40 26 348 100.00000 0
265 3714 10.63420 0.00750 0.68994 0.14265 86 72 14 78 42 421 100.00000 0
12 8322 11.21823 0.08738 1.73208 4.87773 42 1 0 40 31 218 100.00000 0
982 4354 10.08860 0.02051 0.69212 1.19681 56 49 3 54 27 326 100.00000 0
588 6407 11.08082 0.01992 0.53740 1.01452 62 54 4 58 34 409 100.00000 0
4449 6918 10.30606 0.50423 0.94939 0.98318 98 92 6 91 57 523 100.00000 0
4413 6834 11.83096 0.03588 0.48033 2.05709 56 46 7 53 20 339 100.00000 0
435 3869 11.33370 0.02385 0.29174 0.49889 81 74 6 73 55 481 100.00000 0
1462 4785 10.81402 0.13086 0.66104 0.61929 200 186 13 191 118 1092 100.00000 0
940 6784 10.78474 0.01877 0.81603 1.13090 44 34 9 34 16 310 100.00000 0
1288 4634 10.10573 0.04631 0.45885 0.65849 66 52 11 59 37 426 100.00000 0
3382 8192 10.37690 0.07589 0.51334 0.31279 29 21 3 20 15 221 100.00000 0
388 3800 11.93879 0.01249 0.42928 0.69041 81 76 1 71 58 397 100.00000 0
232 6100 10.33315 0.02395 0.32999 0.73754 37 26 9 32 19 258 100.00000 0
1623 4923 10.71171 0.25053 0.94725 0.80015 45 30 13 34 18 334 100.00000 0
31 6002 10.15824 0.08518 1.59841 4.86744 48 2 0 31 23 231 100.00000 0
126 8406 10.34363 0.00614 0.81209 0.19979 40 23 15 34 23 212 100.00000 0
183 8449 10.06505 0.01437 0.23830 0.91685 46 44 1 38 31 320 100.00000 0
184 3641 11.34454 0.02533 0.78833 1.49672 26 17 1 24 13 174 100.00000 0
5873 8193 10.06865 0.10818 0.44435 0.50124 39 34 1 35 21 218 100.00000 0
3490 8256 10.33907 0.79211 0.41067 0.68984 44 31 10 33 23 270 100.00000 0
6014 8389 10.08883 0.01310 0.38220 0.70554 24 17 7 20 13 140 100.00000 0
126 3566 10.05762 0.01112 0.40150 0.64285 38 35 2 33 19 199 100.00000 0
5996 8328 11.54457 0.00744 0.31235 0.35277 59 52 6 47 34 266 100.00000 0
3217 5709 10.30701 0.00868 0.58480 0.51738 24 19 3 22 11 181 100.00000 0
6076 8526 10.06636 0.02268 0.60091 0.66558 18 13 0 14 11 122 100.00000 0
1650 4977 10.03832 0.01948 0.65786 1.00093 39 32 7 35 17 197 100.00000 0
3246 5734 10.05621 0.01453 0.62360 0.67260 28 20 5 24 13 366 100.00000 0
4090 6495 11.19621 0.02463 0.29147 0.83181 52 45 7 50 30 403 100.00000 0
3568 8355 11.78559 0.00563 0.23554 0.42887 48 46 1 44 31 272 100.00000 0
913 4293 10.06906 0.02383 0.84668 1.33881 33 25 5 27 19 243 100.00000 0
1153 6989 10.13440 0.00970 0.32251 0.48214 163 157 3 158 124 513 100.00000 0
373 6221 11.64406 0.00891 0.45857 0.59938 66 58 8 62 47 223 100.00000 0
3404 8188 11.05766 0.10109 0.46014 0.21306 41 34 5 32 20 301 100.00000 0
485 6314 10.04627 0.02404 0.30392 0.60974 247 236 9 226 190 794 100.00000 0
3243 8055 11.06274 0.01484 0.69262 1.31045 25 15 4 16 16 367 100.00000 0
187 6085 10.80929 0.02337 0.80537 0.91257 24 12 0 12 6 175 100.00000 0
1025 4422 10.31478 0.02083 0.38344 1.11873 52 45 4 43 32 295 100.00000 0
3396 8208 10.93773 0.12645 0.19542 0.88204 60 55 5 58 40 234 100.00000 0
6107 8595 11.39122 0.03060 0.79614 0.62683 50 27 10 46 20 255 100.00000 0
3843 6284 11.17433 0.02301 0.63249 0.92493 75 67 7 67 25 445 100.00000 0
4457 6890 10.49150 0.41907 1.12714 2.95910 76 52 18 70 33 434 100.00000 0
359 3800 10.63139 0.01759 0.14189 0.99740 153 140 13 143 125 439 100.00000 0
1543 4854 11.95271 0.16610 0.69324 1.45858 52 49 1 43 24 331 100.00000 0
5796 8133 10.43753 0.14704 0.35572 0.87402 43 39 1 33 27 207 100.00000 0
3686 8576 10.83173 0.01491 0.24618 0.31528 37 28 9 32 15 255 100.00000 0
2828 5329 11.49547 0.72360 1.10718 1.89424 19 8 3 9 6 96 100.00000 0
33 95 10.63715 0.07637 1.39313 4.40460 39 7 3 33 20 189 100.00000 0
1276 7108 10.84387 0.05532 0.46930 0.35608 53 43 6 51 34 390 100.00000 0
1553 4891 10.45509 0.24500 0.17334 0.62495 95 85 9 87 66 393 100.00000 0
832 6624 11.04188 0.83572 0.26745 1.51233 48 29 2 39 20 309 100.00000 0
5695 8031 11.79649 0.01054 0.89972 1.41499 7 5 1 7 4 79 100.00000 0
1006 4374 11.13627 0.04693 0.44413 2.70241 50 45 4 46 28 331 100.00000 0
4551 7017 11.68665 0.03921 0.74297 0.68471 42 29 3 35 25 294 100.00000 0
3284 5741 11.28120 0.01391 0.89349 0.78435 30 19 4 30 21 188 100.00000 0
5672 7996 10.28090 0.14077 0.97464 2.19035 21 13 7 16 6 169 100.00000 0
5916 8282 10.87892 0.81725 0.62903 1.16432 74 58 5 57 38 296 100.00000 0
4098 6503 10.78399 0.04512 0.41667 2.45128 66 62 3 39 10 464 100.00000 0
854 4225 11.73332 1.04119 0.67314 1.58905 21 7 0 13 8 172 100.00000 0
731 4116 11.05272 0.01700 0.52855 0.51282 75 72 2 69 57 424 100.00000 0
3536 8317 10.27139 0.02715 0.37344 0.44762 51 50 1 44 35 271 100.00000 0
3498 5924 11.98702 0.97594 1.87290 1.22717 33 16 11 18 8 200 100.00000 0
6053 8466 10.56577 0.02281 0.53256 0.65909 56 45 9 47 40 337 100.00000 0
4441 6910 10.14122 0.47717 1.67479 2.12339 97 93 4 90 23 466 100.00000 0
418 3828 10.29530 0.05376 0.37932 3.03628 150 140 10 144 79 536 100.00000 0
29 3527 10.69874 0.08715 1.47091 4.98924 30 6 0 23 15 239 100.00000 0
4053 6485 11.17804 0.03804 0.21656 1.87158 51 43 8 46 24 328 100.00000 0
4142 6566 10.16146 0.08733 0.42466 0.58817 66 56 9 66 37 511 100.00000 0
3216 7981 11.85666 0.74872 0.76668 2.69936 10 2 0 3 0 119 100.00000 0
3113 5617 10.05663 0.01209 0.25627 0.40830 47 46 1 41 36 258 100.00000 0
783 6618 11.04949 0.22715 0.66627 0.64224 84 72 7 72 52 406 100.00000 0
3663 6090 11.56746 0.02210 0.25464 0.40251 55 52 1 49 39 199 100.00000 0
3293 5752 10.61418 0.03534 0.32803 2.02275 31 28 1 20 12 250 100.00000 0
523 3924 10.79563 0.02087 0.42608 0.13988 100 90 4 82 52 413 100.00000 0
1692 5012 10.28561 0.00741 1.16203 4.53510 12 5 0 8 5 128 100.00000 0
343 6219 10.09782 0.00714 0.35365 0.25334 112 109 3 101 79 480 100.00000 0
599 3996 10.03216 0.02180 0.41529 0.40542 69 62 7 63 36 368 100.00000 0
5675 8001 10.09544 0.06131 0.46717 2.34735 22 13 4 19 13 169 100.00000 0
551 6396 11.65850 0.06585 0.52622 3.76983 46 34 9 35 18 359 100.00000 0
1690 5010 10.04298 0.00544 0.50846 0.55107 6 3 0 0 2 57 100.00000 0
1227 7056 10.03183 0.05889 0.44895 0.12820 97 91 5 93 70 555 100.00000 0
4111 6539 10.20334 0.06865 0.46197 0.29871 68 61 6 66 45 408 100.00000 0
1254 4604 10.85307 0.04707 0.45979 0.82187 130 123 7 130 67 560 100.00000 0
4497 6965 10.74697 0.02188 0.52617 1.24678 28 22 1 26 13 321 100.00000 0
3 8354 10.42549 0.08890 1.18459 5.11228 40 4 10 30 15 231 100.00000 0
5666 7957 11.07263 1.59438 1.75348 1.83376 30 14 14 17 5 220 100.00000 0
4226 6617 10.93077 0.65447 0.80799 2.05519 59 9 3 44 31 356 100.00000 0
569 3991 11.36056 0.02684 0.49199 1.45938 73 64 3 60 28 396 100.00000 0
143 6027 10.32329 0.01450 0.49517 0.98556 44 36 5 36 23 303 100.00000 0
179 3609 11.79688 0.01474 0.57917 0.81421 52 44 5 45 30 323 100.00000 0
1554 4864 11.48628 0.21263 0.33146 1.03022 78 72 5 74 47 309 100.00000 0
89 8333 11.01928 0.02395 0.50808 1.02908 34 26 0 31 19 213 100.00000 0
22 8355 10.68106 0.09103 1.85280 5.24352 31 0 0 24 18 201 100.00000 0
981 6788 11.51908 0.02512 1.24022 1.53085 40 22 15 33 20 248 100.00000 0
4014 6422 11.51188 0.03176 0.65310 1.47273 47 41 3 42 24 333 100.00000 0
52 3555 11.17761 0.08304 1.42232 4.73789 40 1 2 36 18 249 100.00000 0
3588 8387 10.27868 0.00328 0.39124 0.58617 45 38 3 39 22 220 100.00000 0
3232 8008 10.80129 0.00840 0.67922 0.42428 7 5 1 3 2 105 100.00000 0
583 3981 10.27124 0.01730 0.26801 0.88911 79 75 4 75 53 417 100.00000 0
4435 6905 11.38197 0.38724 1.37489 2.89218 59 32 5 55 30 343 100.00000 0
4399 6857 10.26603 0.03781 1.27517 2.16700 48 39 7 41 18 317 100.00000 0
5891 8208 11.12651 0.12271 0.44127 1.88388 35 33 2 33 21 221 100.00000 0
1623 4956 10.78291 0.02586 0.90459 1.20040 29 17 3 24 17 271 100.00000 0
3339 5822 10.38137 0.11192 0.46889 0.62370 18 9 4 11 8 123 100.00000 0
34 95 10.63715 0.07637 1.40640 4.50520 34 9 2 18 12 218 100.00000 0
3320 8103 10.59609 0.10287 0.47847 1.06936 20 15 3 20 12 146 100.00000 0
4278 6695 11.81124 0.00851 0.57728 0.54680 18 14 3 11 9 146 100.00000 0
1845 5125 11.28235 1.16774 1.02561 0.84950 23 7 2 14 10 165 100.00000 0
1213 7045 11.83461 0.06877 0.34914 0.35388 94 92 1 84 62 424 100.00000 0
5680 7957 10.56065 1.57333 1.64713 2.58861 22 17 4 12 6 227 100.00000 0
5724 8030 10.80381 0.01483 0.52179 0.94212 18 11 3 12 8 338 100.00000 0
602 4022 10.02787 0.02106 0.24574 0.99780 59 57 2 54 33 382 100.00000 0
5673 8001 11.60502 0.06474 0.34683 2.25429 13 12 1 13 7 157 100.00000 0
4044 6477 11.89692 0.04528 0.22899 2.05785 44 35 9 39 27 283 100.00000 0
608 6450 11.59272 0.01759 0.08173 0.31898 67 58 8 62 34 415 100.00000 0
4198 6641 10.61259 0.56086 1.02844 1.24112 85 56 17 83 53 429 100.00000 0
3299 5788 11.83617 0.10469 0.37088 0.48779 11 9 2 9 7 101 100.00000 0
3229 5689 11.96084 0.05460 0.69522 3.08794 17 14 3 14 3 175 100.00000 0
33 3554 10.16073 0.08193 1.61284 4.76937 45 5 3 37 23 242 100.00000 0
807 4190 11.48508 0.15506 0.30565 1.30836 77 64 11 73 48 453 100.00000 0
3493 8309 11.86674 0.32454 0.72875 1.55872 48 40 2 40 23 266 100.00000 0
152 6033 11.33923 0.01341 0.75924 0.77833 38 22 10 30 21 246 100.00000 0
3523 5955 11.03610 0.06987 0.61082 0.58417 41 32 2 41 27 221 100.00000 0
1206 4583 10.65921 0.05138 0.18504 0.66323 67 54 12 65 31 487 100.00000 0
3509 8280 11.67359 0.57119 1.12365 1.57222 35 23 3 32 21 150 100.00000 0
888 6732 11.29920 0.02043 0.74096 1.18300 28 20 5 22 9 194 100.00000 0
242 3670 10.09476 0.01918 0.31581 0.45800 69 66 3 64 36 286 100.00000 0
