472 9812 11.33911 0.01522 0.76586 0.85821 14 1 5 10 9 94 100.00000 0
9417 9580 11.73887 0.01360 0.42895 1.26331 38 22 3 34 21 250 100.00000 0
471 853 11.73438 0.01541 0.28973 0.86366 20 13 2 20 11 135 100.00000 0
173 4386 10.75450 0.01352 0.39110 0.59215 42 20 3 33 29 316 100.00000 0
7398 7886 10.66289 0.01038 0.26412 0.40734 30 17 10 30 20 250 100.00000 0
861 5653 11.51009 0.00689 0.74080 1.05832 12 2 1 10 7 95 100.00000 0
467 5526 10.98902 0.00864 0.43154 0.49337 12 6 4 12 8 101 100.00000 0
5276 5640 10.24678 0.00458 0.30799 0.61230 31 18 3 25 22 166 100.00000 0
9036 9578 10.73478 0.01693 0.85080 2.34535 47 32 0 43 27 314 100.00000 0
4395 4781 10.26359 0.00659 0.48296 0.40445 63 28 13 59 38 338 100.00000 0
10335 10462 10.03247 0.02840 0.79061 0.29342 65 6 2 55 48 334 100.00000 0
467 5176 10.98905 0.00820 0.49956 1.06386 9 4 2 6 4 105 100.00000 0
5210 5643 11.75281 0.00514 0.37941 0.86863 26 17 0 24 18 157 100.00000 0
871 5394 11.75400 0.01364 0.16737 0.68185 30 15 11 28 16 132 100.00000 0
1597 6457 11.11532 0.01370 0.51729 0.80794 52 27 4 48 35 466 100.00000 0
4391 4684 11.01433 0.00882 0.53294 0.72416 38 13 2 38 27 283 100.00000 0
165 4571 10.25909 0.01222 0.65243 0.37846 58 13 1 56 38 313 100.00000 0
5119 5536 11.25046 0.00640 0.44974 0.39167 17 8 4 15 9 115 100.00000 0
6430 6480 11.62721 0.00437 0.39819 0.38257 81 56 4 75 56 412 100.00000 0
3600 7657 10.66031 0.00542 0.42981 0.38765 31 11 9 31 14 225 100.00000 0
2169 6917 11.55061 0.03021 0.58314 0.32746 42 9 3 40 25 499 100.00000 0
894 5685 10.37607 0.46267 0.50228 1.19616 7 4 0 4 5 69 100.00000 0
1903 6683 11.91269 0.02960 0.46040 1.07265 20 10 2 13 9 324 100.00000 0
868 5237 10.00870 0.01253 0.31662 0.83837 34 18 5 25 18 144 100.00000 0
457 631 10.50817 0.00403 0.48101 0.36154 29 15 8 27 17 142 100.00000 0
877 5629 10.28897 0.01583 0.63148 0.84996 28 7 3 22 18 160 100.00000 0
456 795 11.00853 0.00572 0.54159 0.56924 20 8 7 16 11 134 100.00000 0
4824 9539 10.24559 0.00723 0.51605 0.76770 82 47 10 82 65 365 100.00000 0
455 689 11.76960 0.00598 0.60816 0.39664 25 6 1 19 13 125 100.00000 0
118 4332 10.74991 0.01447 0.44444 1.04117 42 13 13 38 29 280 100.00000 0
1701 6448 11.84707 0.00772 0.26629 0.27124 64 42 11 60 43 374 100.00000 0
3629 7591 10.13326 0.47270 0.55440 1.70134 31 3 3 31 15 167 100.00000 0
3702 8310 10.08429 0.11314 0.14093 0.89918 27 21 4 27 19 132 100.00000 0
456 522 11.00952 0.00481 0.42744 1.33354 24 8 4 10 7 136 100.00000 0
9001 9184 10.99228 0.01013 0.58205 0.85638 72 41 13 68 55 275 100.00000 0
5050 9762 11.54718 0.04783 0.48066 0.71982 22 9 0 20 12 291 100.00000 0
4276 8892 11.50177 0.00639 0.58178 1.12813 47 15 4 28 27 334 100.00000 0
2299 7020 10.98244 0.07089 0.42161 0.79672 56 47 3 49 42 312 100.00000 0
851 5644 11.00640 0.00616 0.29200 0.22381 31 21 2 26 20 205 100.00000 0
9054 9579 10.99214 0.01385 0.15044 0.81132 41 31 4 37 24 240 100.00000 0
3527 7334 10.33072 0.01258 0.36253 0.71982 6 2 3 4 3 41 100.00000 0
4853 9359 11.76266 0.01426 0.10706 0.72954 54 42 2 43 32 227 100.00000 0
1611 6472 11.35945 0.01497 0.25239 0.85729 83 69 12 83 58 455 100.00000 0
186 4721 10.99973 0.01010 0.81052 0.46478 48 4 0 42 23 300 100.00000 0
4820 9028 11.26952 0.00703 0.82109 0.33920 44 4 0 44 36 261 100.00000 0
2188 6959 11.35103 0.16039 0.83745 3.21504 60 13 4 58 28 351 100.00000 0
692 5111 11.28863 0.00535 0.72662 0.80939 21 7 1 17 13 132 100.00000 0
5119 5383 11.25048 0.00606 0.47743 0.39366 26 13 6 26 17 127 100.00000 0
165 4760 10.25909 0.01222 0.48211 0.37325 48 14 9 44 29 287 100.00000 0
590 9826 10.52250 0.01159 0.60242 0.86863 32 8 3 30 21 124 100.00000 0
4824 9365 10.00452 0.00552 0.35311 0.27976 73 54 11 73 57 297 100.00000 0
9425 9580 11.73887 0.01360 0.45203 0.77531 39 15 5 30 17 271 100.00000 0
450 5122 11.51102 0.00760 0.48192 0.45111 32 18 7 28 19 158 100.00000 0
10334 10431 10.53211 0.02975 0.65910 0.23903 58 9 3 44 41 289 100.00000 0
4260 8863 10.76318 0.00526 0.31306 0.22555 43 26 10 41 27 274 100.00000 0
7398 7786 10.66289 0.01038 0.48602 0.38257 27 12 12 27 17 171 100.00000 0
4997 9716 10.29714 0.01291 0.52267 0.83134 37 12 4 31 22 250 100.00000 0
2006 6780 11.09054 0.01489 0.32692 0.19782 58 44 11 56 50 469 100.00000 0
870 5660 10.75634 0.02053 1.11207 2.83034 9 5 0 7 4 84 100.00000 0
9484 9579 10.99214 0.01385 0.43066 0.91984 58 37 9 56 37 328 100.00000 0
1633 6375 10.56375 0.00699 0.42602 0.46646 46 24 2 42 28 463 100.00000 0
3631 7995 11.39162 0.53306 0.95169 2.09480 11 1 2 4 2 99 100.00000 0
3629 7480 10.13326 0.47270 0.58349 1.61544 21 1 5 19 11 172 100.00000 0
187 4436 11.98668 0.01263 0.48683 0.75847 35 9 4 32 15 259 100.00000 0
5138 5638 11.48454 0.01111 0.49572 1.27779 23 13 0 21 12 134 100.00000 0
5118 5568 11.74907 0.00718 0.41204 0.55673 9 5 2 7 5 75 100.00000 0
190 9353 10.75013 0.00781 0.91087 0.64041 67 8 0 63 42 267 100.00000 0
189 9344 11.74867 0.00898 0.90940 1.06716 49 13 5 45 31 267 100.00000 0
3629 7460 10.13326 0.47270 0.83595 1.69119 20 1 4 20 8 177 100.00000 0
5302 5641 10.74659 0.00486 0.13789 0.78882 38 23 4 36 24 199 100.00000 0
869 5393 10.50818 0.01323 0.36902 0.21306 41 24 10 37 30 178 100.00000 0
3631 7855 11.39162 0.53306 0.72711 1.72737 10 1 3 5 3 111 100.00000 0
9015 9571 10.95918 0.02728 0.47300 2.04679 74 25 2 70 54 326 100.00000 0
8132 8247 11.40301 0.43728 1.11850 1.77608 15 4 1 10 4 81 100.00000 0
766 9827 11.67985 0.01142 0.75563 0.75381 25 5 0 25 20 108 100.00000 0
4853 9421 11.76266 0.01426 0.24257 0.73275 35 25 3 33 24 234 100.00000 0
1421 6210 10.21098 0.01242 0.52974 0.56371 65 38 4 63 41 377 100.00000 0
602 859 10.74014 0.00919 0.38269 0.46309 25 15 5 25 18 118 100.00000 0
2262 7020 11.32004 0.13175 0.17606 0.33572 77 59 8 77 58 397 100.00000 0
869 5500 10.50820 0.01351 0.23722 0.47560 37 26 8 35 25 183 100.00000 0
1629 6375 10.56713 0.00526 0.56600 0.37846 61 28 16 57 38 460 100.00000 0
9000 9169 11.74228 0.01094 0.63274 0.67897 68 27 20 62 47 316 100.00000 0
5274 9830 10.42122 0.01208 0.51908 1.31819 45 27 1 41 32 131 100.00000 0
4547 8969 10.01552 0.01110 0.70632 0.92450 44 11 2 44 28 303 100.00000 0
186 4524 10.99973 0.01010 0.98162 0.70165 44 4 0 42 27 276 100.00000 0
467 5339 10.98905 0.00820 0.49248 0.45542 24 15 1 24 14 125 100.00000 0
4393 4617 10.26022 0.00778 0.58206 0.44587 69 22 6 64 47 339 100.00000 0
4824 9471 10.00452 0.00552 0.38303 0.32865 94 66 15 92 81 351 100.00000 0
465 5478 11.73588 0.00933 0.78761 0.51738 16 0 4 10 7 101 100.00000 0
3687 8318 11.67846 0.12774 0.32955 0.58013 30 14 8 26 14 143 100.00000 0
7398 8191 10.66289 0.01038 0.50984 0.39167 26 8 16 26 16 183 100.00000 0
8006 8248 11.85529 0.46580 0.84060 1.29392 22 6 0 11 4 174 100.00000 0
4599 8969 10.01552 0.01110 0.96439 0.72847 41 3 0 36 28 302 100.00000 0
9519 9578 10.74205 0.01270 0.57238 0.73222 36 18 6 33 20 320 100.00000 0
2309 7058 11.36218 0.18745 0.20353 1.04717 51 33 6 44 35 266 100.00000 0
4255 8858 11.76245 0.00384 0.40128 0.54751 76 41 19 74 61 373 100.00000 0
9002 9225 10.25126 0.01010 0.89222 0.59610 48 5 2 46 35 313 100.00000 0
3630 7833 10.84035 0.50281 0.71464 1.71806 32 4 5 27 14 193 100.00000 0
3629 7518 10.13326 0.47270 0.77248 1.76281 28 0 1 26 10 207 100.00000 0
10335 10402 10.03035 0.02833 0.75073 0.40734 41 6 1 37 25 237 100.00000 0
10332 10423 11.54721 0.03155 0.49403 0.50668 41 13 7 34 24 237 100.00000 0
5659 9844 10.21681 0.01177 0.36844 0.87492 35 23 2 33 24 146 100.00000 0
1310 6113 10.55476 0.00778 0.65022 0.35166 24 9 2 24 17 142 100.00000 0
4852 9526 11.24935 0.01377 0.58195 0.82139 46 23 2 44 29 262 100.00000 0
5645 9827 10.76793 0.01590 1.17764 0.87536 33 2 0 31 23 161 100.00000 0
3600 8025 10.66031 0.00542 0.49993 0.37534 37 9 12 20 12 248 100.00000 0
5296 5642 11.50407 0.00450 0.47796 2.25273 25 7 2 19 9 188 100.00000 0
9002 9530 10.25126 0.01010 0.86369 1.29119 45 8 1 41 30 298 100.00000 0
3629 7508 10.13326 0.47270 0.51062 1.63423 19 5 4 13 5 145 100.00000 0
269 4914 10.50215 0.00218 0.32318 0.28393 45 29 5 41 31 296 100.00000 0
7864 8246 10.95663 0.41146 0.83019 1.67865 42 20 5 42 17 190 100.00000 0
7397 7643 10.85805 0.01038 0.46042 0.55953 35 16 14 33 16 193 100.00000 0
9407 9580 11.73887 0.01360 0.41265 0.78435 49 30 8 43 30 299 100.00000 0
1528 6331 11.32901 0.01105 0.41488 0.73168 24 7 2 18 11 329 100.00000 0
5260 9818 11.53701 0.01207 1.09977 1.79188 20 12 2 20 14 78 100.00000 0
3720 8345 10.30047 0.00770 0.19053 0.59347 29 16 4 23 16 153 100.00000 0
3966 8565 10.79995 0.00959 0.45391 0.57335 26 10 12 21 12 198 100.00000 0
7395 7789 11.91205 0.01091 0.24099 0.46055 9 2 1 6 3 119 100.00000 0
467 5341 10.98905 0.00820 0.48938 0.63796 15 6 2 13 8 58 100.00000 0
4821 9058 11.75490 0.00687 0.91497 0.34492 55 7 3 50 39 306 100.00000 0
1800 6574 10.36030 nan 0.41564 0.56232 69 38 2 63 56 407 100.00000 0
8002 8245 10.40541 0.38381 0.58750 1.77564 26 7 6 24 7 182 100.00000 0
1696 6421 11.16946 0.00871 0.43898 0.49258 56 22 6 47 29 364 100.00000 0
3558 7329 11.75382 0.00345 0.63108 0.30001 14 2 5 7 3 99 100.00000 0
9214 9578 10.74205 0.01270 0.51392 0.74388 58 37 8 52 40 286 100.00000 0
7 126 11.52326 0.02952 1.07453 1.41748 33 1 0 26 19 322 100.00000 0
9000 9197 11.74228 0.01094 0.49871 0.62807 72 41 15 72 54 343 100.00000 0
869 5427 10.50820 0.01351 0.21570 0.38359 49 37 8 42 35 229 100.00000 0
5486 5641 10.74660 0.00471 0.13247 1.22557 45 26 2 39 32 208 100.00000 0
3631 8011 11.39162 0.53306 0.82717 1.91847 13 2 3 10 3 127 100.00000 0
4850 9029 10.49222 0.01688 0.48993 1.14090 91 64 2 82 63 318 100.00000 0
465 5499 11.73588 0.00933 0.70448 0.91728 16 8 2 11 12 120 100.00000 0
171 4805 10.49759 0.01268 0.63270 1.47273 36 10 0 32 23 298 100.00000 0
7938 8248 11.85529 0.46580 0.35765 1.35277 25 5 2 17 7 190 100.00000 0
9168 9579 10.99214 0.01385 0.35666 0.79721 65 47 3 59 46 325 100.00000 0
3599 7782 11.55718 0.00666 0.42599 0.40542 21 8 10 21 7 175 100.00000 0
4393 4515 10.26022 0.00778 0.71407 0.75899 85 15 3 81 66 382 100.00000 0
3631 8033 11.39162 0.53306 0.49535 1.74787 24 1 10 24 6 207 100.00000 0
165 4755 10.25909 0.01222 0.39128 0.36797 37 17 8 37 22 261 100.00000 0
9334 9578 10.74205 0.01270 0.49959 0.72632 56 29 5 56 33 354 100.00000 0
731 5627 10.23871 0.00790 0.71901 2.91457 18 7 1 14 12 131 100.00000 0
1932 6726 10.97987 0.03223 0.42766 0.37009 64 37 10 62 38 554 100.00000 0
1661 6378 10.83992 0.01034 0.36157 0.55249 52 30 14 48 27 494 100.00000 0
467 5485 10.98902 0.00864 0.42538 0.48133 31 18 7 29 20 160 100.00000 0
4542 8993 10.00176 0.00352 0.80237 1.88554 39 12 5 24 18 293 100.00000 0
868 5324 10.00870 0.01253 0.21736 0.32021 37 26 4 37 25 149 100.00000 0
4824 9404 10.00452 0.00552 0.51487 0.31027 83 47 11 83 64 327 100.00000 0
870 5431 10.99808 0.01393 0.18455 0.33455 24 17 4 22 14 144 100.00000 0
5187 5640 10.24678 0.00458 0.21782 0.59938 37 26 2 35 27 191 100.00000 0
7398 7812 10.66289 0.01038 0.30628 0.50358 36 18 7 34 17 234 100.00000 0
3596 7423 11.96191 0.01050 0.47018 0.55178 29 21 3 29 16 200 100.00000 0
4796 8998 10.26447 0.00640 0.45292 0.56786 56 36 5 48 46 297 100.00000 0
5620 9820 11.10896 0.01533 0.77703 1.14569 23 11 0 18 12 121 100.00000 0
4851 9171 10.26501 0.01305 0.31757 0.91898 58 39 3 54 47 318 100.00000 0
189 9273 11.74867 0.00898 1.08509 1.72805 42 10 4 42 29 263 100.00000 0
1931 6725 10.61208 0.03346 0.30133 0.39366 38 26 3 30 19 568 100.00000 0
3631 7565 11.39162 0.53306 0.91197 1.77630 17 2 3 14 7 170 100.00000 0
7396 7528 11.56160 0.01074 0.56226 0.62870 29 7 15 27 12 213 100.00000 0
2323 7045 11.71010 0.28928 0.57729 1.15961 35 20 2 31 18 231 100.00000 0
7919 8247 11.40301 0.43728 0.60709 1.54662 21 5 1 19 7 151 100.00000 0
583 9815 10.48199 0.00860 0.99458 1.74383 39 15 2 35 28 136 100.00000 0
1667 6381 10.37644 0.01367 0.44196 0.74651 49 22 8 49 30 522 100.00000 0
4502 4814 10.76210 0.00697 0.95662 0.41496 65 5 0 63 43 322 100.00000 0
5119 5400 11.25048 0.00606 0.51056 0.39366 38 17 12 38 28 118 100.00000 0
3722 8347 11.03562 0.00829 0.38468 0.40542 34 19 5 32 22 180 100.00000 0
871 5461 11.75400 0.01387 0.12950 0.80259 19 12 1 13 11 194 100.00000 0
6376 6429 11.37096 0.00925 0.60046 0.97237 41 18 6 35 21 441 100.00000 0
5227 9830 10.42122 0.01208 0.63075 1.63638 58 29 3 52 45 236 100.00000 0
186 4460 10.99973 0.01010 0.88094 0.35054 57 2 0 52 32 334 100.00000 0
187 4788 10.50467 0.00827 0.56858 0.17694 44 17 2 40 31 307 100.00000 0
5589 5641 10.74660 0.00471 0.18150 0.70276 28 22 5 26 17 158 100.00000 0
397 5065 11.54373 0.04306 0.27765 0.17017 46 34 8 40 29 388 100.00000 0
2316 7040 10.48347 0.22118 0.60533 1.12535 31 17 2 22 16 203 100.00000 0
466 5485 11.48893 0.00933 0.49721 1.38959 22 9 1 18 15 146 100.00000 0
3565 7366 11.36790 0.01264 0.24428 0.42244 12 5 3 10 5 93 100.00000 0
7443 8248 11.85529 0.46580 0.52595 1.36487 24 7 0 20 8 183 100.00000 0
4394 4471 10.01342 0.00678 0.52151 0.41117 53 21 7 46 39 305 100.00000 0
7667 8247 11.40301 0.43728 0.68654 1.45481 20 7 1 14 5 110 100.00000 0
339 5003 10.50527 0.00473 0.49933 0.10468 24 9 6 15 13 245 100.00000 0
869 5560 10.50820 0.01351 0.17428 0.50202 27 19 1 23 19 174 100.00000 0
3629 7698 10.13326 0.47270 0.81911 1.74966 26 1 0 24 6 175 100.00000 0
5567 9830 10.42129 0.01216 0.63028 1.20658 66 34 1 53 44 224 100.00000 0
455 823 11.99664 0.00977 0.42352 0.65432 39 24 7 37 25 180 100.00000 0
4824 9075 10.00452 0.00552 0.44541 0.37115 76 49 6 71 65 312 100.00000 0
1713 6477 11.91543 0.01218 0.46794 0.76053 126 53 12 122 71 442 100.00000 0
9002 9233 10.25126 0.01010 0.79129 0.57811 51 5 2 49 31 247 100.00000 0
271 4916 10.49557 0.00305 0.33443 1.11136 70 54 1 60 57 317 100.00000 0
873 9827 10.75723 0.01752 0.89571 0.94502 28 1 0 21 17 130 100.00000 0
9001 9414 10.99228 0.01013 0.49627 0.81325 70 49 4 64 53 311 100.00000 0
855 5648 11.51512 0.00871 0.28097 1.16028 19 11 3 14 11 132 100.00000 0
4390 4449 11.51295 0.00678 0.37069 0.38155 51 27 8 47 34 322 100.00000 0
48 8941 10.76839 0.03409 1.03830 1.01529 38 3 1 38 26 260 100.00000 0
299 9690 10.55942 0.01537 0.33952 0.41871 47 36 3 45 35 291 100.00000 0
4802 9004 11.76342 0.00786 0.48829 0.53155 15 6 8 13 8 199 100.00000 0
4852 9520 11.24935 0.01377 0.49511 0.76923 46 33 1 38 29 255 100.00000 0
469 5226 10.23573 0.00844 0.69060 0.52934 21 7 8 19 12 112 100.00000 0
869 5299 10.50818 0.01323 0.23505 0.30647 33 24 3 29 24 159 100.00000 0
204 4829 11.73491 0.01561 0.49872 1.00717 56 26 3 53 45 236 100.00000 0
4824 9082 10.00452 0.00552 0.48411 0.22381 79 42 10 75 59 350 100.00000 0
659 5630 11.48834 0.00629 0.40979 1.01182 14 6 2 12 9 109 100.00000 0
3685 8292 11.37048 0.29097 0.76608 1.49017 39 8 0 35 24 164 100.00000 0
4307 8917 10.00378 0.00871 0.40413 0.45628 47 29 3 45 32 227 100.00000 0
6418 6477 10.58693 0.01201 0.64753 0.69097 98 51 13 92 66 516 100.00000 0
3599 7513 11.55718 0.00666 0.57267 0.46478 28 11 14 28 8 187 100.00000 0
7440 8244 10.18801 0.35709 0.36287 1.74406 23 7 8 21 7 212 100.00000 0
5342 5642 11.50407 0.00450 0.36980 0.54249 36 24 2 36 27 170 100.00000 0
70 8941 10.76839 0.03409 0.41232 2.19392 35 11 1 26 17 275 100.00000 0
3575 7346 11.21047 0.01075 0.69323 0.99780 14 5 2 9 4 125 100.00000 0
4815 9014 10.77565 0.01267 0.34358 0.69998 21 12 4 19 14 218 100.00000 0
5199 5642 11.50407 0.00450 0.39990 0.88823 32 18 1 30 25 187 100.00000 0
5119 5275 11.25048 0.00606 0.36145 0.53814 23 11 6 19 13 119 100.00000 0
4879 9622 10.75175 0.00653 0.30265 0.53595 64 39 9 57 39 306 100.00000 0
4529 8995 11.51074 0.00365 0.74909 0.81901 59 10 2 49 39 267 100.00000 0
917 5667 11.30246 0.61900 0.36823 1.12466 13 4 4 9 5 93 100.00000 0
566 9815 10.48199 0.00860 0.86151 0.73168 24 7 1 22 14 103 100.00000 0
2 8922 11.72717 0.03539 0.81382 1.43149 32 2 3 32 18 158 100.00000 0
7396 8149 11.56160 0.01074 0.48044 0.40734 26 10 12 23 15 205 100.00000 0
7846 8248 11.85529 0.46580 1.02284 1.52982 25 2 0 23 9 149 100.00000 0
7399 7672 10.30998 0.00989 0.41841 0.56855 35 19 7 28 20 256 100.00000 0
9000 9238 11.74228 0.01094 0.46501 0.62745 61 44 14 59 43 223 100.00000 0
1765 6557 10.15555 0.01079 0.29317 0.35827 61 48 4 55 49 414 100.00000 0
5119 5602 11.24338 0.01028 0.49973 0.64224 28 15 8 28 19 122 100.00000 0
4592 8968 11.01961 0.01104 0.80604 1.47883 38 9 3 34 24 256 100.00000 0
1244 6042 10.58557 0.35011 0.51849 0.51129 12 0 5 10 5 105 100.00000 0
770 858 10.24011 0.00961 0.41469 0.46478 38 19 12 38 26 170 100.00000 0
632 859 10.74015 0.00913 0.35944 0.87849 28 19 3 26 18 133 100.00000 0
4138 8766 10.75274 0.00359 0.27924 0.19782 22 13 2 18 15 225 100.00000 0
4853 9354 11.76266 0.01426 0.17405 0.74546 39 28 3 37 22 219 100.00000 0
7533 8246 10.95663 0.41146 1.33222 1.87137 25 5 3 23 7 226 100.00000 0
1933 6727 10.48851 0.03119 0.73602 0.16313 51 6 1 47 35 612 100.00000 0
172 4384 10.50178 0.01256 0.52204 0.23239 47 25 8 45 30 309 100.00000 0
4851 9086 10.26501 0.01305 0.26699 1.08065 61 45 2 53 41 323 100.00000 0
4721 8969 10.01552 0.01110 1.04529 0.61548 30 1 0 27 21 324 100.00000 0
3600 7822 10.66031 0.00542 0.38420 0.31898 31 11 10 29 9 165 100.00000 0
844 5639 11.27297 0.00813 0.52385 0.82709 24 10 0 20 18 155 100.00000 0
4822 9488 11.25340 0.00604 0.76124 0.55953 55 10 3 55 36 267 100.00000 0
3631 7782 11.39162 0.53306 1.14431 1.75323 22 6 7 16 6 164 100.00000 0
465 5203 11.73593 0.00890 0.55828 0.63674 39 14 5 37 28 115 100.00000 0
3631 7815 11.39162 0.53306 0.99131 1.83206 16 0 4 14 5 158 100.00000 0
9379 9579 10.99214 0.01385 0.41679 0.84488 44 33 4 33 33 296 100.00000 0
869 5182 10.50818 0.01323 0.31701 0.23407 37 20 10 30 23 191 100.00000 0
7 8923 10.73594 0.03461 0.65190 1.99645 49 7 18 49 37 195 100.00000 0
210 9278 11.99345 0.01101 0.75778 0.87760 49 18 2 40 29 255 100.00000 0
8999 9439 11.99213 0.01115 0.55305 0.67435 52 31 3 44 41 249 100.00000 0
9000 9326 11.74228 0.01094 0.56105 0.65372 77 48 19 73 57 348 100.00000 0
4824 9079 10.00452 0.00552 0.61959 0.72632 49 22 4 45 34 213 100.00000 0
4462 8994 11.01051 0.00331 0.71281 0.38359 44 3 0 38 25 272 100.00000 0
72 125 10.76529 0.02967 1.01578 1.74496 39 7 0 29 21 300 100.00000 0
4474 4815 11.01081 0.00731 0.66399 0.45456 46 10 1 39 31 301 100.00000 0
7395 7941 11.91205 0.01091 0.58511 0.41117 21 5 13 16 8 197 100.00000 0
1706 6467 10.94049 0.00524 0.48915 0.34492 99 52 9 99 78 435 100.00000 0
4870 9589 10.01987 0.01284 0.29356 0.60068 65 55 7 65 52 322 100.00000 0
5134 9828 10.89317 0.01333 0.85855 1.02717 26 2 1 22 13 117 100.00000 0
603 5628 10.49065 0.00724 0.38282 0.43521 21 8 7 19 10 127 100.00000 0
4851 9168 10.26501 0.01305 0.42514 1.03136 63 30 3 61 45 312 100.00000 0
8057 8245 10.40541 0.38381 0.60271 1.85899 34 8 3 32 15 174 100.00000 0
9144 9578 10.74205 0.01270 0.74610 1.09860 53 16 7 51 30 346 100.00000 0
1644 1696 11.16925 0.00940 0.49321 0.48051 85 44 3 75 63 397 100.00000 0
469 5510 10.23569 0.00887 0.30604 0.51205 35 26 4 35 25 127 100.00000 0
1563 6340 10.12342 0.01463 0.46818 0.69717 29 15 12 22 19 371 100.00000 0
4824 9273 10.00452 0.00552 0.48033 0.43521 74 48 8 72 63 332 100.00000 0
4822 9033 10.76200 0.00808 0.67857 0.43521 36 9 2 32 23 249 100.00000 0
210 9500 11.99345 0.01101 0.76336 0.61929 50 14 1 42 32 292 100.00000 0
9000 9056 11.74228 0.01094 0.59463 0.71436 85 39 18 75 57 363 100.00000 0
862 5133 10.48241 0.01569 0.26961 0.67955 36 23 7 36 23 130 100.00000 0
497 5628 10.48663 0.00933 0.44714 0.53155 24 15 7 24 16 136 100.00000 0
4823 9057 10.25460 0.00563 1.14201 0.73061 39 2 1 37 25 222 100.00000 0
616 5628 10.49065 0.00724 0.68306 0.60716 19 5 6 15 6 135 100.00000 0
868 5142 11.49635 0.01466 0.53354 0.46646 15 5 7 15 9 100 100.00000 0
164 4654 11.01370 0.01159 0.86975 0.38664 48 2 0 48 30 300 100.00000 0
7538 8247 11.40301 0.43728 0.49314 1.46206 18 4 4 14 8 152 100.00000 0
10333 10454 11.04820 0.03083 0.68294 0.13706 53 15 3 47 35 331 100.00000 0
2246 7010 11.80472 0.08366 0.44912 0.43160 57 36 10 57 39 352 100.00000 0
3729 8335 10.77783 0.00442 0.52353 0.63056 29 11 0 27 17 162 100.00000 0
7398 8114 10.66289 0.01038 0.83072 0.81084 19 7 9 14 7 194 100.00000 0
10333 10439 11.04814 0.03082 0.64477 0.25179 43 8 2 36 27 282 100.00000 0
310 4973 10.75705 0.00448 0.28667 0.59610 56 41 5 50 38 382 100.00000 0
5467 5640 10.24678 0.00445 0.18850 0.29074 24 14 8 24 14 144 100.00000 0
209 9266 10.74493 0.00935 0.21722 0.49416 54 42 2 50 41 279 100.00000 0
9001 9164 10.99228 0.01013 0.53367 1.06128 59 40 4 59 45 290 100.00000 0
651 5630 11.48834 0.00629 0.09680 0.37009 18 17 0 18 14 110 100.00000 0
4669 8993 10.00176 0.00352 0.48163 0.30001 69 33 12 60 52 404 100.00000 0
5118 5336 11.74908 0.00684 0.57260 0.40445 23 10 2 23 13 101 100.00000 0
7444 8247 11.40301 0.43728 1.07676 1.72420 16 0 3 10 4 129 100.00000 0
7699 8247 11.40301 0.43728 0.77282 1.62027 16 2 0 11 8 79 100.00000 0
4530 8993 10.00176 0.00352 0.50120 0.17914 57 27 6 47 38 343 100.00000 0
4515 8969 10.01552 0.01110 0.87251 0.66558 60 10 2 55 38 322 100.00000 0
468 5433 10.73909 0.00823 0.38912 0.61357 41 25 6 35 27 180 100.00000 0
5573 5641 10.74660 0.00471 0.24754 0.25179 26 19 4 24 14 154 100.00000 0
468 5579 10.73909 0.00823 0.30579 0.46309 21 13 4 21 14 126 100.00000 0
819 5631 11.74764 0.00331 0.20941 0.27124 20 16 0 16 15 91 100.00000 0
7812 8245 10.40541 0.38381 0.96071 1.85097 24 2 6 21 7 130 100.00000 0
3666 8301 11.72519 0.41904 0.78964 1.64306 34 14 6 30 17 153 100.00000 0
4333 8921 10.76075 0.00991 0.87962 0.81757 66 12 10 66 41 231 100.00000 0
623 9826 10.52279 0.01184 0.59087 2.11304 26 5 0 24 15 162 100.00000 0
404 9785 10.12952 0.05704 0.52233 0.20558 63 29 9 57 38 381 100.00000 0
5254 9831 11.76744 0.01151 0.92587 1.39522 23 7 0 21 16 98 100.00000 0
4506 8994 11.01051 0.00331 0.79669 0.22381 60 8 1 52 38 253 100.00000 0
479 5624 10.98874 0.01292 0.39128 0.73489 28 14 2 20 15 147 100.00000 0
3600 7874 10.66031 0.00542 0.39836 0.32143 30 10 7 28 12 175 100.00000 0
870 5406 10.99806 0.01368 0.45993 1.27134 28 15 4 22 16 151 100.00000 0
1251 6051 11.66535 0.38554 0.40922 1.05165 23 15 2 19 14 123 100.00000 0
466 5609 11.98286 0.01651 0.54615 0.95203 20 11 2 20 15 122 100.00000 0
467 5441 10.98902 0.00864 0.47239 0.48457 20 11 5 15 13 94 100.00000 0
870 5566 10.99808 0.01393 0.30256 0.92957 38 16 6 38 25 192 100.00000 0
4384 8976 10.50250 0.00378 0.66622 0.74860 54 29 7 52 40 331 100.00000 0
1728 6499 10.69988 0.01018 0.44269 0.45456 77 38 6 73 52 336 100.00000 0
8020 8248 11.85529 0.46580 0.39242 1.32353 25 6 5 15 10 166 100.00000 0
1602 6366 10.60977 0.00301 0.47593 0.12195 27 8 6 23 17 280 100.00000 0
189 9065 11.74867 0.00898 1.03991 1.56848 44 8 8 38 24 280 100.00000 0
4491 4814 10.76210 0.00697 0.93818 0.63796 66 1 0 58 48 319 100.00000 0
9266 9580 11.73887 0.01360 0.44668 0.77430 48 32 5 46 31 290 100.00000 0
4823 9232 10.25460 0.00563 1.03027 0.25944 51 1 0 46 37 293 100.00000 0
5371 9831 11.76744 0.01151 1.25910 0.81421 22 2 0 16 9 114 100.00000 0
4390 4644 11.51295 0.00678 0.47055 0.45628 58 27 10 58 42 327 100.00000 0
114 8946 10.26650 0.00829 0.52385 0.59610 53 31 4 49 36 320 100.00000 0
5119 5372 11.25048 0.00606 0.45906 0.53959 19 11 3 17 12 108 100.00000 0
7396 7611 11.56160 0.01074 0.32064 0.40348 26 8 12 24 10 202 100.00000 0
4853 9510 11.76266 0.01426 0.14773 0.71819 46 37 5 42 31 269 100.00000 0
467 5275 10.98905 0.00820 0.39366 0.46478 22 12 2 22 14 134 100.00000 0
186 4722 10.99973 0.01010 0.80978 0.36154 52 6 0 50 32 323 100.00000 0
7712 8248 11.85529 0.46580 0.70841 1.57694 15 2 0 11 7 112 100.00000 0
467 5520 10.98902 0.00864 0.46300 0.52934 20 8 7 20 13 122 100.00000 0
9001 9289 10.99228 0.01013 0.51923 0.59807 63 41 13 56 44 277 100.00000 0
4823 9123 10.25460 0.00563 0.97130 0.73275 45 3 0 43 32 267 100.00000 0
7397 8147 10.85805 0.01038 0.35213 0.60587 26 10 12 26 17 193 100.00000 0
296 9687 10.25315 0.01598 0.28271 0.73222 68 51 8 60 45 333 100.00000 0
320 4966 11.99962 0.00218 0.66917 0.73435 21 6 3 14 12 223 100.00000 0
8999 9074 11.99213 0.01115 0.72931 0.73329 39 11 3 35 22 240 100.00000 0
187 4587 11.99003 0.01046 1.36063 2.79750 38 3 0 27 22 263 100.00000 0
216 4872 10.24901 0.00505 0.31530 0.27976 66 47 8 64 40 346 100.00000 0
3556 7328 11.05416 0.00309 0.46788 0.28804 6 1 2 3 2 110 100.00000 0
5304 9830 10.42122 0.01208 0.58231 1.64948 65 36 3 57 44 245 100.00000 0
187 4451 11.99003 0.01046 0.27903 1.71851 35 17 0 31 25 276 100.00000 0
3810 8406 10.75948 0.01380 0.48411 2.46005 10 5 1 8 5 118 100.00000 0
13 8922 11.72717 0.03539 0.54751 1.79864 50 13 8 46 30 226 100.00000 0
4562 4816 11.49644 0.00736 0.68195 1.13987 54 28 6 47 38 320 100.00000 0
469 5318 10.23573 0.00844 0.25002 0.82139 27 21 0 27 22 125 100.00000 0
133 8935 11.26123 0.00732 0.41522 1.47909 25 14 4 19 17 280 100.00000 0
53 4348 11.52091 0.02699 1.05993 1.15961 44 6 0 16 22 303 100.00000 0
5119 5600 11.24438 0.00967 0.39807 0.58350 14 4 6 11 8 113 100.00000 0
4852 9040 11.24295 0.01644 0.31287 0.94626 51 43 3 49 35 256 100.00000 0
9001 9463 10.99228 0.01013 0.55176 0.66086 65 36 15 61 49 267 100.00000 0
4391 4460 11.01433 0.00882 0.55946 0.55249 47 15 7 45 30 268 100.00000 0
4421 8966 11.02919 0.01158 0.87664 0.58283 37 2 2 35 28 268 100.00000 0
440 5111 11.25463 0.00602 0.28253 0.62244 36 17 6 30 24 197 100.00000 0
3631 7437 11.62314 0.53278 0.83878 1.76392 17 0 1 15 5 158 100.00000 0
1247 6046 11.25107 0.36958 0.27105 0.74019 9 3 4 7 4 124 100.00000 0
9412 9578 10.74205 0.01270 0.66042 0.86592 51 21 9 51 30 330 100.00000 0
507 5631 11.73734 0.00696 0.14525 0.43879 14 6 4 11 7 91 100.00000 0
4391 4733 11.01433 0.00882 0.60828 1.50714 36 8 5 32 18 324 100.00000 0
455 596 11.76959 0.00582 0.62653 0.65849 26 8 3 26 15 107 100.00000 0
134 4367 10.26014 0.00827 0.30115 0.79328 92 61 5 89 71 383 100.00000 0
8999 9311 11.99213 0.01115 0.60352 0.68185 31 9 1 27 19 218 100.00000 0
52 4324 10.97985 0.03368 0.61391 1.64521 100 37 17 98 84 312 100.00000 0
4852 9433 11.24935 0.01377 1.37084 2.82314 38 18 1 23 21 281 100.00000 0
481 5623 10.22726 0.01273 0.19890 0.86185 21 15 1 15 11 156 100.00000 0
3963 8562 10.79435 0.00625 0.25445 0.33804 20 13 3 17 12 188 100.00000 0
3871 8463 11.76968 0.00406 0.26624 0.56441 14 9 3 12 10 103 100.00000 0
5033 9761 10.62073 0.04145 0.32459 0.64528 39 15 9 32 19 355 100.00000 0
4024 8648 10.27725 0.00201 0.47291 0.21670 47 21 7 45 36 317 100.00000 0
667 9826 10.52291 0.01168 0.71776 1.46767 25 4 1 25 17 142 100.00000 0
7713 8248 11.85529 0.46580 0.79823 1.33940 16 3 0 10 8 136 100.00000 0
4852 9076 11.24935 0.01377 0.55905 1.15961 36 22 0 32 23 258 100.00000 0
1654 6376 11.37087 0.00970 0.36493 0.56786 48 23 16 46 25 445 100.00000 0
1528 6330 10.57986 0.00979 0.36204 0.64952 37 23 7 33 25 354 100.00000 0
4821 9304 11.75490 0.00687 0.62754 0.46055 49 21 7 42 31 257 100.00000 0
5118 5485 11.74907 0.00718 0.80190 1.60034 14 9 1 14 9 64 100.00000 0
5119 5272 11.25048 0.00606 0.59679 0.96631 11 6 2 8 8 76 100.00000 0
4332 8921 10.01410 0.00908 0.45196 0.52039 62 32 12 62 37 251 100.00000 0
191 9551 11.23775 0.01229 0.67142 0.77783 62 23 12 57 39 322 100.00000 0
944 5732 11.51055 0.11527 0.36221 0.61612 10 6 0 8 5 100 100.00000 0
187 4499 11.99003 0.01046 0.42316 0.61038 53 25 6 49 39 287 100.00000 0
7560 8245 10.40541 0.38381 0.61737 1.82649 22 4 7 17 9 181 100.00000 0
2228 6994 11.04431 0.02805 0.29726 0.64771 85 58 15 83 59 393 100.00000 0
469 5466 10.23569 0.00887 0.20127 0.53082 28 24 1 26 21 136 100.00000 0
4852 9197 11.24935 0.01377 0.43506 1.06899 35 20 1 33 23 216 100.00000 0
1547 6327 10.40638 0.00481 0.62046 0.94170 23 5 5 21 14 285 100.00000 0
499 5630 11.48529 0.00736 0.24046 0.82329 25 17 2 23 19 125 100.00000 0
732 861 11.99518 0.00846 0.35066 0.43341 28 18 4 28 21 149 100.00000 0
4852 9130 11.24935 0.01377 0.66038 0.75173 50 16 0 48 29 253 100.00000 0
7450 8246 10.95663 0.41146 0.55902 1.70594 35 12 0 33 16 234 100.00000 0
111 8926 11.75385 0.01712 0.70250 1.03249 30 6 2 28 19 236 100.00000 0
1330 6116 10.85879 0.01256 0.47117 0.51434 26 12 5 22 14 203 100.00000 0
1598 1680 11.85298 0.01546 0.55262 0.88691 65 38 11 63 44 517 100.00000 0
10332 10419 11.54721 0.03155 0.64258 0.19383 48 11 2 38 31 248 100.00000 0
9000 9215 11.74228 0.01094 0.54510 0.68927 81 48 13 81 65 333 100.00000 0
7397 7824 10.85805 0.01038 0.43763 0.41496 34 14 17 34 17 204 100.00000 0
466 5446 11.48893 0.00933 0.34658 0.51964 25 15 6 25 18 122 100.00000 0
209 9238 10.74493 0.00935 0.33840 0.55391 57 47 1 47 41 232 100.00000 0
7538 8248 11.85529 0.46580 0.75480 1.32913 22 5 5 18 9 149 100.00000 0
7395 7685 11.91205 0.01091 0.43889 0.47313 12 3 2 9 4 177 100.00000 0
457 783 10.50814 0.00473 0.45211 0.48939 36 22 7 34 25 133 100.00000 0
631 5628 10.49064 0.00711 0.55586 0.47313 27 10 2 27 16 152 100.00000 0
4824 9437 10.00452 0.00552 0.62373 0.35388 66 25 6 62 43 298 100.00000 0
700 5112 10.52276 0.00372 0.49193 0.46730 31 16 9 31 20 138 100.00000 0
5118 5582 11.74907 0.00718 0.77237 0.42796 24 7 4 19 16 112 100.00000 0
7890 8247 11.40301 0.43728 0.57714 1.52649 18 0 4 18 7 145 100.00000 0
3595 7419 11.60859 0.00991 1.67277 1.05165 28 4 1 21 5 175 100.00000 0
4852 9272 11.24935 0.01377 0.69376 0.86094 44 13 2 39 28 325 100.00000 0
5685 9845 10.36767 0.55164 1.52546 1.71828 27 1 0 25 16 118 100.00000 0
4824 9074 10.00452 0.00552 0.39882 0.36904 76 52 6 76 56 355 100.00000 0
4751 4814 10.76210 0.00697 0.84577 0.42336 66 5 1 62 44 332 100.00000 0
2625 3098 10.14779 0.00580 0.85541 0.85180 16 3 1 7 6 105 100.00000 0
8999 9143 11.99213 0.01115 0.72857 0.93293 59 14 4 55 39 260 100.00000 0
754 5111 11.28858 0.00544 0.78278 1.32116 16 3 2 14 6 124 100.00000 0
5119 5415 11.25048 0.00606 0.33926 0.85363 22 16 2 22 18 110 100.00000 0
3630 7719 10.84035 0.50281 0.93574 1.75725 13 1 2 11 5 125 100.00000 0
1662 6377 11.36913 0.01163 0.44337 0.60068 53 29 10 49 39 406 100.00000 0
4392 4596 10.76405 0.00903 0.47349 0.54536 62 24 5 60 36 338 100.00000 0
466 5512 11.48893 0.00933 0.49039 0.52039 15 9 4 15 8 111 100.00000 0
4394 4692 10.01342 0.00678 0.62020 0.38967 32 10 5 30 24 288 100.00000 0
218 9578 10.78549 0.01970 0.47202 1.11417 56 35 13 52 33 304 100.00000 0
4824 9073 10.00452 0.00552 0.37659 0.42336 66 44 4 66 51 313 100.00000 0
14 4347 10.52023 0.02723 1.09555 1.10464 30 0 0 30 25 297 100.00000 0
9442 9579 10.99214 0.01385 0.40749 0.82614 52 38 1 47 37 276 100.00000 0
8046 8246 10.95663 0.41146 0.74449 1.67164 24 11 4 22 10 178 100.00000 0
10332 10471 11.79458 0.03162 0.45424 0.48376 54 16 6 47 39 301 100.00000 0
760 9815 10.48185 0.00882 0.90793 0.63427 29 3 3 23 14 104 100.00000 0
9000 9270 11.74228 0.01094 0.59347 0.63735 85 45 16 85 64 281 100.00000 0
5294 9830 10.42122 0.01208 0.48610 2.09387 68 38 1 66 51 255 100.00000 0
7398 7678 10.66289 0.01038 0.32027 0.48939 30 15 8 30 18 237 100.00000 0
5326 5643 11.75281 0.00514 0.17859 0.63735 39 23 7 33 19 202 100.00000 0
4393 4615 10.26022 0.00778 0.60735 0.94956 55 14 1 53 38 288 100.00000 0
622 860 11.24521 0.00850 0.43511 0.61421 28 12 6 26 19 134 100.00000 0
9061 9578 10.74205 0.01270 0.67014 0.83930 33 13 5 29 18 266 100.00000 0
9001 9058 10.99228 0.01013 0.74543 1.45455 61 31 8 59 41 333 100.00000 0
466 5323 11.48894 0.00891 0.40762 0.49889 26 18 3 24 17 111 100.00000 0
2225 6992 11.31946 0.02173 0.39899 1.13987 68 38 7 65 41 400 100.00000 0
539 858 10.24011 0.00956 0.26928 0.47147 41 27 9 41 24 167 100.00000 0
7600 8247 11.40301 0.43728 0.96039 1.59004 20 3 0 18 7 186 100.00000 0
4853 9055 11.76266 0.01426 0.38147 1.26393 38 17 2 34 20 203 100.00000 0
188 9023 11.01123 0.00770 0.94546 0.98715 47 7 2 47 32 268 100.00000 0
868 5334 10.00870 0.01253 0.18972 0.37639 40 28 5 38 30 175 100.00000 0
608 5627 10.23870 0.00802 0.36605 0.45800 11 4 3 11 6 117 100.00000 0
679 861 11.99518 0.00854 0.27766 0.80939 19 9 5 17 11 101 100.00000 0
4853 9104 11.76266 0.01426 0.27716 0.82803 53 32 4 51 31 254 100.00000 0
933 5722 10.93840 0.35273 0.42297 1.06680 22 9 0 20 12 134 100.00000 0
4851 9352 10.26501 0.01305 0.34631 0.95613 70 48 1 61 51 340 100.00000 0
3629 7911 10.13326 0.47270 0.70315 1.61398 17 2 2 10 6 188 100.00000 0
210 9552 10.50875 0.00846 0.47499 0.61548 45 24 1 39 30 273 100.00000 0
808 9826 10.52255 0.01163 0.75559 0.78932 34 2 0 25 16 164 100.00000 0
7399 7499 10.30998 0.00989 1.01549 0.44411 35 0 29 31 14 266 100.00000 0
871 5491 11.75400 0.01387 0.09450 0.42704 23 16 4 21 14 168 100.00000 0
491 858 10.48609 0.01091 0.31988 0.58751 48 35 6 48 33 170 100.00000 0
7397 8092 10.85805 0.01038 0.24835 0.46140 35 24 8 35 22 253 100.00000 0
870 5337 10.99806 0.01368 0.22919 0.49889 37 26 6 35 25 168 100.00000 0
9002 9364 10.25126 0.01010 0.53097 0.57811 44 17 5 44 31 272 100.00000 0
1835 6626 10.03414 0.04652 0.32809 0.55673 128 103 10 128 100 510 100.00000 0
1919 6700 10.02976 0.05179 0.39461 0.45456 69 36 12 67 44 406 100.00000 0
1260 6059 10.33942 0.32573 0.43022 1.04080 25 12 4 23 14 164 100.00000 0
3630 7959 10.84035 0.50281 0.97065 1.80277 19 0 5 13 7 162 100.00000 0
105 4350 10.27016 0.01397 0.91385 1.08643 29 1 1 29 13 307 100.00000 0
869 5270 10.50818 0.01323 0.20114 0.51586 9 4 2 6 3 80 100.00000 0
5131 5633 11.47463 0.01633 0.67144 0.93962 25 8 3 22 16 85 100.00000 0
194 9564 10.72508 0.01958 0.93327 1.18696 87 10 2 85 68 339 100.00000 0
4722 8968 11.01961 0.01104 0.87443 0.58884 25 3 1 25 18 250 100.00000 0
164 4551 11.01370 0.01159 0.73049 0.61548 49 8 6 49 34 331 100.00000 0
196 4816 10.75793 0.00964 0.46015 0.20174 41 23 5 39 25 277 100.00000 0
4821 9380 11.75490 0.00687 0.59978 0.44762 63 28 12 57 43 281 100.00000 0
3631 7994 11.39162 0.53306 0.48778 1.72692 9 2 2 7 2 72 100.00000 0
469 5253 10.23573 0.00844 0.28228 0.52339 30 22 2 27 20 136 100.00000 0
209 9456 10.74493 0.00935 0.32507 0.61548 59 45 2 57 43 296 100.00000 0
186 4712 10.99973 0.01010 0.56081 2.15213 43 5 2 33 24 286 100.00000 0
3140 3533 11.35089 0.00962 0.28933 0.66969 10 8 1 10 8 55 100.00000 0
3630 7785 10.84035 0.50281 1.07466 1.67070 17 0 3 11 7 134 100.00000 0
7981 8246 10.95663 0.41146 0.79296 1.74496 30 11 5 24 12 197 100.00000 0
4851 9336 10.26501 0.01305 0.46354 1.08534 66 44 3 59 47 360 100.00000 0
8999 9427 11.99213 0.01115 0.53845 1.02984 58 30 3 56 39 274 100.00000 0
298 4960 10.25172 0.00313 0.28334 1.22653 43 18 9 35 23 263 100.00000 0
108 8944 10.27157 0.01487 0.59376 0.74860 45 8 2 42 34 324 100.00000 0
7398 7522 10.66289 0.01038 0.35002 0.41117 27 16 6 25 16 220 100.00000 0
5097 9799 10.41756 0.00902 0.38826 0.46225 69 44 11 65 58 280 100.00000 0
7870 8246 10.95663 0.41146 0.90612 1.68725 30 11 11 27 11 192 100.00000 0
5118 5435 11.74907 0.00718 0.71429 0.45284 18 5 7 18 8 101 100.00000 0
3977 8593 11.29490 nan 0.27281 0.62495 43 18 1 28 24 222 100.00000 0
764 9826 10.52236 0.01152 0.89486 0.95450 23 1 0 23 11 125 100.00000 0
7465 8247 11.40301 0.43728 0.48053 1.64449 29 1 6 27 13 161 100.00000 0
859 5650 10.76038 0.00728 0.25722 0.32984 30 17 7 21 15 108 100.00000 0
4717 8995 11.51074 0.00365 0.65943 0.68128 49 14 1 49 33 272 100.00000 0
456 555 11.00849 0.00483 0.36675 0.45628 26 14 4 21 15 137 100.00000 0
696 5112 10.52276 0.00372 0.44463 0.19383 29 16 10 29 20 158 100.00000 0
3580 7385 11.02274 0.01124 0.45274 0.35608 19 5 8 16 7 130 100.00000 0
580 5111 11.28856 0.00500 0.82316 0.81948 16 3 1 12 9 114 100.00000 0
7557 8245 10.40541 0.38381 0.32000 1.90393 28 4 3 26 11 164 100.00000 0
186 4457 10.99973 0.01010 0.70251 0.90784 35 6 2 26 18 326 100.00000 0
468 5370 10.73912 0.00781 0.26135 0.56855 29 18 2 29 14 116 100.00000 0
912 5705 11.37826 0.72221 0.52667 3.25137 9 0 1 5 5 89 100.00000 0
456 754 11.00852 0.00539 0.59714 0.28667 24 8 8 21 11 149 100.00000 0
633 9826 10.52279 0.01184 0.98437 0.72308 21 0 0 21 12 130 100.00000 0
4853 9141 11.76266 0.01426 0.22516 0.74756 56 47 0 51 38 269 100.00000 0
8077 8248 11.85529 0.46580 0.59281 1.47698 27 5 3 18 7 145 100.00000 0
5565 9831 11.76749 0.01163 0.77607 1.79428 16 8 3 14 7 76 100.00000 0
4824 9051 10.00452 0.00552 0.56112 0.31153 92 43 11 86 73 386 100.00000 0
3668 8302 11.46731 0.38299 0.40379 1.26610 30 17 5 26 20 115 100.00000 0
4395 4791 11.51103 0.00802 0.65273 0.47724 38 10 12 38 32 311 100.00000 0
8999 9260 11.99213 0.01115 0.88426 0.84488 51 9 2 46 32 256 100.00000 0
3600 8000 10.66031 0.00542 0.54278 0.32021 25 8 8 21 11 205 100.00000 0
4732 8969 10.01552 0.01110 0.74963 0.81517 31 5 2 29 18 284 100.00000 0
647 860 11.24521 0.00850 0.56188 1.43094 19 8 1 12 11 100 100.00000 0
5120 5517 10.49362 0.00602 0.32661 0.49889 35 19 10 31 24 155 100.00000 0
701 5630 11.48831 0.00648 0.26438 0.82234 34 27 2 34 27 142 100.00000 0
4804 8975 10.49725 0.00769 0.43312 0.42978 54 25 5 50 40 286 100.00000 0
4822 9486 11.25340 0.00604 0.64131 0.56163 42 17 2 42 27 255 100.00000 0
792 5628 10.49065 0.00662 0.49588 0.43069 27 14 4 23 14 140 100.00000 0
1703 6462 10.36050 0.00653 0.26530 0.26095 86 59 21 86 63 368 100.00000 0
7399 7878 10.30998 0.00989 0.48911 0.51510 42 14 15 37 22 242 100.00000 0
8999 9089 11.99213 0.01115 0.59676 1.01143 54 18 6 47 33 222 100.00000 0
7396 7510 11.56160 0.01074 0.93227 0.50668 23 5 12 21 6 223 100.00000 0
740 5111 11.28858 0.00544 0.70706 0.62244 15 3 1 11 10 119 100.00000 0
1488 6274 10.97957 0.00873 0.49430 0.46309 74 32 7 65 52 574 100.00000 0
187 4453 11.99003 0.01046 0.51644 0.79721 53 14 5 49 33 307 100.00000 0
9001 9247 10.99228 0.01013 0.51541 0.86863 56 32 8 54 36 248 100.00000 0
5334 9830 10.42122 0.01208 0.65539 1.73731 68 27 2 57 50 249 100.00000 0
9222 9578 10.74205 0.01270 0.67095 0.79031 51 36 4 45 32 312 100.00000 0
2282 6991 10.99005 0.03781 0.28354 1.51439 47 35 5 41 31 339 100.00000 0
587 5627 10.23869 0.00817 0.32962 1.81553 9 3 1 7 4 87 100.00000 0
4393 8980 10.25419 0.00659 0.35470 1.43422 69 35 12 67 47 375 100.00000 0
657 5629 10.99150 0.00678 0.51634 0.45370 26 10 6 24 14 126 100.00000 0
2621 3455 10.49651 0.00678 0.50193 0.45197 11 4 1 8 9 104 100.00000 0
3889 8497 10.05385 0.00555 0.24254 0.34492 64 45 12 60 42 275 100.00000 0
797 5111 11.28856 0.00598 0.69990 0.33920 20 8 2 18 13 116 100.00000 0
837 9828 10.91748 0.01296 0.98632 1.02908 42 6 0 36 26 185 100.00000 0
187 4592 11.99003 0.01046 0.32422 0.96874 48 28 4 37 24 288 100.00000 0
3750 8354 10.83344 0.02034 0.89703 1.25398 30 7 5 19 11 262 100.00000 0
871 5510 11.75400 0.01387 0.35649 0.23903 23 15 4 19 12 112 100.00000 0
3947 8560 11.77127 0.00505 0.34159 0.40638 27 15 3 23 17 172 100.00000 0
457 718 10.50809 0.00420 0.49794 0.28939 27 16 3 23 18 127 100.00000 0
5583 5642 11.50407 0.00434 0.43829 0.62118 48 28 4 41 35 222 100.00000 0
4824 9291 10.00452 0.00552 0.51268 0.31153 76 45 9 76 61 329 100.00000 0
4392 4779 11.26270 0.00879 0.38623 0.55953 49 27 9 42 27 310 100.00000 0
3630 8119 10.84035 0.50281 0.75070 1.80970 18 0 1 18 5 136 100.00000 0
8999 9066 11.99213 0.01115 0.63652 0.99780 38 15 5 31 23 233 100.00000 0
869 5514 10.50820 0.01351 0.25183 0.51358 36 16 11 34 15 177 100.00000 0
4853 9310 11.76266 0.01426 0.17748 0.72954 31 27 1 31 20 199 100.00000 0
1871 6666 11.85482 0.02077 0.56897 0.67377 44 22 3 35 28 544 100.00000 0
7998 8248 11.85529 0.46580 0.48233 1.34523 19 6 1 10 1 129 100.00000 0
9260 9578 10.74205 0.01270 0.79685 0.97478 37 12 5 35 22 302 100.00000 0
1616 6475 11.64985 0.01392 0.73932 0.80891 62 25 7 60 33 406 100.00000 0
903 9839 10.37010 0.26355 1.84237 2.81994 11 0 0 11 7 90 100.00000 0
184 8978 10.75753 0.00714 0.28532 1.43286 74 40 6 70 56 319 100.00000 0
2211 6979 11.03358 0.05145 0.87185 2.40094 69 49 14 65 30 365 100.00000 0
7453 8245 10.40541 0.38381 0.53991 1.76946 21 2 7 19 9 163 100.00000 0
5427 9831 11.76749 0.01163 0.95386 1.52572 32 10 1 28 21 151 100.00000 0
7627 8248 11.85529 0.46580 0.53012 1.32884 21 6 3 11 5 166 100.00000 0
7399 7501 10.30998 0.00989 0.42670 0.49019 31 11 13 27 13 244 100.00000 0
492 5627 10.48660 0.00940 0.44332 0.54032 23 11 7 19 11 142 100.00000 0
7973 8245 10.40541 0.38381 0.40051 1.90084 32 5 5 28 9 210 100.00000 0
2361 7087 10.14804 0.12252 0.89696 0.59545 17 1 0 5 6 93 100.00000 0
2623 3477 10.85079 0.00537 0.59427 2.24768 11 6 1 11 8 82 100.00000 0
7637 8245 10.40541 0.38381 0.34190 1.84653 28 0 6 24 11 194 100.00000 0
4351 8935 10.01052 0.01269 0.39834 0.73275 30 22 5 28 24 283 100.00000 0
466 5151 11.25680 0.00461 0.52403 0.24389 20 10 1 18 12 106 100.00000 0
279 9672 11.39241 0.03521 0.29989 0.97076 67 51 5 65 51 295 100.00000 0
1712 6475 11.87576 0.01110 0.14269 0.74808 97 79 4 95 63 384 100.00000 0
4392 4670 10.76405 0.00903 0.42760 0.80015 65 32 14 59 40 314 100.00000 0
50 8923 10.73594 0.03461 0.84020 1.73393 50 4 6 50 32 204 100.00000 0
4394 4760 10.01342 0.00678 0.21850 0.42428 25 16 8 25 15 242 100.00000 0
9461 9579 10.99214 0.01385 0.45576 0.82424 67 48 8 64 46 309 100.00000 0
210 9504 11.99345 0.01101 0.74560 0.66676 44 15 0 38 34 259 100.00000 0
209 9320 10.74493 0.00935 0.46462 0.57267 55 40 0 53 45 274 100.00000 0
460 9821 11.38115 0.01210 0.77450 0.75121 21 3 0 21 15 97 100.00000 0
7398 7515 10.66289 0.01038 0.40792 0.46730 29 13 9 23 15 250 100.00000 0
157 4405 11.01483 0.01206 0.30497 0.76464 22 13 4 20 12 201 100.00000 0
1604 1687 11.60120 0.01815 0.44443 1.03665 71 49 10 67 39 525 100.00000 0
5402 9830 10.42122 0.01208 0.65098 1.44483 54 28 0 50 34 192 100.00000 0
4753 4814 10.76210 0.00697 0.89765 0.41117 59 3 1 55 36 308 100.00000 0
1291 6093 11.08956 0.02904 0.60921 1.64282 22 11 2 15 9 145 100.00000 0
3629 7500 10.13326 0.47270 0.92601 1.63423 37 7 7 35 16 201 100.00000 0
190 9508 10.75013 0.00781 1.09079 0.59872 63 0 3 57 45 320 100.00000 0
4486 8969 10.01552 0.01110 0.84877 0.76770 48 2 4 48 37 303 100.00000 0
187 4704 11.99003 0.01046 0.60431 0.36477 47 11 3 47 27 253 100.00000 0
9085 9580 11.73887 0.01360 0.37227 0.79721 53 38 9 51 36 312 100.00000 0
9518 9580 11.73887 0.01360 0.40987 1.05758 47 28 10 47 23 262 100.00000 0
694 5628 10.49065 0.00731 0.48459 0.42151 36 21 5 30 24 129 100.00000 0
1397 6200 10.36928 0.00648 0.35991 0.39167 66 47 6 62 51 380 100.00000 0
7398 7959 10.66289 0.01038 0.36906 0.37534 24 12 8 24 12 195 100.00000 0
189 9285 11.74867 0.00898 0.96753 0.47724 37 5 4 34 18 282 100.00000 0
7398 7568 10.66289 0.01038 0.72394 1.53033 29 9 6 22 13 215 100.00000 0
364 9752 11.96798 0.01459 0.35613 0.95940 53 20 6 49 31 368 100.00000 0
5561 5641 10.74660 0.00471 0.50536 0.35608 26 14 1 24 16 130 100.00000 0
4678 8993 10.00176 0.00352 0.43696 0.19979 49 22 8 46 33 283 100.00000 0
591 5112 10.52270 0.00365 0.52132 0.56232 37 19 12 37 29 162 100.00000 0
4901 9624 10.75479 0.00606 0.29908 0.71162 52 34 9 48 36 261 100.00000 0
457 727 10.50809 0.00420 0.50068 0.64468 21 9 3 17 10 115 100.00000 0
468 5392 10.73912 0.00781 0.43277 0.48618 26 18 2 24 18 116 100.00000 0
1667 6380 10.87083 0.01330 0.44137 0.71928 44 21 9 42 29 466 100.00000 0
9001 9055 10.99228 0.01013 0.59340 0.58817 78 44 6 74 64 332 100.00000 0
5131 9827 10.55060 0.01410 0.88986 1.04605 27 2 1 23 19 116 100.00000 0
870 5553 10.99808 0.01393 0.16767 0.33455 29 23 2 27 20 108 100.00000 0
305 9696 10.50054 0.01412 0.73941 1.12292 62 24 5 60 41 340 100.00000 0
210 9337 11.99345 0.01101 0.76594 0.93377 53 19 2 51 39 267 100.00000 0
5353 5642 11.50407 0.00450 0.35977 0.48618 44 29 7 42 30 177 100.00000 0
9025 9576 11.22498 0.01694 0.85424 2.79386 41 24 6 29 23 259 100.00000 0
3628 7420 11.74689 0.44162 0.81053 1.89589 31 3 1 29 6 191 100.00000 0
7396 7726 11.56160 0.01074 0.16647 0.46646 33 19 10 31 15 199 100.00000 0
5057 9768 11.22812 0.03586 0.51302 0.53082 40 18 2 33 22 283 100.00000 0
9000 9109 11.74228 0.01094 0.52417 0.78584 70 43 17 68 46 324 100.00000 0
4526 4815 11.01081 0.00731 1.01720 1.53238 37 5 0 30 24 296 100.00000 0
9002 9204 10.25126 0.01010 0.86456 0.66500 39 4 3 37 27 262 100.00000 0
870 5580 10.99808 0.01393 0.39206 0.38359 25 13 8 25 13 146 100.00000 0
3600 7880 10.66031 0.00542 0.32924 0.33455 42 20 11 40 21 225 100.00000 0
5648 9840 10.89949 0.01590 1.28947 0.91557 7 0 0 7 5 56 100.00000 0
3632 8215 11.81505 0.56483 1.03826 2.00974 27 4 0 20 14 156 100.00000 0
9500 9578 10.74205 0.01270 0.61793 0.79623 42 20 6 42 30 303 100.00000 0
4822 9482 11.25340 0.00604 0.55681 0.26095 52 21 5 50 34 232 100.00000 0
4392 4572 10.76405 0.00903 0.45720 0.52786 87 52 16 87 63 358 100.00000 0
7589 8246 10.95663 0.41146 0.53030 1.72374 27 5 4 25 12 202 100.00000 0
871 5366 11.75400 0.01364 0.19309 0.67086 26 13 7 26 9 152 100.00000 0
7397 7884 10.85805 0.01038 0.22643 0.42887 42 23 14 40 21 228 100.00000 0
4848 9017 11.47972 0.02210 0.51084 1.32057 61 29 6 56 30 308 100.00000 0
5218 5643 11.75281 0.00514 0.32013 0.52638 34 16 9 27 15 170 100.00000 0
187 4746 11.99003 0.01046 0.20697 2.45559 37 15 3 37 24 260 100.00000 0
9209 9578 10.74205 0.01270 0.73700 0.72524 48 24 9 44 30 263 100.00000 0
4821 9415 11.75490 0.00687 0.89451 0.45456 48 9 4 42 34 250 100.00000 0
8999 9203 11.99213 0.01115 0.57815 0.79426 38 12 9 36 21 238 100.00000 0
5161 5643 11.75281 0.00514 0.27778 1.11557 9 4 0 4 4 109 100.00000 0
4619 4814 10.76210 0.00697 0.83009 0.49575 49 4 0 43 27 276 100.00000 0
2258 7015 10.53129 0.11068 0.19850 1.18531 85 67 12 81 44 397 100.00000 0
868 5535 10.00872 0.01281 0.11114 0.66793 43 33 6 38 28 181 100.00000 0
1687 6396 10.58191 0.01439 0.15488 0.83134 84 67 12 84 44 502 100.00000 0
3769 8387 11.05151 0.00352 0.19898 0.75950 31 15 4 31 24 164 100.00000 0
500 5628 10.48763 0.00817 0.45692 0.45370 27 9 7 21 15 168 100.00000 0
7395 7823 11.91205 0.01091 1.19400 0.52786 19 5 7 19 6 132 100.00000 0
7398 7521 10.66289 0.01038 0.72051 0.44057 34 8 22 34 17 237 100.00000 0
469 5341 10.23573 0.00844 0.32710 0.48133 30 23 4 30 21 138 100.00000 0
654 5629 10.99150 0.00678 0.41969 0.92831 14 6 3 14 8 114 100.00000 0
5119 5576 11.25046 0.00640 0.60456 0.54176 23 11 8 23 14 127 100.00000 0
190 9330 10.75013 0.00781 1.01209 0.95859 55 4 2 49 40 273 100.00000 0
1636 6373 11.86298 0.00974 0.39042 0.65849 51 23 16 45 35 399 100.00000 0
8016 8247 11.40301 0.43728 0.77036 1.53391 18 5 5 18 8 137 100.00000 0
3629 7910 10.13326 0.47270 0.97804 1.72033 29 8 3 25 6 213 100.00000 0
3597 7426 11.76157 0.00833 0.35290 0.43069 31 15 8 25 19 166 100.00000 0
657 860 11.24521 0.00850 0.32797 0.65132 24 10 6 22 12 141 100.00000 0
190 9171 10.75013 0.00781 1.00933 0.51813 54 3 2 50 40 256 100.00000 0
9000 9249 11.74228 0.01094 0.46504 0.64589 73 53 13 65 55 344 100.00000 0
29 4324 10.97985 0.03368 0.64058 1.70134 70 17 14 66 59 259 100.00000 0
547 5627 10.23869 0.00832 0.28017 0.57675 21 13 0 17 12 138 100.00000 0
4392 4444 10.76405 0.00903 0.40561 0.86275 55 30 2 47 33 321 100.00000 0
5341 5642 11.50407 0.00450 0.35603 0.47313 30 15 4 28 16 185 100.00000 0
4821 9078 11.75490 0.00687 0.67849 0.79623 54 16 7 54 41 250 100.00000 0
4703 8995 11.51074 0.00365 0.71794 1.38253 43 14 2 41 35 296 100.00000 0
466 5591 11.48893 0.00933 0.34346 0.64102 27 17 7 25 15 125 100.00000 0
9000 9434 11.74228 0.01094 0.57301 0.65432 103 50 26 97 70 356 100.00000 0
456 677 11.00855 0.00510 0.64223 2.60158 30 8 6 18 14 129 100.00000 0
5301 5643 11.75281 0.00514 0.47528 0.44675 29 13 4 27 21 186 100.00000 0
5293 9831 11.76744 0.01151 1.18820 0.65012 34 0 0 32 12 141 100.00000 0
9478 9580 11.73887 0.01360 0.43446 2.44505 30 12 6 18 13 243 100.00000 0
210 9224 11.99345 0.01101 0.49363 0.71819 49 31 1 45 33 272 100.00000 0
9000 9490 11.74228 0.01094 0.39087 0.63427 83 63 18 81 57 299 100.00000 0
616 859 10.74014 0.00919 0.40770 0.55813 23 14 2 23 18 95 100.00000 0
4580 8968 11.01961 0.01104 0.57919 2.57435 26 4 1 24 14 264 100.00000 0
5605 9830 10.43114 0.01362 0.75101 1.55922 44 18 1 39 29 184 100.00000 0
5366 5641 10.74659 0.00486 0.20936 0.69717 44 32 5 42 35 177 100.00000 0
3631 7445 11.39162 0.53306 1.67627 1.78685 25 1 0 23 6 155 100.00000 0
151 4390 10.50810 0.00832 0.23851 0.60393 31 16 6 31 21 290 100.00000 0
3631 8169 11.39162 0.53306 0.56270 1.77123 21 0 9 16 9 120 100.00000 0
3631 8126 11.39162 0.53306 1.11722 1.73506 12 1 4 10 4 111 100.00000 0
4395 4782 10.26307 0.00651 0.54058 0.41684 61 24 6 55 36 348 100.00000 0
4430 8968 10.77990 0.01256 0.50573 0.67493 53 27 3 49 38 308 100.00000 0
4728 8969 10.01552 0.01110 0.92505 0.91429 32 2 0 26 17 305 100.00000 0
7617 8247 11.40301 0.43728 0.67928 1.66836 25 3 2 23 9 146 100.00000 0
7452 8246 10.95663 0.41146 0.54474 1.73416 26 3 4 26 8 181 100.00000 0
869 5406 10.50818 0.01323 0.32033 0.24066 24 16 2 16 16 99 100.00000 0
3599 7474 11.55718 0.00666 0.84023 0.56717 24 6 9 18 6 126 100.00000 0
8039 8246 10.95663 0.41146 1.02144 1.66507 21 11 7 19 7 168 100.00000 0
467 5572 10.98902 0.00864 0.73263 0.49575 19 8 6 19 10 102 100.00000 0
3760 8380 11.79629 0.00546 0.34309 0.47806 15 6 3 13 9 134 100.00000 0
332 9721 10.05026 0.01122 0.39366 0.57130 41 28 0 37 27 360 100.00000 0
8999 9262 11.99213 0.01115 0.72399 0.67377 52 16 5 45 31 256 100.00000 0
3636 8230 11.11413 0.61116 0.95559 0.81084 25 0 0 25 11 163 100.00000 0
9431 9578 10.74205 0.01270 0.61094 1.28816 35 7 3 33 20 289 100.00000 0
4823 9314 10.25460 0.00563 0.92955 0.65551 55 5 0 46 42 285 100.00000 0
3659 8264 11.46022 0.36158 0.62464 0.97438 39 13 6 37 20 274 100.00000 0
4496 4814 10.76210 0.00697 0.84987 0.52115 63 6 3 56 42 313 100.00000 0
7397 7597 10.85805 0.01038 0.40407 0.68586 31 14 6 29 17 254 100.00000 0
189 9226 11.74867 0.00898 0.78070 0.52786 49 7 4 37 20 269 100.00000 0
3600 8031 10.66031 0.00542 0.44389 0.56510 40 14 12 37 23 291 100.00000 0
4393 4679 10.26022 0.00778 0.79957 0.43160 54 6 0 54 38 329 100.00000 0
465 5462 11.73588 0.00933 0.61177 0.87402 19 2 4 17 8 107 100.00000 0
870 5491 10.99808 0.01393 0.24904 1.37002 32 19 2 30 22 169 100.00000 0
4393 4690 10.26022 0.00778 0.80530 0.76464 55 9 1 55 41 275 100.00000 0
7397 7994 10.85805 0.01038 0.36868 0.36797 22 9 6 13 11 126 100.00000 0
871 5471 11.75400 0.01387 0.34610 0.30774 30 17 2 28 19 166 100.00000 0
5119 5201 11.25048 0.00606 0.53297 0.36904 34 15 9 34 27 133 100.00000 0
1609 6472 11.85152 0.01628 0.39240 0.92873 82 56 13 76 50 430 100.00000 0
1307 6089 10.59822 0.01132 0.39890 0.57811 35 20 7 33 18 146 100.00000 0
197 4817 10.99984 0.00979 0.31172 0.45197 40 25 7 36 24 282 100.00000 0
730 860 11.24521 0.00860 0.49227 0.26393 19 6 1 13 12 120 100.00000 0
9144 9580 11.73887 0.01360 0.48783 0.77531 52 35 6 48 37 293 100.00000 0
3630 7957 10.84035 0.50281 0.72541 1.72692 21 1 3 17 9 152 100.00000 0
9002 9527 10.25126 0.01010 0.95544 0.63796 42 3 0 35 25 228 100.00000 0
3629 8082 10.13326 0.47270 0.74339 1.69581 33 6 4 25 12 195 100.00000 0
4717 8969 10.01552 0.01110 0.82635 0.51510 30 3 0 26 21 257 100.00000 0
7475 8247 11.40301 0.43728 0.70785 1.54307 20 4 7 15 8 156 100.00000 0
469 5259 10.23573 0.00844 0.22775 0.48939 23 16 4 21 13 115 100.00000 0
482 5628 11.22929 0.01194 0.42289 0.66676 20 11 1 20 14 130 100.00000 0
5118 5338 11.74908 0.00684 0.54233 0.39860 29 11 5 25 17 138 100.00000 0
2255 7012 10.06634 0.09831 0.37343 0.24389 71 48 9 61 48 395 100.00000 0
164 4714 11.01370 0.01159 0.80043 0.64589 39 7 3 39 30 332 100.00000 0
7685 8246 10.95663 0.41146 0.85299 1.72374 23 7 3 12 6 172 100.00000 0
3774 8375 10.28603 0.01147 0.34057 0.65012 23 14 5 21 15 188 100.00000 0
9138 9579 10.99214 0.01385 0.39985 0.89657 60 43 4 58 46 300 100.00000 0
7399 7643 10.30998 0.00989 0.59523 0.37430 44 17 21 42 27 245 100.00000 0
513 9826 10.52148 0.01161 0.37290 1.24080 24 9 2 22 14 158 100.00000 0
3630 7949 10.84035 0.50281 0.91312 1.73303 23 1 3 15 6 169 100.00000 0
868 5185 10.00870 0.01253 0.19676 0.60523 36 23 7 32 21 147 100.00000 0
4418 8992 11.50607 0.00426 0.79823 0.61038 35 9 2 26 22 253 100.00000 0
5458 5641 10.74660 0.00471 0.17298 0.72091 55 40 5 55 40 203 100.00000 0
5239 5640 10.24678 0.00458 0.26188 0.38052 47 33 8 45 26 201 100.00000 0
2242 6958 10.64681 0.29885 0.68248 0.39762 80 25 6 77 57 420 100.00000 0
435 9809 11.88359 0.00891 0.85298 0.49337 48 2 0 40 29 231 100.00000 0
4852 9301 11.24935 0.01377 0.43369 1.96064 28 6 4 28 14 257 100.00000 0
1546 6325 11.71580 0.00207 0.50560 0.44937 36 15 3 27 25 423 100.00000 0
41 8922 11.72717 0.03539 0.85118 1.55217 31 2 3 28 15 198 100.00000 0
7399 8041 10.30998 0.00989 0.45944 0.46730 34 17 10 34 23 206 100.00000 0
5119 5398 11.25048 0.00606 0.48930 0.52339 22 10 5 18 12 111 100.00000 0
209 9247 10.74493 0.00935 0.25213 0.40926 59 46 5 53 41 341 100.00000 0
465 5214 11.73593 0.00890 0.67879 0.48939 21 3 8 19 14 128 100.00000 0
2193 6935 10.29019 0.09052 0.14952 1.70272 51 31 9 28 19 558 100.00000 0
9330 9580 11.73887 0.01360 0.53967 0.90698 34 17 5 32 18 276 100.00000 0
4057 8670 11.55587 0.00764 0.35732 0.37534 39 23 8 36 25 275 100.00000 0
5118 5486 11.74907 0.00718 0.60916 0.42058 15 8 4 13 8 101 100.00000 0
5120 5606 10.48044 0.01333 0.43131 0.77076 29 12 2 27 19 153 100.00000 0
4853 9469 11.76266 0.01426 0.26162 0.71327 37 28 0 30 23 213 100.00000 0
1175 5951 11.55029 0.02720 0.99466 2.39048 6 1 0 2 2 39 100.00000 0
10336 10471 10.03070 0.02687 0.43377 nan 68 52 1 63 58 268 100.00000 0
9419 9580 11.73887 0.01360 0.48136 0.83369 34 21 5 32 17 239 100.00000 0
8150 8246 10.95663 0.41146 0.48133 1.76103 26 5 7 18 9 201 100.00000 0
2235 6999 10.77886 0.05089 0.23213 0.84534 77 61 8 71 46 442 100.00000 0
1501 6287 10.20607 0.00724 0.44775 0.86230 52 24 5 50 31 427 100.00000 0
3600 7649 10.66031 0.00542 0.33417 0.38967 38 14 8 31 16 207 100.00000 0
4727 4816 11.49644 0.00736 0.45713 0.46814 55 33 10 47 32 332 100.00000 0
462 839 10.47201 0.01752 0.24368 1.12605 36 27 5 36 24 156 100.00000 0
1694 6424 10.34332 0.01070 0.43252 0.65012 79 53 4 75 54 450 100.00000 0
1735 6508 10.16167 0.01164 0.34789 0.61421 60 41 7 51 35 339 100.00000 0
4851 9282 10.26501 0.01305 0.46597 0.87357 54 37 5 52 38 317 100.00000 0
3631 7686 11.39162 0.53306 0.47465 1.73754 17 2 5 13 7 149 100.00000 0
7395 7709 11.91205 0.01091 0.15458 0.44411 11 2 5 11 4 134 100.00000 0
6388 6466 11.89398 0.01435 0.48277 0.81565 70 43 5 66 49 414 100.00000 0
