791 4017 6.26042 0.00928 0.46529 0.53008 139 90 7 130 108
4885 7037 8.01221 3.06453 1.56426 1.73934 157 0 0 148 90
1671 5405 6.68648 0.84715 0.70549 1.29995 141 31 0 137 118
1137 4497 8.45858 0.05940 0.29578 0.79819 158 134 20 153 100
4934 7015 8.01681 3.14159 1.02574 1.75569 118 6 1 114 62
854 4109 7.24436 0.01529 0.43067 0.70831 125 103 10 121 97
278 3535 6.32799 0.00548 0.20592 0.15066 297 277 5 295 271
936 4174 6.27108 0.01054 0.32975 0.62932 295 237 16 285 247
2974 8105 8.15985 0.05710 0.74430 3.18137 67 52 4 61 23
1249 7156 6.47342 3.11348 1.63831 1.19518 83 0 0 70 48
5061 6889 7.96451 2.70067 1.08201 2.15177 68 2 1 59 31
6274 7751 6.40156 2.97175 0.24967 2.16970 58 17 3 45 27
5113 6843 9.31043 3.12132 1.82421 2.62495 53 0 0 49 36
366 8892 8.59299 0.03683 0.84887 0.61102 268 11 3 266 225
1535 5172 6.75339 0.00741 6.14200 0.22029 60 0 0 53 36
452 3690 6.73839 0.01479 0.10432 0.46309 191 180 8 189 164
2951 8068 7.48896 0.72690 0.63862 2.05957 95 50 6 89 51
3439 8632 7.06257 0.01927 0.30674 0.85134 119 83 9 111 87
6305 7695 6.95027 3.10008 1.46244 2.40159 132 0 0 126 60
3596 8872 8.54591 0.02619 0.88543 1.18894 270 59 2 266 157
1098 4464 7.98588 0.04256 0.35744 0.13988 176 130 27 168 134
6253 7750 9.21288 2.54602 0.88043 1.76259 97 4 1 92 51
1448 5057 7.10338 0.26796 0.34739 1.07593 185 151 14 181 138
3289 8445 7.98747 0.00737 0.42654 0.43701 134 98 4 124 115
130 3426 7.04557 0.00932 0.16342 0.33220 160 148 8 157 135
1066 4390 7.20691 0.00606 0.47293 0.35827 138 72 12 131 106
222 3507 8.55245 0.01519 0.34437 0.54965 93 62 8 86 72
228 3510 6.97528 0.02575 0.52046 1.46019 123 95 5 119 87
5052 6926 8.27513 2.94066 0.57196 2.21452 149 34 7 143 77
467 3721 9.69978 0.03225 0.35222 1.81165 147 97 17 128 108
4684 7207 9.23629 2.49977 1.19363 2.65476 168 0 0 157 68
5394 6689 6.46566 2.16123 0.80827 1.26300 137 19 16 133 71
6277 7752 8.43664 2.81961 0.94248 2.98190 36 7 1 36 12
354 3619 9.57543 0.01899 0.38927 0.92873 264 102 129 259 227
87 3416 8.45695 0.03702 0.19090 1.67771 82 72 2 80 67
3035 8142 8.18150 0.04559 0.21615 2.36596 86 65 8 78 50
1254 7150 8.28299 3.06975 1.97108 1.68841 71 0 0 65 20
358 8872 6.60992 0.03171 0.71312 1.14603 358 61 17 354 222
3475 8655 9.80189 0.00293 9.71587 0.70276 104 0 0 101 85
6281 7720 7.80890 2.86211 0.84247 1.51388 120 12 1 114 73
1225 7163 8.92860 3.03417 1.53202 2.16681 151 2 0 138 51
2666 5619 7.15883 0.08560 0.13357 1.24616 102 81 11 98 74
4717 7144 7.00821 3.08209 1.65662 1.45293 193 0 1 185 94
651 3890 9.43350 0.01924 0.33692 0.65012 101 69 7 97 79
2599 5593 8.82292 1.23282 0.50599 0.89831 130 66 13 126 93
229 3496 6.37853 0.02100 0.39761 0.49575 210 145 19 204 169
658 3897 8.85140 0.05813 0.23948 0.84811 159 124 31 153 94
353 8914 6.21936 0.03384 0.94480 1.63135 265 30 1 261 164
3111 8218 9.33886 0.15619 0.49705 0.46897 75 38 8 73 57
406 3667 9.47562 0.02175 0.40329 1.24112 572 496 39 572 529
3503 8708 7.26937 0.03011 0.40151 1.58659 130 111 9 124 62
6030 8030 9.81261 3.13099 0.70704 3.82879 40 4 11 29 20
6230 7807 9.58307 3.13448 0.91678 1.55570 43 8 1 43 19
410 3667 6.55970 0.02265 0.36003 1.29845 699 632 14 695 488
2939 5958 8.98542 0.01420 0.48895 0.50202 82 53 7 75 58
8871 8932 7.75899 0.03227 0.40286 1.85013 309 265 28 307 174
1040 4330 7.70715 0.00521 0.17297 0.39565 155 122 19 151 113
1652 6716 7.04364 2.64538 0.60221 1.50610 44 24 3 39 29
222 3487 9.61143 0.02068 0.21890 0.24066 110 97 4 106 85
6247 7785 7.63314 3.05718 1.23768 1.40137 40 2 1 36 16
3272 8432 9.99550 0.07132 0.40419 0.87492 83 53 12 81 61
5039 6920 6.23301 3.04289 0.79710 2.18140 270 43 13 265 176
5093 6858 9.33941 3.10897 1.66227 0.62994 130 0 0 115 55
3094 8205 6.37883 0.08523 0.23263 0.30001 150 130 11 146 124
4915 7030 7.58281 3.12761 1.57234 2.49434 158 0 0 156 86
3587 8830 6.25863 0.01987 0.23480 0.43701 511 431 16 511 456
302 8764 6.33972 0.07637 0.32347 0.86366 409 337 10 405 337
538 3766 8.70785 0.05706 0.25196 2.50780 113 92 9 106 58
3496 8702 8.83914 0.01970 0.43959 0.55673 97 46 4 94 70
4937 6996 7.16611 3.09861 1.41376 2.31190 134 0 0 126 92
6330 7664 8.39337 3.12698 1.38976 1.67538 235 3 4 229 94
5396 6712 6.53673 2.74066 0.51528 0.55391 68 16 3 60 49
784 4033 9.75166 0.01266 0.55905 0.61929 44 26 0 44 33
3603 8927 9.77684 0.02299 1.03809 1.04680 123 3 0 120 43
199 8663 6.28907 0.01304 0.25154 0.29208 121 98 14 111 88
3605 8840 8.47568 0.05732 0.65824 3.22440 265 29 31 263 205
3261 8368 9.66690 0.89181 0.29619 1.02603 50 17 4 43 32
294 3544 9.82627 0.02142 0.23531 0.97438 216 189 20 210 185
3539 8732 8.03086 0.05392 0.12726 0.39067 209 191 9 207 180
1173 4566 6.27245 0.03478 0.33472 0.79672 278 228 10 276 249
279 8758 6.66635 0.04457 0.31011 0.55107 275 237 8 269 242
1110 4450 6.48986 0.02369 0.21129 0.25641 186 166 11 182 151
838 4066 9.00423 0.00602 0.41419 0.43069 78 60 3 70 60
102 3426 9.74144 0.04771 0.44161 0.46394 65 42 10 65 48
1445 6880 8.55937 2.69486 1.07011 1.66671 113 1 0 106 85
3235 8344 7.22792 0.26520 0.56000 1.53417 93 44 1 89 53
5384 6728 9.65741 3.07509 0.73059 1.03098 8 1 3 4 2
3404 8555 9.91185 0.05126 0.64114 2.83269 73 35 4 68 36
665 3883 9.22713 0.03661 0.40099 0.61485 130 89 10 124 87
6320 7680 6.46024 3.12167 1.12502 2.32440 199 0 0 199 71
3195 8332 6.19477 0.04564 0.43024 0.85638 229 166 8 227 175
5151 6814 7.88290 3.13697 1.27172 2.36943 128 0 0 123 91
3198 8336 6.39905 0.03995 0.29284 0.92873 180 140 13 173 146
1241 4701 9.13402 0.03386 0.39278 1.38508 135 100 8 125 87
1231 4724 6.23215 0.03060 0.40418 1.64616 126 101 11 124 74
1522 5138 7.00585 0.00614 0.26607 0.39167 123 99 11 116 100
6073 7957 7.41119 3.13424 7.00986 179.40851 44 0 0 38 33
1461 5065 9.87560 0.40071 0.57432 1.80472 107 72 1 101 45
1559 5180 8.25549 0.01253 0.22703 0.87536 62 52 6 52 42
3123 8254 9.05480 0.01774 9.17968 1.43885 24 0 0 15 14
294 8779 9.56461 0.07663 0.34088 1.41444 304 210 50 300 263
1133 4535 9.77332 0.06822 0.44582 0.29739 188 97 13 186 146
1671 5414 8.00634 0.84859 0.82804 1.29724 139 15 4 134 111
1188 4597 6.37445 0.06999 0.49082 0.84858 266 150 6 258 205
5339 6749 7.55259 3.13712 0.36601 1.06386 17 5 2 13 1
1500 5111 8.51121 0.01424 0.42477 0.56510 54 30 11 54 35
5988 8045 8.44659 2.11213 0.49399 1.70640 63 6 9 58 31
2698 5669 6.94164 0.11495 0.35134 0.38155 256 189 13 256 224
1385 6979 7.84207 3.09462 0.83491 1.41028 59 2 1 55 33
1561 6782 7.57427 3.13070 7.35437 179.37505 36 2 0 26 24
5163 6821 8.26161 3.14090 1.12179 2.31613 29 0 5 25 15
1248 4759 7.46517 0.07749 0.41155 0.62244 125 66 20 119 74
4692 7206 6.33903 2.55444 1.49789 1.08930 213 0 0 205 78
6075 7970 6.03808 3.13666 6.08541 174.32004 19 0 0 16 11
943 4212 8.48029 0.06511 0.76784 0.87357 72 24 1 68 53
84 8584 6.75336 0.02010 0.45040 0.64102 116 59 3 109 82
2902 5923 6.26316 0.00799 0.43240 0.66910 131 96 5 117 106
356 8852 9.33671 0.03412 0.52043 1.56623 231 73 44 229 187
2898 5938 8.76198 0.00892 0.53892 0.30132 96 48 9 92 75
4705 7231 9.92304 1.70738 2.17736 2.35102 53 0 3 49 18
6248 7787 9.42402 3.03164 1.00939 1.11698 16 0 0 9 7
232 8693 6.51865 0.00596 0.34118 0.29608 176 129 8 174 152
1547 5192 9.99685 0.01317 10.62516 3.67290 51 0 0 37 24
2954 8078 8.64299 0.30499 0.63179 2.05728 37 17 2 25 16
1431 5038 9.25339 0.15720 0.32844 0.34943 177 139 18 173 149
4852 7084 9.47565 3.09412 2.22906 0.82187 84 0 0 80 18
6006 8022 7.80976 2.83622 1.13068 2.68409 120 0 0 116 85
733 3947 6.82526 0.57058 0.85428 1.75725 160 87 11 158 83
257 8715 7.56815 0.02187 0.47297 1.24175 150 76 54 140 115
889 4122 7.52040 0.01090 0.41295 0.55532 180 119 3 178 147
3319 8458 6.25540 0.02647 0.11439 0.09279 142 134 5 140 117
93 3400 8.01501 0.00996 0.32608 0.46478 60 41 3 51 40
1654 5381 7.55203 0.24949 0.31752 0.88955 64 30 3 55 38
165 3446 8.07824 0.02325 0.38165 0.46055 77 53 6 72 56
743 3951 8.98838 0.98051 0.28188 1.56523 118 52 8 107 76
1386 5004 9.38255 0.11614 0.42059 1.27564 91 44 4 85 54
1276 7092 7.47283 3.12593 2.34779 1.57719 127 0 0 125 41
291 8775 9.60683 0.07965 0.48716 2.23546 265 192 22 265 144
4873 7063 6.43107 3.08487 2.31775 2.18839 122 0 0 120 74
4712 7229 9.93134 1.77039 1.35716 1.75457 49 0 1 43 20
1428 6924 6.77883 3.07887 0.52970 1.78048 231 63 9 219 148
3230 8334 9.46783 0.13978 0.45617 1.19812 66 27 1 60 37
6296 7702 8.46653 3.02781 1.13848 1.64330 104 0 0 104 35
643 3879 7.58549 0.03098 0.22134 0.27411 95 71 7 89 67
1450 5083 6.29338 0.17860 0.17603 0.95203 228 180 29 225 187
763 4007 6.45304 0.05123 0.39530 1.65138 174 157 8 170 119
801 4028 6.48979 0.01299 0.19701 0.76872 170 155 4 170 138
31 3409 7.29101 0.02014 2.53123 0.89875 68 0 0 63 42
1232 4687 8.88011 0.06230 0.32165 2.57648 123 84 21 117 51
4813 7087 7.28891 3.11807 1.89091 1.00249 145 0 0 137 53
3078 8186 8.01563 0.02627 7.56142 5.67872 86 0 0 73 61
1116 4498 6.82400 0.03897 0.23489 0.30261 176 141 28 170 135
3568 8767 9.77762 0.06921 0.46204 1.44510 290 171 23 284 137
6222 7813 7.70748 3.13339 1.05923 2.44425 42 0 1 42 17
3599 8877 7.25672 0.02548 0.85914 1.13090 342 61 2 336 177
8872 8924 7.48595 0.03230 0.41239 1.86088 272 207 12 262 152
2951 8062 6.62314 0.99177 0.72781 2.54068 70 19 8 68 22
1603 5281 8.76037 0.01176 0.21325 0.55461 57 37 12 52 36
729 3974 6.02754 0.65305 0.02213 1.63423 175 100 36 173 151
3339 8477 9.24583 0.00510 9.78383 0.57607 117 0 0 110 82
3554 8775 8.40118 0.07645 0.51520 2.17097 301 178 55 297 142
5309 6759 7.04440 3.12519 1.12629 0.75589 38 4 2 32 20
2839 5848 6.74749 0.00342 0.24370 0.34264 77 58 6 75 57
275 8753 6.43330 0.03861 0.25415 0.33804 288 269 10 282 249
6178 7859 7.34428 3.13964 1.30945 1.53901 128 0 0 121 56
4731 7195 7.83516 2.80623 1.58860 0.80503 55 0 0 43 23
1608 6753 6.21554 3.13492 1.46636 1.08966 48 6 3 48 14
465 3701 7.50251 0.00514 0.18047 0.03956 195 170 4 193 168
5285 6752 7.01377 3.13089 0.80069 1.40165 74 2 4 70 32
451 3688 7.50624 0.01637 0.25089 0.26541 171 140 6 167 137
6048 8000 6.26488 3.13906 1.21459 3.43445 25 1 0 20 14
401 3660 7.17311 0.04464 0.19799 2.54468 668 656 5 668 311
3233 8389 8.23762 0.56756 0.45557 0.69210 61 39 2 61 47
5342 6750 9.19520 3.13858 22.82072 18.53644 11 0 0 4 4
1214 4652 9.53847 0.06543 0.50051 1.16432 80 35 10 72 40
266 3542 8.76943 0.03562 0.38392 0.35498 208 166 16 199 170
6163 7877 9.20395 3.13901 1.13878 1.29724 45 1 0 42 24
1326 7029 8.82447 3.01529 2.22790 2.25429 190 0 0 179 120
313 3580 8.25332 0.02742 0.41018 0.46309 263 193 11 259 209
1067 4369 6.73215 0.02872 0.51968 0.24866 176 71 4 167 135
61 8577 6.29452 0.02571 1.82312 1.37828 99 0 0 93 59
2915 5960 8.31191 0.05189 0.74965 2.07453 58 50 4 54 22
1402 5032 9.65032 0.28595 0.40157 0.72793 102 53 10 97 70
4689 7204 7.73473 2.59636 1.26967 1.79972 168 0 0 161 51
2596 5590 9.62233 1.28809 0.36721 0.41590 145 89 17 141 98
8862 8914 9.57605 0.01016 0.21164 0.65968 187 141 10 183 157
4687 7203 8.53885 2.61359 1.24653 2.67078 158 0 3 153 65
352 8914 6.99505 0.06175 1.08120 3.41524 204 28 1 195 68
1597 6763 6.35858 3.12943 0.94749 1.24647 39 2 1 26 9
6229 7808 9.58700 3.13325 0.89848 1.59667 48 1 1 44 22
3245 8405 8.79429 0.75944 0.28742 0.88647 67 54 8 62 31
805 4053 8.51804 0.02543 0.21793 1.22653 109 90 3 105 78
3276 8402 7.55660 0.22720 0.45206 1.20723 95 38 3 83 50
936 4173 6.52212 0.01107 0.21531 0.78634 272 235 11 260 222
500 3732 8.23212 0.01091 7.69876 5.77638 80 0 0 75 52
1535 5150 9.00731 0.00697 0.21531 0.38461 49 38 4 45 34
24 3411 8.97358 0.02938 2.28902 1.44618 44 0 0 44 32
3216 8324 8.56821 0.06322 0.47849 1.35912 84 64 6 82 63
3005 8114 6.00382 0.01025 0.26057 0.41965 157 124 8 146 122
3597 8873 7.77016 0.02680 0.97939 1.23099 268 21 0 262 140
