4788 7095 10.81350 3.14082 2.19447 0.76719 27 0 0 27 8 508 100.00000 0
5416 6686 11.19655 2.12976 2.18690 7.41434 6 0 0 3 4 102 100.00000 0
4743 7181 10.95530 2.92613 12.80619 167.65486 10 0 2 3 0 177 100.00000 0
1602 5348 11.99639 0.01276 20.63842 0.72739 8 1 0 6 4 110 100.00000 0
38 3387 11.50802 0.00420 2.49591 0.52563 6 0 0 3 3 67 100.00000 0
4678 7207 11.63310 2.48294 2.94962 2.04335 15 0 0 6 5 284 100.00000 0
39 8586 11.48626 0.03120 28.24509 1.78619 4 0 0 0 1 71 100.00000 0
1555 5205 10.74876 0.00984 11.61575 0.56924 5 0 0 3 2 81 100.00000 0
6031 8030 10.30772 3.13107 4.21135 10.95343 9 0 1 3 4 143 100.00000 0
3309 8438 11.77066 0.01154 14.19190 2.39130 20 0 0 20 14 229 100.00000 0
2948 6004 10.19878 1.18354 26.81395 6.66597 4 0 0 2 2 89 100.00000 0
5390 6681 11.48172 2.06655 34.18737 118.40474 4 0 0 0 1 50 100.00000 0
2963 8097 10.74930 0.02549 21.11042 1.45911 7 1 0 4 3 127 100.00000 0
17 3387 11.50802 0.00420 2.58776 0.94212 8 0 0 4 3 112 100.00000 0
6310 7717 11.61955 3.08949 19.52796 70.91497 6 1 0 3 4 137 100.00000 0
42 3414 11.75156 0.02822 2.73605 1.39241 5 0 0 2 2 91 100.00000 0
4796 7122 11.95018 3.03352 12.06709 173.80799 13 0 0 7 7 286 100.00000 0
2698 5646 11.29122 0.15585 17.13753 8.92988 15 0 0 1 6 279 100.00000 0
2934 5949 10.19149 0.03884 9.16720 2.22581 8 0 0 0 3 175 100.00000 0
4771 7103 10.65832 3.09293 2.06377 2.84124 16 0 0 2 3 316 100.00000 0
1537 6800 10.97155 3.13928 11.65355 7.62663 6 0 0 6 2 71 100.00000 0
45 100 11.49053 0.02079 14.78569 1.19223 7 0 0 1 3 107 100.00000 0
49 3414 11.75156 0.02822 11.46440 27.12305 4 1 0 0 1 84 100.00000 0
3233 8398 10.80862 0.87012 36.73099 49.85419 4 0 0 2 1 79 100.00000 0
1624 5383 11.25008 0.02525 12.62885 1.44347 5 0 0 2 2 66 100.00000 0
1068 4364 11.00272 0.03437 4.90947 1.12292 12 0 0 10 5 224 100.00000 0
3361 8501 10.24352 0.00476 9.07579 2.22387 14 0 0 10 11 198 100.00000 0
5407 6672 11.61022 1.98239 9.53902 23.05393 3 0 0 1 2 32 100.00000 0
1250 7179 10.82512 3.00906 3.21591 4.74582 7 0 0 2 1 202 100.00000 0
1250 7185 11.46706 2.97565 2.36703 0.94128 8 0 0 3 3 196 100.00000 0
7163 7227 11.30097 1.23672 28.46779 70.85909 5 0 0 2 0 95 100.00000 0
1263 7139 11.60710 3.04318 3.00040 4.10971 8 0 0 3 4 256 100.00000 0
1177 4562 11.54704 0.05295 13.21526 3.63464 10 0 0 4 3 180 100.00000 0
1678 5403 10.94540 1.13851 6.50631 65.23156 7 0 0 0 1 83 100.00000 0
5416 6678 11.92093 2.03890 2.52545 9.53620 6 0 1 2 3 86 100.00000 0
192 8650 11.83438 0.01129 10.65693 6.25125 10 0 0 5 5 120 100.00000 0
421 3656 11.26950 0.01192 6.92134 10.77243 12 0 0 8 3 263 100.00000 0
869 4131 11.49482 0.00704 2.67693 6.40493 14 3 0 6 4 140 100.00000 0
3261 8367 10.18055 0.90672 7.96333 25.80987 14 0 0 11 10 138 100.00000 0
339 3582 11.07659 0.02189 7.52272 1.25616 6 0 0 2 1 104 100.00000 0
4968 6996 11.42188 3.09670 10.17805 177.42960 8 0 0 5 4 185 100.00000 0
2591 5585 11.46648 1.38067 2.43703 1.71075 13 0 3 9 4 156 100.00000 0
1655 6681 10.84117 1.78538 8.32476 102.29492 4 0 0 4 2 66 100.00000 0
2958 8092 11.48210 0.04144 12.82255 2.37339 5 0 0 1 2 103 100.00000 0
769 3981 10.28932 0.27680 68.68328 15.85948 4 0 0 0 2 32 100.00000 0
3363 8531 10.02579 0.01563 6.99929 27.20290 10 3 0 4 7 158 100.00000 0
1366 6980 11.22658 3.09564 13.74392 177.36745 18 0 0 14 7 245 100.00000 0
3062 8165 11.55130 0.04840 9.92360 3.06810 10 0 0 5 6 189 100.00000 0
4859 7081 11.68554 3.11619 2.12013 0.48939 19 0 0 13 9 460 100.00000 0
3386 8531 10.75178 0.01039 27.22270 15.73680 6 0 0 1 3 121 100.00000 0
1627 5326 11.75301 0.02710 3.88646 19.97540 6 0 0 1 3 92 100.00000 0
6356 7620 10.42478 1.73005 2.64150 3.68653 11 0 0 3 4 134 100.00000 0
4904 7044 11.76883 3.09693 2.05823 2.65004 23 0 0 20 7 398 100.00000 0
1614 5367 10.98412 0.01304 2.25171 0.62307 5 1 1 0 0 93 100.00000 0
3422 8616 11.77707 0.03243 8.06902 16.97648 7 0 0 2 4 90 100.00000 0
2901 5947 11.18402 0.03651 16.06601 2.09106 6 0 0 6 1 97 100.00000 0
56 8547 11.75274 0.00574 2.14572 0.40056 15 0 0 12 9 151 100.00000 0
5237 5295 11.24141 0.01397 6.96520 21.37017 6 0 0 0 1 108 100.00000 0
2593 5582 11.56355 1.34431 2.37827 1.39409 16 1 5 12 2 161 100.00000 0
4758 7153 11.79342 3.11472 17.53318 178.45998 5 0 0 5 5 132 100.00000 0
4782 7130 10.77576 3.06593 2.30079 2.38884 9 0 0 3 3 246 100.00000 0
