0.06649 0.07757
0.01968 0.04626
0.01851 0.04579
0.02524 0.04809
0.01278 0.02927
0.02591 0.06573
0.02511 0.05620
0.01912 0.04425
0.03358 0.06056
0.03521 0.05044
0.01831 0.04628
0.04290 0.06931
0.02139 0.05064
0.02072 0.05670
0.02441 0.07091
0.02448 0.05617
0.01853 0.04655
0.02172 0.06977
0.02290 0.06387
0.01447 0.02825
0.02714 0.06426
0.01823 0.03973
0.02613 0.06391
0.01587 0.03237
0.02099 0.07181
0.03085 0.07459
0.03373 0.08742
0.02893 0.05167
0.01360 0.03894
0.01878 0.05052
0.01502 0.04229
0.02825 0.04673
0.02250 0.03657
0.04257 0.08228
0.02087 0.05513
0.01881 0.05401
0.02292 0.07080
0.01826 0.04903
0.02134 0.05288
0.02574 0.06256
0.02533 0.06781
0.03203 0.07416
0.01716 0.03366
0.03952 0.06691
0.02598 0.05730
0.02386 0.05262
0.02951 0.05676
0.02370 0.05695
0.02578 0.04450
0.02978 0.06715
0.01817 0.02552
0.02046 0.04122
0.02353 0.07548
0.02330 0.05211
0.01427 0.03827
0.02317 0.05832
0.01588 0.04331
0.02454 0.06419
0.02987 0.07371
0.01685 0.04900
0.02294 0.05500
0.01378 0.02356
0.03339 0.07379
0.02080 0.05419
0.03182 0.06672
0.03381 0.08049
0.02264 0.05751
0.01548 0.04041
0.01382 0.03295
0.01556 0.02585
0.02094 0.05741
0.01796 0.05535
0.01712 0.04903
0.01093 0.03018
0.01457 0.03837
0.03210 0.05460
0.01400 0.03988
0.02722 0.04931
0.01908 0.05502
0.03148 0.06984
0.02405 0.05961
0.02917 0.07313
0.02252 0.03609
0.03300 0.07811
0.02222 0.05896
0.02241 0.04545
0.02003 0.03208
0.02363 0.03573
0.02102 0.04962
0.01478 0.02899
0.02475 0.05434
0.02028 0.05065
0.02350 0.04864
0.01927 0.05542
0.03513 0.07078
0.02051 0.05325
0.04148 0.07698
0.02557 0.06828
0.01453 0.04240
0.02121 0.03463
0.03990 0.07748
0.02219 0.05935
0.02575 0.07697
0.02436 0.05735
0.02872 0.06114
0.02581 0.07064
0.01880 0.05365
0.02130 0.05413
0.02121 0.05031
0.01717 0.05434
0.01909 0.04191
0.01629 0.03699
0.02446 0.07330
0.03875 0.08846
0.03019 0.08040
0.01643 0.02994
0.03593 0.06183
0.02174 0.05695
0.02911 0.06594
0.02870 0.07467
0.02020 0.04702
0.02616 0.07023
0.02228 0.05754
0.01635 0.05236
0.02438 0.06073
0.03952 0.06799
0.02167 0.05898
0.01713 0.03234
0.02687 0.04245
0.03060 0.06805
0.01968 0.04496
0.02801 0.05998
0.01647 0.03219
0.01600 0.05463
0.02875 0.06948
0.01725 0.03918
0.02263 0.05469
0.02135 0.05831
0.01269 0.03278
0.01622 0.03811
0.02944 0.07087
0.02611 0.07781
0.02154 0.04904
0.02529 0.05678
0.02662 0.06905
0.02625 0.06417
0.03536 0.10326
0.02064 0.05451
0.01242 0.02925
0.03534 0.06280
0.01302 0.03643
0.03499 0.10606
0.02847 0.05671
0.01957 0.04675
0.04166 0.05432
0.02588 0.05450
0.03097 0.06011
0.01859 0.04866
0.01775 0.05151
0.01434 0.03262
0.02686 0.04557
0.01897 0.04814
0.03084 0.08718
0.02024 0.05631
0.02064 0.05899
0.01828 0.05114
0.01239 0.02934
0.02195 0.05741
0.01895 0.04377
0.02976 0.07407
0.01144 0.03113
0.01543 0.03837
0.02734 0.05772
0.01788 0.03724
0.03255 0.07881
0.03527 0.08634
0.02316 0.05695
0.03119 0.07843
0.02441 0.08314
0.01913 0.04544
0.02597 0.05610
0.02251 0.05285
0.03005 0.06903
0.01659 0.02971
0.02797 0.06214
0.01428 0.02867
0.01835 0.03669
0.01729 0.04805
0.02880 0.07264
0.02632 0.07911
0.01961 0.05603
0.02126 0.04235
0.01991 0.04054
0.02438 0.04190
0.02070 0.06499
0.01985 0.04976
0.02648 0.05600
0.01659 0.03698
0.02510 0.07196
0.01690 0.05184
