5988 8036 10.63461 2.17040 0.51131 2.39114 9 0 0 5 3
4788 7095 10.81350 3.14082 2.04790 2.91793 40 0 0 11 14
1414 5052 10.33247 0.36931 0.26021 0.50822 19 0 7 19 14
5077 6904 10.86195 3.00305 8.18279 18.10523 20 0 0 6 4
5152 6832 10.06994 3.13832 11.08501 179.79252 17 0 0 7 4
1383 4966 10.28066 0.07490 7.05194 23.54849 36 0 1 12 7
5412 6699 10.68882 2.38054 8.03260 136.39515 10 0 0 1 4
283 8736 11.53186 0.06029 0.41547 0.61929 24 1 1 3 5
1444 5046 10.90901 0.33415 5.14677 13.89511 12 0 0 4 1
5416 6686 11.19655 2.12976 4.23078 54.34696 6 0 0 0 2
568 3789 11.33644 0.02823 0.23065 1.53085 14 3 1 14 13
4743 7181 10.95530 2.92613 9.15357 167.65486 15 0 0 11 7
551 3799 10.99034 0.03162 0.52852 1.17337 9 1 0 6 5
451 3708 11.51139 0.00466 9.98514 0.82992 15 0 0 13 12
1481 5085 11.31140 0.16682 6.67497 9.55864 7 0 0 1 3
1602 5348 11.99639 0.01276 13.19653 0.72739 14 0 0 8 5
6308 7718 11.32889 3.08737 12.26600 154.30205 14 0 0 5 2
38 3387 11.50802 0.00420 2.47545 1.05647 21 0 0 21 14
4678 7207 11.63310 2.48294 1.23346 1.94923 10 0 0 8 5
39 8586 11.48626 0.03120 1.34427 6.51198 19 0 0 8 7
4737 7202 11.02315 2.65492 5.55292 152.11592 12 0 0 4 6
4701 7233 10.63455 1.64708 22.69942 94.37098 12 0 0 1 3
1378 4993 10.70005 0.01567 9.79947 0.90179 18 0 1 11 7
1555 5205 10.74876 0.00984 9.13908 0.97197 14 0 0 12 3
1082 4433 11.63277 0.06594 7.89817 6.91171 71 0 0 63 49
342 8893 11.77738 0.01828 13.24343 1.04904 11 0 0 6 6
5111 6866 10.18816 3.12082 15.05939 178.80975 10 0 0 7 3
6031 8030 10.30772 3.13107 11.52656 6.90558 19 0 0 13 8
3300 8461 11.51975 0.00966 13.38417 18.78441 73 0 0 61 58
3309 8438 11.77066 0.01154 14.22037 3.12662 55 0 0 55 50
787 4003 11.50998 0.01277 9.25401 0.73168 22 1 0 16 10
570 3792 10.40776 0.02981 7.95485 1.70686 10 0 0 8 7
1524 5135 11.01220 0.00244 8.21623 0.13988 17 1 1 11 10
797 4017 10.74661 0.01164 11.38605 0.66323 17 0 0 11 5
2948 6004 10.19878 1.18354 8.29601 67.81202 9 0 0 1 2
5390 6681 11.48172 2.06655 9.39750 118.40474 4 0 0 4 3
2963 8097 10.74930 0.02549 10.95066 1.45911 13 0 0 10 3
1587 5217 10.75116 0.01148 10.72440 6.43267 30 0 0 22 18
2916 5965 10.05853 0.09146 5.72848 15.74390 18 0 0 3 6
17 3387 11.50802 0.00420 2.38964 1.55520 16 0 0 13 10
6310 7717 11.61955 3.08949 10.69862 135.16739 8 0 0 2 3
3625 8929 10.11312 0.03816 0.67774 1.24521 15 0 1 15 6
1326 7027 10.51857 2.99876 2.22225 3.20149 23 0 0 13 11
336 8867 11.13984 0.02555 14.63745 1.73573 11 0 0 8 8
1600 6738 11.81658 3.13946 10.55951 179.85463 18 0 0 18 11
1414 5015 11.07950 0.08558 12.26138 4.90353 8 0 1 0 2
737 3942 10.32301 0.84648 4.21600 7.73852 13 0 0 1 3
1482 6872 10.04486 3.12266 13.00568 137.69474 7 0 0 0 0
42 3414 11.75156 0.02822 1.67603 6.66450 13 0 0 1 4
6142 7877 11.44315 3.13854 1.29195 3.18125 28 0 0 20 7
128 3419 11.74596 0.01835 0.55164 1.00405 15 0 0 7 6
4796 7122 11.95018 3.03352 12.57641 173.80799 17 0 0 5 4
1100 4418 10.65491 0.05900 10.33623 6.15422 76 0 0 72 59
1495 5102 10.99809 0.02144 3.13115 8.75513 14 0 0 6 8
941 4172 10.52709 0.02551 7.92151 7.28438 21 0 0 12 8
2698 5646 11.29122 0.15585 10.79968 21.23403 21 0 0 12 10
504 3733 10.98126 0.01194 9.66135 1.80732 18 0 0 18 16
3277 8396 10.19108 0.42275 6.33905 10.94926 35 0 0 33 20
1522 5132 11.52055 0.00711 5.84116 13.80266 17 0 0 6 9
1449 6912 11.35509 2.89181 16.51007 165.68858 18 0 0 3 6
1237 7135 10.41648 3.08859 14.72626 176.96372 23 0 0 7 9
3223 8324 11.32034 0.02473 1.04239 4.71916 16 0 0 7 4
2934 5949 10.19149 0.03884 7.26070 10.82878 18 0 0 9 6
4771 7103 10.65832 3.09293 8.02372 177.21189 30 0 0 18 16
1537 6800 10.97155 3.13928 12.99146 179.86878 24 0 0 10 6
4736 7121 10.95820 3.11465 1.36322 0.81901 36 0 0 26 21
1012 4325 10.68182 0.02837 7.22486 2.30953 35 0 0 27 22
108 8610 10.49891 0.04796 9.58496 6.54503 8 0 0 4 5
5097 6852 11.69156 3.12546 5.54038 35.09128 21 0 0 2 8
5084 6894 10.58147 3.04418 1.45829 2.74566 48 0 1 39 34
3234 8402 11.47139 0.97493 0.30985 2.30070 10 0 0 10 6
1364 4931 11.87389 0.01883 7.87382 9.41463 39 0 0 23 30
546 3770 11.35102 0.04734 0.19456 0.85775 22 1 0 14 11
45 100 11.49053 0.02079 0.96190 1.62003 22 0 1 5 8
1637 6693 11.63501 2.20014 4.15689 126.05882 9 0 0 2 4
3168 8276 11.53381 0.07247 13.50684 18.55252 14 0 0 10 8
49 3414 11.75156 0.02822 1.63519 7.48776 21 0 0 2 3
1143 4551 10.01507 0.07036 10.02421 1.05647 27 0 0 25 17
3280 8398 11.13507 0.37005 9.69716 2.31900 32 0 0 27 22
102 3428 11.50927 0.05388 0.49265 1.19583 16 0 1 16 11
5010 6968 11.29138 2.95108 4.49738 19.34962 12 0 0 6 0
1213 7223 11.34054 1.90211 13.40573 108.98300 11 0 0 7 8
5048 6896 11.73193 2.63804 0.93812 1.96662 22 0 0 12 13
243 8697 10.88567 0.03663 0.62222 2.14393 22 0 2 18 15
4691 7164 11.27247 3.02844 1.75828 6.28285 33 0 0 16 18
3233 8398 10.80862 0.87012 0.33128 0.47970 10 0 2 8 5
880 4105 11.93766 0.04189 11.06685 2.39931 22 0 0 11 9
5994 8067 10.56765 1.58472 1.29442 3.20601 10 0 0 4 5
1213 4645 10.41249 0.08131 0.28252 1.92254 22 1 4 9 10
3279 8399 10.36215 0.33464 7.24437 11.18111 20 0 0 5 8
1215 4647 11.38444 0.07990 15.88023 8.49059 16 0 0 10 11
3200 8307 10.45604 0.16594 0.32227 1.53340 32 1 2 24 15
6037 7988 11.05039 3.13779 10.91002 128.30082 11 0 0 6 5
1624 5383 11.25008 0.02525 0.70022 2.47575 10 0 2 5 4
25 8585 10.74196 0.02857 15.26326 1.63662 9 0 0 1 6
1279 4835 10.99875 0.05521 11.77211 6.89307 25 0 0 16 15
5230 6759 11.88507 3.12304 14.34059 178.93798 20 1 0 17 16
1068 4364 11.00272 0.03437 9.07518 1.96961 43 0 0 36 30
8856 8910 10.38949 0.03636 9.71535 2.07150 30 0 0 21 20
3361 8501 10.24352 0.00476 9.85562 0.31153 83 0 0 75 71
3426 8620 11.04902 0.02550 11.66666 1.45965 21 0 0 10 9
981 4224 11.26091 0.41318 7.18458 23.67338 6 0 0 2 2
168 3467 10.54856 0.01504 11.09435 1.24049 24 0 0 22 18
5217 6790 11.76252 3.13150 2.79791 8.88489 9 0 0 5 5
5301 6767 11.10638 3.12139 11.28592 178.84090 25 0 0 4 11
532 3783 11.79261 0.01484 0.85006 2.77502 13 0 0 10 6
229 3516 11.83603 0.02063 0.52156 1.69443 11 0 0 11 8
5407 6672 11.61022 1.98239 9.83957 113.58279 8 0 0 5 6
105 3405 10.30328 0.02403 9.41072 22.99315 15 0 0 6 7
1250 7179 10.82512 3.00906 3.60648 32.33498 13 0 0 3 5
6134 7909 11.09334 3.13980 9.86228 179.88131 12 0 0 0 3
1538 6800 10.00986 3.13936 11.51503 179.87489 30 0 0 16 17
3233 8332 11.28283 0.19775 0.58265 2.14886 30 0 0 30 12
1250 7185 11.46706 2.97565 1.87574 0.33804 20 0 0 9 8
367 8881 11.25742 0.03415 0.58953 0.59215 33 0 0 33 24
8851 8903 10.87758 0.03191 18.78883 1.82992 33 0 0 7 13
7163 7227 11.30097 1.23672 0.37331 1.50454 15 1 1 12 8
1263 7139 11.60710 3.04318 1.63754 174.36132 11 0 0 1 5
1622 5377 10.00534 0.02559 7.69886 1.46714 13 0 0 10 7
1177 4562 11.54704 0.05295 12.90704 2.65844 36 0 0 23 25
3029 8133 10.50345 0.01303 9.21851 0.74913 22 0 0 7 6
1409 6925 10.24348 2.87217 1.24951 3.58343 8 0 0 2 2
2665 5613 10.83734 0.09575 6.57052 12.04992 32 0 0 32 20
1678 5403 10.94540 1.13851 7.97660 65.23156 5 0 0 3 4
5416 6678 11.92093 2.03890 7.53033 35.00445 8 0 0 2 4
2735 5688 10.25589 0.08270 0.70908 1.29241 26 0 3 15 9
1592 6749 10.57266 3.13709 2.32321 20.63200 9 0 0 0 3
1248 7191 10.42904 2.91139 5.69910 166.81067 17 0 0 5 4
1426 5071 11.44287 0.45463 13.29950 26.04840 40 0 2 10 17
192 8650 11.83438 0.01129 11.25316 2.16862 47 0 0 45 44
3047 8150 10.53539 0.03481 13.47429 1.75925 10 0 0 6 3
3469 8646 11.29900 0.00978 11.40967 3.25871 30 0 0 25 20
1213 4706 11.12573 0.09906 20.16110 5.67527 7 0 0 2 4
1099 4475 10.85715 0.05417 11.63195 5.78737 59 0 0 51 48
421 3656 11.26950 0.01192 8.18477 14.08929 26 0 0 12 17
662 3879 10.00162 0.02537 5.25572 1.45320 11 0 0 7 2
65 8585 10.74196 0.02857 13.87050 1.63662 23 0 0 12 10
869 4131 11.49482 0.00704 2.26371 1.77211 19 0 0 9 10
3261 8367 10.18055 0.90672 15.29305 51.95095 6 0 0 3 3
191 8676 10.85739 0.01627 10.23966 0.55391 44 0 0 44 41
537 3786 10.26905 0.01459 0.27191 2.04698 19 0 1 14 7
2942 6000 10.13712 1.02719 0.41925 1.18399 23 4 1 23 20
339 3582 11.07659 0.02189 13.73370 1.25616 23 0 0 10 9
4968 6996 11.42188 3.09670 10.24864 177.42960 56 0 0 43 26
2591 5585 11.46648 1.38067 14.45079 61.84973 13 0 0 8 4
976 4213 11.91001 0.44477 1.05150 4.81516 7 0 0 0 1
4910 7013 11.18828 2.99508 2.07062 1.60132 20 0 0 9 3
1655 6681 10.84117 1.78538 8.66630 138.09872 7 0 0 3 5
2958 8092 11.48210 0.04144 13.63351 28.41120 9 0 0 6 4
1132 4482 10.47787 0.07895 10.95403 0.64285 75 0 0 71 54
1408 5007 10.78992 0.08551 0.43641 2.28739 16 0 1 6 3
769 3981 10.28932 0.27680 11.46122 9.26501 27 0 0 7 16
1130 4476 11.33315 0.08089 10.42512 1.39269 73 0 0 44 36
2661 5639 10.78855 0.09797 2.47368 11.38764 28 0 0 13 14
1216 7187 11.86606 2.85067 1.49236 2.61674 26 0 0 17 16
4757 7150 10.35057 3.12753 14.81064 129.49315 9 0 0 3 1
3363 8531 10.02579 0.01563 10.12949 0.77582 53 0 0 48 49
1366 6980 11.22658 3.09564 14.10990 177.36745 80 0 0 77 38
322 8824 10.70421 0.05112 0.43946 0.24228 12 0 1 8 5
253 3533 10.07381 0.01522 14.51592 0.86863 6 0 0 3 2
1541 6820 11.95588 3.13107 15.12155 179.40686 6 0 0 6 3
3589 8857 11.26583 0.05082 14.53917 3.32743 12 0 0 12 9
1351 7022 10.63067 3.12180 2.56497 2.48711 31 0 0 12 8
1290 4812 10.21574 0.02344 1.24190 8.84336 25 1 0 11 14
7176 7230 11.12103 1.25418 11.69537 71.85889 18 0 0 14 8
2594 5597 11.45521 1.31962 23.41447 163.51339 6 0 0 2 4
2653 5634 11.79973 0.05114 15.89720 2.92998 20 0 1 10 5
3062 8165 11.55130 0.04840 6.67759 2.77432 32 0 0 11 18
4679 7225 11.35288 1.83809 10.05305 105.31467 20 0 0 9 10
4859 7081 11.68554 3.11619 14.49375 5.34859 17 0 0 12 8
3386 8531 10.75178 0.01039 13.03925 110.10804 22 0 0 12 13
1627 5326 11.75301 0.02710 11.35191 15.70453 16 0 0 11 10
6356 7620 10.42478 1.73005 1.61829 5.65326 12 0 0 5 4
4904 7044 11.76883 3.09693 20.37365 155.34517 12 0 0 7 2
1170 4608 11.71303 0.03794 12.93089 8.14739 42 0 0 36 28
1614 5367 10.98412 0.01304 9.43272 6.51451 11 0 0 7 3
3194 8343 11.41136 0.07426 12.63249 17.07285 10 0 0 7 7
3422 8616 11.77707 0.03243 17.21866 1.85625 26 0 0 6 9
7165 7229 11.66662 1.28931 9.29863 73.87189 14 0 1 10 10
914 4142 10.49397 0.00972 1.18943 8.44653 14 0 0 7 6
2901 5947 11.18402 0.03651 9.10539 13.11926 25 0 0 11 11
7162 7225 11.08314 1.16855 7.71012 22.57924 15 0 0 1 4
56 8547 11.75274 0.00574 2.25837 1.53697 18 0 0 16 10
5237 5295 11.24141 0.01397 11.03924 3.60641 14 0 0 7 9
2593 5582 11.56355 1.34431 13.38197 77.02333 15 0 0 9 6
6228 7812 11.51755 3.13286 16.47042 179.50111 25 0 0 11 6
3092 8196 11.34989 0.12846 10.56734 7.21526 23 0 0 18 12
755 4009 11.81708 0.12823 15.58107 7.34649 28 0 0 11 15
1224 4670 10.01207 0.05575 7.04097 108.01327 8 0 0 3 3
3605 8830 11.32970 0.06066 8.64301 11.94735 12 0 0 12 10
5382 6692 10.14992 2.20815 5.59508 46.68297 10 0 0 5 3
4758 7153 11.79342 3.11472 12.99282 178.45998 12 0 0 0 1
116 8583 10.99558 0.01661 14.15674 0.95285 12 0 0 3 3
1031 4314 10.09291 0.01767 0.41494 1.57271 15 0 0 15 12
3620 8883 11.31508 0.03541 1.23088 0.80259 21 0 0 15 15
3173 8280 11.97832 0.11593 13.27454 13.26695 21 0 0 11 8
4782 7130 10.77576 3.06593 15.41873 6.94082 12 0 0 1 5
1051 4371 10.37330 0.01401 10.95177 9.87677 24 0 0 5 11
991 4303 11.40733 0.34054 0.53165 0.66852 12 1 0 7 7
333 3578 10.01554 0.02137 7.86666 1.22269 11 0 0 6 6
