1613 6746 4.23840 3.13487 0.96822 1.68888 66 0 1 64 33
1545 6798 5.93144 3.13933 1.57130 1.64235 62 0 0 62 45
754 3992 2.88571 0.10276 0.23110 2.09742 284 221 17 272 234
179 3468 4.00915 0.01896 0.33102 0.07402 203 139 12 199 153
5339 6745 4.60241 3.13760 0.75302 1.74966 59 12 3 54 30
1651 6696 4.71463 2.12403 0.78689 1.69165 151 45 24 141 74
995 4278 3.97303 0.17137 0.23494 0.92323 331 291 9 321 273
4828 7095 5.71123 3.11368 2.17696 0.72199 158 0 0 156 68
600 3826 5.02175 0.06319 0.22810 0.30132 184 159 14 182 155
2847 5863 2.74733 0.00721 0.10961 0.09279 141 136 2 139 120
2942 5974 3.50320 0.23269 0.39195 0.61992 355 236 5 355 318
4703 7193 3.53760 2.85066 1.57569 1.23606 265 0 0 265 101
1011 4312 3.47803 0.02598 0.31663 1.07956 319 261 11 311 240
4715 7164 2.01934 3.07032 1.37624 1.64663 286 0 6 280 151
360 8914 3.30711 0.02705 0.53049 0.35608 538 226 11 536 480
6245 7780 3.90744 3.11551 0.98595 2.10803 194 1 3 189 105
6375 7619 5.25584 1.87376 1.23779 1.07119 160 0 0 148 96
1047 4358 5.46568 0.02155 0.24608 0.41684 276 243 16 270 227
2903 5929 2.26634 0.00313 0.08760 0.16313 350 340 4 346 313
5045 6917 5.27017 3.05799 0.74386 2.05100 332 60 12 330 210
1182 4585 5.11570 0.05838 0.20226 0.81613 458 420 14 453 368
2871 5898 3.00508 0.00550 0.12396 0.32385 222 212 3 217 185
1177 4595 2.36114 0.02423 0.24293 0.51129 707 667 21 701 618
319 8789 4.43803 0.06531 0.23277 0.21306 568 536 26 568 510
4744 7142 2.54265 3.13548 1.62379 1.48964 203 0 0 201 100
2692 5661 5.20947 0.08975 0.11208 1.15792 245 218 22 245 159
1359 4935 4.31500 0.02751 0.17354 1.36487 331 296 20 322 232
3161 8286 2.79686 0.01326 0.31255 0.19383 298 242 5 296 255
3611 8935 4.18237 0.02406 0.62391 0.52190 459 102 15 454 384
914 4154 3.27858 0.01365 0.47255 0.74651 356 214 14 354 314
1385 4989 2.75057 0.04348 0.44470 0.43069 459 311 17 457 390
979 4257 2.13169 0.04487 0.44762 1.39269 408 295 3 406 317
3541 8740 3.77371 0.05958 0.38255 0.18557 343 258 9 341 301
3025 8139 4.00339 0.01274 0.23959 0.18767 221 200 10 219 189
1208 4653 5.56028 0.03149 0.32786 0.27411 239 193 22 235 186
2979 8083 4.28762 0.13149 0.09723 1.05647 212 180 8 212 185
453 3700 2.02636 0.00627 0.19017 0.34605 446 425 4 446 402
2928 5949 5.97032 0.03279 0.31664 1.89857 108 59 12 106 76
1376 4977 3.99504 0.06069 0.48771 0.66205 257 148 11 257 189
1228 7205 2.78063 2.58850 1.47100 1.53263 313 0 0 308 141
582 3810 4.29572 0.01288 0.24372 0.41778 380 329 19 376 297
15 3394 5.24892 0.01469 2.19706 1.10074 298 0 1 288 235
272 3535 2.06274 0.00907 0.23019 0.13122 573 531 11 565 517
1458 6887 5.05365 3.07154 1.22357 1.41499 205 0 0 203 96
4723 7180 3.05008 2.97807 1.26964 1.10216 191 0 0 191 127
862 4099 3.38147 0.06662 0.39838 3.71299 220 186 17 210 126
1368 4961 2.77149 0.06932 0.52272 0.18557 286 143 11 282 221
4718 7202 3.89019 2.69344 1.24248 0.97558 204 0 1 194 133
1601 5312 2.01010 0.00535 0.11534 0.33920 352 332 13 346 306
6372 7632 2.73096 2.51882 0.89683 1.52726 353 13 8 353 280
2956 8069 4.61101 0.67455 0.16674 1.82306 105 66 5 101 52
4995 6971 5.43489 3.12236 1.09252 1.17603 137 4 0 131 91
2817 5827 2.50015 0.00414 0.32032 0.22206 421 354 8 414 362
6026 8010 4.22251 3.13537 1.00594 4.42580 84 1 0 78 35
6121 7909 3.38715 3.13691 1.90664 1.07992 195 0 0 186 127
1261 7116 2.90249 3.10906 1.63967 0.85272 115 0 0 109 67
1524 5143 5.00755 0.00637 0.28311 0.44850 229 181 5 225 177
1226 7188 5.73180 2.88409 1.45600 1.42161 203 0 0 199 78
12 8556 5.98012 0.01608 2.42843 1.01722 245 0 0 235 185
781 4006 5.76037 0.00478 0.19754 0.60909 147 115 3 138 117
2823 5837 2.75466 0.00526 0.29586 0.31153 288 221 13 276 232
1399 5005 3.88162 0.03010 0.19206 1.32441 466 433 29 464 349
1552 6795 3.53672 3.13627 1.53471 1.48938 95 0 0 92 62
1135 4522 3.24778 0.02533 0.22213 0.16786 320 271 26 314 264
82 3408 3.40146 0.06185 0.48785 3.53845 224 185 14 224 98
4863 7070 5.31065 3.06035 2.11809 0.96834 79 0 0 79 34
6004 8044 4.32546 2.70850 0.69992 2.31291 145 9 20 143 63
693 3917 3.75137 0.08702 0.07561 0.72199 234 211 13 232 202
1351 7014 3.79199 3.06569 1.43617 2.25516 257 0 0 247 139
1189 4643 5.32063 0.01291 0.13481 0.69830 242 193 18 233 191
1636 6721 2.17534 2.93211 0.84220 0.99387 179 17 1 177 102
2777 5749 2.61562 0.04599 0.34558 0.22900 649 543 13 643 585
1200 4647 2.16282 0.01761 0.38344 0.29074 605 446 4 598 534
3041 8154 4.38723 0.06952 0.26696 3.65077 272 219 15 267 102
33 8561 3.06020 0.01128 2.36216 0.95695 549 0 0 542 485
284 8759 3.94156 0.05835 0.13412 1.15758 477 459 14 475 429
5139 6837 5.78138 3.12765 0.94214 1.57892 95 0 4 89 69
1397 5017 5.95480 0.17775 0.43689 0.54465 233 147 9 233 179
5217 6780 3.20615 3.12702 1.07191 2.05614 157 15 10 152 39
1261 7127 4.06897 3.07438 1.74215 0.87581 140 0 0 138 87
1381 6974 3.18260 3.13450 1.19145 1.74046 265 0 0 263 205
1512 6830 4.17747 3.11937 1.34049 1.98229 188 0 0 177 106
657 3886 2.97637 0.02921 0.13893 0.65968 262 247 7 258 210
6355 7644 3.09110 2.95817 1.01512 1.82885 399 40 12 395 292
1310 4878 5.94831 0.04887 0.32055 0.60393 204 134 40 200 105
337 8822 4.26713 0.00934 0.64515 0.25334 698 166 3 694 641
1240 7174 2.95318 3.01498 1.35008 0.86275 207 0 0 205 118
5158 6815 3.13507 3.14013 0.93531 2.11415 126 6 3 120 58
1484 5102 2.76324 0.00928 0.16308 0.32385 544 514 10 540 482
1248 4726 5.15029 0.03243 0.41123 0.59938 142 66 6 139 93
206 8684 5.81124 0.01115 0.40197 0.38967 167 98 10 158 131
81 8567 2.23944 0.02819 0.23228 1.60034 283 262 15 280 144
4717 7199 3.11251 2.75693 1.17710 0.94212 170 0 1 164 114
2673 5633 2.59723 0.03492 0.51183 0.15323 387 203 4 385 347
1227 7194 4.39520 2.81012 1.32695 1.20496 200 0 0 190 78
4884 7050 2.87368 3.13899 2.01744 1.77321 294 0 0 289 174
1251 4754 3.04227 0.08455 0.56730 0.21122 177 67 3 173 135
929 4184 4.06219 0.03442 0.05804 1.97239 402 379 16 398 293
2 8576 5.56042 0.03369 2.50872 1.97239 104 0 1 99 75
3617 8906 5.03820 0.03174 0.66234 0.20174 500 130 26 500 441
2727 5697 4.97491 0.05894 0.37933 0.90655 174 112 6 163 143
1631 5381 5.75115 0.01976 0.37715 0.58817 63 32 2 63 43
1203 4641 5.17732 0.03763 0.26994 0.64041 236 186 37 231 169
5318 6744 3.87977 3.13775 0.86025 1.88679 141 13 3 127 72
376 3635 5.75425 0.01161 0.38342 0.23070 625 523 7 623 588
1230 7161 5.73582 3.07825 1.65698 2.27967 166 0 1 163 85
6334 7665 5.38453 3.13037 1.47480 1.57197 348 0 1 341 146
5 80 2.20980 0.02801 2.50252 1.64972 155 0 0 151 118
3617 8932 4.28336 0.02866 0.76544 0.30132 486 50 13 480 431
5101 6865 4.08458 3.12250 1.39191 0.97116 350 0 0 344 149
1266 4788 3.38222 0.02518 0.23599 0.25793 281 241 16 273 222
486 3724 3.51777 0.00728 0.27560 0.27695 378 198 108 367 186
1179 4578 5.31616 0.04907 0.22262 0.71217 335 309 12 329 274
2647 5610 2.05299 0.14465 0.16104 2.28944 628 576 29 620 543
379 3634 2.26222 0.00840 0.14812 0.11869 905 890 3 901 860
3393 8550 3.51743 0.01246 0.21330 0.63674 192 156 9 187 154
3259 8413 5.95792 0.39298 0.59807 1.83227 105 34 1 99 36
1585 5232 2.74884 0.01374 0.24593 0.48698 536 474 18 529 445
2655 5616 2.13848 0.07845 0.38372 1.06826 531 415 19 528 388
347 8880 5.98497 0.04540 0.58013 2.50640 317 213 11 315 153
5108 6857 3.26219 3.12937 1.21578 1.35335 293 1 0 288 188
3037 8148 5.67219 0.04938 0.61687 2.49920 194 172 14 188 89
487 3732 3.30218 0.03063 0.20167 1.70915 401 301 27 386 337
3019 8145 4.02653 0.01343 0.26755 0.26834 256 222 6 256 225
602 3836 2.23750 0.08116 0.10526 1.79362 390 355 21 384 285
1588 5244 2.49502 0.01116 0.37767 0.29342 642 497 14 638 558
1413 5027 3.14685 0.04683 0.03113 0.40734 488 464 15 484 423
1640 6703 5.64232 2.45670 0.94746 1.30266 103 3 1 97 38
3601 8868 4.14598 0.07183 0.93421 4.04060 472 72 1 460 166
1408 5022 2.51203 0.07467 0.40100 0.71107 609 372 10 605 501
1073 4385 2.45344 0.01959 0.16958 0.58484 481 412 22 475 406
1132 4504 2.12178 0.02089 0.19367 0.39466 514 476 16 510 421
6194 7833 3.48824 3.14056 0.73268 1.31968 164 24 11 160 105
2962 8074 2.52864 0.44852 0.23320 1.34785 284 166 5 280 185
644 3871 3.10679 0.03279 0.19443 0.18557 262 244 6 258 222
282 3551 4.74833 0.01423 0.18741 0.25641 438 412 12 429 399
6147 7880 4.94035 3.14040 1.07943 1.65233 170 1 2 166 73
532 3766 3.91944 0.05399 0.14237 2.81883 303 285 17 294 186
279 3538 4.53093 0.00189 0.18099 0.17017 327 300 17 319 287
3395 8938 4.30087 3.13091 3.79573 173.88314 38 0 0 31 17
23 85 4.26945 0.01720 2.35401 1.09504 146 0 0 139 121
1500 6849 5.10475 3.12310 1.09587 2.02255 230 0 0 228 135
5153 6816 5.13492 3.13454 1.14301 2.36033 98 0 0 90 35
1208 4680 3.51293 0.04689 0.27022 1.36859 298 216 25 292 131
18 3397 2.80880 0.01082 2.30495 0.99623 601 0 0 590 521
10 8938 4.02813 3.13458 2.94645 165.86729 22 0 0 18 18
51 3395 4.25883 0.01198 2.06811 1.14295 376 0 0 370 299
3299 8451 5.01209 0.00528 0.19385 0.23903 240 218 5 230 205
1592 5293 3.50520 0.01616 0.42720 0.45628 227 160 9 227 199
2808 5814 4.78078 0.01111 0.34809 0.53959 98 57 3 94 71
4872 7062 4.60703 3.08363 2.26486 2.28293 178 0 0 170 118
1242 4741 5.52808 0.06143 0.16860 0.47478 163 125 25 151 106
697 3923 2.21163 0.08336 0.41664 0.27124 330 232 8 322 282
6263 7760 4.76684 3.13178 0.77322 1.80494 239 100 7 231 156
6267 7743 4.80023 2.78878 0.96842 2.21700 196 38 11 189 85
1277 4793 4.97402 0.01254 0.16202 0.75692 270 209 21 266 207
1496 6851 4.21202 3.12613 1.30633 1.98090 221 0 0 213 136
1324 4887 2.30393 0.00381 0.22797 0.22029 476 409 46 474 369
5385 6700 5.31527 2.40141 0.61488 1.24427 97 13 9 90 31
728 3953 2.02828 0.19288 0.15983 0.66205 378 343 16 376 313
4914 7018 3.68968 3.06028 1.69757 2.71383 298 0 0 292 134
652 3880 2.85700 0.00437 0.22855 0.40542 290 238 3 284 247
1592 6766 5.00536 3.13381 0.88256 1.74024 148 1 0 144 74
4701 7205 2.83092 2.60693 1.44792 1.34377 379 0 0 373 147
4782 7107 3.95462 3.13001 2.13272 1.02297 156 0 0 148 66
3341 8495 2.76520 0.01052 0.13776 0.58617 321 303 5 319 279
5168 6809 3.15991 3.13791 1.66122 2.24263 136 0 0 127 49
3576 8788 4.42099 0.05349 0.20038 0.32021 619 587 23 615 544
5154 6815 5.33784 3.13559 0.97672 2.34518 129 4 2 103 59
6209 7822 4.06985 3.14035 0.68042 1.60620 213 48 16 211 98
1421 5033 5.75133 0.01766 0.26458 0.22029 283 252 14 274 245
5206 6781 3.41556 3.12518 0.97048 2.48931 101 3 0 96 51
1386 6968 3.12161 3.13987 1.01300 1.13677 297 10 1 295 236
1084 4403 3.14241 0.01379 0.18385 0.22206 360 330 14 354 305
683 3908 2.90479 0.12005 0.47853 4.41313 217 94 19 209 114
1407 5021 2.15705 0.08157 0.33834 0.53008 599 468 12 591 525
1090 4430 2.60979 0.02143 0.37811 0.39366 288 208 5 288 254
766 3988 5.30243 0.07161 0.22445 1.12987 158 116 6 156 103
300 3563 2.35425 0.03328 0.44168 1.78794 794 566 23 789 605
4769 7125 3.40833 3.14075 1.49151 1.21788 170 0 0 168 109
4759 7117 5.07017 3.08410 1.56809 0.88999 130 0 0 130 76
5995 8045 5.93349 2.35555 0.79906 1.18101 138 7 1 136 91
356 8871 5.12824 0.04131 0.63532 1.96861 424 145 43 422 191
6342 7654 5.59677 3.12547 0.99315 1.17370 253 7 1 249 102
5256 6760 5.51857 3.12142 0.74110 1.56323 177 1 7 170 107
292 8765 2.47620 0.09796 0.25866 3.98290 621 590 15 619 303
1251 7142 3.15653 3.05794 1.69280 1.48042 180 0 0 175 74
1228 7215 4.19933 2.27554 1.28600 1.60523 236 0 0 232 108
1577 6778 3.75597 3.13332 1.34114 2.11711 226 1 0 217 52
972 4266 5.60291 0.23347 0.15185 0.96225 202 178 7 193 132
1653 6694 5.50891 2.02480 0.89381 1.16668 136 39 41 130 53
1143 4538 4.15929 0.04145 0.22780 0.16071 434 390 14 430 392
1451 6892 4.36965 3.02487 1.03168 1.75122 344 3 0 344 262
91 3404 3.33777 0.04230 0.72936 2.41492 233 37 4 223 156
155 8642 5.83475 0.00979 0.29767 0.13122 137 108 7 135 102
859 4092 5.77187 0.01508 0.35309 0.78034 188 132 38 180 140
3568 8780 2.74479 0.06500 0.59833 0.13988 782 307 11 774 662
6039 8004 3.44926 3.13736 0.97893 3.52537 62 3 5 56 33
6256 7758 4.51084 2.87332 0.51291 1.43640 193 60 8 188 139
2842 5854 5.01116 0.00507 0.24489 0.64041 125 84 7 121 95
