0.02760 0.04504 0.00144
0.02209 0.02935 0.02477
0.01906 0.02693 0.00246
0.02942 0.04985 0.01862
0.01283 0.02064 0.00979
0.03000 0.03361 0.00535
0.02209 0.03828 0.01879
0.02096 0.03275 0.00723
0.01681 0.02913 0.01867
0.01572 0.02772 0.00059
0.01556 0.02689 0.01892
0.02475 0.04284 0.01993
0.01896 0.03344 0.00180
0.02145 0.03633 0.01954
0.02554 0.04458 0.02153
0.01986 0.02779 0.02168
0.02132 0.02360 0.00560
0.01613 0.02695 0.00548
0.03629 0.03978 0.00609
0.01752 0.03767 0.01838
0.02248 0.03892 0.01562
0.02179 0.04145 0.01865
0.01803 0.03692 0.00834
0.02984 0.04315 0.00075
0.02546 0.03553 0.00533
0.02116 0.02705 0.00645
0.02583 0.04112 0.02014
0.01578 0.02430 0.01846
0.01517 0.01551 0.00812
0.02931 0.02793 0.01844
0.02233 0.05092 0.02006
0.01954 0.03117 0.00119
0.01672 0.03230 0.00872
0.02514 0.03551 0.01923
0.01503 0.02712 0.00541
0.02125 0.04509 0.01114
0.02970 0.04006 0.01854
0.01944 0.03702 0.00699
0.02430 0.04157 0.01856
0.03102 0.03817 0.00479
0.02012 0.03681 0.02038
0.02047 0.03459 0.00090
0.02151 0.02947 0.00848
0.01946 0.03907 0.01854
0.02517 0.04195 0.00695
0.02600 0.04567 0.01844
0.02070 0.04139 0.00837
0.01357 0.02471 0.01869
0.01984 0.03966 0.00950
0.01842 0.02895 0.01856
0.01896 0.03419 0.01847
0.02532 0.04520 0.00089
0.02464 0.03026 0.01410
0.01103 0.00949 0.01882
0.02247 0.04484 0.01398
0.01177 0.01287 0.00052
0.02282 0.04044 0.00512
0.02897 0.03671 0.00979
0.02057 0.03298 0.01404
0.01940 0.03767 0.01077
0.02194 0.04310 0.00095
0.02557 0.03625 0.01849
0.01230 0.01049 0.00974
0.02029 0.04019 0.01025
0.01303 0.01222 0.00898
0.03165 0.04343 0.02228
0.01986 0.04046 0.01856
0.02623 0.04950 0.01127
0.01358 0.02582 0.01877
0.01870 0.04155 0.01408
0.01301 0.01542 0.00055
0.02210 0.02981 0.00607
0.01139 0.00828 0.00618
0.01803 0.03133 0.00096
0.02119 0.03193 0.01852
0.01906 0.02925 0.01840
0.01319 0.01375 0.00641
0.02176 0.04081 0.01867
0.01874 0.04351 0.01848
0.01857 0.02287 0.00527
0.03328 0.04591 0.01991
0.02656 0.03437 0.00526
0.00886 0.00941 0.00044
0.02090 0.02325 0.00515
0.02823 0.03879 0.01448
0.01192 0.01030 0.00049
0.01807 0.03139 0.01913
0.00976 0.01127 0.00058
0.01884 0.04257 0.00615
0.01960 0.02222 0.00953
0.02917 0.04262 0.03601
0.01701 0.03475 0.01862
0.02056 0.03112 0.00347
0.01715 0.02921 0.02193
0.02423 0.03509 0.01927
0.01408 0.01940 0.01847
0.01096 0.01472 0.01983
0.00808 0.00882 0.00053
0.02337 0.04175 0.01096
0.02556 0.04639 0.00547
0.02400 0.02265 0.01835
0.01868 0.02708 0.00657
0.01521 0.01527 0.00954
0.02909 0.03439 0.00558
0.02259 0.04301 0.01121
0.01796 0.02885 0.01916
0.01579 0.03024 0.01865
0.02728 0.03260 0.00473
0.03073 0.04791 0.00123
0.01406 0.01967 0.00800
0.02014 0.02746 0.01350
0.01666 0.03541 0.01848
0.01705 0.02805 0.02657
0.01697 0.03151 0.01419
0.02396 0.02289 0.02208
0.02180 0.03066 0.01903
0.01736 0.03512 0.01844
0.01935 0.02513 0.00968
0.02176 0.04106 0.00961
0.01724 0.03277 0.01843
0.02216 0.03903 0.01847
0.00825 0.00817 0.01706
0.03382 0.03760 0.06247
0.02036 0.04143 0.00599
0.01375 0.01386 0.00049
0.02101 0.03840 0.00432
0.02444 0.02795 0.00147
0.02339 0.04171 0.01879
0.01946 0.02468 0.01862
0.01418 0.01570 0.01839
0.00890 0.01039 0.01704
0.01281 0.01707 0.00372
0.02199 0.04244 0.02012
0.01463 0.02267 0.01990
0.01961 0.03158 0.01936
0.02647 0.03289 0.00410
0.02936 0.03864 0.00244
0.02239 0.03510 0.01856
0.01990 0.03304 0.00192
0.00907 0.00849 0.01004
0.02084 0.03861 0.01859
0.01516 0.02505 0.01848
0.01506 0.02024 0.00052
0.01919 0.02564 0.01022
0.01822 0.03030 0.01918
0.02616 0.04213 0.01927
0.02352 0.04103 0.01895
0.01787 0.03536 0.00089
0.01653 0.03496 0.01594
0.02566 0.03245 0.00687
0.02265 0.02328 0.01861
0.02268 0.02829 0.00104
0.01871 0.03926 0.01948
0.01818 0.02885 0.00570
0.01451 0.02007 0.00210
0.02010 0.04137 0.01004
0.03586 0.04641 0.01874
0.00750 0.00929 0.01389
0.01992 0.04505 0.01875
0.02243 0.04075 0.01882
0.02202 0.04677 0.01867
0.01284 0.01817 0.01890
0.02012 0.03263 0.00683
0.01799 0.01621 0.00469
0.02348 0.04705 0.01636
0.01089 0.01332 0.01842
0.01800 0.04019 0.01458
0.01607 0.02552 0.00056
0.02333 0.04512 0.01681
0.02542 0.04879 0.01232
0.01969 0.03812 0.01876
0.02267 0.03794 0.05799
0.02498 0.02015 0.01869
0.01069 0.01040 0.01847
0.01798 0.03869 0.01863
0.01449 0.02346 0.01588
0.01712 0.02699 0.01417
0.02069 0.03608 0.00513
0.02020 0.02696 0.02281
0.02011 0.02455 0.01903
0.01931 0.03630 0.00843
0.01660 0.02628 0.01956
0.02786 0.04048 0.02176
0.02929 0.04517 0.04048
0.01441 0.02227 0.01140
0.01887 0.03927 0.00554
0.01224 0.01191 0.02250
0.02404 0.02131 0.01392
0.02071 0.03491 0.00769
0.02731 0.03378 0.00122
0.01894 0.01732 0.01903
0.02087 0.04332 0.00409
0.02641 0.03381 0.01893
0.01882 0.03889 0.01890
0.02653 0.05926 0.02543
0.01898 0.04552 0.01718
0.01705 0.02255 0.01827
0.01803 0.02420 0.01837
0.00971 0.01240 0.01836
0.02375 0.03931 0.01930
