39 1050 10.91038 1.40381 0.04305 0.49416 57 36 15 55 31
4 1019 11.21552 0.03183 0.22148 0.71546 48 32 8 45 29
672 761 10.12427 1.31843 0.51412 2.29542 45 26 7 38 15
51 1090 11.70887 1.48756 0.10725 1.53033 50 36 12 46 32
661 762 10.77259 1.36397 0.57884 2.11637 75 60 12 70 42
7 1021 11.08118 0.01411 0.22042 0.65372 50 43 4 50 35
25 1038 10.57007 0.57213 0.11840 0.79426 67 53 7 67 37
49 1095 10.54051 1.48406 0.28312 1.11487 56 35 10 50 27
50 1086 11.02984 1.45959 0.29938 1.90351 38 27 7 38 24
640 759 11.33809 1.30911 0.55741 2.56308 19 14 1 14 7
49 1078 10.46070 1.41436 0.46022 1.18068 53 43 7 53 25
29 1037 11.63901 0.79494 0.15887 0.50358 73 62 9 71 50
17 1033 10.05301 0.22068 0.14165 0.53155 40 26 9 40 24
39 1049 11.16682 1.39949 0.30925 0.47147 22 16 0 18 16
25 1036 11.02435 0.56759 0.22680 0.77380 62 46 9 58 28
641 760 11.61038 1.35909 0.38125 2.64945 12 7 4 10 5
49 1064 11.72921 1.66332 0.10237 0.73966 31 23 6 31 22
12 1025 10.93889 0.09784 0.11723 0.45284 51 34 12 51 29
44 1059 10.29544 1.58929 0.12967 0.48779 26 17 8 26 16
16 1027 11.24717 0.20680 0.24484 0.60523 59 41 10 56 37
49 1086 10.44727 1.45775 0.14035 1.96084 73 47 15 67 36
624 702 11.65312 0.02778 0.18641 0.30647 112 86 17 112 75
627 738 10.83239 0.30797 0.14918 0.81036 130 107 20 128 84
624 695 11.65654 0.02685 0.14780 0.34035 120 90 25 120 87
36 1049 10.44449 1.25571 0.10291 0.59545 59 45 3 59 42
0 1017 11.34697 0.05832 0.22363 1.03967 75 53 13 71 47
633 751 10.41988 0.86696 0.08380 0.96144 81 73 8 81 58
704 761 10.12548 1.31402 0.06622 2.40110 50 41 4 48 27
634 752 10.31509 0.92415 0.07561 0.98118 49 36 12 47 30
42 1051 11.48252 1.51235 0.42736 0.20558 32 16 14 30 13
631 751 11.47392 0.85796 0.11874 0.77833 67 52 9 65 44
9 1022 11.12815 0.04571 0.28001 0.67319 41 30 1 39 27
46 1057 11.53038 1.60958 1.48520 1.22301 4 0 0 2 1
625 724 11.03796 0.06702 0.15695 0.47478 159 124 17 154 108
625 714 10.91428 0.03481 0.23492 0.32506 121 97 16 121 80
28 1037 11.43682 0.73746 0.21400 0.57335 58 35 18 54 28
626 723 10.29561 0.06690 0.09071 0.51586 180 159 16 178 144
643 758 10.21497 1.25091 0.56540 2.07377 19 16 1 17 10
626 678 10.20957 0.03867 0.05254 0.39664 159 147 8 155 132
17 1031 10.51734 0.22332 0.14939 0.55953 84 56 18 82 52
624 725 11.81155 0.06894 0.13921 0.41965 104 80 16 104 75
12 1028 10.22908 0.07967 0.16365 0.58884 58 48 4 58 43
46 1058 11.34212 1.61906 17.57879 69.20118 6 0 0 0 0
627 740 11.18909 0.35952 0.12645 0.73754 148 119 22 146 103
49 1079 10.39603 1.40641 0.54419 1.52931 32 26 4 32 19
625 692 10.91936 0.03345 0.11479 0.31898 153 137 14 151 107
50 1069 11.76045 1.62059 0.14530 0.49575 69 50 16 64 43
671 761 10.11995 1.31836 0.28593 2.29012 55 33 14 49 21
627 736 10.50837 0.26040 0.19435 0.75433 186 162 17 182 126
662 761 10.13880 1.32099 0.59585 2.18032 53 33 12 47 21
1 1017 11.42277 0.05292 0.17862 0.86230 56 33 12 52 26
15 1027 11.03618 0.17346 0.11691 0.55249 70 62 8 70 49
46 1063 10.34891 1.63553 0.18867 0.51586 17 10 4 14 7
628 743 11.13100 0.45916 0.29164 0.90655 106 80 20 106 61
626 685 10.20768 0.03982 0.08933 0.37846 202 185 13 200 164
626 728 10.48247 0.11566 0.06473 0.54249 182 150 23 176 132
629 744 10.71070 0.50335 0.04935 0.96429 100 78 14 94 66
48 1068 10.72645 1.63171 0.03444 0.62994 104 90 10 99 82
626 687 10.20467 0.04040 0.08396 0.38052 160 147 12 156 130
50 1090 11.11803 1.48855 0.06347 1.63518 46 32 11 46 29
636 757 11.54052 1.20050 0.48920 2.00311 49 26 19 45 29
47 1069 10.06484 1.60772 0.03766 0.43069 94 74 17 92 64
624 682 11.65774 0.02390 0.14632 0.28116 117 93 15 111 85
18 1031 10.71009 0.25928 0.14111 0.68870 68 54 11 68 49
1 1019 10.92636 0.05389 0.05308 0.87804 57 41 12 53 34
15 1023 11.99448 0.20152 0.14854 0.59347 55 43 7 55 33
626 734 10.92383 0.21345 0.13507 0.95940 173 148 19 173 127
684 761 10.12329 1.31724 0.62493 2.30987 53 39 10 50 32
7 1024 10.35853 0.01085 0.14729 0.55602 67 55 11 67 43
655 761 10.46278 1.35632 0.87571 2.43092 36 21 10 33 21
50 1072 11.50977 1.55635 0.15025 0.53082 61 45 11 57 39
18 1026 11.89132 0.28513 0.32786 0.68586 65 44 14 60 32
26 1039 10.53731 0.62816 0.21718 0.85042 85 64 16 82 60
22 1031 11.55016 0.41824 0.18577 0.69774 86 63 16 86 49
625 699 10.91398 0.03458 0.12134 0.32626 148 125 20 146 110
650 762 11.49638 1.42495 0.09989 2.40110 19 13 1 19 8
626 719 10.21195 0.04759 0.15159 0.46140 159 130 26 155 116
50 1081 10.93463 1.41094 0.35222 1.80168 31 23 4 25 19
51 1076 11.80558 1.45036 0.48127 0.78285 33 22 6 33 17
624 711 11.65150 0.02778 0.19812 0.32385 122 81 31 122 75
50 1100 11.12240 1.48648 0.07403 1.18861 47 42 4 45 36
626 698 10.19801 0.04182 0.10269 0.36797 163 144 9 159 122
680 763 11.35534 1.39340 0.25141 2.16103 54 36 6 52 27
22 1032 11.31510 0.41609 0.13735 0.75537 98 77 15 98 65
36 1047 10.94921 1.24740 0.27628 0.91514 33 19 7 26 20
625 717 10.91626 0.03552 0.15563 0.39167 138 112 16 138 93
680 761 10.12356 1.31803 0.27546 2.29865 56 28 19 56 29
628 742 10.92252 0.42517 0.29458 0.86230 102 66 28 102 62
29 1040 10.97313 0.80299 0.23794 0.46478 110 87 7 107 82
45 1060 10.49654 1.60744 0.14966 0.90005 16 7 3 14 7
50 1094 11.12408 1.48588 0.13339 1.19877 51 35 8 48 28
685 763 11.35412 1.39224 0.26368 2.14521 44 35 5 42 29
625 730 11.29786 0.13551 0.10958 0.51738 152 129 15 152 106
626 710 10.20163 0.04229 0.09947 0.39860 149 120 16 147 102
6 1021 10.94346 0.01172 0.15901 0.63366 65 50 10 63 44
40 1048 11.66218 1.43405 0.10664 0.21306 43 37 4 41 29
701 761 10.12635 1.31440 0.62761 2.38031 49 34 10 45 20
8 1020 11.48798 0.03170 0.17905 0.74441 43 25 11 43 21
20 1032 10.89973 0.33192 0.12177 0.84580 81 56 20 79 42
49 1070 11.08087 1.60028 0.22829 0.54176 93 62 29 91 61
27 1041 10.33256 0.69035 0.19402 0.65372 73 48 18 60 33
46 1062 10.52601 1.62726 0.49150 0.51738 12 3 1 12 7
647 760 10.70239 1.34551 0.73242 2.60038 15 6 3 15 6
24 1037 10.59488 0.51675 0.17677 0.67782 87 67 8 80 52
37 1048 10.92756 1.30442 0.36716 0.82329 24 13 5 19 12
31 1042 10.97923 0.92921 0.24957 0.45284 60 39 13 56 33
628 740 10.53604 0.36590 0.13925 0.81805 143 105 34 143 92
657 762 10.91872 1.38231 0.39294 2.17727 40 29 9 35 18
631 748 10.52639 0.69961 0.16940 1.06091 71 55 12 71 46
42 1056 10.26348 1.53262 0.13190 0.68357 24 17 4 21 14
633 750 10.06473 0.81414 0.18351 0.93962 91 74 9 91 68
685 761 10.12241 1.31687 0.62070 2.31799 37 34 1 37 16
626 717 10.20209 0.04312 0.11622 0.42428 148 128 16 148 112
40 1053 10.39017 1.45515 0.48426 0.89175 10 4 3 7 5
653 762 11.23501 1.41160 0.60827 2.61194 39 27 3 35 21
43 1052 11.55142 1.54371 0.28134 0.27836 26 8 6 15 10
625 705 10.91241 0.03478 0.18994 0.32143 113 89 12 107 68
24 1035 11.04666 0.51320 0.17104 0.66852 87 65 11 83 50
25 1032 11.93489 0.56486 0.40518 0.81132 52 29 19 50 23
15 1031 10.10354 0.15427 0.08592 0.50976 82 66 10 77 59
50 1084 10.97863 1.43810 0.17336 1.80450 27 17 6 25 15
665 762 10.72729 1.35937 0.16731 2.10375 52 29 12 48 21
21 1036 10.18325 0.37535 0.16155 0.75589 98 67 23 94 65
50 1099 11.12342 1.48657 0.06458 1.15826 53 42 10 53 29
624 692 11.65675 0.02620 0.16791 0.29342 118 84 24 116 79
638 756 10.43768 1.14764 0.55758 1.91275 13 5 3 11 6
633 754 11.54289 1.02708 0.12022 1.11978 27 20 3 25 15
27 1038 10.99769 0.68282 0.08112 0.67493 61 46 11 56 31
624 729 11.97437 0.11350 0.12076 0.39958 111 87 16 111 80
694 762 10.73411 1.35585 0.56483 2.32305 48 35 10 48 20
624 689 11.65414 0.02588 0.10311 0.28939 118 98 16 114 90
656 762 10.98742 1.38935 0.59121 2.27193 84 70 10 76 43
0 1019 10.85056 0.05931 0.23328 0.94915 67 51 7 57 46
14 1025 11.32119 0.15563 0.23181 0.52190 74 56 7 72 50
626 704 10.20275 0.04261 0.01808 0.36691 152 129 19 148 105
49 1071 11.00351 1.57793 0.06370 0.67319 100 85 9 95 77
37 1050 10.40963 1.31235 0.21555 0.87133 54 33 8 50 29
1 1015 11.93179 0.05310 0.32374 1.15555 40 29 6 38 20
3 1023 10.11705 0.04884 0.18026 0.69998 100 60 21 90 56
51 1091 11.71554 1.49040 0.13010 1.42875 33 27 2 31 24
663 761 10.12695 1.31889 0.62715 2.18158 74 40 27 72 34
28 1036 11.65838 0.73596 0.21958 0.53229 50 40 8 50 26
625 736 11.91760 0.24602 0.11758 0.66027 135 116 11 130 95
37 1044 11.85446 1.28941 0.21610 0.60393 50 36 8 46 28
647 759 10.18248 1.29530 0.66286 2.51917 36 29 2 36 22
642 761 11.94874 1.40373 1.01914 2.57314 32 24 6 32 10
35 1043 11.59888 1.17171 0.13627 0.09279 58 39 15 54 30
692 762 10.73559 1.35637 0.18057 2.30868 50 36 11 48 28
626 694 10.20657 0.04154 0.09028 0.36045 180 146 20 178 120
624 718 11.65266 0.03072 0.21955 0.41590 90 58 18 87 59
12 1026 10.70679 0.09082 0.26222 0.46981 77 57 15 70 51
48 1070 10.50710 1.59612 0.04401 0.52339 113 94 18 110 85
635 756 11.49036 1.14214 0.23717 1.62606 21 8 7 21 11
626 691 10.20850 0.04118 0.08275 0.36691 183 163 18 181 134
43 1057 10.35551 1.55852 0.24009 0.94295 18 13 0 15 13
35 1048 10.46512 1.19605 0.20591 0.44146 52 32 15 52 30
51 1093 11.70824 1.48595 0.10266 1.32086 42 36 3 42 27
1 1018 11.16853 0.05337 0.24455 0.86818 69 44 9 65 45
8 1022 10.97130 0.02574 0.09187 0.54465 84 53 25 77 44
2 1023 10.02571 0.05599 0.17528 0.69661 103 72 13 97 69
642 758 10.39558 1.25356 0.64276 2.20567 31 24 1 28 12
624 686 11.65926 0.02537 0.15150 0.27976 134 104 23 132 92
28 1043 10.10536 0.75594 0.05055 0.54680 89 68 18 87 55
665 763 11.34949 1.39399 0.10012 2.00584 41 29 8 39 22
626 731 10.64834 0.15939 0.05769 0.71491 140 121 14 140 105
30 1037 11.86764 0.85442 0.23650 0.43431 65 44 11 59 43
44 1053 11.64073 1.56894 0.22136 0.41778 19 10 3 11 10
624 704 11.65431 0.02784 0.22266 0.33572 104 68 24 104 69
51 1079 11.60938 1.40727 0.72543 1.36630 10 7 1 7 5
713 763 11.35755 1.38966 0.01440 2.23301 50 35 14 48 26
662 762 10.74805 1.36176 0.19779 2.13918 66 43 14 64 27
625 696 10.91830 0.03402 0.13383 0.32506 137 112 19 137 92
646 762 11.95048 1.43514 0.56923 2.54714 31 24 7 31 19
626 699 10.19981 0.04215 0.10007 0.37639 156 129 25 156 116
675 762 10.73082 1.35904 0.16847 2.34735 49 36 3 47 31
632 753 11.66162 0.96836 0.17842 1.00171 34 20 7 31 19
702 762 10.73571 1.35480 0.20587 2.33079 43 32 8 39 17
624 675 11.66075 0.02343 0.07610 0.26095 114 96 13 114 86
32 1041 11.37629 0.98563 0.19636 0.24066 131 105 12 131 91
700 761 10.12670 1.31442 0.58181 2.38655 71 54 12 65 35
3 1019 11.10885 0.04029 0.20043 0.80600 52 33 12 50 30
38 1048 11.17231 1.35271 0.10288 0.50124 30 23 3 28 21
38 1045 11.87042 1.34051 0.25453 0.59083 50 35 7 44 30
40 1054 10.12604 1.45914 0.16357 0.66735 35 19 12 30 15
709 761 10.12861 1.31421 0.63835 2.39866 61 48 5 56 25
36 1043 11.82177 1.22773 0.21678 0.34035 75 52 10 71 51
42 1055 10.48459 1.53130 0.17718 0.50124 22 13 7 20 11
639 756 10.13855 1.14832 0.45614 1.93026 54 37 10 49 22
664 764 11.99778 1.42154 0.19453 1.84016 56 32 12 46 26
2 1021 10.51492 0.04815 0.09885 0.82329 70 56 7 66 46
629 745 10.92149 0.54436 0.07963 1.00717 92 69 18 92 70
11 1025 10.76064 0.07268 0.12217 0.54823 68 52 12 65 42
29 1043 10.31099 0.81342 0.12597 0.51434 108 93 10 105 89
635 755 11.05187 1.08696 0.16730 1.37743 28 20 5 26 18
11 1024 11.00520 0.08077 0.14944 0.54249 57 43 10 57 36
11 1022 11.47139 0.09113 0.24919 0.54321 30 25 2 28 22
42 1053 10.98687 1.52101 0.13181 0.39958 26 14 6 24 13
676 762 10.73243 1.35907 0.31295 2.24001 70 59 9 70 48
630 750 11.70222 0.80038 0.09619 0.62181 116 95 15 110 89
29 1042 10.54025 0.80932 0.16785 0.48859 104 87 17 104 72
626 712 10.19780 0.04235 0.08430 0.36797 168 139 21 163 117
645 760 10.95316 1.34959 0.81862 2.47923 14 7 3 11 5
681 762 10.73406 1.35871 0.34785 2.25603 57 42 13 55 28
638 759 11.83803 1.30959 0.87199 2.70009 8 5 2 6 3
636 756 11.09916 1.14513 0.13155 1.72261 54 27 17 52 32
691 763 11.35408 1.39084 0.07521 2.18678 57 43 6 57 30
51 1094 11.71487 1.48490 0.06054 1.03816 63 54 4 61 39
10 1026 10.35100 0.04272 0.10760 0.78135 117 99 14 110 75
633 753 11.13972 0.97278 0.17475 0.95613 33 28 2 31 23
48 1066 10.96866 1.65958 0.17632 1.14637 41 31 8 41 21
30 1042 10.77260 0.86879 0.16638 0.40154 93 71 17 93 58
6 1017 11.94249 0.01254 0.31277 0.82803 57 33 8 41 30
2 1016 11.76495 0.04662 0.18682 0.90871 29 13 7 27 15
683 762 10.73195 1.35832 0.15310 2.26814 36 26 8 34 19
640 760 11.82417 1.35929 0.96568 2.75960 26 15 6 24 12
626 715 10.19770 0.04223 0.14779 0.39366 142 112 21 138 105
50 1074 11.35275 1.50269 0.19207 0.41590 37 26 8 34 23
34 1042 11.58521 1.10872 0.29628 0.23239 48 35 3 48 30
630 744 10.11139 0.50897 0.15394 0.98039 105 87 14 105 72
629 747 11.41584 0.63725 0.20560 1.09682 110 77 17 106 76
5 1017 11.81485 0.02110 0.15050 0.72578 61 44 6 49 36
651 761 10.82739 1.38099 0.74957 2.45000 60 49 9 60 27
651 760 10.25618 1.33420 0.44240 2.39800 42 30 7 39 26
47 1064 10.68419 1.65232 0.09541 0.59807 26 17 6 23 17
628 739 10.34702 0.33956 0.13857 0.87268 137 113 21 131 104
624 684 11.65892 0.02450 0.11244 0.30132 109 85 20 106 75
626 711 10.19992 0.04256 0.14210 0.36797 159 131 16 155 115
41 1048 11.92979 1.46824 0.22970 0.22029 31 18 4 25 19
30 1044 10.35138 0.88222 0.19529 0.34605 90 66 16 90 65
49 1098 10.54408 1.48460 0.06984 1.14569 76 67 7 76 41
30 1038 11.63825 0.85744 0.12697 0.42428 86 66 16 81 55
2 1020 10.77502 0.04728 0.23015 0.84302 104 85 11 104 80
24 1038 10.36284 0.51977 0.13757 0.72036 105 78 16 102 57
23 1032 11.51170 0.46246 0.20635 0.67955 98 73 12 94 52
624 707 11.65250 0.02762 0.13894 0.32865 112 91 15 112 77
33 1046 10.52039 1.07023 0.19306 0.31404 89 72 9 87 63
49 1063 11.85978 1.65630 0.33510 0.70886 5 2 0 2 3
33 1047 10.27494 1.07335 0.20530 0.49653 76 66 4 76 54
626 738 11.52716 0.30116 0.03733 0.82139 98 85 8 93 68
628 737 10.01576 0.29018 0.10549 0.82329 188 156 30 186 131
39 1046 11.87801 1.38806 0.23659 0.45370 31 27 1 29 25
49 1067 11.40144 1.65214 0.14700 1.00717 69 54 11 69 45
29 1039 11.18541 0.79975 0.21147 0.48295 77 56 9 71 48
636 754 10.25161 1.03651 0.09232 1.28512 88 66 19 83 55
6 1022 10.68689 0.01284 0.25190 0.52489 90 65 12 90 64
625 683 10.92174 0.03152 0.08444 0.30001 186 165 19 186 147
49 1100 10.54626 1.48464 0.11343 1.22493 51 34 8 41 28
49 1080 10.35430 1.40439 0.48539 1.78575 61 45 11 58 33
30 1043 10.54422 0.87290 0.14988 0.40154 123 95 15 123 82
51 1084 11.58092 1.43710 0.20255 1.68330 33 30 2 33 22
16 1030 10.54958 0.19204 0.07195 0.67724 57 36 11 50 28
646 761 11.38519 1.39438 0.71958 2.66462 22 14 4 22 10
16 1028 11.01662 0.20198 0.08837 0.55461 63 46 10 63 40
50 1092 11.12751 1.48524 0.10901 1.48938 38 31 6 38 24
6 1023 10.45424 0.01708 0.28225 0.57675 86 57 13 82 53
624 727 11.88940 0.08881 0.09215 0.39267 158 129 24 158 113
8 1019 11.73049 0.03206 0.29550 0.77531 34 21 1 34 22
637 757 11.19887 1.20209 1.24652 2.08168 22 12 8 22 9
687 762 10.73481 1.35706 0.20491 2.28568 35 26 6 32 16
625 677 10.91972 0.03092 0.07714 0.31153 145 136 8 145 109
5 1021 10.81583 0.02218 0.13128 0.62181 71 56 9 67 48
46 1064 10.19028 1.64252 0.32463 0.55673 32 22 7 32 23
669 763 11.35526 1.39368 0.19914 2.10320 59 41 9 55 22
11 1026 10.52861 0.06578 0.28259 0.67955 76 63 5 66 45
25 1040 10.13100 0.57716 0.15770 0.80503 93 76 12 93 52
22 1030 11.78566 0.42268 0.12692 0.68643 68 42 19 64 33
652 762 11.31737 1.41667 0.74118 2.48900 47 41 3 44 23
48 1062 11.49323 1.64389 0.05520 0.79328 9 6 1 6 5
39 1047 11.64917 1.39117 0.41876 0.85134 36 21 7 32 23
16 1031 10.31428 0.18760 0.20564 0.56786 105 84 13 100 62
690 761 10.12632 1.31586 0.33825 2.34769 27 23 2 25 16
42 1049 11.97171 1.50353 0.21279 0.10468 20 11 5 18 10
651 762 11.41319 1.42176 0.45556 2.40078 29 21 5 27 13
26 1036 11.21599 0.62184 0.14015 0.81661 69 47 21 65 31
50 1070 11.66475 1.60215 0.07947 0.59872 65 44 20 65 41
625 725 11.07409 0.07632 0.09818 0.45456 147 122 19 142 98
42 1052 11.24164 1.51672 0.31935 0.33804 17 8 3 14 9
626 679 10.20937 0.03860 0.07743 0.38866 172 152 12 169 140
685 762 10.73208 1.35763 0.38869 2.27434 37 28 6 37 17
627 733 10.13058 0.20160 0.17591 0.97358 172 147 22 170 109
632 749 10.29366 0.75728 0.07985 0.96144 82 57 12 80 53
625 729 11.23685 0.12088 0.13027 0.47806 169 131 27 167 102
41 1054 10.42885 1.49333 0.23935 0.49653 26 12 6 21 11
630 747 10.81998 0.64287 0.09970 1.10216 114 89 16 114 70
26 1040 10.32371 0.63140 0.23048 0.84302 75 60 4 71 56
11 1021 11.72796 0.09514 0.19023 0.75692 33 19 6 29 15
49 1082 10.33752 1.41748 0.42549 1.76835 82 66 12 75 45
626 700 10.20183 0.04222 0.09556 0.36691 158 139 10 152 118
668 761 10.12797 1.31863 0.16002 2.29490 38 23 11 36 19
8 1023 10.73863 0.02229 0.13913 0.61166 83 60 15 79 47
24 1036 10.81758 0.51524 0.36900 0.65968 83 66 13 83 45
15 1028 10.80570 0.16866 0.08082 0.61038 49 40 6 49 31
16 1029 10.78239 0.19674 0.14099 0.54608 78 54 19 75 44
637 756 10.75060 1.14671 0.27258 1.82563 22 14 4 22 7
50 1068 11.86311 1.63773 0.16444 0.78534 59 50 3 54 43
625 718 10.91528 0.03798 0.25158 0.37846 108 69 34 106 72
8 1021 11.22787 0.03001 0.16904 0.70109 61 44 14 61 38
703 762 10.74175 1.35515 0.18970 2.36480 41 29 7 41 15
24 1033 11.49895 0.51201 0.22300 0.63427 50 41 7 48 33
49 1081 10.33845 1.40910 0.40134 1.85962 62 47 13 60 38
691 761 10.12233 1.31547 0.37127 2.35800 52 35 6 41 20
668 763 11.35957 1.39400 0.17491 2.12283 36 24 8 33 22
626 709 10.19752 0.04244 0.04380 0.36154 137 119 17 135 117
625 678 10.92375 0.03101 0.08662 0.31404 143 122 18 140 97
3 1022 10.34968 0.04435 0.22901 0.56371 102 77 16 102 68
30 1039 11.41550 0.85923 0.33839 0.40154 83 56 12 78 53
695 762 10.73349 1.35577 0.39738 2.35102 46 32 10 46 23
31 1044 10.56007 0.94264 0.21168 0.41117 69 43 16 69 42
20 1035 10.21731 0.33259 0.10689 0.74125 76 55 15 71 43
43 1058 10.14074 1.56801 0.70935 0.73168 21 6 4 21 15
625 713 10.91569 0.03481 0.14876 0.32143 124 94 19 122 73
32 1045 10.52756 1.00569 0.31756 0.29342 87 55 22 87 50
636 758 11.97450 1.25388 0.59131 2.25360 58 43 9 54 28
626 690 10.20307 0.04079 0.03317 0.37534 172 153 15 172 136
673 763 11.35680 1.39389 0.34629 2.11267 66 53 7 59 40
677 763 11.35658 1.39353 0.35364 2.12173 60 49 5 60 34
32 1040 11.60015 0.98314 0.18380 0.27976 81 55 12 77 51
50 1073 11.44033 1.53039 0.09876 0.32385 34 29 5 34 25
647 761 11.25820 1.39229 0.46486 2.64945 22 11 9 20 13
29 1038 11.40890 0.79797 0.14809 0.50046 76 68 5 74 54
626 730 10.58356 0.14311 0.08342 0.59610 182 156 15 180 143
27 1039 10.77319 0.68461 0.12592 0.66146 59 50 6 59 30
22 1035 10.63269 0.41682 0.39885 0.74125 91 72 16 86 51
624 691 11.66007 0.02631 0.05185 0.30390 132 105 23 132 99
20 1034 10.44393 0.33126 0.07071 0.72416 81 62 13 71 48
625 689 10.91675 0.03315 0.10119 0.30901 153 130 18 153 106
14 1027 10.84137 0.14196 0.17785 0.56163 68 52 7 66 44
42 1057 10.00677 1.53153 0.18307 0.74651 47 32 11 41 26
33 1043 11.17294 1.05372 0.16125 0.23903 73 46 18 69 44
666 761 10.12332 1.31857 0.09699 2.20158 56 42 9 52 27
49 1090 10.54166 1.48671 0.01700 1.68702 66 48 10 63 37
697 761 10.12746 1.31485 0.63101 2.39147 65 50 14 63 28
38 1047 11.41423 1.34801 0.20834 0.51282 39 30 6 37 23
45 1061 10.27714 1.60931 0.59529 0.41684 13 7 4 10 7
629 741 10.09488 0.40054 0.20678 0.85409 119 92 18 119 82
51 1100 11.71303 1.48551 0.13311 1.03022 47 33 7 44 29
636 755 10.65386 1.08995 0.17434 1.48015 46 32 12 42 33
48 1074 10.16802 1.49669 0.08610 0.47478 85 67 14 80 53
4 1022 10.45635 0.03563 0.23776 0.50513 106 90 10 106 77
674 761 10.12284 1.31838 0.65743 2.28516 85 60 16 80 36
17 1025 11.93069 0.25626 0.36104 0.95859 33 19 4 28 18
50 1085 11.00258 1.44884 0.52168 1.89548 39 22 11 39 19
15 1025 11.51614 0.18717 0.24806 0.54393 64 49 7 64 39
690 763 11.35783 1.39123 0.26741 2.17978 40 29 1 40 18
35 1049 10.20612 1.19967 0.10265 0.47560 35 29 4 33 23
48 1071 10.42528 1.57377 0.04753 0.58751 93 78 12 91 70
670 761 10.12993 1.31858 0.29431 2.28139 54 38 8 49 24
49 1091 10.54917 1.48954 0.06823 1.59594 63 44 11 56 38
44 1060 10.07443 1.59053 0.94366 2.09013 9 4 2 6 6
624 683 11.65914 0.02420 0.10073 0.26095 132 108 23 132 95
670 762 10.73950 1.35934 0.38378 2.24053 33 26 4 33 18
38 1050 10.66305 1.36064 0.27812 0.57267 30 16 7 28 20
29 1036 11.86010 0.79344 0.17790 0.49811 75 57 12 75 47
659 763 11.44545 1.40587 0.31463 1.95705 82 59 16 76 43
635 753 10.24103 0.97921 0.20948 1.02182 78 56 20 76 42
626 708 10.19934 0.04237 0.05641 0.37220 139 115 18 133 86
625 684 10.92153 0.03182 0.07551 0.31153 161 144 16 161 119
19 1032 10.68848 0.29334 0.07009 0.76617 71 56 10 60 41
704 763 11.35692 1.38938 0.16984 2.22035 40 27 11 40 19
626 705 10.19824 0.04235 0.02468 0.36477 154 131 19 154 112
5 1018 11.56061 0.02122 0.14990 0.72739 59 37 11 53 37
625 723 11.00981 0.05927 0.07394 0.42978 183 169 11 181 136
51 1080 11.56499 1.40524 0.50086 1.60791 11 6 0 7 5
45 1056 11.34862 1.59748 0.54787 1.72986 14 7 0 11 7
49 1088 10.51183 1.47624 0.34622 1.79842 60 51 4 60 37
4 1020 10.97302 0.03171 0.17379 0.68471 105 87 13 103 79
697 763 11.35893 1.39021 0.49482 2.22282 38 30 4 38 18
49 1097 10.55388 1.48357 0.14113 1.09432 29 19 6 26 15
655 762 11.06131 1.39708 0.40837 2.37570 60 43 11 60 34
16 1032 10.07980 0.18546 0.15939 0.66676 93 64 17 88 49
32 1042 11.17263 0.98946 0.21045 0.28255 80 58 6 80 54
5 1020 11.07593 0.02173 0.07532 0.69210 95 79 6 93 65
626 727 10.43765 0.10381 0.05821 0.53376 144 121 20 144 107
18 1034 10.01977 0.25645 0.16874 0.53522 79 63 14 79 50
43 1053 11.30388 1.54800 0.56029 0.53229 20 11 4 18 9
624 685 11.65926 0.02488 0.04162 0.27554 120 95 22 118 86
47 1067 10.30933 1.64111 0.16622 0.85684 80 65 15 80 59
47 1066 10.44046 1.65271 0.17876 1.04978 33 21 10 30 17
18 1033 10.24558 0.25660 0.14828 0.54965 44 35 7 42 23
3 1016 11.85628 0.03959 0.19763 0.79917 43 29 8 38 26
712 762 10.73784 1.35506 0.70374 2.35252 38 23 11 36 21
1 1021 10.42377 0.05477 0.18454 0.79819 72 62 7 70 50
702 761 10.12618 1.31404 0.11777 2.37636 37 24 6 29 17
625 731 11.36264 0.15178 0.13243 0.62370 134 114 13 132 99
688 763 11.35477 1.39101 0.10068 2.16573 48 37 7 46 27
6 1018 11.68824 0.01197 0.24036 0.74599 61 37 5 59 37
625 702 10.91572 0.03501 0.20923 0.31027 118 92 19 118 77
1 1020 10.68386 0.05385 0.16091 0.85134 93 78 12 93 70
625 701 10.91663 0.03466 0.12658 0.32143 129 111 16 127 97
23 1036 10.60019 0.46522 0.10884 0.63056 58 42 10 54 27
658 763 11.48532 1.41093 0.35270 1.98051 97 70 20 95 52
38 1049 10.92403 1.35633 0.38324 1.00949 27 13 7 25 13
13 1022 11.83787 0.14434 0.42073 0.47147 54 36 11 52 25
31 1045 10.33045 0.94543 0.09344 0.33455 83 61 13 81 51
626 722 10.27059 0.06058 0.07591 0.48295 156 125 29 156 101
626 689 10.20257 0.04076 0.04920 0.37325 180 160 19 178 135
694 761 10.12442 1.31509 0.59238 2.37339 64 41 14 64 35
12 1022 11.64973 0.11646 0.37642 0.42244 26 20 3 23 18
693 761 10.11996 1.31531 0.45172 2.36480 48 36 9 48 19
13 1028 10.41691 0.10728 0.06835 0.57198 68 58 7 66 49
14 1029 10.37683 0.13190 0.06217 0.51434 72 58 9 68 45
625 708 10.91351 0.03480 0.17399 0.32506 119 87 19 117 70
50 1080 10.95240 1.40623 0.53490 1.73190 51 36 12 51 35
626 702 10.20155 0.04260 0.11409 0.36262 138 117 12 136 94
673 762 10.73477 1.35928 0.28900 2.24716 53 37 6 49 27
28 1039 10.98214 0.74227 0.34240 0.54965 60 49 7 56 35
9 1024 10.66203 0.03598 0.28638 0.77278 69 42 13 56 39
674 762 10.73253 1.35914 0.41031 2.23686 65 40 14 60 29
47 1068 10.18429 1.62485 0.09694 0.56648 67 55 11 64 49
692 763 11.35757 1.39098 0.04228 2.18445 57 45 9 57 32
646 760 10.83403 1.34760 0.43921 2.62331 23 14 4 19 16
624 726 11.84967 0.07853 0.05678 0.39167 148 133 13 144 116
627 742 11.57491 0.41879 0.27592 0.76617 82 59 19 82 54
48 1069 10.61304 1.61457 0.11789 0.43431 95 69 18 95 64
19 1027 11.85677 0.31474 0.25887 0.88999 75 45 13 69 43
3 1020 10.86636 0.04021 0.16682 0.73115 89 65 20 85 56
624 687 11.65625 0.02549 0.11234 0.28531 123 99 16 121 92
678 762 10.73227 1.35883 0.18327 2.24716 69 48 15 67 33
625 682 10.92034 0.03124 0.09074 0.31027 156 141 13 153 115
630 748 11.10744 0.69482 0.10395 0.92281 123 96 19 121 92
653 763 11.83992 1.44622 0.56831 2.40583 36 23 6 33 13
625 721 10.95684 0.04752 0.10666 0.42244 175 151 18 173 110
626 737 11.36426 0.27700 0.10799 0.76208 145 124 17 145 106
624 696 11.65570 0.02683 0.23105 0.32264 128 85 22 121 82
708 763 11.35959 1.38964 0.58444 2.23441 58 39 16 58 26
10 1022 11.29362 0.06725 0.19586 0.63551 80 55 16 78 52
649 761 11.01663 1.38695 0.99213 2.45240 37 28 8 35 19
50 1091 11.12511 1.49138 0.24039 1.58016 36 22 7 34 20
36 1044 11.63828 1.23708 0.17981 0.47806 32 23 5 28 18
45 1057 11.11807 1.59638 0.20133 0.97719 25 10 7 20 7
669 762 10.73317 1.35907 0.38119 2.23230 56 41 11 56 27
37 1051 10.13387 1.31683 0.17621 0.68813 50 32 13 43 29
704 762 10.73504 1.35478 0.40840 2.34251 46 28 9 42 17
624 681 11.65673 0.02380 0.18527 0.26834 122 96 18 122 84
17 1032 10.28274 0.22115 0.12260 0.55036 107 84 15 103 66
626 725 10.35986 0.08394 0.09815 0.52115 135 117 17 135 102
624 674 11.65913 0.02339 0.11604 0.27695 131 109 17 131 101
30 1040 11.20390 0.86247 0.13543 0.40445 125 91 25 125 82
626 736 11.20330 0.25360 0.14953 0.75173 149 131 9 143 111
10 1027 10.10371 0.03698 0.19935 0.85592 112 86 14 110 77
691 762 10.73205 1.35624 0.11892 2.32877 34 23 4 28 17
641 758 10.60046 1.25570 0.68013 2.35534 12 7 0 9 4
659 762 10.82651 1.37126 0.25025 2.08055 78 60 15 76 44
624 678 11.66114 0.02366 0.09226 0.26834 105 80 16 100 73
650 761 10.91403 1.38419 0.61378 2.42818 24 20 3 24 12
46 1056 11.75220 1.61068 0.24035 0.57061 15 10 3 15 11
49 1065 11.62067 1.66659 0.05780 1.08390 32 22 9 32 20
47 1062 11.00070 1.63705 0.48423 0.63796 8 5 0 4 5
632 750 10.59906 0.80971 0.08305 0.86411 102 88 11 98 75
32 1044 10.75586 1.00289 0.19932 0.25334 49 35 9 44 29
31 1041 11.18396 0.92538 0.09912 0.34830 75 61 12 69 52
627 734 10.22884 0.22024 0.18144 0.97317 151 117 28 149 93
27 1036 11.45075 0.67829 0.15421 0.61929 65 45 13 59 31
698 762 10.74081 1.35561 0.34008 2.34285 22 17 1 22 13
626 707 10.20092 0.04238 0.11675 0.36262 151 129 17 147 107
711 761 10.12558 1.31410 0.51951 2.39343 54 40 9 49 28
626 676 10.21054 0.03843 0.06254 0.38563 174 151 19 172 138
627 744 11.99682 0.49062 0.11843 0.81373 86 69 10 86 57
19 1031 10.92331 0.29555 0.15011 0.85134 91 65 17 91 65
676 763 11.35456 1.39368 0.33125 2.11600 63 47 13 59 38
42 1054 10.73630 1.52500 0.18250 0.43521 42 29 9 36 28
703 763 11.36351 1.38976 0.55912 2.22176 57 35 10 53 26
648 760 10.57758 1.34321 0.55111 2.53126 28 20 4 28 18
33 1048 10.01785 1.07805 0.15413 0.25023 98 81 14 98 72
4 1018 11.45769 0.03121 0.20852 0.67260 46 35 4 40 33
649 760 10.45238 1.34016 0.77365 2.44505 27 16 6 24 12
24 1034 11.27303 0.51186 0.20080 0.66086 95 76 11 86 57
641 757 10.13514 1.20233 0.63689 2.02294 28 19 8 28 15
645 761 11.50012 1.39637 0.40609 2.52429 23 6 9 15 5
645 759 10.44148 1.29939 0.60611 2.30953 34 27 4 34 16
711 763 11.35682 1.38947 0.56762 2.22070 60 43 13 60 28
631 752 11.82692 0.91122 0.15490 0.72847 64 53 9 64 45
49 1093 10.54125 1.48509 0.21616 1.46473 39 22 8 33 19
41 1055 10.16978 1.49962 0.21325 0.61038 20 9 6 17 10
28 1042 10.33528 0.75184 0.12416 0.55602 87 72 13 87 58
21 1034 10.63914 0.37197 0.09947 0.73061 102 76 16 102 66
624 694 11.65814 0.02673 0.10591 0.30132 124 93 23 122 81
36 1045 11.41753 1.23989 0.13642 0.59742 53 37 10 49 35
49 1075 10.66946 1.47415 0.18099 0.60133 90 76 8 90 54
47 1060 11.39164 1.63044 1.03581 4.93213 6 2 0 3 5
34 1044 11.17439 1.12216 0.13041 nan 42 30 9 40 23
51 1081 11.54517 1.40995 0.39491 1.68261 18 11 3 15 9
33 1044 10.98397 1.06305 0.23341 0.48618 66 45 13 66 44
26 1041 10.09592 0.63391 0.16218 0.86863 81 57 17 73 44
7 1018 11.82597 0.01612 0.22288 0.68300 40 28 12 38 21
17 1029 10.98557 0.23245 0.06263 0.55673 56 40 15 56 33
7 1020 11.34129 0.01596 0.16980 0.70831 76 50 24 73 38
50 1067 11.96978 1.65400 0.11675 1.06496 68 59 6 68 38
626 683 10.20757 0.03915 0.07329 0.40056 163 149 6 163 133
660 761 10.18612 1.32643 0.26583 2.16175 62 41 12 58 22
677 762 10.73459 1.35892 0.10585 2.24577 57 44 9 57 34
625 734 11.63817 0.20584 0.11361 0.87893 145 106 24 145 91
49 1074 10.75615 1.50083 0.08335 0.47806 82 68 7 80 61
690 762 10.73590 1.35662 0.10997 2.30002 43 28 11 36 23
50 1079 10.99537 1.40825 0.49861 1.47724 21 16 3 17 12
624 728 11.93424 0.10067 0.10257 0.39366 127 101 20 121 92
41 1052 10.94770 1.48505 0.04532 0.48939 12 7 4 12 6
0 1021 10.34797 0.06025 0.17561 0.77481 72 56 11 70 53
51 1099 11.71405 1.48559 0.23452 1.01722 44 35 2 42 23
51 1083 11.56091 1.42716 0.18318 1.61253 25 17 2 16 13
653 761 10.64236 1.37084 0.71523 2.55788 27 19 4 25 11
4 1017 11.71194 0.03091 0.23783 0.75173 59 38 5 46 36
21 1032 11.09499 0.37260 0.08323 0.74178 102 77 20 102 65
656 761 10.38637 1.34859 0.56836 2.32709 67 42 17 63 39
675 763 11.35286 1.39365 0.30733 2.10803 77 65 12 77 46
626 713 10.20152 0.04237 0.09248 0.36904 150 133 13 146 112
25 1039 10.34487 0.57392 0.20340 0.80746 67 44 14 64 36
25 1037 10.80186 0.56910 0.08089 0.80503 64 46 15 60 25
710 761 10.12609 1.31434 0.59996 2.40078 60 46 9 58 23
626 733 10.82558 0.19482 0.09741 0.97036 174 145 25 172 127
26 1034 11.67069 0.61846 0.10655 0.80551 66 48 10 58 38
47 1059 11.58480 1.62919 0.31979 0.54751 7 3 3 5 4
50 1075 11.26782 1.47600 0.22581 0.58148 72 59 8 70 46
47 1058 11.77982 1.62886 0.64312 0.91043 7 2 0 7 3
624 698 11.64958 0.02704 0.17941 0.33102 116 73 31 116 74
626 684 10.20735 0.03946 0.04079 0.39167 173 152 20 173 139
624 693 11.66145 0.02647 0.14371 0.30519 130 104 17 126 101
51 1086 11.62676 1.45859 0.13045 1.82970 31 19 5 21 17
11 1028 10.05104 0.05509 0.26108 0.74019 64 49 12 64 43
30 1045 10.12063 0.88501 0.20695 0.40926 109 81 18 104 81
9 1019 11.88735 0.05176 0.27480 0.85501 30 17 5 25 17
49 1076 10.59115 1.44948 0.20902 0.77430 74 59 9 71 45
4 1016 11.96295 0.03117 0.23544 0.74494 36 17 6 34 18
679 762 10.73318 1.35889 0.25626 2.26918 42 26 10 42 22
43 1051 11.78580 1.53934 0.38356 0.30132 24 17 2 21 16
629 749 11.99421 0.74233 0.19657 0.72900 85 66 10 82 66
51 1095 11.70759 1.48494 0.03871 0.86185 56 46 5 48 39
15 1026 11.28386 0.18008 0.14481 0.57539 53 45 4 53 35
706 763 11.36063 1.38956 0.60511 2.22458 59 41 13 54 29
624 697 11.65327 0.02704 0.16282 0.35166 126 93 30 122 86
40 1049 11.42265 1.43767 0.06689 0.29342 23 18 4 23 16
625 707 10.91511 0.03482 0.09102 0.32865 109 89 13 107 72
50 1095 11.11681 1.48591 0.17199 1.02717 35 24 6 33 16
23 1033 11.28187 0.46199 0.14663 0.72091 73 50 15 71 40
703 761 10.13235 1.31439 0.53746 2.40469 54 33 10 52 26
687 761 10.12521 1.31630 0.16589 2.33314 37 27 8 37 18
6 1020 11.20357 0.01237 0.12950 0.67666 77 59 12 70 49
701 762 10.73591 1.35516 0.67920 2.35767 35 22 5 31 15
17 1026 11.69830 0.24916 0.15433 0.57335 51 44 6 49 35
689 763 11.35893 1.39127 0.08249 2.18463 73 59 11 69 36
35 1047 10.71701 1.19135 0.24044 0.41117 61 41 8 57 41
29 1041 10.74674 0.80549 0.23957 0.46225 108 76 15 99 66
4 1021 10.71292 0.03243 0.14708 0.62932 87 70 9 80 55
624 676 11.66211 0.02344 0.06709 0.25334 92 71 16 87 62
624 720 11.68088 0.03564 0.16706 0.38257 113 94 14 109 85
624 708 11.65090 0.02761 0.05939 0.32264 99 81 15 99 73
707 761 10.12572 1.31426 0.26139 2.40680 42 29 6 36 15
23 1031 11.74679 0.46461 0.16129 0.62307 97 80 11 88 61
19 1034 10.23275 0.29268 0.13266 0.66676 88 62 14 85 43
625 728 11.19673 0.10805 0.12899 0.45628 146 119 14 144 110
45 1055 11.54586 1.59615 18.96214 91.45280 5 0 0 1 2
10 1025 10.58297 0.04927 0.20359 0.73648 94 71 19 90 56
626 721 10.24264 0.05514 0.07706 0.48779 183 155 26 183 132
6 1024 10.22083 0.02251 0.10450 0.55249 70 54 11 66 45
20 1028 11.83742 0.34847 0.14164 0.91000 33 20 11 33 16
662 763 11.36968 1.39638 0.40058 2.00350 35 19 14 32 22
32 1047 10.04143 1.01319 0.21247 0.29342 81 65 5 81 57
705 761 10.12817 1.31427 0.52527 2.39032 38 24 7 35 13
23 1035 10.82940 0.46319 0.09816 0.66558 94 63 22 86 48
624 690 11.65463 0.02591 0.20302 0.29208 119 92 15 117 94
7 1025 10.11410 0.01632 0.24071 0.58081 89 64 13 79 50
38 1052 10.12844 1.36949 0.31979 0.66264 26 11 10 24 12
29 1044 10.11713 0.82274 0.15621 0.37325 103 81 17 103 74
624 680 11.65943 0.02369 0.06633 0.30647 112 92 15 112 83
667 763 11.35670 1.39363 0.24386 2.11415 26 21 2 26 15
25 1033 11.70528 0.56436 0.17525 0.82756 39 26 9 35 22
9 1021 11.38473 0.04991 0.22487 0.80211 58 42 8 52 36
45 1058 10.92107 1.60587 0.31820 0.55673 17 11 2 15 10
18 1030 10.94552 0.26373 0.22400 0.64285 66 45 12 58 32
627 735 10.36920 0.23940 0.16136 0.86457 171 128 33 171 108
26 1033 11.89638 0.61860 0.22075 0.84765 48 40 4 48 34
624 701 11.65402 0.02744 0.12329 0.30901 110 87 18 108 80
51 1089 11.70290 1.48357 0.18986 1.56122 21 8 10 18 8
0 1015 11.85598 0.05844 0.20460 1.08606 39 25 6 37 20
624 721 11.69425 0.04018 0.10603 0.38257 162 137 21 160 123
679 763 11.35527 1.39350 0.13571 2.12228 56 43 8 56 37
44 1052 11.88098 1.56465 0.21430 0.60133 23 11 5 14 13
19 1028 11.62604 0.30989 0.30098 0.75899 42 31 8 39 28
625 720 10.94346 0.04296 0.13650 0.41778 147 121 18 144 93
49 1087 10.47943 1.46766 0.17287 1.87451 50 40 5 48 28
628 745 11.55553 0.53801 0.21272 0.93251 118 98 17 114 89
626 714 10.20011 0.04239 0.11238 0.36691 158 135 11 154 109
21 1033 10.86511 0.37211 0.09550 0.72524 60 47 9 57 38
5 1019 11.31843 0.02195 0.11447 0.73168 48 38 6 40 30
699 761 10.12870 1.31451 0.43885 2.38819 57 42 11 53 26
13 1023 11.60514 0.14000 0.29748 0.49416 50 33 10 46 33
11 1027 10.28124 0.05947 0.22217 0.66323 96 73 13 94 68
641 759 11.11807 1.30891 0.72440 2.54314 13 6 2 11 7
642 760 11.41671 1.35696 0.68208 2.57663 18 10 4 18 10
51 1092 11.71797 1.48425 0.19078 1.37715 45 35 10 45 30
5 1022 10.55926 0.02503 0.22892 0.46730 85 60 17 80 51
624 677 11.65712 0.02358 0.07179 0.26834 107 88 14 103 79
681 763 11.35601 1.39332 0.30751 2.14557 58 42 9 58 29
694 763 11.35613 1.39046 0.29078 2.20371 68 48 12 65 24
664 761 10.11570 1.31831 0.30415 2.15758 41 24 7 36 17
12 1024 11.18349 0.10599 0.17114 0.45024 37 26 7 35 24
51 1087 11.65467 1.46850 0.23605 1.72828 34 22 6 29 15
700 763 11.35814 1.38979 0.23097 2.21399 57 43 12 57 27
13 1025 11.12694 0.12567 0.17915 0.46478 46 31 8 41 30
674 763 11.35454 1.39375 0.35472 2.11526 68 53 8 66 29
637 758 11.63995 1.25546 0.91639 2.32692 34 27 3 32 13
50 1077 11.12919 1.43063 0.10007 0.88559 43 31 10 39 19
696 763 11.35752 1.39043 0.43122 2.25047 52 35 8 46 21
668 762 10.73761 1.35939 0.08198 2.25290 38 27 8 38 14
46 1059 11.13817 1.61940 0.24178 0.78335 7 5 0 5 5
624 713 11.65309 0.02760 0.12316 0.34492 112 91 17 110 78
49 1068 11.28916 1.63586 0.09619 0.69323 74 57 13 74 55
10 1023 11.06094 0.06317 0.15976 0.71436 56 43 7 49 35
17 1030 10.75271 0.22777 0.37038 0.52190 44 23 14 40 26
22 1033 11.08523 0.41563 0.14665 0.73435 46 28 11 44 21
705 763 11.35939 1.38964 0.50542 2.22282 35 22 9 31 19
21 1029 11.79842 0.38391 0.11855 0.83228 102 77 18 100 63
21 1031 11.32998 0.37477 0.13669 0.80551 94 84 7 89 56
34 1048 10.21630 1.13716 0.11848 0.16071 57 42 10 55 37
625 686 10.92186 0.03267 0.08160 0.31027 156 130 24 156 109
1 1022 10.16719 0.05820 0.23097 0.71436 92 63 22 92 66
13 1027 10.64725 0.11203 0.16182 0.50745 63 56 5 61 52
696 762 10.73555 1.35582 0.02035 2.34318 51 38 10 51 24
39 1051 10.64444 1.40831 0.33782 0.54104 43 19 11 36 23
680 762 10.73329 1.35879 0.11760 2.27176 30 19 5 24 16
702 763 11.35758 1.38940 0.66965 2.20975 50 33 10 45 18
683 761 10.12228 1.31756 0.42953 2.31054 32 17 9 30 15
697 762 10.73704 1.35561 0.43150 2.34852 40 28 6 38 19
44 1058 10.51807 1.58895 0.08421 0.56302 15 11 3 15 10
27 1042 10.12488 0.69418 0.24728 0.67782 102 81 13 94 63
626 729 10.52256 0.12849 0.04118 0.55249 144 125 16 142 108
626 693 10.20988 0.04131 0.06340 0.37639 149 126 20 147 107
34 1046 10.71448 1.12934 0.09439 0.20367 80 63 16 77 55
49 1085 10.41738 1.44700 0.29438 1.93775 56 45 7 54 36
17 1028 11.21984 0.23769 0.23513 0.50358 46 25 17 44 29
706 762 10.73885 1.35496 0.57058 2.35052 39 23 11 37 18
631 750 11.12598 0.80515 0.22174 0.76719 68 53 8 65 49
18 1029 11.17842 0.26841 0.12688 0.65132 70 53 17 70 42
664 763 11.34791 1.39369 0.12883 2.02062 49 33 11 45 25
696 761 10.12593 1.31506 0.42952 2.40273 59 38 9 56 24
682 762 10.73269 1.35863 0.32388 2.29217 32 19 5 30 15
10 1024 10.82747 0.05715 0.40372 0.71436 76 51 21 70 40
13 1026 10.89478 0.11860 0.23778 0.65072 62 43 7 53 36
650 760 10.34623 1.33740 0.47280 2.60369 26 14 2 24 9
708 762 10.73779 1.35503 0.37698 2.35767 35 19 9 29 14
644 760 11.10169 1.35222 0.75370 2.43478 16 11 4 16 11
654 762 11.14791 1.40484 0.89396 2.46259 55 37 17 55 31
629 748 11.70153 0.68920 0.10677 0.91215 113 90 18 113 83
693 762 10.72967 1.35607 0.62091 2.31680 47 36 7 47 16
48 1063 11.33509 1.65216 0.16923 0.52786 17 12 3 17 10
625 704 10.91693 0.03504 0.10568 0.31404 103 81 18 98 65
48 1072 10.33621 1.55033 0.20875 0.40542 73 56 14 71 51
700 762 10.73625 1.35518 0.39808 2.33900 25 17 1 19 12
660 763 11.41387 1.40181 0.31411 2.04316 57 40 10 54 26
41 1049 11.69508 1.47186 0.20787 0.33804 22 14 3 22 12
626 720 10.22928 0.05058 0.02579 0.48376 181 160 20 181 135
627 732 10.02711 0.18346 0.17014 0.85134 193 164 18 193 132
710 762 10.73560 1.35510 0.14560 2.36314 42 30 7 40 17
13 1024 11.37159 0.13383 0.27792 0.50046 59 45 4 57 33
22 1037 10.18049 0.42037 0.17477 0.77329 71 61 5 68 44
21 1035 10.41254 0.37331 0.34812 0.72954 114 87 23 110 63
628 744 11.34548 0.49700 0.12542 0.90914 121 94 17 121 87
677 761 10.12492 1.31816 0.44197 2.30138 65 40 14 60 31
637 755 10.29885 1.09154 0.51857 1.57072 32 22 8 32 14
15 1024 11.76088 0.19535 0.19612 0.57607 59 41 8 56 34
633 755 11.92744 1.08054 0.21627 1.33589 50 34 12 45 34
16 1026 11.49494 0.21343 0.24804 0.60263 51 36 3 43 32
28 1035 11.88645 0.73392 0.14575 0.58283 36 24 6 28 21
22 1034 10.85925 0.41548 0.41266 0.75329 88 68 9 84 46
20 1033 10.66986 0.33140 0.11174 0.75744 58 41 11 56 31
625 695 10.91914 0.03406 0.12217 0.32506 139 118 19 139 103
16 1024 11.97206 0.22870 0.41652 0.60393 32 19 9 28 13
655 763 11.67213 1.43170 0.11829 2.25707 34 25 6 32 14
625 688 10.91987 0.03341 0.08616 0.31153 144 119 22 144 97
630 746 10.57073 0.59461 0.08341 1.08209 139 111 23 139 101
51 1074 11.96560 1.50173 0.07794 0.33338 46 38 7 46 33
635 754 10.65561 1.03351 0.24682 1.17703 16 10 2 14 6
663 762 10.73645 1.35966 0.67993 2.12872 69 49 11 69 31
19 1033 10.45864 0.29283 0.23950 0.71764 78 57 11 74 45
626 706 10.19753 0.04243 0.07795 0.37742 179 156 17 179 127
707 762 10.73522 1.35502 0.28587 2.35019 46 28 11 42 18
51 1096 11.71549 1.48481 0.14571 0.87402 47 39 3 40 27
688 761 10.12319 1.31564 0.32313 2.34184 48 30 15 44 22
625 685 10.92186 0.03219 0.05998 0.31027 137 127 8 135 99
51 1082 11.53926 1.41833 0.49587 1.59152 45 30 10 45 25
18 1027 11.64341 0.27847 0.33364 0.76770 74 46 8 74 46
26 1035 11.44470 0.61980 0.28570 0.80015 78 58 17 75 40
37 1049 10.67519 1.30804 0.19283 0.66793 30 15 11 24 14
48 1061 11.67510 1.63915 28.27813 172.63702 7 0 0 5 2
683 763 11.35399 1.39293 0.28390 2.13955 53 34 11 51 30
654 763 11.75589 1.43945 0.62398 2.33632 29 18 7 29 15
692 761 10.12592 1.31561 0.60952 2.35900 52 38 11 48 29
50 1071 11.59139 1.57979 0.06519 0.69886 64 40 15 54 49
14 1028 10.61096 0.13718 0.15104 0.83181 60 47 5 60 43
624 709 11.64909 0.02767 0.19005 0.32143 103 79 16 101 69
36 1048 10.70029 1.25209 0.34040 0.82329 31 19 4 31 21
48 1065 11.07866 1.66243 0.13889 1.04717 46 37 6 46 29
10 1020 11.81031 0.07286 0.13936 0.82329 60 43 13 58 30
669 761 10.12338 1.31831 0.53922 2.26952 54 40 8 50 22
23 1034 11.05590 0.46185 0.07170 0.63735 93 66 26 93 53
50 1093 11.11750 1.48694 0.35898 1.46072 27 17 6 27 14
652 763 11.91914 1.45128 0.40526 2.37504 31 25 5 29 12
657 761 10.31526 1.34154 0.88163 2.22686 52 33 10 45 19
624 714 11.65168 0.02761 0.15951 0.34264 97 78 18 97 78
624 706 11.64910 0.02764 0.16098 0.31898 106 78 20 106 72
625 726 11.11220 0.08591 0.16988 0.44411 172 143 19 170 123
698 761 10.13130 1.31485 0.58738 2.40159 42 31 5 40 24
7 1019 11.58380 0.01649 0.23591 0.71982 25 15 7 22 12
681 761 10.12442 1.31795 0.31243 2.29610 50 35 11 46 25
49 1096 10.54846 1.48393 0.07313 1.04230 45 42 3 45 31
12 1027 10.45935 0.08432 0.22950 0.54249 87 67 6 82 63
625 693 10.92406 0.03371 0.10847 0.31404 128 106 20 124 88
629 746 11.16795 0.58900 0.04592 1.08606 107 78 24 103 77
47 1063 10.83317 1.64532 0.49709 1.34377 8 4 0 8 6
626 680 10.20785 0.03868 0.08342 0.38765 182 164 14 182 148
634 754 11.08730 1.03102 0.08949 1.19223 22 14 4 20 14
652 761 10.72784 1.37591 1.08156 2.53929 31 18 8 25 10
626 739 11.69498 0.32637 0.05371 0.78584 107 87 17 102 72
33 1041 11.60019 1.04579 0.10796 0.16786 114 90 14 110 76
625 715 10.91187 0.03466 0.10876 0.32385 132 115 12 129 93
8 1026 10.02884 0.01209 0.19780 0.70997 90 65 17 88 53
625 709 10.91169 0.03487 0.11023 0.31528 120 97 15 118 79
699 763 11.36009 1.38988 0.57171 2.21682 36 22 9 32 15
656 763 11.60077 1.42397 0.60996 2.15159 75 60 11 73 47
40 1050 11.17143 1.44200 0.25891 0.35388 40 22 10 40 20
51 1088 11.68347 1.47709 0.10692 1.64616 50 35 9 46 28
624 724 11.77542 0.05965 0.04689 0.38866 140 109 28 138 95
31 1039 11.61961 0.91964 0.32694 0.50280 64 43 8 57 41
41 1050 11.44922 1.47619 0.32660 0.69549 35 16 8 33 19
51 1097 11.72069 1.48445 0.15727 0.92196 39 33 5 39 27
630 745 10.32308 0.54998 0.11582 0.99662 103 76 15 97 67
37 1045 11.63608 1.29222 0.25224 0.62558 51 38 12 46 35
632 751 10.95047 0.86253 0.06916 0.89043 108 92 9 106 81
49 1073 10.84603 1.52854 0.04561 0.30647 55 38 13 52 34
625 703 10.90940 0.03469 0.16969 0.32984 126 95 20 124 79
13 1029 10.18283 0.10198 0.10895 0.48939 68 60 4 64 48
24 1031 11.96379 0.51467 0.25343 0.75641 95 77 14 89 54
17 1027 11.45046 0.24251 0.26156 0.64650 35 22 4 32 24
686 762 10.73222 1.35715 0.15543 2.27675 50 37 9 50 20
7 1022 10.82461 0.01024 0.21875 0.66086 82 51 15 80 46
671 763 11.35179 1.39373 0.40354 2.11489 83 63 16 73 41
648 761 11.13773 1.38999 0.76850 2.58195 19 15 0 17 7
11 1020 11.98808 0.09653 0.21083 0.72145 51 35 9 46 30
625 698 10.91218 0.03424 0.11953 0.31898 126 100 22 126 82
38 1046 11.64643 1.34490 0.14939 0.51282 57 39 11 48 34
23 1030 11.98226 0.46905 0.15971 0.59742 49 28 13 42 20
16 1025 11.72727 0.22052 0.33588 0.67666 47 37 5 45 34
5 1024 10.09321 0.03549 0.11657 0.54751 107 66 26 100 54
43 1054 11.06063 1.55200 0.09643 0.44762 34 21 6 27 20
25 1034 11.47946 0.56422 0.19850 0.75329 55 36 12 55 29
48 1067 10.84491 1.64798 0.08533 0.94378 56 48 7 54 39
628 738 10.17892 0.31436 0.10494 0.88337 129 91 31 129 85
709 763 11.35978 1.38958 0.15609 2.26278 41 27 8 36 17
626 726 10.39794 0.09353 0.12029 0.52489 175 143 27 175 142
9 1023 10.89548 0.04180 0.16935 0.69492 59 42 14 59 39
20 1031 11.13465 0.33413 0.16018 0.93125 54 40 10 50 33
624 699 11.65138 0.02736 0.20501 0.32264 131 99 32 131 92
15 1029 10.57152 0.16340 0.07522 0.52860 92 77 12 92 64
625 733 11.53991 0.18720 0.15601 0.88999 176 148 22 176 119
643 759 10.74335 1.30412 0.73389 2.31461 15 10 3 15 7
51 1078 11.67556 1.41523 0.24128 1.10074 33 20 4 31 22
38 1051 10.39222 1.36513 0.30242 0.58751 39 20 9 30 12
625 690 10.91724 0.03318 0.10485 0.30901 134 120 11 134 101
3 1021 10.60626 0.04104 0.15720 0.65252 78 64 11 73 56
26 1038 10.76222 0.62637 0.17756 0.84950 55 41 10 53 31
667 762 10.73470 1.35902 0.49739 2.23055 35 28 5 33 15
9 1020 11.64484 0.05147 0.12768 0.81469 55 34 10 49 32
670 763 11.36144 1.39395 0.32503 2.11322 55 45 4 49 31
625 679 10.92354 0.03094 0.09986 0.30774 156 135 18 156 115
665 761 10.11744 1.31860 0.36733 2.15395 46 27 15 40 16
25 1035 11.25327 0.56555 0.21441 0.73913 84 57 18 84 44
43 1056 10.60358 1.55962 0.14336 0.58081 22 15 3 22 11
625 681 10.91934 0.03114 0.08415 0.32626 168 147 15 166 128
31 1043 10.75181 0.93331 0.16616 0.35498 103 80 20 99 68
707 763 11.35706 1.38963 0.29376 2.22370 60 43 12 60 34
675 761 10.12110 1.31828 0.34269 2.28790 92 60 15 82 37
624 679 11.66093 0.02361 0.04154 0.26541 120 98 17 118 90
34 1045 10.94937 1.12496 0.17434 0.29074 74 51 17 70 47
667 761 10.12504 1.31826 0.11139 2.30376 31 20 6 21 14
32 1039 11.81006 0.97989 0.30799 0.29608 82 49 10 78 48
49 1066 11.51826 1.66374 0.19105 1.21112 37 29 3 32 22
9 1026 10.18561 0.02281 0.10733 0.75641 92 77 12 88 66
701 763 11.35781 1.38977 0.42473 2.20762 59 44 13 55 25
10 1021 11.55020 0.07137 0.36514 0.73595 71 47 11 69 34
625 719 10.92613 0.03998 0.19106 0.42058 112 80 25 105 60
49 1083 10.36491 1.42631 0.14774 1.78465 46 32 6 42 21
648 762 11.71224 1.43075 0.55821 2.54868 25 18 5 23 12
35 1046 10.95797 1.18824 0.17908 0.38359 72 52 16 70 34
624 712 11.64937 0.02760 0.18264 0.33102 110 87 16 110 75
625 706 10.91171 0.03486 0.20015 0.32385 130 101 21 130 78
624 715 11.64927 0.02746 0.18835 0.32264 102 78 20 99 67
624 705 11.64981 0.02758 0.13458 0.32865 118 85 27 116 75
642 759 10.91887 1.30677 0.28143 2.43799 21 9 5 13 9
39 1052 10.38574 1.41267 0.22687 0.62181 27 14 8 23 12
678 763 11.35436 1.39344 0.15208 2.11951 49 35 8 47 30
50 1087 11.05985 1.46950 0.44677 1.86802 35 21 9 27 19
666 763 11.35487 1.39395 0.17819 2.03432 56 41 10 50 31
51 1075 11.88202 1.47504 0.08833 0.44235 80 60 12 74 39
40 1051 10.91110 1.44650 0.24285 0.45456 43 21 12 34 22
34 1043 11.36179 1.11282 0.18734 0.23407 62 41 14 62 35
624 688 11.65726 0.02613 0.07913 0.31404 136 105 25 132 99
26 1037 10.99372 0.62335 0.41611 0.84765 67 49 13 65 30
24 1039 10.13738 0.52156 0.23790 0.68414 90 68 14 86 50
638 757 10.89258 1.20301 0.32994 2.17655 15 8 6 15 7
22 1036 10.40342 0.41886 0.14669 0.76821 88 58 20 86 52
652 760 10.15297 1.32912 0.95627 2.50546 52 44 4 49 23
626 740 11.88359 0.35271 0.21321 0.72847 88 71 13 82 60
639 758 11.05439 1.25706 0.25987 2.39114 28 20 6 20 6
631 747 10.23704 0.64767 0.20249 1.23416 104 75 16 100 67
624 716 11.65249 0.02762 0.14769 0.34264 100 71 23 98 64
50 1078 11.06069 1.41620 0.23863 1.17136 49 36 5 45 31
9 1025 10.41755 0.02851 0.20156 0.70886 78 61 13 76 51
44 1054 11.40487 1.57294 0.29826 0.46897 29 20 7 26 18
28 1040 10.76934 0.74551 0.05748 0.52934 79 59 15 73 49
33 1040 11.82284 1.04329 0.22822 0.30901 82 67 8 80 60
686 761 10.12255 1.31638 0.58556 2.32608 63 51 10 58 34
634 756 11.90945 1.13965 0.09752 1.64616 55 37 13 55 27
626 695 10.20497 0.04163 0.11802 0.37115 146 114 25 144 107
37 1047 11.17328 1.29973 0.16604 0.64952 37 29 5 30 22
709 762 10.73803 1.35497 0.44335 2.34652 31 15 10 31 12
7 1023 10.59195 0.00978 0.23462 0.56441 70 46 15 66 41
50 1082 10.93124 1.41932 0.44174 1.71258 61 50 8 61 34
626 677 10.20555 0.03857 0.09371 0.39067 154 130 9 146 120
48 1064 11.19555 1.65917 0.06622 0.75433 41 32 7 37 28
630 749 11.40212 0.74794 0.27260 0.74913 78 53 9 76 56
628 741 10.73112 0.39419 0.21329 0.81709 156 122 23 154 108
660 762 10.79382 1.36719 0.16705 2.11489 73 46 16 68 27
625 700 10.91601 0.03465 0.12877 0.31775 133 118 12 133 91
695 763 11.35543 1.39038 0.42990 2.21841 45 33 10 45 23
679 761 10.12339 1.31813 0.29654 2.29695 66 39 13 64 33
626 686 10.20768 0.04030 0.05865 0.38155 162 150 9 157 133
638 758 11.34050 1.25638 0.53948 2.38294 11 6 4 9 5
49 1069 11.18141 1.61873 0.08729 0.44411 98 79 15 96 64
627 739 11.00031 0.33317 0.05180 0.79819 135 112 16 133 98
27 1035 11.67917 0.67625 0.19980 0.61485 63 47 10 58 37
47 1065 10.55848 1.65557 0.07300 0.98952 44 34 8 44 28
695 761 10.12385 1.31501 0.62327 2.40029 44 28 7 44 21
640 757 10.36721 1.20253 0.51574 2.10413 19 5 11 17 12
627 743 11.78292 0.45278 0.15254 0.83039 93 72 13 91 59
699 762 10.73822 1.35527 0.41571 2.34017 34 21 6 30 15
45 1062 10.06669 1.61406 0.02898 0.51129 21 12 6 17 11
35 1044 11.41339 1.18104 0.19631 0.65909 37 28 5 35 24
625 716 10.91509 0.03488 0.17413 0.34378 128 108 9 125 90
3 1018 11.35103 0.03972 0.21200 0.73807 55 34 8 51 32
49 1077 10.52917 1.42878 0.05599 0.93628 72 52 18 72 34
15 1030 10.33877 0.15870 0.13835 0.49811 74 54 11 55 45
626 682 10.20616 0.03888 0.04298 0.39167 179 166 11 176 154
49 1089 10.53389 1.48272 0.18729 1.70134 50 40 6 41 32
624 722 11.72222 0.04563 0.14141 0.38359 110 91 13 110 87
24 1032 11.72869 0.51249 0.15598 0.67144 79 63 9 77 41
49 1099 10.54727 1.48472 0.15282 1.21756 57 39 7 45 33
31 1040 11.40879 0.92289 0.15556 0.32021 76 57 14 72 50
626 735 11.06416 0.23260 0.16553 0.86185 120 97 21 120 83
30 1041 10.97825 0.86496 0.13357 0.38664 117 99 12 114 87
671 762 10.72970 1.35912 0.59333 2.23896 64 42 19 60 31
14 1024 11.56590 0.16380 0.20873 0.51889 41 25 11 41 19
711 762 10.73504 1.35486 0.37566 2.35717 34 18 10 30 14
689 762 10.73702 1.35666 0.21238 2.48018 32 21 4 29 15
708 761 10.12829 1.31427 0.34662 2.39735 50 40 5 50 21
37 1046 11.40884 1.29661 0.21560 0.74283 59 47 7 56 38
631 749 10.82327 0.75272 0.29634 0.85821 75 54 7 75 47
2 1019 11.01751 0.04735 0.24408 0.86003 69 42 13 65 40
626 692 10.20518 0.04105 0.10539 0.37009 173 150 18 171 125
19 1035 10.00615 0.29402 0.11769 0.67260 80 52 21 80 48
627 737 10.66940 0.28380 0.14964 0.76821 213 164 43 208 150
663 763 11.35828 1.39428 0.28989 2.01752 45 26 10 39 17
625 697 10.91589 0.03425 0.08166 0.32865 139 116 20 137 99
48 1073 10.26053 1.52439 0.09493 0.32626 89 66 14 73 60
18 1032 10.47537 0.25709 0.13490 0.58484 72 60 10 72 50
665 764 11.99930 1.42184 0.07279 1.83824 56 39 12 56 29
42 1050 11.73130 1.50785 0.41487 0.54249 30 18 3 23 16
647 762 11.82826 1.43305 0.56399 2.63180 12 7 2 12 4
8 1024 10.50520 0.01722 0.21966 0.62307 64 45 11 64 43
23 1037 10.37735 0.46673 0.23615 0.78235 65 43 12 61 34
659 761 10.21986 1.33049 0.61440 2.12725 57 45 9 57 30
35 1045 11.19045 1.18385 0.24239 0.55953 69 46 8 69 42
40 1047 11.89591 1.42935 0.09933 0.23407 26 15 7 21 14
34 1041 11.78620 1.10489 0.11002 0.10835 74 60 8 72 49
644 761 11.64382 1.39900 8.92755 129.72820 5 0 0 2 3
648 759 10.05364 1.29300 0.47523 2.43590 38 31 3 38 24
626 732 10.72211 0.17667 0.05361 0.84719 170 152 16 170 126
8 1018 11.97267 0.03204 0.10796 0.73913 37 20 13 35 14
672 763 11.35607 1.39381 0.29893 2.10450 54 41 11 47 31
51 1077 11.74438 1.42966 0.42531 0.82662 40 26 7 40 20
644 758 10.06146 1.24880 0.39236 2.07075 26 23 2 24 9
643 761 11.78343 1.40109 0.92586 2.50014 18 11 1 13 7
629 743 10.49561 0.46552 0.14696 0.96225 84 69 10 84 56
39 1053 10.11112 1.41695 0.18574 0.77329 20 7 7 9 5
32 1043 10.94635 0.99356 0.19440 0.26541 85 56 15 81 55
632 752 11.30735 0.91578 0.17022 0.84950 65 51 6 63 46
50 1083 10.95578 1.42815 0.14421 1.70938 28 24 3 28 16
49 1092 10.55153 1.48340 0.03663 1.52982 66 50 15 66 39
646 759 10.31846 1.29739 0.18118 2.39065 32 29 2 32 21
633 752 10.78093 0.92020 0.17538 0.90741 71 46 17 71 50
28 1041 10.54240 0.74801 0.20507 0.52638 89 79 5 85 60
44 1057 10.72410 1.57947 0.47628 1.18597 13 4 3 9 6
1 1016 11.67379 0.05312 0.06899 0.92915 36 21 9 27 17
32 1046 10.28881 1.01007 0.14479 0.39664 94 71 12 92 61
626 696 10.20413 0.04160 0.02511 0.37846 160 137 21 160 126
625 694 10.92075 0.03396 0.05865 0.30390 138 115 21 138 87
627 741 11.38386 0.38781 0.28169 0.70554 137 94 31 135 87
49 1094 10.54776 1.48403 0.13765 1.20106 65 48 8 57 35
14 1023 11.79947 0.16997 0.24936 0.54465 41 29 8 41 21
50 1097 11.13005 1.48542 0.11496 1.06165 26 15 5 20 11
625 727 11.15190 0.09619 0.03338 0.45111 175 164 9 175 141
44 1056 10.96357 1.58056 0.24567 0.60263 23 14 6 23 13
653 760 10.06445 1.32405 0.62388 2.52584 68 49 8 64 34
649 762 11.59532 1.42771 0.88069 2.41216 23 19 3 23 12
12 1023 11.41702 0.11215 0.18416 0.49732 43 32 4 36 25
654 761 10.55222 1.36408 0.85834 2.50108 34 23 6 34 18
661 763 11.39341 1.39859 0.34644 2.00682 61 45 11 56 30
693 763 11.35172 1.39068 0.12831 2.19196 45 33 4 45 22
624 710 11.65320 0.02754 0.07351 0.33102 99 77 18 99 67
643 760 11.24609 1.35431 0.55520 2.45957 12 8 1 9 7
628 746 11.80098 0.58265 0.20276 1.01722 119 101 12 117 102
706 761 10.12940 1.31420 0.47478 2.38606 80 55 18 77 38
625 722 10.98480 0.05296 0.17522 0.44587 130 103 15 128 85
626 688 10.20569 0.04103 0.08669 0.37325 185 162 14 182 133
19 1030 11.15878 0.30000 0.13192 0.80891 89 64 15 78 50
4 1023 10.22371 0.04015 0.19426 0.64285 103 66 30 103 55
625 691 10.92267 0.03357 0.05050 0.30647 149 131 18 149 108
624 703 11.64680 0.02748 0.24807 0.33102 115 86 18 112 81
666 762 10.73292 1.35934 0.13761 2.15286 42 32 7 40 20
684 763 11.35500 1.39261 0.35027 2.13918 32 19 2 24 18
51 1098 11.71085 1.48547 0.16730 0.98477 48 38 7 48 32
49 1084 10.39060 1.43626 0.15477 1.84207 61 48 8 59 34
626 718 10.20110 0.04558 0.13338 0.43160 157 125 28 155 107
626 697 10.20170 0.04183 0.05220 0.37949 168 140 24 168 122
639 759 11.55953 1.31026 0.73293 2.64826 26 15 7 26 13
50 1096 11.12474 1.48578 0.23869 1.01876 52 36 10 52 29
625 687 10.91885 0.03278 0.10439 0.34264 138 117 15 138 104
625 680 10.92203 0.03103 0.09392 0.31279 185 166 15 185 142
639 757 10.59987 1.20369 0.15362 2.16211 32 14 14 29 12
11 1023 11.23870 0.08690 0.12297 0.53449 40 23 13 40 22
624 719 11.66354 0.03268 0.21633 0.38563 97 66 19 95 59
664 762 10.72563 1.35907 0.35212 2.15322 49 26 13 49 30
31 1038 11.84155 0.91786 0.20179 0.38765 51 32 14 51 30
0 1020 10.60806 0.05929 0.27544 0.82898 83 62 14 81 57
50 1076 11.19062 1.45133 0.18074 0.76872 46 38 5 43 22
31 1046 10.09013 0.94981 0.11438 0.25944 69 53 10 67 47
34 1047 10.47104 1.13246 0.23956 0.48133 55 44 4 53 42
27 1034 11.90487 0.67492 0.07758 0.61612 66 43 20 63 31
39 1048 11.41105 1.39587 0.11130 0.37949 50 39 10 48 36
624 700 11.65340 0.02743 0.12570 0.32385 98 75 19 98 68
20 1030 11.37015 0.33858 0.21478 0.88116 58 38 14 58 32
657 763 11.53451 1.41693 0.47924 2.05633 40 29 9 37 18
689 761 10.12740 1.31590 0.48331 2.34885 39 23 8 37 20
682 763 11.35467 1.39324 0.19448 2.14831 43 34 3 39 28
3 1017 11.60527 0.03935 0.18551 0.83883 59 41 8 53 36
634 755 11.47770 1.08447 0.25779 1.38197 37 23 7 35 17
49 1072 10.91839 1.55449 0.07569 0.55461 71 51 13 67 44
21 1030 11.56549 0.37922 0.20105 0.77430 98 70 20 90 56
676 761 10.12262 1.31831 0.55691 2.29115 68 55 7 66 37
712 763 11.35963 1.38967 0.40099 2.23230 64 42 13 59 27
0 1018 11.09273 0.05880 0.18215 0.90741 56 42 8 50 41
50 1088 11.09044 1.47808 0.13130 1.73461 49 36 5 49 29
46 1060 10.93604 1.62064 0.22109 0.92788 14 9 0 5 7
45 1054 11.77350 1.58986 1.55104 3.22039 9 5 1 7 3
661 761 10.16409 1.32320 0.46469 2.16573 46 35 3 38 20
36 1050 10.17507 1.26002 0.18179 0.81805 63 38 12 59 31
682 761 10.12305 1.31787 0.55655 2.30766 54 33 17 52 27
634 753 10.67842 0.97672 0.17762 1.02106 38 26 9 35 25
46 1055 11.94148 1.60935 0.24245 0.52786 5 3 1 2 3
672 762 10.73403 1.35920 0.22855 2.23476 63 40 15 59 33
33 1045 10.75726 1.06585 0.22360 0.22555 118 87 17 114 76
33 1042 11.39783 1.04961 0.14629 0.15066 99 77 13 97 64
625 675 10.92335 0.03079 0.07514 0.31027 144 129 13 141 94
40 1052 10.65825 1.45086 0.12425 0.56510 20 14 3 18 14
625 676 10.92472 0.03078 0.06836 0.30647 147 129 17 147 113
688 762 10.73282 1.35640 0.18008 2.35651 26 16 6 26 13
629 742 10.28664 0.43152 0.07837 0.94212 89 65 18 87 58
36 1046 11.18757 1.24428 0.21681 0.66558 49 35 4 47 34
673 761 10.12507 1.31852 0.70755 2.29149 62 41 10 52 20
625 712 10.91197 0.03479 0.12992 0.34150 136 118 13 136 86
14 1030 10.14414 0.12719 0.24148 0.49099 63 42 16 59 40
5 1023 10.32661 0.02955 0.10738 0.53959 97 73 17 92 62
625 732 11.43643 0.16906 0.13060 0.76770 163 143 15 163 118
625 735 11.77848 0.22500 0.07937 0.77632 131 101 20 129 91
2 1017 11.51393 0.04639 0.19702 0.92069 36 23 4 32 21
41 1053 10.68624 1.48934 0.35283 0.59347 29 12 13 25 11
684 762 10.73297 1.35800 0.34401 2.26313 52 38 10 45 31
23 1038 10.14510 0.46976 0.13245 0.65730 95 67 21 90 59
28 1038 11.20617 0.74049 0.05898 0.61294 49 36 10 47 31
625 710 10.91581 0.03473 0.19494 0.32385 129 109 12 123 82
47 1057 11.95956 1.61937 0.24337 0.82139 7 4 1 7 4
2 1018 11.25969 0.04680 0.33852 0.83228 48 30 13 46 31
0 1016 11.59798 0.05851 0.21305 0.86502 36 22 6 32 21
45 1059 10.70793 1.60620 0.31115 0.45456 15 7 4 13 5
18 1028 11.41273 0.27363 0.12214 0.64163 49 35 11 49 30
624 717 11.65365 0.02826 0.14961 0.32984 103 82 15 95 61
658 761 10.26241 1.33554 0.43611 2.15013 89 72 13 86 47
626 703 10.19523 0.04226 0.12428 0.37534 175 153 8 173 128
710 763 11.35747 1.38971 0.53292 2.22792 52 39 13 47 20
2 1022 10.25834 0.05151 0.14882 0.71982 120 100 12 117 88
47 1061 11.19187 1.63230 0.90525 3.56546 8 3 0 4 5
626 701 10.20245 0.04224 0.14928 0.35608 172 142 21 168 120
43 1055 10.81681 1.55829 0.27901 0.55532 32 25 6 30 20
12 1021 11.90629 0.12038 0.25676 0.49416 25 14 5 19 14
48 1075 10.07927 1.47001 0.13757 0.64346 99 80 15 99 62
50 1098 11.12022 1.48644 0.10864 1.10394 64 53 7 64 42
625 711 10.91409 0.03498 0.17534 0.32021 126 109 13 126 83
20 1029 11.60309 0.34325 0.13427 0.98397 59 40 11 53 23
624 723 11.74726 0.05192 0.16139 0.38359 130 105 13 130 93
14 1026 11.08898 0.14855 0.12820 0.56786 74 62 8 72 47
8 1025 10.26075 0.01226 0.15380 0.63674 72 48 18 68 39
