5988 8036 10.63461 2.17040 0.72244 2.47686 46 4 5 46 33 244 100.00000 0
4788 7095 10.81350 3.14082 1.98444 1.17736 92 0 0 76 23 811 100.00000 0
1414 5052 10.33247 0.36931 0.30592 0.63427 116 76 29 112 92 472 100.00000 0
5077 6904 10.86195 3.00305 0.91553 2.15413 36 5 1 36 16 213 100.00000 0
5152 6832 10.06994 3.13832 1.93143 1.86781 31 0 1 26 9 170 100.00000 0
1383 4966 10.28066 0.07490 0.36032 0.41212 67 34 10 51 32 436 100.00000 0
5412 6699 10.68882 2.38054 0.70039 2.29678 21 4 1 11 8 161 100.00000 0
283 8736 11.53186 0.06029 0.43707 0.28255 67 41 8 60 48 372 100.00000 0
1444 5046 10.90901 0.33415 0.43336 0.78981 102 49 17 100 61 439 100.00000 0
5416 6686 11.19655 2.12976 0.50923 0.94791 24 6 3 18 9 165 100.00000 0
568 3789 11.33644 0.02823 0.71614 1.53212 52 25 16 49 18 370 100.00000 0
4743 7181 10.95530 2.92613 1.46983 0.47560 32 0 0 30 10 265 100.00000 0
551 3799 10.99034 0.03162 0.55525 1.20203 57 33 17 57 40 364 100.00000 0
451 3708 11.51139 0.00466 0.32453 0.51129 44 23 7 39 24 276 100.00000 0
1481 5085 11.31140 0.16682 0.56855 1.09967 86 29 10 83 58 516 100.00000 0
1602 5348 11.99639 0.01276 0.40682 0.84996 13 4 3 10 8 90 100.00000 0
6308 7718 11.32889 3.08737 1.14126 1.94883 25 1 0 21 6 210 100.00000 0
4678 7207 11.63310 2.48294 1.25490 1.99233 79 0 0 69 42 532 100.00000 0
4737 7202 11.02315 2.65492 1.42667 0.93962 18 0 1 10 8 275 100.00000 0
4701 7233 10.63455 1.64708 1.37202 2.63953 75 0 0 62 25 560 100.00000 0
1378 4993 10.70005 0.01567 0.62460 0.76923 72 15 9 64 40 398 100.00000 0
1555 5205 10.74876 0.00984 0.32706 0.55602 25 17 3 23 17 138 100.00000 0
1082 4433 11.63277 0.06594 0.23732 1.01259 85 46 13 79 54 686 100.00000 0
342 8893 11.77738 0.01828 0.81884 0.99662 64 1 0 60 42 299 100.00000 0
5111 6866 10.18816 3.12082 1.64497 1.73641 59 0 0 50 21 305 100.00000 0
6031 8030 10.30772 3.13107 0.20865 3.71352 30 2 24 28 16 166 100.00000 0
3300 8461 11.51975 0.00966 0.21475 0.58484 89 71 7 82 62 280 100.00000 0
3309 8438 11.77066 0.01154 0.38566 0.77833 49 34 3 47 35 277 100.00000 0
787 4003 11.50998 0.01277 0.62733 0.64346 21 7 4 5 11 197 100.00000 0
570 3792 10.40776 0.02981 0.30588 1.69950 47 20 19 39 24 392 100.00000 0
1524 5135 11.01220 0.00244 0.39783 0.33920 32 16 3 30 20 172 100.00000 0
797 4017 10.74661 0.01164 0.34360 0.79278 27 17 5 21 15 159 100.00000 0
2948 6004 10.19878 1.18354 0.99227 1.65422 28 2 1 10 14 161 100.00000 0
5390 6681 11.48172 2.06655 1.01191 1.51724 44 2 4 27 18 296 100.00000 0
2963 8097 10.74930 0.02549 0.58061 1.82992 22 12 1 20 12 199 100.00000 0
1587 5217 10.75116 0.01148 0.16122 0.21850 62 35 21 60 27 398 100.00000 0
2916 5965 10.05853 0.09146 0.71972 2.04909 42 32 6 34 21 215 100.00000 0
6310 7717 11.61955 3.08949 0.61357 1.60888 38 12 5 31 13 207 100.00000 0
3625 8929 10.11312 0.03816 0.67150 0.91129 168 24 64 155 140 511 100.00000 0
1326 7027 10.51857 2.99876 1.97396 2.22088 101 0 0 91 30 1122 100.00000 0
336 8867 11.13984 0.02555 0.76966 1.39128 190 94 6 186 127 469 100.00000 0
1600 6738 11.81658 3.13946 0.98434 0.65252 20 0 0 20 6 133 100.00000 0
1414 5015 11.07950 0.08558 0.35486 0.51052 121 108 9 113 104 551 100.00000 0
737 3942 10.32301 0.84648 0.95800 0.90957 62 7 8 53 30 432 100.00000 0
1482 6872 10.04486 3.12266 1.49849 1.55947 104 2 0 88 65 548 100.00000 0
42 3414 11.75156 0.02822 1.67978 0.58283 21 0 0 21 12 149 100.00000 0
6142 7877 11.44315 3.13854 1.32710 1.20658 56 2 0 48 19 599 100.00000 0
128 3419 11.74596 0.01835 0.62794 0.51586 49 15 2 45 36 211 100.00000 0
1100 4418 10.65491 0.05900 0.28052 0.50976 74 57 11 68 49 693 100.00000 0
1495 5102 10.99809 0.02144 0.70153 1.01414 30 12 0 20 12 362 100.00000 0
941 4172 10.52709 0.02551 0.71381 1.91887 49 16 3 40 29 311 100.00000 0
2698 5646 11.29122 0.15585 0.42347 1.27441 58 42 5 51 38 347 100.00000 0
504 3733 10.98126 0.01194 0.20345 0.65072 86 62 11 74 50 306 100.00000 0
3277 8396 10.19108 0.42275 0.92761 1.81531 30 7 2 28 18 149 100.00000 0
1522 5132 11.52055 0.00711 0.27729 0.41590 45 26 9 45 31 271 100.00000 0
1449 6912 11.35509 2.89181 1.08536 2.34852 31 3 2 31 11 316 100.00000 0
1237 7135 10.41648 3.08859 1.11881 1.52213 63 0 0 48 23 427 100.00000 0
3223 8324 11.32034 0.02473 0.55031 0.97999 41 26 6 39 26 231 100.00000 0
2934 5949 10.19149 0.03884 0.14257 2.22387 27 16 6 23 12 194 100.00000 0
4771 7103 10.65832 3.09293 1.90400 1.28451 35 0 0 25 14 449 100.00000 0
4736 7121 10.95820 3.11465 1.25791 1.13056 78 0 0 74 45 540 100.00000 0
1012 4325 10.68182 0.02837 0.27942 1.41637 56 44 5 54 38 438 100.00000 0
108 8610 10.49891 0.04796 0.47273 0.57130 41 33 1 38 28 192 100.00000 0
5097 6852 11.69156 3.12546 1.43553 0.85318 31 0 0 19 12 288 100.00000 0
5084 6894 10.58147 3.04418 1.24363 1.90783 81 1 1 79 58 298 100.00000 0
3234 8402 11.47139 0.97493 0.30938 0.66852 33 12 8 28 14 165 100.00000 0
1364 4931 11.87389 0.01883 0.45814 0.46225 86 48 11 75 55 650 100.00000 0
546 3770 11.35102 0.04734 0.50166 0.84673 86 50 5 65 57 411 100.00000 0
45 100 11.49053 0.02079 1.79461 0.34492 11 0 0 7 5 117 100.00000 0
1637 6693 11.63501 2.20014 1.33795 1.21015 36 3 5 24 8 215 100.00000 0
3168 8276 11.53381 0.07247 0.52996 0.74860 23 13 7 21 12 174 100.00000 0
1143 4551 10.01507 0.07036 0.47671 1.14774 181 43 10 179 122 909 100.00000 0
3280 8398 11.13507 0.37005 0.77505 1.37885 37 7 2 29 20 197 100.00000 0
102 3428 11.50927 0.05388 0.11293 0.43879 41 32 5 37 30 197 100.00000 0
5010 6968 11.29138 2.95108 0.59134 1.51103 39 13 2 35 24 178 100.00000 0
1213 7223 11.34054 1.90211 1.28016 1.02374 78 0 0 78 43 463 100.00000 0
5048 6896 11.73193 2.63804 0.88778 2.15740 78 4 0 76 44 355 100.00000 0
243 8697 10.88567 0.03663 0.71563 2.09667 62 22 16 56 32 320 100.00000 0
4691 7164 11.27247 3.02844 1.42272 1.69350 58 0 1 52 24 457 100.00000 0
3233 8398 10.80862 0.87012 0.10368 0.26541 39 27 6 36 23 172 100.00000 0
880 4105 11.93766 0.04189 0.16322 2.15140 63 43 12 59 25 260 100.00000 0
5994 8067 10.56765 1.58472 0.95896 2.55083 15 0 1 13 9 109 100.00000 0
1213 4645 10.41249 0.08131 0.30140 1.95845 49 23 14 43 23 577 100.00000 0
3279 8399 10.36215 0.33464 0.74423 0.78833 36 17 7 30 19 200 100.00000 0
1215 4647 11.38444 0.07990 0.22989 1.04717 67 34 17 56 28 577 100.00000 0
3200 8307 10.45604 0.16594 0.49370 1.53468 104 84 16 102 64 344 100.00000 0
6037 7988 11.05039 3.13779 0.91713 3.47987 14 0 3 9 6 193 100.00000 0
1624 5383 11.25008 0.02525 0.71419 1.76591 18 4 6 12 9 113 100.00000 0
25 8585 10.74196 0.02857 1.98138 0.28116 20 0 1 7 12 135 100.00000 0
1279 4835 10.99875 0.05521 0.53809 1.20138 59 28 13 52 35 658 100.00000 0
5230 6759 11.88507 3.12304 0.83677 1.30626 67 0 1 57 45 298 100.00000 0
1068 4364 11.00272 0.03437 0.36315 0.50590 74 48 17 68 55 552 100.00000 0
8856 8910 10.38949 0.03636 0.47756 2.10078 103 42 17 92 56 379 100.00000 0
3361 8501 10.24352 0.00476 0.41257 0.48457 50 31 10 44 37 254 100.00000 0
3426 8620 11.04902 0.02550 0.28399 0.26244 58 35 6 49 33 238 100.00000 0
981 4224 11.26091 0.41318 1.45719 2.56857 43 17 5 41 14 376 100.00000 0
168 3467 10.54856 0.01504 0.30792 1.02793 57 26 3 39 35 310 100.00000 0
5301 6767 11.10638 3.12139 1.98345 2.82355 13 2 2 9 8 104 100.00000 0
532 3783 11.79261 0.01484 0.48030 0.15066 75 29 9 67 43 390 100.00000 0
229 3516 11.83603 0.02063 0.58736 1.22972 58 27 11 53 22 295 100.00000 0
5407 6672 11.61022 1.98239 0.68448 1.07811 33 8 2 29 14 238 100.00000 0
105 3405 10.30328 0.02403 0.53018 1.09860 48 25 3 39 24 218 100.00000 0
1250 7179 10.82512 3.00906 1.38628 0.42151 41 0 0 39 15 354 100.00000 0
6134 7909 11.09334 3.13980 1.82418 0.56648 58 0 0 54 33 644 100.00000 0
1538 6800 10.00986 3.13936 1.83017 3.37452 11 0 0 8 7 153 100.00000 0
3233 8332 11.28283 0.19775 0.44677 1.87304 40 10 7 40 18 228 100.00000 0
1250 7185 11.46706 2.97565 1.55176 0.54894 28 0 0 23 10 256 100.00000 0
367 8881 11.25742 0.03415 0.67779 0.43521 94 11 14 94 66 341 100.00000 0
8851 8903 10.87758 0.03191 0.53573 1.78487 119 41 15 119 64 370 100.00000 0
7163 7227 11.30097 1.23672 0.39320 1.52058 43 15 19 39 17 337 100.00000 0
1263 7139 11.60710 3.04318 1.46345 1.99900 25 0 0 21 7 361 100.00000 0
1622 5377 10.00534 0.02559 0.28370 1.20138 17 9 4 12 6 168 100.00000 0
1177 4562 11.54704 0.05295 0.52978 1.06386 79 56 13 79 55 412 100.00000 0
3029 8133 10.50345 0.01303 0.32443 0.46478 46 34 4 41 30 521 100.00000 0
1409 6925 10.24348 2.87217 0.57219 2.24071 54 2 1 47 21 411 100.00000 0
2665 5613 10.83734 0.09575 0.16838 1.16231 66 53 8 61 47 287 100.00000 0
1678 5403 10.94540 1.13851 1.12577 0.50202 32 0 0 32 16 169 100.00000 0
5416 6678 11.92093 2.03890 0.93539 1.54510 29 5 2 25 15 223 100.00000 0
2735 5688 10.25589 0.08270 0.17878 1.23986 26 15 4 26 14 201 100.00000 0
1592 6749 10.57266 3.13709 0.59739 1.74428 34 6 1 29 13 246 100.00000 0
1426 5071 11.44287 0.45463 0.66688 0.89482 72 19 8 58 45 376 100.00000 0
192 8650 11.83438 0.01129 0.22550 0.63489 37 24 6 35 20 255 100.00000 0
3047 8150 10.53539 0.03481 0.31927 1.33501 59 31 6 56 38 390 100.00000 0
3469 8646 11.29900 0.00978 0.16646 0.47970 47 30 9 47 32 264 100.00000 0
1213 4706 11.12573 0.09906 0.65087 2.50499 75 40 18 68 30 511 100.00000 0
1099 4475 10.85715 0.05417 0.43530 0.22555 110 60 33 107 67 868 100.00000 0
421 3656 11.26950 0.01192 0.28751 0.24549 216 175 32 195 178 631 100.00000 0
662 3879 10.00162 0.02537 0.37422 0.33920 99 66 19 95 65 536 100.00000 0
65 8585 10.74196 0.02857 1.21797 0.63366 22 0 0 13 9 136 100.00000 0
869 4131 11.49482 0.00704 0.31889 0.65252 64 44 3 45 40 242 100.00000 0
3261 8367 10.18055 0.90672 0.23679 1.28298 32 15 5 21 17 186 100.00000 0
191 8676 10.85739 0.01627 0.34745 0.48939 45 25 10 45 28 307 100.00000 0
537 3786 10.26905 0.01459 0.29508 0.38257 85 62 5 79 59 474 100.00000 0
2942 6000 10.13712 1.02719 0.38903 1.97397 43 24 1 33 21 216 100.00000 0
339 3582 11.07659 0.02189 0.43336 0.38866 180 127 25 180 155 390 100.00000 0
2591 5585 11.46648 1.38067 0.34667 1.00522 63 25 13 59 31 273 100.00000 0
976 4213 11.91001 0.44477 0.42220 2.21399 67 44 11 60 28 368 100.00000 0
4910 7013 11.18828 2.99508 1.44310 1.80775 112 1 0 107 46 1122 100.00000 0
1655 6681 10.84117 1.78538 0.76268 1.05351 57 11 9 44 22 336 100.00000 0
2958 8092 11.48210 0.04144 0.50358 1.35306 24 8 6 18 9 173 100.00000 0
1132 4482 10.47787 0.07895 0.48153 0.23239 121 75 21 117 95 933 100.00000 0
1408 5007 10.78992 0.08551 0.39736 0.93795 89 44 30 83 64 664 100.00000 0
769 3981 10.28932 0.27680 0.58765 1.91500 27 6 2 22 13 175 100.00000 0
1130 4476 11.33315 0.08089 0.28955 0.29342 114 91 20 112 83 690 100.00000 0
2661 5639 10.78855 0.09797 0.23013 0.70886 38 23 2 22 23 172 100.00000 0
1216 7187 11.86606 2.85067 1.39442 2.70052 51 0 1 22 12 544 100.00000 0
4757 7150 10.35057 3.12753 1.55626 1.52187 52 0 0 47 17 371 100.00000 0
3363 8531 10.02579 0.01563 0.29721 0.76770 31 21 5 21 23 213 100.00000 0
322 8824 10.70421 0.05112 0.51130 0.18557 155 74 2 155 136 389 100.00000 0
253 3533 10.07381 0.01522 0.50053 0.42978 90 67 11 79 72 375 100.00000 0
1541 6820 11.95588 3.13107 1.46891 2.27331 13 1 2 6 3 128 100.00000 0
3589 8857 11.26583 0.05082 0.48933 2.77389 182 80 4 178 92 475 100.00000 0
1351 7022 10.63067 3.12180 1.65006 3.06886 108 0 0 97 60 970 100.00000 0
1290 4812 10.21574 0.02344 0.65990 0.88426 61 13 24 59 14 669 100.00000 0
7176 7230 11.12103 1.25418 0.43339 1.47565 36 20 8 34 14 294 100.00000 0
2594 5597 11.45521 1.31962 0.92549 1.80754 29 9 5 29 21 160 100.00000 0
2653 5634 11.79973 0.05114 0.17443 1.34348 30 18 5 23 17 144 100.00000 0
3062 8165 11.55130 0.04840 0.37289 1.82906 68 53 2 63 48 395 100.00000 0
4679 7225 11.35288 1.83809 1.05174 0.59215 72 0 0 72 31 557 100.00000 0
3386 8531 10.75178 0.01039 0.25904 0.50668 45 27 10 39 24 282 100.00000 0
1627 5326 11.75301 0.02710 0.67144 1.28237 21 3 5 12 8 175 100.00000 0
6356 7620 10.42478 1.73005 0.63854 2.77418 50 1 0 43 23 397 100.00000 0
4904 7044 11.76883 3.09693 1.68091 2.52274 92 0 0 89 46 811 100.00000 0
1170 4608 11.71303 0.03794 0.86332 0.47230 62 8 1 56 44 360 100.00000 0
1614 5367 10.98412 0.01304 0.61939 0.52339 41 19 8 34 16 295 100.00000 0
3194 8343 11.41136 0.07426 0.56590 0.93293 46 25 5 40 24 204 100.00000 0
3422 8616 11.77707 0.03243 0.28202 0.43969 44 27 6 38 28 190 100.00000 0
7165 7229 11.66662 1.28931 0.71546 1.48859 40 25 10 34 22 265 100.00000 0
914 4142 10.49397 0.00972 0.37575 0.52860 35 13 7 26 16 226 100.00000 0
2901 5947 11.18402 0.03651 0.54768 2.25464 19 6 1 10 4 227 100.00000 0
7162 7225 11.08314 1.16855 0.70815 0.89744 41 18 16 39 21 265 100.00000 0
5237 5295 11.24141 0.01397 0.65038 1.47406 19 6 3 13 12 164 100.00000 0
2593 5582 11.56355 1.34431 0.76377 0.76310 64 19 27 59 26 291 100.00000 0
6228 7812 11.51755 3.13286 0.76945 1.93593 28 8 5 22 11 313 100.00000 0
3092 8196 11.34989 0.12846 0.43127 0.41401 16 7 1 14 9 193 100.00000 0
755 4009 11.81708 0.12823 0.33927 1.56923 28 10 4 20 21 160 100.00000 0
1224 4670 10.01207 0.05575 0.46040 0.62181 77 28 42 75 50 571 100.00000 0
3605 8830 11.32970 0.06066 0.92625 3.40191 136 16 8 126 105 429 100.00000 0
5382 6692 10.14992 2.20815 1.02037 0.91000 53 9 15 44 26 195 100.00000 0
4758 7153 11.79342 3.11472 1.73892 1.52033 28 0 0 17 10 278 100.00000 0
116 8583 10.99558 0.01661 0.47911 0.69774 29 14 1 29 17 179 100.00000 0
1031 4314 10.09291 0.01767 0.39209 1.15792 63 39 12 54 40 428 100.00000 0
3620 8883 11.31508 0.03541 1.21852 0.46814 137 0 0 119 102 467 100.00000 0
3173 8280 11.97832 0.11593 0.36530 0.86998 36 21 3 27 22 244 100.00000 0
1051 4371 10.37330 0.01401 0.38326 0.13122 64 44 5 62 52 524 100.00000 0
991 4303 11.40733 0.34054 0.63357 0.80649 43 7 0 33 26 422 100.00000 0
333 3578 10.01554 0.02137 0.56865 0.18767 193 100 11 193 174 459 100.00000 0
