5988 8036 10.63461 2.17040 0.63917 2.63240 49 25 11 39 24
4788 7095 10.81350 3.14082 2.15012 0.78034 75 0 0 65 29
1414 5052 10.33247 0.36931 0.29619 0.42058 79 76 2 76 53
5077 6904 10.86195 3.00305 1.36117 2.92181 30 9 4 24 9
5152 6832 10.06994 3.13832 2.03162 2.00056 52 0 0 45 37
1383 4966 10.28066 0.07490 0.92689 0.30647 39 30 8 29 15
5412 6699 10.68882 2.38054 2.27047 1.86467 63 25 7 44 15
283 8736 11.53186 0.06029 0.48820 0.12511 111 108 3 98 80
1444 5046 10.90901 0.33415 0.21437 0.78932 54 39 11 36 17
5416 6686 11.19655 2.12976 1.43571 1.38762 50 20 5 33 23
568 3789 11.33644 0.02823 0.62563 1.52367 54 48 0 44 18
4743 7181 10.95530 2.92613 2.25470 3.68504 27 0 0 22 9
551 3799 10.99034 0.03162 0.81724 1.24741 52 40 6 46 25
451 3708 11.51139 0.00466 0.54500 0.44937 47 44 2 44 29
1481 5085 11.31140 0.16682 0.40537 1.05425 92 85 3 82 65
1602 5348 11.99639 0.01276 0.58873 0.76974 16 10 4 9 8
6308 7718 11.32889 3.08737 1.09249 1.66366 13 2 0 7 1
38 3387 11.50802 0.00420 2.25023 0.51129 105 0 0 99 74
4678 7207 11.63310 2.48294 1.95148 1.91397 80 0 0 69 29
39 8586 11.48626 0.03120 2.30378 1.29845 21 0 0 17 13
4737 7202 11.02315 2.65492 2.04990 0.23739 104 0 2 94 70
4701 7233 10.63455 1.64708 2.02468 2.51777 129 0 0 113 53
1378 4993 10.70005 0.01567 0.54976 0.64891 71 62 7 66 51
1555 5205 10.74876 0.00984 1.22224 1.25679 18 15 1 10 9
1082 4433 11.63277 0.06594 0.32174 1.12535 44 31 6 23 23
342 8893 11.77738 0.01828 0.93807 0.74651 47 18 1 41 23
5111 6866 10.18816 3.12082 1.83128 1.85330 23 1 2 18 10
6031 8030 10.30772 3.13107 0.40900 3.73748 28 17 10 28 8
3300 8461 11.51975 0.00966 0.16694 0.56093 56 49 3 38 33
3309 8438 11.77066 0.01154 0.17966 0.70886 66 62 2 60 45
787 4003 11.50998 0.01277 0.66288 0.77025 26 17 2 16 9
570 3792 10.40776 0.02981 0.25693 1.74742 80 72 4 69 58
1524 5135 11.01220 0.00244 0.37571 0.50745 78 71 2 63 51
797 4017 10.74661 0.01164 0.33429 0.66323 31 24 6 22 9
2948 6004 10.19878 1.18354 0.73051 1.33384 13 8 1 8 5
5390 6681 11.48172 2.06655 0.85686 1.63423 50 36 6 50 22
2963 8097 10.74930 0.02549 0.13581 1.26857 18 16 1 16 9
1587 5217 10.75116 0.01148 0.32444 0.33338 80 70 8 78 50
2916 5965 10.05853 0.09146 0.69410 2.05938 99 96 2 84 55
17 3387 11.50802 0.00420 1.97874 0.34492 94 0 0 87 58
6310 7717 11.61955 3.08949 1.67893 1.61156 30 12 18 25 11
3625 8929 10.11312 0.03816 0.62217 0.81469 100 71 15 82 64
1326 7027 10.51857 2.99876 2.19897 2.27813 135 0 0 110 60
336 8867 11.13984 0.02555 0.97266 1.42051 118 101 12 107 59
1600 6738 11.81658 3.13946 1.75368 0.33455 20 0 0 13 10
1414 5015 11.07950 0.08558 0.27516 0.73701 63 59 4 53 38
737 3942 10.32301 0.84648 0.89294 1.91887 114 56 15 91 49
1482 6872 10.04486 3.12266 2.07205 1.12152 49 1 3 43 26
42 3414 11.75156 0.02822 1.95562 0.25179 34 0 0 18 15
6142 7877 11.44315 3.13854 2.16722 1.22141 83 11 1 75 19
128 3419 11.74596 0.01835 0.70911 0.55391 86 65 7 77 54
4796 7122 11.95018 3.03352 2.55426 1.74854 64 0 0 48 16
1100 4418 10.65491 0.05900 0.34473 0.47313 51 37 14 49 28
1495 5102 10.99809 0.02144 0.63905 1.01027 26 10 9 13 5
941 4172 10.52709 0.02551 0.36261 1.34086 66 57 6 58 36
2698 5646 11.29122 0.15585 0.75350 1.29965 43 37 6 38 28
504 3733 10.98126 0.01194 0.29753 0.65849 78 77 1 76 57
3277 8396 10.19108 0.42275 0.80735 1.75078 53 36 5 43 34
1522 5132 11.52055 0.00711 0.39349 0.52115 45 44 1 35 30
1449 6912 11.35509 2.89181 0.60346 2.54653 43 21 4 35 18
1237 7135 10.41648 3.08859 1.50268 1.05127 56 0 0 44 23
3223 8324 11.32034 0.02473 0.37550 0.83463 37 34 3 31 19
2934 5949 10.19149 0.03884 0.95275 2.51373 50 34 2 29 19
4771 7103 10.65832 3.09293 1.76059 1.45884 104 0 0 97 45
1537 6800 10.97155 3.13928 7.54449 5.23656 7 0 0 4 2
4736 7121 10.95820 3.11465 1.53950 1.16264 80 11 6 70 27
1012 4325 10.68182 0.02837 0.43609 1.41000 36 30 6 34 16
108 8610 10.49891 0.04796 0.56252 1.02106 28 27 1 23 18
5097 6852 11.69156 3.12546 2.19888 1.00794 20 0 0 11 12
5084 6894 10.58147 3.04418 1.16643 1.41693 9 2 0 3 2
3234 8402 11.47139 0.97493 0.57728 0.81948 65 38 21 61 24
1364 4931 11.87389 0.01883 0.50889 0.63366 47 43 1 31 24
546 3770 11.35102 0.04734 0.75338 0.86502 41 28 8 28 16
45 100 11.49053 0.02079 2.07030 0.33804 28 0 0 24 18
1637 6693 11.63501 2.20014 1.17465 1.07192 16 2 3 12 5
3168 8276 11.53381 0.07247 0.31963 0.74230 28 24 2 22 14
49 3414 11.75156 0.02822 2.08932 0.43160 48 0 0 30 27
1143 4551 10.01507 0.07036 0.50260 1.11873 154 137 6 152 127
3280 8398 11.13507 0.37005 0.81192 1.41361 42 29 0 38 28
102 3428 11.50927 0.05388 0.09454 0.46562 79 77 2 65 43
5010 6968 11.29138 2.95108 0.98861 1.67515 35 16 10 25 24
1213 7223 11.34054 1.90211 1.96365 1.03476 99 0 0 90 68
5048 6896 11.73193 2.63804 0.85268 2.25429 15 6 1 10 7
243 8697 10.88567 0.03663 0.52653 2.10487 143 138 4 131 97
4691 7164 11.27247 3.02844 1.53387 1.95585 172 4 16 161 94
3233 8398 10.80862 0.87012 0.40305 0.20367 54 41 12 46 20
880 4105 11.93766 0.04189 0.94076 2.14958 39 31 8 29 15
5994 8067 10.56765 1.58472 1.00934 2.50983 18 5 1 18 12
1213 4645 10.41249 0.08131 1.06101 1.93270 64 57 6 55 25
3279 8399 10.36215 0.33464 0.72426 1.44483 95 76 1 86 70
1215 4647 11.38444 0.07990 0.54726 1.04568 43 15 6 35 17
3200 8307 10.45604 0.16594 0.41735 1.55091 63 57 5 61 36
6037 7988 11.05039 3.13779 0.60656 3.51692 10 0 3 5 3
1624 5383 11.25008 0.02525 0.39335 1.15148 26 18 6 16 12
25 8585 10.74196 0.02857 2.36604 0.88426 10 0 0 7 4
1279 4835 10.99875 0.05521 0.75634 1.47406 26 17 6 21 12
5230 6759 11.88507 3.12304 1.84464 1.31552 17 1 0 8 6
1068 4364 11.00272 0.03437 0.35024 0.61038 67 65 1 63 55
8856 8910 10.38949 0.03636 0.94331 2.06924 113 91 7 106 44
3361 8501 10.24352 0.00476 0.45878 0.84349 45 32 9 30 20
3426 8620 11.04902 0.02550 0.26206 0.48779 34 29 2 23 19
981 4224 11.26091 0.41318 1.14731 2.56613 155 146 7 133 60
168 3467 10.54856 0.01504 0.53283 0.21670 111 98 4 95 63
5217 6790 11.76252 3.13150 20.99907 179.42054 7 0 0 1 2
5301 6767 11.10638 3.12139 2.38937 3.39108 18 6 2 13 6
532 3783 11.79261 0.01484 0.71229 0.13988 48 35 1 40 25
229 3516 11.83603 0.02063 0.71519 1.18729 121 116 4 100 67
5407 6672 11.61022 1.98239 1.74244 1.35248 59 33 12 54 21
105 3405 10.30328 0.02403 0.41685 1.09718 68 65 1 60 37
1250 7179 10.82512 3.00906 1.44517 0.79819 33 5 0 25 9
6134 7909 11.09334 3.13980 1.89822 0.54894 115 0 6 86 32
1538 6800 10.00986 3.13936 3.74268 2.31122 6 0 0 0 0
3233 8332 11.28283 0.19775 1.25607 1.94883 70 22 1 59 20
1250 7185 11.46706 2.97565 1.50798 0.30519 52 0 0 36 19
367 8881 11.25742 0.03415 0.65499 0.36584 64 49 7 49 39
8851 8903 10.87758 0.03191 0.54321 1.78180 87 60 10 67 28
7163 7227 11.30097 1.23672 0.67517 1.44591 119 107 12 112 91
1263 7139 11.60710 3.04318 1.96160 1.09575 56 2 0 48 14
1622 5377 10.00534 0.02559 0.44518 1.26671 37 31 4 33 23
1177 4562 11.54704 0.05295 0.40331 1.00755 39 27 5 30 23
3029 8133 10.50345 0.01303 0.54077 0.59479 36 30 2 30 27
1409 6925 10.24348 2.87217 0.62363 1.39100 29 11 5 22 9
2665 5613 10.83734 0.09575 0.08408 1.12605 24 23 0 21 12
1678 5403 10.94540 1.13851 1.13743 0.41307 27 2 0 19 9
5416 6678 11.92093 2.03890 2.29858 1.64972 65 45 9 52 19
2735 5688 10.25589 0.08270 0.29399 1.29965 20 13 5 14 6
1592 6749 10.57266 3.13709 1.31857 1.68191 19 9 0 12 10
1248 7191 10.42904 2.91139 2.18240 0.38461 76 0 0 60 27
1426 5071 11.44287 0.45463 0.79287 0.69661 57 39 4 47 32
192 8650 11.83438 0.01129 0.25421 0.50590 66 62 3 59 32
3047 8150 10.53539 0.03481 0.06426 1.16096 81 79 1 76 52
3469 8646 11.29900 0.00978 0.19555 0.79819 47 37 7 37 20
1213 4706 11.12573 0.09906 0.23326 2.51637 123 116 7 109 84
1099 4475 10.85715 0.05417 0.31714 0.22381 69 65 3 64 38
421 3656 11.26950 0.01192 0.35932 0.35936 204 193 11 189 146
662 3879 10.00162 0.02537 0.31649 0.34378 128 118 9 120 78
65 8585 10.74196 0.02857 1.15263 0.63056 48 20 0 48 26
869 4131 11.49482 0.00704 0.34613 0.41307 56 53 2 48 29
3261 8367 10.18055 0.90672 0.31330 1.24804 56 40 6 48 31
191 8676 10.85739 0.01627 0.32227 0.50513 96 93 1 87 66
537 3786 10.26905 0.01459 0.33245 0.40445 59 42 16 47 28
2942 6000 10.13712 1.02719 0.43724 1.45911 40 21 4 32 14
339 3582 11.07659 0.02189 0.44269 0.66910 99 93 4 97 69
4968 6996 11.42188 3.09670 0.98799 2.37273 13 1 0 9 5
2591 5585 11.46648 1.38067 1.15117 1.45911 38 19 11 34 10
976 4213 11.91001 0.44477 1.19912 2.21063 125 119 6 110 40
4910 7013 11.18828 2.99508 1.62630 1.84313 85 1 0 75 37
1655 6681 10.84117 1.78538 1.17900 0.94378 92 67 16 64 18
2958 8092 11.48210 0.04144 0.35018 1.18894 40 39 1 33 16
1132 4482 10.47787 0.07895 0.44308 0.80891 70 29 18 64 22
1408 5007 10.78992 0.08551 0.34698 1.46313 82 75 6 75 46
769 3981 10.28932 0.27680 0.61304 2.37042 55 25 2 36 29
1130 4476 11.33315 0.08089 0.14174 0.30132 103 95 8 101 63
2661 5639 10.78855 0.09797 0.24561 0.59017 15 13 2 11 5
1216 7187 11.86606 2.85067 2.33888 2.85307 143 0 0 108 64
4757 7150 10.35057 3.12753 1.75100 1.59961 64 0 0 49 31
3363 8531 10.02579 0.01563 0.07850 0.81277 65 51 10 55 29
1366 6980 11.22658 3.09564 1.86325 1.17503 25 0 0 22 12
322 8824 10.70421 0.05112 0.45788 0.60523 116 95 3 105 84
253 3533 10.07381 0.01522 0.48403 0.43879 98 97 1 86 69
1541 6820 11.95588 3.13107 32.45505 3.58376 5 0 0 1 1
3589 8857 11.26583 0.05082 0.65952 2.86840 86 75 0 73 46
1351 7022 10.63067 3.12180 1.80855 2.97690 47 0 0 38 13
1290 4812 10.21574 0.02344 0.36057 0.60974 83 52 25 77 35
7176 7230 11.12103 1.25418 0.47746 1.70915 55 38 12 53 37
2594 5597 11.45521 1.31962 0.59695 1.42985 15 7 1 4 6
2653 5634 11.79973 0.05114 0.88391 1.27932 16 13 2 13 7
3062 8165 11.55130 0.04840 0.48528 2.00662 32 26 2 30 14
4679 7225 11.35288 1.83809 1.89424 1.34697 51 11 1 34 24
4859 7081 11.68554 3.11619 2.26808 0.59742 72 0 0 63 17
3386 8531 10.75178 0.01039 0.07198 0.58751 86 78 4 74 53
1627 5326 11.75301 0.02710 0.27581 1.12744 23 15 5 17 11
6356 7620 10.42478 1.73005 0.84195 2.49622 24 9 3 9 7
4904 7044 11.76883 3.09693 1.80815 2.63046 163 6 0 157 65
1170 4608 11.71303 0.03794 0.45977 0.99623 30 18 6 19 8
1614 5367 10.98412 0.01304 1.86691 0.69210 20 9 8 18 5
3194 8343 11.41136 0.07426 0.83167 0.93083 45 32 11 45 25
3422 8616 11.77707 0.03243 0.66065 0.45714 48 42 1 39 28
7165 7229 11.66662 1.28931 1.38575 1.48596 52 22 3 50 35
914 4142 10.49397 0.00972 0.45601 0.52563 47 38 7 33 14
2901 5947 11.18402 0.03651 0.66460 2.11896 38 32 6 26 11
7162 7225 11.08314 1.16855 0.79736 0.85638 96 84 11 89 55
56 8547 11.75274 0.00574 2.05657 0.65611 95 0 0 78 66
5237 5295 11.24141 0.01397 0.83211 0.98636 20 12 3 16 8
2593 5582 11.56355 1.34431 1.00856 2.07490 31 20 6 25 20
6228 7812 11.51755 3.13286 0.52565 1.82563 15 9 0 10 8
3092 8196 11.34989 0.12846 0.60675 0.61676 15 6 2 8 5
755 4009 11.81708 0.12823 0.25079 1.56047 57 50 4 48 32
1224 4670 10.01207 0.05575 0.26057 0.59807 115 111 4 105 68
3605 8830 11.32970 0.06066 0.98440 3.45389 84 29 14 69 51
5382 6692 10.14992 2.20815 1.34445 0.88071 21 6 13 17 8
4758 7153 11.79342 3.11472 1.71249 1.68261 44 5 0 27 14
116 8583 10.99558 0.01661 0.56841 0.74808 37 32 2 35 27
1031 4314 10.09291 0.01767 0.29116 1.07520 26 24 2 26 14
3620 8883 11.31508 0.03541 1.13618 0.76821 107 21 9 89 76
3173 8280 11.97832 0.11593 0.48696 0.84580 40 29 5 36 21
4782 7130 10.77576 3.06593 2.14507 1.40305 97 0 0 81 38
1051 4371 10.37330 0.01401 0.38511 0.13706 69 61 7 67 48
991 4303 11.40733 0.34054 0.46674 0.73329 82 54 2 78 53
333 3578 10.01554 0.02137 0.51354 0.19180 127 114 7 125 100
