0.03426 0.01508
0.03188 0.02205
0.01992 0.01565
0.02111 0.01471
0.00210 0.00226
0.00514 0.00543
0.03434 0.01654
0.02495 0.01724
0.01979 0.01417
0.01930 0.01510
0.02511 0.01985
0.02040 0.01373
0.01579 0.01948
0.02443 0.01361
0.00312 0.00251
0.00202 0.00187
0.01498 0.01281
0.00243 0.00273
0.02215 0.01636
0.00204 0.00190
0.02352 0.02320
0.03171 0.01769
0.01977 0.01349
0.01913 0.01283
0.02409 0.02648
0.00220 0.00239
0.00196 0.00183
0.00210 0.00179
0.00520 0.00525
0.02676 0.02292
0.01579 0.01238
0.00241 0.00257
0.02039 0.02556
0.01799 0.01278
0.00223 0.00212
0.00230 0.00179
0.02469 0.01396
0.00230 0.00241
0.00213 0.00226
0.01590 0.01313
0.01743 0.01394
0.00244 0.00228
0.02007 0.01753
0.01768 0.01418
0.00330 0.00342
0.02159 0.01681
0.00320 0.00310
0.02355 0.02648
0.00219 0.00248
0.00648 0.00650
0.00208 0.00254
0.01131 0.00990
0.02165 0.01617
0.00205 0.00229
0.00189 0.00195
0.02022 0.01731
0.02212 0.02187
0.02838 0.01991
0.01407 0.01523
0.01576 0.01317
0.03551 0.02062
0.00322 0.00320
0.02097 0.01999
0.03847 0.02488
0.00494 0.00479
0.02438 0.01491
0.00550 0.00539
0.01991 0.01677
0.02792 0.02258
0.01666 0.01373
0.02637 0.01618
0.00175 0.00160
0.00245 0.00237
0.00223 0.00273
0.00163 0.00205
0.02693 0.01378
0.00234 0.00245
0.00265 0.00263
0.01439 0.01126
0.02388 0.01789
0.02430 0.01985
0.00303 0.00272
0.00249 0.00320
0.01918 0.01618
0.01805 0.02440
0.03084 0.02205
0.00470 0.00512
0.02506 0.02378
0.02469 0.02900
0.02158 0.01480
0.02815 0.02123
0.02830 0.02215
0.00570 0.00523
0.00643 0.00592
0.00209 0.00243
0.00344 0.00323
0.00178 0.00213
0.02863 0.01556
0.01487 0.01249
0.01584 0.01303
0.02059 0.01738
0.00197 0.00215
0.02020 0.01727
0.00483 0.00535
0.01968 0.01436
0.01603 0.01338
0.00247 0.00304
0.01690 0.01319
0.00463 0.00455
0.00219 0.00198
0.01877 0.01831
0.00296 0.00334
0.00626 0.00620
0.01739 0.01113
0.00281 0.00269
0.02293 0.01966
0.01400 0.01168
0.02256 0.01958
0.00286 0.00253
0.02416 0.01408
0.02498 0.01777
0.01739 0.01382
0.02379 0.02209
0.02433 0.01876
0.01394 0.00922
0.02958 0.01829
0.02110 0.01482
0.02661 0.01599
0.00452 0.00441
0.01952 0.01530
0.02007 0.01766
0.00223 0.00206
0.01567 0.01323
0.00875 0.00967
0.00611 0.00626
0.00433 0.00472
0.01820 0.01377
0.00190 0.00176
0.02117 0.01904
0.00870 0.01001
0.02253 0.02146
0.02036 0.01739
0.00458 0.00478
0.00603 0.00561
0.01389 0.01969
0.01826 0.01965
0.00215 0.00191
0.01779 0.01302
0.01718 0.01550
0.02346 0.01916
0.02018 0.01175
0.00473 0.00483
0.01994 0.01289
0.02248 0.02046
0.00250 0.00242
0.00267 0.00274
0.00227 0.00218
0.00416 0.00369
0.00451 0.00492
0.04221 0.02544
0.00490 0.00475
0.00212 0.00282
0.00180 0.00215
0.00477 0.00501
0.02149 0.01932
0.02016 0.02196
0.01603 0.01290
0.00252 0.00255
0.01220 0.01245
0.02100 0.01598
0.00541 0.00481
0.01610 0.01375
0.00234 0.00269
0.00218 0.00239
0.03600 0.02299
0.00198 0.00229
0.03022 0.02414
0.00591 0.00531
0.02375 0.02625
0.00333 0.00325
0.00225 0.00224
0.02141 0.01945
0.02753 0.02332
0.00281 0.00377
0.03136 0.01813
0.02183 0.01344
0.01675 0.01314
0.00224 0.00241
0.00204 0.00209
0.00193 0.00191
0.00187 0.00174
0.00194 0.00192
0.00413 0.00442
0.02140 0.01877
0.01576 0.01263
0.00198 0.00228
0.02056 0.01352
0.00473 0.00494
0.02037 0.02038
0.00203 0.00229
