446 3199 11.02616 0.00596 0.43567 0.82945 22 12 2 22 16 169 100.00000 0
970 3710 10.50514 0.01346 0.32589 0.50976 88 57 4 80 65 312 100.00000 0
1932 4317 10.24720 0.01068 0.52271 0.51738 25 16 4 23 17 131 100.00000 0
1942 4324 11.27231 0.12341 0.15720 0.92408 43 19 4 41 22 161 100.00000 0
2096 4487 10.74992 0.00701 0.64754 0.47970 70 34 7 60 42 497 100.00000 0
1454 3957 11.80910 0.01935 0.27198 1.34639 49 32 2 38 33 309 100.00000 0
1051 1145 10.51026 0.00644 0.43623 0.37639 71 39 12 64 48 282 100.00000 0
1107 3775 11.26470 0.00539 1.55810 0.65611 40 0 0 38 28 197 100.00000 0
2035 4446 10.53792 0.01252 0.44726 0.71655 68 35 13 66 28 492 100.00000 0
2704 5091 10.10636 0.09356 0.83589 1.71600 40 23 8 30 20 191 100.00000 0
3070 5383 11.59731 0.26178 0.80757 1.13367 54 22 10 44 29 222 100.00000 0
1056 3769 11.75448 0.00359 0.71755 0.90005 45 19 0 35 28 252 100.00000 0
863 3602 11.00605 0.01536 0.33185 0.88293 235 126 62 227 144 691 100.00000 0
1198 1254 10.99298 0.01512 0.52001 0.45284 100 69 6 98 76 367 100.00000 0
969 3708 11.49496 0.01151 0.18931 0.45456 74 51 9 61 50 233 100.00000 0
1058 3770 11.00069 0.00455 0.82385 0.34264 44 6 0 37 28 200 100.00000 0
3002 5329 11.24773 0.15329 1.33185 0.31153 9 0 0 5 4 105 100.00000 0
989 3744 10.75920 0.00297 0.33351 0.07402 143 88 28 114 103 459 100.00000 0
1120 3775 11.26472 0.00530 1.34828 0.66969 41 0 0 38 28 219 100.00000 0
2558 4949 10.39393 0.00345 0.37619 0.16071 44 23 12 40 18 286 100.00000 0
1067 1246 11.49210 0.01362 0.50341 0.69323 62 40 14 60 37 306 100.00000 0
3056 5372 10.55450 0.38601 1.01043 2.02507 102 37 31 85 48 347 100.00000 0
1052 1161 10.01027 0.00747 0.29513 0.55036 56 37 6 46 43 230 100.00000 0
336 3055 10.74307 0.21789 0.45000 0.78285 65 27 28 59 41 246 100.00000 0
1003 3742 10.76483 0.00843 0.54326 0.53668 148 69 21 122 94 396 100.00000 0
1048 1113 11.51041 0.00244 0.66558 0.41117 61 10 1 45 39 220 100.00000 0
1113 3775 11.26470 0.00539 1.29432 0.34718 50 0 0 42 33 241 100.00000 0
1495 3992 10.85976 0.23470 0.67740 0.97959 28 5 3 15 12 125 100.00000 0
1001 3755 10.25983 0.00183 0.36098 0.26244 179 134 23 151 129 433 100.00000 0
1102 3775 11.26470 0.00539 1.44813 0.49178 57 0 0 45 45 201 100.00000 0
1553 4011 10.80385 0.57161 1.42025 2.82383 12 2 4 12 3 106 100.00000 0
2010 4402 11.86821 0.04910 0.37257 0.11869 121 83 11 112 92 423 100.00000 0
511 3263 11.07284 0.00692 0.32158 0.48618 74 43 5 63 47 363 100.00000 0
3054 5400 11.55357 0.20042 0.67197 0.87133 76 50 14 74 43 271 100.00000 0
3100 5414 10.79741 0.01700 0.24140 0.05595 74 48 10 58 43 333 100.00000 0
1065 1242 10.48048 0.01185 0.38029 0.65730 53 25 8 49 35 268 100.00000 0
1029 3759 11.25482 0.00535 0.56135 0.46140 39 7 2 28 18 160 100.00000 0
2308 4686 10.49719 0.01559 0.33297 0.40926 163 128 17 148 108 603 100.00000 0
2775 5129 10.23692 0.33622 0.66402 1.06569 10 3 4 7 5 38 100.00000 0
3124 5524 11.50189 0.01605 1.09244 0.58484 67 0 0 62 42 277 100.00000 0
3121 5439 11.56932 0.02335 0.48577 0.12195 62 29 12 50 31 320 100.00000 0
1537 3978 10.38453 0.07665 0.82617 1.36630 41 4 2 34 27 118 100.00000 0
1002 3757 11.75166 0.00129 0.48100 0.12511 111 62 20 104 80 281 100.00000 0
2246 4637 10.01888 0.01909 0.34769 0.25641 162 115 19 156 123 539 100.00000 0
1049 1203 11.26035 0.00239 0.45456 0.24708 76 34 10 68 58 285 100.00000 0
320 5366 10.75665 0.79781 0.87457 0.94128 74 32 26 63 40 234 100.00000 0
329 3042 11.13383 0.48890 0.96349 0.96063 87 12 15 70 49 358 100.00000 0
868 3622 10.74057 0.00640 0.34498 0.23739 107 64 20 92 71 429 100.00000 0
1375 3884 11.01959 0.00937 0.58909 0.25023 48 11 10 32 27 251 100.00000 0
2555 4932 10.74375 0.00857 0.33644 0.34378 44 27 6 40 28 266 100.00000 0
2846 5195 11.52873 0.00229 0.13749 0.16071 18 12 5 18 11 67 100.00000 0
1971 4390 11.22194 0.18731 0.66502 1.43313 140 83 9 132 92 413 100.00000 0
330 3042 11.89167 0.48724 1.01490 1.56072 80 20 22 54 46 287 100.00000 0
906 3645 11.25419 0.01686 0.52866 0.32385 111 49 20 111 89 375 100.00000 0
472 3226 10.54192 0.01195 0.51074 0.34150 53 19 2 47 40 300 100.00000 0
2871 5218 10.03769 0.00338 0.51110 0.70886 43 26 2 40 35 341 100.00000 0
3125 5447 10.41026 0.02566 0.75264 0.31652 124 13 0 112 95 485 100.00000 0
1058 3786 11.25808 0.00569 0.84213 0.35827 54 1 6 46 32 286 100.00000 0
529 3295 11.02476 0.00714 0.64004 0.30774 70 24 3 49 47 229 100.00000 0
423 3190 10.02565 0.01005 0.35443 0.64589 47 25 12 41 26 359 100.00000 0
1960 4340 10.84285 0.70812 0.42619 1.67211 58 12 7 58 33 242 100.00000 0
1356 3852 10.25012 0.00530 0.30495 0.19383 68 45 10 66 47 283 100.00000 0
1328 3842 10.26192 0.00507 0.53945 1.11557 105 50 16 95 71 322 100.00000 0
3105 5447 10.00645 0.00929 0.56166 0.22381 93 33 19 78 62 350 100.00000 0
1975 4357 11.54103 0.60550 1.75304 2.85293 126 3 18 114 82 335 100.00000 0
651 3412 10.50757 0.00586 0.44534 0.13988 62 34 15 53 36 304 100.00000 0
652 3413 10.76508 0.00644 0.49099 0.18975 79 44 10 73 52 262 100.00000 0
3142 5474 11.17581 0.03018 0.45144 0.46646 85 35 3 75 63 370 100.00000 0
1511 4003 10.99090 0.47855 0.88968 1.55268 23 1 1 15 14 112 100.00000 0
351 3106 11.52178 0.00999 0.36205 0.59742 69 52 11 63 44 368 100.00000 0
1225 3776 11.25022 0.00491 1.06257 0.29074 42 0 0 25 17 183 100.00000 0
704 3449 11.29301 0.00249 0.49223 0.27976 143 88 31 137 114 406 100.00000 0
377 5502 10.60948 0.01007 1.04825 0.53082 63 0 0 51 42 241 100.00000 0
2495 4887 10.14791 0.00517 0.39541 0.19979 43 28 8 41 27 236 100.00000 0
2207 4600 11.34770 0.05430 0.34014 0.83228 84 59 14 76 54 470 100.00000 0
2343 4721 10.51235 0.00517 0.43736 0.61294 114 80 14 101 87 450 100.00000 0
888 3642 10.50225 0.01011 0.56009 0.40926 73 34 15 54 43 308 100.00000 0
1568 4018 11.68686 0.66333 1.02733 3.00022 21 4 2 10 5 120 100.00000 0
773 3514 11.32082 0.00129 0.31862 0.15066 56 34 7 47 34 199 100.00000 0
1127 3775 11.26472 0.00530 1.35877 0.54393 38 0 0 31 25 165 100.00000 0
1577 4024 11.70227 0.76675 0.88177 1.80103 19 2 0 11 9 118 100.00000 0
1319 3821 10.50052 0.00563 0.37273 0.41307 91 70 4 76 69 336 100.00000 0
1096 1252 10.00167 0.01499 0.48190 0.45111 56 37 4 56 40 298 100.00000 0
678 3439 11.99753 0.00837 0.45385 0.46478 70 53 4 66 50 240 100.00000 0
1632 4062 11.73529 0.16274 0.40679 0.94295 37 14 1 34 17 217 100.00000 0
2501 4880 10.48971 0.00420 0.37214 0.32021 58 33 5 56 37 258 100.00000 0
693 3453 11.50229 0.01429 0.56785 0.81901 124 88 17 113 85 414 100.00000 0
3125 5497 10.24809 0.01476 1.47123 0.73061 88 0 0 81 69 340 100.00000 0
839 3578 11.56268 0.02128 0.69807 0.27411 76 20 9 67 57 247 100.00000 0
1511 1578 10.45149 0.46218 0.88485 3.55457 33 0 1 26 16 133 100.00000 0
3147 5499 11.71772 0.03787 1.30446 0.59083 58 0 0 48 33 285 100.00000 0
2123 4512 10.27032 0.01380 0.25601 0.58283 123 87 21 106 76 539 100.00000 0
1930 4350 11.51540 0.39810 0.79048 1.78553 41 8 12 39 18 185 100.00000 0
1093 1252 10.00168 0.01625 0.75620 0.58551 71 17 3 57 37 323 100.00000 0
1595 4035 10.34610 0.78671 0.75854 0.68300 14 4 3 14 9 110 100.00000 0
1065 1243 10.74199 0.01196 0.35844 0.68643 68 40 16 63 45 270 100.00000 0
338 5414 10.27427 0.02548 0.65006 0.96955 110 58 12 108 78 377 100.00000 0
388 3128 11.69964 0.01924 0.34059 0.61866 67 35 14 62 41 371 100.00000 0
316 3029 10.56039 0.84519 1.07139 1.32736 47 9 11 32 20 266 100.00000 0
2703 5092 11.59335 0.11077 0.77405 1.97516 41 25 8 36 24 182 100.00000 0
2673 5044 10.73859 0.00372 0.49090 0.36691 109 38 20 92 72 413 100.00000 0
442 3211 11.05614 0.00653 0.27008 0.46814 54 25 11 45 28 241 100.00000 0
326 5396 10.55699 0.09433 0.24103 0.99071 69 43 11 63 49 318 100.00000 0
2010 4404 10.28962 0.03874 0.47801 0.25488 110 62 11 106 93 449 100.00000 0
386 5465 11.19806 0.01207 1.00443 0.67609 110 3 0 101 69 307 100.00000 0
1048 1195 11.51041 0.00207 0.67686 0.32021 59 11 1 55 46 224 100.00000 0
1051 1160 10.51026 0.00644 0.42837 0.35608 85 49 15 78 56 315 100.00000 0
1471 3972 11.25818 0.00450 0.43866 0.23407 31 17 5 26 20 140 100.00000 0
332 3047 11.16904 0.36433 0.73514 0.87804 84 34 35 78 44 305 100.00000 0
1049 1215 11.50055 0.00285 0.51244 0.29475 77 37 11 65 50 293 100.00000 0
3111 5458 11.50593 0.01367 0.59121 0.27554 86 35 10 71 53 275 100.00000 0
3055 5371 10.67709 0.40379 0.86095 1.88513 88 39 35 82 56 336 100.00000 0
1204 1254 10.99298 0.01512 0.58149 0.47560 79 49 4 70 47 317 100.00000 0
521 3273 10.33115 0.01285 0.47894 0.86139 62 23 8 53 34 329 100.00000 0
1050 1129 10.76029 0.00453 0.39467 0.53155 53 19 8 51 37 261 100.00000 0
3043 5359 11.30984 0.54182 0.81940 1.27103 84 53 15 82 59 313 100.00000 0
1938 4359 10.03699 0.73822 0.48830 2.20797 88 16 0 86 74 269 100.00000 0
3016 5371 10.13344 0.51162 0.61153 0.77025 89 49 25 74 49 275 100.00000 0
1578 4024 11.23628 0.75030 0.82970 1.94642 12 0 0 5 2 87 100.00000 0
2752 5106 11.59131 0.41535 1.58749 0.84627 6 1 3 6 3 30 100.00000 0
422 3172 10.60913 0.05959 0.46252 0.59413 91 53 15 80 60 450 100.00000 0
1055 3785 10.78185 0.00437 0.60113 0.45197 54 20 10 50 36 253 100.00000 0
3050 5366 10.69881 0.47771 0.90018 1.24112 97 37 36 90 55 330 100.00000 0
520 3272 10.27988 0.01279 0.41759 0.76515 61 31 9 54 35 337 100.00000 0
467 3220 11.78841 0.00335 0.13498 0.68643 47 24 4 21 22 245 100.00000 0
2382 4774 10.64422 0.00514 0.27453 0.26095 145 120 10 132 111 500 100.00000 0
1048 1213 11.75047 0.00162 0.40116 0.85547 49 19 5 42 31 211 100.00000 0
1543 4011 11.93215 0.62597 0.48261 3.56095 12 1 0 6 2 57 100.00000 0
1419 3925 11.75246 0.00120 0.33551 0.26541 38 21 3 26 21 299 100.00000 0
2050 4459 10.40223 0.02128 0.35178 1.19649 105 61 14 100 77 603 100.00000 0
394 5511 11.79437 0.00900 0.90821 0.58884 39 0 0 36 25 238 100.00000 0
1167 1254 10.99297 0.01526 0.48533 0.55178 92 66 6 87 67 342 100.00000 0
1086 1254 10.98311 0.01724 0.52020 0.67897 76 53 14 67 46 323 100.00000 0
335 5411 11.55337 0.02904 0.65787 0.95573 54 18 11 50 30 263 100.00000 0
662 3423 11.53666 0.00639 0.68915 0.34943 117 34 3 107 92 427 100.00000 0
1153 1254 10.99297 0.01526 0.64257 0.60393 92 58 6 88 65 356 100.00000 0
1071 1247 10.73242 0.01508 0.48708 0.71655 67 49 13 67 31 268 100.00000 0
496 3263 11.27277 0.00598 0.37725 0.27695 46 29 5 35 26 225 100.00000 0
1059 1234 10.25041 0.00633 0.22417 0.67782 55 38 7 53 41 284 100.00000 0
336 3084 10.31649 0.01402 0.23869 0.80015 108 82 13 102 66 345 100.00000 0
1657 4083 11.65928 0.00783 0.39513 0.13122 73 40 13 55 49 265 100.00000 0
3131 5454 11.60886 0.02456 0.42494 0.30001 58 28 17 45 35 374 100.00000 0
964 3704 10.24505 0.00637 0.29423 0.20936 89 65 13 81 63 332 100.00000 0
1567 3982 10.67882 0.25332 0.54247 1.49148 30 10 0 26 15 128 100.00000 0
696 3455 10.52626 0.01177 0.58967 0.67202 138 99 10 134 99 421 100.00000 0
1430 3934 10.00150 0.00530 0.37814 0.31775 85 48 8 74 62 346 100.00000 0
1530 3977 11.13217 0.07572 0.90195 0.95491 27 2 3 18 12 150 100.00000 0
1345 3841 11.49144 0.00659 0.55024 0.77329 60 32 8 53 41 240 100.00000 0
1052 1122 10.01027 0.00747 0.42712 0.55813 91 45 8 81 74 305 100.00000 0
2188 4582 11.16398 0.03299 0.77466 1.23511 103 48 21 101 64 463 100.00000 0
1666 4063 11.50654 0.00437 0.41447 0.51889 55 11 1 49 38 294 100.00000 0
380 3118 11.94649 0.02089 0.42994 0.74230 60 26 18 49 39 315 100.00000 0
1106 3775 11.26470 0.00539 1.82369 0.89351 43 0 0 33 29 176 100.00000 0
2036 4448 11.95592 0.01199 0.32288 0.66264 88 52 19 69 47 492 100.00000 0
2060 4452 11.96203 0.02507 0.98116 1.45562 86 23 6 78 51 634 100.00000 0
1188 1255 11.49280 0.01448 0.68110 0.48537 59 27 10 45 38 287 100.00000 0
2579 4955 10.98833 0.00378 0.53217 0.21122 59 28 9 50 41 282 100.00000 0
2073 4465 11.23283 0.01626 0.65098 0.95736 130 60 12 120 89 643 100.00000 0
3147 5501 11.71978 0.03761 1.15019 0.30774 37 0 0 21 22 195 100.00000 0
350 5434 11.77858 0.00808 0.64052 0.51738 77 35 10 65 44 328 100.00000 0
1532 1590 11.75203 0.63469 0.23459 2.10171 16 2 4 10 5 104 100.00000 0
454 3208 10.26967 0.00934 0.28300 0.56302 93 72 10 87 71 326 100.00000 0
2099 4503 10.40626 0.00801 0.35538 0.55320 62 42 7 56 46 564 100.00000 0
1610 4048 11.70743 0.80451 1.31475 2.29200 18 2 0 11 8 110 100.00000 0
374 3111 11.47244 0.01277 0.27838 0.59479 51 29 8 47 34 241 100.00000 0
1579 4022 10.25019 0.65877 0.58839 4.39204 18 3 0 5 6 120 100.00000 0
1061 1239 10.74874 0.00923 0.41917 0.70831 49 22 5 35 30 249 100.00000 0
512 3278 10.28714 0.00869 0.30596 0.89351 54 31 9 41 33 332 100.00000 0
1531 3978 10.10436 0.06843 1.13165 1.10429 61 0 0 56 40 166 100.00000 0
1506 4001 11.45928 0.43469 0.30659 1.59790 30 17 5 23 16 103 100.00000 0
3005 5363 11.84593 0.46872 0.51636 0.77531 37 9 6 29 19 194 100.00000 0
