0.02288 0.01953 0.00332
0.02260 0.02688 0.01099
0.01701 0.01762 0.00782
0.02159 0.02463 0.02122
0.01542 0.01619 0.01569
0.01935 0.02416 0.01998
0.01493 0.01614 0.00066
0.01857 0.03007 0.00216
0.01531 0.01505 0.00199
0.02009 0.02073 0.00164
0.01803 0.01965 0.01781
0.01804 0.01987 0.01940
0.01262 0.01493 0.00938
0.01387 0.01669 0.02263
0.02503 0.02196 0.00147
0.01688 0.01647 0.01507
0.02241 0.02620 0.00544
0.02139 0.02600 0.00375
0.01743 0.01735 0.01983
0.01646 0.01614 0.00274
0.01697 0.01771 0.01480
0.02611 0.01720 0.00175
0.01854 0.01938 0.00141
0.01651 0.01990 0.00750
0.02891 0.01768 0.01077
0.01519 0.02222 0.00547
0.02730 0.02220 0.01892
0.01758 0.01814 0.01067
0.02142 0.02582 0.00651
0.01104 0.01076 0.00153
0.02892 0.01903 0.00189
0.01678 0.01705 0.00607
0.02234 0.02835 0.01932
0.01652 0.01573 0.01482
0.02245 0.02569 0.00267
0.01967 0.03069 0.00532
0.01563 0.01542 0.00181
0.01253 0.01595 0.00780
0.01896 0.02222 0.00777
0.02043 0.02972 0.01907
0.02284 0.02746 0.00279
0.01455 0.01084 0.01125
0.02150 0.02043 0.01931
0.02066 0.02383 0.01311
0.01856 0.01822 0.01882
0.02311 0.02850 0.01695
0.02141 0.03032 0.00411
0.01955 0.02336 0.00659
0.02210 0.02987 0.00678
0.02169 0.02821 0.00093
0.01684 0.01634 0.00144
0.01965 0.02447 0.00370
0.01780 0.01757 0.01917
0.01272 0.01804 0.01949
0.01133 0.01250 0.00441
0.01099 0.01059 0.00555
0.01646 0.01510 0.01866
0.01828 0.02085 0.00082
0.02268 0.02673 0.00884
0.01782 0.02032 0.01895
0.01944 0.02324 0.01277
0.01857 0.02118 0.01862
0.01495 0.01745 0.00547
0.01785 0.01841 0.01992
0.02010 0.02404 0.01976
0.01961 0.02299 0.01986
0.02167 0.02501 0.00781
0.01548 0.01571 0.01139
0.01755 0.01692 0.01472
0.01476 0.01723 0.00259
0.01914 0.02216 0.01028
0.01373 0.01368 0.01714
0.01364 0.01353 0.01030
0.02621 0.02396 0.00819
0.02023 0.02248 0.00475
0.01267 0.01138 0.01878
0.01759 0.01667 0.00490
0.01471 0.01982 0.00234
0.02033 0.02236 0.00297
0.02173 0.02655 0.01114
0.02066 0.02683 0.01920
0.01826 0.01809 0.01152
0.02155 0.02487 0.01202
0.01353 0.01571 0.00183
0.01775 0.01749 0.00198
0.01488 0.01699 0.01851
0.01749 0.01695 0.00154
0.01732 0.01744 0.02100
0.02125 0.02671 0.01679
0.02073 0.02323 0.02208
0.01802 0.01725 0.00115
0.01720 0.01580 0.00226
0.01535 0.01600 0.00519
0.01288 0.01596 0.00703
0.01684 0.02154 0.00986
0.01295 0.01173 0.00564
0.03094 0.02660 0.00523
0.02167 0.02601 0.01316
0.03389 0.02747 0.00320
0.01307 0.02368 0.01600
0.01562 0.01509 0.00258
0.01994 0.01903 0.01343
0.01724 0.01856 0.00237
0.01902 0.02224 0.01037
0.01845 0.03118 0.00215
0.02053 0.02311 0.00193
0.02215 0.02109 0.01041
0.01258 0.01570 0.00833
0.01749 0.02014 0.00358
0.02758 0.02222 0.01060
0.01756 0.02408 0.01117
0.01232 0.01262 0.01005
0.01446 0.01624 0.00981
0.02022 0.02602 0.01893
0.01706 0.02196 0.01175
0.02045 0.01942 0.00620
0.01376 0.01653 0.01768
0.01862 0.02132 0.01269
0.02279 0.02755 0.00131
0.01450 0.01628 0.00533
0.01728 0.01606 0.00255
0.01951 0.02444 0.00225
0.01849 0.02030 0.00231
0.01818 0.01946 0.01713
0.01247 0.01605 0.00809
0.03055 0.02872 0.01878
0.02058 0.02673 0.00918
0.01865 0.02199 0.00270
0.01820 0.01879 0.01376
0.02150 0.02231 0.02213
0.01648 0.01732 0.00310
0.03107 0.01621 0.01891
0.01802 0.01648 0.00191
0.01374 0.01559 0.00562
0.02324 0.02731 0.01923
0.01879 0.02318 0.01537
0.02030 0.01639 0.00797
0.01316 0.01709 0.01497
0.01775 0.01574 0.01034
0.01858 0.02151 0.00706
0.02425 0.02809 0.00791
0.03355 0.02418 0.01185
0.02231 0.02034 0.00867
0.01433 0.01665 0.00161
0.02141 0.02867 0.00259
0.02008 0.02439 0.01295
0.01344 0.01237 0.01060
0.01853 0.02551 0.00153
0.02168 0.02429 0.01437
0.01883 0.02912 0.00887
0.01743 0.01865 0.00188
0.02244 0.02659 0.00760
0.01999 0.02334 0.01143
0.02055 0.01990 0.01183
0.01603 0.01641 0.00861
0.01970 0.02382 0.01549
0.02199 0.02775 0.00212
0.03209 0.02133 0.00309
0.02972 0.01670 0.00818
0.01714 0.01659 0.01035
0.01217 0.01517 0.00634
0.01783 0.01856 0.01934
0.01888 0.02294 0.00462
0.01760 0.01765 0.00248
0.01425 0.01382 0.00145
0.01325 0.01509 0.01106
0.02390 0.03218 0.00750
0.03043 0.02229 0.00695
0.02399 0.02370 0.01050
0.01635 0.01551 0.01026
0.04417 0.02355 0.00769
0.02290 0.01765 0.00299
0.01940 0.01990 0.01254
0.01680 0.01828 0.00393
0.01263 0.01255 0.01212
0.02484 0.01626 0.00951
0.01851 0.02066 0.00171
0.01956 0.02266 0.00905
0.01833 0.02157 0.01032
0.02165 0.02724 0.00367
0.02157 0.03014 0.00176
0.01955 0.02595 0.00697
0.01577 0.01470 0.00273
0.01547 0.01688 0.02076
0.02189 0.02896 0.00257
0.02944 0.01680 0.00148
0.01166 0.01163 0.00110
0.02057 0.02249 0.00595
0.01189 0.01714 0.00788
0.01845 0.01980 0.01687
0.02580 0.02691 0.00638
0.01957 0.02035 0.00246
0.01982 0.02415 0.00669
0.02342 0.02617 0.02435
0.01256 0.01582 0.00343
0.01641 0.01598 0.01901
0.01739 0.01799 0.00120
0.02076 0.02742 0.01960
0.01743 0.01987 0.01456
0.01894 0.01977 0.00284
