5988 8036 10.63461 2.17040 0.97778 3.00061 12 0 1 9 10 49 100.00000 0
1414 5052 10.33247 0.36931 0.28297 0.67724 52 31 11 52 25 333 100.00000 0
5077 6904 10.86195 3.00305 0.98762 2.88934 23 4 0 19 9 137 100.00000 0
1383 4966 10.28066 0.07490 0.26872 0.36045 13 4 7 10 3 157 100.00000 0
283 8736 11.53186 0.06029 0.94552 1.74675 23 6 3 13 12 209 100.00000 0
1444 5046 10.90901 0.33415 0.51233 0.78135 62 29 15 59 38 346 100.00000 0
5416 6686 11.19655 2.12976 1.12066 1.07556 6 0 0 2 3 47 100.00000 0
568 3789 11.33644 0.02823 0.42470 1.54535 27 12 4 21 13 215 100.00000 0
4743 7181 10.95530 2.92613 1.45478 0.83556 16 0 0 9 3 201 100.00000 0
551 3799 10.99034 0.03162 0.79025 1.19058 15 5 4 8 5 167 100.00000 0
451 3708 11.51139 0.00466 0.39062 1.30026 23 8 5 17 8 182 100.00000 0
1481 5085 11.31140 0.16682 0.78416 1.93533 53 17 4 50 35 330 100.00000 0
6308 7718 11.32889 3.08737 0.61898 1.64734 18 8 0 13 8 147 100.00000 0
4678 7207 11.63310 2.48294 1.48949 1.95525 25 0 0 22 14 276 100.00000 0
4701 7233 10.63455 1.64708 1.54447 2.48459 36 0 0 31 9 340 100.00000 0
1082 4433 11.63277 0.06594 0.17671 1.16399 44 24 8 29 23 419 100.00000 0
342 8893 11.77738 0.01828 0.58315 2.48049 16 2 0 14 6 207 100.00000 0
5111 6866 10.18816 3.12082 1.94096 1.75189 17 0 0 2 4 194 100.00000 0
6031 8030 10.30772 3.13107 0.64200 4.32880 17 1 6 10 10 189 100.00000 0
570 3792 10.40776 0.02981 0.18610 1.83206 7 4 2 7 3 73 100.00000 0
1524 5135 11.01220 0.00244 1.67842 5.53456 15 2 0 9 9 178 100.00000 0
2948 6004 10.19878 1.18354 0.50724 2.04545 8 0 2 6 5 74 100.00000 0
5390 6681 11.48172 2.06655 0.47337 1.53748 9 2 1 5 4 52 100.00000 0
1587 5217 10.75116 0.01148 0.44565 0.21489 24 4 8 22 7 276 100.00000 0
2916 5965 10.05853 0.09146 0.61464 2.22739 28 15 3 24 13 207 100.00000 0
6310 7717 11.61955 3.08949 0.51631 1.75970 29 10 11 19 16 183 100.00000 0
3625 8929 10.11312 0.03816 0.82925 1.45723 25 7 1 19 17 206 100.00000 0
1326 7027 10.51857 2.99876 1.80241 2.32490 46 0 0 28 14 526 100.00000 0
336 8867 11.13984 0.02555 0.66642 1.38847 23 5 5 16 9 175 100.00000 0
1600 6738 11.81658 3.13946 0.55892 0.77733 10 5 0 4 6 125 100.00000 0
1414 5015 11.07950 0.08558 0.30616 0.60523 48 32 9 46 28 291 100.00000 0
1482 6872 10.04486 3.12266 0.93334 1.12292 26 1 0 11 2 336 100.00000 0
6142 7877 11.44315 3.13854 1.58841 1.19124 41 0 0 32 23 283 100.00000 0
128 3419 11.74596 0.01835 0.54400 0.60328 20 7 0 7 9 161 100.00000 0
1100 4418 10.65491 0.05900 0.46849 0.56371 47 23 12 47 30 522 100.00000 0
941 4172 10.52709 0.02551 0.61436 1.88969 19 7 0 17 12 186 100.00000 0
2698 5646 11.29122 0.15585 0.61438 1.03249 27 12 11 27 12 172 100.00000 0
504 3733 10.98126 0.01194 0.32420 0.84163 14 8 2 9 8 82 100.00000 0
1449 6912 11.35509 2.89181 0.97059 2.24402 44 17 4 36 24 282 100.00000 0
1237 7135 10.41648 3.08859 1.83812 1.15758 21 0 0 4 3 197 100.00000 0
3223 8324 11.32034 0.02473 0.67639 0.91728 30 12 9 23 18 165 100.00000 0
2934 5949 10.19149 0.03884 0.32189 2.23336 18 9 7 16 8 179 100.00000 0
4771 7103 10.65832 3.09293 1.95960 1.38818 26 0 0 24 10 501 100.00000 0
4736 7121 10.95820 3.11465 1.62130 3.15591 18 0 0 1 6 313 100.00000 0
1012 4325 10.68182 0.02837 0.24445 1.39662 31 21 5 29 17 269 100.00000 0
108 8610 10.49891 0.04796 0.39031 0.59610 26 11 9 20 14 184 100.00000 0
5084 6894 10.58147 3.04418 1.32462 1.80363 29 1 0 25 14 224 100.00000 0
3234 8402 11.47139 0.97493 0.29368 3.36383 12 4 0 2 1 125 100.00000 0
1364 4931 11.87389 0.01883 0.63021 0.43701 35 10 11 25 16 267 100.00000 0
1637 6693 11.63501 2.20014 1.32443 2.02333 9 0 1 6 5 80 100.00000 0
3168 8276 11.53381 0.07247 0.47113 0.83790 13 2 3 10 7 184 100.00000 0
1143 4551 10.01507 0.07036 0.43692 1.09002 143 60 17 141 112 646 100.00000 0
3280 8398 11.13507 0.37005 0.26156 1.05165 12 4 0 4 2 117 100.00000 0
102 3428 11.50927 0.05388 0.52573 0.66676 16 7 2 10 9 149 100.00000 0
5010 6968 11.29138 2.95108 0.63736 1.52444 26 9 2 26 16 174 100.00000 0
1213 7223 11.34054 1.90211 1.60254 1.18894 22 0 0 20 9 120 100.00000 0
5048 6896 11.73193 2.63804 1.01385 2.18319 16 0 0 16 9 58 100.00000 0
243 8697 10.88567 0.03663 0.37170 2.14813 21 14 1 12 14 156 100.00000 0
4691 7164 11.27247 3.02844 1.33001 1.47485 19 0 0 17 10 284 100.00000 0
3233 8398 10.80862 0.87012 0.27038 0.46981 23 14 2 18 15 144 100.00000 0
3279 8399 10.36215 0.33464 0.81808 1.93553 8 2 0 5 4 123 100.00000 0
1215 4647 11.38444 0.07990 1.16747 1.12501 19 3 4 11 10 215 100.00000 0
3200 8307 10.45604 0.16594 1.75798 7.14460 40 22 0 8 11 225 100.00000 0
6037 7988 11.05039 3.13779 1.21310 5.10791 8 0 2 0 1 100 100.00000 0
1624 5383 11.25008 0.02525 1.98679 5.99793 10 0 0 6 3 87 100.00000 0
5230 6759 11.88507 3.12304 0.80660 1.31433 53 4 1 47 26 286 100.00000 0
1068 4364 11.00272 0.03437 0.38537 0.99032 30 20 1 24 23 341 100.00000 0
8856 8910 10.38949 0.03636 0.27779 2.46593 24 4 4 19 13 182 100.00000 0
3426 8620 11.04902 0.02550 0.20462 0.27124 13 6 4 13 6 141 100.00000 0
981 4224 11.26091 0.41318 0.53324 2.60804 15 7 1 8 6 160 100.00000 0
168 3467 10.54856 0.01504 0.65459 1.45616 16 3 1 7 5 162 100.00000 0
5301 6767 11.10638 3.12139 1.61889 1.30236 12 1 1 2 4 133 100.00000 0
532 3783 11.79261 0.01484 0.70259 0.37220 32 5 5 21 14 152 100.00000 0
229 3516 11.83603 0.02063 1.41532 2.96108 13 0 0 8 5 151 100.00000 0
105 3405 10.30328 0.02403 0.25752 1.21595 22 13 2 14 8 137 100.00000 0
6134 7909 11.09334 3.13980 1.31988 0.51129 20 0 1 10 9 313 100.00000 0
3233 8332 11.28283 0.19775 0.58866 1.78400 20 4 5 10 5 134 100.00000 0
1250 7185 11.46706 2.97565 1.85429 0.65012 14 0 0 9 7 213 100.00000 0
367 8881 11.25742 0.03415 0.88727 0.87223 23 1 2 20 13 141 100.00000 0
8851 8903 10.87758 0.03191 0.44522 1.78158 22 12 2 17 9 197 100.00000 0
7163 7227 11.30097 1.23672 0.52766 1.77894 17 9 3 17 8 240 100.00000 0
1622 5377 10.00534 0.02559 1.46814 3.70454 10 1 0 6 4 91 100.00000 0
1177 4562 11.54704 0.05295 0.45928 1.17303 31 17 4 25 19 214 100.00000 0
1409 6925 10.24348 2.87217 0.66887 2.72175 41 0 0 29 20 267 100.00000 0
2665 5613 10.83734 0.09575 0.11831 1.39381 41 31 2 36 24 174 100.00000 0
1678 5403 10.94540 1.13851 1.13930 1.37544 11 0 0 7 7 57 100.00000 0
2735 5688 10.25589 0.08270 0.73953 1.23035 21 4 8 14 6 197 100.00000 0
1248 7191 10.42904 2.91139 1.65064 1.29754 14 0 0 8 6 290 100.00000 0
1426 5071 11.44287 0.45463 0.62395 0.69323 39 3 7 30 25 252 100.00000 0
192 8650 11.83438 0.01129 0.45572 0.48457 12 3 4 7 5 166 100.00000 0
3047 8150 10.53539 0.03481 0.14192 1.18366 31 23 4 25 20 279 100.00000 0
3469 8646 11.29900 0.00978 0.48159 0.54393 21 8 6 13 8 181 100.00000 0
1213 4706 11.12573 0.09906 0.69451 2.50827 28 4 6 20 19 294 100.00000 0
1099 4475 10.85715 0.05417 0.26813 0.21489 65 52 8 60 47 482 100.00000 0
421 3656 11.26950 0.01192 0.29476 0.82187 16 11 2 14 13 274 100.00000 0
662 3879 10.00162 0.02537 0.35598 0.61421 30 18 4 25 20 264 100.00000 0
869 4131 11.49482 0.00704 1.76997 6.07703 14 4 1 10 5 171 100.00000 0
3261 8367 10.18055 0.90672 0.31174 1.57421 17 10 2 17 9 138 100.00000 0
191 8676 10.85739 0.01627 1.07387 2.31004 12 5 0 7 4 117 100.00000 0
537 3786 10.26905 0.01459 0.23192 0.47560 33 16 6 21 17 162 100.00000 0
2942 6000 10.13712 1.02719 0.64499 1.26857 12 7 0 12 9 101 100.00000 0
339 3582 11.07659 0.02189 0.49306 0.42244 53 33 6 53 41 259 100.00000 0
4968 6996 11.42188 3.09670 0.92873 2.47955 16 1 0 13 7 223 100.00000 0
2591 5585 11.46648 1.38067 1.08214 1.02488 19 0 2 5 3 112 100.00000 0
976 4213 11.91001 0.44477 0.37865 2.21081 14 7 2 12 7 103 100.00000 0
4910 7013 11.18828 2.99508 1.69770 2.03990 58 0 0 50 30 451 100.00000 0
1655 6681 10.84117 1.78538 1.38034 1.68237 7 0 1 3 1 64 100.00000 0
1132 4482 10.47787 0.07895 0.63151 0.23739 55 20 15 52 39 480 100.00000 0
1408 5007 10.78992 0.08551 0.26341 1.03022 35 21 4 29 16 395 100.00000 0
769 3981 10.28932 0.27680 0.78920 0.90135 8 2 1 2 1 114 100.00000 0
1130 4476 11.33315 0.08089 0.59398 0.29208 38 18 4 25 22 413 100.00000 0
2661 5639 10.78855 0.09797 0.47256 0.68756 13 4 4 13 8 48 100.00000 0
1216 7187 11.86606 2.85067 1.23468 2.69050 19 0 0 17 5 317 100.00000 0
4757 7150 10.35057 3.12753 1.52217 1.88844 21 0 0 16 9 254 100.00000 0
3363 8531 10.02579 0.01563 0.24288 0.76259 30 21 3 28 20 180 100.00000 0
322 8824 10.70421 0.05112 0.42476 0.29074 98 53 2 98 78 332 100.00000 0
253 3533 10.07381 0.01522 0.37972 0.42978 26 11 6 15 11 214 100.00000 0
3589 8857 11.26583 0.05082 1.50355 2.81703 22 7 1 17 8 242 100.00000 0
1351 7022 10.63067 3.12180 1.56379 2.60023 52 0 0 50 24 429 100.00000 0
1290 4812 10.21574 0.02344 0.27908 0.48939 30 12 10 26 11 468 100.00000 0
7176 7230 11.12103 1.25418 0.41008 1.51646 25 14 6 21 13 280 100.00000 0
2594 5597 11.45521 1.31962 0.90585 1.24175 9 0 0 6 3 90 100.00000 0
3062 8165 11.55130 0.04840 0.15948 1.79319 25 23 1 23 15 337 100.00000 0
4679 7225 11.35288 1.83809 1.57016 1.51414 8 0 0 3 3 47 100.00000 0
3386 8531 10.75178 0.01039 1.51884 2.18785 10 2 3 6 1 157 100.00000 0
4904 7044 11.76883 3.09693 1.62084 2.49905 45 0 0 34 23 523 100.00000 0
1170 4608 11.71303 0.03794 0.58100 0.60263 24 7 0 16 12 173 100.00000 0
3194 8343 11.41136 0.07426 0.50622 0.99032 19 9 2 17 9 147 100.00000 0
7165 7229 11.66662 1.28931 0.44900 1.59127 29 17 10 24 15 250 100.00000 0
2901 5947 11.18402 0.03651 0.89176 3.24039 16 0 2 6 8 255 100.00000 0
7162 7225 11.08314 1.16855 1.29357 2.40648 17 9 1 17 11 237 100.00000 0
5237 5295 11.24141 0.01397 0.36358 0.83556 15 5 3 3 5 167 100.00000 0
2593 5582 11.56355 1.34431 1.97901 9.13592 12 1 1 9 6 93 100.00000 0
6228 7812 11.51755 3.13286 1.00954 1.67164 21 5 0 7 8 342 100.00000 0
1224 4670 10.01207 0.05575 0.46860 0.65132 28 12 5 24 18 298 100.00000 0
3605 8830 11.32970 0.06066 0.91434 3.41925 41 6 7 30 26 239 100.00000 0
5382 6692 10.14992 2.20815 0.39991 1.03476 16 7 0 12 3 95 100.00000 0
116 8583 10.99558 0.01661 1.45711 4.66237 14 5 2 3 7 113 100.00000 0
1031 4314 10.09291 0.01767 0.34033 1.01491 43 25 9 39 31 273 100.00000 0
3620 8883 11.31508 0.03541 1.21209 0.46814 32 1 1 28 13 214 100.00000 0
3173 8280 11.97832 0.11593 0.60447 1.15250 26 4 5 22 13 301 100.00000 0
1051 4371 10.37330 0.01401 0.30408 0.43701 63 41 9 57 44 419 100.00000 0
991 4303 11.40733 0.34054 1.83610 2.81550 14 0 0 1 4 201 100.00000 0
333 3578 10.01554 0.02137 0.50889 0.49178 64 32 4 60 48 293 100.00000 0
