578 5020 11.43621 3.12303 1.06318 0.92366 26 0 0 21 14 239 100.00000 0
136 5376 11.92129 3.12279 1.17738 1.68377 18 0 0 13 8 177 100.00000 0
788 3842 10.74027 3.10179 1.36921 2.64812 36 0 0 22 15 620 100.00000 0
3639 4606 10.30963 0.03521 0.25774 1.09932 45 1 1 36 28 486 100.00000 0
243 1953 11.63800 0.24712 0.56649 0.51205 46 0 0 41 29 482 100.00000 0
2004 5259 11.67707 2.98746 1.78974 0.91300 26 0 0 12 16 355 100.00000 0
2145 5124 10.08740 2.92687 1.43555 1.20366 30 0 0 24 18 296 100.00000 0
1550 3198 11.41989 0.02848 0.49408 1.04717 20 0 1 13 6 382 100.00000 0
2533 4712 11.80353 3.12994 1.17241 2.30070 23 0 0 21 13 402 100.00000 0
833 2494 10.30965 0.05381 0.58427 0.43611 48 0 1 46 31 469 100.00000 0
1007 2700 10.46347 0.00817 0.51572 0.76668 66 0 2 64 46 496 100.00000 0
615 4004 10.56244 3.14075 1.47539 1.57446 31 0 0 25 15 364 100.00000 0
403 2100 11.47804 0.09983 0.45484 0.84256 31 1 1 29 18 475 100.00000 0
1534 3208 11.67620 0.03358 0.11571 0.63242 44 2 2 37 20 564 100.00000 0
589 2288 10.95919 0.02587 0.49954 1.10641 20 2 0 13 10 378 100.00000 0
550 5029 10.41016 3.09732 1.41815 2.37949 18 0 0 15 12 195 100.00000 0
842 3783 11.93545 3.09398 1.40034 2.31258 25 0 0 23 14 414 100.00000 0
2390 4890 11.60265 3.13811 0.93570 2.25984 19 2 1 12 9 313 100.00000 0
743 4861 10.88555 3.13681 1.21093 1.84949 18 0 0 15 4 409 100.00000 0
3813 4777 10.23002 0.03804 0.43600 0.92662 65 3 6 61 44 666 100.00000 0
654 4922 10.28362 2.40536 1.01145 2.09742 114 1 1 109 82 550 100.00000 0
446 5121 10.31008 2.89163 0.94609 0.67027 35 0 0 30 15 275 100.00000 0
2044 5244 10.66355 3.06308 0.88275 1.48648 34 0 0 29 21 380 100.00000 0
1946 5329 11.74434 2.73203 1.01029 1.08065 76 0 0 76 59 199 100.00000 0
2489 4763 11.74640 3.07237 1.31310 1.73280 27 0 0 27 17 332 100.00000 0
2104 5181 10.10429 3.05098 0.44277 1.54231 27 0 1 23 20 375 100.00000 0
895 3724 11.70746 3.12927 1.36263 2.79890 17 0 0 15 8 297 100.00000 0
438 2153 11.04805 0.07786 0.23828 0.73168 56 2 7 48 32 393 100.00000 0
1000 2693 10.87926 0.02734 0.44472 0.86998 16 0 1 14 8 449 100.00000 0
560 2244 10.34940 0.03513 0.26514 1.06973 17 0 2 14 12 191 100.00000 0
675 3936 10.04436 2.55379 1.14481 1.36286 84 0 0 80 70 468 100.00000 0
709 2368 10.67656 0.21330 0.29704 0.51282 32 0 3 32 19 362 100.00000 0
2515 4752 11.43473 3.11735 0.71628 1.49227 25 0 0 23 8 422 100.00000 0
3708 4652 11.12419 0.34071 0.43152 1.57545 39 2 11 36 28 285 100.00000 0
569 5026 10.00868 3.08333 1.21193 1.51801 32 0 0 30 21 226 100.00000 0
674 2373 11.86279 0.45703 0.48568 0.50202 18 0 1 18 9 374 100.00000 0
678 3930 11.71887 2.60869 1.10965 1.38790 35 0 0 35 23 355 100.00000 0
2382 3936 10.91116 3.11171 1.04046 2.24803 26 0 0 22 14 326 100.00000 0
925 2581 11.68842 0.04156 0.30865 1.61131 22 4 3 22 12 260 100.00000 0
1947 5320 11.05873 2.74457 1.17103 1.77762 89 0 0 87 63 304 100.00000 0
610 4970 11.35571 3.12428 1.44895 2.07528 42 0 0 40 31 405 100.00000 0
2340 3950 11.63911 2.28591 0.80168 1.40277 46 0 0 42 31 296 100.00000 0
4168 5099 11.64545 0.61028 0.62874 1.64116 15 0 1 15 9 158 100.00000 0
4058 5007 10.84930 0.01445 0.37089 0.29074 42 1 2 34 27 394 100.00000 0
2174 5107 10.02640 3.08997 0.98951 1.80797 17 0 0 14 12 174 100.00000 0
544 4094 10.20710 3.12869 1.39517 3.40709 41 0 0 39 24 319 100.00000 0
437 5144 11.77698 3.00304 0.88223 1.74988 30 0 0 30 20 322 100.00000 0
2493 4778 11.12138 3.11368 0.99555 1.79885 61 0 0 52 27 493 100.00000 0
2427 3891 11.61145 3.12966 0.79338 1.90536 55 0 0 43 26 473 100.00000 0
2355 3931 11.53232 2.54781 1.30546 1.12187 13 0 0 11 8 326 100.00000 0
1680 3388 11.48121 0.97328 0.71025 1.26114 31 0 1 27 11 199 100.00000 0
841 3785 11.07551 3.09259 1.20153 1.25492 36 0 0 31 27 452 100.00000 0
2172 5113 11.52031 3.11062 1.16367 0.92746 24 0 0 17 13 166 100.00000 0
2250 4062 11.78848 3.13045 1.67237 1.49358 18 0 0 16 10 242 100.00000 0
2526 3783 10.31615 3.13565 0.81441 1.88886 15 0 0 13 10 378 100.00000 0
778 2458 10.79463 0.02716 0.41353 0.46309 43 0 7 41 34 929 100.00000 0
3596 4535 10.11508 0.09803 0.31152 1.08282 34 4 4 26 17 326 100.00000 0
2182 5092 11.76291 3.12019 1.04299 2.36049 20 0 0 15 11 182 100.00000 0
2076 5190 11.97962 3.03250 1.42862 1.88844 20 0 0 18 14 321 100.00000 0
4171 5108 11.75264 0.77976 1.14839 2.66785 6 0 0 4 3 154 100.00000 0
2416 3900 10.24818 3.13990 1.96947 1.88388 18 0 1 7 2 369 100.00000 0
3596 4561 10.82686 0.02832 0.83612 1.67374 28 2 1 19 10 317 100.00000 0
663 4948 11.21786 2.65241 0.42920 3.09630 15 4 0 12 11 217 100.00000 0
196 5351 11.16528 3.07223 0.73810 1.42272 35 2 2 30 24 257 100.00000 0
1638 3280 11.84708 0.02932 0.65304 1.22365 23 0 6 17 13 306 100.00000 0
2234 4100 10.59321 3.11914 1.48546 3.72920 17 0 0 14 8 232 100.00000 0
3714 4658 11.05753 0.25151 0.43857 1.56448 18 4 1 13 12 241 100.00000 0
613 4006 10.80174 3.13620 1.15730 1.57371 29 0 0 27 17 469 100.00000 0
459 2172 10.93767 0.20373 0.30159 0.69549 21 0 1 17 11 218 100.00000 0
674 3972 10.94729 2.84530 0.63938 2.77361 14 0 0 14 11 154 100.00000 0
587 2287 11.72779 0.02617 0.77439 0.87849 22 0 0 18 9 348 100.00000 0
206 1926 11.39087 0.56721 0.65464 0.89657 47 0 0 43 30 287 100.00000 0
3876 4847 11.90419 0.00792 0.74973 0.61038 83 1 4 79 50 615 100.00000 0
940 4629 11.60252 2.19801 0.32443 1.19157 13 0 1 10 6 271 100.00000 0
531 2236 10.44393 0.01136 0.43127 1.68005 43 1 2 39 35 337 100.00000 0
2332 4928 10.44883 2.51728 0.94512 2.28259 90 0 0 79 42 509 100.00000 0
617 2316 10.64289 0.00780 0.69990 0.94212 28 0 2 28 14 598 100.00000 0
4128 5070 11.75155 0.05453 0.38171 1.22205 13 0 4 13 7 242 100.00000 0
4115 5059 11.25828 0.00781 0.41257 0.56924 16 1 1 14 14 193 100.00000 0
2490 3826 10.80704 3.12297 0.77224 1.97219 41 0 0 32 16 431 100.00000 0
687 2341 11.94929 0.71080 0.29557 1.17337 42 1 5 42 28 357 100.00000 0
2070 5218 10.22833 3.08474 0.45025 2.20478 31 0 1 19 11 250 100.00000 0
461 4174 11.06802 2.00171 0.96627 0.60003 14 0 0 11 8 208 100.00000 0
4071 5039 11.58759 0.05218 0.60133 0.65252 20 0 6 18 16 222 100.00000 0
697 4909 11.46042 3.11627 0.53381 1.69996 31 1 0 29 17 411 100.00000 0
592 4028 10.66870 3.12096 1.84845 1.77982 46 0 0 42 23 486 100.00000 0
566 5013 10.95632 3.09711 1.47024 1.64544 23 0 0 23 16 311 100.00000 0
677 2374 11.17772 0.39846 0.44562 0.74336 21 1 1 19 11 354 100.00000 0
2430 4847 10.06805 3.12970 0.68177 1.74024 87 0 0 80 40 868 100.00000 0
1021 2697 10.74601 0.00637 0.50637 0.88647 51 3 5 51 34 341 100.00000 0
762 4843 10.68134 3.12868 0.77276 1.82220 102 0 0 96 49 877 100.00000 0
697 3948 11.22365 3.10169 0.65497 1.39606 22 0 0 19 10 377 100.00000 0
347 2069 10.25467 0.05346 0.30601 0.31898 82 1 7 72 54 539 100.00000 0
2577 3702 11.56777 2.89834 0.70780 1.51129 14 0 0 14 10 262 100.00000 0
757 2420 10.30308 0.00808 0.50116 0.42336 63 1 11 59 26 767 100.00000 0
761 4824 11.60918 3.12781 1.01485 2.96267 75 0 1 58 32 663 100.00000 0
310 2037 11.00547 0.08125 0.22667 0.30261 40 4 2 27 18 716 100.00000 0
1431 3074 11.13807 0.30732 0.55466 1.28390 46 3 5 42 20 388 100.00000 0
905 4667 10.86729 3.05894 1.35636 3.33448 8 0 0 5 4 293 100.00000 0
137 5378 11.90650 3.09767 0.83239 0.64528 15 0 0 15 9 115 100.00000 0
4047 4996 11.62425 0.02259 0.30707 1.60132 33 0 1 31 23 286 100.00000 0
2135 5132 10.26642 3.00705 1.29318 0.80794 36 0 0 32 20 267 100.00000 0
2277 4031 11.83600 3.13328 1.00170 1.99174 30 0 0 23 8 388 100.00000 0
468 4159 11.03084 2.53441 1.22649 1.05647 17 0 0 17 8 235 100.00000 0
1480 3131 11.43637 0.03320 0.49347 0.49811 101 0 11 91 57 1664 100.00000 0
2214 4103 10.80985 3.08739 1.41369 4.57080 24 0 0 18 10 235 100.00000 0
4160 5108 10.66491 0.48043 0.47860 1.58214 29 6 3 27 19 214 100.00000 0
3718 4684 10.02011 0.03842 0.58851 0.92366 15 0 1 13 10 341 100.00000 0
634 4945 11.14350 2.87061 1.32692 2.61689 63 0 0 53 29 483 100.00000 0
788 4816 10.05842 3.11728 1.00352 2.58891 56 0 0 46 22 613 100.00000 0
486 5098 10.34994 3.03570 1.05389 2.32237 17 1 0 15 11 210 100.00000 0
2177 5097 11.62230 3.06622 1.10100 1.96762 32 0 0 30 11 229 100.00000 0
494 4157 11.60848 2.97025 0.55741 1.61422 16 0 0 16 9 180 100.00000 0
2357 4893 10.46996 2.60736 0.68595 1.29241 41 0 0 39 27 380 100.00000 0
1613 3255 11.98887 0.02737 0.72281 0.66558 17 0 1 15 9 371 100.00000 0
734 3888 11.81277 3.12974 1.07329 1.56573 50 0 0 45 24 589 100.00000 0
257 5284 11.46593 2.95364 1.20968 0.60974 32 0 0 18 19 403 100.00000 0
692 2349 10.51250 0.52118 0.44467 1.24049 36 0 1 34 23 311 100.00000 0
2563 3720 11.41264 3.13139 1.31679 1.87701 19 0 0 12 7 283 100.00000 0
824 3804 11.44454 3.07048 1.36379 2.24942 71 0 0 69 39 491 100.00000 0
2195 4152 11.36919 3.03954 0.45310 1.81013 17 0 0 12 9 233 100.00000 0
940 4638 10.44231 2.35295 0.37468 2.04737 12 0 0 12 8 232 100.00000 0
634 3981 11.78940 2.81591 0.90410 9.16667 36 2 1 8 9 397 100.00000 0
1457 3136 11.46753 0.06903 0.51783 1.17303 57 1 4 55 39 695 100.00000 0
2541 3748 10.85111 3.07535 1.42713 1.14876 33 0 0 29 23 442 100.00000 0
906 4666 10.64531 3.03913 1.04432 3.35369 16 0 0 4 6 255 100.00000 0
1626 3269 10.47484 0.02782 0.51384 0.65790 20 0 3 13 11 387 100.00000 0
2422 4856 10.96830 3.13239 0.97948 1.63183 26 0 0 20 9 309 100.00000 0
153 5375 11.47355 2.95406 0.72787 1.32027 10 0 1 8 5 98 100.00000 0
670 2369 11.19629 0.49906 0.37252 0.92662 43 0 4 40 26 353 100.00000 0
3733 4679 10.39465 0.03934 0.15444 0.62181 18 2 2 16 10 416 100.00000 0
1396 3081 11.00135 0.55455 0.50690 0.45284 66 0 0 59 38 517 100.00000 0
3958 4939 10.66157 0.69696 0.62259 0.94212 29 0 0 26 13 320 100.00000 0
2529 3762 10.92583 3.09764 1.40585 2.31037 21 0 0 17 9 389 100.00000 0
796 4809 11.59035 3.10642 0.40536 2.08356 25 0 0 15 14 567 100.00000 0
461 4184 11.81846 1.68117 0.69367 2.17079 19 0 1 15 11 208 100.00000 0
541 2226 11.49723 0.02005 0.49417 0.63796 19 0 8 16 13 262 100.00000 0
802 4802 10.86504 3.10626 0.66534 1.54813 28 0 0 23 17 537 100.00000 0
700 3945 11.49248 3.11606 0.76704 1.82949 19 1 0 13 9 416 100.00000 0
3652 4597 10.41791 0.03204 0.76190 1.69304 34 2 4 30 16 449 100.00000 0
1295 2970 11.17072 0.01139 0.50421 0.45970 40 0 2 11 17 522 100.00000 0
179 5351 10.79003 3.06699 0.44792 1.89713 46 0 0 40 24 316 100.00000 0
1054 2731 11.99553 0.00913 0.44767 0.47970 47 2 5 38 29 537 100.00000 0
3658 4603 10.67150 0.02717 0.51614 0.79917 58 3 7 56 43 473 100.00000 0
400 2118 10.44191 0.16050 0.58436 1.26145 34 0 4 32 22 551 100.00000 0
2308 4957 11.53459 3.08270 0.99899 2.11192 58 0 2 46 25 597 100.00000 0
1053 2731 10.83645 0.01043 0.39454 0.59215 87 3 9 80 65 697 100.00000 0
887 3752 10.21932 3.08382 0.67502 1.81056 22 1 0 22 12 455 100.00000 0
1477 3128 11.03882 0.01932 0.68380 0.28531 79 0 0 72 56 1287 100.00000 0
313 5258 10.32121 3.10810 1.39870 2.67328 16 0 0 5 6 240 100.00000 0
3677 4623 10.12217 0.15192 0.38983 0.93461 44 0 6 42 24 335 100.00000 0
314 2018 10.77043 0.08374 0.21018 0.45456 54 3 7 43 31 845 100.00000 0
817 4786 11.00763 3.09832 0.47932 1.42244 25 0 1 22 14 340 100.00000 0
1949 5317 10.78087 2.75912 1.17841 1.75323 75 0 0 69 45 387 100.00000 0
1389 3031 11.51288 0.55584 0.20695 0.45456 84 6 25 74 42 618 100.00000 0
723 3920 11.65564 3.13268 0.84511 2.17349 33 0 0 28 14 466 100.00000 0
1285 2934 11.92193 0.01450 0.73619 0.55602 67 0 1 67 33 558 100.00000 0
600 2277 11.91047 0.01061 1.83091 3.16904 20 1 3 13 5 392 100.00000 0
224 1937 11.76984 0.37191 0.39610 0.44411 32 0 4 28 22 273 100.00000 0
270 5294 10.66483 3.11474 0.89852 0.85455 40 1 0 27 18 319 100.00000 0
944 3672 11.28042 2.26879 0.54838 1.26949 14 0 1 11 5 257 100.00000 0
656 4955 11.70043 2.78651 0.60556 2.60970 60 0 0 51 23 353 100.00000 0
667 4904 11.18733 2.38016 0.99359 1.31164 71 0 0 65 55 382 100.00000 0
2438 3861 11.49946 3.13012 1.53774 2.85430 73 0 0 69 38 655 100.00000 0
2043 5246 11.85717 3.05463 0.94439 1.27687 25 0 0 17 17 369 100.00000 0
684 2338 11.82251 0.76163 0.53024 1.58091 17 0 1 15 12 273 100.00000 0
1993 5270 11.50930 2.92640 0.91074 1.98643 39 0 1 33 20 505 100.00000 0
539 4100 11.09622 3.12502 1.82294 4.31130 16 0 0 14 6 231 100.00000 0
2353 4932 10.61107 2.91770 0.24392 1.74271 17 1 3 17 13 149 100.00000 0
677 3969 11.13485 2.89401 0.53943 4.28615 29 6 3 29 21 139 100.00000 0
3651 4621 11.06482 0.03315 0.56240 1.83973 24 0 0 22 12 431 100.00000 0
590 4992 10.14524 3.12284 0.81986 2.28687 43 0 1 43 17 388 100.00000 0
