0.10695 0.01897
0.10329 0.01776
0.09117 0.01310
0.15177 0.02338
0.14347 0.01732
0.09092 0.01576
0.15384 0.02446
0.15749 0.02605
0.13610 0.01980
0.15558 0.02640
0.13800 0.02156
0.10244 0.01583
0.08024 0.01482
0.10905 0.01496
0.08723 0.01512
0.15560 0.02258
0.15445 0.02425
0.15492 0.02172
0.08491 0.01547
0.12934 0.01566
0.11567 0.01349
0.15075 0.02316
0.15825 0.02164
0.16031 0.02250
0.09166 0.01530
0.13654 0.01888
0.12546 0.01835
0.12420 0.01597
0.13961 0.01845
0.15383 0.02292
0.15159 0.02356
0.14356 0.02489
0.14437 0.02219
0.07915 0.01502
0.13038 0.01564
0.08114 0.01389
0.13477 0.01606
0.14146 0.01889
0.13701 0.01768
0.09845 0.01516
0.14906 0.02126
0.15760 0.02304
0.10031 0.01645
0.09286 0.01584
0.16239 0.02724
0.15814 0.02303
0.15507 0.02245
0.12895 0.01713
0.12379 0.01526
0.15138 0.02190
0.12380 0.01702
0.09436 0.01364
0.15533 0.02576
0.14979 0.02344
0.17397 0.03002
0.12453 0.01616
0.13711 0.01737
0.13111 0.01625
0.13205 0.01581
0.14028 0.02084
0.08694 0.01493
0.16498 0.02671
0.13352 0.01783
0.08444 0.01459
0.07261 0.01369
0.14645 0.02348
0.08658 0.01369
0.12988 0.01838
0.12789 0.01616
0.08693 0.01273
0.08576 0.01511
0.13694 0.01803
0.12083 0.01572
0.13071 0.01720
0.13027 0.01769
0.12075 0.01709
0.13286 0.01549
0.12403 0.01739
0.09224 0.01659
0.10606 0.01488
0.08154 0.01244
0.09784 0.01558
0.15096 0.02264
0.10171 0.01745
0.12916 0.01735
0.07887 0.01139
0.14505 0.02172
0.12891 0.01808
0.08711 0.01542
0.13642 0.01629
0.13004 0.01705
0.14237 0.02367
0.15174 0.02282
0.15638 0.02559
0.12783 0.02016
0.12305 0.01592
0.13906 0.01814
0.14070 0.01892
0.13125 0.01758
0.09523 0.01278
0.11969 0.01599
0.16679 0.02704
0.11807 0.01592
0.09418 0.01537
0.11581 0.01651
0.07735 0.01413
0.11220 0.01534
0.15652 0.02480
0.11991 0.01572
0.13827 0.02236
0.14364 0.02516
0.10566 0.01595
0.16137 0.02787
0.10447 0.01431
0.16653 0.02450
0.16336 0.02648
0.11981 0.01706
0.17384 0.02964
0.10617 0.01578
0.14464 0.02118
0.16678 0.02826
0.15538 0.02796
0.11931 0.01725
0.09376 0.01265
0.14596 0.02552
0.14555 0.01964
0.12756 0.02092
0.12820 0.01929
0.13618 0.01913
0.08553 0.01313
0.13347 0.01849
0.08871 0.01469
0.17368 0.02294
0.12179 0.01682
0.12191 0.01509
0.12373 0.01723
0.14764 0.01864
0.11139 0.01626
0.15816 0.02441
0.13885 0.01946
0.08908 0.01521
0.08504 0.01441
0.16291 0.02515
0.13539 0.02067
0.08789 0.01525
0.15934 0.02488
0.15730 0.02552
0.12962 0.01656
0.16049 0.02635
0.12956 0.01584
0.14028 0.01677
0.08714 0.01516
0.15324 0.02265
0.15758 0.02704
0.08475 0.01577
0.13017 0.01677
0.12365 0.01675
0.11151 0.01371
0.13760 0.01750
0.13424 0.02109
0.13528 0.01742
0.09675 0.01481
0.14937 0.02148
0.15621 0.02411
0.14358 0.02135
0.15649 0.02542
0.14744 0.02346
0.13708 0.01957
0.15139 0.02198
0.11316 0.01432
0.11910 0.01576
0.17217 0.02791
0.09694 0.01259
0.12240 0.01692
0.15786 0.02502
0.08654 0.01461
0.13515 0.01671
0.12975 0.01731
0.13108 0.01812
0.13377 0.01550
0.12010 0.01659
0.11983 0.01524
0.13003 0.01931
0.12700 0.01765
0.16347 0.02815
0.14203 0.01992
0.15413 0.02731
0.13678 0.01941
0.08556 0.01298
0.14180 0.02038
0.13386 0.01639
0.14540 0.02593
0.13533 0.01663
0.07592 0.01299
0.09344 0.01497
0.08707 0.01278
0.16417 0.02709
0.14847 0.02265
0.14991 0.02327
0.08829 0.01553
