4788 7095 10.81350 3.14082 2.17369 0.99819 138 0 0 131 77 1119 100.00000 0
38 3387 11.50802 0.00420 2.42904 0.84023 118 0 0 112 97 349 100.00000 0
39 8586 11.48626 0.03120 12.99388 1.78619 18 0 0 3 6 205 100.00000 0
17 3387 11.50802 0.00420 2.44418 0.59413 115 0 0 111 96 365 100.00000 0
1326 7027 10.51857 2.99876 2.02794 2.21505 121 0 0 111 43 1486 100.00000 0
42 3414 11.75156 0.02822 2.34516 0.84023 20 0 0 11 15 227 100.00000 0
4796 7122 11.95018 3.03352 2.13477 1.61592 36 0 0 30 23 512 100.00000 0
2698 5646 11.29122 0.15585 11.22630 15.39487 57 0 0 49 41 598 100.00000 0
45 100 11.49053 0.02079 2.36176 0.37639 18 0 0 7 8 214 100.00000 0
49 3414 11.75156 0.02822 2.20913 0.42613 38 0 0 15 21 251 100.00000 0
5217 6790 11.76252 3.13150 10.78636 179.42054 6 0 0 2 2 172 100.00000 0
5301 6767 11.10638 3.12139 11.03870 178.84090 10 0 0 5 4 177 100.00000 0
1250 7185 11.46706 2.97565 2.24349 0.66441 20 0 0 11 5 388 100.00000 0
4968 6996 11.42188 3.09670 10.87234 177.42960 40 0 0 16 16 714 100.00000 0
1366 6980 11.22658 3.09564 13.54330 177.36745 159 0 0 145 71 1485 100.00000 0
1541 6820 11.95588 3.13107 20.95144 179.40686 13 0 0 7 5 268 100.00000 0
4859 7081 11.68554 3.11619 17.91281 20.43116 19 0 0 10 12 572 100.00000 0
56 8547 11.75274 0.00574 2.17633 0.52786 69 0 0 69 55 364 100.00000 0
