531 4105 8.04262 3.11849 1.04731 3.78155 26 0 0 24 11 156 100.00000 0
705 2366 9.12077 0.21103 0.53301 0.69661 52 21 3 52 41 265 100.00000 0
4131 5077 7.39388 0.01977 0.11079 1.13436 52 39 7 40 36 205 100.00000 0
2416 3899 9.14160 3.13925 0.89564 1.93006 36 3 1 36 17 313 100.00000 0
3984 4936 6.73912 0.35726 0.51431 0.86863 161 87 9 157 127 539 100.00000 0
2525 3780 6.21339 3.13915 1.03221 2.09106 135 0 0 129 70 536 100.00000 0
4020 4971 8.84331 0.01301 0.24612 0.74178 92 61 19 90 56 386 100.00000 0
2235 4098 9.75843 3.11701 1.25668 3.64142 18 0 0 13 6 117 100.00000 0
466 4165 9.46624 2.36367 1.29357 1.44293 87 0 5 76 23 408 100.00000 0
1206 2865 9.82074 0.50372 0.46219 1.19550 80 22 5 78 53 387 100.00000 0
433 5135 6.88033 3.00654 1.06825 0.51889 73 2 0 69 45 300 100.00000 0
379 5183 6.92700 3.06371 1.14288 1.94803 16 1 2 9 9 119 100.00000 0
2564 3732 6.40823 3.09009 0.93547 2.09742 23 3 0 23 10 197 100.00000 0
918 3712 8.07609 3.07976 0.91762 1.02297 46 3 2 40 27 253 100.00000 0
1664 3372 9.73886 0.43711 0.19283 1.37059 117 62 1 115 92 471 100.00000 0
3847 4797 7.91527 0.04743 0.36467 0.59215 79 47 4 72 53 492 100.00000 0
3626 4570 8.76544 0.02214 0.33021 1.23511 86 69 9 80 57 326 100.00000 0
1031 2711 7.30271 0.00837 0.17187 0.61485 117 95 12 115 84 457 100.00000 0
652 3983 6.66218 3.09825 1.10712 2.89476 112 10 1 86 43 464 100.00000 0
2187 5091 9.74387 3.09460 1.49490 2.26883 22 0 0 20 8 123 100.00000 0
1951 5319 9.39093 2.78336 1.20808 1.27503 67 1 0 65 41 256 100.00000 0
800 2475 6.19115 0.02332 0.39398 0.22728 134 78 21 130 94 729 100.00000 0
4150 5092 6.77347 0.19539 0.19424 0.76515 58 35 6 50 32 293 100.00000 0
1382 3031 7.85868 0.34646 0.46204 0.73222 163 95 19 163 108 739 100.00000 0
1596 3257 6.30158 0.01677 0.30173 0.33920 191 155 23 191 143 742 100.00000 0
4039 4993 6.80130 0.00961 0.27114 0.56023 157 123 8 155 119 577 100.00000 0
267 5295 9.41192 3.13692 1.11066 0.59083 33 0 0 28 25 133 100.00000 0
2248 4083 9.47773 3.12729 1.38110 2.52522 25 0 0 20 14 124 100.00000 0
688 4906 6.32440 2.88262 0.64148 0.72416 119 17 13 112 80 349 100.00000 0
570 4065 7.46714 3.13040 0.91346 1.12117 82 3 0 78 40 218 100.00000 0
233 5310 7.54464 2.99924 1.13816 0.86502 80 0 3 76 39 391 100.00000 0
729 3895 8.94116 3.13308 1.43381 1.80667 78 0 0 65 22 632 100.00000 0
1337 3007 6.34637 0.02016 0.33242 0.91898 128 82 15 126 85 576 100.00000 0
3628 4590 6.42040 0.02675 0.40437 1.26857 53 18 13 43 32 304 100.00000 0
720 3905 6.03561 3.14090 1.34667 2.34251 128 0 0 126 48 620 100.00000 0
2316 4002 6.17847 3.13537 0.92807 1.67374 75 2 0 72 40 315 100.00000 0
4084 5046 6.31861 0.04730 0.46906 0.41212 78 28 12 69 53 269 100.00000 0
3593 4533 9.25024 0.13179 0.36424 1.29452 51 25 1 51 36 285 100.00000 0
2563 3726 7.05826 3.12173 1.02500 2.53636 48 0 1 43 17 239 100.00000 0
709 2375 6.29615 0.10746 0.35440 0.36584 56 31 5 52 32 294 100.00000 0
5431 5524 8.59190 0.00826 0.37312 0.62870 90 46 6 84 56 861 100.00000 0
2440 3862 8.48081 3.13471 1.26731 2.75804 109 1 0 109 49 683 100.00000 0
555 4070 6.98192 3.13517 1.52964 1.96722 46 0 1 42 14 205 100.00000 0
673 3965 8.38313 nan 0.63069 2.15740 110 53 3 96 65 299 100.00000 0
653 3990 8.94292 2.90131 0.83127 3.18162 52 14 0 38 24 290 100.00000 0
4081 5044 7.01237 0.04963 0.70638 0.27976 47 5 4 41 31 224 100.00000 0
561 4064 6.85627 3.12556 1.12588 1.79122 71 0 0 67 38 246 100.00000 0
1674 3384 8.63934 0.82423 0.21403 1.80407 127 36 9 117 86 452 100.00000 0
628 4967 6.67360 3.13941 1.33594 2.10561 47 5 0 37 27 284 100.00000 0
2285 4992 6.31943 3.13964 1.19913 2.48569 118 7 19 114 67 590 100.00000 0
579 4042 9.71659 3.11872 1.42790 0.84441 116 0 0 99 42 533 100.00000 0
1133 2825 7.56581 0.02121 0.20439 0.40542 71 55 8 69 55 320 100.00000 0
2255 4072 7.36506 3.13442 1.55392 2.10115 54 0 0 50 21 268 100.00000 0
2320 4949 8.62461 3.00687 1.22044 3.02453 70 9 11 63 28 242 100.00000 0
264 1977 6.74254 0.09664 0.28740 0.45970 142 110 19 139 105 505 100.00000 0
1314 2987 9.18982 0.01244 0.25651 0.29608 110 75 24 106 71 653 100.00000 0
2178 4182 9.38715 2.03308 1.00087 2.32136 48 4 2 42 22 220 100.00000 0
2329 4937 9.01976 2.78140 1.06999 1.94159 124 21 8 102 49 587 100.00000 0
2280 4040 6.06406 3.13742 1.20435 1.67585 130 2 4 122 70 508 100.00000 0
2532 3772 6.57473 3.12574 1.03577 1.52880 89 3 1 83 45 404 100.00000 0
2365 4908 7.19837 2.96828 0.63164 1.10889 82 23 0 80 57 283 100.00000 0
234 1949 8.39573 0.25743 0.37863 1.02908 136 81 21 132 104 545 100.00000 0
744 2408 9.47347 0.00576 0.44039 0.39466 82 29 28 82 36 396 100.00000 0
1380 3062 9.79323 0.52708 0.99505 1.34261 148 129 14 144 87 592 100.00000 0
3801 4748 8.84800 0.03374 0.43350 0.54823 38 23 7 36 27 285 100.00000 0
1505 3162 8.04626 0.02372 0.27162 0.38563 101 77 14 99 71 614 100.00000 0
643 3993 6.65127 3.11227 1.28959 2.62600 99 0 0 92 25 383 100.00000 0
2349 4905 9.40953 2.42213 0.65581 2.27538 15 1 1 15 9 123 100.00000 0
922 4667 9.99087 3.11532 0.60889 2.55052 22 6 1 18 13 162 100.00000 0
4022 4993 9.43147 0.00895 1.06110 0.33804 76 1 0 72 49 410 100.00000 0
3998 4950 7.44324 0.12487 0.36109 1.03552 101 68 7 95 62 439 100.00000 0
675 4919 7.56341 2.96867 0.50384 1.17769 75 30 5 71 41 276 100.00000 0
2357 4895 9.48634 2.60730 1.26092 0.59872 37 0 0 29 17 210 100.00000 0
487 4141 7.32906 3.08203 0.99875 1.54914 47 4 3 47 14 202 100.00000 0
1669 3379 8.45104 0.65205 0.11654 2.46974 118 38 5 116 55 490 100.00000 0
3676 4645 8.98075 0.23380 0.59470 0.89087 96 34 6 94 58 413 100.00000 0
4098 5062 9.45004 0.03600 0.60142 0.89043 45 11 1 43 29 193 100.00000 0
2169 5108 9.89853 3.01916 1.19747 0.87581 28 0 0 22 16 203 100.00000 0
1208 2868 8.82728 0.39146 0.33613 1.54256 83 22 0 79 54 390 100.00000 0
321 5249 8.03544 3.07500 0.93043 1.39381 60 2 0 51 32 578 100.00000 0
601 2297 9.15793 0.02044 0.27908 0.66146 53 28 18 51 30 405 100.00000 0
2266 5010 7.61993 3.12834 0.83690 0.75899 60 6 19 52 26 326 100.00000 0
1464 3136 6.14139 0.05897 0.15252 0.73008 114 88 15 112 74 806 100.00000 0
3648 4616 9.81119 0.03667 0.57088 2.07848 75 22 6 69 49 327 100.00000 0
664 3962 6.98085 2.78255 0.59127 2.85307 70 9 1 58 29 322 100.00000 0
1089 2781 7.05350 0.00697 0.28335 0.44235 108 81 5 106 85 405 100.00000 0
861 4722 7.16845 3.13365 1.40125 2.61090 63 0 0 56 32 366 100.00000 0
3850 4814 7.64457 0.01420 0.44890 0.33338 99 52 17 97 67 576 100.00000 0
596 2292 8.65159 0.01371 0.36143 0.15323 86 61 14 78 62 466 100.00000 0
409 2109 7.11886 0.05001 0.72828 0.24066 62 7 5 52 47 293 100.00000 0
2352 4915 6.55689 2.76026 0.77004 1.37059 103 22 2 100 79 354 100.00000 0
2565 3722 7.98950 3.13088 1.12725 2.35551 22 0 0 20 5 175 100.00000 0
4138 5095 8.22155 0.15001 0.47200 1.15792 49 26 5 38 26 245 100.00000 0
792 4797 7.99566 3.10377 1.38321 2.53420 39 0 0 33 14 313 100.00000 0
2417 4858 8.20428 3.13481 0.72388 1.75925 64 11 6 56 23 418 100.00000 0
1419 3063 9.81908 0.45340 0.43767 0.66793 69 30 8 61 37 380 100.00000 0
1198 2885 8.04467 0.09644 0.20919 0.93920 144 90 15 140 103 498 100.00000 0
1480 3134 9.00767 0.04340 0.42804 0.33572 104 55 25 104 57 777 100.00000 0
2566 4691 9.25547 3.11443 0.73602 1.97754 10 1 1 8 5 158 100.00000 0
694 2357 7.60312 0.29779 0.32123 0.54249 93 72 6 91 61 377 100.00000 0
1304 2958 8.62717 0.01479 0.21538 0.70165 99 85 11 99 71 417 100.00000 0
502 4122 7.72239 3.08869 1.04985 1.18035 33 0 1 27 16 197 100.00000 0
3990 4962 7.71075 0.08302 0.16645 1.25959 71 54 8 69 46 390 100.00000 0
1319 2973 9.13481 0.01245 0.25962 0.61676 61 33 21 50 23 449 100.00000 0
1980 5298 6.56134 3.08351 1.09625 0.77682 164 0 4 158 91 463 100.00000 0
2578 4676 7.79079 3.05645 0.83313 1.64473 46 6 0 39 23 232 100.00000 0
751 2431 7.28177 0.00183 0.25838 0.27976 203 150 26 195 134 816 100.00000 0
441 2135 9.41095 0.01954 0.63831 0.77430 55 18 8 51 34 347 100.00000 0
734 2415 6.61037 0.00428 0.34036 0.37430 58 37 7 50 33 391 100.00000 0
674 4927 8.94646 3.07065 0.60063 1.82177 58 29 6 46 28 203 100.00000 0
699 3940 8.50847 3.06115 0.63174 2.04143 55 7 0 43 14 251 100.00000 0
3703 4668 7.95970 0.23632 0.58097 1.33354 65 40 5 50 46 231 100.00000 0
2310 3998 8.17374 3.11533 1.07339 1.77718 81 0 0 79 33 404 100.00000 0
354 2056 9.90718 0.09480 0.39642 0.49811 58 36 11 46 40 464 100.00000 0
562 5020 8.37598 3.08580 1.61742 1.71578 68 0 0 57 28 207 100.00000 0
571 4054 6.54399 3.13111 1.22229 0.65492 87 0 0 83 42 321 100.00000 0
426 2140 9.12150 0.03914 0.43208 0.81373 62 38 8 60 44 346 100.00000 0
652 2321 8.04043 0.26410 0.23392 0.97959 78 50 5 78 54 439 100.00000 0
703 2390 8.49893 0.09260 0.40085 0.84950 37 21 5 35 21 227 100.00000 0
2333 4935 8.19795 2.80390 0.80457 1.44320 106 4 13 94 39 510 100.00000 0
425 2124 6.56261 0.06285 0.33696 0.51510 131 85 17 125 95 437 100.00000 0
721 2403 6.31577 0.00414 0.31010 0.26244 161 121 23 159 122 745 100.00000 0
2312 4957 8.95532 3.08289 0.88926 2.39866 71 0 17 54 26 463 100.00000 0
741 4847 7.12169 3.13791 0.78052 1.53773 97 3 11 91 55 526 100.00000 0
466 2177 9.77161 0.19578 0.33725 0.40056 89 57 12 87 58 429 100.00000 0
2302 4016 6.22533 3.14159 1.44272 1.08209 100 0 0 98 63 408 100.00000 0
905 3729 8.29685 3.11577 0.97978 2.82411 25 1 2 20 11 162 100.00000 0
2549 4698 6.16235 3.12816 1.38102 2.35684 75 0 0 69 42 372 100.00000 0
212 5338 9.77253 3.01865 0.83593 0.84580 86 4 1 86 52 288 100.00000 0
2447 4815 6.32712 3.11711 0.70425 2.24140 99 0 12 70 28 586 100.00000 0
2576 4680 9.36002 3.05698 0.44546 1.21788 27 10 2 27 12 181 100.00000 0
4161 5107 9.81987 0.49359 0.48671 1.59127 65 37 1 58 44 276 100.00000 0
572 2255 9.61305 0.02859 0.54404 1.49619 39 15 4 34 19 241 100.00000 0
983 2659 6.23179 0.02234 0.16753 0.38461 121 106 9 113 101 462 100.00000 0
2297 4984 7.07257 3.13970 1.00723 1.42437 70 5 3 66 27 328 100.00000 0
1441 3092 7.59805 0.02361 0.11029 0.73275 53 38 14 51 34 310 100.00000 0
925 4640 8.54094 2.34833 0.57993 1.67491 38 3 7 36 19 213 100.00000 0
267 5278 9.17197 2.96575 1.26955 1.31581 41 1 0 37 16 264 100.00000 0
2302 4966 9.68580 3.13408 1.59028 1.43094 29 0 0 25 15 235 100.00000 0
2356 4924 9.34673 3.10813 0.68699 2.05995 74 19 4 58 28 270 100.00000 0
2503 4762 6.62857 3.13017 0.83767 1.77056 103 2 5 97 72 423 100.00000 0
904 3727 6.69142 3.12677 0.95004 2.73294 48 0 1 32 8 214 100.00000 0
2573 3723 7.72230 3.08484 0.93673 1.87597 24 3 0 19 13 148 100.00000 0
2039 5246 8.19898 3.08539 1.75482 1.50922 35 0 0 32 15 438 100.00000 0
601 4032 6.66351 3.12684 1.55285 1.66319 157 0 0 153 87 430 100.00000 0
4158 5106 9.55728 0.42392 0.71199 1.30925 41 7 0 39 30 297 100.00000 0
3587 4527 7.75701 0.31356 0.28447 1.27011 67 33 9 67 38 320 100.00000 0
856 2518 7.75002 0.00932 0.45285 0.53959 78 43 6 73 57 384 100.00000 0
1662 3324 6.35266 0.06069 0.35845 1.05499 143 108 13 136 94 570 100.00000 0
2579 4673 6.18769 3.06657 0.87667 1.65706 65 4 5 59 31 294 100.00000 0
2014 5255 6.65346 3.06513 1.29697 1.20008 25 0 1 2 10 341 100.00000 0
549 4085 7.11122 3.13573 1.54128 2.74224 38 0 0 30 15 154 100.00000 0
318 5237 7.98253 3.08140 1.59882 2.02023 39 0 0 28 11 490 100.00000 0
2047 5237 6.82885 3.10576 1.12820 1.36974 98 0 6 92 37 304 100.00000 0
676 3966 9.62476 3.03145 0.53159 1.87346 40 15 2 34 20 197 100.00000 0
2380 3916 6.82746 3.07795 1.31935 2.13405 67 0 0 58 23 481 100.00000 0
242 5314 8.42621 3.03732 0.57967 1.04380 91 23 6 85 43 395 100.00000 0
2251 4080 9.92441 3.13094 1.43891 2.64634 9 0 0 7 3 96 100.00000 0
2577 3718 7.58104 3.08625 0.69209 0.84209 46 7 1 46 36 191 100.00000 0
2589 3692 7.87762 2.62862 0.50128 1.08679 37 10 10 35 18 229 100.00000 0
2224 5059 7.96212 3.13605 1.08331 2.68365 42 1 0 38 27 147 100.00000 0
3740 4688 8.69962 0.06845 0.39689 0.83697 94 60 5 90 64 450 100.00000 0
691 4912 9.79740 3.07334 0.53151 0.87536 29 12 2 27 19 142 100.00000 0
637 4953 6.68978 3.04873 1.63013 3.08857 35 4 2 29 11 212 100.00000 0
974 2647 7.70036 0.01758 0.26641 0.37949 73 57 7 67 57 350 100.00000 0
2102 5168 6.36852 3.06692 1.40813 1.02067 78 0 0 68 39 356 100.00000 0
532 4095 6.15419 3.10918 1.67757 3.95557 45 0 0 43 13 193 100.00000 0
538 2241 8.37196 0.01374 0.40255 0.78534 56 26 9 50 35 244 100.00000 0
831 2505 6.95080 0.02911 0.20438 0.67086 127 104 12 118 101 512 100.00000 0
5429 5515 9.35089 0.00774 0.42414 0.37325 71 37 7 69 50 799 100.00000 0
1007 2698 8.25335 0.00774 0.27900 0.41684 123 94 15 123 87 426 100.00000 0
431 5145 8.08035 3.01735 0.79500 1.12744 96 9 2 92 55 358 100.00000 0
5437 5534 6.31981 0.00793 0.36620 0.33688 122 80 3 103 77 1106 100.00000 0
336 5236 7.66333 3.07564 1.46043 1.37572 74 0 1 64 38 441 100.00000 0
568 5023 7.04003 3.08390 1.28977 1.80667 40 0 0 36 24 188 100.00000 0
2574 4681 8.33363 3.07063 1.03648 1.30566 15 5 0 11 9 174 100.00000 0
2496 4759 7.45086 3.08826 1.20628 2.08300 73 0 0 67 41 370 100.00000 0
1666 3376 9.62528 0.55780 0.46554 2.02835 124 34 12 124 93 527 100.00000 0
925 2585 8.24974 0.03930 0.34461 0.81805 50 40 5 50 32 247 100.00000 0
1432 3110 9.52298 0.07583 0.53114 0.37430 57 22 5 49 38 326 100.00000 0
594 4038 6.13182 3.12601 1.52677 1.75792 188 1 0 178 96 616 100.00000 0
2044 5228 7.17273 3.06901 1.43972 1.21273 69 0 1 63 32 242 100.00000 0
2489 4778 6.08391 3.13980 1.06952 1.78838 112 6 4 96 37 474 100.00000 0
2381 3929 6.23199 3.08192 0.84065 2.07264 98 1 3 89 62 304 100.00000 0
845 3784 7.19977 3.11166 1.13082 0.85363 48 1 0 44 22 253 100.00000 0
2330 3993 8.20712 2.97803 0.81265 2.47386 59 8 2 54 23 260 100.00000 0
2397 3918 9.68173 3.14062 0.97611 2.41913 43 2 0 37 13 325 100.00000 0
3961 4910 7.19543 0.35847 0.55347 1.76968 173 58 11 173 128 684 100.00000 0
954 2625 6.03504 0.05412 0.17662 1.31819 123 112 5 119 73 465 100.00000 0
2190 4135 7.03523 3.09356 1.06498 1.41610 44 0 0 44 22 182 100.00000 0
2032 5239 7.09864 3.08280 1.66888 2.44809 42 1 0 35 16 487 100.00000 0
767 2432 7.60095 0.00365 0.56894 0.27411 156 51 15 145 73 803 100.00000 0
2538 3754 8.23727 3.08250 1.16322 2.08732 88 1 1 80 61 314 100.00000 0
