234 1662 10.63839 3.07429 0.20821 1.86634 128 19 22 125 78 837 100.00000 0
2483 2533 11.04360 0.82204 0.67462 3.26063 74 24 18 72 38 493 100.00000 0
2545 3865 10.48631 1.54727 0.04334 1.77034 148 45 29 146 105 629 100.00000 0
2470 3874 10.50921 1.74521 0.19453 2.49873 166 33 37 160 106 702 100.00000 0
783 1409 11.60208 3.07069 0.13309 1.15995 152 27 27 150 118 669 100.00000 0
2472 3875 10.41003 1.78004 0.15752 2.53976 113 22 27 111 75 654 100.00000 0
43 1845 10.03140 0.57334 0.11151 2.21576 100 14 8 97 53 491 100.00000 0
159 1743 10.30131 3.12881 0.34021 2.51279 135 24 19 129 83 778 100.00000 0
3988 4053 10.90274 0.97014 0.04288 1.50298 226 81 57 224 165 790 100.00000 0
787 1439 10.61322 2.82809 0.21077 1.81575 164 9 10 162 101 775 100.00000 0
261 1606 10.30592 1.99024 0.94475 2.43847 118 18 18 114 73 753 100.00000 0
2491 3860 10.10924 2.34001 0.11368 1.52033 235 69 44 233 163 836 100.00000 0
795 1436 11.66549 2.50151 0.23588 2.61509 120 4 7 116 66 630 100.00000 0
809 1396 10.51438 1.87392 0.05774 1.17337 347 160 59 344 277 981 100.00000 0
25 1832 10.95749 1.13211 0.10010 1.81575 134 5 6 131 92 607 100.00000 0
49 1819 11.81298 1.65135 0.19545 1.70456 99 15 10 87 55 564 100.00000 0
2468 3875 11.52321 1.70104 0.26833 2.92770 42 5 5 37 24 467 100.00000 0
213 1666 10.06260 3.09433 0.19649 2.33230 246 29 18 244 171 1048 100.00000 0
59 1818 10.49670 2.05153 0.40759 3.38507 96 10 8 90 45 504 100.00000 0
3978 4036 10.03953 0.56307 0.11157 1.77211 153 61 32 151 102 647 100.00000 0
700 1518 10.39746 1.65303 0.05964 0.82424 237 96 47 233 195 762 100.00000 0
22 73 11.93283 1.29606 0.61193 2.34985 133 25 7 133 73 583 100.00000 0
27 1840 10.78155 0.75794 0.13847 1.84440 104 8 4 97 71 438 100.00000 0
98 1810 11.38976 3.08978 0.92803 4.36772 149 8 3 142 68 720 100.00000 0
240 1615 11.35117 2.29083 0.28396 2.68773 104 7 11 102 61 595 100.00000 0
2503 3856 11.71558 2.09171 0.27653 3.05428 118 30 25 114 64 685 100.00000 0
2472 2522 11.40524 0.57343 0.65440 3.08718 207 56 51 207 81 707 100.00000 0
259 1592 11.35363 1.66595 0.27804 1.65989 115 20 16 111 74 694 100.00000 0
803 1430 10.87332 2.17039 0.16277 1.75145 193 59 54 193 117 700 100.00000 0
27 1825 11.63714 1.38313 0.45395 2.83780 136 7 3 134 77 552 100.00000 0
104 1800 11.12741 3.08154 0.45916 3.05274 181 27 14 178 118 725 100.00000 0
719 1474 10.28870 2.58041 0.03954 1.60303 136 40 9 136 91 673 100.00000 0
219 1656 10.31267 3.11771 0.18845 1.98308 261 29 18 254 184 1538 100.00000 0
261 1600 10.87417 1.80871 0.80880 2.01790 146 43 31 139 85 745 100.00000 0
767 1452 10.61291 3.09450 0.14474 2.76456 92 12 20 87 50 870 100.00000 0
76 1803 11.80758 3.01375 0.89382 5.93941 41 1 6 31 19 393 100.00000 0
735 1494 10.23924 3.09042 0.17619 2.36480 105 27 13 101 60 600 100.00000 0
212 1667 10.44215 3.09431 0.21553 2.46180 213 21 18 213 146 997 100.00000 0
64 1815 10.38910 2.33657 0.48127 3.87757 89 13 8 85 40 563 100.00000 0
788 1404 11.21641 2.87568 0.12251 0.43611 86 17 9 86 60 589 100.00000 0
23 1836 11.09805 0.96305 0.14222 2.02352 147 7 4 147 97 611 100.00000 0
29 1829 10.82961 1.23511 0.10761 1.66836 164 12 4 158 104 693 100.00000 0
710 1478 11.26949 2.15776 0.27007 1.67795 131 32 24 131 96 547 100.00000 0
40 1824 11.03683 1.42681 0.12095 1.89960 175 36 12 171 119 650 100.00000 0
63 1815 10.68313 2.28112 0.51908 3.81434 117 19 12 113 62 649 100.00000 0
4003 4059 10.49876 0.82947 0.03549 1.74091 243 102 55 243 165 833 100.00000 0
109 1773 10.55399 3.07129 0.16745 2.00174 117 19 13 107 56 1074 100.00000 0
232 1632 10.26103 2.85519 0.06579 2.10003 183 15 14 183 117 769 100.00000 0
207 1674 10.44595 3.06776 0.22453 1.75167 223 46 16 220 188 1087 100.00000 0
2475 3877 11.11226 1.83517 0.12005 2.57496 127 34 28 125 79 658 100.00000 0
204 1698 10.55483 3.12124 0.38553 3.13275 191 3 1 177 133 1040 100.00000 0
136 1765 10.41799 3.13601 0.11706 1.46126 235 88 36 233 158 1290 100.00000 0
2483 3862 10.51057 2.13137 0.11170 0.71382 252 97 56 248 202 875 100.00000 0
237 1623 10.75507 2.59879 0.27363 2.32843 114 14 16 107 78 646 100.00000 0
705 1483 10.48411 1.94231 0.10133 1.44618 257 64 35 257 190 810 100.00000 0
773 1421 11.23730 3.06033 0.11458 2.11192 235 46 29 228 143 856 100.00000 0
785 1409 10.55820 3.01477 0.13035 1.23511 156 26 22 151 113 711 100.00000 0
225 1643 11.05309 3.11120 0.08070 1.92152 148 18 18 146 89 1337 100.00000 0
696 1490 11.08932 1.57555 0.08623 1.47246 261 75 28 259 184 791 100.00000 0
237 1659 11.16651 3.09723 0.12441 1.57047 146 32 27 142 98 775 100.00000 0
247 1597 11.00671 1.75262 0.67265 3.48110 54 1 4 49 22 434 100.00000 0
2125 2179 11.99988 1.36474 0.28043 3.18580 16 3 3 16 9 246 100.00000 0
3998 4059 11.15614 0.91149 0.07508 1.55821 204 82 47 202 147 753 100.00000 0
75 1806 10.45452 2.96528 0.39366 5.04244 76 6 13 64 27 500 100.00000 0
775 1419 11.05022 3.06226 0.10066 2.40176 225 79 46 223 136 827 100.00000 0
26 1833 10.74473 1.08793 0.17694 1.69881 157 9 5 154 115 623 100.00000 0
241 1653 10.75470 3.12576 0.20726 1.59446 89 14 21 83 45 693 100.00000 0
777 1418 10.32235 3.07488 0.09382 2.48081 270 80 49 265 151 926 100.00000 0
238 1657 10.65313 3.10845 0.17857 1.53901 160 33 31 158 113 836 100.00000 0
4006 4060 11.14651 0.84740 0.03220 1.53110 212 62 41 208 139 801 100.00000 0
814 1405 11.43635 1.72554 0.09124 1.72782 244 47 45 244 152 674 100.00000 0
2469 3874 10.81255 1.72632 0.15775 2.54806 100 24 30 94 58 582 100.00000 0
28 1824 11.77994 1.41910 0.53400 2.86334 106 15 7 100 62 518 100.00000 0
164 1739 10.95904 3.13862 0.35565 2.09518 129 25 14 125 68 587 100.00000 0
2546 3866 10.75527 1.55958 0.29799 1.96064 99 20 20 99 53 573 100.00000 0
748 1471 10.47793 3.09120 0.33430 3.08604 124 29 13 119 61 897 100.00000 0
798 1397 10.22290 2.42608 0.18480 2.07188 131 33 23 129 78 528 100.00000 0
731 1464 11.20526 3.02467 0.28813 2.95141 73 19 7 73 34 582 100.00000 0
24 74 11.99104 1.35638 0.66368 2.52925 104 11 8 99 60 593 100.00000 0
258 1593 10.72677 1.67473 0.53179 1.98308 92 17 10 86 65 684 100.00000 0
2473 2526 11.84237 0.64603 0.19618 1.49358 145 48 25 141 95 666 100.00000 0
228 1637 11.19047 2.98773 0.22429 2.96584 157 17 30 154 91 1127 100.00000 0
1912 1964 11.24225 1.41212 0.18454 2.10821 102 24 22 94 66 555 100.00000 0
790 1401 11.60937 2.78097 0.14118 1.13436 71 14 10 71 42 563 100.00000 0
65 1811 11.99646 2.40815 0.56286 4.10952 66 5 9 55 30 514 100.00000 0
799 1433 11.09755 2.33161 0.68295 2.88500 129 30 20 127 54 602 100.00000 0
2494 3858 11.24619 2.33816 0.63117 2.99107 114 28 23 114 57 596 100.00000 0
36 1829 10.32213 1.22989 0.05227 1.36430 196 12 3 194 151 730 100.00000 0
2509 3856 11.30012 1.80352 0.22079 2.23020 166 37 53 164 96 748 100.00000 0
122 1780 11.88884 3.08297 0.30507 1.99292 176 33 29 176 119 1186 100.00000 0
2539 3876 10.60069 1.37735 0.24561 2.32894 96 22 19 94 59 574 100.00000 0
32 1824 11.49686 1.41371 0.19696 2.54376 146 20 10 142 73 580 100.00000 0
773 1422 10.60115 3.06406 0.12873 2.00682 233 55 34 233 142 796 100.00000 0
44 1849 11.44283 0.43344 0.22559 1.73303 33 6 4 28 14 424 100.00000 0
47 1823 10.83041 1.52392 0.14185 1.89713 149 4 3 142 90 648 100.00000 0
795 1396 11.74745 2.56474 0.16780 1.74675 73 27 4 67 52 518 100.00000 0
2546 3874 11.94770 1.50451 0.15643 2.12025 83 29 17 83 45 519 100.00000 0
2467 3873 11.21814 1.70371 0.26199 2.63893 114 18 22 110 58 553 100.00000 0
692 1507 10.50455 1.41881 0.19443 2.12449 130 26 16 122 93 516 100.00000 0
172 1731 10.12747 3.12913 0.24444 1.63087 152 11 8 148 105 707 100.00000 0
714 1477 10.48466 2.33867 0.09656 1.00405 174 45 22 165 136 742 100.00000 0
169 1734 10.44423 3.13289 0.30396 2.15195 59 8 9 57 33 568 100.00000 0
1920 1970 10.25627 1.07698 0.11719 1.44184 136 39 33 134 100 616 100.00000 0
128 1755 10.99779 3.11420 0.07007 2.20069 161 50 37 161 108 1005 100.00000 0
769 1425 11.69638 3.06395 0.26390 2.08093 125 23 5 125 72 748 100.00000 0
239 1616 11.84019 2.34024 0.38983 2.80338 99 4 4 95 56 716 100.00000 0
229 1636 10.74775 2.95634 0.06082 2.90111 153 35 18 149 85 1098 100.00000 0
766 1454 11.72160 3.10575 0.22829 3.41627 54 6 3 50 28 787 100.00000 0
250 1639 10.59495 3.01054 0.22580 1.93937 57 8 7 47 24 668 100.00000 0
95 1818 11.97948 3.11935 0.28753 3.03241 108 9 6 100 51 615 100.00000 0
689 1504 11.89823 1.41251 0.11087 1.89630 101 4 8 101 59 457 100.00000 0
87 1841 10.81547 2.37148 0.22644 2.25064 69 9 5 65 30 528 100.00000 0
238 1619 11.62750 2.44209 0.32558 2.70993 93 7 19 91 51 716 100.00000 0
719 1517 11.15961 2.51282 0.07764 0.95613 139 29 30 137 100 665 100.00000 0
242 1610 11.17539 2.10787 0.26125 2.84455 112 6 7 108 69 701 100.00000 0
41 1847 10.93038 0.48397 0.37301 2.08018 77 15 12 77 39 528 100.00000 0
183 1703 10.28267 3.12609 0.27367 2.89530 81 5 3 76 40 583 100.00000 0
134 1768 11.65296 3.13946 0.26261 1.55620 177 51 13 171 107 1115 100.00000 0
742 1483 11.93997 3.14075 0.24464 2.05690 98 23 18 98 54 753 100.00000 0
3985 4049 10.28654 0.86030 0.07611 1.28207 206 51 65 206 147 670 100.00000 0
796 1396 11.38104 2.52014 0.12153 1.89279 108 30 18 105 74 535 100.00000 0
754 1464 10.25263 3.08156 0.15985 2.61464 120 20 10 110 67 1021 100.00000 0
30 1846 11.85410 0.50589 0.09268 2.13130 46 8 5 41 22 345 100.00000 0
92 1789 10.95972 3.13920 0.39646 3.01896 184 63 24 180 116 761 100.00000 0
810 1425 11.85194 1.88316 0.09288 1.36945 175 34 40 173 108 713 100.00000 0
235 1625 11.58277 2.67429 0.33582 2.46132 106 9 6 102 73 684 100.00000 0
253 1592 10.31764 1.66572 0.46564 1.95725 63 4 4 61 39 641 100.00000 0
751 1468 11.00600 3.07857 0.23790 3.48043 62 11 4 60 26 762 100.00000 0
809 1395 10.86295 1.87852 0.04160 1.14261 373 158 95 369 326 909 100.00000 0
241 1610 11.95953 2.10807 0.31486 2.94809 106 7 4 106 65 643 100.00000 0
202 1701 11.37262 3.13492 0.43215 3.17792 130 1 0 130 78 969 100.00000 0
693 1508 10.12015 1.43227 0.12204 2.40143 179 35 36 175 114 691 100.00000 0
36 1827 10.65459 1.30314 0.04869 1.59274 189 6 3 182 135 687 100.00000 0
22 1827 11.89350 1.32124 0.22882 2.53528 127 7 4 114 78 575 100.00000 0
157 1745 10.34566 3.13266 0.23797 2.38507 166 44 18 151 106 856 100.00000 0
689 1506 11.91199 1.40185 0.14783 1.93674 101 10 14 97 79 473 100.00000 0
31 1836 10.08956 0.94988 0.15840 1.40472 163 8 10 163 116 662 100.00000 0
1909 1960 11.78008 1.45372 0.19547 1.93836 144 44 32 142 113 611 100.00000 0
45 1821 11.51536 1.54494 0.13167 1.62414 114 14 16 107 65 572 100.00000 0
708 1521 11.38928 2.02187 0.07588 0.82992 139 62 18 136 111 597 100.00000 0
221 1650 11.71287 3.12485 0.16081 2.10189 160 36 43 150 117 1202 100.00000 0
702 1484 11.02941 1.81443 0.13311 0.74230 182 45 39 180 142 689 100.00000 0
48 1825 10.23154 1.49288 0.08070 1.45965 124 15 11 122 64 590 100.00000 0
2129 2183 11.53087 1.48958 0.50403 3.66853 42 7 5 40 28 288 100.00000 0
776 1419 10.37950 3.06622 0.09861 2.45352 174 59 37 172 106 652 100.00000 0
261 1622 11.94723 2.54572 0.75052 2.97874 85 1 1 85 48 681 100.00000 0
263 1608 11.90766 2.04267 1.33031 2.52507 58 12 14 55 26 646 100.00000 0
691 1498 11.36102 1.46338 0.05881 1.50870 174 34 17 166 118 649 100.00000 0
2482 3877 10.52515 2.02142 0.06567 2.84235 144 37 43 137 86 646 100.00000 0
83 1851 11.38382 1.98058 0.35277 2.26762 91 2 5 87 39 588 100.00000 0
730 1464 11.94796 2.99989 0.43247 2.76711 51 11 10 47 22 537 100.00000 0
2507 3877 11.68887 1.83394 0.31746 4.06756 110 20 29 108 73 808 100.00000 0
782 1442 10.88623 2.98671 0.39368 2.46323 141 6 5 139 86 791 100.00000 0
2477 3877 10.86826 1.88443 0.21652 2.30478 150 47 39 148 85 692 100.00000 0
33 1843 10.58965 0.60252 0.31362 1.98090 83 1 2 75 49 537 100.00000 0
135 1766 10.40348 3.14045 0.33342 1.49567 233 60 55 231 180 1193 100.00000 0
770 1425 10.89268 3.06824 0.22652 2.26330 185 20 11 185 121 790 100.00000 0
78 1801 11.91767 3.09133 0.25872 4.73417 61 8 3 55 23 451 100.00000 0
800 1393 11.49277 2.33850 0.33715 2.23476 58 15 12 54 34 452 100.00000 0
23 1835 11.08404 1.00802 0.11828 2.12854 134 11 4 134 100 589 100.00000 0
805 1430 11.90323 2.06224 0.25042 1.70088 105 22 30 105 64 623 100.00000 0
76 1856 10.61164 1.63661 0.13519 3.65452 111 8 12 108 54 515 100.00000 0
26 1842 11.24982 0.66572 0.31296 2.05138 102 5 4 98 58 553 100.00000 0
247 1645 11.33900 3.11734 0.34389 1.86130 125 8 9 123 77 729 100.00000 0
794 1435 10.39528 2.54263 0.06255 2.42560 119 22 13 116 60 625 100.00000 0
724 1512 10.57137 2.70496 0.29021 1.73911 137 26 25 133 97 695 100.00000 0
2475 2527 11.47286 0.69885 0.21176 1.62991 139 23 46 139 80 687 100.00000 0
30 1829 10.74847 1.23410 0.06176 1.63207 116 5 2 111 82 575 100.00000 0
3983 4047 10.39995 0.80786 0.04726 0.83556 268 106 59 268 224 828 100.00000 0
1921 1976 11.93919 1.03813 0.07282 1.02717 126 29 15 118 96 559 100.00000 0
732 1500 10.22154 3.00330 0.15849 3.10350 60 7 10 57 28 509 100.00000 0
1917 1970 11.11806 1.21606 0.18831 1.49985 155 39 28 151 117 746 100.00000 0
253 1635 10.97831 2.89834 0.27404 1.65422 63 6 2 58 32 575 100.00000 0
261 1601 10.74862 1.83826 0.72205 2.06886 127 39 25 120 69 668 100.00000 0
43 1824 10.87030 1.44927 0.07496 1.77586 165 48 19 161 106 603 100.00000 0
3993 4058 11.94038 1.01521 0.03997 0.90309 144 42 37 140 107 636 100.00000 0
693 1496 10.83800 1.49815 0.13654 2.02313 198 22 30 194 136 716 100.00000 0
811 1397 11.06975 1.79320 0.08249 0.96995 324 122 92 318 249 942 100.00000 0
722 1515 11.27853 2.63641 0.07842 0.78634 76 15 10 64 50 630 100.00000 0
238 1621 10.78799 2.52845 0.20023 2.45032 157 23 16 153 100 792 100.00000 0
243 1606 11.45543 1.99002 0.34018 3.12625 102 1 0 99 61 606 100.00000 0
246 1647 11.62065 3.13605 0.40431 2.02681 145 10 6 132 93 881 100.00000 0
246 1598 11.31224 1.76964 0.46012 3.10388 75 2 3 71 40 585 100.00000 0
692 1498 10.93850 1.47240 0.09607 1.65043 175 36 16 173 126 730 100.00000 0
41 1822 11.48337 1.48404 0.19504 1.76591 129 12 8 129 81 599 100.00000 0
35 1829 10.38252 1.22900 0.05386 1.33998 216 9 7 213 163 771 100.00000 0
39 1845 10.48129 0.54484 0.24240 2.14448 91 10 6 91 40 604 100.00000 0
88 1793 10.80026 3.11060 0.44548 4.37103 109 11 1 104 52 548 100.00000 0
39 1821 11.84054 1.49341 0.27296 1.81790 144 19 6 144 84 630 100.00000 0
2475 2525 11.01814 0.68816 0.26589 1.70915 196 33 45 190 110 762 100.00000 0
248 1594 11.23981 1.71233 0.24770 3.25197 85 5 2 83 50 574 100.00000 0
702 1482 11.79513 1.81207 0.08886 0.84116 171 56 22 171 121 715 100.00000 0
114 1768 10.94061 3.06791 0.28787 1.76414 193 50 29 189 145 1106 100.00000 0
697 1518 11.21772 1.53984 0.14642 1.33823 240 75 37 238 191 768 100.00000 0
28 1841 10.78248 0.70624 0.18953 1.86907 117 6 2 117 80 624 100.00000 0
2486 3861 10.61364 2.21568 0.03946 0.41496 247 81 55 247 189 922 100.00000 0
1913 1966 11.33390 1.37970 0.15744 1.82027 139 34 20 127 100 614 100.00000 0
