234 1662 10.63839 3.07429 0.14056 1.86299 169 30 24 163 113 577 100.00000 0
2483 2533 11.04360 0.82204 0.65661 3.28002 71 8 12 67 32 206 100.00000 0
2545 3865 10.48631 1.54727 0.03747 1.77078 91 13 29 87 53 271 100.00000 0
2470 3874 10.50921 1.74521 0.48732 2.50249 141 26 6 137 79 339 100.00000 0
783 1409 11.60208 3.07069 0.09273 1.21338 99 10 6 80 69 354 100.00000 0
2472 3875 10.41003 1.78004 0.46310 2.57131 93 12 6 79 47 258 100.00000 0
43 1845 10.03140 0.57334 0.22313 2.24036 142 22 20 138 95 454 100.00000 0
159 1743 10.30131 3.12881 0.42334 2.46672 179 4 3 177 121 610 100.00000 0
3988 4053 10.90274 0.97014 0.31800 1.50870 220 71 35 205 119 517 100.00000 0
787 1439 10.61322 2.82809 0.47892 1.77740 201 6 8 194 128 470 100.00000 0
762 1434 11.03832 3.13913 0.53137 1.48833 234 26 22 227 114 537 100.00000 0
261 1606 10.30592 1.99024 1.42335 2.41557 59 1 3 55 15 316 100.00000 0
2491 3860 10.10924 2.34001 0.22543 1.50246 172 61 18 172 103 418 100.00000 0
795 1436 11.66549 2.50151 0.38284 2.62286 159 4 4 159 74 360 100.00000 0
809 1396 10.51438 1.87392 0.24453 1.18267 162 48 23 147 112 368 100.00000 0
25 1832 10.95749 1.13211 0.12699 1.79450 155 10 5 139 89 399 100.00000 0
49 1819 11.81298 1.65135 0.21294 1.69512 149 7 14 139 81 439 100.00000 0
2468 3875 11.52321 1.70104 0.62082 2.89962 74 7 12 67 32 225 100.00000 0
213 1666 10.06260 3.09433 0.27162 2.32507 244 11 6 234 106 891 100.00000 0
59 1818 10.49670 2.05153 0.72015 3.41616 170 1 7 170 96 434 100.00000 0
3978 4036 10.03953 0.56307 0.23562 1.76458 454 263 37 454 363 734 100.00000 0
700 1518 10.39746 1.65303 0.12057 0.85912 242 103 38 240 201 485 100.00000 0
22 73 11.93283 1.29606 0.04286 2.37389 69 3 4 63 38 303 100.00000 0
27 1840 10.78155 0.75794 0.30703 1.89362 131 4 0 131 69 431 100.00000 0
98 1810 11.38976 3.08978 1.10574 4.26866 131 0 1 129 54 432 100.00000 0
240 1615 11.35117 2.29083 0.32703 2.71094 74 4 5 66 27 405 100.00000 0
2503 3856 11.71558 2.09171 0.52594 3.03280 178 78 18 170 120 298 100.00000 0
2472 2522 11.40524 0.57343 0.89137 3.08248 30 3 2 25 9 114 100.00000 0
259 1592 11.35363 1.66595 0.39923 1.63877 83 18 15 81 32 365 100.00000 0
803 1430 10.87332 2.17039 0.32980 1.74001 195 69 13 195 150 346 100.00000 0
27 1825 11.63714 1.38313 0.37961 2.84221 192 2 4 188 117 497 100.00000 0
104 1800 11.12741 3.08154 0.33719 3.02983 96 2 4 94 31 431 100.00000 0
719 1474 10.28870 2.58041 0.26901 1.58486 298 48 22 283 158 640 100.00000 0
219 1656 10.31267 3.11771 0.23930 1.93391 484 41 17 482 337 1390 100.00000 0
261 1600 10.87417 1.80871 0.35540 2.01868 52 5 1 45 15 273 100.00000 0
767 1452 10.61291 3.09450 0.28013 2.88975 158 15 9 149 84 369 100.00000 0
76 1803 11.80758 3.01375 0.33768 5.07760 72 6 2 66 29 171 100.00000 0
735 1494 10.23924 3.09042 0.24904 2.37405 83 8 10 71 46 267 100.00000 0
212 1667 10.44215 3.09431 0.24303 2.46021 244 27 15 240 110 847 100.00000 0
64 1815 10.38910 2.33657 0.32369 3.86635 97 1 1 91 33 256 100.00000 0
788 1404 11.21641 2.87568 0.13186 0.44675 145 24 10 133 103 388 100.00000 0
23 1836 11.09805 0.96305 0.16076 2.01169 121 16 8 121 73 376 100.00000 0
29 1829 10.82961 1.23511 0.14929 1.78136 149 2 2 141 57 479 100.00000 0
710 1478 11.26949 2.15776 0.92723 1.66859 233 47 38 229 87 522 100.00000 0
40 1824 11.03683 1.42681 0.06713 1.87033 218 18 24 210 120 490 100.00000 0
63 1815 10.68313 2.28112 0.13994 3.80899 93 1 2 93 37 246 100.00000 0
4003 4059 10.49876 0.82947 0.26893 1.74091 330 102 31 328 247 649 100.00000 0
109 1773 10.55399 3.07129 0.50856 2.00154 223 36 27 221 105 730 100.00000 0
232 1632 10.26103 2.85519 0.51440 2.15994 184 3 0 178 100 723 100.00000 0
207 1674 10.44595 3.06776 0.34155 1.74316 688 114 115 682 466 1479 100.00000 0
2475 3877 11.11226 1.83517 0.14034 2.56567 141 33 14 139 80 324 100.00000 0
204 1698 10.55483 3.12124 0.26569 3.06222 144 0 2 137 67 628 100.00000 0
136 1765 10.41799 3.13601 0.41169 1.47485 273 42 19 267 165 807 100.00000 0
2483 3862 10.51057 2.13137 0.12653 0.69886 122 13 25 122 72 303 100.00000 0
237 1623 10.75507 2.59879 0.40718 2.36926 186 15 6 186 95 601 100.00000 0
705 1483 10.48411 1.94231 0.70883 1.55972 247 36 22 228 156 566 100.00000 0
773 1421 11.23730 3.06033 0.45772 2.11507 280 58 41 273 183 507 100.00000 0
785 1409 10.55820 3.01477 0.05265 1.29180 173 24 15 165 133 447 100.00000 0
225 1643 11.05309 3.11120 0.60051 1.92458 285 11 36 282 114 984 100.00000 0
696 1490 11.08932 1.57555 0.28729 1.44483 149 22 29 149 97 371 100.00000 0
237 1659 11.16651 3.09723 0.30485 1.56473 251 47 47 251 115 710 100.00000 0
247 1597 11.00671 1.75262 1.52363 3.37603 25 0 0 22 6 212 100.00000 0
3998 4059 11.15614 0.91149 0.19480 1.55796 282 44 36 276 214 603 100.00000 0
75 1806 10.45452 2.96528 0.21284 5.01806 57 9 6 53 18 182 100.00000 0
775 1419 11.05022 3.06226 0.30712 2.39735 262 80 41 255 183 483 100.00000 0
26 1833 10.74473 1.08793 0.15934 1.79144 99 3 4 92 47 336 100.00000 0
241 1653 10.75470 3.12576 0.17419 1.57793 151 24 16 147 81 618 100.00000 0
777 1418 10.32235 3.07488 0.45418 2.47939 262 67 30 260 130 489 100.00000 0
238 1657 10.65313 3.10845 0.29048 1.54560 186 30 19 184 104 645 100.00000 0
4006 4060 11.14651 0.84740 0.24837 1.52982 279 54 33 273 203 585 100.00000 0
814 1405 11.43635 1.72554 0.20633 1.68818 82 9 14 73 45 238 100.00000 0
2469 3874 10.81255 1.72632 0.33296 2.55298 134 32 12 132 78 288 100.00000 0
28 1824 11.77994 1.41910 0.49338 2.83338 260 7 14 254 155 506 100.00000 0
164 1739 10.95904 3.13862 0.23289 2.04411 177 31 19 175 80 462 100.00000 0
2546 3866 10.75527 1.55958 0.03299 1.95765 88 14 26 86 54 270 100.00000 0
748 1471 10.47793 3.09120 0.61840 3.09554 90 6 12 85 33 286 100.00000 0
798 1397 10.22290 2.42608 0.15558 2.07226 149 28 12 143 68 435 100.00000 0
731 1464 11.20526 3.02467 0.12421 2.97137 164 10 34 155 76 435 100.00000 0
24 74 11.99104 1.35638 0.36722 2.59556 65 3 3 63 34 331 100.00000 0
258 1593 10.72677 1.67473 0.16917 1.99410 59 4 5 52 23 330 100.00000 0
2473 2526 11.84237 0.64603 0.52238 1.54408 63 10 8 61 22 205 100.00000 0
228 1637 11.19047 2.98773 0.28376 2.87303 152 13 6 121 64 648 100.00000 0
1912 1964 11.24225 1.41212 0.23305 2.10747 191 51 24 188 100 503 100.00000 0
790 1401 11.60937 2.78097 0.28496 1.15080 84 27 4 77 44 334 100.00000 0
65 1811 11.99646 2.40815 0.26010 4.11466 90 9 8 88 28 252 100.00000 0
799 1433 11.09755 2.33161 0.56283 2.86758 177 30 20 171 69 348 100.00000 0
2494 3858 11.24619 2.33816 0.91818 3.00309 78 15 14 78 31 217 100.00000 0
36 1829 10.32213 1.22989 0.24971 1.29362 157 1 6 153 80 465 100.00000 0
2509 3856 11.30012 1.80352 0.65771 2.23371 277 123 40 273 199 434 100.00000 0
122 1780 11.88884 3.08297 0.07469 1.99724 129 6 17 129 56 618 100.00000 0
2539 3876 10.60069 1.37735 0.21410 2.33263 123 30 23 119 79 334 100.00000 0
32 1824 11.49686 1.41371 0.21941 2.54576 248 19 8 244 150 547 100.00000 0
773 1422 10.60115 3.06406 0.43214 2.01732 260 40 49 256 152 490 100.00000 0
44 1849 11.44283 0.43344 0.15188 1.75925 141 11 9 139 69 430 100.00000 0
47 1823 10.83041 1.52392 0.24355 1.85983 166 4 4 157 53 487 100.00000 0
795 1396 11.74745 2.56474 0.45655 1.82327 107 22 8 101 60 278 100.00000 0
2546 3874 11.94770 1.50451 0.54288 2.12412 98 18 14 98 60 272 100.00000 0
2467 3873 11.21814 1.70371 0.52939 2.63908 104 14 18 98 39 293 100.00000 0
692 1507 10.50455 1.41881 0.19017 2.13332 187 12 19 180 74 565 100.00000 0
172 1731 10.12747 3.12913 0.16754 1.69304 77 9 6 70 35 312 100.00000 0
714 1477 10.48466 2.33867 0.07811 1.01259 383 75 38 374 231 738 100.00000 0
169 1734 10.44423 3.13289 0.27968 2.14375 122 7 11 120 62 374 100.00000 0
1920 1970 10.25627 1.07698 0.17203 1.44076 174 26 33 160 99 486 100.00000 0
128 1755 10.99779 3.11420 0.12620 2.21187 294 29 17 285 142 833 100.00000 0
769 1425 11.69638 3.06395 0.45969 2.01752 313 32 31 306 236 593 100.00000 0
239 1616 11.84019 2.34024 1.15364 2.96029 59 1 1 59 22 310 100.00000 0
229 1636 10.74775 2.95634 0.14656 2.89015 122 7 12 116 46 704 100.00000 0
766 1454 11.72160 3.10575 0.27558 3.47671 115 1 8 101 43 324 100.00000 0
250 1639 10.59495 3.01054 0.71865 1.85097 105 6 2 95 41 453 100.00000 0
95 1818 11.97948 3.11935 0.66061 3.01753 99 0 1 94 39 327 100.00000 0
689 1504 11.89823 1.41251 0.71672 1.82521 184 21 10 180 68 483 100.00000 0
87 1841 10.81547 2.37148 0.26238 2.28790 47 2 2 43 14 329 100.00000 0
238 1619 11.62750 2.44209 0.24075 2.73280 77 5 8 75 42 373 100.00000 0
719 1517 11.15961 2.51282 0.08313 0.95532 156 18 29 152 93 405 100.00000 0
242 1610 11.17539 2.10787 0.31668 2.79736 110 4 8 95 73 419 100.00000 0
41 1847 10.93038 0.48397 0.27328 2.10115 150 13 13 146 65 461 100.00000 0
183 1703 10.28267 3.12609 0.45404 2.89300 233 2 0 229 91 576 100.00000 0
134 1768 11.65296 3.13946 0.43407 1.53773 196 23 24 192 93 723 100.00000 0
736 1459 11.98873 3.13613 0.17737 2.98163 159 37 30 159 97 409 100.00000 0
742 1483 11.93997 3.14075 1.12342 2.05100 70 5 7 67 38 177 100.00000 0
3985 4049 10.28654 0.86030 0.17623 1.28634 405 142 51 398 225 706 100.00000 0
796 1396 11.38104 2.52014 0.45694 1.91479 60 18 8 53 27 239 100.00000 0
754 1464 10.25263 3.08156 0.43365 2.63686 98 12 20 84 38 332 100.00000 0
30 1846 11.85410 0.50589 0.56106 2.13148 147 13 22 143 58 422 100.00000 0
92 1789 10.95972 3.13920 0.52717 3.02129 127 19 21 127 74 337 100.00000 0
810 1425 11.85194 1.88316 0.35393 1.38084 91 16 9 89 54 260 100.00000 0
235 1625 11.58277 2.67429 0.44291 2.41070 234 10 14 224 153 710 100.00000 0
253 1592 10.31764 1.66572 0.82349 2.01790 81 1 0 79 26 389 100.00000 0
751 1468 11.00600 3.07857 0.63239 3.44151 102 5 13 96 37 313 100.00000 0
809 1395 10.86295 1.87852 0.19341 1.15148 168 48 25 168 124 347 100.00000 0
241 1610 11.95953 2.10807 0.34824 2.78657 130 13 6 130 94 462 100.00000 0
202 1701 11.37262 3.13492 0.59450 3.29824 146 1 0 144 89 621 100.00000 0
693 1508 10.12015 1.43227 0.18395 2.39768 181 19 25 179 102 524 100.00000 0
36 1827 10.65459 1.30314 0.23055 1.63423 214 4 3 208 120 529 100.00000 0
22 1827 11.89350 1.32124 0.12416 2.61524 186 3 2 184 110 466 100.00000 0
157 1745 10.34566 3.13266 0.67629 2.44457 135 9 11 126 89 521 100.00000 0
689 1506 11.91199 1.40185 0.50809 1.78707 164 24 17 157 81 516 100.00000 0
31 1836 10.08956 0.94988 0.14570 1.48306 187 7 8 185 100 501 100.00000 0
1909 1960 11.78008 1.45372 0.15154 1.93795 76 14 9 72 26 368 100.00000 0
45 1821 11.51536 1.54494 0.35144 1.63015 147 11 17 143 58 469 100.00000 0
708 1521 11.38928 2.02187 0.22154 0.82709 155 14 22 145 96 443 100.00000 0
221 1650 11.71287 3.12485 0.19355 2.10394 172 8 35 166 86 831 100.00000 0
702 1484 11.02941 1.81443 0.19325 0.70776 181 17 20 179 127 475 100.00000 0
48 1825 10.23154 1.49288 0.19159 1.44293 149 13 3 145 77 460 100.00000 0
776 1419 10.37950 3.06622 0.65471 2.45368 249 58 31 245 139 462 100.00000 0
261 1622 11.94723 2.54572 0.52355 2.96821 56 0 0 48 26 357 100.00000 0
263 1608 11.90766 2.04267 0.45195 2.51746 50 5 3 46 22 263 100.00000 0
691 1498 11.36102 1.46338 0.11648 1.48648 150 11 9 142 100 472 100.00000 0
2482 3877 10.52515 2.02142 0.34772 2.85869 156 41 9 149 100 314 100.00000 0
83 1851 11.38382 1.98058 0.36043 2.28995 135 1 1 129 77 406 100.00000 0
730 1464 11.94796 2.99989 0.13505 2.72807 132 14 26 113 52 414 100.00000 0
2507 3877 11.68887 1.83394 0.12408 4.07602 136 22 27 136 79 315 100.00000 0
782 1442 10.88623 2.98671 0.58713 2.41476 99 0 1 96 53 348 100.00000 0
2477 3877 10.86826 1.88443 0.26282 2.30444 159 43 24 154 93 341 100.00000 0
746 1450 11.57539 3.10554 0.50788 2.55451 168 5 6 166 89 440 100.00000 0
33 1843 10.58965 0.60252 0.42408 2.17223 144 2 3 139 77 459 100.00000 0
135 1766 10.40348 3.14045 0.41645 1.49750 275 43 28 266 166 848 100.00000 0
770 1425 10.89268 3.06824 0.54114 2.23090 391 43 20 391 294 659 100.00000 0
78 1801 11.91767 3.09133 0.88003 4.75720 71 2 1 69 18 309 100.00000 0
800 1393 11.49277 2.33850 0.22386 2.23721 112 17 9 104 49 335 100.00000 0
23 1835 11.08404 1.00802 0.37751 2.12504 103 4 2 96 41 343 100.00000 0
805 1430 11.90323 2.06224 0.31880 1.69996 214 60 28 212 159 336 100.00000 0
76 1856 10.61164 1.63661 0.27685 3.64680 64 5 1 56 24 272 100.00000 0
26 1842 11.24982 0.66572 0.42382 2.05405 129 1 3 123 66 449 100.00000 0
247 1645 11.33900 3.11734 0.24420 1.82606 251 5 0 247 169 712 100.00000 0
794 1435 10.39528 2.54263 0.53077 2.42656 194 35 16 188 80 424 100.00000 0
724 1512 10.57137 2.70496 0.42723 1.74001 256 45 44 246 171 513 100.00000 0
2475 2527 11.47286 0.69885 0.47770 1.64187 125 4 18 123 51 319 100.00000 0
30 1829 10.74847 1.23410 0.06026 1.66319 196 3 1 184 95 519 100.00000 0
3983 4047 10.39995 0.80786 0.08804 0.82139 492 194 143 486 408 787 100.00000 0
1921 1976 11.93919 1.03813 0.27153 1.01876 141 35 12 139 116 408 100.00000 0
732 1500 10.22154 3.00330 0.19726 3.10741 68 14 17 62 41 206 100.00000 0
1917 1970 11.11806 1.21606 0.19795 1.48200 154 30 22 145 74 515 100.00000 0
253 1635 10.97831 2.89834 0.42511 1.66177 131 8 4 127 73 554 100.00000 0
261 1601 10.74862 1.83826 0.57707 2.04028 40 7 1 36 12 266 100.00000 0
43 1824 10.87030 1.44927 0.08272 1.74091 199 13 9 193 105 510 100.00000 0
3993 4058 11.94038 1.01521 0.07575 0.91215 170 30 27 166 95 425 100.00000 0
693 1496 10.83800 1.49815 0.11523 2.05690 220 26 19 214 163 508 100.00000 0
811 1397 11.06975 1.79320 0.34271 1.01143 56 4 11 48 29 205 100.00000 0
722 1515 11.27853 2.63641 0.33098 0.78634 138 22 14 130 89 330 100.00000 0
238 1621 10.78799 2.52845 0.10073 2.44697 135 20 11 131 81 512 100.00000 0
243 1606 11.45543 1.99002 0.55219 2.80212 81 1 4 75 47 381 100.00000 0
246 1647 11.62065 3.13605 0.35081 2.06469 172 3 2 172 107 540 100.00000 0
246 1598 11.31224 1.76964 0.57887 3.00934 32 0 0 22 4 173 100.00000 0
692 1498 10.93850 1.47240 0.15517 1.71669 149 11 10 139 88 454 100.00000 0
41 1822 11.48337 1.48404 0.14057 1.85393 167 5 10 163 91 498 100.00000 0
35 1829 10.38252 1.22900 0.10368 1.32707 205 2 4 205 98 524 100.00000 0
39 1845 10.48129 0.54484 0.11054 2.15122 136 8 14 132 61 474 100.00000 0
88 1793 10.80026 3.11060 0.90274 4.23716 63 2 6 51 28 263 100.00000 0
39 1821 11.84054 1.49341 0.13577 1.90660 146 12 5 142 82 398 100.00000 0
2475 2525 11.01814 0.68816 0.46364 1.68725 128 13 26 121 62 341 100.00000 0
248 1594 11.23981 1.71233 1.42915 3.44583 29 0 0 27 13 231 100.00000 0
702 1482 11.79513 1.81207 0.14420 0.91728 135 7 12 131 65 396 100.00000 0
114 1768 10.94061 3.06791 0.80527 1.78531 221 16 14 221 110 715 100.00000 0
697 1518 11.21772 1.53984 0.08073 1.32441 294 163 43 294 227 572 100.00000 0
28 1841 10.78248 0.70624 0.39870 1.95525 162 1 2 157 93 475 100.00000 0
2486 3861 10.61364 2.21568 0.14039 0.41307 125 26 23 123 87 388 100.00000 0
1913 1966 11.33390 1.37970 0.30689 1.81661 290 57 30 284 183 635 100.00000 0
