0.02306 0.02436 0.00240
0.03290 0.02358 0.01684
0.01873 0.01815 0.00102
0.02667 0.02286 0.00909
0.03022 0.01943 0.01558
0.02194 0.03152 0.01332
0.01704 0.02380 0.01216
0.01654 0.02238 0.00524
0.01841 0.02793 0.00152
0.01693 0.02385 0.00166
0.01679 0.02231 0.00348
0.02083 0.02480 0.00349
0.01617 0.01947 0.00231
0.03177 0.02419 0.00518
0.01788 0.03174 0.01291
0.01910 0.02885 0.00299
0.01571 0.02207 0.00151
0.01760 0.01873 0.00877
0.01727 0.02292 0.00358
0.01940 0.02435 0.00799
0.01701 0.02275 0.00916
0.01564 0.02005 0.01000
0.01863 0.02750 0.01895
0.01458 0.02389 0.00179
0.01660 0.02320 0.00188
0.01556 0.01864 0.00564
0.02303 0.02613 0.00199
0.01708 0.02750 0.00276
0.01884 0.02316 0.00791
0.01937 0.02227 0.00165
0.01623 0.01880 0.01955
0.01573 0.02107 0.01097
0.01875 0.01448 0.00634
0.01939 0.02914 0.01992
0.01752 0.02162 0.01041
0.01618 0.02199 0.00840
0.02329 0.02516 0.01020
0.01700 0.02284 0.00204
0.01954 0.03578 0.00697
0.01937 0.02190 0.01888
0.01810 0.01849 0.01852
0.01487 0.01309 0.00746
0.01669 0.02241 0.00962
0.01837 0.02502 0.01057
0.01699 0.02336 0.00661
0.02889 0.02494 0.01183
0.02816 0.02088 0.00644
0.01647 0.02179 0.01907
0.01753 0.01514 0.00155
0.01661 0.02352 0.00780
0.01775 0.02747 0.01527
0.01263 0.01527 0.00099
0.03682 0.02310 0.01102
0.01746 0.02311 0.00803
0.02771 0.02386 0.00256
0.02178 0.01690 0.01043
0.01697 0.01924 0.00171
0.01715 0.02345 0.00303
0.02004 0.01954 0.01883
0.01714 0.02503 0.01048
0.01199 0.01494 0.01468
0.02569 0.02322 0.00433
0.03662 0.01887 0.00732
0.01764 0.02172 0.00240
0.01253 0.01579 0.00099
0.01734 0.02178 0.00229
0.01737 0.02331 0.00202
0.01668 0.02134 0.01936
0.01949 0.02283 0.00108
0.01683 0.02810 0.01910
0.01840 0.02223 0.00288
0.01639 0.02565 0.00310
0.01815 0.02587 0.01923
0.01703 0.02472 0.00209
0.01434 0.02053 0.01145
0.02862 0.02583 0.00427
0.01661 0.01959 0.01884
0.01805 0.01803 0.02200
0.01935 0.02139 0.01032
0.01800 0.02481 0.01971
0.01730 0.02404 0.00299
0.01540 0.02617 0.01221
0.01807 0.02067 0.01921
0.03533 0.02230 0.00930
0.03499 0.02336 0.01135
0.03392 0.02637 0.00980
0.01933 0.02866 0.01117
0.02691 0.01976 0.00910
0.01261 0.01488 0.00803
0.01950 0.02492 0.00715
0.01776 0.02190 0.00173
0.01828 0.02536 0.01649
0.02535 0.02429 0.01904
0.01724 0.02494 0.01327
0.01734 0.02177 0.01035
0.01870 0.02245 0.00279
0.02102 0.02607 0.00549
0.02033 0.02794 0.00186
0.01855 0.01839 0.01235
0.01807 0.02057 0.01521
0.01771 0.02409 0.01882
0.01395 0.01678 0.01753
0.01681 0.02586 0.00112
0.01647 0.02244 0.00703
0.01899 0.02510 0.01969
0.01780 0.02485 0.00312
0.01665 0.02022 0.00146
0.02001 0.02848 0.00325
0.01605 0.02249 0.00337
0.01569 0.02560 0.01083
0.01603 0.02133 0.00400
0.01698 0.02249 0.00692
0.01722 0.01908 0.00332
0.01687 0.02541 0.02161
0.02787 0.02098 0.01652
0.01543 0.01778 0.00300
0.01901 0.01886 0.00331
0.01906 0.01815 0.00218
0.01670 0.02257 0.00797
0.01616 0.02092 0.01888
0.01647 0.01990 0.01071
0.01772 0.02336 0.01931
0.01935 0.02646 0.01517
0.01663 0.02182 0.00826
0.01534 0.02078 0.00228
0.01812 0.02699 0.00651
0.03363 0.02441 0.00836
0.01622 0.01871 0.00184
0.01756 0.02097 0.00474
0.02013 0.03043 0.01494
0.01723 0.02549 0.00135
0.02748 0.02186 0.00077
0.02117 0.02714 0.00590
0.03066 0.03341 0.00065
0.02313 0.01859 0.02660
0.01524 0.01592 0.00884
0.01642 0.02125 0.00245
0.01561 0.02067 0.01170
0.01718 0.02727 0.01118
0.01837 0.02319 0.00394
0.02861 0.02331 0.01476
0.01783 0.02317 0.00220
0.02175 0.02283 0.01139
0.03084 0.02362 0.00144
0.01911 0.02260 0.00545
0.01814 0.02448 0.00363
0.01667 0.02177 0.01304
0.01569 0.02041 0.02186
0.01605 0.01937 0.01899
0.01858 0.02533 0.00192
0.01732 0.03124 0.00477
0.01803 0.03035 0.00923
0.01598 0.01934 0.00892
0.01729 0.02134 0.01776
0.01780 0.02756 0.00537
0.01599 0.02657 0.01209
0.01887 0.03314 0.00387
0.01409 0.02263 0.01054
0.01886 0.02843 0.00420
0.01657 0.02688 0.00153
0.01803 0.02342 0.01098
0.01693 0.02263 0.01952
0.01764 0.02176 0.00157
0.01806 0.01894 0.01903
0.01591 0.02049 0.01537
0.01603 0.02399 0.00384
0.01752 0.02334 0.00158
0.02098 0.02551 0.01685
0.01685 0.02084 0.01046
0.01612 0.01902 0.00289
0.01847 0.02050 0.00695
0.02204 0.01944 0.01738
0.01593 0.02189 0.00136
0.01964 0.02490 0.00794
0.01470 0.01971 0.00116
0.02008 0.03114 0.01933
0.01839 0.01925 0.00763
0.02388 0.02567 0.00205
0.01512 0.01839 0.00666
0.01553 0.02734 0.01794
0.02633 0.02321 0.01577
0.01676 0.02459 0.02084
0.01597 0.02232 0.00212
0.01550 0.01869 0.01973
0.01700 0.02148 0.00258
0.01572 0.01987 0.01941
0.01693 0.02022 0.00196
0.01676 0.02106 0.00194
0.02562 0.01931 0.00121
0.01566 0.02375 0.01021
0.01730 0.02108 0.00880
0.03029 0.01999 0.00514
0.02084 0.02578 0.00260
0.01980 0.02318 0.02283
0.01857 0.02179 0.01157
0.01644 0.01886 0.01873
0.01443 0.01845 0.00279
0.01941 0.02356 0.00336
0.02120 0.02391 0.01796
0.01598 0.02191 0.00793
