3379 4596 3.06757 3.11685 0.09844 2.69704 235 163 50 233 172 461 100.00000 0
3377 4600 5.73835 3.11613 0.26690 2.57587 165 109 20 161 75 384 100.00000 0
1932 4514 2.31354 0.01839 1.94043 1.02106 327 0 0 323 278 707 100.00000 0
957 4222 2.07993 0.02083 0.10405 1.02336 726 594 82 726 623 1119 100.00000 0
1980 4563 5.80272 0.01584 0.70672 0.83790 211 26 2 206 158 483 100.00000 0
3345 4615 4.60759 3.07433 0.16418 2.52584 184 160 15 184 130 354 100.00000 0
932 4207 3.73307 0.03854 0.11556 1.94903 286 114 30 286 237 752 100.00000 0
1802 4401 2.84689 0.28223 0.16640 2.19250 352 270 15 350 194 692 100.00000 0
966 4234 4.10816 0.03535 0.14501 2.03509 343 292 34 341 212 721 100.00000 0
930 4195 4.11959 0.58077 0.12325 4.32644 205 45 34 200 109 633 100.00000 0
3411 4581 4.81993 2.30724 0.38039 2.98347 200 128 29 198 90 539 100.00000 0
3375 4594 5.05414 nan 0.10696 2.97111 246 173 17 242 155 473 100.00000 0
3368 4605 3.88414 nan 0.21984 3.25486 146 75 40 142 81 340 100.00000 0
1864 4453 5.54169 0.01239 0.55356 0.78235 187 90 8 181 160 571 100.00000 0
3344 4621 4.75289 2.99200 0.26040 2.41589 97 74 13 97 63 319 100.00000 0
1805 4405 5.92310 0.18257 0.23738 1.04904 320 222 9 312 263 740 100.00000 0
938 4202 4.99895 0.17834 0.24511 3.56722 244 55 98 240 131 571 100.00000 0
1815 4404 3.51752 0.01779 0.19660 0.48051 409 371 14 401 366 838 100.00000 0
3370 4605 5.51764 3.13970 0.55733 2.82978 127 73 30 115 58 285 100.00000 0
1973 4555 2.05804 0.01717 0.90969 0.97478 614 9 1 614 564 862 100.00000 0
1885 4472 3.99889 0.02709 0.98182 0.68185 261 9 0 256 231 613 100.00000 0
940 4213 3.23143 0.04568 0.25015 2.77798 433 129 78 431 339 960 100.00000 0
1816 4404 4.39375 0.01180 0.13287 0.34035 367 328 25 364 305 764 100.00000 0
1808 4405 3.71224 0.12282 0.26922 1.30985 475 407 22 471 420 887 100.00000 0
3342 4616 5.27878 3.01701 0.19238 2.33112 143 116 12 130 105 355 100.00000 0
1992 4563 2.76942 0.12475 0.74466 0.84580 329 27 5 329 289 742 100.00000 0
1992 4569 4.89693 0.13078 0.73241 2.74067 243 26 3 241 148 448 100.00000 0
1836 4426 4.79190 0.01709 0.25246 0.93377 265 219 14 259 228 543 100.00000 0
1021 4260 5.05114 0.05192 0.11490 1.20268 192 158 18 192 147 616 100.00000 0
936 4212 5.36135 0.04073 0.26204 2.51295 252 51 39 246 182 633 100.00000 0
941 4207 3.25313 0.04376 0.08622 2.49434 395 158 215 390 318 852 100.00000 0
1804 4396 5.98400 0.23635 0.04588 0.66500 240 215 22 237 189 560 100.00000 0
3407 4581 2.63777 2.54445 0.23320 2.86074 293 207 50 287 155 655 100.00000 0
3366 4605 2.67270 3.13816 0.06704 3.21613 211 144 18 211 145 377 100.00000 0
1956 4542 4.87598 0.02969 1.83294 0.91941 388 0 0 382 328 758 100.00000 0
3364 4606 2.50042 3.13522 0.19210 3.23628 212 156 28 208 149 382 100.00000 0
1966 4546 2.48627 0.01766 1.30922 0.97438 290 0 0 283 250 652 100.00000 0
1985 4564 3.24301 0.02504 0.66353 1.42738 468 70 6 466 412 788 100.00000 0
1819 4413 5.28161 0.03071 0.18677 1.76879 192 157 30 190 153 483 100.00000 0
3351 4613 3.20617 3.11513 0.15752 2.76017 169 153 12 165 127 317 100.00000 0
3396 4581 4.51186 3.06225 0.51925 2.80547 267 195 24 263 150 610 100.00000 0
1812 4403 2.37027 0.05612 0.16614 0.73860 666 629 28 652 597 1137 100.00000 0
3376 4595 3.24687 3.13228 0.04291 2.88636 325 240 58 320 210 589 100.00000 0
3350 4616 3.03758 3.09140 0.17789 2.68628 182 156 20 179 129 409 100.00000 0
915 4190 5.94560 1.33742 0.31262 3.51424 192 164 19 188 93 547 100.00000 0
1805 4404 4.58205 0.18369 0.17700 0.99858 388 307 8 386 348 732 100.00000 0
938 4214 5.82629 0.02993 0.20559 1.67164 332 154 79 330 258 676 100.00000 0
1843 4432 4.50551 0.01343 0.38790 0.73489 347 239 5 347 307 705 100.00000 0
1001 4253 2.71878 0.01987 0.16308 1.00327 261 209 30 261 210 636 100.00000 0
3396 4582 3.45366 3.06220 0.55158 3.30132 279 203 20 277 170 603 100.00000 0
3387 4587 3.71471 3.12399 0.50075 3.74638 268 35 0 263 115 584 100.00000 0
1877 4465 4.84899 0.01529 0.78259 0.67609 180 33 1 175 135 477 100.00000 0
1794 4398 4.53297 0.72685 0.19758 3.02944 231 202 6 225 97 537 100.00000 0
1028 4264 3.02073 0.30935 0.09975 1.41637 334 282 32 334 226 842 100.00000 0
1034 4271 4.46507 0.64992 0.15429 0.89613 445 314 27 439 349 1140 100.00000 0
1002 4259 4.48902 0.00978 0.11267 0.57743 237 198 35 237 191 674 100.00000 0
983 4241 3.47070 0.01763 0.26640 1.08751 173 137 18 171 122 591 100.00000 0
1977 4553 4.55473 0.00944 0.85430 0.55813 350 5 1 334 287 617 100.00000 0
1963 4549 5.47282 0.01983 1.61870 1.03590 276 0 0 267 233 644 100.00000 0
1021 4262 2.39108 0.05359 0.14723 1.29271 384 335 32 380 283 882 100.00000 0
3337 4624 5.08818 2.77569 0.17084 1.98189 156 136 13 156 116 353 100.00000 0
919 4197 5.09184 0.74367 0.32354 3.76015 241 160 49 232 135 568 100.00000 0
1008 4262 4.56583 0.01756 0.07162 0.99544 221 193 26 219 158 652 100.00000 0
3354 4612 2.67685 3.11910 0.12340 2.72132 176 152 19 168 108 387 100.00000 0
3358 4609 2.75362 3.13017 0.13898 2.37405 202 149 34 196 136 410 100.00000 0
1027 4264 2.55122 0.25903 0.12325 1.45428 342 281 24 342 231 833 100.00000 0
1886 4472 2.70688 0.02718 0.96657 0.73489 379 12 0 375 331 776 100.00000 0
1994 4569 3.71549 0.18801 0.68243 2.48443 354 71 8 337 265 617 100.00000 0
1955 4536 2.60014 0.01406 1.99728 0.79229 373 0 0 369 323 807 100.00000 0
1887 4473 2.77902 0.02958 0.99815 0.80064 380 9 0 373 350 726 100.00000 0
3365 4601 5.62088 3.12954 0.09289 3.24932 170 123 37 170 123 364 100.00000 0
983 4242 2.20853 0.01560 0.15074 0.99701 265 212 28 260 211 701 100.00000 0
1832 4416 4.19764 0.00594 0.24337 0.40154 265 217 11 263 235 473 100.00000 0
1971 4554 2.76820 0.01759 1.05846 1.00288 622 1 0 620 576 949 100.00000 0
983 4247 4.18277 0.02119 0.16163 1.13160 220 180 34 214 149 630 100.00000 0
1860 4448 4.05783 0.01715 0.54619 1.02067 466 225 7 458 432 834 100.00000 0
993 4255 5.75422 0.01711 0.10267 1.00405 162 127 27 157 106 520 100.00000 0
1856 4445 5.34891 0.01552 0.69089 0.95080 330 87 4 318 292 740 100.00000 0
3370 4604 4.38692 nan 0.58406 2.95579 122 60 25 120 48 320 100.00000 0
1938 4523 2.86704 0.02038 1.91777 0.82472 637 0 0 631 584 1051 100.00000 0
1921 4507 4.01117 0.02883 1.44610 0.86185 207 0 0 207 173 573 100.00000 0
3342 4623 5.96657 2.93237 0.19745 2.31731 87 65 16 85 52 241 100.00000 0
944 4211 2.06276 0.04954 0.14349 2.82244 546 215 244 540 431 984 100.00000 0
3376 4598 2.90434 3.12247 0.10913 2.88106 264 185 48 264 144 564 100.00000 0
1017 4259 4.44251 0.00584 0.03080 0.39565 281 254 23 278 237 721 100.00000 0
1917 4499 2.14134 0.03089 1.27624 0.63551 310 0 0 306 279 624 100.00000 0
952 4217 3.08756 0.03741 0.05880 1.88284 544 415 107 542 465 942 100.00000 0
1854 4441 2.60391 0.02110 0.63937 1.18234 549 182 6 545 478 982 100.00000 0
3337 4620 4.20705 2.82506 0.22100 2.10617 142 116 13 136 101 352 100.00000 0
1980 4554 5.84093 0.02156 0.86349 1.17736 189 6 1 185 155 478 100.00000 0
1004 4261 5.81588 0.00796 0.14045 0.48295 162 133 16 148 127 583 100.00000 0
3408 4575 4.56492 2.48266 0.40421 1.16668 290 177 16 286 197 669 100.00000 0
953 4224 4.04029 0.02151 0.06935 1.12709 520 444 56 518 444 946 100.00000 0
932 4199 2.66463 0.34335 0.11396 3.68525 304 92 35 302 204 705 100.00000 0
3417 4576 5.38924 1.94147 0.70797 2.45479 177 68 19 170 85 491 100.00000 0
1831 4420 2.38282 0.01636 0.24386 0.93461 492 430 8 492 441 818 100.00000 0
1999 4570 2.35087 0.41090 0.74694 2.54991 342 91 1 342 286 573 100.00000 0
1993 4562 4.59764 0.15298 0.75815 0.58551 243 14 3 243 196 540 100.00000 0
1847 4435 3.56124 0.02357 0.53025 1.34203 519 301 5 517 444 869 100.00000 0
1837 4426 3.62379 0.01301 0.31562 0.71107 378 299 21 376 334 701 100.00000 0
918 4192 4.30525 1.08215 0.38507 4.02419 217 182 27 217 84 509 100.00000 0
1862 4443 5.38179 0.01355 0.87015 0.69830 255 35 1 253 227 578 100.00000 0
3329 4624 5.55115 2.44485 0.21199 1.99488 129 112 15 125 98 263 100.00000 0
1864 4447 2.73268 0.01417 0.63369 0.78484 464 180 2 462 423 926 100.00000 0
3359 4608 2.94602 3.13331 0.14781 2.48664 208 149 40 203 139 454 100.00000 0
1832 4421 2.61259 0.01525 0.26218 0.87312 413 366 11 406 375 742 100.00000 0
1802 4403 5.30259 0.28230 0.19303 1.45643 286 228 7 286 207 632 100.00000 0
1948 4533 3.05441 0.02270 1.88896 0.84070 614 0 0 610 551 992 100.00000 0
3406 4575 5.52920 2.59390 0.36416 1.33501 292 184 29 290 202 752 100.00000 0
1794 4393 5.73638 0.74347 0.23818 2.31984 173 129 18 169 105 460 100.00000 0
3381 4597 5.57489 3.10848 0.07702 2.30002 196 123 25 190 102 478 100.00000 0
927 4201 2.42105 0.27455 0.10164 3.07536 350 121 53 350 231 829 100.00000 0
1870 4458 4.37915 0.01702 0.68464 1.05313 258 72 3 250 216 595 100.00000 0
1804 4402 2.70805 0.21708 0.17859 1.55771 466 386 18 463 341 920 100.00000 0
920 4199 5.65502 0.58728 0.22334 3.51914 193 81 83 187 104 513 100.00000 0
3384 4587 5.78847 3.11289 0.60865 4.78725 233 18 1 224 91 526 100.00000 0
1042 4271 5.79122 1.14266 0.21319 1.34668 297 248 32 289 211 796 100.00000 0
3379 4594 2.51571 3.12265 0.22879 2.94344 241 155 62 237 137 472 100.00000 0
965 4226 4.89964 0.03519 0.23119 1.99429 311 222 47 311 199 648 100.00000 0
1032 4271 5.04014 0.52815 0.07173 0.92196 487 400 14 475 416 1095 100.00000 0
922 4193 2.58316 0.84986 0.06467 3.39869 314 241 52 308 180 659 100.00000 0
1827 4417 2.66857 0.01773 0.24245 1.05053 436 369 16 432 401 751 100.00000 0
1932 4511 5.99200 0.03733 1.90607 0.82803 134 0 0 125 100 456 100.00000 0
1791 4396 4.96283 0.92591 0.37413 2.79582 201 117 15 193 100 556 100.00000 0
1819 4406 4.38006 0.02101 0.17595 1.22141 409 371 18 394 306 710 100.00000 0
3417 4574 5.92493 1.93668 0.59688 1.83462 304 132 18 295 189 742 100.00000 0
1997 4569 2.06371 0.30823 0.68731 2.26451 458 84 9 452 333 788 100.00000 0
965 4233 3.79000 0.05214 0.13471 2.99408 348 294 38 348 201 803 100.00000 0
1927 4509 2.18467 0.01323 1.73999 0.87312 332 0 0 330 285 679 100.00000 0
2000 4566 3.49969 0.46966 0.84678 1.28634 359 15 1 353 292 684 100.00000 0
3336 4624 4.90380 2.73983 0.10124 2.03452 94 81 6 87 64 293 100.00000 0
1812 4402 3.71244 0.05567 0.12473 0.96834 485 448 26 476 427 897 100.00000 0
1826 4417 3.71126 0.01368 0.33294 0.79966 398 281 25 393 346 686 100.00000 0
1947 4534 5.52577 0.03654 1.77978 1.18630 276 0 0 270 242 646 100.00000 0
3391 4590 4.91310 3.12072 0.13236 2.84069 218 130 9 214 107 499 100.00000 0
1990 4561 4.06399 0.07423 0.75736 1.10394 260 27 5 248 217 614 100.00000 0
3382 4590 3.95872 nan 0.15349 3.52392 240 103 4 240 128 523 100.00000 0
1808 4400 3.33180 0.13318 0.10349 1.51930 634 591 20 632 497 1058 100.00000 0
3398 4586 4.47951 2.99211 0.17574 2.99134 282 218 10 277 135 570 100.00000 0
3341 4623 5.49849 2.90948 0.30002 2.24873 90 49 8 86 48 278 100.00000 0
3352 4612 3.50134 3.11695 0.25212 2.75875 189 147 13 185 125 403 100.00000 0
1037 4265 5.96620 0.83623 0.08707 0.84116 212 190 15 206 170 603 100.00000 0
3415 4577 4.17718 2.05452 0.41515 2.31697 247 136 31 245 151 671 100.00000 0
3336 4622 3.94688 2.76517 0.14832 2.24542 110 91 8 104 77 314 100.00000 0
935 4210 4.21931 0.04446 0.22121 2.87263 442 156 28 442 371 854 100.00000 0
934 4211 5.92656 0.04361 0.34631 2.92704 341 106 20 331 269 753 100.00000 0
1013 4257 5.02307 0.01719 0.14913 0.85363 168 136 24 161 124 626 100.00000 0
1027 4268 2.85143 0.25255 0.07201 0.93125 540 503 26 533 433 1150 100.00000 0
1950 4536 4.37253 0.03261 1.79568 0.79868 343 0 0 343 294 755 100.00000 0
1983 4557 4.38550 0.03031 0.76487 1.67257 164 9 3 153 123 469 100.00000 0
3369 4603 2.78898 nan 0.23564 3.22586 145 105 17 140 75 332 100.00000 0
939 4213 4.02105 0.04321 0.26732 2.62912 347 97 66 345 288 799 100.00000 0
928 4193 4.19020 0.71279 0.10327 3.72300 236 79 41 230 130 625 100.00000 0
3367 4605 3.19100 nan 0.21928 3.25004 196 118 30 192 118 377 100.00000 0
1006 4260 3.17352 0.01074 0.15528 0.60133 298 256 19 287 251 724 100.00000 0
1950 4534 2.05453 0.02032 1.89729 0.78584 903 0 0 899 839 1272 100.00000 0
1940 4527 5.36384 0.04178 1.82959 1.59912 310 0 0 306 270 668 100.00000 0
988 4243 5.50307 0.00724 0.19235 0.48939 163 119 26 159 113 617 100.00000 0
3416 4577 4.90709 1.99711 0.51091 2.38047 222 114 20 222 144 605 100.00000 0
980 4237 5.66090 0.01429 0.17648 0.85180 190 126 39 183 131 535 100.00000 0
3353 4615 3.59431 3.09729 0.20503 2.63626 207 170 17 203 142 403 100.00000 0
948 4211 5.58186 0.05349 0.28324 2.90299 337 120 180 335 267 721 100.00000 0
939 4204 4.21181 0.10731 0.13142 3.38020 267 102 73 261 166 636 100.00000 0
1025 4262 4.30256 0.17419 0.20410 1.70525 263 220 11 259 173 701 100.00000 0
921 4188 5.07067 1.16553 0.38250 3.54994 136 103 20 134 52 410 100.00000 0
1789 4394 5.83329 1.04782 0.25480 3.21613 130 89 2 118 73 457 100.00000 0
969 4231 2.46560 0.01372 0.27292 0.80794 502 392 35 500 382 879 100.00000 0
947 4211 4.69146 0.05469 0.23106 2.98662 324 119 174 324 224 731 100.00000 0
1946 4527 3.15198 0.02371 1.99297 0.63980 299 0 0 295 259 716 100.00000 0
1948 4529 3.04454 0.01955 1.97263 0.81661 449 0 0 443 383 814 100.00000 0
1029 4270 4.70876 0.35792 0.10540 1.03967 350 274 16 346 260 982 100.00000 0
1909 4490 3.53703 0.02874 1.10026 1.15487 225 4 1 215 181 605 100.00000 0
1841 4424 3.81046 0.02016 0.37621 1.15758 497 384 11 484 434 878 100.00000 0
1809 4400 4.06679 0.11507 0.13436 1.60985 572 531 20 570 449 1021 100.00000 0
3342 4621 3.93826 2.95707 0.30098 2.51279 78 54 18 76 45 246 100.00000 0
1962 4548 5.45815 0.02101 1.81438 1.02221 334 0 0 328 301 687 100.00000 0
1852 4439 2.51870 0.01951 0.57259 1.09575 423 191 8 421 374 839 100.00000 0
1821 4409 2.19306 0.02836 0.25778 1.64425 594 522 20 588 504 899 100.00000 0
1968 4545 5.85623 0.01811 1.15688 0.88116 138 1 0 134 103 443 100.00000 0
1826 4418 5.06205 0.01967 0.28631 1.13021 297 246 8 291 260 533 100.00000 0
1951 4531 4.10305 0.01239 1.94466 0.28804 159 0 0 155 127 515 100.00000 0
1992 4567 2.39780 0.12726 0.70634 1.89960 453 56 10 449 361 780 100.00000 0
1850 4437 2.41158 0.01296 0.59779 0.60393 674 284 5 670 633 1058 100.00000 0
928 4191 5.51475 0.83082 0.32859 4.22865 149 20 9 142 65 488 100.00000 0
1816 4409 2.57415 0.01702 0.14933 0.80842 544 522 17 544 485 934 100.00000 0
928 4194 3.53284 0.65383 0.22647 3.80838 243 82 27 239 136 609 100.00000 0
1014 4263 2.43433 0.01603 0.07779 0.86773 377 352 21 371 295 889 100.00000 0
1904 4490 3.61574 0.04058 1.01295 1.28176 249 2 0 245 216 674 100.00000 0
1017 4266 4.94690 0.01423 0.09344 0.76361 254 226 20 252 187 709 100.00000 0
1957 4538 2.43783 0.01767 1.97153 0.94626 430 0 0 426 394 874 100.00000 0
1793 4393 5.71952 0.80694 0.26967 2.52476 176 141 14 170 121 460 100.00000 0
1981 4557 2.85437 0.02473 0.81093 1.36602 272 17 0 268 235 613 100.00000 0
3361 4611 4.85890 3.12154 0.24353 2.52522 172 108 36 164 98 318 100.00000 0
3343 4621 4.30124 2.97615 0.35681 2.46783 69 41 16 65 30 282 100.00000 0
1887 4475 5.52774 0.03398 0.94222 0.82282 217 3 1 212 194 505 100.00000 0
918 4189 5.00122 1.25191 0.10356 3.78258 259 209 32 247 112 584 100.00000 0
940 4215 5.28558 0.03252 0.30118 1.97952 333 104 40 329 260 734 100.00000 0
1792 4398 5.67944 0.85368 0.98299 3.50934 170 98 5 160 70 412 100.00000 0
3349 4617 3.36082 3.07780 0.22272 2.73595 134 98 12 130 79 346 100.00000 0
