0.02010 0.02743 0.00126
0.01402 0.02652 0.00267
0.03105 0.05331 0.00727
0.01448 0.03457 0.01945
0.01647 0.05140 0.00653
0.01969 0.04060 0.02116
0.00897 0.01625 0.00491
0.01128 0.02126 0.00084
0.02487 0.03373 0.00726
0.01050 0.02431 0.02402
0.00815 0.01140 0.00057
0.01577 0.02550 0.01983
0.00805 0.01116 0.00549
0.01088 0.02183 0.01833
0.02079 0.04853 0.02122
0.01711 0.04631 0.00157
0.01297 0.04540 0.01850
0.00864 0.01775 0.00063
0.01146 0.02016 0.00070
0.01014 0.01764 0.00158
0.00933 0.01667 0.00707
0.01393 0.03115 0.00227
0.02040 0.03932 0.00110
0.02329 0.06146 0.01867
0.01525 0.03373 0.02413
0.00766 0.01460 0.01851
0.01779 0.04934 0.01738
0.01356 0.03717 0.01459
0.01030 0.01648 0.00357
0.01005 0.01695 0.01876
0.01194 0.03996 0.01878
0.00709 0.00952 0.01838
0.01977 0.05362 0.01441
0.01202 0.03831 0.01927
0.00931 0.02190 0.00429
0.00907 0.01313 0.01586
0.01381 0.02402 0.01842
0.01121 0.02103 0.01097
0.01231 0.02921 0.00163
0.00800 0.01716 0.00080
0.01978 0.04823 0.01619
0.00929 0.01701 0.00061
0.01338 0.02259 0.00085
0.00883 0.01631 0.01860
0.01838 0.04335 0.01041
0.02907 0.06031 0.01850
0.00989 0.01791 0.00185
0.02113 0.04564 0.01846
0.00984 0.02295 0.00526
0.01356 0.02852 0.01870
0.00956 0.02239 0.02860
0.01105 0.01927 0.00165
0.02262 0.03998 0.03669
0.01792 0.04944 0.01878
0.01072 0.02821 0.01892
0.02712 0.05202 0.01891
0.00581 0.00905 0.01839
0.01147 0.01942 0.00479
0.01746 0.05439 0.01561
0.01507 0.03653 0.01888
0.00873 0.01596 0.00124
0.00697 0.01276 0.01844
0.01385 0.02638 0.00086
0.01296 0.02103 0.00533
0.01820 0.08230 0.01862
0.01004 0.01728 0.01034
0.01059 0.02581 0.00906
0.01389 0.02050 0.00065
0.02359 0.04720 0.02032
0.01505 0.04052 0.01763
0.00877 0.01331 0.01843
0.01954 0.04679 0.01943
0.00815 0.01287 0.01867
0.01201 0.02321 0.00072
0.01338 0.02123 0.00054
0.01580 0.03693 0.00569
0.01218 0.02934 0.00115
0.01914 0.03676 0.00519
0.01263 0.02763 0.00798
0.01369 0.01995 0.00070
0.03270 0.06545 0.02148
0.01080 0.01935 0.01841
0.01929 0.04089 0.00156
0.01443 0.02753 0.01862
0.01209 0.02162 0.00428
0.00852 0.01715 0.00055
0.01087 0.02836 0.00615
0.01103 0.02695 0.00054
0.01536 0.03406 0.01106
0.01280 0.02067 0.01887
0.01169 0.03277 0.00628
0.01022 0.01740 0.00648
0.01426 0.05160 0.01899
0.01320 0.04160 0.01853
0.01051 0.02428 0.02301
0.01038 0.02108 0.02028
0.01189 0.03108 0.01871
0.01350 0.03564 0.02107
0.00700 0.01233 0.01870
0.00943 0.01824 0.00850
0.01175 0.01856 0.00326
0.00804 0.01568 0.00059
0.00798 0.01639 0.01846
0.01795 0.04293 0.01848
0.01677 0.03825 0.01845
0.00665 0.01245 0.01842
0.00961 0.02152 0.00069
0.00598 0.00984 0.00048
0.01610 0.02375 0.01451
0.01274 0.03036 0.00074
0.01586 0.03067 0.02907
0.01855 0.07912 0.02067
0.00726 0.01010 0.01510
0.01373 0.01709 0.00552
0.01114 0.01789 0.00718
0.00831 0.01648 0.00957
0.00884 0.01652 0.00084
0.01250 0.01515 0.02163
0.01877 0.04751 0.00079
0.01850 0.03990 0.00110
0.01397 0.04112 0.01872
0.01652 0.04640 0.01852
0.02288 0.06012 0.01536
0.01196 0.02311 0.01408
0.01205 0.01888 0.00650
0.01878 0.06482 0.02188
0.01224 0.03364 0.01850
0.01132 0.01694 0.00118
0.01671 0.04740 0.02121
0.01015 0.01396 0.00597
0.01367 0.04124 0.01946
0.01035 0.02149 0.00461
0.01097 0.02048 0.00862
0.01615 0.04138 0.01866
0.01595 0.03692 0.00430
0.01039 0.01887 0.00633
0.01504 0.03413 0.00611
0.00836 0.01742 0.00512
0.01325 0.01468 0.00053
0.00808 0.01006 0.02069
0.00862 0.01216 0.01844
0.00848 0.01755 0.00189
0.01151 0.03032 0.01840
0.02101 0.04080 0.00867
0.01836 0.03073 0.01461
0.01087 0.02043 0.02406
0.01287 0.02618 0.00997
0.01008 0.01559 0.01316
0.01473 0.03136 0.01407
0.01893 0.03832 0.04016
0.02329 0.05705 0.00372
0.01940 0.04036 0.02174
0.01488 0.03607 0.04327
0.03123 0.06149 0.01887
0.01045 0.01956 0.00068
0.00972 0.01828 0.00646
0.01293 0.02002 0.01995
0.01967 0.04603 0.04923
0.01410 0.01969 0.02580
0.01004 0.01994 0.01835
0.01866 0.06460 0.02813
0.00831 0.01589 0.02112
0.01771 0.03159 0.01973
0.01367 0.02231 0.01877
0.00922 0.01348 0.00075
0.01998 0.03193 0.00068
0.02632 0.05884 0.01525
0.01462 0.04390 0.01888
0.01163 0.02546 0.01858
0.01191 0.02873 0.00418
0.01022 0.01446 0.00511
0.01816 0.05023 0.01838
0.01947 0.04046 0.00543
0.01705 0.02557 0.01886
0.01954 0.04429 0.00759
0.03157 0.04992 0.00070
0.00946 0.01329 0.01845
0.01533 0.01942 0.00434
0.01315 0.02623 0.01903
0.01029 0.02526 0.00125
0.02308 0.04058 0.01861
0.01122 0.01622 0.00076
0.01129 0.01713 0.01395
0.01336 0.04261 0.01185
0.01299 0.02913 0.00991
0.01682 0.05641 0.01915
0.01601 0.05342 0.00678
0.01635 0.03970 0.00129
0.01274 0.03034 0.02033
0.00796 0.01442 0.00170
0.01178 0.01959 0.01844
0.00980 0.01824 0.00081
0.01151 0.02898 0.00541
0.01368 0.02377 0.01340
0.01123 0.01835 0.00134
0.01370 0.02999 0.00920
0.01340 0.02225 0.01896
0.01583 0.03540 0.01365
0.00951 0.02329 0.01859
0.01265 0.02485 0.00854
