115 1547 10.74453 1.81495 0.07659 4.35037 116 39 16 116 69 698 100.00000 0
2449 3377 11.51103 1.06393 0.17734 2.54637 94 38 18 91 53 691 100.00000 0
371 2423 11.23183 1.47320 0.20431 1.73393 104 32 12 102 73 448 100.00000 0
578 3561 10.68366 1.14106 0.11462 1.48885 169 70 39 169 135 789 100.00000 0
525 3499 10.48394 0.06692 0.08197 0.67377 61 11 19 55 39 544 100.00000 0
2334 3288 10.21449 0.60180 0.05689 1.75524 69 14 15 69 46 550 100.00000 0
391 2423 11.78355 1.43327 0.37787 3.25594 99 20 23 96 32 667 100.00000 0
1403 3556 10.73074 2.22336 0.03331 0.79475 125 43 17 122 95 774 100.00000 0
15 4449 11.54991 0.30032 0.05460 0.99936 138 31 21 136 106 1009 100.00000 0
591 1415 10.97019 3.09723 0.21830 0.63056 45 7 3 43 28 610 100.00000 0
595 1404 10.35491 2.30808 0.15682 1.14466 104 24 13 104 67 796 100.00000 0
444 3427 10.04481 0.90278 0.10456 1.11276 168 72 35 168 118 659 100.00000 0
523 3550 11.45851 1.08776 0.08702 2.46053 82 30 17 73 51 498 100.00000 0
595 1405 10.42108 2.35133 0.11647 1.12605 116 28 12 114 90 828 100.00000 0
1386 3550 10.00667 2.22747 0.14013 1.41361 139 49 25 139 94 712 100.00000 0
2335 3263 10.68921 1.68586 0.08215 2.77784 111 45 27 111 71 526 100.00000 0
572 1420 10.90436 1.95009 0.07142 1.64663 60 11 8 58 36 595 100.00000 0
410 3398 10.06667 0.08351 0.12011 2.62614 222 64 35 222 131 1216 100.00000 0
595 1408 10.75489 2.49652 0.13097 0.51738 99 24 7 97 70 804 100.00000 0
858 3768 10.49101 0.04389 0.09695 2.18552 112 41 22 112 76 672 100.00000 0
571 1421 11.45938 1.88885 0.13566 1.46393 56 14 14 52 39 618 100.00000 0
547 3502 10.88783 0.11507 0.32390 1.38593 49 9 10 44 33 447 100.00000 0
413 3441 10.15621 1.24783 0.62218 4.48681 67 19 8 62 24 572 100.00000 0
83 4512 11.02520 0.03714 0.12971 0.95940 80 18 15 78 53 767 100.00000 0
551 3501 11.73357 0.11499 0.15022 1.35277 68 11 9 63 31 549 100.00000 0
158 1616 11.69931 0.12112 0.15394 0.54032 160 57 35 158 123 773 100.00000 0
754 3668 10.93412 1.51079 0.45046 2.03759 130 39 39 130 72 666 100.00000 0
532 3553 10.10113 1.22467 0.08802 2.20105 158 57 35 158 115 708 100.00000 0
556 1407 11.72521 2.51256 0.16362 1.30866 64 23 6 62 47 544 100.00000 0
428 2456 10.19883 1.06349 0.05283 4.82117 113 28 33 111 41 709 100.00000 0
2464 3402 11.17440 0.09188 0.17022 2.37916 174 50 30 174 113 1009 100.00000 0
544 3557 11.21174 1.41059 0.09013 1.63255 144 44 37 137 108 746 100.00000 0
2455 3388 11.07632 0.61450 0.13563 2.70313 137 39 27 133 77 805 100.00000 0
5 4431 10.81164 0.89906 0.23855 2.74623 169 53 41 169 109 717 100.00000 0
447 3464 11.48221 0.02016 0.10469 1.11663 108 29 31 108 63 541 100.00000 0
1540 4534 11.82773 3.13185 0.20295 3.91987 45 14 5 41 19 557 100.00000 0
395 3377 11.00395 1.18611 0.23946 2.82494 153 58 24 150 79 758 100.00000 0
717 3679 11.35865 0.62154 0.44637 2.79148 109 22 26 109 66 716 100.00000 0
2328 3273 10.71687 1.61371 0.09683 3.01181 103 31 24 103 51 628 100.00000 0
428 3408 11.76796 1.05132 0.27807 4.26756 81 23 17 81 42 682 100.00000 0
378 3364 11.72483 1.59149 0.21514 1.76236 49 8 17 44 28 458 100.00000 0
786 3713 10.60311 0.03818 0.07541 0.81565 107 30 16 102 75 525 100.00000 0
749 3662 11.42045 1.29293 0.43334 2.57785 135 42 33 132 70 712 100.00000 0
417 3446 11.29783 1.13541 0.18574 2.16175 49 10 15 49 24 477 100.00000 0
2466 3407 10.19850 0.06239 0.14271 3.49480 123 44 27 121 50 864 100.00000 0
92 1565 10.98516 1.94637 0.11422 1.23670 198 91 29 198 149 892 100.00000 0
958 3841 10.50947 1.13182 0.11176 0.40734 105 42 18 103 83 622 100.00000 0
915 3836 10.34230 0.02788 0.14141 0.67897 75 26 12 67 56 602 100.00000 0
1416 3551 11.15230 3.09194 0.10085 0.47970 45 7 6 40 34 668 100.00000 0
562 1406 11.63728 2.56523 0.17821 1.45965 62 18 5 60 45 564 100.00000 0
419 2452 10.01915 0.50459 0.09954 1.47618 141 51 29 141 104 962 100.00000 0
877 3784 11.97781 0.06473 0.17454 0.67493 107 42 16 102 86 672 100.00000 0
751 3666 10.34155 1.39535 0.27832 2.70125 184 53 50 184 105 823 100.00000 0
391 3369 11.88995 1.48783 0.99878 3.13313 80 14 17 73 28 696 100.00000 0
516 580 11.61045 0.55335 0.03833 2.10654 49 3 5 47 25 503 100.00000 0
475 3464 11.97015 0.01877 0.13184 0.48214 53 16 11 45 31 568 100.00000 0
148 1576 11.63775 0.08388 0.15005 1.87304 64 6 4 58 37 548 100.00000 0
1408 3554 10.14746 2.55443 0.12776 0.33804 144 34 29 142 110 851 100.00000 0
131 4532 10.50841 1.54555 0.09171 0.81853 167 28 17 167 140 770 100.00000 0
405 3389 11.91620 0.55190 0.30449 3.44151 103 35 16 103 50 778 100.00000 0
125 4540 10.85627 1.44683 0.13881 1.83013 130 22 14 124 85 714 100.00000 0
684 3621 11.86790 0.01961 0.12045 1.11347 75 22 22 72 56 852 100.00000 0
102 4520 11.13582 0.32612 0.05073 1.00988 131 43 20 124 100 722 100.00000 0
2432 3403 10.70970 0.94258 0.53465 2.59118 151 64 25 147 89 735 100.00000 0
511 3528 11.00628 0.18681 0.13375 1.58190 67 6 6 65 44 548 100.00000 0
826 3745 11.94841 0.05989 0.05206 0.84858 56 11 12 54 30 526 100.00000 0
471 3461 11.28026 0.02688 0.20539 0.98039 58 13 11 58 39 649 100.00000 0
194 1619 11.49547 0.08180 0.15957 0.11535 98 13 22 95 63 560 100.00000 0
541 3503 10.04788 0.11372 0.22271 1.29119 41 9 2 38 23 541 100.00000 0
18 4453 11.70835 0.16095 0.18883 1.35999 91 15 24 85 63 854 100.00000 0
1399 3532 11.38021 2.97869 0.11337 0.75381 95 34 15 93 81 601 100.00000 0
772 3695 11.96207 0.07969 0.14256 1.98702 110 24 16 108 65 593 100.00000 0
576 1389 11.68375 3.02322 0.07636 0.53668 78 20 10 76 60 745 100.00000 0
518 3542 10.83686 0.61577 0.14399 1.97199 99 22 19 99 69 605 100.00000 0
2439 3364 11.02399 0.96576 0.65051 3.46961 100 28 14 96 41 709 100.00000 0
412 3442 10.95368 1.31661 0.55151 4.75638 76 13 13 76 31 645 100.00000 0
569 1407 10.30924 2.58635 0.08457 1.72238 121 50 9 121 93 731 100.00000 0
439 3459 11.71112 0.04273 0.03509 0.70443 90 33 18 88 61 586 100.00000 0
874 3782 11.16013 0.05782 0.06755 0.41590 201 80 48 199 158 805 100.00000 0
132 4537 11.66718 1.54946 0.28639 2.03490 105 12 5 105 57 618 100.00000 0
597 1402 11.24369 2.15792 0.35387 1.31790 98 23 15 96 66 734 100.00000 0
2452 3428 11.20538 0.70663 0.27914 3.09630 89 31 23 85 50 678 100.00000 0
425 2479 11.64363 0.88348 0.63839 5.82753 131 51 22 128 60 711 100.00000 0
1388 3542 10.64649 2.75023 0.17751 1.47671 144 43 20 144 103 699 100.00000 0
492 3499 10.18538 0.04577 0.17804 2.44072 73 17 19 71 45 635 100.00000 0
2379 3312 11.17297 0.02863 0.13396 0.49099 143 22 30 139 93 739 100.00000 0
219 1633 10.33262 1.44979 0.12043 0.58081 186 76 36 186 151 561 100.00000 0
582 1383 11.27619 2.64342 0.07117 2.05195 93 30 18 89 63 683 100.00000 0
2388 3344 11.19975 0.02217 0.08426 1.26610 132 17 21 124 88 1096 100.00000 0
1410 3527 10.31118 2.41201 0.11442 1.84653 97 33 11 95 72 620 100.00000 0
737 3657 10.15225 0.52011 0.07672 2.05405 180 57 33 178 107 1037 100.00000 0
2469 3445 11.11509 1.54966 0.29287 6.13795 81 14 7 79 23 567 100.00000 0
429 2479 11.43009 1.10903 0.34647 4.96286 110 41 17 108 57 652 100.00000 0
7 4432 11.96482 0.87808 0.18872 2.36182 152 34 30 148 87 747 100.00000 0
381 3364 11.64073 1.58401 0.04276 1.64639 75 20 20 75 50 523 100.00000 0
149 1578 11.24811 0.07916 0.18517 1.72283 56 11 4 54 34 406 100.00000 0
213 1630 10.02511 1.19971 0.06802 0.37534 156 56 17 154 136 639 100.00000 0
681 3636 10.07453 0.02479 0.04970 1.37487 111 28 29 109 80 814 100.00000 0
727 3693 11.66185 1.53192 0.55130 2.68117 121 28 33 119 75 693 100.00000 0
564 3557 10.75864 1.39588 0.03524 1.52316 126 43 27 123 88 674 100.00000 0
1398 3535 10.94358 3.08101 0.15796 0.93837 110 30 21 106 73 749 100.00000 0
213 1649 11.10205 1.46747 0.11378 1.32559 131 42 29 129 96 666 100.00000 0
510 565 11.20023 0.14017 0.18830 2.16681 77 10 9 75 39 622 100.00000 0
421 3447 10.49148 0.91149 0.10606 0.84950 108 34 14 104 77 564 100.00000 0
542 595 10.21960 1.32607 0.05012 1.82091 169 73 33 169 138 833 100.00000 0
509 563 11.52826 0.13012 0.19182 2.08131 25 2 1 25 14 481 100.00000 0
598 3532 10.25474 1.26658 0.19261 1.89196 247 115 51 247 185 819 100.00000 0
740 3700 10.65723 1.01638 0.08544 1.03098 158 52 41 158 112 685 100.00000 0
2449 3380 10.40104 0.92095 0.51574 2.10282 136 53 23 134 72 770 100.00000 0
736 3656 10.57821 0.46328 0.13702 1.66859 166 45 45 166 116 930 100.00000 0
702 3658 11.19489 0.03453 0.05335 0.39762 170 63 54 170 125 707 100.00000 0
405 2442 10.16858 0.40647 0.10835 2.97901 209 51 52 209 120 1117 100.00000 0
2436 3360 11.51892 0.82616 0.13137 1.65729 157 50 30 153 110 687 100.00000 0
2447 3373 11.76464 1.16633 0.95785 2.33582 64 14 9 61 25 607 100.00000 0
515 576 10.93095 0.36941 0.19975 2.34034 71 11 13 71 48 580 100.00000 0
521 586 11.14252 0.89090 0.05957 2.32978 63 14 8 63 40 573 100.00000 0
714 3644 11.58707 0.01470 0.06775 0.38461 159 42 33 155 110 820 100.00000 0
125 1551 10.88796 1.29487 0.17650 1.81575 87 11 15 85 54 651 100.00000 0
2359 3280 11.60974 0.91132 0.09789 1.90619 54 16 7 52 30 529 100.00000 0
593 3518 10.65518 1.28173 0.08420 2.88229 108 35 19 104 77 646 100.00000 0
546 3557 11.21914 1.41025 0.12383 1.61979 70 20 14 66 51 592 100.00000 0
97 1552 11.90716 2.58595 0.10957 2.46307 74 17 16 71 41 887 100.00000 0
90 1564 11.94260 2.02168 0.08637 1.14055 133 59 16 131 111 670 100.00000 0
392 2424 11.74396 1.40119 1.03503 3.20491 81 19 11 81 31 753 100.00000 0
601 3538 10.76442 1.13034 0.12677 1.21434 154 52 38 152 122 705 100.00000 0
945 3855 10.68365 0.34359 0.05641 0.55107 76 33 10 68 57 650 100.00000 0
503 3487 10.36291 0.04223 0.14572 2.05614 97 30 19 94 72 657 100.00000 0
405 3433 10.01999 1.05772 0.55122 5.01188 93 34 20 91 40 678 100.00000 0
2342 3260 11.49206 1.57446 0.13153 3.02077 84 25 23 82 53 578 100.00000 0
2473 3443 10.71559 1.51622 1.06300 5.11519 103 26 20 103 40 556 100.00000 0
396 2431 10.60505 1.07662 0.24868 2.93425 175 46 29 173 80 745 100.00000 0
800 3726 10.08626 0.02419 0.09194 0.34943 197 71 40 194 145 736 100.00000 0
741 3657 11.69153 0.75466 0.15839 2.83959 117 34 30 117 63 751 100.00000 0
603 3541 11.22881 1.01205 0.22040 1.81056 104 46 13 102 83 642 100.00000 0
564 1409 10.85084 2.42396 0.17716 1.66366 87 22 11 82 66 663 100.00000 0
106 4540 10.55858 0.55062 0.10487 1.52521 111 37 25 107 66 792 100.00000 0
551 1411 11.18623 2.29926 0.11681 1.61034 78 21 9 75 65 584 100.00000 0
91 1562 11.53892 2.13203 0.15549 1.44726 133 46 25 131 100 684 100.00000 0
400 3383 11.69340 0.89346 0.21768 2.96979 76 14 17 76 39 626 100.00000 0
539 1417 11.51541 1.94865 0.09283 1.71578 56 12 6 53 42 547 100.00000 0
818 3739 11.86804 0.05403 0.19016 0.87223 39 11 11 35 23 636 100.00000 0
1578 4537 11.65490 1.63819 0.36652 1.65729 106 35 11 104 66 605 100.00000 0
741 3702 11.61325 0.95157 0.09612 1.06459 122 52 22 120 83 485 100.00000 0
743 3701 10.10380 0.82626 0.23299 1.67818 135 47 28 128 84 682 100.00000 0
495 3480 11.73798 0.02048 0.10288 0.37639 38 6 3 38 25 507 100.00000 0
26 4463 11.34854 0.02353 0.04207 0.83275 106 26 19 102 71 780 100.00000 0
588 1378 11.81548 2.20251 0.14830 1.06017 99 36 8 97 71 665 100.00000 0
566 1403 11.69155 2.72289 0.17647 1.37402 71 17 12 69 53 550 100.00000 0
698 3653 10.73586 0.02149 0.06629 0.27695 66 16 17 63 42 751 100.00000 0
2432 3404 11.20678 0.95801 0.47805 2.67913 124 34 26 118 60 741 100.00000 0
590 1382 10.80670 2.13124 0.08577 1.50350 140 67 19 140 110 715 100.00000 0
595 3519 11.19941 1.36407 0.08236 2.78193 84 31 17 84 61 572 100.00000 0
12 4445 11.12199 0.44621 0.15837 0.72036 158 27 13 146 121 963 100.00000 0
619 3565 10.61115 0.01832 0.07090 0.97156 93 29 24 89 66 844 100.00000 0
1385 3554 10.85013 1.97478 0.09100 1.07338 125 44 21 120 94 736 100.00000 0
621 3587 10.80721 0.01343 0.06627 0.17017 116 38 12 114 85 898 100.00000 0
1575 4529 10.71214 1.66072 0.35262 1.39241 172 51 21 164 116 803 100.00000 0
719 3681 10.97407 0.77446 0.26363 2.92396 114 18 34 108 53 717 100.00000 0
1418 3522 11.60818 1.88990 0.36485 2.13991 48 13 2 44 30 420 100.00000 0
919 3839 10.00787 0.03057 0.18060 0.98992 50 12 6 50 38 543 100.00000 0
708 3665 10.80542 0.01654 0.11429 0.61421 207 47 48 207 151 951 100.00000 0
600 3536 10.63680 1.19250 0.36669 1.70594 223 86 49 223 156 802 100.00000 0
552 1416 11.26247 2.00088 0.07995 1.87179 59 11 8 57 38 586 100.00000 0
1390 3540 10.87568 2.87580 0.15028 1.06165 107 36 22 107 88 769 100.00000 0
221 1636 10.07077 1.52997 0.13484 0.79623 115 36 24 115 86 616 100.00000 0
546 3502 10.88827 0.11496 0.17449 1.30716 51 7 6 46 30 491 100.00000 0
523 588 10.95953 1.01092 0.08154 2.39081 74 14 12 74 53 502 100.00000 0
565 1420 11.70149 1.83120 0.18944 1.90290 55 19 5 53 43 587 100.00000 0
582 3562 10.30517 0.93559 0.16416 2.12006 133 37 19 131 84 657 100.00000 0
792 3718 11.26078 0.01629 0.06927 0.89744 152 44 30 148 113 676 100.00000 0
567 1414 10.14103 2.16253 0.17079 2.23037 68 18 7 68 48 598 100.00000 0
370 2439 11.62313 0.64640 0.15725 1.31164 89 9 12 85 64 570 100.00000 0
1558 4527 10.29856 2.35834 0.02410 1.76436 156 57 29 151 90 809 100.00000 0
478 3488 10.80364 0.01575 0.33943 0.70721 34 1 10 26 19 584 100.00000 0
835 3775 10.17397 0.07998 0.19809 1.58190 118 31 28 118 88 672 100.00000 0
535 3556 11.07096 1.37410 0.04302 1.63470 140 55 22 140 106 714 100.00000 0
1402 3527 11.84386 2.78534 0.20721 1.21079 48 12 3 44 31 539 100.00000 0
1420 3539 10.52194 2.19549 0.05651 0.83650 89 27 22 89 73 709 100.00000 0
508 558 11.79446 0.12236 0.22881 1.56173 42 6 6 42 26 381 100.00000 0
513 3531 10.48913 0.23966 0.24933 1.49619 96 10 14 88 67 615 100.00000 0
539 3502 10.76934 0.11422 0.19654 1.34930 58 6 6 53 38 530 100.00000 0
514 577 11.75332 0.41583 0.19967 2.46815 40 1 4 36 23 505 100.00000 0
558 3501 11.84659 0.11612 0.36766 2.78066 32 1 3 30 17 451 100.00000 0
377 3366 10.89388 1.57292 0.05580 2.41735 92 17 20 87 42 537 100.00000 0
560 1417 11.27358 1.95091 0.08691 1.96881 51 15 4 48 37 472 100.00000 0
464 3455 10.16057 0.01633 0.03144 0.90569 176 63 45 174 137 802 100.00000 0
501 3509 10.82882 0.02260 0.04913 0.80064 68 14 14 60 44 557 100.00000 0
1403 3534 10.20601 2.89883 0.11585 1.06238 136 51 17 128 112 760 100.00000 0
106 1579 10.98190 1.08515 0.06623 1.22493 132 38 11 126 103 531 100.00000 0
2455 3432 10.65047 1.00399 0.47847 4.50754 131 37 40 128 55 639 100.00000 0
533 3500 11.83555 0.10438 0.11369 1.04155 39 4 6 39 27 436 100.00000 0
41 4479 10.39581 0.02173 0.08642 0.42796 121 39 18 119 100 892 100.00000 0
964 3856 10.91288 1.47447 0.19049 1.22333 169 23 29 166 117 790 100.00000 0
100 4538 10.44230 0.21965 0.05179 1.05758 149 47 37 145 110 896 100.00000 0
557 3557 11.15820 1.40951 0.04789 1.52187 172 53 41 172 131 813 100.00000 0
