98 3788 11.81900 0.03819 0.49282 0.96955 25 0 3 16 16
2678 5405 10.70459 0.01157 0.25042 0.65432 64 6 18 59 43
352 4110 10.52336 0.01361 0.40510 0.32626 56 1 6 56 43
459 3982 10.49489 0.01009 0.46604 0.75173 25 0 2 23 19
346 709 11.50833 0.00719 0.53193 0.42336 21 0 1 18 9
7046 7203 11.24229 0.02743 4.86509 12.04678 12 0 0 4 6
3265 6154 10.01053 0.00986 0.59612 1.04642 41 0 3 28 23
3679 7107 10.26745 0.11951 7.08588 8.47294 10 0 0 8 8
555 976 11.26895 0.00154 0.44586 0.10087 48 2 0 46 28
531 976 11.26895 0.00154 0.59312 0.21850 34 0 3 30 17
420 975 10.76826 0.00183 0.42330 0.29871 47 1 0 45 33
7754 7810 11.31788 0.72617 1.69619 2.20300 25 0 0 25 9
3018 5736 10.49427 0.04344 0.37332 0.67260 74 0 4 74 53
2471 5270 11.33786 0.30847 0.47256 1.99704 18 0 1 16 8
1358 4519 11.79033 0.00498 0.31422 0.82662 44 3 9 36 30
614 975 10.76826 0.00183 0.41582 0.25944 34 3 1 22 21
734 4172 10.02836 0.01118 0.49040 0.42978 54 2 0 46 38
3660 6675 11.15628 0.00375 13.30080 20.15822 22 0 0 6 11
758 4172 10.03026 0.01108 0.45440 0.60133 64 3 9 64 50
6806 7202 10.99288 0.02735 7.02825 6.91035 14 0 0 9 9
1949 5079 10.80691 0.00882 11.53123 4.61991 12 0 0 9 8
2424 5270 11.33786 0.30847 0.68821 1.95905 16 0 4 13 10
3645 6593 11.70663 0.00345 8.04133 1.18993 15 0 0 15 11
497 976 11.26895 0.00154 0.48473 0.87849 40 1 2 35 21
6603 6850 11.74586 0.00594 10.15164 2.82119 13 0 0 3 6
2843 5563 11.77477 0.05659 0.26325 0.73008 24 0 3 22 12
3559 6480 11.23116 0.01288 11.06236 6.84086 57 0 0 57 34
6614 7182 10.97805 0.01904 12.28360 3.72930 28 0 0 21 23
458 4171 10.79933 0.01107 0.60906 0.63980 40 0 0 38 28
3389 6303 10.30408 0.05438 9.03966 3.11546 7 0 0 4 3
345 476 11.74965 0.00708 0.67661 1.06312 31 0 0 24 18
1211 4394 11.01681 0.01370 0.48323 0.87581 35 0 7 35 30
1591 4756 11.77052 0.01505 0.36871 0.91172 22 1 6 14 16
1033 4214 11.50809 0.00802 0.48055 0.49099 71 1 7 68 59
2751 5491 11.95889 0.01155 12.23570 1.49174 56 0 0 46 28
2429 5323 11.68318 0.82280 0.45229 2.69035 25 0 0 13 11
898 980 11.77208 0.00498 0.42418 0.28667 42 0 3 36 26
1497 4649 10.80174 0.00434 0.51109 0.24389 51 1 2 47 38
2287 5313 11.57005 0.70560 0.58964 1.79624 22 0 0 17 12
2172 2321 11.33265 0.27787 0.90988 2.26624 19 0 4 10 8
3246 6020 10.39814 0.01340 1.07150 0.41117 30 0 0 25 20
3053 5787 10.69800 0.01198 0.33440 0.61929 66 2 8 64 48
2472 2581 11.22698 0.77641 0.78435 2.69617 25 0 0 22 9
1659 4807 10.85102 0.00775 11.13270 1.36916 81 0 0 77 56
2171 2470 11.86999 0.30255 1.92278 2.23703 16 0 0 11 9
392 974 10.01406 0.00381 0.40102 0.26834 46 2 1 46 33
3535 6455 10.86530 0.03133 0.46012 1.14055 11 0 0 8 8
3153 5872 11.09845 0.04461 0.41817 0.77884 26 1 2 24 17
345 660 11.74965 0.00708 0.62555 0.48618 31 0 0 29 22
7104 7204 11.73924 0.02765 0.62399 1.05239 15 0 0 10 7
3681 7171 10.72075 0.15561 0.63353 1.05684 10 1 1 4 4
2171 2366 11.86999 0.30255 4.06101 5.13523 18 0 0 13 8
3526 6446 10.51057 0.03046 5.73830 5.76354 14 0 0 14 10
2268 2564 11.48797 0.58047 0.47001 1.73596 38 3 0 38 25
2476 5321 10.45620 0.77092 0.40253 2.85156 26 0 1 12 9
2411 5323 11.68318 0.82280 0.96015 2.68730 24 0 0 12 11
1697 4865 10.52734 0.00414 0.30576 0.34718 63 5 3 63 51
2218 5305 10.48793 0.48154 0.19262 0.34605 33 5 4 33 21
2184 5300 10.80906 0.35654 1.58994 1.54535 20 1 3 15 8
3231 6009 10.25562 0.04391 0.83972 1.88014 37 0 0 26 17
733 979 11.51780 0.00406 0.59114 0.39167 29 0 4 27 17
2281 5312 11.91985 0.68669 0.63599 1.70272 12 0 1 12 4
165 3828 10.68290 0.01326 0.36712 0.72362 62 2 3 62 47
2420 5269 11.68981 0.30783 0.54433 2.65137 26 0 2 21 7
337 3957 10.51725 0.00644 0.48566 0.50435 49 4 1 47 41
6603 7152 11.74402 0.00648 12.94676 8.80324 36 0 0 29 28
1490 4643 10.03190 0.00777 0.37740 0.70221 38 0 9 34 25
1007 4188 10.27012 0.01706 0.42897 0.32264 77 0 3 65 44
1759 4933 10.45872 0.70154 0.24773 0.78833 42 6 2 26 26
6606 6919 10.49518 0.00708 10.29529 1.79362 38 0 0 29 29
6927 7202 10.99288 0.02735 9.81181 5.51384 11 0 0 5 8
791 979 11.51970 0.00400 0.72921 0.40542 57 0 0 57 42
3651 6604 10.22634 0.00689 7.88836 1.21917 19 0 0 17 13
2317 5270 10.63578 0.26030 1.74464 1.53340 37 0 7 35 14
2495 5320 10.24209 0.74014 0.97275 3.05056 38 2 2 36 22
632 3982 10.49489 0.01009 0.38981 0.50668 47 2 2 42 38
6603 6748 11.74586 0.00594 10.85944 0.23407 22 0 0 15 15
2228 2559 10.88836 0.49447 0.47305 0.58013 24 0 1 24 18
346 608 11.50244 0.00580 0.47596 0.56924 19 1 3 15 15
6606 6982 10.49518 0.00708 10.30610 2.09200 40 0 0 40 35
2862 5582 11.64744 0.02020 0.50203 0.17694 32 0 1 32 19
147 3815 11.45022 0.03145 0.28156 0.92915 80 2 1 80 62
1397 4571 11.51180 0.00561 0.45063 0.41307 161 0 3 153 134
1835 4974 10.05173 0.03954 0.46393 0.46646 46 3 3 38 27
2320 5321 10.76751 0.80012 0.36416 2.55344 53 2 4 49 30
404 977 11.52020 0.00049 0.16244 0.58013 37 3 2 35 25
481 3982 10.49489 0.01009 0.68176 0.82282 15 1 1 13 7
6668 7203 11.24229 0.02743 2.27611 1.92234 10 0 0 5 4
2622 5348 10.90531 0.02185 0.50995 1.30386 35 1 5 29 20
2719 5443 11.29588 0.01172 11.83948 3.49054 58 0 0 51 46
2488 5323 11.68318 0.82280 0.55791 2.69472 17 0 0 14 6
6604 6918 11.24828 0.00629 11.79744 1.74876 30 0 0 24 25
1658 4806 10.82079 0.00786 10.53365 1.18134 51 0 0 45 38
3985 4106 11.26913 0.01135 0.52593 0.47888 57 1 3 54 38
2565 5331 10.40103 0.58587 0.51452 1.67351 57 0 9 51 20
1915 5045 11.31781 0.00580 4.57329 8.67149 9 0 0 1 3
5975 6038 11.10028 0.00458 8.10528 2.13900 35 0 0 27 22
8038 8089 11.01070 0.43522 0.32602 2.97690 283 10 38 275 222
6606 6956 10.49518 0.00708 10.28616 1.46233 33 0 0 29 25
667 4173 11.79777 0.00987 0.44751 0.44323 28 2 0 21 20
346 654 11.50244 0.00580 0.45689 0.36904 43 3 3 43 29
148 3816 10.81143 0.02904 0.43090 0.58283 67 1 5 62 38
2171 2500 11.86999 0.30255 0.19311 1.93896 19 2 2 6 6
3694 7205 10.66241 0.46041 0.26815 0.56648 7 0 1 5 3
3660 6714 11.15628 0.00375 16.05198 0.22029 16 0 0 9 10
773 979 11.51970 0.00400 0.64319 0.49889 47 0 1 40 31
540 974 10.01791 0.00258 0.46474 0.45628 50 0 3 46 35
2455 5269 11.68981 0.30783 0.60572 1.93351 10 0 0 2 2
6786 7201 10.24214 0.02731 10.89098 21.03843 19 0 0 19 12
1864 4978 11.72648 0.00625 0.41514 0.82992 11 0 1 11 4
2178 2503 10.26950 0.29786 1.12600 1.89507 15 0 1 12 5
3679 6849 10.26745 0.11951 10.19736 4.44012 11 0 0 5 6
2052 5187 10.74936 0.02658 10.30184 2.75222 82 0 0 76 70
111 3795 10.50595 0.01434 0.68695 0.63118 40 0 0 36 27
1251 4418 10.26327 0.01129 0.27734 0.69661 59 3 10 50 40
460 4173 11.79777 0.00987 0.60971 0.34492 34 2 0 26 20
457 3980 11.49638 0.01155 0.41792 1.09504 34 0 2 31 24
2177 2412 10.26875 0.29874 1.73897 1.73573 11 0 1 3 0
777 3985 10.24876 0.00981 0.57134 0.54680 43 1 0 43 31
3680 6856 10.97298 0.13900 7.57986 3.65591 4 0 0 4 3
981 4142 11.02953 0.01426 0.41460 0.61676 52 0 6 48 36
239 3901 11.94909 0.07899 0.37713 0.94956 21 0 3 21 17
4116 4174 10.00670 0.00664 0.37425 0.46478 58 4 2 58 41
3094 5828 11.10592 0.02019 0.45084 0.85821 31 0 2 28 25
5977 6036 10.10704 0.00608 0.65381 0.43251 51 2 2 49 30
2172 2464 11.68279 0.30204 0.57830 1.92397 16 0 0 7 7
812 978 10.77040 0.00229 0.35598 0.32143 31 0 0 25 24
5990 6111 10.58967 0.01334 8.07730 0.78484 24 0 0 17 16
2511 2583 11.93117 0.82358 0.39663 2.63329 25 1 0 23 11
1067 4264 11.51297 0.00305 0.34555 0.36691 164 12 43 160 138
711 4170 10.03241 0.01130 0.49680 0.48133 61 1 3 52 36
6050 6125 10.89225 0.00919 11.32516 6.76393 37 0 0 31 27
1359 4520 11.54538 0.00724 0.42546 0.41307 41 3 8 36 26
6603 6675 11.74586 0.00594 12.51686 18.49900 23 0 0 19 9
4011 4171 11.77155 0.00644 0.42381 0.41307 51 1 0 49 30
350 917 10.50898 0.00703 0.43152 0.57198 43 0 0 37 27
848 3984 10.74879 0.01016 0.63381 0.65909 36 0 1 29 25
8045 8108 11.99700 1.25167 0.37441 2.35784 147 1 1 147 109
6604 6789 11.24828 0.00629 7.46024 1.71646 24 0 0 20 18
642 3979 11.99371 0.01255 0.60665 0.64468 20 0 1 20 13
2328 5272 10.63939 0.30767 0.26335 2.00389 32 0 3 30 19
1590 4754 10.06641 0.01400 0.67178 0.90396 43 1 1 41 30
464 4170 10.30159 0.01147 0.51057 0.53376 50 2 2 50 36
7149 7203 11.24229 0.02743 9.37393 10.01573 15 0 0 12 12
2312 5320 11.43827 0.82385 1.10556 2.24733 26 1 5 26 10
2176 2437 10.80393 0.29947 0.28374 2.17115 19 1 0 13 6
368 967 10.00277 0.01055 0.50775 0.64041 29 2 0 26 18
3246 6014 10.43816 0.01363 0.69924 0.34264 22 0 0 18 19
7112 7202 10.99288 0.02735 11.06375 6.09931 12 0 0 12 12
1553 4703 11.01707 0.02319 0.53583 0.56371 45 0 3 41 38
2770 5509 11.06598 0.01245 10.29227 0.62745 59 0 0 44 39
889 979 11.51970 0.00400 0.71200 0.24389 45 0 0 43 29
2335 2582 11.44621 0.80088 2.17773 2.62853 24 1 1 17 3
2815 5536 11.68125 0.04535 0.43198 0.30647 43 3 3 39 29
417 4172 11.29839 0.01034 0.46652 0.46646 39 0 0 37 29
2359 5321 10.45620 0.77092 0.35360 2.84152 21 1 2 18 10
925 976 10.00929 0.00120 0.38557 0.53814 68 2 3 64 57
2337 5323 11.68318 0.82280 0.93159 2.70848 18 0 1 18 6
1942 5057 10.01155 0.01166 7.20278 5.08985 14 0 0 3 7
6607 6923 10.24121 0.00750 7.98549 0.42613 39 0 0 28 25
6605 7012 10.99721 0.00661 4.48289 0.38359 18 0 0 13 13
2535 5271 11.68632 0.33918 0.22012 2.08394 14 1 2 14 8
6731 7202 10.99288 0.02735 6.99063 4.59679 16 0 0 16 13
1927 5040 11.80408 0.00990 11.84353 0.44850 11 0 0 11 6
2175 2384 10.80392 0.29987 0.40162 1.94280 25 0 4 20 10
3660 6661 11.15628 0.00375 8.58989 4.35289 29 0 0 21 15
2178 2468 10.26950 0.29786 0.42760 1.70961 16 0 0 16 4
6609 7175 11.22994 0.01664 8.43762 1.01722 18 0 0 15 14
3540 6440 11.85126 0.04017 9.24289 0.71436 10 0 0 5 7
2267 2565 11.79055 0.60432 0.55951 1.46447 30 2 1 28 19
364 4161 10.26025 0.01913 0.47833 0.79525 38 0 4 38 26
2173 2440 11.32990 0.30114 1.08623 2.00115 17 0 1 5 6
348 618 10.25119 0.00537 0.55369 0.59610 52 2 5 52 41
829 976 10.00929 0.00120 0.37786 0.62307 44 2 1 40 26
2156 2283 11.71973 0.09620 0.16350 0.55391 8 0 0 6 5
2521 5270 11.33786 0.30847 0.28198 1.96044 22 0 1 11 8
6613 7181 10.97893 0.01845 11.41996 2.35019 38 0 0 33 34
3477 6402 11.29745 0.04273 10.80637 3.89893 43 0 0 38 36
983 4146 11.78416 0.01610 0.27304 0.73754 64 4 6 59 44
6605 6975 10.99721 0.00661 0.68604 0.35388 19 0 2 13 11
825 4173 10.53017 0.01052 0.58747 0.73595 32 1 2 27 13
458 4173 11.79777 0.00987 0.46206 1.49410 29 0 0 21 16
1266 4445 10.02312 0.01663 0.42660 0.41965 45 4 0 43 34
4002 4166 11.51660 0.01168 0.42832 0.52339 28 2 0 24 16
3703 7225 11.08056 0.76917 0.44985 1.16969 18 0 0 16 10
2644 5371 11.79552 0.02474 0.30138 0.42521 29 2 3 23 19
1793 4951 11.30203 0.21655 0.29777 1.50142 84 1 1 79 66
350 897 10.50898 0.00703 0.62052 0.41684 40 1 2 35 25
654 4170 10.30159 0.01147 0.59948 0.61421 47 0 3 43 29
3680 6994 10.97298 0.13900 6.78600 10.78595 6 0 0 1 3
558 974 10.01791 0.00258 0.38101 0.22728 43 1 3 37 31
350 743 10.50898 0.00703 0.56458 0.42796 31 0 0 28 23
2422 5320 10.24209 0.74014 2.47088 3.11571 27 0 1 25 10
351 4093 11.02224 0.01386 0.45489 0.32385 55 1 6 55 45
2927 5646 10.06681 0.00285 0.33014 0.18975 44 1 1 44 31
761 4175 11.52745 0.00992 0.23301 0.80551 38 0 1 33 26
6075 6128 11.38936 0.00959 0.30895 0.62244 17 2 0 15 8
508 3982 10.49489 0.01009 0.38138 0.98755 33 0 6 29 21
484 4170 10.30159 0.01147 0.53484 0.36045 48 1 1 40 30
3660 7030 11.15628 0.00375 16.64665 0.22029 16 0 0 13 11
