446 3199 11.02616 0.00596 0.53721 0.94004 16 2 3 16 9
970 3710 10.50514 0.01346 0.29297 0.52190 80 5 10 78 68
1932 4317 10.24720 0.01068 0.58708 0.77380 25 0 4 19 11
1942 4324 11.27231 0.12341 0.57563 1.18861 13 0 0 13 8
2096 4487 10.74992 0.00701 5.78025 0.61929 45 0 0 38 29
1454 3957 11.80910 0.01935 0.30667 1.12813 37 0 4 32 23
1694 4117 11.30909 0.00928 11.24694 0.61612 121 0 0 121 101
1051 1145 10.51026 0.00644 0.35221 0.79179 68 1 2 60 56
1107 3775 11.26470 0.00539 1.57525 1.18267 19 0 0 16 10
2035 4446 10.53792 0.01252 0.14257 0.72632 64 9 10 54 30
2704 5091 10.10636 0.09356 11.36179 1.68864 22 0 0 22 20
3070 5383 11.59731 0.26178 0.70671 1.09896 25 0 2 19 14
1056 3769 11.75448 0.00359 0.90276 1.98347 28 0 1 21 15
1418 3923 10.01073 0.00138 10.12345 0.71107 144 0 0 144 121
863 3602 11.00605 0.01536 0.37757 0.94295 119 0 2 119 87
1198 1254 10.99298 0.01512 0.49243 0.43341 50 0 6 46 32
969 3708 11.49496 0.01151 0.31414 0.46055 46 0 4 42 31
1058 3770 11.00069 0.00455 0.75936 0.34264 60 0 0 56 51
1803 4199 10.20604 0.00478 10.61628 0.98873 104 0 0 104 88
3002 5329 11.24773 0.15329 8.41578 8.63072 17 0 0 11 6
989 3744 10.75920 0.00297 0.32557 0.08847 168 11 35 166 142
1120 3775 11.26472 0.00530 1.39102 0.31528 35 0 0 35 26
2558 4949 10.39393 0.00345 0.28689 1.42134 59 8 6 53 40
1067 1246 11.49210 0.01362 0.46206 0.96469 38 3 12 36 26
3056 5372 10.55450 0.38601 0.97691 2.10543 33 1 6 26 19
1052 1161 10.01027 0.00747 0.50133 0.41684 91 1 2 89 72
336 3055 10.74307 0.21789 0.25386 0.80988 62 2 12 58 40
1720 4123 11.29892 0.00635 11.15076 0.52414 165 0 0 163 149
2814 5187 11.02520 0.00400 10.12660 0.26834 59 0 0 59 50
1003 3742 10.76483 0.00843 0.53299 0.33338 168 3 6 166 151
1048 1113 11.51041 0.00244 0.72119 0.15826 42 0 0 42 38
1113 3775 11.26470 0.00539 1.28472 0.58884 21 0 0 16 14
1495 3992 10.85976 0.23470 0.81723 6.49782 13 0 0 1 4
1001 3755 10.25983 0.00183 0.46052 0.42428 203 13 12 201 175
1102 3775 11.26470 0.00539 1.15115 1.26980 22 0 0 19 15
1553 4011 10.80385 0.57161 0.51792 3.39408 44 0 1 42 34
2010 4402 11.86821 0.04910 0.41141 0.36904 32 0 4 30 20
2970 5322 11.53833 0.00662 11.39803 0.37639 41 0 0 39 31
511 3263 11.07284 0.00692 0.26482 0.59347 25 0 1 19 15
47 113 10.99051 0.03942 10.21461 9.01219 18 0 0 6 10
3054 5400 11.55357 0.20042 0.65681 0.92323 34 1 2 32 23
3100 5414 10.79741 0.01700 0.16601 0.27976 40 1 9 33 17
1065 1242 10.48048 0.01185 0.27451 0.80406 41 4 4 38 30
1029 3759 11.25482 0.00535 1.09147 1.27472 32 0 0 30 22
2308 4686 10.49719 0.01559 0.70355 1.69050 45 1 5 31 29
2775 5129 10.23692 0.33622 10.14486 11.28284 40 0 0 37 35
3124 5524 11.50189 0.01605 1.08818 0.87178 18 0 0 16 8
3121 5439 11.56932 0.02335 0.26918 0.39860 29 3 3 29 22
1537 3978 10.38453 0.07665 15.91857 4.39133 13 0 0 10 8
1690 4113 11.30715 0.01186 11.25854 0.34264 90 0 0 85 72
1002 3757 11.75166 0.00129 0.41602 0.37742 94 4 5 92 80
2246 4637 10.01888 0.01909 0.34866 0.75173 46 2 11 46 34
1049 1203 11.26035 0.00239 0.45860 0.37949 51 0 1 49 36
320 5366 10.75665 0.79781 0.60983 0.70554 58 1 7 58 35
329 3042 11.13383 0.48890 0.85253 0.68984 40 0 0 40 27
868 3622 10.74057 0.00640 0.45976 0.26095 105 5 8 101 81
1971 4352 11.57330 0.73683 2.11148 2.64456 35 2 7 29 17
1375 3884 11.01959 0.00937 0.51514 0.34035 27 0 2 25 18
2555 4932 10.74375 0.00857 0.49072 0.43160 46 1 4 44 35
2846 5195 11.52873 0.00229 11.83963 0.32506 83 0 0 78 67
1971 4390 11.22194 0.18731 0.49432 1.80407 48 4 1 48 26
330 3042 11.89167 0.48724 0.75864 1.03439 60 2 8 60 39
906 3645 11.25419 0.01686 0.45180 0.24066 77 0 10 77 65
472 3226 10.54192 0.01195 8.80250 0.68185 10 0 0 6 5
1861 4252 10.12168 0.00840 9.73824 1.05462 51 0 0 46 40
2871 5218 10.03769 0.00338 9.73777 1.52239 52 0 0 28 35
3125 5447 10.41026 0.02566 0.89894 0.60263 42 0 0 38 25
1058 3786 11.25808 0.00569 0.67493 0.37115 42 0 0 42 28
529 3295 11.02476 0.00714 12.58355 0.40445 11 0 0 7 2
423 3190 10.02565 0.01005 0.50418 0.49732 48 0 8 48 23
1960 4340 10.84285 0.70812 0.37474 1.76192 20 0 0 15 6
1356 3852 10.25012 0.00530 0.18991 0.18345 48 6 9 46 36
1328 3842 10.26192 0.00507 0.35616 0.34035 55 2 3 51 39
3105 5447 10.00645 0.00929 0.42805 0.29739 32 1 0 27 23
1975 4357 11.54103 0.60550 1.91897 2.60309 30 0 0 28 12
651 3412 10.50757 0.00586 0.29185 0.15826 64 8 13 55 45
652 3413 10.76508 0.00644 0.41949 0.18131 53 2 10 53 42
3142 5474 11.17581 0.03018 0.45241 1.24301 48 0 2 46 39
1511 4003 10.99090 0.47855 0.43123 2.43188 62 1 4 57 43
1972 4355 10.76133 0.63999 1.63864 2.57694 36 1 3 34 18
2976 5328 11.52206 0.01192 12.47251 3.63356 49 0 0 47 44
351 3106 11.52178 0.00999 0.36315 0.69267 62 3 7 57 51
1225 3776 11.25022 0.00491 1.02260 0.35827 49 0 0 44 40
704 3449 11.29301 0.00249 0.50272 0.18557 55 1 6 55 43
377 5502 10.60948 0.01007 12.27550 0.57198 25 0 0 20 12
2495 4887 10.14791 0.00517 0.29169 0.15577 53 5 7 46 34
2207 4600 11.34770 0.05430 0.44852 0.84627 17 0 1 17 10
2343 4721 10.51235 0.00517 0.81920 1.25273 36 3 3 23 21
888 3642 10.50225 0.01011 0.54105 0.73648 59 3 4 55 45
1568 4018 11.68686 0.66333 0.84238 3.07129 49 10 1 42 36
1896 4285 10.67246 0.00808 10.59573 0.75847 34 0 0 28 22
2824 5195 10.82246 0.00557 10.79894 0.12511 137 0 0 135 108
2949 5301 11.77692 0.00817 12.16519 2.67005 92 0 0 85 78
773 3514 11.32082 0.00129 0.38289 0.38155 45 1 2 43 35
1127 3775 11.26472 0.00530 13.15508 0.31279 16 0 0 16 11
1577 4024 11.70227 0.76675 0.40590 1.69327 31 2 3 19 19
1319 3821 10.50052 0.00563 0.28224 0.17694 21 1 4 18 13
1096 1252 10.00167 0.01499 0.58027 0.46394 66 1 1 61 46
678 3439 11.99753 0.00837 0.33232 0.54249 30 6 5 25 23
1632 4062 11.73529 0.16274 11.03510 2.02487 34 0 0 34 29
2501 4880 10.48971 0.00420 0.48068 0.47395 78 3 1 75 66
693 3453 11.50229 0.01429 0.55973 0.86003 75 5 16 70 54
3125 5497 10.24809 0.01476 0.99058 0.80162 44 0 0 44 31
839 3578 11.56268 0.02128 13.71089 4.98877 12 0 0 7 9
1511 1578 10.45149 0.46218 0.33093 1.61301 58 5 1 58 48
3147 5499 11.71772 0.03787 0.65260 1.39409 32 1 1 30 22
2123 4512 10.27032 0.01380 0.26178 0.71819 55 3 7 47 36
1930 4350 11.51540 0.39810 1.17107 1.82306 9 0 1 9 3
1093 1252 10.00168 0.01625 0.47941 0.58081 103 0 0 101 74
1595 4035 10.34610 0.78671 0.43546 0.55178 19 0 1 11 7
1065 1243 10.74199 0.01196 0.22513 0.64163 33 1 7 28 23
1678 4101 10.60637 0.00473 10.94375 1.43258 143 0 0 141 128
1731 4150 10.74545 0.01004 11.27298 3.30298 78 0 0 70 58
338 5414 10.27427 0.02548 0.71767 1.01568 34 0 0 34 25
388 3128 11.69964 0.01924 8.51423 0.66735 51 0 0 37 36
316 3029 10.56039 0.84519 1.01391 1.25180 29 0 2 29 19
2703 5092 11.59335 0.11077 18.45288 6.34693 45 0 0 9 15
2673 5044 10.73859 0.00372 0.21926 0.28804 39 1 2 29 19
442 3211 11.05614 0.00653 0.45714 0.52339 25 1 3 25 21
326 5396 10.55699 0.09433 0.19912 0.71764 72 9 13 70 54
2010 4404 10.28962 0.03874 0.32078 0.31898 43 4 5 37 32
386 5465 11.19806 0.01207 0.73138 0.68070 37 0 0 31 22
1048 1195 11.51041 0.00207 0.81108 0.40830 39 0 0 36 30
1704 4108 10.20067 0.00592 10.11635 0.90482 213 0 0 211 193
1051 1160 10.51026 0.00644 0.40798 0.53595 69 1 1 63 49
1754 4170 10.40560 0.00843 10.72224 1.45266 131 0 0 124 113
1471 3972 11.25818 0.00450 0.61434 1.18366 26 0 1 19 8
332 3047 11.16904 0.36433 0.45723 0.92196 44 7 4 44 29
1049 1215 11.50055 0.00285 0.60770 0.30519 31 1 3 31 22
3111 5458 11.50593 0.01367 0.51435 0.13988 40 2 1 40 30
3055 5371 10.67709 0.40379 9.82664 15.18103 69 0 0 61 55
1204 1254 10.99298 0.01512 0.52920 0.43790 77 1 2 73 50
521 3273 10.33115 0.01285 9.02435 1.89259 31 0 0 20 19
1050 1129 10.76029 0.00453 0.68245 0.28804 54 1 1 50 38
3043 5359 11.30984 0.54182 0.83949 1.12257 27 2 1 25 16
1839 4247 11.66186 0.01073 11.97924 0.72793 70 0 0 67 57
1789 4186 10.81665 0.00602 10.92837 0.33804 43 0 0 37 37
1938 4359 10.03699 0.73822 0.34056 2.01887 21 3 1 14 11
1777 4175 11.51850 0.01008 11.58488 0.37742 133 0 0 128 107
3016 5371 10.13344 0.51162 0.82482 0.87133 22 0 2 20 6
1578 4024 11.23628 0.75030 0.43603 1.86425 26 0 2 11 8
2963 5314 10.80238 0.00244 9.65765 0.08847 82 0 0 80 61
2752 5106 11.59131 0.41535 12.30064 26.32138 27 0 0 24 24
422 3172 10.60913 0.05959 0.31305 0.46730 61 2 13 61 45
1055 3785 10.78185 0.00437 0.56231 0.29074 33 0 1 30 24
3050 5366 10.69881 0.47771 10.09016 20.18494 43 0 0 38 32
520 3272 10.27988 0.01279 10.10425 0.74230 78 0 0 78 68
467 3220 11.78841 0.00335 0.36828 0.16786 30 1 2 30 22
2382 4774 10.64422 0.00514 13.28800 0.24228 26 0 0 19 15
1048 1213 11.75047 0.00162 0.67549 0.11535 54 0 0 54 42
1543 4011 11.93215 0.62597 0.65208 2.68249 38 3 1 34 29
1419 3925 11.75246 0.00120 12.03873 1.00988 63 0 0 61 52
2050 4459 10.40223 0.02128 10.07976 1.58733 49 0 0 39 28
394 5511 11.79437 0.00900 0.55846 1.66648 31 0 0 25 19
1167 1254 10.99297 0.01526 0.41295 0.69886 66 2 4 64 41
1086 1254 10.98311 0.01724 0.43169 0.71217 53 5 9 51 36
335 5411 11.55337 0.02904 0.50735 0.95285 18 0 2 16 11
662 3423 11.53666 0.00639 0.70479 0.28804 85 0 0 82 69
1153 1254 10.99297 0.01526 0.40471 1.24898 42 0 4 34 28
1071 1247 10.73242 0.01508 0.38912 0.78733 53 1 9 53 36
496 3263 11.27277 0.00598 0.38225 0.27695 15 0 1 11 6
1059 1234 10.25041 0.00633 0.36117 0.36797 58 2 4 53 46
336 3084 10.31649 0.01402 0.54036 0.81469 29 0 5 27 22
1825 4234 11.44950 0.00745 11.35946 0.41965 147 0 0 143 130
1657 4083 11.65928 0.00783 12.06391 1.01259 55 0 0 53 46
3131 5454 11.60886 0.02456 0.49378 0.57743 50 0 1 31 30
964 3704 10.24505 0.00637 0.16992 0.45628 62 0 8 60 47
1567 3982 10.67882 0.25332 0.82980 1.49358 34 0 0 24 24
1888 4294 10.34762 0.00359 10.90812 1.48200 68 0 0 68 51
696 3455 10.52626 0.01177 0.50396 0.69886 121 5 1 119 94
1430 3934 10.00150 0.00530 9.90508 0.38155 55 0 0 52 41
1530 3977 11.13217 0.07572 0.71955 1.10216 14 0 0 12 6
1345 3841 11.49144 0.00659 0.54396 0.45284 28 1 0 25 20
1052 1122 10.01027 0.00747 0.47826 0.44587 60 0 1 58 48
1812 4222 11.66152 0.00557 12.13396 2.07811 47 0 0 47 36
2188 4582 11.16398 0.03299 0.49266 1.51155 24 0 2 24 17
1666 4063 11.50654 0.00437 11.27144 1.27932 60 0 0 60 53
380 3118 11.94649 0.02089 0.58004 1.32353 34 0 4 30 18
2751 5137 10.97802 0.42162 11.69865 32.49082 19 0 0 15 15
1106 3775 11.26470 0.00539 1.20332 0.59413 34 0 0 32 25
2036 4448 11.95592 0.01199 0.43245 0.67319 57 6 18 51 37
2060 4452 11.96203 0.02507 9.42074 1.75547 55 0 0 50 34
1188 1255 11.49280 0.01448 0.45104 0.51052 52 2 5 52 40
2579 4955 10.98833 0.00378 0.30498 1.09432 24 2 1 24 21
2073 4465 11.23283 0.01626 10.02565 1.77299 46 0 0 44 33
2746 5133 11.03307 0.42693 11.37391 27.22060 21 0 0 21 20
3147 5501 11.71978 0.03761 0.92491 0.88691 38 0 0 36 23
350 5434 11.77858 0.00808 0.41042 0.46394 58 2 8 58 49
1532 1590 11.75203 0.63469 0.32221 1.94923 28 7 1 28 18
454 3208 10.26967 0.00934 0.27554 0.43341 36 2 3 31 21
2099 4503 10.40626 0.00801 0.48533 1.27534 77 1 1 71 62
1610 4048 11.70743 0.80451 7.27206 46.09490 33 0 0 9 11
374 3111 11.47244 0.01277 0.42718 1.10535 49 1 4 47 32
1850 4257 10.75598 0.00921 11.04374 0.88382 90 0 0 88 71
1579 4022 10.25019 0.65877 2.91258 8.86891 30 0 2 19 16
1061 1239 10.74874 0.00923 0.26682 0.55532 43 1 2 41 30
512 3278 10.28714 0.00869 9.09534 0.47147 13 0 0 6 3
1531 3978 10.10436 0.06843 0.56297 1.15893 18 0 1 13 9
1506 4001 11.45928 0.43469 0.49509 1.51620 35 4 1 35 21
3005 5363 11.84593 0.46872 7.64405 16.99583 13 0 0 8 10
