5988 8036 10.63461 2.17040 0.71745 2.81327 26 9 7 15 13 197 100.00000 0
4788 7095 10.81350 3.14082 1.95239 1.12222 38 0 0 33 14 502 100.00000 0
1414 5052 10.33247 0.36931 0.36769 0.45024 55 49 6 51 37 368 100.00000 0
5077 6904 10.86195 3.00305 0.97918 2.38392 27 4 2 19 12 224 100.00000 0
5152 6832 10.06994 3.13832 1.98733 1.86593 13 3 0 11 6 70 100.00000 0
1383 4966 10.28066 0.07490 0.55487 0.29074 35 27 4 24 15 191 100.00000 0
5412 6699 10.68882 2.38054 1.01060 2.00389 26 7 0 9 2 263 100.00000 0
283 8736 11.53186 0.06029 0.41564 0.42796 40 39 1 32 22 285 100.00000 0
1444 5046 10.90901 0.33415 0.29633 1.39156 50 32 0 37 23 316 100.00000 0
5416 6686 11.19655 2.12976 1.87168 1.17103 32 16 8 24 9 247 100.00000 0
568 3789 11.33644 0.02823 1.01731 1.55091 39 31 1 37 12 320 100.00000 0
4743 7181 10.95530 2.92613 1.51833 0.38866 26 0 0 18 7 264 100.00000 0
551 3799 10.99034 0.03162 0.70923 1.17236 41 30 6 31 23 304 100.00000 0
451 3708 11.51139 0.00466 0.48796 0.66676 24 22 2 18 15 194 100.00000 0
1481 5085 11.31140 0.16682 0.38200 1.30506 64 50 3 56 34 348 100.00000 0
6308 7718 11.32889 3.08737 0.98902 1.64734 24 6 1 20 8 168 100.00000 0
4678 7207 11.63310 2.48294 1.82697 2.30817 56 0 0 50 30 348 100.00000 0
39 8586 11.48626 0.03120 1.47945 0.48859 22 0 0 10 6 103 100.00000 0
1378 4993 10.70005 0.01567 0.82248 0.83556 34 17 12 29 13 259 100.00000 0
1555 5205 10.74876 0.00984 0.53441 0.95695 19 13 2 13 11 99 100.00000 0
1082 4433 11.63277 0.06594 0.54965 0.96103 41 30 6 30 20 347 100.00000 0
342 8893 11.77738 0.01828 0.78536 0.76872 37 22 2 30 14 236 100.00000 0
5111 6866 10.18816 3.12082 1.97674 1.81682 43 0 0 33 13 222 100.00000 0
6031 8030 10.30772 3.13107 0.27484 3.71341 10 1 5 4 5 39 100.00000 0
3300 8461 11.51975 0.00966 0.22716 0.55178 47 45 0 35 30 208 100.00000 0
570 3792 10.40776 0.02981 0.67731 1.81488 31 13 4 23 12 251 100.00000 0
1524 5135 11.01220 0.00244 0.60472 1.10287 65 62 0 50 48 155 100.00000 0
797 4017 10.74661 0.01164 0.20296 1.30026 13 12 1 10 7 124 100.00000 0
2948 6004 10.19878 1.18354 0.38491 1.89114 21 13 2 12 8 118 100.00000 0
5390 6681 11.48172 2.06655 0.64696 1.63542 20 12 5 13 3 222 100.00000 0
2963 8097 10.74930 0.02549 0.57343 1.45374 13 11 2 9 6 138 100.00000 0
1587 5217 10.75116 0.01148 0.16648 0.31404 57 51 6 55 29 331 100.00000 0
2916 5965 10.05853 0.09146 0.70020 2.07566 25 23 1 23 12 218 100.00000 0
6310 7717 11.61955 3.08949 1.24530 1.76214 23 10 5 23 7 132 100.00000 0
3625 8929 10.11312 0.03816 0.53806 0.81757 101 83 11 86 70 456 100.00000 0
336 8867 11.13984 0.02555 0.82660 1.38847 59 53 3 56 35 319 100.00000 0
1600 6738 11.81658 3.13946 1.70888 0.54965 6 0 2 2 3 61 100.00000 0
1414 5015 11.07950 0.08558 0.42799 0.51586 72 64 6 66 38 375 100.00000 0
737 3942 10.32301 0.84648 0.90266 1.39634 64 48 8 60 40 322 100.00000 0
1482 6872 10.04486 3.12266 1.92284 1.82478 59 11 5 50 28 319 100.00000 0
128 3419 11.74596 0.01835 0.66122 0.56855 40 31 2 33 22 174 100.00000 0
1100 4418 10.65491 0.05900 0.23529 0.48779 55 51 4 55 37 539 100.00000 0
1495 5102 10.99809 0.02144 0.25627 0.99936 20 15 4 17 8 217 100.00000 0
941 4172 10.52709 0.02551 0.39181 1.35739 27 21 4 21 11 239 100.00000 0
2698 5646 11.29122 0.15585 0.73032 1.13574 22 22 0 20 11 186 100.00000 0
504 3733 10.98126 0.01194 0.29407 0.74072 54 52 2 48 25 243 100.00000 0
3277 8396 10.19108 0.42275 0.98916 1.52521 39 26 2 28 23 198 100.00000 0
1522 5132 11.52055 0.00711 0.33525 0.58950 40 31 8 40 25 193 100.00000 0
1449 6912 11.35509 2.89181 0.80572 2.45160 43 18 2 33 16 286 100.00000 0
1237 7135 10.41648 3.08859 1.44440 1.38338 41 7 2 41 16 355 100.00000 0
3223 8324 11.32034 0.02473 0.67891 0.91685 23 15 6 14 10 190 100.00000 0
2934 5949 10.19149 0.03884 0.27971 2.23493 16 12 1 9 7 161 100.00000 0
1537 6800 10.97155 3.13928 1.15921 1.74944 8 1 0 5 2 71 100.00000 0
4736 7121 10.95820 3.11465 1.25206 1.48438 35 4 0 26 20 417 100.00000 0
1012 4325 10.68182 0.02837 0.28557 1.39662 27 21 5 27 10 217 100.00000 0
108 8610 10.49891 0.04796 0.32868 0.55036 23 19 4 19 12 125 100.00000 0
5084 6894 10.58147 3.04418 1.84018 2.95314 18 4 0 9 10 103 100.00000 0
3234 8402 11.47139 0.97493 0.26880 0.59215 30 20 6 20 11 219 100.00000 0
1364 4931 11.87389 0.01883 0.35969 0.60133 36 27 8 28 17 332 100.00000 0
546 3770 11.35102 0.04734 0.87979 0.86003 45 28 5 40 15 326 100.00000 0
1637 6693 11.63501 2.20014 1.22878 1.52521 17 3 1 8 5 135 100.00000 0
3168 8276 11.53381 0.07247 0.20680 0.74336 22 20 1 17 9 174 100.00000 0
49 3414 11.75156 0.02822 1.83190 0.12820 15 0 0 10 5 82 100.00000 0
1143 4551 10.01507 0.07036 0.54717 1.53442 154 76 20 148 112 569 100.00000 0
3280 8398 11.13507 0.37005 0.89756 0.84488 21 12 2 8 5 178 100.00000 0
102 3428 11.50927 0.05388 0.35843 0.71436 46 41 3 44 30 232 100.00000 0
5010 6968 11.29138 2.95108 0.48214 2.06166 11 6 3 11 5 98 100.00000 0
1213 7223 11.34054 1.90211 1.68302 1.01722 57 0 0 41 19 388 100.00000 0
5048 6896 11.73193 2.63804 0.91598 1.56873 22 7 1 19 9 172 100.00000 0
243 8697 10.88567 0.03663 0.54328 2.10989 89 83 6 82 43 340 100.00000 0
4691 7164 11.27247 3.02844 1.32940 1.60206 48 10 1 40 27 354 100.00000 0
3233 8398 10.80862 0.87012 0.28125 0.18557 28 22 6 24 11 163 100.00000 0
880 4105 11.93766 0.04189 0.80111 2.17259 25 19 4 16 7 166 100.00000 0
5994 8067 10.56765 1.58472 0.78507 2.50983 16 8 2 10 8 121 100.00000 0
1213 4645 10.41249 0.08131 0.43321 1.92661 37 19 18 23 3 382 100.00000 0
3279 8399 10.36215 0.33464 0.83391 1.92661 41 28 1 35 18 196 100.00000 0
1215 4647 11.38444 0.07990 0.43473 1.15724 34 17 11 24 8 370 100.00000 0
3200 8307 10.45604 0.16594 0.34952 1.55620 66 63 3 66 42 282 100.00000 0
6037 7988 11.05039 3.13779 1.23112 3.51123 9 1 5 1 1 108 100.00000 0
1624 5383 11.25008 0.02525 0.34246 1.23480 21 16 4 13 9 108 100.00000 0
1279 4835 10.99875 0.05521 0.09338 1.25054 33 29 4 28 15 389 100.00000 0
5230 6759 11.88507 3.12304 0.46615 1.45804 23 11 5 17 11 189 100.00000 0
1068 4364 11.00272 0.03437 0.37882 0.56371 51 42 9 49 34 270 100.00000 0
8856 8910 10.38949 0.03636 0.84445 2.06942 77 68 3 66 25 370 100.00000 0
3361 8501 10.24352 0.00476 0.32530 0.44411 29 22 4 27 15 232 100.00000 0
3426 8620 11.04902 0.02550 0.39698 0.53082 33 30 2 31 19 192 100.00000 0
168 3467 10.54856 0.01504 0.34693 0.05595 45 38 5 39 22 272 100.00000 0
5301 6767 11.10638 3.12139 1.28546 2.13148 9 2 2 1 1 74 100.00000 0
532 3783 11.79261 0.01484 0.58964 0.17017 25 21 1 18 12 305 100.00000 0
229 3516 11.83603 0.02063 0.84598 1.23511 57 55 1 53 35 285 100.00000 0
5407 6672 11.61022 1.98239 0.66884 1.21595 18 10 4 14 3 242 100.00000 0
105 3405 10.30328 0.02403 0.58698 1.11627 36 30 3 31 19 133 100.00000 0
1250 7179 10.82512 3.00906 1.43325 0.64346 38 4 1 28 10 309 100.00000 0
6134 7909 11.09334 3.13980 1.82244 0.50668 66 1 0 60 29 438 100.00000 0
1538 6800 10.00986 3.13936 1.38046 2.15613 12 0 0 9 3 85 100.00000 0
3233 8332 11.28283 0.19775 0.86813 1.61568 28 13 8 25 10 218 100.00000 0
1250 7185 11.46706 2.97565 1.82601 0.74125 40 0 0 33 5 271 100.00000 0
367 8881 11.25742 0.03415 0.64161 0.55249 41 29 8 34 22 342 100.00000 0
8851 8903 10.87758 0.03191 0.85099 1.78487 80 54 8 78 43 395 100.00000 0
7163 7227 11.30097 1.23672 0.34845 1.57744 52 47 5 50 38 265 100.00000 0
1263 7139 11.60710 3.04318 1.60436 1.59053 20 6 2 15 5 256 100.00000 0
1622 5377 10.00534 0.02559 0.63691 1.20366 17 11 2 7 3 100 100.00000 0
1177 4562 11.54704 0.05295 0.45373 1.04117 28 21 6 21 8 322 100.00000 0
3029 8133 10.50345 0.01303 0.34443 0.67027 41 38 3 37 26 318 100.00000 0
1409 6925 10.24348 2.87217 0.83108 1.61350 46 15 0 37 23 284 100.00000 0
2665 5613 10.83734 0.09575 0.27189 1.12292 15 10 5 15 7 132 100.00000 0
1678 5403 10.94540 1.13851 1.22676 0.29608 24 5 0 17 9 133 100.00000 0
2735 5688 10.25589 0.08270 0.65617 1.36315 16 14 1 13 7 134 100.00000 0
1248 7191 10.42904 2.91139 1.99055 0.22381 51 0 0 42 16 280 100.00000 0
1426 5071 11.44287 0.45463 0.81951 0.77733 48 35 4 36 18 299 100.00000 0
192 8650 11.83438 0.01129 0.32532 0.64528 19 13 5 17 12 197 100.00000 0
3047 8150 10.53539 0.03481 0.33959 1.14535 44 37 5 41 24 285 100.00000 0
3469 8646 11.29900 0.00978 0.38343 0.54176 31 25 5 29 14 203 100.00000 0
1213 4706 11.12573 0.09906 0.53892 2.50530 41 28 12 37 18 458 100.00000 0
1099 4475 10.85715 0.05417 0.46253 0.24708 76 73 2 76 52 464 100.00000 0
421 3656 11.26950 0.01192 0.26543 0.35054 125 119 5 109 83 440 100.00000 0
662 3879 10.00162 0.02537 0.26550 0.36477 53 40 13 51 21 379 100.00000 0
65 8585 10.74196 0.02857 1.71906 1.60498 9 5 0 4 6 79 100.00000 0
869 4131 11.49482 0.00704 0.44615 0.27976 25 21 4 20 14 206 100.00000 0
3261 8367 10.18055 0.90672 0.30674 0.98238 38 28 5 34 21 214 100.00000 0
191 8676 10.85739 0.01627 0.60274 0.57335 48 38 3 40 26 298 100.00000 0
537 3786 10.26905 0.01459 0.34051 0.43069 58 48 10 58 32 393 100.00000 0
2942 6000 10.13712 1.02719 0.65836 1.30656 18 14 0 14 11 118 100.00000 0
339 3582 11.07659 0.02189 0.50612 0.45284 65 61 3 54 40 332 100.00000 0
4968 6996 11.42188 3.09670 1.29144 2.26693 16 0 0 10 3 148 100.00000 0
2591 5585 11.46648 1.38067 0.56407 0.83369 28 23 2 24 16 137 100.00000 0
976 4213 11.91001 0.44477 1.19712 2.20726 58 52 4 54 23 391 100.00000 0
4910 7013 11.18828 2.99508 1.39682 1.91131 45 2 1 38 13 527 100.00000 0
1655 6681 10.84117 1.78538 1.30321 0.99071 41 15 24 27 9 279 100.00000 0
2958 8092 11.48210 0.04144 0.47898 1.23701 22 9 2 9 3 214 100.00000 0
1132 4482 10.47787 0.07895 0.56778 0.47970 105 67 24 95 53 610 100.00000 0
1408 5007 10.78992 0.08551 0.17761 1.08894 62 58 4 58 36 414 100.00000 0
769 3981 10.28932 0.27680 0.69614 0.92704 23 19 1 16 14 152 100.00000 0
1130 4476 11.33315 0.08089 0.40640 0.43341 82 59 23 78 34 454 100.00000 0
2661 5639 10.78855 0.09797 1.60310 2.05500 10 4 1 7 3 96 100.00000 0
3363 8531 10.02579 0.01563 0.29190 0.87670 26 23 2 19 12 232 100.00000 0
1366 6980 11.22658 3.09564 1.73770 1.17370 24 0 0 19 8 186 100.00000 0
322 8824 10.70421 0.05112 0.62675 0.08847 62 46 1 58 43 366 100.00000 0
253 3533 10.07381 0.01522 0.38612 0.51205 77 74 1 66 39 355 100.00000 0
3589 8857 11.26583 0.05082 0.50822 2.80854 64 54 5 59 22 383 100.00000 0
1351 7022 10.63067 3.12180 1.68731 2.77827 56 0 0 42 29 407 100.00000 0
1290 4812 10.21574 0.02344 0.80435 0.64589 45 17 19 41 10 520 100.00000 0
7176 7230 11.12103 1.25418 1.03699 1.42711 43 6 0 34 29 236 100.00000 0
2594 5597 11.45521 1.31962 1.02001 1.36257 21 16 1 21 13 73 100.00000 0
2653 5634 11.79973 0.05114 0.39277 1.41913 11 6 3 6 3 59 100.00000 0
3062 8165 11.55130 0.04840 0.60341 1.83013 20 12 3 16 6 247 100.00000 0
4679 7225 11.35288 1.83809 1.67345 0.33338 75 0 0 70 41 363 100.00000 0
3386 8531 10.75178 0.01039 0.28177 0.53522 39 35 2 24 20 234 100.00000 0
1627 5326 11.75301 0.02710 0.40273 2.27710 12 6 0 4 4 149 100.00000 0
6356 7620 10.42478 1.73005 0.61845 2.37735 25 4 0 20 14 146 100.00000 0
4904 7044 11.76883 3.09693 1.77839 2.49356 93 3 0 85 40 557 100.00000 0
1170 4608 11.71303 0.03794 0.46737 0.50822 35 31 3 32 19 360 100.00000 0
1614 5367 10.98412 0.01304 0.85083 0.45370 16 7 5 12 5 175 100.00000 0
3194 8343 11.41136 0.07426 0.74562 0.92196 22 15 0 16 13 203 100.00000 0
3422 8616 11.77707 0.03243 0.32042 0.92196 19 14 1 13 11 112 100.00000 0
7165 7229 11.66662 1.28931 0.69427 1.50402 36 29 7 32 13 180 100.00000 0
914 4142 10.49397 0.00972 0.40999 0.54823 27 22 4 22 11 205 100.00000 0
2901 5947 11.18402 0.03651 0.24369 2.11044 13 13 0 13 5 136 100.00000 0
7162 7225 11.08314 1.16855 0.26329 0.92026 39 21 16 39 11 191 100.00000 0
2593 5582 11.56355 1.34431 0.27067 0.60909 35 32 3 32 16 146 100.00000 0
3092 8196 11.34989 0.12846 0.77635 0.35718 15 9 1 10 6 136 100.00000 0
755 4009 11.81708 0.12823 0.34626 1.81833 13 8 3 8 4 121 100.00000 0
1224 4670 10.01207 0.05575 0.46090 0.98755 65 52 8 63 35 403 100.00000 0
3605 8830 11.32970 0.06066 0.98843 3.40927 72 43 17 60 38 324 100.00000 0
5382 6692 10.14992 2.20815 0.40896 1.41278 17 11 1 10 6 126 100.00000 0
116 8583 10.99558 0.01661 0.70729 0.73329 15 7 3 8 3 117 100.00000 0
1031 4314 10.09291 0.01767 0.29045 1.00988 25 21 4 23 16 234 100.00000 0
3620 8883 11.31508 0.03541 0.98099 0.46309 69 26 4 63 51 406 100.00000 0
3173 8280 11.97832 0.11593 0.58029 0.96955 42 37 2 38 27 239 100.00000 0
1051 4371 10.37330 0.01401 0.66921 0.16786 50 32 3 48 27 361 100.00000 0
991 4303 11.40733 0.34054 0.37416 0.87626 62 39 2 56 41 320 100.00000 0
333 3578 10.01554 0.02137 0.59240 0.78981 50 44 4 38 30 321 100.00000 0
