0.04144 0.08606
0.02889 0.05549
0.03136 0.05614
0.03564 0.12014
0.03300 0.11501
0.03532 0.09349
0.03500 0.09683
0.03220 0.11011
0.03422 0.05538
0.02647 0.08033
0.03093 0.06067
0.04131 0.12223
0.03340 0.11117
0.03988 0.10347
0.05437 0.09142
0.02926 0.05529
0.02743 0.07425
0.03271 0.06321
0.04197 0.07499
0.03690 0.09189
0.03317 0.12171
0.03811 0.08327
0.03197 0.07387
0.03251 0.08810
0.03197 0.10678
0.03430 0.09386
0.03165 0.07740
0.02535 0.08230
0.01861 0.03990
0.03168 0.07214
0.04768 0.11688
0.02971 0.11033
0.03516 0.06379
0.04719 0.11040
0.02676 0.08251
0.04162 0.10721
0.03692 0.07997
0.02672 0.07558
0.03253 0.08873
0.03305 0.08622
0.03326 0.11935
0.03043 0.11030
0.03013 0.05220
0.05473 0.08579
0.03441 0.09588
0.04054 0.08949
0.03268 0.08858
0.02484 0.09526
0.03026 0.11108
0.02752 0.05374
0.02875 0.07479
0.03549 0.08416
0.03250 0.09165
0.02002 0.06399
0.03967 0.09337
0.02455 0.06072
0.02849 0.08940
0.02643 0.08082
0.03523 0.11499
0.02866 0.08204
0.03358 0.09062
0.03406 0.09824
0.02379 0.05387
0.03426 0.12281
0.02216 0.06327
0.03062 0.08464
0.03868 0.11943
0.03935 0.12269
0.02764 0.09563
0.02854 0.08592
0.02071 0.07097
0.02937 0.05645
0.01706 0.06166
0.02841 0.07608
0.03756 0.10059
0.04081 0.09581
0.03044 0.04752
0.03632 0.07715
0.03146 0.09326
0.03040 0.11000
0.04778 0.06313
0.03597 0.08657
0.01808 0.07145
0.04043 0.09631
0.03759 0.07345
0.01969 0.05863
0.02944 0.09005
0.02464 0.09637
0.03675 0.09080
0.03341 0.09337
0.04432 0.09242
0.02923 0.08061
0.02947 0.08203
0.02902 0.10517
0.03551 0.10782
0.02353 0.04531
0.02870 0.09880
0.01747 0.06982
0.04454 0.08747
0.03919 0.09070
0.04198 0.08052
0.02614 0.06346
0.02652 0.06075
0.03891 0.08762
0.03485 0.09723
0.02792 0.08547
0.04034 0.10470
0.02960 0.09049
0.03695 0.09296
0.02109 0.04157
0.04031 0.10241
0.02958 0.10379
0.02881 0.08778
0.03028 0.09392
0.02290 0.04326
0.05130 0.06674
0.02677 0.10547
0.02679 0.05470
0.03072 0.08875
0.02782 0.08239
0.03433 0.08092
0.01970 0.07079
0.03984 0.07434
0.02847 0.09027
0.01969 0.06550
0.03691 0.11570
0.03324 0.09759
0.03602 0.11322
0.03593 0.05649
0.02588 0.06769
0.02151 0.06867
0.02438 0.08149
0.03305 0.08957
0.02498 0.07517
0.02742 0.07646
0.03210 0.06987
0.03398 0.10001
0.03410 0.11046
0.02987 0.10813
0.02182 0.06909
0.03368 0.11184
0.02570 0.08442
0.02705 0.09765
0.04886 0.10080
0.02217 0.05701
0.04201 0.06576
0.03212 0.11104
0.02784 0.10242
0.04148 0.09183
0.03267 0.08104
0.02573 0.05138
0.04272 0.09562
0.03348 0.12091
0.03017 0.07480
0.02676 0.07839
0.03316 0.11743
0.04277 0.11706
0.01776 0.06828
0.03241 0.09277
0.03312 0.11568
0.03388 0.09416
0.02561 0.11350
0.03235 0.07837
0.03560 0.04994
0.03929 0.12031
0.02322 0.10664
0.02947 0.08006
0.03584 0.08905
0.03582 0.09613
0.03978 0.11935
0.03821 0.10940
0.03601 0.06919
0.02417 0.04104
0.03207 0.10495
0.03243 0.10469
0.03313 0.04757
0.02875 0.10516
0.03663 0.07887
0.02853 0.07040
0.03616 0.06353
0.03182 0.08693
0.02899 0.08034
0.03848 0.07214
0.06216 0.07979
0.02450 0.07879
0.02693 0.06561
0.02243 0.10043
0.03889 0.09725
0.03218 0.09337
0.03460 0.10190
0.01962 0.04085
0.03999 0.08151
0.04024 0.09679
0.04027 0.06640
0.03653 0.07123
0.05355 0.09433
0.03098 0.09030
0.03195 0.09087
0.02363 0.10791
0.03492 0.08183
