0.02863 0.02660
0.02925 0.01929
0.01476 0.01689
0.02368 0.01655
0.01322 0.00740
0.02192 0.02422
0.01883 0.01749
0.02643 0.01731
0.02128 0.01853
0.02155 0.02183
0.01745 0.01203
0.02082 0.02243
0.02491 0.01579
0.01529 0.01856
0.02437 0.02018
0.01713 0.02095
0.02203 0.01684
0.02274 0.02017
0.01989 0.01849
0.01309 0.01225
0.03117 0.02319
0.01481 0.01245
0.02055 0.02464
0.01326 0.01313
0.02745 0.02387
0.01771 0.01957
0.02070 0.02021
0.01497 0.01601
0.01680 0.01430
0.01915 0.01561
0.02133 0.01675
0.01230 0.01448
0.01788 0.01814
0.02701 0.02150
0.01716 0.02061
0.01808 0.02087
0.02030 0.02009
0.01579 0.01638
0.01596 0.01809
0.03258 0.02134
0.02734 0.02017
0.02290 0.02043
0.01723 0.01320
0.03479 0.02078
0.02488 0.01850
0.01846 0.01963
0.01935 0.01788
0.02453 0.02146
0.02836 0.01520
0.02325 0.01943
0.01277 0.00969
0.01323 0.01476
0.02058 0.02002
0.02395 0.02077
0.01732 0.01753
0.02056 0.02029
0.01289 0.01634
0.02737 0.03006
0.02199 0.02158
0.02473 0.01839
0.01562 0.01881
0.01817 0.01319
0.03004 0.02446
0.01811 0.01911
0.01950 0.01959
0.02174 0.02097
0.01637 0.01573
0.02326 0.02215
0.02153 0.01936
0.00847 0.00687
0.01655 0.02180
0.02002 0.02115
0.01564 0.01650
0.01988 0.01434
0.01625 0.01498
0.01926 0.01904
0.01576 0.01517
0.02074 0.01844
0.02433 0.02171
0.03533 0.02245
0.03000 0.02748
0.02194 0.02899
0.01766 0.02002
0.02426 0.02307
0.01928 0.02044
0.01526 0.01430
0.01953 0.02087
0.01853 0.01791
0.01429 0.01485
0.01533 0.01594
0.01933 0.02304
0.02311 0.01742
0.01446 0.01687
0.01963 0.01881
0.01861 0.02001
0.01695 0.01496
0.02736 0.02006
0.02447 0.02056
0.01378 0.01511
0.02046 0.02022
0.02060 0.02132
0.02299 0.02207
0.02709 0.03383
0.01971 0.01950
0.02823 0.02188
0.01767 0.02037
0.01737 0.02107
0.02212 0.01634
0.01612 0.02111
0.01856 0.01685
0.01742 0.01790
0.01830 0.01586
0.02220 0.02410
0.02873 0.03153
0.01942 0.02526
0.01969 0.01388
0.02028 0.01708
0.02013 0.01951
0.02098 0.02115
0.02834 0.02331
0.02197 0.02098
0.02454 0.02512
0.01620 0.01977
0.01756 0.01784
0.02092 0.02098
0.02609 0.02380
0.01645 0.02051
0.01311 0.01149
0.01470 0.01573
0.02012 0.01999
0.01887 0.01362
0.01834 0.02038
0.01477 0.01355
0.01867 0.01860
0.02200 0.02106
0.01285 0.01351
0.01810 0.02054
0.02704 0.01913
0.01812 0.01334
0.01905 0.01362
0.01796 0.01706
0.02185 0.02935
0.02163 0.01619
0.02412 0.01813
0.01849 0.02038
0.02157 0.02176
0.04217 0.02279
0.01783 0.01891
0.01318 0.01181
0.01751 0.01796
0.01861 0.01360
0.02816 0.02250
0.02412 0.02092
0.02479 0.01445
0.02164 0.02111
0.01710 0.02132
0.01816 0.01920
0.01416 0.01602
0.02218 0.01902
0.02314 0.01329
0.01299 0.01551
0.01389 0.01939
0.03314 0.02503
0.02498 0.02562
0.01885 0.01971
0.01777 0.01717
0.01207 0.01141
0.01601 0.01864
0.01892 0.01458
0.01937 0.02071
0.02068 0.01354
0.01527 0.01371
0.03617 0.01875
0.01195 0.01209
0.02530 0.02145
0.03303 0.02180
0.01968 0.01819
0.02130 0.01916
0.02253 0.02166
0.03101 0.01485
0.02201 0.02150
0.01640 0.01749
0.02868 0.02238
0.01230 0.01075
0.01773 0.01735
0.01198 0.01187
0.01795 0.01762
0.02134 0.02438
0.02103 0.02472
0.01876 0.02060
0.02342 0.02017
0.02110 0.01551
0.01577 0.01479
0.01319 0.01287
0.02293 0.02269
0.01884 0.01776
0.01999 0.01790
0.01301 0.01360
0.02108 0.02031
0.01771 0.01712
