5988 8036 10.63461 2.17040 0.52975 2.46720 19 0 2 15 8
4788 7095 10.81350 3.14082 2.17003 0.98913 63 0 0 52 35
1414 5052 10.33247 0.36931 0.20072 0.68700 28 3 1 19 11
5077 6904 10.86195 3.00305 1.50349 2.45973 31 0 0 24 19
5152 6832 10.06994 3.13832 2.28035 4.25109 18 0 0 3 7
1383 4966 10.28066 0.07490 9.07934 7.07307 32 0 0 8 12
5412 6699 10.68882 2.38054 13.53649 73.78111 11 0 0 4 5
283 8736 11.53186 0.06029 0.40859 0.71436 16 0 1 11 7
1444 5046 10.90901 0.33415 0.28799 0.91941 23 2 1 14 7
5416 6686 11.19655 2.12976 6.21330 122.02609 7 0 0 2 2
568 3789 11.33644 0.02823 0.21916 1.52777 17 2 0 11 11
4743 7181 10.95530 2.92613 7.06585 167.65486 14 0 0 6 2
551 3799 10.99034 0.03162 0.69350 1.23923 22 0 2 19 13
451 3708 11.51139 0.00466 9.85215 0.82709 12 0 0 9 10
1481 5085 11.31140 0.16682 0.56442 0.79525 23 0 0 23 14
1602 5348 11.99639 0.01276 13.33662 0.72739 13 0 0 5 7
6308 7718 11.32889 3.08737 7.02743 24.37843 10 0 0 6 4
38 3387 11.50802 0.00420 2.64002 1.43531 16 0 0 14 10
4678 7207 11.63310 2.48294 1.34169 1.87430 11 0 0 5 6
39 8586 11.48626 0.03120 15.51304 1.78619 10 0 0 8 3
4737 7202 11.02315 2.65492 5.26313 152.11592 11 0 0 2 6
4701 7233 10.63455 1.64708 6.39601 35.11585 8 0 0 3 3
1378 4993 10.70005 0.01567 0.73917 0.72199 21 0 0 19 8
1555 5205 10.74876 0.00984 14.71018 0.56924 11 0 2 9 7
1082 4433 11.63277 0.06594 8.32788 5.05811 42 0 0 37 28
342 8893 11.77738 0.01828 8.65647 1.04904 14 0 0 9 7
5111 6866 10.18816 3.12082 5.55451 21.53881 14 0 0 4 4
6031 8030 10.30772 3.13107 11.23591 179.40062 16 0 0 7 6
3300 8461 11.51975 0.00966 13.38948 15.78031 53 0 0 30 37
3309 8438 11.77066 0.01154 14.20716 1.57147 41 0 0 33 29
787 4003 11.50998 0.01277 0.49491 0.70276 13 2 0 13 10
570 3792 10.40776 0.02981 0.86045 2.60369 10 0 0 6 2
1524 5135 11.01220 0.00244 15.80316 0.13988 11 0 0 4 4
797 4017 10.74661 0.01164 7.90703 32.34282 15 0 0 10 10
2948 6004 10.19878 1.18354 0.33150 2.22757 8 0 0 5 4
5390 6681 11.48172 2.06655 0.50189 1.63805 13 0 0 5 3
2963 8097 10.74930 0.02549 9.48256 7.62185 10 0 0 2 3
1587 5217 10.75116 0.01148 10.61978 7.69952 49 0 0 32 39
2916 5965 10.05853 0.09146 4.30400 9.96593 20 0 0 5 9
17 3387 11.50802 0.00420 2.47154 0.98357 33 0 0 31 23
6310 7717 11.61955 3.08949 1.11072 1.60718 14 0 0 14 7
3625 8929 10.11312 0.03816 0.77852 2.60459 32 0 0 27 20
1326 7027 10.51857 2.99876 1.98085 2.14685 30 0 0 20 14
336 8867 11.13984 0.02555 0.46306 1.44672 11 0 0 5 5
1600 6738 11.81658 3.13946 1.28986 1.03929 20 0 0 18 14
1414 5015 11.07950 0.08558 9.09509 150.16004 9 0 0 1 3
737 3942 10.32301 0.84648 0.45198 1.43040 25 1 0 15 10
1482 6872 10.04486 3.12266 1.29419 1.42546 22 0 0 13 7
42 3414 11.75156 0.02822 2.06532 7.19724 9 0 0 0 1
6142 7877 11.44315 3.13854 0.72421 2.35883 40 0 0 18 14
128 3419 11.74596 0.01835 0.52284 0.55107 25 0 0 20 17
4796 7122 11.95018 3.03352 11.00320 173.80799 27 0 0 18 11
1100 4418 10.65491 0.05900 9.64638 5.50630 43 0 0 40 30
1495 5102 10.99809 0.02144 3.64335 2.25342 23 0 0 16 15
941 4172 10.52709 0.02551 7.41799 1.35653 18 0 0 11 8
2698 5646 11.29122 0.15585 11.42793 17.17036 19 0 0 11 7
504 3733 10.98126 0.01194 15.23943 5.55139 13 0 0 6 8
3277 8396 10.19108 0.42275 6.78996 14.00628 25 0 0 13 14
1522 5132 11.52055 0.00711 0.34846 0.82472 11 0 0 4 4
1449 6912 11.35509 2.89181 18.82100 165.68858 19 0 0 13 6
1237 7135 10.41648 3.08859 0.73148 2.60759 23 0 0 12 11
3223 8324 11.32034 0.02473 0.37691 0.86863 23 1 0 13 6
2934 5949 10.19149 0.03884 0.41861 2.22792 17 1 0 6 4
4771 7103 10.65832 3.09293 4.17523 5.53874 43 0 0 8 13
1537 6800 10.97155 3.13928 11.07297 179.86878 11 0 0 7 1
4736 7121 10.95820 3.11465 1.35770 2.92971 23 0 0 7 12
1012 4325 10.68182 0.02837 9.21916 18.58845 22 0 0 11 14
108 8610 10.49891 0.04796 18.05360 2.74851 7 0 0 2 3
5097 6852 11.69156 3.12546 15.67535 179.07359 33 0 0 12 15
5084 6894 10.58147 3.04418 1.33997 2.16790 40 0 0 31 24
3234 8402 11.47139 0.97493 0.16162 0.93125 19 0 3 15 9
1364 4931 11.87389 0.01883 7.28140 3.61639 25 0 0 12 15
546 3770 11.35102 0.04734 0.37116 1.25180 22 0 1 15 12
45 100 11.49053 0.02079 1.17801 8.79444 14 0 0 4 5
1637 6693 11.63501 2.20014 0.57459 1.28268 23 0 0 19 12
3168 8276 11.53381 0.07247 10.09893 153.18351 14 0 0 11 7
49 3414 11.75156 0.02822 12.21988 1.61762 8 0 0 3 3
1143 4551 10.01507 0.07036 0.59165 1.05165 28 0 0 23 11
3280 8398 11.13507 0.37005 9.67445 2.28190 16 0 0 5 9
102 3428 11.50927 0.05388 0.51288 2.89489 13 0 2 10 8
5010 6968 11.29138 2.95108 0.35683 2.20158 16 1 2 10 7
1213 7223 11.34054 1.90211 1.67433 2.27950 19 0 0 17 13
5048 6896 11.73193 2.63804 0.51516 3.11923 40 0 0 23 19
243 8697 10.88567 0.03663 0.52114 2.09854 22 1 2 18 14
4691 7164 11.27247 3.02844 0.99704 2.11563 40 0 0 29 17
3233 8398 10.80862 0.87012 0.21182 0.23407 27 4 4 23 16
880 4105 11.93766 0.04189 9.23472 2.39931 15 0 0 5 6
5994 8067 10.56765 1.58472 0.70929 2.57815 15 0 0 12 8
1213 4645 10.41249 0.08131 0.60361 3.02103 19 1 0 12 5
3279 8399 10.36215 0.33464 9.46712 2.72606 26 0 0 8 12
1215 4647 11.38444 0.07990 1.82962 4.68274 11 0 0 2 1
3200 8307 10.45604 0.16594 0.15815 1.53289 36 4 8 28 14
6037 7988 11.05039 3.13779 11.89625 179.77971 12 0 0 5 2
1624 5383 11.25008 0.02525 1.93204 2.84262 8 0 0 3 1
25 8585 10.74196 0.02857 1.48565 11.95431 10 0 0 0 2
1279 4835 10.99875 0.05521 14.37086 3.16360 19 0 0 3 7
5230 6759 11.88507 3.12304 1.02048 1.38508 21 0 0 21 17
1068 4364 11.00272 0.03437 7.46756 1.96961 26 0 0 15 7
8856 8910 10.38949 0.03636 12.69678 2.08413 18 0 0 11 11
3361 8501 10.24352 0.00476 9.88720 2.67313 65 0 0 50 45
3426 8620 11.04902 0.02550 0.25422 0.24866 14 0 2 11 10
981 4224 11.26091 0.41318 0.45839 2.62510 15 0 2 8 8
168 3467 10.54856 0.01504 0.25140 1.46820 23 0 0 12 10
5217 6790 11.76252 3.13150 12.60570 179.42054 9 0 0 7 4
5301 6767 11.10638 3.12139 11.81709 178.84090 14 0 0 3 7
532 3783 11.79261 0.01484 0.45405 0.23070 18 0 1 13 12
229 3516 11.83603 0.02063 7.65624 49.17660 11 0 0 8 8
5407 6672 11.61022 1.98239 0.44630 1.40556 21 0 0 18 11
105 3405 10.30328 0.02403 7.96479 1.37771 21 0 0 21 15
1250 7179 10.82512 3.00906 6.11782 172.40614 16 0 0 6 7
6134 7909 11.09334 3.13980 11.53477 3.28205 15 0 0 12 3
1538 6800 10.00986 3.13936 9.99283 179.87489 12 0 0 7 4
3233 8332 11.28283 0.19775 0.43093 1.91213 27 0 0 21 13
1250 7185 11.46706 2.97565 3.68839 170.49221 16 0 0 13 6
367 8881 11.25742 0.03415 0.66048 0.58417 23 0 1 13 14
8851 8903 10.87758 0.03191 0.18053 1.79624 17 0 0 14 7
7163 7227 11.30097 1.23672 12.91640 70.85909 8 0 2 3 3
1263 7139 11.60710 3.04318 12.00972 174.36132 13 0 0 5 9
1622 5377 10.00534 0.02559 8.08582 18.39483 10 0 0 3 5
1177 4562 11.54704 0.05295 12.67276 4.86808 21 0 0 15 6
3029 8133 10.50345 0.01303 14.63838 0.74913 18 0 0 9 4
1409 6925 10.24348 2.87217 0.87934 1.48359 16 0 0 14 8
2665 5613 10.83734 0.09575 7.22215 5.48548 37 0 0 35 23
1678 5403 10.94540 1.13851 0.92995 0.34943 33 0 0 21 14
5416 6678 11.92093 2.03890 9.43366 37.79397 6 0 0 3 4
2735 5688 10.25589 0.08270 0.25433 1.22780 16 1 2 9 8
1592 6749 10.57266 3.13709 0.74988 4.47352 11 0 0 4 4
1248 7191 10.42904 2.91139 3.53400 7.37241 17 0 0 9 0
1426 5071 11.44287 0.45463 0.48568 0.68528 31 0 1 23 23
192 8650 11.83438 0.01129 11.09462 2.93692 47 0 0 42 39
3047 8150 10.53539 0.03481 5.16496 1.14535 12 0 0 4 4
3469 8646 11.29900 0.00978 9.83840 1.24112 30 0 0 25 27
1213 4706 11.12573 0.09906 1.66764 4.88616 8 0 0 5 3
1099 4475 10.85715 0.05417 10.19724 4.99285 33 0 0 30 20
421 3656 11.26950 0.01192 11.06645 7.55320 26 0 0 16 13
662 3879 10.00162 0.02537 0.34904 0.50822 19 0 4 11 9
65 8585 10.74196 0.02857 1.21023 9.76517 14 0 0 5 7
869 4131 11.49482 0.00704 0.41542 0.27695 14 1 2 10 8
3261 8367 10.18055 0.90672 0.47265 0.72739 16 1 3 16 12
191 8676 10.85739 0.01627 13.06361 0.49732 34 0 0 34 29
537 3786 10.26905 0.01459 0.38897 0.38563 35 2 5 33 22
2942 6000 10.13712 1.02719 0.29866 1.42766 28 1 0 28 21
339 3582 11.07659 0.02189 0.38041 0.98516 16 1 1 14 7
4968 6996 11.42188 3.09670 9.98018 177.42960 33 0 0 24 17
2591 5585 11.46648 1.38067 1.03096 3.36604 21 0 0 7 4
976 4213 11.91001 0.44477 4.85959 19.97800 6 0 0 4 1
4910 7013 11.18828 2.99508 1.70652 1.40667 41 0 0 24 14
1655 6681 10.84117 1.78538 0.48046 2.08187 9 0 3 6 3
2958 8092 11.48210 0.04144 9.90302 1.47299 14 0 0 1 5
1132 4482 10.47787 0.07895 11.14930 0.47395 39 0 0 35 17
1408 5007 10.78992 0.08551 0.79556 1.24929 13 0 0 6 5
769 3981 10.28932 0.27680 5.17842 15.85948 11 0 0 4 3
1130 4476 11.33315 0.08089 11.57596 20.33304 50 0 0 25 27
2661 5639 10.78855 0.09797 0.51885 3.67514 26 1 1 15 16
1216 7187 11.86606 2.85067 12.78366 163.33168 31 0 0 17 19
4757 7150 10.35057 3.12753 2.63814 15.89720 11 0 0 1 2
3363 8531 10.02579 0.01563 10.10329 1.51930 43 0 0 18 19
1366 6980 11.22658 3.09564 13.86449 177.36745 83 0 0 79 37
322 8824 10.70421 0.05112 2.45463 2.26469 12 0 0 1 1
253 3533 10.07381 0.01522 0.42453 0.93083 10 0 0 4 5
1541 6820 11.95588 3.13107 11.35681 178.38529 6 0 0 4 3
3589 8857 11.26583 0.05082 0.89470 2.84895 9 0 0 3 4
1351 7022 10.63067 3.12180 1.66287 2.48774 43 0 0 36 18
1290 4812 10.21574 0.02344 7.76225 1.34203 28 0 1 7 10
7176 7230 11.12103 1.25418 0.58403 2.85115 9 0 0 3 6
2594 5597 11.45521 1.31962 0.33064 1.13229 12 0 0 4 5
2653 5634 11.79973 0.05114 14.96166 2.92998 16 0 0 10 8
3062 8165 11.55130 0.04840 8.91336 2.77432 20 0 0 9 8
4679 7225 11.35288 1.83809 1.69491 3.75494 18 0 0 6 7
4859 7081 11.68554 3.11619 14.63488 42.52170 21 0 0 4 10
3386 8531 10.75178 0.01039 5.35013 1.55494 24 0 0 21 19
1627 5326 11.75301 0.02710 8.40998 1.55343 14 0 0 8 4
6356 7620 10.42478 1.73005 0.84874 3.31800 33 0 0 28 12
4904 7044 11.76883 3.09693 17.32763 54.22812 16 0 0 10 5
1170 4608 11.71303 0.03794 12.08099 4.18348 21 0 0 14 15
1614 5367 10.98412 0.01304 0.72651 4.62084 12 0 1 5 8
3194 8343 11.41136 0.07426 0.60881 1.12535 29 0 0 21 16
3422 8616 11.77707 0.03243 14.48094 35.11085 7 0 0 4 5
7165 7229 11.66662 1.28931 0.85649 1.48569 8 0 0 6 3
914 4142 10.49397 0.00972 12.36130 1.14569 12 0 0 4 5
2901 5947 11.18402 0.03651 9.23457 4.97461 25 0 0 7 8
7162 7225 11.08314 1.16855 1.98791 1.96124 11 0 0 7 3
56 8547 11.75274 0.00574 2.08907 1.73866 31 0 0 29 23
5237 5295 11.24141 0.01397 13.32869 48.69314 19 0 0 16 7
2593 5582 11.56355 1.34431 14.63419 77.02333 21 0 0 18 7
6228 7812 11.51755 3.13286 18.31963 179.50111 30 0 0 21 12
3092 8196 11.34989 0.12846 0.55044 0.35054 15 0 0 9 7
755 4009 11.81708 0.12823 17.30597 7.34649 18 0 0 2 5
1224 4670 10.01207 0.05575 0.24231 0.73168 13 0 2 6 5
3605 8830 11.32970 0.06066 0.77746 3.40398 17 0 0 14 10
5382 6692 10.14992 2.20815 0.30203 1.05869 18 1 1 12 8
4758 7153 11.79342 3.11472 15.05386 178.45998 18 0 0 4 7
116 8583 10.99558 0.01661 0.39318 0.59610 16 0 2 7 5
1031 4314 10.09291 0.01767 0.35114 1.12535 20 1 3 11 9
3620 8883 11.31508 0.03541 1.04792 0.82472 28 0 0 22 20
3173 8280 11.97832 0.11593 13.28240 12.67795 20 0 0 18 14
4782 7130 10.77576 3.06593 4.24198 175.66541 14 0 0 2 5
1051 4371 10.37330 0.01401 11.42804 3.84033 18 0 0 8 8
991 4303 11.40733 0.34054 0.79890 0.61548 18 0 0 18 13
333 3578 10.01554 0.02137 0.58895 0.20748 17 0 1 15 9
