1949 5079 10.80691 0.00882 22.47870 119.28883 3 0 0 3 3 21 100.00000 0
3559 6480 11.23116 0.01288 8.61567 2.36745 9 0 0 4 4 167 100.00000 0
2429 5323 11.68318 0.82280 2.22537 2.68249 59 56 1 44 34 219 100.00000 0
2472 2581 11.22698 0.77641 2.42156 2.69588 90 66 7 76 56 292 100.00000 0
2476 5321 10.45620 0.77092 2.47540 2.83904 63 52 11 50 40 251 100.00000 0
2411 5323 11.68318 0.82280 2.36696 2.68278 54 49 3 46 36 218 100.00000 0
2495 5320 10.24209 0.74014 2.38365 3.11797 70 62 0 50 40 244 100.00000 0
6606 6982 10.49518 0.00708 4.60642 2.91282 6 1 0 1 1 117 100.00000 0
2320 5321 10.76751 0.80012 2.09991 2.53713 78 75 0 56 51 265 100.00000 0
2488 5323 11.68318 0.82280 2.30543 2.68351 58 51 5 44 33 253 100.00000 0
8038 8089 11.01070 0.43522 2.54250 2.98741 64 37 2 56 23 472 100.00000 0
2052 5187 10.74936 0.02658 10.48060 3.14535 11 0 0 9 9 27 100.00000 0
2511 2583 11.93117 0.82358 2.38242 2.71714 57 51 3 52 36 214 100.00000 0
2312 5320 11.43827 0.82385 2.07945 2.28019 53 41 9 51 20 249 100.00000 0
2335 2582 11.44621 0.80088 2.30627 2.66726 70 64 4 66 46 251 100.00000 0
2359 5321 10.45620 0.77092 2.29646 2.83656 71 57 4 56 49 274 100.00000 0
2337 5323 11.68318 0.82280 2.29745 2.70067 54 47 3 40 31 225 100.00000 0
1942 5057 10.01155 0.01166 29.44472 177.37341 4 0 0 1 1 14 100.00000 0
1927 5040 11.80408 0.00990 28.98274 0.56786 5 0 0 1 1 41 100.00000 0
3540 6440 11.85126 0.04017 14.02527 28.71654 4 3 0 4 2 29 100.00000 0
3477 6402 11.29745 0.04273 25.94091 178.41613 3 0 0 3 2 10 100.00000 0
2422 5320 10.24209 0.74014 2.29359 3.07523 78 69 4 69 50 254 100.00000 0
