2842 3137 10.28570 0.02001 0.22897 1.17303 75 62 7 67 61
2793 5444 11.06247 2.94905 0.62405 1.66389 69 25 5 65 24
488 3515 10.56562 0.10188 8.16094 2.70009 22 0 0 12 13
4170 6469 10.78194 2.76833 1.25989 2.28225 9 0 0 9 4
2933 3138 10.81961 0.01709 0.23650 1.41111 47 36 1 27 33
4272 4406 10.77024 0.01125 0.51595 0.67144 43 20 2 32 25
551 7156 11.19273 2.95583 7.67680 7.23628 13 0 0 0 4
1601 6029 10.07730 3.06250 0.69251 3.10892 74 3 2 68 39
209 7367 11.82651 2.89787 1.12371 1.71646 17 4 6 12 4
439 7210 11.56698 3.10076 1.01132 1.16432 10 0 0 5 5
4271 4336 11.27196 0.01407 0.53545 0.76515 41 12 6 38 22
4271 4404 11.27196 0.01407 0.44214 0.76719 40 20 5 33 26
7429 7507 11.25316 0.01296 0.71128 1.47989 19 9 2 12 7
3084 5477 11.92975 3.13191 10.36045 1.90105 27 0 0 12 8
3060 5475 10.45492 3.13401 7.05968 179.56524 34 4 1 22 16
1592 6076 10.40920 3.10919 0.61088 1.00639 19 3 3 12 8
1178 4083 11.90730 0.02889 0.71533 1.63063 17 6 1 13 9
4133 6514 11.38160 nan 0.87394 2.15122 12 0 0 2 2
4271 4799 11.27196 0.01407 0.49814 0.85088 33 16 2 29 22
1510 6184 11.88497 3.09254 13.23360 177.18819 9 0 0 6 5
2205 2324 10.08808 0.02070 11.62934 1.18564 28 0 0 17 12
2407 5445 10.50813 2.96571 0.55712 2.13258 48 19 2 37 26
3939 6708 10.79658 3.10509 6.45122 2.31461 8 0 0 4 3
2202 2410 11.49669 0.02420 0.57681 0.78235 28 13 6 24 20
3040 5444 11.06605 2.94908 0.79956 1.64806 68 30 10 66 28
2203 3079 11.05481 0.02316 0.45203 0.62432 38 12 7 34 22
578 7147 11.25232 3.00914 12.15840 173.86736 10 0 0 7 5
2202 2791 11.49669 0.02420 1.35210 5.01579 30 8 4 4 11
2862 5475 10.45492 3.13401 5.77699 179.56524 29 3 1 15 13
358 7263 11.77573 2.96327 0.98543 1.72329 16 2 2 16 8
4273 4387 10.24980 0.00372 0.60925 0.29739 48 11 5 41 30
1004 6771 10.15407 2.98035 1.59510 6.85312 6 0 1 4 3
3167 5431 11.70679 2.71250 0.65576 1.09432 25 13 5 23 16
4336 5015 11.47663 0.01429 0.54416 0.79868 24 10 4 18 14
7428 7543 11.74928 0.01419 0.35754 0.82139 40 21 4 35 30
1536 6135 11.88065 2.34077 0.40764 0.71982 16 6 3 14 9
3727 6968 11.09867 3.00185 13.48777 177.40158 4 0 0 4 1
512 7197 11.98086 3.08385 10.20025 122.24270 8 0 0 3 1
2499 5444 11.06247 2.94905 0.57936 1.63518 70 24 0 60 35
3928 6692 10.25243 3.02006 1.28417 2.12431 14 0 0 9 8
560 3547 10.47178 0.22423 0.45084 0.78684 33 12 6 28 28
2187 5501 10.39527 3.09895 15.94233 177.55760 7 0 0 5 0
2465 5444 11.06247 2.94905 0.66453 1.68586 75 35 7 68 42
523 7191 11.64097 3.05963 10.82820 175.30364 6 0 0 2 2
319 7265 10.69860 3.00779 1.08731 1.85794 25 0 0 21 7
893 6882 11.14054 3.13706 12.38753 179.74207 7 0 0 3 1
1756 5849 11.36020 3.05658 1.17178 0.76515 63 0 0 57 27
1624 6036 10.41035 3.11029 0.49261 2.21876 35 14 5 33 14
4828 5015 11.47663 0.01429 0.38152 0.82662 28 14 4 28 17
989 6753 10.83691 2.29045 1.15772 0.98992 8 1 0 3 1
2497 3139 11.38663 0.01475 0.13311 0.99426 61 55 4 59 46
2202 2625 11.49669 0.02420 0.48775 0.93293 33 18 5 31 21
3052 5476 11.20570 3.13283 1.12402 1.77432 30 11 6 23 11
1910 5725 11.26101 3.04343 0.65770 0.98397 31 5 2 26 13
4371 5015 11.47663 0.01429 0.45700 0.80649 30 20 3 30 24
2048 5614 10.43174 3.08955 7.09238 5.09678 13 0 0 5 7
3774 6916 10.48370 3.11127 11.14374 172.44908 7 0 0 3 1
4796 5014 10.97741 0.01408 0.47898 0.80988 49 27 3 44 32
4272 4947 10.77116 0.01120 0.49971 0.61612 49 26 4 49 34
1672 5936 11.79301 3.09894 0.30226 2.83876 18 0 0 13 9
113 169 10.75039 0.04458 4.62243 14.32341 40 26 0 22 25
3694 7003 11.88168 3.00898 12.11282 175.70317 8 0 0 3 3
2576 5444 11.06247 2.94905 0.75517 1.74899 60 20 3 51 22
3643 7039 10.52697 3.08488 1.88730 3.65398 14 0 0 12 8
2465 3140 11.98752 0.01419 0.30932 0.86818 60 38 7 49 35
2205 2292 10.08808 0.02070 10.86767 1.18564 26 1 0 16 13
7432 7535 10.50319 0.01566 0.59705 0.75381 38 9 5 31 22
1625 6000 10.45692 2.91145 1.25801 1.05202 37 0 1 35 20
2258 3137 10.28178 0.02095 0.28301 1.22908 76 56 1 44 55
2484 5477 11.93388 3.13196 5.72407 179.44751 22 1 0 8 8
351 7245 10.01021 3.08236 1.54249 3.06222 17 0 7 8 5
2411 5476 11.20983 3.13290 8.73900 1.73280 19 0 0 15 6
4663 5013 10.22837 0.01310 0.22546 0.73008 29 17 1 19 15
2802 3140 11.98752 0.01419 0.15602 1.12152 65 51 6 54 42
2924 5477 11.92975 3.13191 6.96991 179.44680 23 1 1 14 10
11 142 11.75631 0.02808 0.71503 1.30116 19 0 1 15 8
3720 6970 10.88772 3.09206 3.36333 177.16220 6 0 0 6 2
5210 5338 10.98272 0.01316 12.60442 0.75277 45 8 1 21 18
1076 6650 10.97739 3.13688 1.32410 2.65874 26 0 0 24 11
3079 5445 10.51161 2.96574 0.37959 1.86697 43 18 7 35 18
508 7199 11.71929 3.09812 14.36109 18.40445 11 0 0 3 3
3681 7003 10.69123 2.95740 1.15680 2.26365 31 0 0 27 16
783 6988 11.37710 3.11473 55.01602 178.45972 2 0 0 2 1
4042 6585 11.03005 3.08358 1.64289 1.99841 11 0 0 5 4
754 7018 11.36990 2.94189 0.68351 3.11822 9 2 0 7 3
7428 7540 11.74909 0.01417 0.28995 0.81277 37 22 4 29 25
724 7047 11.14035 3.02502 4.70940 9.49128 9 0 0 2 2
4788 5015 11.47663 0.01429 0.52866 0.80503 29 11 8 25 13
4702 5015 11.47663 0.01429 0.45016 0.90222 30 13 7 26 17
202 7381 11.42491 2.96388 0.56698 1.03552 16 6 1 14 8
1309 6418 10.46674 3.11723 1.88024 16.08417 23 1 0 9 5
5208 5281 11.98285 0.01307 12.30560 0.74913 30 1 0 17 14
3063 3140 11.99147 0.01379 0.13748 1.06753 51 39 6 47 39
3967 6676 11.19348 3.13718 1.27663 1.88554 20 0 0 12 8
2686 3140 11.98752 0.01419 0.24120 1.18894 54 37 6 31 33
1245 6486 11.55414 3.11703 1.78799 3.64003 7 1 0 4 3
991 6741 11.65740 2.19848 9.26141 125.96348 8 0 0 4 3
2672 5444 11.06247 2.94905 0.68328 1.73506 58 21 2 48 24
2364 3140 11.98752 0.01419 0.15796 1.15250 56 45 6 53 43
3715 6977 11.33154 3.12405 3.49047 7.82218 6 0 0 0 2
541 3544 11.74476 0.15328 0.05618 0.43341 14 10 0 7 9
2309 5476 11.20983 3.13290 9.69783 3.12261 26 0 0 19 16
1558 6076 10.57850 2.90479 1.25668 1.28998 41 7 8 34 13
240 7369 11.45907 2.99942 4.40755 13.26061 7 0 0 2 3
492 7185 10.84931 2.97515 13.71198 170.46350 8 0 1 1 2
4626 5013 10.22837 0.01310 0.27722 0.81277 37 24 8 33 24
5210 5321 10.98272 0.01316 12.40322 0.75277 31 1 0 8 8
4272 4898 10.77126 0.01155 0.44353 0.63118 36 16 6 33 23
3903 6725 11.02109 2.41530 0.40398 5.82887 13 1 0 4 3
646 7099 10.29160 3.05641 1.32930 1.86760 18 2 1 6 6
2550 5477 11.93388 3.13196 9.33492 179.44751 28 0 0 17 12
4110 6516 11.60281 3.13436 1.60851 2.23353 14 0 0 9 3
4337 5014 10.97741 0.01408 0.53324 0.98596 38 19 3 38 23
2924 3139 11.39058 0.01408 0.18883 0.83416 39 27 7 33 25
2417 5445 10.50813 2.96571 0.30367 1.99410 48 20 7 31 20
5297 5390 10.24948 0.12549 6.01128 2.88120 24 0 0 13 14
2887 5445 10.51161 2.96574 0.68671 1.79885 46 11 2 33 18
3127 5434 11.02124 2.75080 0.63760 1.83504 65 23 4 58 36
4139 6509 11.78473 3.13977 6.53802 179.89347 6 0 0 0 0
2608 3138 10.81564 0.01799 0.35238 1.09253 53 33 7 41 36
2893 5444 11.06605 2.94908 0.64910 1.69142 60 24 2 58 25
226 7349 11.76580 2.81838 0.49532 2.29661 10 4 3 8 4
2204 2963 10.55489 0.02191 0.46575 0.49099 35 13 6 33 21
1844 5745 11.13482 3.11698 0.56927 3.65902 28 5 1 6 8
4272 4397 10.77024 0.01125 0.68390 0.81901 46 15 2 46 36
505 3526 11.46548 0.13809 11.28905 9.11564 6 0 0 0 2
2538 5443 11.65748 2.93190 0.29586 1.80059 52 35 4 45 29
81 138 10.75197 0.02425 0.72144 0.57539 52 7 1 48 39
2775 3140 11.98752 0.01419 0.24469 1.00639 46 35 7 42 29
283 7324 11.93102 3.10492 0.73245 2.40273 6 0 1 0 4
2983 3137 10.28570 0.02001 0.34977 1.30026 73 57 5 69 55
2912 5445 10.51161 2.96574 0.70340 1.79035 46 10 1 37 28
2585 5475 10.45907 3.13408 5.99160 179.56524 38 2 1 21 22
4771 5014 10.97741 0.01408 0.48033 1.16768 37 20 2 35 25
2753 3140 11.98752 0.01419 0.11049 1.11276 70 59 5 66 49
3069 3139 11.39058 0.01408 0.13763 0.85409 62 43 11 54 36
3795 6891 10.39161 3.13936 17.09838 8.64036 7 0 0 1 1
2606 3138 10.81564 0.01799 0.43469 1.38649 48 24 3 22 21
2205 2296 10.08808 0.02070 0.38147 0.66852 31 12 2 26 20
2518 5476 11.20983 3.13290 8.29000 179.50822 22 0 1 15 5
2838 3139 11.39058 0.01408 0.17850 0.94295 45 31 6 32 25
469 7197 11.37693 3.01921 4.20190 1.84970 12 0 0 10 10
1549 6089 11.86966 2.65604 1.15077 1.41527 23 2 3 21 13
2413 3139 11.38663 0.01475 0.13957 0.91257 69 47 5 49 39
2995 5443 11.66109 2.93193 0.62640 1.63638 62 18 7 56 35
4314 5016 11.97357 0.01623 0.49776 0.92535 8 4 1 6 4
2320 5475 10.45907 3.13408 7.08227 179.56524 32 1 0 26 22
1764 5841 11.13486 2.96792 1.01970 1.04530 39 3 0 16 14
2679 5476 11.20983 3.13290 10.05177 2.90933 25 0 0 11 6
1796 5848 10.09604 2.89143 0.40518 1.16500 57 22 18 51 26
4273 4945 10.25074 0.00397 0.59800 0.13417 38 11 2 34 19
1301 6427 10.28609 3.13133 1.80012 2.09928 18 0 0 9 5
1574 6132 11.51661 3.10593 0.27389 1.31997 28 17 5 21 15
1227 6504 11.53815 3.13066 2.30057 4.12379 19 0 0 15 11
2581 3140 11.98752 0.01419 0.35798 0.81036 42 27 2 38 27
540 7160 10.24544 2.98576 17.93742 16.35514 10 0 0 0 0
1411 6304 11.56737 3.12720 1.91248 2.94437 19 1 1 7 7
501 3498 11.11976 0.08551 2.99905 15.14967 13 0 0 2 4
620 3581 11.28906 0.07274 0.34288 0.91257 15 7 5 13 7
5209 5283 11.48280 0.01318 10.07980 0.75381 31 0 0 21 13
784 6987 11.25326 3.11819 0.34185 3.11998 10 0 0 3 3
4125 6520 10.30305 3.13556 0.84099 2.60699 28 2 0 18 14
2358 5475 10.45907 3.13408 5.70450 179.56524 37 4 0 14 16
2960 5476 11.20570 3.13283 7.46027 179.50822 19 4 1 6 3
3744 6935 11.81514 3.09863 10.73132 177.53947 7 0 0 7 3
874 3798 11.74607 0.00900 9.28085 0.44937 13 0 0 9 9
1940 5712 11.26322 2.93346 9.55291 168.07509 26 0 0 13 16
2203 2398 11.05882 0.02282 0.45860 0.38052 31 19 5 29 20
3911 6769 10.46197 3.00565 15.10739 172.21081 6 0 0 1 0
4038 6590 10.08498 3.08922 1.40487 2.34318 29 0 0 23 10
276 7299 11.83290 3.02287 0.62948 1.40472 15 5 2 11 6
1815 5772 10.03213 2.50966 0.69664 1.19157 52 2 5 41 14
4270 4413 11.99992 0.00666 0.56814 0.61294 34 18 5 32 18
1862 5730 10.24143 3.10016 0.34547 0.54393 30 17 2 20 19
4867 5014 10.97741 0.01408 0.36185 1.38225 31 16 0 29 21
2296 5477 11.93388 3.13196 7.21778 179.44751 30 2 1 12 5
906 3806 10.50705 0.01391 8.83088 1.03439 24 0 0 17 16
1948 5705 10.09054 2.99415 0.30955 0.49811 51 30 15 51 25
4460 5013 10.22837 0.01310 0.33700 0.82424 26 20 2 22 19
4144 6485 11.09883 3.11521 32.10043 44.58047 6 0 0 1 2
2996 3137 10.28570 0.02001 0.25479 1.20626 79 66 8 79 62
3097 5477 11.92781 3.13194 0.60714 2.53898 26 6 4 19 10
225 7378 11.46465 2.84751 6.13277 177.69454 5 0 0 1 2
203 7373 11.71085 2.95922 0.80461 0.57403 23 8 6 16 7
59 142 11.75631 0.02808 13.34861 0.47642 23 0 0 21 17
2404 3140 11.98752 0.01419 0.28348 1.01182 51 35 3 31 27
731 3650 11.19763 0.10998 0.62899 2.16916 16 6 2 4 4
1525 6197 11.76704 3.04467 11.74928 11.64901 7 0 0 4 2
2897 5476 11.20570 3.13283 9.02039 179.50822 24 3 1 3 7
1255 4142 10.98816 0.03537 4.36986 20.10146 7 0 0 4 3
880 6896 11.54188 3.13452 11.82773 126.14131 11 0 0 11 5
4270 4856 11.99992 0.00666 0.24961 0.20936 29 22 4 27 18
203 7375 11.46351 2.96016 0.78122 1.87513 19 6 6 16 8
3622 7063 10.09100 3.03184 6.87548 2.45192 12 0 0 12 5
2202 2529 11.49669 0.02420 0.53239 0.49889 29 10 2 29 16
3128 5468 11.34349 3.13102 0.43307 2.21964 32 18 3 28 19
4893 5016 11.97652 0.01461 0.35777 0.95532 16 9 2 16 10
4271 4720 11.27196 0.01407 0.41701 0.82851 34 12 9 26 17
863 3787 10.49507 0.01264 9.55525 0.74808 18 0 0 9 4
2888 3137 10.28570 0.02001 0.27145 1.20008 80 60 11 75 56
