578 5020 11.43621 3.12303 20.49829 0.89438 19 0 0 19 12
136 5376 11.92129 3.12279 0.84211 0.89307 13 1 1 11 6
92 159 10.90026 0.22630 5.64032 6.71002 27 0 0 27 16
788 3842 10.74027 3.10179 1.42470 2.66521 90 0 0 77 50
3639 4606 10.30963 0.03521 0.22603 1.08065 99 74 12 89 72
644 4962 10.71149 3.05329 1.44058 1.75323 18 0 0 12 5
243 1953 11.63800 0.24712 0.48584 0.63735 45 18 11 38 33
3712 4655 11.93130 0.31879 0.39038 1.24364 21 7 5 16 9
2004 5259 11.67707 2.98746 1.82567 1.53289 41 0 0 35 30
2145 5124 10.08740 2.92687 1.20266 1.25086 52 0 0 45 23
1550 3198 11.41989 0.02848 0.70963 0.63858 55 12 17 53 40
2533 4712 11.80353 3.12994 1.31405 2.16284 125 0 0 123 84
833 2494 10.30965 0.05381 0.39811 0.47064 55 35 6 45 38
1007 2700 10.46347 0.00817 11.27432 3.48987 58 0 0 49 33
615 4004 10.56244 3.14075 1.31400 1.72828 38 1 0 25 12
1661 3312 11.31256 0.10250 0.26720 0.93377 49 30 9 45 27
403 2100 11.47804 0.09983 7.99071 3.73497 38 0 0 34 22
1534 3208 11.67620 0.03358 0.12115 0.95818 38 12 14 36 16
589 2288 10.95919 0.02587 0.19830 0.77733 91 57 19 87 65
550 5029 10.41016 3.09732 1.56394 2.17511 72 0 0 67 34
842 3783 11.93545 3.09398 1.42374 1.21402 37 0 0 35 17
2390 4890 11.60265 3.13811 0.68790 2.48270 20 8 5 16 11
743 4861 10.88555 3.13681 1.14406 2.01013 58 14 6 47 25
2261 4049 11.76058 3.13964 1.73535 0.61102 49 0 0 44 19
3813 4777 10.23002 0.03804 0.47942 0.23407 40 21 5 31 29
654 4922 10.28362 2.40536 0.96386 2.28893 114 1 0 111 54
582 2262 11.35520 0.02476 0.54713 0.76105 63 32 8 61 46
446 5121 10.31008 2.89163 1.63668 1.52624 21 0 0 13 9
2044 5244 10.66355 3.06308 0.76935 1.49515 45 2 2 36 12
1946 5329 11.74434 2.73203 1.20663 1.14739 14 0 1 10 6
976 2666 10.07307 0.03653 0.25899 0.26541 29 20 3 29 16
2489 4763 11.74640 3.07237 1.60372 1.81056 78 0 0 71 46
2104 5181 10.10429 3.05098 18.04436 21.02351 20 0 0 14 15
895 3724 11.70746 3.12927 1.34224 2.72132 62 0 0 54 29
438 2153 11.04805 0.07786 0.60509 0.48133 47 20 6 43 34
1000 2693 10.87926 0.02734 10.37795 4.21882 31 0 0 28 27
2282 4025 11.86480 3.13588 2.29600 1.68028 49 0 0 41 19
560 2244 10.34940 0.03513 0.54626 0.89131 52 14 3 42 23
675 3936 10.04436 2.55379 1.20776 1.67608 101 0 0 92 78
709 2368 10.67656 0.21330 0.53761 0.49889 63 43 3 60 44
2515 4752 11.43473 3.11735 10.03085 178.61224 14 0 0 4 2
3708 4652 11.12419 0.34071 0.67807 1.71326 36 23 2 34 22
356 2078 11.90709 0.05991 7.97680 0.66323 36 0 0 26 22
569 5026 10.00868 3.08333 8.83856 165.59562 9 0 0 4 4
674 2373 11.86279 0.45703 0.61077 0.78981 70 30 8 64 53
678 3930 11.71887 2.60869 1.24905 1.38253 92 0 0 85 53
2382 3936 10.91116 3.11171 1.31269 2.24437 16 0 0 16 6
925 2581 11.68842 0.04156 11.95970 1.49724 19 0 0 10 7
2572 4686 10.71264 3.08337 10.17611 176.60108 20 0 0 20 16
97 5378 11.99398 3.12519 6.53409 7.28825 20 0 0 16 7
1947 5320 11.05873 2.74457 1.49513 1.74608 21 0 0 19 8
610 4970 11.35571 3.12428 1.30798 1.97932 64 1 0 53 29
2340 3950 11.63911 2.28591 0.66491 1.38734 100 5 17 94 61
4168 5099 11.64545 0.61028 0.44493 1.22397 65 33 4 60 37
4058 5007 10.84930 0.01445 0.30198 0.30001 60 41 3 54 40
2174 5107 10.02640 3.08997 0.67549 1.52572 21 2 6 17 13
544 4094 10.20710 3.12869 1.28055 3.51769 37 1 0 33 14
437 5144 11.77698 3.00304 0.99365 2.03836 20 6 1 18 11
2493 4778 11.12138 3.11368 1.16995 1.87722 28 0 1 23 8
2427 3891 11.61145 3.12966 0.82407 1.91479 76 11 5 76 36
2355 3931 11.53232 2.54781 1.35991 1.22780 93 0 0 81 61
650 3998 11.78803 2.91330 0.90538 1.53799 10 1 0 8 5
1680 3388 11.48121 0.97328 0.76675 1.77034 114 25 2 112 65
841 3785 11.07551 3.09259 1.60500 1.23035 91 0 0 91 60
2172 5113 11.52031 3.11062 1.23980 1.15352 19 0 1 15 8
2250 4062 11.78848 3.13045 1.89168 1.51129 43 0 0 32 26
2526 3783 10.31615 3.13565 0.75724 2.07377 35 11 0 35 21
778 2458 10.79463 0.02716 10.46055 4.00008 109 0 0 103 81
3596 4535 10.11508 0.09803 0.26738 1.20073 69 49 5 62 49
429 5150 10.65522 3.00195 0.60833 1.30146 33 10 6 33 22
2182 5092 11.76291 3.12019 1.22833 2.19660 30 3 0 19 8
2076 5190 11.97962 3.03250 1.63243 1.11241 69 0 0 67 50
4171 5108 11.75264 0.77976 0.56548 1.70272 45 7 0 43 30
2416 3900 10.24818 3.13990 0.92079 1.87743 41 5 1 37 19
3596 4561 10.82686 0.02832 0.92677 1.84101 54 14 9 44 19
663 4948 11.21786 2.65241 0.10482 3.49020 11 3 2 11 6
196 5351 11.16528 3.07223 0.58485 1.50870 35 9 6 33 11
1638 3280 11.84708 0.02932 0.51659 0.24066 40 12 5 38 21
2234 4100 10.59321 3.11914 1.08711 3.72783 23 0 0 21 7
3714 4658 11.05753 0.25151 0.29889 0.46981 38 31 3 38 30
1453 3101 10.51488 0.01896 10.42237 9.09928 20 0 0 11 8
613 4006 10.80174 3.13620 1.07166 1.46954 38 1 0 38 24
459 2172 10.93767 0.20373 0.59064 0.98913 40 13 3 36 25
674 3972 10.94729 2.84530 0.77024 1.60791 19 1 0 15 11
587 2287 11.72779 0.02617 0.36302 0.88691 40 10 11 36 26
206 1926 11.39087 0.56721 0.63505 0.84395 119 40 9 115 63
3876 4847 11.90419 0.00792 0.71047 0.70221 117 29 17 111 83
940 4629 11.60252 2.19801 0.51782 1.22844 104 45 15 101 54
531 2236 10.44393 0.01136 0.27962 0.42796 40 27 5 36 33
2332 4928 10.44883 2.51728 0.87433 2.01246 126 9 2 122 51
617 2316 10.64289 0.00780 0.80873 0.71982 37 9 9 35 18
4128 5070 11.75155 0.05453 0.25344 1.09539 31 20 2 24 22
4115 5059 11.25828 0.00781 12.35644 18.63726 37 0 0 27 8
2490 3826 10.80704 3.12297 0.63630 1.86844 33 5 2 31 15
687 2341 11.94929 0.71080 0.23710 1.47167 31 6 6 22 16
2070 5218 10.22833 3.08474 1.08461 1.35682 36 2 4 29 11
942 4632 11.85576 2.23617 0.33373 0.89438 66 32 8 62 37
461 4174 11.06802 2.00171 1.16192 2.07547 59 2 14 50 20
4071 5039 11.58759 0.05218 0.74821 0.60845 26 8 3 22 14
697 4909 11.46042 3.11627 1.01372 1.86194 28 3 3 15 14
592 4028 10.66870 3.12096 2.07377 2.25186 107 0 1 96 61
1553 3201 11.06317 0.02811 0.62485 0.46897 36 10 9 30 22
4153 5107 11.61201 0.35407 0.26837 0.74599 39 27 5 37 28
566 5013 10.95632 3.09711 1.64747 1.13090 59 0 0 50 35
677 2374 11.17772 0.39846 0.61367 0.66617 96 36 26 92 73
2430 4847 10.06805 3.12970 0.71948 1.72101 152 24 10 146 83
1021 2697 10.74601 0.00637 0.52785 0.31153 47 16 8 38 31
762 4843 10.68134 3.12868 0.80793 1.90207 119 39 8 114 44
697 3948 11.22365 3.10169 0.76453 1.30326 24 4 0 20 15
347 2069 10.25467 0.05346 0.38020 0.70165 47 24 9 45 27
639 2343 11.23128 0.59822 0.69152 1.38451 91 19 6 83 63
2577 3702 11.56777 2.89834 1.01447 0.97558 56 0 1 46 31
757 2420 10.30308 0.00808 0.35811 0.36262 126 76 29 122 79
761 4824 11.60918 3.12781 1.10680 2.88283 164 5 2 154 68
310 2037 11.00547 0.08125 0.27385 0.27411 44 26 8 36 22
1431 3074 11.13807 0.30732 0.23714 1.06386 21 11 4 21 13
905 4667 10.86729 3.05894 1.19868 2.77403 96 0 0 92 43
137 5378 11.90650 3.09767 0.69867 3.29218 13 1 0 10 6
4047 4996 11.62425 0.02259 0.50736 2.08807 62 33 2 56 45
2135 5132 10.26642 3.00705 1.49465 1.02717 46 0 0 44 24
2277 4031 11.83600 3.13328 1.54531 1.90660 84 0 0 76 45
468 4159 11.03084 2.53441 1.23727 1.06569 70 2 18 58 25
1480 3131 11.43637 0.03320 0.42379 0.29074 86 44 28 86 54
2214 4103 10.80985 3.08739 1.75195 3.41512 94 0 0 87 42
4160 5108 10.66491 0.48043 0.53321 0.91685 37 20 1 34 27
3718 4684 10.02011 0.03842 0.48630 0.60133 42 26 6 39 28
634 4945 11.14350 2.87061 1.20813 2.63596 66 1 1 58 24
788 4816 10.05842 3.11728 8.42350 178.60759 31 0 0 19 17
8 159 10.90026 0.22630 3.83803 3.92007 22 0 0 14 10
486 5098 10.34994 3.03570 0.69125 2.03606 40 17 4 36 14
2177 5097 11.62230 3.06622 1.28948 2.12412 40 4 1 38 19
494 4157 11.60848 2.97025 0.59712 1.56773 18 4 1 15 9
2357 4893 10.46996 2.60736 1.08292 1.06091 105 2 0 101 68
1613 3255 11.98887 0.02737 0.56252 0.67377 45 16 19 45 27
734 3888 11.81277 3.12974 2.12592 2.07471 122 0 0 96 68
257 5284 11.46593 2.95364 1.38545 2.21806 78 2 0 70 39
692 2349 10.51250 0.52118 0.35355 1.27165 46 10 12 37 31
2563 3720 11.41264 3.13139 1.23260 1.95725 58 0 0 51 33
824 3804 11.44454 3.07048 1.34752 2.40518 90 0 0 73 47
2182 4176 10.18623 2.29928 0.84237 2.25568 33 6 1 33 11
3705 4674 11.76040 0.23167 0.54563 1.03173 40 20 6 38 35
2195 4152 11.36919 3.03954 17.46509 174.15373 10 0 0 2 3
940 4638 10.44231 2.35295 0.36342 1.48094 91 47 9 89 48
634 3981 11.78940 2.81591 1.53806 2.58876 71 0 0 67 34
1 161 11.92404 0.22584 12.24410 1.12744 21 0 0 14 12
1457 3136 11.46753 0.06903 0.64391 0.90784 71 41 8 66 42
2541 3748 10.85111 3.07535 1.27696 0.94667 119 0 0 115 77
906 4666 10.64531 3.03913 1.14853 3.12925 102 0 1 100 43
1626 3269 10.47484 0.02782 0.71639 0.59083 81 23 22 78 55
2422 4856 10.96830 3.13239 1.01996 1.84949 72 6 10 70 36
153 5375 11.47355 2.95406 0.39894 0.86411 25 13 4 23 11
670 2369 11.19629 0.49906 0.33473 1.03514 89 30 29 83 69
3733 4679 10.39465 0.03934 0.22828 1.00833 54 32 6 52 39
1396 3081 11.00135 0.55455 0.89027 0.37009 75 10 18 67 38
3958 4939 10.66157 0.69696 0.73548 0.52563 97 30 16 95 55
2529 3762 10.92583 3.09764 1.42520 2.28465 160 0 0 156 87
796 4809 11.59035 3.10642 0.26075 2.04545 28 13 2 26 18
461 4184 11.81846 1.68117 0.74307 2.03721 36 7 11 32 18
541 2226 11.49723 0.02005 0.31778 0.40445 31 23 4 29 19
802 4802 10.86504 3.10626 0.67870 1.27534 40 6 3 36 18
700 3945 11.49248 3.11606 0.34908 2.16211 43 27 4 43 27
3652 4597 10.41791 0.03204 0.41958 1.69397 45 29 6 43 27
1295 2970 11.17072 0.01139 0.52917 0.41117 28 10 9 26 13
179 5351 10.79003 3.06699 0.92199 1.70065 30 1 4 21 10
1054 2731 11.99553 0.00913 0.38064 0.86230 61 33 9 57 40
3658 4603 10.67150 0.02717 0.28087 0.82709 51 34 7 49 36
400 2118 10.44191 0.16050 0.64279 0.27124 43 14 3 41 24
2347 4944 11.84810 2.67898 19.52319 74.60675 9 0 0 3 5
2308 4957 11.53459 3.08270 1.03637 2.11230 94 9 0 88 37
1053 2731 10.83645 0.01043 0.40829 0.65492 82 50 7 80 60
887 3752 10.21932 3.08382 0.54395 1.81941 116 45 6 106 60
1477 3128 11.03882 0.01932 0.59075 0.19979 72 14 13 70 41
313 5258 10.32121 3.10810 19.71240 178.08092 17 0 0 5 5
3677 4623 10.12217 0.15192 0.22415 0.99662 119 76 6 119 88
2572 4687 11.84642 3.08366 9.22870 177.00161 23 0 0 15 16
314 2018 10.77043 0.08374 10.32651 0.94004 59 0 0 53 40
817 4786 11.00763 3.09832 0.64218 1.39942 46 8 2 44 31
1949 5317 10.78087 2.75912 0.82169 2.03278 32 2 0 29 15
1389 3031 11.51288 0.55584 0.39897 0.94998 52 16 11 48 33
5426 5536 10.62562 0.00675 0.56792 0.34264 84 36 7 82 59
723 3920 11.65564 3.13268 0.69292 2.36049 63 17 5 54 24
1285 2934 11.92193 0.01450 0.54724 0.53959 108 43 10 108 77
600 2277 11.91047 0.01061 0.50385 0.59413 60 25 21 57 43
618 2292 11.68035 0.01462 10.99704 2.04296 48 0 0 42 37
224 1937 11.76984 0.37191 0.42136 0.26834 72 41 22 72 46
270 5294 10.66483 3.11474 1.32791 0.64041 19 0 0 12 10
944 3672 11.28042 2.26879 0.36861 1.36200 98 51 18 88 43
656 4955 11.70043 2.78651 1.00090 2.50358 13 2 1 11 6
667 4904 11.18733 2.38016 1.05487 1.31730 43 0 0 30 24
2438 3861 11.49946 3.13012 1.36701 2.78502 129 0 0 121 66
2043 5246 11.85717 3.05463 0.86745 1.28603 39 1 2 30 18
409 2105 11.49739 0.10281 10.37095 2.57222 24 0 0 20 16
684 2338 11.82251 0.76163 0.26107 0.90482 55 27 10 52 42
1993 5270 11.50930 2.92640 1.15316 2.02796 47 0 0 43 31
1439 3119 11.31318 0.05056 24.04795 2.89570 35 0 0 16 13
539 4100 11.09622 3.12502 1.34832 3.83257 19 0 0 17 5
2353 4932 10.61107 2.91770 0.47447 3.12123 16 2 0 14 12
677 3969 11.13485 2.89401 0.27690 2.42995 17 2 1 15 9
3651 4621 11.06482 0.03315 0.60199 1.84695 68 17 3 64 45
590 4992 10.14524 3.12284 1.20513 2.36016 89 5 6 83 46
