234 1662 10.63839 3.07429 0.12333 1.86299 49 46 3 49 22
2483 2533 11.04360 0.82204 0.92310 3.26159 41 37 4 41 16
2545 3865 10.48631 1.54727 0.15201 1.76968 69 63 6 69 40
2470 3874 10.50921 1.74521 0.36189 2.49513 30 27 3 30 14
783 1409 11.60208 3.07069 0.17309 1.13780 26 20 4 20 14
2472 3875 10.41003 1.78004 0.36669 2.54530 38 34 3 33 25
43 1845 10.03140 0.57334 0.34531 2.24001 64 53 9 62 31
159 1743 10.30131 3.12881 0.20223 2.53466 51 39 2 45 18
3988 4053 10.90274 0.97014 0.25918 1.52007 45 37 6 40 15
787 1439 10.61322 2.82809 0.49085 1.56298 44 40 4 38 24
762 1434 11.03832 3.13913 0.22224 1.49750 81 77 4 73 37
261 1606 10.30592 1.99024 0.35885 2.39457 24 10 9 19 7
2491 3860 10.10924 2.34001 0.57515 1.51594 32 26 6 26 13
795 1436 11.66549 2.50151 0.70718 2.83904 14 6 2 7 8
809 1396 10.51438 1.87392 0.19868 1.29604 45 34 7 33 22
25 1832 10.95749 1.13211 0.94933 1.79864 53 43 2 50 21
49 1819 11.81298 1.65135 0.53476 1.67491 73 59 12 67 39
2468 3875 11.52321 1.70104 0.37169 2.91793 31 29 1 29 15
213 1666 10.06260 3.09433 0.66554 2.30749 63 46 17 59 14
59 1818 10.49670 2.05153 0.58421 3.40237 67 36 22 67 32
3978 4036 10.03953 0.56307 0.32432 1.76702 58 55 3 52 21
700 1518 10.39746 1.65303 0.39469 0.82662 36 27 7 27 13
22 73 11.93283 1.29606 0.32308 2.32170 32 21 8 23 14
27 1840 10.78155 0.75794 0.12870 1.86509 46 37 5 44 22
98 1810 11.38976 3.08978 1.62742 4.25754 25 11 3 18 8
240 1615 11.35117 2.29083 0.38037 2.68015 25 16 9 19 10
2503 3856 11.71558 2.09171 0.54865 3.03538 30 27 3 30 15
2472 2522 11.40524 0.57343 0.86239 3.09453 12 9 2 12 7
259 1592 11.35363 1.66595 0.21294 1.63423 41 38 3 39 13
803 1430 10.87332 2.17039 0.14737 1.84440 25 24 1 22 10
27 1825 11.63714 1.38313 1.17879 2.78586 74 41 13 70 28
104 1800 11.12741 3.08154 0.50175 3.02776 35 27 2 33 13
719 1474 10.28870 2.58041 0.37792 1.61058 117 107 5 117 71
219 1656 10.31267 3.11771 0.29999 1.96364 86 74 7 82 43
261 1600 10.87417 1.80871 1.00482 2.02661 13 10 3 9 3
767 1452 10.61291 3.09450 0.09309 2.86362 37 33 2 26 17
76 1803 11.80758 3.01375 0.52257 5.17263 13 5 1 4 1
735 1494 10.23924 3.09042 0.31652 2.34017 27 20 6 22 10
212 1667 10.44215 3.09431 0.33205 2.45607 60 44 15 52 18
64 1815 10.38910 2.33657 1.82304 3.88423 40 22 1 34 8
788 1404 11.21641 2.87568 0.35245 0.43701 26 22 3 24 10
23 1836 11.09805 0.96305 0.37189 1.95885 42 22 13 40 15
29 1829 10.82961 1.23511 0.42471 1.77608 57 34 6 51 27
710 1478 11.26949 2.15776 0.13028 1.67257 74 70 3 72 30
40 1824 11.03683 1.42681 0.37861 1.84356 57 30 24 48 28
63 1815 10.68313 2.28112 0.06284 3.81731 47 41 1 41 16
4003 4059 10.49876 0.82947 0.33503 1.74136 81 76 5 72 44
109 1773 10.55399 3.07129 0.31074 2.00545 73 61 12 65 29
232 1632 10.26103 2.85519 0.09572 2.21576 69 47 2 65 33
207 1674 10.44595 3.06776 0.07765 1.73889 89 79 10 85 39
2475 3877 11.11226 1.83517 0.37649 2.62793 35 28 7 35 19
204 1698 10.55483 3.12124 0.32696 3.11068 62 26 5 62 22
136 1765 10.41799 3.13601 0.12996 1.43940 105 100 5 101 48
2483 3862 10.51057 2.13137 0.17137 0.70443 43 42 0 38 26
237 1623 10.75507 2.59879 0.49340 2.38884 56 45 4 54 28
705 1483 10.48411 1.94231 0.81939 1.43204 80 73 5 69 27
773 1421 11.23730 3.06033 0.32201 2.10784 50 44 3 37 30
785 1409 10.55820 3.01477 0.14372 1.39550 23 18 1 14 11
225 1643 11.05309 3.11120 0.37973 1.99056 76 39 13 74 27
696 1490 11.08932 1.57555 0.20142 1.54990 44 40 3 44 19
237 1659 11.16651 3.09723 0.40274 1.56723 71 64 7 71 35
247 1597 11.00671 1.75262 1.01018 2.77036 10 3 0 5 5
2125 2179 11.99988 1.36474 21.98477 99.61258 4 0 0 4 3
3998 4059 11.15614 0.91149 0.12763 1.56473 67 65 1 67 43
75 1806 10.45452 2.96528 2.48048 5.02508 29 21 8 29 7
775 1419 11.05022 3.06226 0.49043 2.41848 49 46 2 40 26
26 1833 10.74473 1.08793 0.35610 1.71326 67 59 4 65 22
241 1653 10.75470 3.12576 0.25408 1.59299 50 42 8 48 23
777 1418 10.32235 3.07488 0.19548 2.48837 36 29 6 28 13
238 1657 10.65313 3.10845 0.19036 1.56373 82 78 3 82 42
4006 4060 11.14651 0.84740 0.25735 1.52854 72 70 2 66 38
814 1405 11.43635 1.72554 0.24952 1.95164 30 24 3 28 14
2469 3874 10.81255 1.72632 0.34845 2.54806 24 22 1 22 13
28 1824 11.77994 1.41910 0.26166 2.83987 72 48 11 70 22
164 1739 10.95904 3.13862 0.94465 2.03548 45 37 8 43 19
2546 3866 10.75527 1.55958 0.33129 1.96682 31 24 5 24 10
748 1471 10.47793 3.09120 0.19304 3.20748 36 24 5 21 12
798 1397 10.22290 2.42608 0.34175 2.07150 35 31 4 30 14
731 1464 11.20526 3.02467 0.51254 3.01064 75 60 4 63 26
24 74 11.99104 1.35638 0.50441 2.65992 41 29 3 35 19
258 1593 10.72677 1.67473 2.25591 2.11618 19 2 0 13 1
2473 2526 11.84237 0.64603 0.50678 1.52136 21 18 3 17 10
228 1637 11.19047 2.98773 1.36393 2.87331 47 34 2 30 11
1912 1964 11.24225 1.41212 0.30674 2.10729 48 42 6 46 17
790 1401 11.60937 2.78097 0.18843 1.13298 44 41 3 40 25
65 1811 11.99646 2.40815 0.64409 4.12284 52 40 11 50 11
799 1433 11.09755 2.33161 0.38790 2.93518 23 17 5 23 8
2494 3858 11.24619 2.33816 0.69360 3.03370 24 20 2 22 14
36 1829 10.32213 1.22989 0.53518 1.19419 60 37 16 56 26
2509 3856 11.30012 1.80352 0.41839 2.22739 56 51 5 56 25
122 1780 11.88884 3.08297 0.33983 1.99939 48 43 5 48 22
2539 3876 10.60069 1.37735 0.50775 2.36314 42 35 7 36 18
32 1824 11.49686 1.41371 0.36496 2.52181 68 51 17 66 24
773 1422 10.60115 3.06406 0.38900 2.01907 56 51 4 52 29
44 1849 11.44283 0.43344 0.24765 1.69350 85 76 8 80 58
47 1823 10.83041 1.52392 0.91512 1.83803 58 42 6 54 21
795 1396 11.74745 2.56474 0.28897 1.80732 43 41 2 43 22
2546 3874 11.94770 1.50451 0.30544 2.13497 18 17 1 14 9
2467 3873 11.21814 1.70371 0.33948 2.64456 33 28 5 29 17
692 1507 10.50455 1.41881 0.11990 2.19945 65 58 5 62 25
172 1731 10.12747 3.12913 0.55010 1.70157 28 21 3 17 7
714 1477 10.48466 2.33867 0.35373 0.98834 102 90 11 93 50
169 1734 10.44423 3.13289 0.46572 2.15377 41 27 12 31 17
1920 1970 10.25627 1.07698 0.15149 1.48543 42 40 2 40 26
128 1755 10.99779 3.11420 0.16510 2.17403 65 55 10 63 21
769 1425 11.69638 3.06395 0.62518 2.06564 72 68 3 68 45
239 1616 11.84019 2.34024 0.95506 2.91188 26 15 3 17 7
229 1636 10.74775 2.95634 0.24724 2.84496 23 18 4 13 7
766 1454 11.72160 3.10575 0.61216 3.45037 39 32 5 28 14
250 1639 10.59495 3.01054 1.05653 1.91704 32 22 8 30 12
95 1818 11.97948 3.11935 0.91494 2.97388 43 29 10 39 15
689 1504 11.89823 1.41251 0.35999 1.96563 58 53 2 58 29
87 1841 10.81547 2.37148 0.93707 2.31680 27 16 5 21 9
238 1619 11.62750 2.44209 0.34268 2.73595 20 10 6 20 9
719 1517 11.15961 2.51282 0.49252 0.96834 53 48 5 49 21
242 1610 11.17539 2.10787 0.83821 2.91980 16 8 2 16 5
41 1847 10.93038 0.48397 0.27718 2.09462 62 60 1 60 35
183 1703 10.28267 3.12609 0.54346 2.90097 52 19 0 45 17
134 1768 11.65296 3.13946 0.43592 1.52982 66 62 4 55 39
736 1459 11.98873 3.13613 0.25843 3.00856 46 39 5 39 27
742 1483 11.93997 3.14075 0.96122 2.43188 25 14 2 19 14
3985 4049 10.28654 0.86030 0.26547 1.27901 64 61 3 60 34
796 1396 11.38104 2.52014 0.24419 1.89713 33 30 3 29 12
754 1464 10.25263 3.08156 1.21950 2.63463 26 10 0 7 11
30 1846 11.85410 0.50589 0.29807 2.13111 65 52 13 63 32
92 1789 10.95972 3.13920 0.32251 3.03474 35 31 3 33 18
810 1425 11.85194 1.88316 0.44661 1.40611 28 18 5 25 8
235 1625 11.58277 2.67429 0.40613 2.39310 53 32 4 41 20
253 1592 10.31764 1.66572 0.37849 2.13332 42 23 5 33 12
751 1468 11.00600 3.07857 0.62098 3.55347 28 21 2 21 8
809 1395 10.86295 1.87852 0.15010 1.13746 53 50 1 47 37
241 1610 11.95953 2.10807 0.85554 3.19353 16 7 2 13 7
202 1701 11.37262 3.13492 0.41560 3.31103 47 21 2 45 23
693 1508 10.12015 1.43227 0.21829 2.41492 49 43 5 44 17
36 1827 10.65459 1.30314 0.50323 1.57271 68 39 8 66 31
22 1827 11.89350 1.32124 0.22656 2.53265 62 29 9 54 21
157 1745 10.34566 3.13266 0.36132 2.41622 39 32 7 39 20
689 1506 11.91199 1.40185 0.38566 1.92803 60 50 3 53 26
31 1836 10.08956 0.94988 0.11406 1.40165 87 65 19 81 41
1909 1960 11.78008 1.45372 0.32406 1.95685 27 25 2 25 12
45 1821 11.51536 1.54494 0.17801 1.63901 58 51 7 55 15
708 1521 11.38928 2.02187 0.24238 0.92704 43 38 4 38 25
221 1650 11.71287 3.12485 0.05054 2.11618 45 41 4 45 19
702 1484 11.02941 1.81443 0.25015 0.67897 92 81 9 87 54
48 1825 10.23154 1.49288 0.49784 1.40750 72 65 5 72 34
2129 2183 11.53087 1.48958 36.11485 16.13778 3 0 0 3 2
776 1419 10.37950 3.06622 0.48976 2.46910 52 51 1 48 24
261 1622 11.94723 2.54572 0.53483 3.14946 33 9 1 29 11
263 1608 11.90766 2.04267 0.47711 2.53482 29 26 2 23 14
691 1498 11.36102 1.46338 0.24832 1.48543 44 35 7 38 15
2482 3877 10.52515 2.02142 0.08413 2.85252 29 26 2 27 12
83 1851 11.38382 1.98058 0.37351 2.25707 40 32 6 36 19
730 1464 11.94796 2.99989 0.50305 2.72592 59 49 10 53 22
2507 3877 11.68887 1.83394 0.36814 4.08245 34 29 5 34 14
782 1442 10.88623 2.98671 0.33591 2.34184 39 22 1 31 20
2477 3877 10.86826 1.88443 0.43145 2.30495 31 29 2 27 17
746 1450 11.57539 3.10554 0.29392 2.49340 51 44 2 41 19
33 1843 10.58965 0.60252 0.27774 2.06128 60 40 2 58 31
135 1766 10.40348 3.14045 0.33315 1.51103 64 62 2 60 29
770 1425 10.89268 3.06824 0.41818 2.25776 83 80 3 80 41
78 1801 11.91767 3.09133 2.48413 4.75909 14 6 1 7 3
800 1393 11.49277 2.33850 0.20287 2.23616 27 22 4 20 11
23 1835 11.08404 1.00802 0.82937 2.01868 35 18 7 35 7
805 1430 11.90323 2.06224 0.55712 1.75256 18 14 2 15 6
76 1856 10.61164 1.63661 0.67125 3.64798 25 20 5 23 11
26 1842 11.24982 0.66572 0.40487 1.99959 65 54 11 65 23
247 1645 11.33900 3.11734 0.31905 1.91131 51 37 1 51 24
794 1435 10.39528 2.54263 0.44906 2.41135 46 44 2 33 20
724 1512 10.57137 2.70496 0.17237 1.73866 63 53 10 59 32
2475 2527 11.47286 0.69885 0.50294 1.64758 34 23 11 30 15
30 1829 10.74847 1.23410 0.53282 1.76281 65 35 12 51 24
3983 4047 10.39995 0.80786 0.22985 0.82139 65 61 4 60 41
1921 1976 11.93919 1.03813 0.11417 1.01336 46 43 3 46 30
732 1500 10.22154 3.00330 0.40214 3.12186 33 26 5 29 17
1917 1970 11.11806 1.21606 0.41236 1.49881 45 42 2 39 21
253 1635 10.97831 2.89834 0.54808 1.66554 44 38 5 40 28
261 1601 10.74862 1.83826 0.29109 2.02333 24 22 1 22 10
43 1824 10.87030 1.44927 0.05320 1.72488 72 54 18 69 31
3993 4058 11.94038 1.01521 0.13484 0.90266 81 76 5 79 47
693 1496 10.83800 1.49815 0.22115 2.06867 53 44 6 44 26
811 1397 11.06975 1.79320 0.35497 1.01220 43 43 0 41 27
722 1515 11.27853 2.63641 0.20696 0.79130 38 34 3 33 20
238 1621 10.78799 2.52845 0.70569 2.45144 38 35 2 32 20
243 1606 11.45543 1.99002 0.73262 2.48317 14 4 0 8 4
246 1647 11.62065 3.13605 0.26669 2.10710 62 46 5 52 28
246 1598 11.31224 1.76964 0.76628 3.66437 10 1 0 4 3
692 1498 10.93850 1.47240 0.73275 1.63757 66 62 2 53 28
41 1822 11.48337 1.48404 0.55947 1.76059 65 57 7 59 33
35 1829 10.38252 1.22900 0.36116 1.27319 76 60 4 74 42
39 1845 10.48129 0.54484 0.36011 2.14466 41 31 9 36 14
88 1793 10.80026 3.11060 1.02644 4.24649 25 7 1 14 8
39 1821 11.84054 1.49341 0.46266 1.82349 51 36 13 48 22
2475 2525 11.01814 0.68816 0.57321 1.68051 39 29 10 39 19
248 1594 11.23981 1.71233 1.47865 3.34948 9 2 0 5 1
702 1482 11.79513 1.81207 0.05839 0.88647 76 69 7 76 40
114 1768 10.94061 3.06791 0.84778 1.76347 103 99 2 90 39
697 1518 11.21772 1.53984 0.65693 1.35624 61 51 10 53 25
28 1841 10.78248 0.70624 0.36490 1.89672 69 54 6 67 28
2486 3861 10.61364 2.21568 0.08621 0.47147 34 31 3 30 19
1913 1966 11.33390 1.37970 0.28672 1.81768 54 51 3 46 23
