446 3199 11.02616 0.00596 10.78962 1.86152 14 0 0 9 7
970 3710 10.50514 0.01346 0.48728 0.50976 21 5 3 12 13
1932 4317 10.24720 0.01068 0.26570 1.57222 11 3 1 3 3
1942 4324 11.27231 0.12341 1.21536 2.77248 12 1 0 6 4
2096 4487 10.74992 0.00701 2.02397 0.40542 19 0 0 3 4
1454 3957 11.80910 0.01935 0.18393 1.26176 16 8 2 10 8
1694 4117 11.30909 0.00928 11.03718 0.82709 19 0 0 17 15
1051 1145 10.51026 0.00644 11.25247 1.40639 21 0 0 8 8
1107 3775 11.26470 0.00539 3.95340 17.77859 18 0 0 13 4
2035 4446 10.53792 0.01252 9.00791 4.42934 17 0 0 14 7
2704 5091 10.10636 0.09356 0.43564 1.81682 13 5 2 5 2
3070 5383 11.59731 0.26178 0.70347 1.10003 13 2 2 3 5
1056 3769 11.75448 0.00359 10.94585 4.85389 15 0 0 6 1
1418 3923 10.01073 0.00138 10.20578 1.36974 33 0 0 30 26
863 3602 11.00605 0.01536 0.31531 0.88559 75 48 20 72 46
1198 1254 10.99298 0.01512 0.72837 0.56648 20 1 0 18 12
969 3708 11.49496 0.01151 0.13592 0.57743 12 10 0 10 7
1058 3770 11.00069 0.00455 8.72099 0.25793 15 0 1 7 2
1803 4199 10.20604 0.00478 10.04256 1.26393 20 0 0 20 17
3002 5329 11.24773 0.15329 10.88056 6.75314 12 0 0 12 11
989 3744 10.75920 0.00297 0.51210 0.51434 19 5 6 11 7
1120 3775 11.26472 0.00530 8.99927 17.44047 16 0 0 6 4
2558 4949 10.39393 0.00345 5.59561 13.97551 16 0 0 10 7
1067 1246 11.49210 0.01362 0.89676 2.05976 21 2 2 15 6
3056 5372 10.55450 0.38601 9.74542 1.89713 17 0 0 12 7
1052 1161 10.01027 0.00747 0.48492 0.58817 20 9 3 17 12
336 3055 10.74307 0.21789 0.78598 1.24929 16 3 4 5 6
1720 4123 11.29892 0.00635 11.30596 0.36262 38 0 0 38 31
2814 5187 11.02520 0.00400 10.63621 0.35054 21 0 0 21 15
1003 3742 10.76483 0.00843 0.82178 0.60133 17 2 2 5 5
1048 1113 11.51041 0.00244 12.35610 1.32293 16 0 0 14 7
1113 3775 11.26470 0.00539 10.16518 0.32385 15 0 0 9 6
1495 3992 10.85976 0.23470 18.49800 13.44721 9 0 0 2 3
1001 3755 10.25983 0.00183 0.69321 1.51129 21 9 2 13 10
1102 3775 11.26470 0.00539 9.75642 0.93503 16 0 0 11 8
1553 4011 10.80385 0.57161 0.79729 2.75605 19 8 4 9 6
2010 4402 11.86821 0.04910 0.72377 0.45970 21 10 4 18 9
2970 5322 11.53833 0.00662 10.82313 0.84023 12 0 0 8 9
511 3263 11.07284 0.00692 8.54553 0.40056 17 0 0 14 6
47 113 10.99051 0.03942 10.19962 2.09835 16 0 0 9 6
3054 5400 11.55357 0.20042 13.06020 11.48321 12 0 0 4 4
3100 5414 10.79741 0.01700 9.24366 0.96103 11 0 0 4 4
1065 1242 10.48048 0.01185 7.49770 0.68070 20 0 0 13 7
1029 3759 11.25482 0.00535 13.46069 13.72204 14 0 0 14 7
2308 4686 10.49719 0.01559 13.48218 0.89263 16 0 0 14 8
2775 5129 10.23692 0.33622 11.33832 66.57242 8 0 0 1 1
3124 5524 11.50189 0.01605 6.88331 4.63287 21 0 0 4 5
3121 5439 11.56932 0.02335 13.03864 5.75272 13 0 0 4 4
1537 3978 10.38453 0.07665 0.66275 2.05862 14 4 2 7 4
1690 4113 11.30715 0.01186 11.37469 1.28937 23 0 0 21 16
1002 3757 11.75166 0.00129 0.60845 0.32264 20 7 3 16 11
2246 4637 10.01888 0.01909 9.76627 1.09468 17 0 0 15 9
1049 1203 11.26035 0.00239 10.76180 1.96224 16 0 0 12 8
320 5366 10.75665 0.79781 1.27819 0.66969 9 1 4 5 3
329 3042 11.13383 0.48890 0.75580 1.76125 9 3 0 7 4
868 3622 10.74057 0.00640 0.43540 1.43286 35 17 6 29 23
1971 4352 11.57330 0.73683 8.03121 5.84419 7 0 0 4 6
1375 3884 11.01959 0.00937 4.27199 12.53304 21 3 0 10 8
2555 4932 10.74375 0.00857 0.65617 0.59479 17 6 4 13 10
2846 5195 11.52873 0.00229 11.70408 0.28116 14 0 0 14 9
1971 4390 11.22194 0.18731 0.42772 1.54078 23 5 5 13 8
330 3042 11.89167 0.48724 1.16162 1.15995 6 1 4 6 3
906 3645 11.25419 0.01686 11.18423 7.89948 10 0 0 3 6
472 3226 10.54192 0.01195 11.89121 0.33455 12 0 0 3 3
1861 4252 10.12168 0.00840 10.97328 0.43521 20 0 0 12 10
2871 5218 10.03769 0.00338 9.59082 1.19681 20 0 0 20 13
3125 5447 10.41026 0.02566 37.45215 1.46714 12 0 0 5 3
1058 3786 11.25808 0.00569 10.31548 7.78344 19 0 0 12 8
529 3295 11.02476 0.00714 2.06574 4.55535 10 1 2 7 3
423 3190 10.02565 0.01005 0.44822 0.49811 28 12 5 17 11
1960 4340 10.84285 0.70812 0.31229 1.98958 7 3 1 5 4
1356 3852 10.25012 0.00530 6.42005 13.26227 14 0 0 5 4
1328 3842 10.26192 0.00507 0.45988 0.62432 25 13 2 20 16
3105 5447 10.00645 0.00929 9.69814 0.61166 13 0 0 7 3
1975 4357 11.54103 0.60550 0.61309 2.64220 12 4 1 4 5
651 3412 10.50757 0.00586 7.21085 2.26935 15 0 0 4 5
652 3413 10.76508 0.00644 1.14125 0.70554 20 10 5 14 7
3142 5474 11.17581 0.03018 0.82917 1.23353 20 3 1 13 8
1511 4003 10.99090 0.47855 0.41307 1.55318 10 2 5 7 5
1972 4355 10.76133 0.63999 23.36739 36.66858 6 0 0 1 0
2976 5328 11.52206 0.01192 11.97706 4.14680 10 0 0 10 6
351 3106 11.52178 0.00999 0.44012 0.62994 16 10 4 12 10
1225 3776 11.25022 0.00491 10.08305 1.29210 13 0 0 4 5
704 3449 11.29301 0.00249 0.40275 0.34150 42 29 11 42 31
377 5502 10.60948 0.01007 3.39449 24.73489 12 0 0 2 3
2495 4887 10.14791 0.00517 0.91403 0.80064 22 3 6 15 8
2207 4600 11.34770 0.05430 1.64684 0.97879 13 2 8 7 5
2343 4721 10.51235 0.00517 1.74738 4.26131 16 0 0 0 3
888 3642 10.50225 0.01011 12.22157 0.58013 11 0 0 2 1
1568 4018 11.68686 0.66333 0.80932 2.88392 13 3 1 13 6
1896 4285 10.67246 0.00808 10.12097 0.55953 26 0 0 26 16
2824 5195 10.82246 0.00557 9.44621 1.01336 14 0 0 14 10
2949 5301 11.77692 0.00817 11.82711 0.09691 33 0 0 33 25
773 3514 11.32082 0.00129 9.57965 nan 12 0 0 12 3
1127 3775 11.26472 0.00530 2.55528 10.84150 13 0 0 6 4
1577 4024 11.70227 0.76675 1.65190 9.83679 10 0 5 3 4
1319 3821 10.50052 0.00563 10.76019 0.32264 14 2 0 3 1
1096 1252 10.00167 0.01499 8.28763 21.72926 22 2 0 7 6
678 3439 11.99753 0.00837 11.10153 1.46954 14 0 0 10 7
1632 4062 11.73529 0.16274 1.00405 1.87555 19 4 2 19 12
2501 4880 10.48971 0.00420 11.12742 14.36002 15 0 0 2 5
693 3453 11.50229 0.01429 0.71323 0.82234 70 41 24 70 49
3125 5497 10.24809 0.01476 15.05992 14.31087 14 0 0 9 7
839 3578 11.56268 0.02128 5.91643 8.84913 10 0 0 5 5
1511 1578 10.45149 0.46218 1.02708 3.19378 10 1 0 10 5
3147 5499 11.71772 0.03787 10.12899 2.17042 15 0 0 8 9
2123 4512 10.27032 0.01380 0.11175 0.65730 21 8 5 16 7
1930 4350 11.51540 0.39810 1.63070 8.28010 7 1 0 2 3
1093 1252 10.00168 0.01625 10.94084 2.92222 19 0 0 10 11
1595 4035 10.34610 0.78671 0.55843 2.38360 15 3 0 5 6
1065 1243 10.74199 0.01196 0.48671 1.73438 17 10 4 11 11
1678 4101 10.60637 0.00473 10.69189 2.21717 28 0 0 28 21
1731 4150 10.74545 0.01004 10.41497 0.71819 29 0 0 29 23
338 5414 10.27427 0.02548 0.45591 1.15012 13 6 1 11 7
388 3128 11.69964 0.01924 8.82064 0.61992 21 0 0 13 10
316 3029 10.56039 0.84519 0.68680 1.82799 11 2 4 7 5
2703 5092 11.59335 0.11077 1.11817 1.99998 8 2 0 4 3
2673 5044 10.73859 0.00372 57.11998 0.20367 5 0 0 3 3
442 3211 11.05614 0.00653 10.15863 0.38155 23 0 0 16 15
326 5396 10.55699 0.09433 0.91923 1.15148 9 1 2 6 4
2010 4404 10.28962 0.03874 0.40684 0.23739 26 16 0 22 16
386 5465 11.19806 0.01207 0.86101 0.84858 21 1 0 10 9
1048 1195 11.51041 0.00207 10.77403 2.55021 13 0 0 6 4
1704 4108 10.20067 0.00592 10.26839 0.70332 74 0 0 69 67
1051 1160 10.51026 0.00644 11.02628 3.64937 17 0 0 6 4
1754 4170 10.40560 0.00843 10.54175 0.79328 22 0 0 20 13
1471 3972 11.25818 0.00450 0.44115 0.58283 9 5 1 9 5
332 3047 11.16904 0.36433 0.46561 0.96712 17 7 2 11 7
1049 1215 11.50055 0.00285 13.68878 19.99013 17 0 0 10 4
3111 5458 11.50593 0.01367 0.77702 0.25641 15 1 4 7 5
3055 5371 10.67709 0.40379 1.27647 1.85583 12 2 6 9 6
1204 1254 10.99298 0.01512 10.29347 6.44096 25 0 0 6 8
521 3273 10.33115 0.01285 9.74270 5.22772 22 0 0 16 9
1050 1129 10.76029 0.00453 10.37667 6.59451 13 0 0 9 5
3043 5359 11.30984 0.54182 10.39487 20.50259 8 0 0 2 3
1839 4247 11.66186 0.01073 12.14749 0.65432 14 0 0 9 10
1789 4186 10.81665 0.00602 12.26056 0.53668 17 0 0 13 8
1938 4359 10.03699 0.73822 1.75473 4.80652 5 0 1 3 1
1777 4175 11.51850 0.01008 11.62789 1.00132 51 0 0 49 40
3016 5371 10.13344 0.51162 5.80287 6.90325 6 0 0 1 3
1578 4024 11.23628 0.75030 4.42438 16.34344 12 0 0 6 6
2963 5314 10.80238 0.00244 9.60948 0.32865 10 0 0 10 8
2752 5106 11.59131 0.41535 5.53995 23.79783 3 0 1 3 2
422 3172 10.60913 0.05959 0.97558 1.14090 20 4 8 18 11
1055 3785 10.78185 0.00437 0.55218 0.25793 22 7 3 20 13
3050 5366 10.69881 0.47771 0.90222 1.24364 15 8 4 15 7
520 3272 10.27988 0.01279 8.59014 10.79849 26 0 0 6 8
467 3220 11.78841 0.00335 12.04830 0.17914 12 2 0 4 3
2382 4774 10.64422 0.00514 10.51823 2.28602 22 0 0 11 9
1048 1213 11.75047 0.00162 9.76491 7.07834 15 0 0 5 3
1543 4011 11.93215 0.62597 5.12643 10.44419 8 1 1 3 2
1419 3925 11.75246 0.00120 11.21894 1.07920 24 0 0 21 15
2050 4459 10.40223 0.02128 12.90199 1.22269 21 0 0 7 6
394 5511 11.79437 0.00900 0.51978 1.46447 22 6 0 16 11
1167 1254 10.99297 0.01526 10.97576 0.62181 22 0 0 8 9
1086 1254 10.98311 0.01724 9.29377 16.18271 17 0 0 6 4
335 5411 11.55337 0.02904 0.56549 0.96591 9 3 1 7 4
662 3423 11.53666 0.00639 0.68684 0.32143 16 4 2 14 11
1153 1254 10.99297 0.01526 9.84100 14.13059 20 0 0 10 12
1071 1247 10.73242 0.01508 0.43873 0.71491 19 11 2 9 12
496 3263 11.27277 0.00598 9.52425 3.77336 16 0 0 11 6
1059 1234 10.25041 0.00633 12.06679 1.26145 18 0 0 4 6
336 3084 10.31649 0.01402 5.57474 0.79868 9 0 0 3 3
1825 4234 11.44950 0.00745 11.40326 0.80357 34 0 0 29 27
1657 4083 11.65928 0.00783 11.45624 0.08847 23 0 0 23 18
3131 5454 11.60886 0.02456 0.75910 2.12633 20 6 0 7 6
964 3704 10.24505 0.00637 7.51264 0.36477 10 0 0 3 4
1567 3982 10.67882 0.25332 0.56701 1.39465 16 2 4 12 5
1888 4294 10.34762 0.00359 10.10361 1.07702 20 0 0 18 13
696 3455 10.52626 0.01177 1.19871 1.64758 25 5 4 15 16
1430 3934 10.00150 0.00530 10.80964 2.12154 14 0 0 10 8
1530 3977 11.13217 0.07572 2.57871 2.38064 12 1 0 2 4
1345 3841 11.49144 0.00659 8.93393 0.37115 12 0 0 4 3
1052 1122 10.01027 0.00747 0.51185 0.41871 27 11 2 25 20
1812 4222 11.66152 0.00557 10.67537 2.93665 14 0 0 11 7
2188 4582 11.16398 0.03299 0.41684 1.13712 17 9 5 15 11
1666 4063 11.50654 0.00437 11.59026 0.43341 33 0 0 33 25
380 3118 11.94649 0.02089 0.91287 0.77329 24 4 1 10 7
2751 5137 10.97802 0.42162 8.46539 25.84454 5 0 0 2 2
1106 3775 11.26470 0.00539 10.76796 3.95696 13 0 0 11 7
2036 4448 11.95592 0.01199 0.30549 0.94212 21 11 5 18 11
2060 4452 11.96203 0.02507 10.31177 1.43477 19 0 0 17 10
1188 1255 11.49280 0.01448 7.61851 26.19605 22 2 0 12 7
2579 4955 10.98833 0.00378 15.38419 1.26795 17 0 0 11 4
2073 4465 11.23283 0.01626 7.02298 0.97879 19 0 0 12 9
2746 5133 11.03307 0.42693 24.13484 24.46145 3 0 0 3 2
3147 5501 11.71978 0.03761 10.04053 2.17367 17 0 0 10 8
350 5434 11.77858 0.00808 10.99848 26.86208 9 0 0 4 5
1532 1590 11.75203 0.63469 0.67360 1.91397 5 1 1 5 3
454 3208 10.26967 0.00934 0.37199 0.46394 23 9 9 18 14
2099 4503 10.40626 0.00801 24.31959 0.47147 25 0 0 5 7
1610 4048 11.70743 0.80451 5.93204 24.77106 11 1 2 2 5
374 3111 11.47244 0.01277 32.63197 0.73329 14 0 0 2 4
1850 4257 10.75598 0.00921 10.67236 1.13470 18 0 0 7 10
1579 4022 10.25019 0.65877 10.12778 37.74459 8 0 0 4 2
1061 1239 10.74874 0.00923 10.37543 0.52638 15 0 0 7 7
512 3278 10.28714 0.00869 10.91510 0.48939 20 0 0 8 6
1531 3978 10.10436 0.06843 0.30385 1.76081 11 2 1 3 4
1506 4001 11.45928 0.43469 0.70973 2.19606 15 2 1 13 6
3005 5363 11.84593 0.46872 5.52753 7.36783 4 0 0 1 2
