0.01508 0.02300 0.00219
0.01110 0.01513 0.01233
0.00822 0.01251 0.00106
0.00827 0.01317 0.00074
0.01005 0.01503 0.01879
0.00891 0.01318 0.01841
0.01188 0.02983 0.00155
0.01102 0.02374 0.00113
0.00933 0.01700 0.00735
0.00933 0.01170 0.01425
0.00893 0.01062 0.00293
0.01267 0.02427 0.01041
0.00938 0.01271 0.01049
0.00923 0.01528 0.00854
0.00959 0.01118 0.01842
0.01370 0.02884 0.00610
0.01061 0.02133 0.00176
0.01035 0.01879 0.01611
0.01446 0.02802 0.00141
0.01082 0.02083 0.00545
0.01015 0.01596 0.00554
0.00914 0.01329 0.00148
0.01126 0.02142 0.00098
0.01976 0.02202 0.01892
0.01106 0.02098 0.00070
0.01238 0.02236 0.00076
0.00819 0.01191 0.01388
0.01158 0.01393 0.00061
0.01196 0.02204 0.00562
0.00906 0.01208 0.00098
0.01724 0.02359 0.01021
0.01161 0.02375 0.01656
0.00936 0.01283 0.01143
0.01134 0.02481 0.00413
0.01363 0.02379 0.00547
0.00880 0.01134 0.00154
0.01052 0.01938 0.00059
0.01245 0.01550 0.00279
0.01260 0.02829 0.00166
0.01049 0.01894 0.01896
0.00949 0.01315 0.00181
0.01383 0.02109 0.00542
0.01380 0.02781 0.00298
0.00947 0.01618 0.02636
0.01099 0.02084 0.00262
0.01040 0.01912 0.00097
0.00958 0.01637 0.00233
0.01236 0.02416 0.00373
0.01161 0.02128 0.00937
0.01096 0.02461 0.00197
0.00820 0.01342 0.00071
0.01275 0.02081 0.01144
0.01915 0.02347 0.00367
0.00868 0.01317 0.01425
0.01367 0.02326 0.00587
0.00933 0.01313 0.00325
0.00950 0.01196 0.00556
0.00976 0.01333 0.00523
0.01191 0.02453 0.00395
0.00868 0.01236 0.01009
0.01388 0.02377 0.00171
0.01244 0.03108 0.00661
0.00655 0.00816 0.01822
0.00966 0.01698 0.01961
0.01044 0.01989 0.00058
0.01175 0.01211 0.02212
0.01130 0.02744 0.00197
0.01187 0.02521 0.01247
0.00990 0.01210 0.00096
0.01134 0.02108 0.00176
0.00994 0.01785 0.01985
0.00862 0.01332 0.00078
0.00801 0.01466 0.00055
0.01145 0.02074 0.00748
0.01100 0.02600 0.00113
0.00804 0.01306 0.00091
0.01059 0.01210 0.00729
0.00929 0.01198 0.00087
0.00877 0.01089 0.00215
0.01162 0.02195 0.01660
0.01267 0.02246 0.00079
0.01001 0.01776 0.00079
0.01155 0.02382 0.01850
0.00988 0.01606 0.01342
0.00940 0.01253 0.00518
0.01073 0.02004 0.00986
0.00921 0.01238 0.01849
0.00818 0.01251 0.01388
0.01135 0.02669 0.00221
0.01424 0.01410 0.00405
0.01191 0.02856 0.00756
0.01206 0.02018 0.01804
0.01109 0.02167 0.00653
0.00972 0.01160 0.00105
0.01612 0.02133 0.00135
0.01119 0.02166 0.00181
0.00936 0.01231 0.01850
0.00818 0.01212 0.00067
0.00792 0.01261 0.00068
0.00901 0.01595 0.00098
0.01206 0.02288 0.00070
0.00914 0.01301 0.01853
0.01099 0.01754 0.00104
0.01358 0.01607 0.00291
0.01323 0.02192 0.01916
0.01097 0.01660 0.01932
0.01256 0.03009 0.01346
0.01130 0.01961 0.01848
0.01040 0.01217 0.00811
0.01314 0.02928 0.00107
0.01070 0.01993 0.00094
0.00874 0.01318 0.01422
0.01056 0.01949 0.00604
0.01203 0.02302 0.01854
0.01497 0.01501 0.00083
0.01461 0.02334 0.00556
0.01557 0.02278 0.00132
0.01015 0.01634 0.00117
0.01098 0.02225 0.00222
0.00885 0.01142 0.00670
0.01168 0.01227 0.00536
0.00924 0.01691 0.00136
0.00979 0.01200 0.01271
0.00870 0.01093 0.01187
0.01157 0.02228 0.00978
0.01101 0.02162 0.00948
0.00937 0.01276 0.00559
0.01269 0.02252 0.00290
0.01215 0.02229 0.00641
0.00911 0.01113 0.00099
0.00906 0.01144 0.01015
0.01284 0.02348 0.00529
0.01100 0.02474 0.00537
0.00914 0.01352 0.00796
0.01545 0.02250 0.00569
0.01143 0.02196 0.01047
0.01118 0.02109 0.00280
0.00894 0.01303 0.00578
0.01499 0.02194 0.00651
0.00919 0.01410 0.00863
0.01301 0.02158 0.01881
0.00874 0.01250 0.01934
0.01198 0.02096 0.00837
0.00919 0.01233 0.00187
0.01154 0.02185 0.00184
0.00610 0.00778 0.00043
0.01452 0.01245 0.00989
0.01479 0.02466 0.01459
0.01183 0.02219 0.00072
0.00870 0.01460 0.00102
0.00874 0.01403 0.01839
0.01022 0.02145 0.01773
0.00905 0.01063 0.01855
0.00908 0.01415 0.01950
0.00949 0.01110 0.00096
0.00843 0.01332 0.00068
0.01732 0.01628 0.01193
0.01119 0.02112 0.00900
0.01174 0.02211 0.01859
0.00938 0.01192 0.00995
0.01095 0.02047 0.00067
0.00973 0.01127 0.01852
0.01105 0.02062 0.00146
0.01331 0.01228 0.00976
0.00986 0.01816 0.00836
0.01147 0.02208 0.01528
0.01197 0.02253 0.01504
0.00924 0.01183 0.00095
0.00970 0.01440 0.00139
0.00867 0.01387 0.00077
0.01220 0.02183 0.00263
0.00935 0.01691 0.00165
0.00927 0.01543 0.00083
0.00929 0.01672 0.00830
0.01264 0.02106 0.01949
0.01240 0.02147 0.00617
0.01249 0.02285 0.01848
0.01125 0.02913 0.01878
0.00947 0.01717 0.00243
0.00888 0.01512 0.00104
0.00857 0.01147 0.00105
0.01684 0.01670 0.00074
0.01614 0.02337 0.00097
0.01234 0.02325 0.00554
0.01609 0.02310 0.01119
0.01734 0.02965 0.00067
0.00850 0.01343 0.01177
0.01185 0.02169 0.00126
0.01113 0.02086 0.00849
0.01111 0.02292 0.00198
0.01069 0.02161 0.01864
0.01107 0.02718 0.01903
0.01206 0.01495 0.01417
0.01182 0.02319 0.00777
0.00876 0.01267 0.01089
0.01494 0.02305 0.00427
0.02220 0.01818 0.00952
0.01985 0.03088 0.01660
0.00856 0.01274 0.01059
0.00861 0.01420 0.00596
