0.01649 0.02928
0.01640 0.02355
0.00673 0.00905
0.00652 0.00874
0.01407 0.03581
0.00854 0.01113
0.00221 0.00259
0.01701 0.02065
0.01113 0.01899
0.01236 0.02930
0.00511 0.00858
0.01186 0.02324
0.01209 0.01871
0.00743 0.01027
0.00822 0.01369
0.01054 0.02114
0.01416 0.02056
0.01419 0.02217
0.00144 0.00173
0.00692 0.01101
0.01157 0.02112
0.01088 0.01896
0.01424 0.02163
0.01106 0.02100
0.01172 0.02150
0.01193 0.02030
0.01540 0.02266
0.00182 0.00206
0.00161 0.00206
0.01262 0.01867
0.01601 0.02359
0.01182 0.02040
0.00492 0.00569
0.01017 0.01767
0.01145 0.02362
0.00377 0.00435
0.01054 0.02168
0.00305 0.00416
0.01452 0.02122
0.01123 0.02385
0.01107 0.02385
0.01205 0.02507
0.01410 0.02868
0.01258 0.02040
0.01906 0.03272
0.00157 0.00239
0.01221 0.03324
0.01878 0.02715
0.00753 0.00856
0.00209 0.00263
0.01077 0.01732
0.01818 0.03327
0.01685 0.02975
0.01139 0.01903
0.01022 0.02086
0.00806 0.01301
0.00778 0.01148
0.01355 0.02191
0.01399 0.02499
0.00219 0.00248
0.01304 0.02669
0.01284 0.02050
0.01266 0.02120
0.01714 0.02845
0.00137 0.00182
0.00377 0.00521
0.01557 0.02690
0.01094 0.01966
0.01238 0.01666
0.01384 0.02936
0.00680 0.01025
0.01546 0.02400
0.02242 0.02807
0.01228 0.02623
0.00983 0.01889
0.01075 0.01950
0.01189 0.01914
0.01968 0.02859
0.00643 0.00566
0.01070 0.01391
0.00447 0.00604
0.01314 0.02481
0.01976 0.03168
0.01179 0.02174
0.01221 0.02473
0.01314 0.02582
0.02008 0.05097
0.02007 0.03153
0.01376 0.01960
0.00386 0.00396
0.00193 0.00232
0.00137 0.00169
0.00128 0.00155
0.01492 0.02815
0.01859 0.02899
0.00379 0.00343
0.01041 0.01858
0.01331 0.02062
0.01301 0.02553
0.00536 0.00569
0.01212 0.03068
0.01478 0.02509
0.01540 0.02763
0.01768 0.02322
0.00499 0.00501
0.01173 0.02288
0.01554 0.03309
0.00519 0.00747
0.01068 0.01948
0.00498 0.00495
0.01587 0.02097
0.00297 0.00365
0.00170 0.00136
0.01152 0.02346
0.01269 0.02618
0.01567 0.02335
0.00815 0.01165
0.01720 0.02377
0.01463 0.02815
0.01235 0.02081
0.01047 0.02210
0.01565 0.02753
0.01798 0.03072
0.00151 0.00212
0.02249 0.02065
0.00115 0.00126
0.00820 0.01042
0.01079 0.02165
0.01146 0.01984
0.01217 0.02556
0.01057 0.02781
0.01105 0.02017
0.01222 0.02172
0.01184 0.02332
0.00979 0.02067
0.00138 0.00165
0.00114 0.00155
0.00859 0.01347
0.00131 0.00143
0.00962 0.02000
0.00325 0.00329
0.00210 0.00235
0.00249 0.00283
0.01331 0.03573
0.01108 0.01972
0.01040 0.02147
0.01256 0.02165
0.01900 0.02898
0.01315 0.02787
0.01287 0.02966
0.00448 0.00458
0.00621 0.00986
0.01485 0.03304
0.01149 0.02377
0.01196 0.01998
0.01060 0.02044
0.01286 0.02324
0.01635 0.02010
0.01648 0.02298
0.01450 0.02080
0.01212 0.02150
0.01120 0.02057
0.01182 0.02653
0.00146 0.00218
0.00455 0.00487
0.02647 0.03094
0.01080 0.01983
0.00474 0.00516
0.00192 0.00287
0.01104 0.02527
0.00738 0.00946
0.00530 0.00631
0.01233 0.02091
0.01549 0.03106
0.00133 0.00151
0.01672 0.04394
0.00448 0.00525
0.01685 0.02664
0.00255 0.00221
0.01665 0.02014
0.01458 0.03093
0.01395 0.03290
0.01371 0.02792
0.01750 0.02776
0.01397 0.03431
0.00180 0.00269
0.01679 0.02936
0.01917 0.02547
0.00622 0.00532
0.01414 0.02799
0.01830 0.03763
0.00481 0.00553
0.01976 0.02730
0.00139 0.00292
0.00357 0.00352
0.01115 0.02031
0.01286 0.02120
0.00711 0.00706
0.00570 0.00522
0.00836 0.01686
