83 4512 11.02520 0.03714 7.89243 2.12688 64 0 2 62 34 694 100.00000 0
158 1616 11.69931 0.12112 7.03050 6.93935 27 0 0 24 19 471 100.00000 0
666 3624 11.09642 0.00355 11.60480 1.75769 170 0 0 161 137 1096 100.00000 0
678 3616 11.85252 0.00666 11.93943 0.42978 96 0 0 93 75 1041 100.00000 0
667 3607 11.56704 0.01346 11.83886 0.72308 75 0 0 75 59 946 100.00000 0
684 3621 11.86790 0.01961 12.10648 1.44807 74 0 0 70 55 833 100.00000 0
518 3542 10.83686 0.61577 1.06469 35.28085 36 0 0 8 12 460 100.00000 0
439 3459 11.71112 0.04273 5.01983 2.44681 23 1 0 18 13 378 100.00000 0
492 3499 10.18538 0.04577 8.86608 2.62227 26 0 0 12 8 482 100.00000 0
659 3601 10.89804 0.02354 11.63770 1.34494 74 0 0 74 54 826 100.00000 0
2388 3344 11.19975 0.02217 10.88621 1.27103 43 1 0 37 25 697 100.00000 0
509 563 11.52826 0.13012 11.82199 7.45519 37 2 0 30 23 443 100.00000 0
2447 3373 11.76464 1.16633 15.06235 66.82557 24 0 0 22 12 503 100.00000 0
521 586 11.14252 0.89090 1.54526 11.08543 14 0 0 11 9 401 100.00000 0
97 1552 11.90716 2.58595 12.83058 148.16395 66 0 0 62 45 747 100.00000 0
818 3739 11.86804 0.05403 2.29443 13.91807 19 1 2 7 7 547 100.00000 0
495 3480 11.73798 0.02048 9.19243 1.17503 57 0 0 57 42 459 100.00000 0
619 3565 10.61115 0.01832 8.37037 1.02679 76 0 0 76 64 853 100.00000 0
708 3665 10.80542 0.01654 14.06026 0.94128 95 1 2 80 66 711 100.00000 0
1390 3540 10.87568 2.87580 10.46923 179.79252 50 0 0 50 37 735 100.00000 0
546 3502 10.88827 0.11496 9.83609 6.58660 37 0 0 33 24 535 100.00000 0
650 3611 10.98224 0.02716 10.79667 1.41776 83 0 0 83 71 1001 100.00000 0
508 558 11.79446 0.12236 11.23599 7.01118 27 0 0 25 12 400 100.00000 0
513 3531 10.48913 0.23966 9.45736 13.73159 33 4 0 14 24 521 100.00000 0
514 577 11.75332 0.41583 10.73863 23.82529 23 1 0 21 18 456 100.00000 0
558 3501 11.84659 0.11612 14.70150 6.65284 16 0 0 16 10 456 100.00000 0
533 3500 11.83555 0.10438 13.20547 5.97999 35 0 0 33 26 463 100.00000 0
41 4479 10.39581 0.02173 11.78908 1.24553 69 3 0 58 50 783 100.00000 0
