115 1547 10.74453 1.81495 0.24529 4.37471 71 16 23 71 36 632 100.00000 0
2449 3377 11.51103 1.06393 0.14369 2.55006 105 40 23 105 52 747 100.00000 0
371 2423 11.23183 1.47320 0.14005 1.75301 61 20 10 61 40 395 100.00000 0
578 3561 10.68366 1.14106 0.05076 1.47087 164 69 41 160 128 752 100.00000 0
525 3499 10.48394 0.06692 0.13480 0.81036 68 13 16 61 38 503 100.00000 0
2334 3288 10.21449 0.60180 0.11137 1.76081 53 15 9 50 36 582 100.00000 0
391 2423 11.78355 1.43327 0.12367 3.25052 99 20 24 93 34 661 100.00000 0
1403 3556 10.73074 2.22336 0.15686 0.84441 95 28 16 93 70 741 100.00000 0
15 4449 11.54991 0.30032 0.12380 0.92323 108 29 22 108 82 822 100.00000 0
591 1415 10.97019 3.09723 0.07560 0.66793 63 21 8 63 44 727 100.00000 0
595 1404 10.35491 2.30808 0.17588 1.14603 130 27 17 127 106 782 100.00000 0
444 3427 10.04481 0.90278 0.10713 1.32293 114 36 26 114 74 545 100.00000 0
523 3550 11.45851 1.08776 0.11906 2.46212 45 5 6 41 29 476 100.00000 0
595 1405 10.42108 2.35133 0.18690 1.13090 131 35 10 131 103 788 100.00000 0
1386 3550 10.00667 2.22747 0.11172 1.38536 102 38 12 100 78 660 100.00000 0
2335 3263 10.68921 1.68586 0.05443 2.79092 102 29 31 100 59 671 100.00000 0
572 1420 10.90436 1.95009 0.08365 1.56398 63 12 10 54 40 547 100.00000 0
410 3398 10.06667 0.08351 0.18040 2.62749 175 54 40 173 106 1137 100.00000 0
595 1408 10.75489 2.49652 0.15507 0.52563 124 14 15 124 94 812 100.00000 0
858 3768 10.49101 0.04389 0.27287 2.18803 64 16 13 61 28 590 100.00000 0
571 1421 11.45938 1.88885 0.16452 1.45938 67 12 10 67 46 580 100.00000 0
547 3502 10.88783 0.11507 0.18904 1.36171 52 10 4 44 35 465 100.00000 0
413 3441 10.15621 1.24783 0.48145 4.48777 104 21 20 101 35 603 100.00000 0
83 4512 11.02520 0.03714 0.14575 0.96591 55 10 7 50 40 774 100.00000 0
551 3501 11.73357 0.11499 0.15462 1.69581 41 9 4 39 26 481 100.00000 0
158 1616 11.69931 0.12112 0.14020 0.56924 56 12 12 54 33 566 100.00000 0
754 3668 10.93412 1.51079 0.28683 2.03663 119 33 43 119 62 635 100.00000 0
532 3553 10.10113 1.22467 0.04880 2.19980 109 37 26 107 75 684 100.00000 0
556 1407 11.72521 2.51256 0.20032 1.30925 62 18 8 59 51 545 100.00000 0
428 2456 10.19883 1.06349 0.18390 4.82913 104 20 35 102 52 714 100.00000 0
2464 3402 11.17440 0.09188 0.27344 2.39048 117 27 19 115 77 843 100.00000 0
544 3557 11.21174 1.41059 0.13526 1.63087 98 30 30 98 79 662 100.00000 0
2455 3388 11.07632 0.61450 0.19047 2.70023 97 20 16 93 58 714 100.00000 0
5 4431 10.81164 0.89906 0.31516 2.75577 132 37 40 130 79 690 100.00000 0
447 3464 11.48221 0.02016 0.10725 1.12047 101 28 23 97 66 521 100.00000 0
1540 4534 11.82773 3.13185 0.24335 3.91777 42 11 8 40 21 559 100.00000 0
395 3377 11.00395 1.18611 0.17145 2.80100 89 31 13 89 43 672 100.00000 0
717 3679 11.35865 0.62154 0.40930 2.79834 61 16 18 61 35 572 100.00000 0
2328 3273 10.71687 1.61371 0.45129 3.03112 78 20 22 76 41 630 100.00000 0
428 3408 11.76796 1.05132 0.14251 4.25119 33 13 8 33 21 481 100.00000 0
378 3364 11.72483 1.59149 0.08771 1.76014 61 21 18 57 36 391 100.00000 0
786 3713 10.60311 0.03818 0.08320 0.81373 78 19 16 74 47 571 100.00000 0
749 3662 11.42045 1.29293 0.10254 2.57709 93 26 28 88 53 621 100.00000 0
417 3446 11.29783 1.13541 0.15653 2.17277 55 11 12 50 31 418 100.00000 0
2466 3407 10.19850 0.06239 0.13160 3.51034 162 47 33 158 83 833 100.00000 0
92 1565 10.98516 1.94637 0.09410 1.25429 124 52 27 122 97 696 100.00000 0
958 3841 10.50947 1.13182 0.06224 0.37115 67 21 16 67 50 578 100.00000 0
915 3836 10.34230 0.02788 0.09756 0.83509 119 38 23 113 91 560 100.00000 0
1416 3551 11.15230 3.09194 0.10130 0.47478 53 9 9 51 42 661 100.00000 0
562 1406 11.63728 2.56523 0.17286 1.43067 53 13 2 51 31 465 100.00000 0
419 2452 10.01915 0.50459 0.06470 1.48859 137 47 26 137 96 791 100.00000 0
877 3784 11.97781 0.06473 0.18198 0.69154 71 12 21 67 43 628 100.00000 0
751 3666 10.34155 1.39535 0.26012 2.69835 178 49 59 176 109 665 100.00000 0
391 3369 11.88995 1.48783 0.21270 3.15889 66 21 8 66 27 651 100.00000 0
516 580 11.61045 0.55335 0.12900 2.26192 25 5 0 19 18 458 100.00000 0
475 3464 11.97015 0.01877 0.18847 0.46814 55 8 9 53 36 546 100.00000 0
148 1576 11.63775 0.08388 0.05848 1.83526 47 5 3 44 27 522 100.00000 0
1408 3554 10.14746 2.55443 0.11951 0.41778 141 31 21 141 109 836 100.00000 0
131 4532 10.50841 1.54555 0.12626 0.90049 77 13 6 77 58 506 100.00000 0
405 3389 11.91620 0.55190 0.31918 3.44458 73 16 17 71 36 770 100.00000 0
125 4540 10.85627 1.44683 0.25052 1.85456 119 17 11 119 77 595 100.00000 0
102 4520 11.13582 0.32612 0.05950 1.01491 85 14 20 80 62 586 100.00000 0
2432 3403 10.70970 0.94258 0.30623 2.59042 104 33 28 104 60 709 100.00000 0
511 3528 11.00628 0.18681 0.25426 1.61737 59 7 4 54 43 592 100.00000 0
826 3745 11.94841 0.05989 0.23067 0.74441 41 6 7 34 18 538 100.00000 0
471 3461 11.28026 0.02688 0.13461 0.97438 82 15 20 82 57 664 100.00000 0
194 1619 11.49547 0.08180 0.09372 0.06256 74 22 8 69 49 655 100.00000 0
541 3503 10.04788 0.11372 0.15276 1.28115 49 16 5 47 33 495 100.00000 0
18 4453 11.70835 0.16095 0.13216 1.43885 102 18 18 100 62 896 100.00000 0
1399 3532 11.38021 2.97869 0.14570 0.78185 59 20 11 55 38 516 100.00000 0
772 3695 11.96207 0.07969 0.08539 1.95645 78 14 16 78 42 545 100.00000 0
576 1389 11.68375 3.02322 0.08226 0.48698 87 24 12 87 65 741 100.00000 0
518 3542 10.83686 0.61577 0.25373 1.97120 56 11 7 54 42 498 100.00000 0
2439 3364 11.02399 0.96576 0.12492 3.45649 130 35 27 130 65 746 100.00000 0
412 3442 10.95368 1.31661 0.37208 4.79142 98 25 21 96 37 575 100.00000 0
569 1407 10.30924 2.58635 0.11980 1.71052 146 46 20 144 113 729 100.00000 0
439 3459 11.71112 0.04273 0.06756 0.72091 54 21 9 52 44 502 100.00000 0
874 3782 11.16013 0.05782 0.07256 0.39664 167 69 23 159 138 768 100.00000 0
132 4537 11.66718 1.54946 0.13495 2.06734 46 6 2 42 24 403 100.00000 0
597 1402 11.24369 2.15792 0.09921 1.36487 99 25 18 95 72 724 100.00000 0
2452 3428 11.20538 0.70663 0.39983 3.08743 84 23 20 82 35 638 100.00000 0
425 2479 11.64363 0.88348 0.60285 5.87823 53 18 11 53 27 494 100.00000 0
1388 3542 10.64649 2.75023 0.21136 1.56248 72 27 14 68 53 656 100.00000 0
492 3499 10.18538 0.04577 0.15808 2.46132 53 11 14 51 35 569 100.00000 0
2379 3312 11.17297 0.02863 0.12482 0.49496 107 20 26 99 69 827 100.00000 0
219 1633 10.33262 1.44979 0.09024 0.57878 123 48 18 123 93 547 100.00000 0
582 1383 11.27619 2.64342 0.10777 2.01052 46 18 4 46 34 618 100.00000 0
2388 3344 11.19975 0.02217 0.17249 1.38225 67 11 8 62 38 966 100.00000 0
1410 3527 10.31118 2.41201 0.13529 1.85118 52 19 9 46 34 518 100.00000 0
737 3657 10.15225 0.52011 0.10804 2.07811 126 36 18 126 76 723 100.00000 0
2469 3445 11.11509 1.54966 0.89516 6.13092 64 9 10 62 17 510 100.00000 0
429 2479 11.43009 1.10903 1.11663 4.96854 61 20 14 61 28 532 100.00000 0
7 4432 11.96482 0.87808 0.22194 2.36099 132 26 39 127 86 691 100.00000 0
381 3364 11.64073 1.58401 0.16406 1.68516 98 22 27 92 54 477 100.00000 0
149 1578 11.24811 0.07916 0.08341 1.71919 45 5 9 43 19 556 100.00000 0
213 1630 10.02511 1.19971 0.08397 0.37115 104 37 9 104 89 521 100.00000 0
681 3636 10.07453 0.02479 0.06262 1.36544 91 28 25 78 63 843 100.00000 0
727 3693 11.66185 1.53192 0.46628 2.68044 129 34 34 124 64 615 100.00000 0
564 3557 10.75864 1.39588 0.10623 1.52316 112 42 20 112 86 706 100.00000 0
1398 3535 10.94358 3.08101 0.20080 0.99426 94 26 15 92 63 669 100.00000 0
213 1649 11.10205 1.46747 0.15491 1.32648 91 30 21 91 62 582 100.00000 0
510 565 11.20023 0.14017 0.21002 2.17655 57 18 4 52 39 525 100.00000 0
421 3447 10.49148 0.91149 0.06695 0.77733 81 12 15 81 34 501 100.00000 0
542 595 10.21960 1.32607 0.07757 1.81553 133 33 35 129 99 684 100.00000 0
509 563 11.52826 0.13012 0.33321 2.20655 42 7 2 40 27 525 100.00000 0
598 3532 10.25474 1.26658 0.14996 1.89383 138 45 34 138 100 691 100.00000 0
740 3700 10.65723 1.01638 0.11345 1.03022 115 34 40 115 85 599 100.00000 0
2449 3380 10.40104 0.92095 0.15949 2.10338 83 27 17 79 40 721 100.00000 0
736 3656 10.57821 0.46328 0.07706 1.66836 61 16 20 59 39 661 100.00000 0
702 3658 11.19489 0.03453 0.01989 0.39958 140 37 32 137 91 705 100.00000 0
405 2442 10.16858 0.40647 0.17089 2.97690 137 29 38 131 72 908 100.00000 0
2436 3360 11.51892 0.82616 0.16550 1.66248 108 26 20 89 67 591 100.00000 0
2447 3373 11.76464 1.16633 0.11283 2.33682 54 16 6 52 25 634 100.00000 0
515 576 10.93095 0.36941 0.14087 2.32035 34 4 2 29 23 449 100.00000 0
521 586 11.14252 0.89090 0.18217 2.31088 43 13 6 39 28 423 100.00000 0
714 3644 11.58707 0.01470 0.11024 0.52039 102 17 32 102 57 691 100.00000 0
125 1551 10.88796 1.29487 0.24789 1.91520 50 4 3 47 27 498 100.00000 0
2359 3280 11.60974 0.91132 0.25423 1.87701 32 5 4 30 22 624 100.00000 0
593 3518 10.65518 1.28173 0.03380 2.86922 83 25 19 83 53 581 100.00000 0
546 3557 11.21914 1.41025 0.07435 1.61568 81 28 17 78 59 542 100.00000 0
97 1552 11.90716 2.58595 0.04467 2.45830 69 20 12 64 38 729 100.00000 0
90 1564 11.94260 2.02168 0.04758 1.12396 97 36 30 91 73 554 100.00000 0
392 2424 11.74396 1.40119 0.19691 3.20528 78 17 13 76 30 706 100.00000 0
601 3538 10.76442 1.13034 0.17211 1.21627 154 51 32 154 112 781 100.00000 0
945 3855 10.68365 0.34359 0.14072 0.54104 59 21 11 54 40 524 100.00000 0
503 3487 10.36291 0.04223 0.22196 2.13680 51 11 14 48 34 614 100.00000 0
405 3433 10.01999 1.05772 0.23879 5.02016 124 26 40 118 43 576 100.00000 0
2342 3260 11.49206 1.57446 0.04788 3.02310 75 15 27 75 37 589 100.00000 0
2473 3443 10.71559 1.51622 1.22198 5.10799 95 22 27 95 37 633 100.00000 0
396 2431 10.60505 1.07662 0.21622 2.89935 108 25 19 104 53 743 100.00000 0
800 3726 10.08626 0.02419 0.07110 0.33102 105 31 24 101 79 662 100.00000 0
741 3657 11.69153 0.75466 0.14143 2.83407 48 16 9 48 31 561 100.00000 0
603 3541 11.22881 1.01205 0.15204 1.81812 57 14 17 57 41 548 100.00000 0
564 1409 10.85084 2.42396 0.19044 1.65753 59 17 5 53 41 548 100.00000 0
106 4540 10.55858 0.55062 0.22203 1.52213 97 28 12 97 61 619 100.00000 0
551 1411 11.18623 2.29926 0.19862 1.60985 55 11 7 50 35 570 100.00000 0
91 1562 11.53892 2.13203 0.15112 1.43913 91 32 23 91 65 586 100.00000 0
400 3383 11.69340 0.89346 0.13319 2.96200 99 29 10 95 52 667 100.00000 0
539 1417 11.51541 1.94865 0.13008 1.71646 77 21 16 66 49 561 100.00000 0
818 3739 11.86804 0.05403 0.03670 0.80259 41 12 3 35 25 557 100.00000 0
1578 4537 11.65490 1.63819 0.45833 1.61180 39 11 1 37 23 446 100.00000 0
741 3702 11.61325 0.95157 0.03578 1.05943 70 15 17 66 35 480 100.00000 0
743 3701 10.10380 0.82626 0.13223 1.67748 107 32 22 104 71 592 100.00000 0
26 4463 11.34854 0.02353 0.06783 0.82662 96 23 32 96 75 764 100.00000 0
588 1378 11.81548 2.20251 0.13544 1.06054 83 21 12 81 55 584 100.00000 0
566 1403 11.69155 2.72289 0.16923 1.38734 49 8 4 49 34 535 100.00000 0
698 3653 10.73586 0.02149 0.10454 0.27695 61 12 15 59 32 707 100.00000 0
2432 3404 11.20678 0.95801 0.16931 2.67547 105 31 25 105 57 677 100.00000 0
590 1382 10.80670 2.13124 0.06515 1.51207 136 56 18 134 105 718 100.00000 0
595 3519 11.19941 1.36407 0.10735 2.78333 118 33 36 118 89 704 100.00000 0
12 4445 11.12199 0.44621 0.21364 0.78034 134 29 8 128 97 867 100.00000 0
619 3565 10.61115 0.01832 0.09921 1.00717 91 31 18 91 65 934 100.00000 0
1385 3554 10.85013 1.97478 0.10562 1.09967 74 23 10 71 49 657 100.00000 0
621 3587 10.80721 0.01343 0.11349 0.13122 61 8 13 58 46 810 100.00000 0
1575 4529 10.71214 1.66072 0.12530 1.39437 79 19 16 79 52 566 100.00000 0
719 3681 10.97407 0.77446 0.50793 2.91954 151 48 41 151 75 711 100.00000 0
1418 3522 11.60818 1.88990 0.29691 1.98859 58 8 7 53 32 501 100.00000 0
919 3839 10.00787 0.03057 0.10853 1.10712 50 15 5 45 34 440 100.00000 0
708 3665 10.80542 0.01654 0.12171 0.66441 140 31 36 138 100 794 100.00000 0
600 3536 10.63680 1.19250 0.26062 1.70571 141 50 31 139 93 726 100.00000 0
552 1416 11.26247 2.00088 0.12424 1.86425 80 19 7 80 52 596 100.00000 0
1390 3540 10.87568 2.87580 0.20117 1.14637 89 22 15 80 68 720 100.00000 0
221 1636 10.07077 1.52997 0.11152 0.84116 96 31 19 96 74 485 100.00000 0
546 3502 10.88827 0.11496 0.12957 1.46179 39 9 6 32 27 453 100.00000 0
523 588 10.95953 1.01092 0.08377 2.38031 55 8 11 53 32 451 100.00000 0
565 1420 11.70149 1.83120 0.21181 1.90372 55 21 6 49 38 544 100.00000 0
582 3562 10.30517 0.93559 0.01777 2.10933 105 38 17 101 72 621 100.00000 0
792 3718 11.26078 0.01629 0.03024 0.71928 110 43 19 110 81 513 100.00000 0
567 1414 10.14103 2.16253 0.12349 2.23160 94 32 16 92 64 595 100.00000 0
370 2439 11.62313 0.64640 0.19470 1.24929 62 14 5 62 51 498 100.00000 0
1558 4527 10.29856 2.35834 0.08226 1.76547 120 45 25 120 67 754 100.00000 0
478 3488 10.80364 0.01575 0.13506 0.89307 71 14 15 66 49 639 100.00000 0
835 3775 10.17397 0.07998 0.10976 1.58807 64 24 10 64 45 532 100.00000 0
535 3556 11.07096 1.37410 0.10667 1.63949 98 22 26 98 65 630 100.00000 0
1402 3527 11.84386 2.78534 0.23600 1.21660 38 9 5 33 20 552 100.00000 0
1420 3539 10.52194 2.19549 0.13522 0.80697 103 35 13 101 87 602 100.00000 0
508 558 11.79446 0.12236 0.07451 1.56122 35 6 4 32 21 422 100.00000 0
513 3531 10.48913 0.23966 0.19048 1.46260 41 7 2 37 28 495 100.00000 0
539 3502 10.76934 0.11422 0.14131 1.27411 47 11 3 39 34 477 100.00000 0
558 3501 11.84659 0.11612 0.17098 1.53238 42 5 4 42 23 491 100.00000 0
377 3366 10.89388 1.57292 0.10232 2.40697 102 31 29 98 59 561 100.00000 0
560 1417 11.27358 1.95091 0.13598 1.97080 39 10 2 36 24 508 100.00000 0
464 3455 10.16057 0.01633 0.05040 0.93628 112 29 26 105 84 668 100.00000 0
501 3509 10.82882 0.02260 0.16487 0.84070 91 20 20 80 59 679 100.00000 0
1403 3534 10.20601 2.89883 0.16085 1.05425 135 46 22 133 104 703 100.00000 0
106 1579 10.98190 1.08515 0.05772 1.17969 62 10 7 60 36 523 100.00000 0
2455 3432 10.65047 1.00399 0.39669 4.50459 102 21 28 98 42 610 100.00000 0
533 3500 11.83555 0.10438 0.08209 0.94502 42 9 4 42 31 564 100.00000 0
41 4479 10.39581 0.02173 0.07991 0.46646 107 41 19 107 83 743 100.00000 0
964 3856 10.91288 1.47447 0.06336 1.22205 65 9 9 59 45 615 100.00000 0
100 4538 10.44230 0.21965 0.15594 1.09074 90 28 13 88 65 820 100.00000 0
557 3557 11.15820 1.40951 0.06966 1.52367 96 36 19 94 71 599 100.00000 0
