115 1547 10.74453 1.81495 0.15679 4.34992 79 52 19 75 33
2449 3377 11.51103 1.06393 0.39001 2.54899 68 42 21 66 35
371 2423 11.23183 1.47320 0.16047 1.74944 73 48 20 67 38
578 3561 10.68366 1.14106 0.13571 1.47140 155 130 23 155 108
525 3499 10.48394 0.06692 0.05184 0.65730 59 39 15 49 29
2334 3288 10.21449 0.60180 0.13874 1.73235 102 74 12 95 57
391 2423 11.78355 1.43327 0.40461 3.25486 86 60 20 83 22
1403 3556 10.73074 2.22336 0.12652 0.81661 116 104 12 116 94
15 4449 11.54991 0.30032 0.21235 0.94087 54 33 9 45 31
591 1415 10.97019 3.09723 0.15231 0.68643 42 27 9 40 24
595 1404 10.35491 2.30808 0.13120 1.14671 126 103 17 120 86
444 3427 10.04481 0.90278 0.26844 1.11206 72 49 15 70 32
523 3550 11.45851 1.08776 0.22069 2.46021 57 37 17 57 32
595 1405 10.42108 2.35133 0.10433 1.15623 124 102 17 122 87
1386 3550 10.00667 2.22747 0.05839 1.42106 125 99 19 118 71
2335 3263 10.68921 1.68586 0.73044 2.77953 97 76 16 93 52
572 1420 10.90436 1.95009 0.13323 1.57470 58 48 6 54 33
410 3398 10.06667 0.08351 0.14584 2.62734 79 54 16 70 36
595 1408 10.75489 2.49652 0.20468 0.55178 62 48 9 59 45
858 3768 10.49101 0.04389 0.21880 2.18301 90 60 21 88 34
571 1421 11.45938 1.88885 0.23815 1.45965 50 35 9 50 29
547 3502 10.88783 0.11507 0.37727 1.36916 59 44 10 53 36
413 3441 10.15621 1.24783 2.60159 4.48768 50 30 13 48 10
83 4512 11.02520 0.03714 0.33225 0.90179 56 41 11 52 30
551 3501 11.73357 0.11499 0.46143 1.38818 28 16 4 23 10
158 1616 11.69931 0.12112 0.09407 0.62370 47 34 10 45 32
754 3668 10.93412 1.51079 0.09838 2.03663 58 35 16 56 25
532 3553 10.10113 1.22467 0.08687 2.20425 90 77 10 88 57
556 1407 11.72521 2.51256 0.11248 1.32353 102 89 8 98 69
428 2456 10.19883 1.06349 0.20317 4.82678 69 52 14 69 36
2464 3402 11.17440 0.09188 0.19801 2.38753 95 88 5 95 59
544 3557 11.21174 1.41059 0.12191 1.64473 59 48 6 57 44
2455 3388 11.07632 0.61450 0.12501 2.70646 75 56 13 69 44
5 4431 10.81164 0.89906 0.21387 2.76527 66 47 10 63 30
447 3464 11.48221 0.02016 0.04523 1.12222 68 51 15 66 36
1540 4534 11.82773 3.13185 0.07250 3.92735 94 80 9 86 54
395 3377 11.00395 1.18611 0.69668 2.80407 81 58 12 78 37
717 3679 11.35865 0.62154 0.87187 2.79330 71 42 21 69 27
2328 3273 10.71687 1.61371 0.64725 3.01506 73 47 18 64 29
428 3408 11.76796 1.05132 0.16404 4.25653 77 57 11 75 47
378 3364 11.72483 1.59149 0.32709 1.88699 31 14 9 27 13
786 3713 10.60311 0.03818 0.08686 0.82851 56 38 12 49 37
749 3662 11.42045 1.29293 0.52058 2.57709 74 48 15 70 35
417 3446 11.29783 1.13541 0.67130 2.28413 37 21 7 26 9
2466 3407 10.19850 0.06239 0.42576 3.50465 15 9 3 15 7
92 1565 10.98516 1.94637 0.27827 1.23796 114 84 19 114 64
958 3841 10.50947 1.13182 0.17372 0.37949 90 72 14 88 64
915 3836 10.34230 0.02788 0.12211 1.26114 51 36 2 36 34
666 3624 11.09642 0.00355 0.17206 0.20748 59 48 10 57 45
1416 3551 11.15230 3.09194 0.18268 0.49019 54 41 6 50 37
562 1406 11.63728 2.56523 0.21129 1.35855 85 77 6 85 63
678 3616 11.85252 0.00666 12.79457 0.62932 31 0 0 29 15
419 2452 10.01915 0.50459 0.05331 1.47512 49 42 4 43 37
877 3784 11.97781 0.06473 0.21980 0.67377 94 82 12 92 66
751 3666 10.34155 1.39535 0.26672 2.69835 72 36 21 66 36
391 3369 11.88995 1.48783 0.14591 3.13425 61 38 18 59 22
516 580 11.61045 0.55335 0.50575 2.11674 55 38 13 55 25
475 3464 11.97015 0.01877 0.12658 0.47642 71 53 13 71 47
148 1576 11.63775 0.08388 0.23447 1.85709 28 15 0 21 15
1408 3554 10.14746 2.55443 0.13356 0.28667 159 132 23 157 110
667 3607 11.56704 0.01346 0.11999 0.80308 29 20 5 23 18
131 4532 10.50841 1.54555 0.08165 0.84765 146 107 17 142 101
405 3389 11.91620 0.55190 0.24511 3.43764 75 57 11 71 42
125 4540 10.85627 1.44683 0.18809 1.86383 82 50 16 82 44
684 3621 11.86790 0.01961 0.28007 1.12187 19 10 5 17 11
102 4520 11.13582 0.32612 0.15326 1.04755 57 42 12 55 31
2432 3403 10.70970 0.94258 0.50272 2.58589 83 68 13 83 44
511 3528 11.00628 0.18681 0.38234 1.59004 96 78 14 91 70
826 3745 11.94841 0.05989 0.13981 0.79179 27 22 1 25 21
471 3461 11.28026 0.02688 0.29196 1.06899 55 40 8 55 33
194 1619 11.49547 0.08180 0.26667 0.39267 52 33 9 42 29
541 3503 10.04788 0.11372 0.12108 1.21692 62 47 8 54 41
18 4453 11.70835 0.16095 0.15538 1.34377 52 31 12 48 26
1399 3532 11.38021 2.97869 0.11130 0.72145 88 76 8 84 68
772 3695 11.96207 0.07969 0.07930 1.96244 105 88 12 99 67
576 1389 11.68375 3.02322 0.12482 0.59347 94 79 9 94 71
518 3542 10.83686 0.61577 0.15575 1.97140 76 55 16 74 50
2439 3364 11.02399 0.96576 0.38301 3.43843 68 45 15 60 23
412 3442 10.95368 1.31661 0.31629 4.75555 46 32 8 44 13
569 1407 10.30924 2.58635 0.21309 1.71144 126 110 12 122 90
439 3459 11.71112 0.04273 0.21879 0.77228 57 34 10 52 30
874 3782 11.16013 0.05782 0.17925 0.46981 90 71 11 88 54
132 4537 11.66718 1.54946 0.43319 2.02139 88 65 12 86 47
597 1402 11.24369 2.15792 0.34105 1.36487 112 84 20 112 71
2452 3428 11.20538 0.70663 0.21463 3.10778 67 40 15 63 29
425 2479 11.64363 0.88348 0.72030 5.87670 31 16 9 31 9
1388 3542 10.64649 2.75023 0.15616 1.49881 103 92 10 103 70
492 3499 10.18538 0.04577 0.38953 2.44120 55 36 7 55 34
659 3601 10.89804 0.02354 0.19957 1.33237 37 26 8 37 21
2379 3312 11.17297 0.02863 0.19699 0.48939 61 39 13 58 35
219 1633 10.33262 1.44979 0.11191 0.57675 62 53 4 60 49
582 1383 11.27619 2.64342 0.19898 2.02217 114 97 14 111 69
2388 3344 11.19975 0.02217 0.16762 1.28237 55 32 11 52 30
1410 3527 10.31118 2.41201 0.08347 1.85414 105 96 4 105 80
737 3657 10.15225 0.52011 0.12886 2.04909 115 82 29 113 58
2469 3445 11.11509 1.54966 1.61458 6.12503 24 16 3 21 8
429 2479 11.43009 1.10903 0.57606 4.99716 27 16 6 27 10
7 4432 11.96482 0.87808 0.20731 2.36149 74 52 13 69 28
381 3364 11.64073 1.58401 0.32333 1.64187 50 37 8 50 29
149 1578 11.24811 0.07916 0.52106 1.72079 38 10 6 36 16
213 1630 10.02511 1.19971 0.09606 0.34830 63 51 8 60 45
681 3636 10.07453 0.02479 0.22447 1.38084 65 47 11 63 35
727 3693 11.66185 1.53192 0.88607 2.68044 71 48 10 69 32
564 3557 10.75864 1.39588 0.21267 1.52880 92 83 9 92 53
1398 3535 10.94358 3.08101 0.13489 0.91086 109 98 8 107 75
213 1649 11.10205 1.46747 0.17556 1.37459 88 62 14 79 58
510 565 11.20023 0.14017 0.29549 2.17421 29 15 9 23 16
421 3447 10.49148 0.91149 0.20069 0.77228 29 18 4 24 15
542 595 10.21960 1.32607 0.02367 1.81488 112 85 21 112 60
509 563 11.52826 0.13012 0.79243 2.06602 40 37 3 40 19
598 3532 10.25474 1.26658 0.24126 1.89196 165 145 18 165 105
740 3700 10.65723 1.01638 0.09968 1.03098 146 125 20 146 104
2449 3380 10.40104 0.92095 0.19049 2.10320 95 72 17 93 43
736 3656 10.57821 0.46328 0.12734 1.66883 140 114 26 140 89
702 3658 11.19489 0.03453 0.11203 0.39762 89 59 27 89 45
405 2442 10.16858 0.40647 0.19498 2.97782 68 46 19 64 32
2436 3360 11.51892 0.82616 0.04224 1.68586 71 57 13 71 39
2447 3373 11.76464 1.16633 0.96552 2.33246 73 55 7 70 33
515 576 10.93095 0.36941 0.34095 2.32102 54 42 6 51 30
521 586 11.14252 0.89090 0.16689 2.36082 85 70 8 81 54
714 3644 11.58707 0.01470 0.06156 0.37846 52 45 6 46 37
125 1551 10.88796 1.29487 0.24360 1.81941 56 40 6 48 40
2359 3280 11.60974 0.91132 0.45731 1.87430 76 60 13 71 41
593 3518 10.65518 1.28173 0.05865 2.87412 95 80 11 95 53
546 3557 11.21914 1.41025 0.15623 1.63279 66 52 5 66 44
97 1552 11.90716 2.58595 0.73056 2.45782 54 27 19 52 25
90 1564 11.94260 2.02168 0.13148 1.12047 78 54 17 73 50
392 2424 11.74396 1.40119 0.22421 3.21467 66 48 11 63 24
601 3538 10.76442 1.13034 0.26066 1.21305 140 126 12 138 100
945 3855 10.68365 0.34359 0.20807 0.55813 70 59 4 70 51
503 3487 10.36291 0.04223 0.40065 2.05557 49 32 15 44 26
405 3433 10.01999 1.05772 0.16825 5.00351 70 51 11 60 49
2342 3260 11.49206 1.57446 0.23460 3.02815 57 42 12 55 24
2473 3443 10.71559 1.51622 0.60877 5.11029 32 18 9 30 11
396 2431 10.60505 1.07662 0.25405 2.89218 75 65 7 73 38
800 3726 10.08626 0.02419 0.10199 0.32984 116 95 18 114 85
741 3657 11.69153 0.75466 0.73342 2.83600 67 38 25 67 22
603 3541 11.22881 1.01205 0.39612 1.81121 125 106 15 122 83
564 1409 10.85084 2.42396 0.17706 1.65753 104 92 7 104 78
106 4540 10.55858 0.55062 0.13160 1.52675 125 98 18 125 79
551 1411 11.18623 2.29926 0.12071 1.61641 80 65 10 78 64
91 1562 11.53892 2.13203 0.21298 1.43940 48 32 12 45 24
400 3383 11.69340 0.89346 0.10178 2.96610 85 65 18 85 38
539 1417 11.51541 1.94865 0.20805 1.72488 56 50 3 56 39
818 3739 11.86804 0.05403 0.68665 0.87849 12 1 4 10 4
1578 4537 11.65490 1.63819 0.46803 1.67398 122 87 14 120 68
741 3702 11.61325 0.95157 0.09246 1.06275 134 117 15 132 91
743 3701 10.10380 0.82626 0.35099 1.68144 146 124 20 146 82
495 3480 11.73798 0.02048 0.12047 0.31528 46 32 9 41 24
26 4463 11.34854 0.02353 0.12549 0.85226 65 49 12 60 41
588 1378 11.81548 2.20251 0.09205 1.08390 110 85 16 104 57
566 1403 11.69155 2.72289 0.33350 1.37316 68 59 4 65 41
698 3653 10.73586 0.02149 0.11890 0.27268 43 25 9 37 23
2432 3404 11.20678 0.95801 0.70541 2.68380 47 38 6 39 19
590 1382 10.80670 2.13124 0.03363 1.55821 110 86 16 108 69
595 3519 11.19941 1.36407 0.12083 2.78474 118 92 17 118 52
12 4445 11.12199 0.44621 0.16901 0.81373 67 48 8 67 47
619 3565 10.61115 0.01832 0.29460 0.97719 65 40 20 62 41
1385 3554 10.85013 1.97478 0.05994 1.08894 128 104 16 122 87
621 3587 10.80721 0.01343 0.22934 0.13122 40 24 8 38 22
1575 4529 10.71214 1.66072 0.48390 1.41748 122 96 24 113 70
719 3681 10.97407 0.77446 1.08447 2.92007 93 61 28 87 49
1418 3522 11.60818 1.88990 0.29968 2.01790 33 22 6 31 19
919 3839 10.00787 0.03057 0.33921 1.16365 50 36 6 41 33
708 3665 10.80542 0.01654 0.11727 0.60716 138 115 16 136 94
600 3536 10.63680 1.19250 0.48621 1.71578 137 116 17 137 82
552 1416 11.26247 2.00088 0.10144 1.88055 103 89 10 99 62
1390 3540 10.87568 2.87580 0.13335 1.00988 119 102 13 119 78
221 1636 10.07077 1.52997 0.08979 0.82709 66 50 11 61 42
546 3502 10.88827 0.11496 0.34067 1.30985 49 34 8 45 28
523 588 10.95953 1.01092 0.14277 2.38786 86 67 15 86 62
650 3611 10.98224 0.02716 0.15026 1.43885 26 15 7 24 13
565 1420 11.70149 1.83120 0.17382 1.89507 48 36 10 44 28
582 3562 10.30517 0.93559 0.32855 2.11118 145 125 15 143 92
792 3718 11.26078 0.01629 0.32774 0.69605 44 26 5 44 23
567 1414 10.14103 2.16253 0.08107 2.23195 99 78 14 93 59
370 2439 11.62313 0.64640 0.27533 1.31938 90 70 12 90 66
1558 4527 10.29856 2.35834 0.25469 1.78925 53 46 3 53 30
478 3488 10.80364 0.01575 0.14565 0.63980 70 55 12 68 41
835 3775 10.17397 0.07998 0.09285 1.57520 124 104 17 120 68
535 3556 11.07096 1.37410 0.11028 1.63399 76 60 10 70 49
1402 3527 11.84386 2.78534 0.17044 1.23638 80 63 10 76 58
1420 3539 10.52194 2.19549 0.14774 0.80697 86 67 10 83 61
508 558 11.79446 0.12236 0.13245 1.55419 38 27 6 32 20
513 3531 10.48913 0.23966 0.34618 1.46687 74 48 17 70 50
539 3502 10.76934 0.11422 0.11121 1.25865 68 60 5 66 42
514 577 11.75332 0.41583 0.15772 2.42592 87 64 20 87 47
558 3501 11.84659 0.11612 0.40146 1.48675 41 28 11 41 18
377 3366 10.89388 1.57292 0.05760 2.41168 45 29 11 41 23
560 1417 11.27358 1.95091 0.14087 1.96861 73 66 5 69 48
464 3455 10.16057 0.01633 0.02006 0.93753 98 75 15 90 53
501 3509 10.82882 0.02260 0.12627 0.84580 72 52 14 63 45
1403 3534 10.20601 2.89883 0.13114 1.08498 140 116 16 134 95
106 1579 10.98190 1.08515 0.11694 1.30566 155 119 27 146 109
2455 3432 10.65047 1.00399 0.23593 4.51848 80 58 4 80 51
533 3500 11.83555 0.10438 0.20009 1.05721 35 16 10 27 15
41 4479 10.39581 0.02173 0.25785 0.44587 53 37 11 48 33
964 3856 10.91288 1.47447 0.37089 1.21820 75 47 24 71 37
100 4538 10.44230 0.21965 0.15333 1.09182 64 42 16 58 32
557 3557 11.15820 1.40951 0.17531 1.52264 78 62 14 78 44
