3316 4625 10.05877 1.99911 37.22411 151.54415 3 0 0 0 1 9 100.00000 0
1011 4252 10.43428 0.02551 9.41345 2.51871 28 0 0 24 12 139 100.00000 0
1003 4247 11.85033 0.01925 13.18319 1.12605 15 1 0 12 9 115 100.00000 0
1953 4527 11.82973 0.05470 2.30505 0.41307 31 0 0 31 15 136 100.00000 0
1934 4525 10.74210 0.08102 2.07203 1.29362 37 0 0 35 23 193 100.00000 0
1921 4512 10.95557 0.07440 2.11380 1.24804 18 0 0 16 8 126 100.00000 0
3320 4631 11.24219 2.03471 13.49676 116.57997 2 0 0 2 1 3 100.00000 0
3313 4625 11.22320 1.91811 10.24341 109.89955 3 0 0 1 1 6 100.00000 0
1930 4505 11.57754 0.07154 2.14959 0.59149 14 0 0 12 6 114 100.00000 0
1962 4536 10.60356 0.03098 2.07616 0.95940 34 0 0 30 20 152 100.00000 0
3320 4620 11.54667 2.16904 2.43882 4.88800 6 0 0 6 4 23 100.00000 0
1960 4551 11.58699 0.02696 2.51329 0.95203 30 0 0 19 6 174 100.00000 0
3318 4631 11.65608 1.98073 43.78445 113.48703 4 0 0 4 2 14 100.00000 0
