46 2458 10.93899 0.00085 0.11844 0.05595 326 99 41 322 273 853 100.00000 0
595 1365 11.63918 0.00886 0.18313 0.17246 74 13 9 65 46 487 100.00000 0
2 2410 10.83188 1.08332 0.18394 1.49043 602 182 141 602 443 1466 100.00000 0
4 2341 10.62587 1.34239 0.22950 1.60352 669 253 111 667 542 1435 100.00000 0
2375 2429 11.63953 1.09843 0.36576 1.83248 372 90 70 366 246 949 100.00000 0
2293 2351 11.73693 0.14199 0.38235 1.04680 350 104 96 348 220 978 100.00000 0
583 1353 11.11828 0.00704 0.21714 0.38866 317 60 32 311 255 777 100.00000 0
830 2600 11.72119 0.03361 0.16396 0.60003 421 163 69 421 350 885 100.00000 0
26 2320 11.85411 1.40166 0.05882 2.11970 331 84 62 323 235 945 100.00000 0
740 1474 11.04118 0.01730 0.08151 0.97679 320 116 45 315 247 881 100.00000 0
768 1540 11.46680 0.04711 0.20082 2.43478 172 27 20 168 123 505 100.00000 0
151 2525 10.88839 1.50885 0.19583 0.88559 257 51 23 255 186 734 100.00000 0
567 1306 11.93804 0.21390 0.06300 0.29608 266 105 33 266 220 670 100.00000 0
25 2341 10.58463 1.36991 0.07339 2.24036 351 50 55 345 265 1021 100.00000 0
28 2409 10.76865 1.14760 0.28346 1.62895 301 41 64 297 216 960 100.00000 0
27 2409 10.05551 1.15001 0.10976 1.90207 393 74 67 391 267 1124 100.00000 0
1 2373 11.80218 1.33674 0.31378 1.74540 470 189 93 468 365 1158 100.00000 0
5 2398 10.22260 1.33467 0.17186 1.82048 532 224 118 528 398 1264 100.00000 0
596 1342 10.87567 0.00974 0.11845 0.36262 270 73 38 266 228 651 100.00000 0
797 1571 10.72722 0.45146 0.14513 1.10003 406 67 21 404 372 900 100.00000 0
32 2416 11.69083 0.84080 0.04865 1.02412 370 102 51 365 299 917 100.00000 0
0 2404 11.97429 1.26074 0.38442 2.03298 437 152 91 437 284 1040 100.00000 0
584 1329 11.44588 0.01643 0.20999 0.76566 151 38 10 149 122 459 100.00000 0
740 1496 10.92571 0.01624 0.12516 0.66676 171 32 49 164 104 666 100.00000 0
4 2383 10.65034 1.34265 0.21681 1.59912 513 196 92 513 414 1219 100.00000 0
24 2361 10.04750 1.36643 0.08528 2.48916 366 62 79 362 225 1060 100.00000 0
726 1481 10.03635 0.02048 0.10645 0.70554 346 116 49 331 257 1016 100.00000 0
1564 2566 10.70175 1.50673 0.11065 2.32843 153 27 25 148 82 541 100.00000 0
1 2375 11.79752 1.33567 0.29818 1.74114 493 197 90 493 388 1168 100.00000 0
2360 2428 10.98106 1.06656 0.27710 1.58091 469 104 80 467 364 1215 100.00000 0
712 1470 11.73819 0.02236 0.06889 0.54823 434 145 54 432 350 1078 100.00000 0
681 1423 10.40942 0.01884 0.05782 0.31404 485 186 69 485 401 1234 100.00000 0
583 1329 10.58680 0.01714 0.16209 0.49889 171 42 11 165 136 468 100.00000 0
919 2637 11.19761 1.57544 0.24940 1.17036 176 32 25 172 88 586 100.00000 0
1535 2585 11.70529 1.43565 0.22451 1.92498 306 72 31 304 210 726 100.00000 0
817 1528 10.77377 1.18721 0.36990 1.14090 441 58 21 437 335 899 100.00000 0
825 1568 11.70404 1.50176 0.09082 1.23511 380 78 88 374 291 899 100.00000 0
139 2526 10.04170 0.99317 0.16179 1.14466 173 41 21 171 123 521 100.00000 0
824 1549 11.47331 1.45764 0.11021 0.77076 337 77 26 334 296 791 100.00000 0
2300 2416 11.82551 0.67374 0.03747 2.16284 569 257 99 569 412 1262 100.00000 0
24 2358 10.03758 1.36668 0.07628 2.48033 360 68 79 358 221 1127 100.00000 0
515 1293 11.25712 2.67819 0.10740 2.63046 392 76 78 390 292 967 100.00000 0
708 1466 11.15262 0.02371 0.04149 0.21306 420 122 111 417 319 1026 100.00000 0
745 1503 11.94916 0.06552 0.08684 0.46981 156 42 27 152 115 477 100.00000 0
866 2628 10.76031 0.04720 0.13339 1.44861 231 57 61 229 154 630 100.00000 0
2 2341 11.38150 1.33852 0.24217 1.69466 598 172 129 594 472 1356 100.00000 0
2 2387 11.40851 1.33970 0.23965 1.69165 536 186 142 536 444 1203 100.00000 0
884 2637 10.26543 0.12983 0.52098 1.06202 71 14 12 71 59 351 100.00000 0
543 1280 11.67295 1.66358 0.14252 1.93026 305 134 45 299 207 641 100.00000 0
643 1388 10.37749 0.02097 0.05830 0.36904 496 154 97 496 400 1121 100.00000 0
824 1552 11.17464 1.47307 0.08191 0.61294 283 68 29 278 212 646 100.00000 0
773 1549 10.26261 0.04022 0.13820 2.04870 202 37 23 202 130 542 100.00000 0
841 2587 11.54700 0.01892 0.13816 0.56993 378 68 42 376 304 988 100.00000 0
26 2339 11.16932 1.36647 0.11322 2.03721 292 40 45 290 206 928 100.00000 0
25 2382 10.59903 1.36948 0.07757 2.23546 391 66 54 387 267 1088 100.00000 0
1521 2575 10.17923 1.40703 0.61508 2.38409 153 45 24 148 65 489 100.00000 0
775 1557 11.67465 0.07071 0.37514 2.39833 136 21 13 136 57 410 100.00000 0
0 2406 11.87292 1.21274 0.32275 2.01383 487 142 133 487 362 1131 100.00000 0
822 1540 11.25692 1.38793 0.16704 1.08390 400 77 29 396 310 778 100.00000 0
1576 2577 10.81003 1.51538 0.07434 0.65849 451 102 89 448 350 1018 100.00000 0
2362 2427 10.32198 1.02867 0.16712 1.42079 421 93 87 421 322 1181 100.00000 0
104 2514 10.79346 0.06914 0.41496 1.81251 316 75 48 314 159 803 100.00000 0
565 1303 11.90033 0.35548 0.19737 0.73275 158 29 25 145 121 488 100.00000 0
573 1317 10.50901 0.02034 0.12509 0.67144 297 57 30 290 234 810 100.00000 0
546 1326 11.65109 0.17241 0.10170 1.77343 87 3 7 87 55 430 100.00000 0
737 1493 11.13119 0.02668 0.04319 0.45714 200 39 40 197 135 797 100.00000 0
563 1336 11.37131 0.13468 0.20454 2.19321 82 9 6 78 40 419 100.00000 0
24 2336 10.03906 1.36620 0.08468 2.50671 381 80 69 381 261 1081 100.00000 0
23 2315 11.47313 1.48938 0.14904 3.12687 333 62 58 327 229 954 100.00000 0
25 2365 10.58384 1.36866 0.05639 2.22352 353 63 56 347 260 1083 100.00000 0
529 1282 11.26956 2.44269 0.68499 2.94490 368 104 51 366 152 822 100.00000 0
737 1471 11.66466 0.01107 0.05489 0.61612 446 167 72 437 355 1068 100.00000 0
865 2604 11.63693 0.01499 0.07571 0.24066 210 55 41 206 149 694 100.00000 0
2293 2376 11.71953 0.14188 0.38918 1.01799 347 112 89 345 203 990 100.00000 0
17 2309 11.65034 1.51767 0.19933 2.51995 587 201 121 587 471 1226 100.00000 0
752 1510 11.02960 0.13390 0.12629 1.42546 144 15 21 135 86 504 100.00000 0
27 2389 11.81937 1.36719 0.17261 1.85962 353 49 54 351 246 965 100.00000 0
586 1331 11.58355 0.01549 0.10113 0.47147 133 19 17 127 101 448 100.00000 0
789 1566 10.03461 0.22545 0.21671 1.27871 425 57 28 423 366 879 100.00000 0
769 1543 11.40710 0.04528 0.22268 2.53188 141 18 15 138 85 392 100.00000 0
27 2375 11.80736 1.36562 0.15924 1.84037 374 60 74 369 258 1078 100.00000 0
799 1513 11.78918 0.37536 0.18207 0.96225 143 38 16 141 111 411 100.00000 0
27 2331 11.81117 1.36477 0.10278 1.96921 334 54 72 328 234 996 100.00000 0
2341 2429 11.63297 1.10052 0.39712 1.85962 349 73 71 345 218 946 100.00000 0
1532 2584 11.23132 1.43172 0.16121 2.33280 375 93 49 373 245 752 100.00000 0
792 2565 11.47370 1.20942 0.07524 1.83654 264 66 41 264 189 623 100.00000 0
5 2387 10.29263 1.34510 0.19416 1.58856 616 223 164 616 498 1420 100.00000 0
624 1368 11.41175 0.01324 0.09563 0.43521 117 22 22 112 86 509 100.00000 0
793 2566 10.57228 1.18263 0.09250 1.94863 324 41 24 320 211 748 100.00000 0
916 2627 11.62152 1.45207 0.04859 1.82005 353 140 49 353 243 665 100.00000 0
535 1280 11.32455 2.11320 0.22908 2.84441 268 73 45 261 130 593 100.00000 0
788 1566 10.38221 0.20558 0.16076 1.28907 415 55 36 415 355 885 100.00000 0
542 1323 10.85830 0.35420 0.13207 2.40518 165 19 19 161 100 578 100.00000 0
4 2393 10.63482 1.34212 0.26405 1.67981 513 201 87 508 389 1212 100.00000 0
520 1313 10.65331 1.63807 0.26951 3.47423 321 84 50 319 166 929 100.00000 0
856 2620 10.82168 0.01847 0.15084 0.11869 183 44 35 181 150 681 100.00000 0
2293 2375 11.71962 0.14290 0.40610 1.01645 329 92 77 329 199 958 100.00000 0
849 2614 10.90120 0.00592 0.14366 0.30261 257 64 57 257 193 917 100.00000 0
27 2343 11.79208 1.36450 0.17622 1.85456 335 43 72 322 217 1053 100.00000 0
3 2354 11.00165 1.34195 0.21834 1.65446 637 177 130 635 531 1439 100.00000 0
28 2442 10.81052 0.02036 0.09181 0.86230 248 51 49 240 179 789 100.00000 0
1519 2578 11.66793 1.39084 0.27993 2.73595 188 37 28 184 79 476 100.00000 0
774 1500 11.20667 0.02587 0.21227 1.07520 176 42 19 174 133 542 100.00000 0
0 2405 11.92305 1.23969 0.28242 2.05138 501 176 112 501 365 1249 100.00000 0
2 2347 11.37986 1.33622 0.20800 1.69050 623 186 134 617 497 1382 100.00000 0
1 2372 11.80754 1.34093 0.36603 1.75636 461 155 98 457 357 1199 100.00000 0
1523 2579 10.16952 1.40160 0.33885 2.84180 266 42 35 264 120 606 100.00000 0
55 2466 10.34770 0.01323 0.11081 0.75950 298 88 60 290 236 867 100.00000 0
822 2574 11.39987 0.06396 0.09805 0.42613 234 52 40 227 185 616 100.00000 0
854 2597 11.06671 0.01489 0.16758 0.69717 132 31 27 132 86 667 100.00000 0
1518 2576 11.77089 1.39266 0.26716 2.47354 83 13 11 81 45 339 100.00000 0
31 2415 11.20437 0.88999 0.20580 1.10181 453 70 61 453 335 1215 100.00000 0
509 1304 11.72909 2.16563 0.14115 2.87331 257 57 48 255 169 771 100.00000 0
618 1386 11.13316 0.00832 0.05034 0.43341 110 33 18 108 83 493 100.00000 0
763 1491 11.86349 0.03237 0.08311 0.28255 189 37 27 189 128 540 100.00000 0
2359 2427 10.31873 1.02897 0.14774 1.42437 375 93 83 375 264 1143 100.00000 0
747 1479 11.67712 0.01548 0.06259 0.65551 148 31 26 144 99 706 100.00000 0
513 1306 10.36536 2.04343 0.15912 3.08769 350 104 50 348 259 972 100.00000 0
787 2566 10.96029 1.32212 0.79007 2.58437 188 35 38 184 87 502 100.00000 0
802 2567 10.37612 0.88837 0.30148 1.57495 221 55 39 219 138 686 100.00000 0
2365 2427 10.31003 1.02748 0.17676 1.41720 440 121 75 438 338 1217 100.00000 0
751 1483 10.77079 0.01507 0.09689 0.70776 156 27 31 154 99 671 100.00000 0
4 2417 10.55067 0.76945 0.04523 1.11733 470 139 103 466 328 1285 100.00000 0
4 2403 10.36711 1.28480 0.29134 2.04392 510 218 95 510 294 1207 100.00000 0
2295 2384 10.42894 0.14259 0.09278 0.80211 520 146 112 520 384 1320 100.00000 0
12 2311 11.15060 1.50528 0.14689 1.76192 649 234 118 645 497 1452 100.00000 0
66 2458 10.53798 0.00285 0.13539 0.11191 326 97 47 324 278 909 100.00000 0
2342 2427 10.31183 1.02909 0.17346 1.43640 412 108 83 410 312 1065 100.00000 0
766 1536 11.96242 0.05261 0.17337 2.43365 129 24 12 129 88 368 100.00000 0
612 1357 10.91410 0.00355 0.03740 0.12820 242 65 57 240 182 674 100.00000 0
581 1351 11.02611 0.01117 0.07138 0.32626 229 38 47 217 168 609 100.00000 0
607 1353 10.27421 0.00539 0.15087 0.20367 133 33 18 131 95 506 100.00000 0
823 1539 11.92658 1.41236 0.11891 0.99544 299 45 23 296 227 737 100.00000 0
612 1381 11.54455 0.01643 0.20159 0.47560 110 19 11 103 77 525 100.00000 0
825 1551 11.87165 1.48175 0.09045 0.68528 250 70 25 248 203 680 100.00000 0
766 1532 11.10990 0.05289 0.16269 2.33950 222 29 25 216 156 593 100.00000 0
2349 2429 11.62844 1.10009 0.32475 1.86509 370 78 71 370 214 957 100.00000 0
640 1384 11.35806 0.03641 0.06242 0.24066 288 73 67 286 213 742 100.00000 0
786 1566 11.14171 0.17185 0.17787 1.42382 277 33 21 277 213 669 100.00000 0
909 2625 10.08337 1.20961 0.09674 1.75301 382 179 51 379 307 740 100.00000 0
2351 2429 11.62733 1.09946 0.29834 1.86718 323 66 60 318 186 906 100.00000 0
5 2388 10.28821 1.34143 0.22358 1.58955 549 182 132 547 460 1308 100.00000 0
570 1311 11.60665 0.06447 0.20169 0.72739 248 72 28 244 169 700 100.00000 0
599 1344 11.70250 0.01072 0.09413 0.50202 367 117 50 359 314 809 100.00000 0
806 1573 10.08900 0.80071 0.03066 0.84209 527 155 72 523 428 1072 100.00000 0
561 1300 10.59863 0.52653 0.11155 0.71601 292 80 60 289 232 708 100.00000 0
2 2396 11.37464 1.33109 0.13981 1.72101 479 128 105 479 329 1134 100.00000 0
2 2327 11.37770 1.33784 0.19404 1.32530 587 191 130 587 476 1371 100.00000 0
513 1303 10.13627 2.19268 0.19299 3.09617 298 52 31 298 192 807 100.00000 0
814 2571 10.15425 0.38129 0.11401 0.85638 267 57 18 261 208 673 100.00000 0
121 2500 11.93792 0.15387 0.12687 1.11311 278 94 34 270 214 809 100.00000 0
26 2373 11.16690 1.36603 0.07211 2.05633 310 59 42 305 205 900 100.00000 0
3 2402 10.81171 1.29859 0.28731 2.06999 382 154 89 380 253 1083 100.00000 0
780 2567 11.83630 1.41893 0.22080 3.33672 92 8 15 92 34 406 100.00000 0
545 1284 10.09625 1.52196 0.05110 1.40723 414 144 71 412 338 923 100.00000 0
581 1326 11.13531 0.01596 0.17808 0.81613 183 45 23 178 140 519 100.00000 0
1554 2565 11.13388 1.49976 0.04145 0.93125 244 61 47 244 181 696 100.00000 0
528 1283 10.98001 2.48471 0.61408 2.84785 293 68 45 293 127 719 100.00000 0
2 2353 11.39246 1.33481 0.16273 1.70456 533 157 123 533 421 1234 100.00000 0
600 1346 10.68940 0.00999 0.15008 0.54751 380 146 29 373 319 818 100.00000 0
7 2312 11.79154 1.49298 0.37886 2.37702 598 187 116 598 404 1429 100.00000 0
2294 2391 11.04337 0.13987 0.28227 1.00327 410 125 100 410 264 1075 100.00000 0
1523 2580 10.64905 1.40371 0.33179 2.97361 205 28 26 203 84 488 100.00000 0
27 2324 11.90775 1.37116 0.07026 1.43722 458 84 81 453 353 1184 100.00000 0
2299 2409 10.01077 0.36506 0.07300 1.06238 751 279 136 751 563 1562 100.00000 0
588 1333 11.71107 0.01540 0.25361 0.62870 87 12 6 85 68 409 100.00000 0
616 1385 11.89989 0.00704 0.04742 0.35388 96 14 17 96 66 508 100.00000 0
577 1320 11.93913 0.01633 0.14681 0.88426 108 22 11 108 78 416 100.00000 0
527 1317 11.20113 1.25423 0.09668 3.18875 140 25 39 130 57 529 100.00000 0
746 1503 11.07246 0.06654 0.13267 0.39958 272 71 92 270 210 635 100.00000 0
563 1301 11.42933 0.46310 0.12684 0.76105 181 52 18 181 150 501 100.00000 0
610 1378 10.44543 0.01670 0.06739 0.34605 138 44 19 134 115 553 100.00000 0
2373 2427 10.31331 1.02771 0.17984 1.42491 468 147 92 468 356 1295 100.00000 0
24 2392 10.04264 1.36657 0.03293 2.54545 397 79 79 395 265 1069 100.00000 0
569 1340 10.72652 0.12411 0.11028 0.72470 125 35 11 123 104 451 100.00000 0
558 1333 11.84365 0.09345 0.20532 2.75520 104 22 11 100 60 486 100.00000 0
25 2381 10.59779 1.37083 0.06388 2.22493 360 71 33 356 271 1124 100.00000 0
820 1575 11.90368 1.39391 0.17855 1.00405 639 228 90 635 507 1216 100.00000 0
2 2401 11.26625 1.30930 0.24575 2.13442 509 186 110 507 295 1237 100.00000 0
24 2345 10.04960 1.36710 0.08000 2.48412 387 76 77 385 266 1173 100.00000 0
1 2388 11.81227 1.33527 0.28973 1.73144 483 195 106 483 378 1209 100.00000 0
27 2381 11.81097 1.36864 0.12906 1.89816 321 29 41 319 212 971 100.00000 0
769 1542 11.20931 0.04515 0.19984 2.49560 133 14 12 129 94 424 100.00000 0
2293 2379 11.72207 0.14122 0.40805 1.01027 401 116 96 399 231 1047 100.00000 0
695 1435 11.15665 0.01586 0.06159 0.33338 462 134 104 456 392 1190 100.00000 0
59 2451 11.02260 0.01357 0.17186 0.58081 392 125 54 389 326 998 100.00000 0
2297 2407 10.64833 0.29433 0.29520 1.22908 685 265 151 683 449 1492 100.00000 0
81 2472 11.09812 0.01802 0.12693 0.85455 248 34 42 248 182 1002 100.00000 0
518 1289 11.62870 2.77427 0.41459 2.85142 311 83 53 311 159 858 100.00000 0
2322 2426 10.00644 1.01176 0.10857 1.28573 603 115 132 601 458 1502 100.00000 0
597 1343 10.85277 0.01101 0.13776 0.54465 317 115 28 315 258 714 100.00000 0
27 2369 11.80023 1.36692 0.11630 1.84186 345 44 55 345 217 1087 100.00000 0
26 2403 10.62914 1.30953 0.37324 2.42963 293 38 70 291 189 917 100.00000 0
551 1287 10.59431 1.27589 0.07431 1.36372 541 194 108 539 438 1047 100.00000 0
2294 2347 11.07012 0.14239 0.24135 0.96022 457 134 121 457 269 1175 100.00000 0
7 2313 11.54238 1.48556 0.34965 2.24890 573 216 128 573 401 1328 100.00000 0
119 2500 11.18993 0.09686 0.04989 1.33940 351 74 53 349 261 877 100.00000 0
30 2443 10.03865 0.02430 0.08837 0.92450 356 78 45 352 268 875 100.00000 0
883 2614 10.87805 0.06420 0.07759 0.29208 235 65 33 231 184 833 100.00000 0
2 2342 11.38481 1.33888 0.24639 1.70617 659 187 143 657 541 1441 100.00000 0
