0.02146 0.04512 0.02026
0.01733 0.03049 0.01877
0.01652 0.02785 0.00312
0.01604 0.03561 0.00718
0.02403 0.03518 0.01125
0.01631 0.03064 0.00646
0.01888 0.04720 0.01777
0.01872 0.04183 0.01167
0.01596 0.03676 0.00488
0.02523 0.03275 0.01566
0.02059 0.02996 0.01334
0.02092 0.04877 0.01275
0.01689 0.02922 0.00321
0.02158 0.03756 0.00227
0.03663 0.02823 0.01398
0.01926 0.04843 0.00379
0.02273 0.04312 0.00251
0.01756 0.02825 0.01906
0.02360 0.04249 0.00527
0.03293 0.04412 0.01649
0.02739 0.03598 0.00828
0.01784 0.03290 0.00569
0.01902 0.04483 0.02620
0.01882 0.04679 0.00418
0.02334 0.04376 0.00132
0.02327 0.04629 0.01871
0.01711 0.02879 0.00235
0.01702 0.03060 0.00125
0.02036 0.04649 0.01582
0.02032 0.03255 0.01661
0.01883 0.04542 0.00613
0.01888 0.04790 0.00285
0.02137 0.03174 0.01402
0.01848 0.04158 0.00887
0.02326 0.04773 0.01519
0.02080 0.03066 0.00787
0.02686 0.04066 0.01849
0.01967 0.03577 0.00354
0.03394 0.04125 0.00381
0.01673 0.04015 0.00159
0.03248 0.03498 0.01935
0.01916 0.04607 0.00728
0.01850 0.04527 0.02156
0.01883 0.03206 0.00487
0.02746 0.04596 0.00353
0.01760 0.04116 0.00258
0.01659 0.03548 0.02136
0.01909 0.04863 0.00712
0.01953 0.04271 0.00263
0.02743 0.03951 0.02337
0.02964 0.03170 0.01215
0.01875 0.04308 0.01864
0.02557 0.04478 0.00495
0.01719 0.03184 0.00249
0.02227 0.04712 0.00385
0.01906 0.03243 0.02178
0.02173 0.03473 0.02146
0.02144 0.03489 0.00786
0.01891 0.04182 0.00490
0.01863 0.04595 0.00572
0.02786 0.04366 0.00801
0.01978 0.04761 0.02120
0.01496 0.02617 0.00063
0.01823 0.03796 0.01105
0.01669 0.03956 0.01865
0.02142 0.03181 0.01838
0.01951 0.04825 0.02031
0.01933 0.04319 0.01544
0.02195 0.03319 0.00768
0.01837 0.04219 0.01949
0.01676 0.03666 0.00922
0.03100 0.03050 0.00202
0.01593 0.03073 0.01127
0.02141 0.04554 0.00305
0.01856 0.03934 0.01868
0.01594 0.02703 0.00171
0.02076 0.03081 0.00647
0.03346 0.03001 0.00275
0.01990 0.03154 0.01244
0.01923 0.04828 0.00628
0.02000 0.04644 0.02443
0.01766 0.03217 0.00683
0.01974 0.04275 0.00911
0.01616 0.03238 0.02050
0.02159 0.03194 0.01810
0.01700 0.04120 0.00596
0.02199 0.03073 0.00325
0.01688 0.02968 0.00130
0.03102 0.04654 0.02027
0.01649 0.02766 0.00361
0.01835 0.04468 0.00437
0.01722 0.02913 0.00581
0.01849 0.04402 0.00927
0.02106 0.03108 0.01142
0.02618 0.04336 0.01088
0.01816 0.04406 0.01958
0.03306 0.03115 0.01049
0.01611 0.02707 0.00605
0.02269 0.02866 0.01919
0.01813 0.03247 0.00416
0.01722 0.03583 0.00478
0.01882 0.03178 0.01353
0.01794 0.04118 0.00163
0.02414 0.04386 0.01703
0.01846 0.04469 0.00580
0.02624 0.03126 0.01244
0.02227 0.04608 0.01069
0.01906 0.04141 0.01943
0.02020 0.02957 0.01950
0.02011 0.04535 0.01901
0.01830 0.04017 0.01174
0.02602 0.03237 0.00258
0.01598 0.04024 0.01868
0.02014 0.04769 0.00756
0.01857 0.03529 0.01175
0.01996 0.04892 0.02337
0.01903 0.04576 0.00349
0.01691 0.03454 0.00308
0.01786 0.04695 0.02028
0.02050 0.02996 0.00248
0.02521 0.04364 0.00280
0.02665 0.03621 0.00313
0.02061 0.02965 0.01441
0.02038 0.03076 0.00414
0.01879 0.04867 0.01887
0.01696 0.04421 0.01906
0.02050 0.03429 0.00392
0.01942 0.04828 0.00846
0.01973 0.04648 0.01067
0.02060 0.03181 0.00144
0.01955 0.02864 0.01016
0.01958 0.04661 0.00633
0.01968 0.04104 0.01828
0.01804 0.03212 0.01676
0.02290 0.04498 0.01877
0.01881 0.04587 0.00475
0.01897 0.04312 0.00268
0.01874 0.03328 0.00788
0.01923 0.04746 0.01988
0.01637 0.03548 0.01958
0.01827 0.04595 0.00930
0.01871 0.03428 0.01207
0.02070 0.04461 0.01260
0.01876 0.03165 0.02084
0.01851 0.04452 0.02224
0.01883 0.02129 0.01388
0.02199 0.03274 0.01525
0.02114 0.05006 0.01873
0.02029 0.04569 0.01908
0.01788 0.03170 0.01024
0.01748 0.03183 0.01625
0.01595 0.04056 0.01755
0.02112 0.03021 0.00369
0.01794 0.03196 0.00117
0.02119 0.03168 0.00421
0.02392 0.03568 0.01103
0.02103 0.03085 0.00156
0.01856 0.04685 0.01655
0.02130 0.02785 0.01924
0.02085 0.03291 0.01046
0.01685 0.04294 0.01922
0.02078 0.02851 0.00175
0.01868 0.04464 0.02035
0.02033 0.03156 0.02015
0.01578 0.04055 0.01487
0.01834 0.04594 0.00427
0.01942 0.04514 0.02339
0.02178 0.04091 0.00395
0.01864 0.03529 0.00770
0.01716 0.03216 0.00412
0.02345 0.04612 0.02137
0.01659 0.03552 0.00338
0.01701 0.03265 0.01948
0.02207 0.03396 0.01908
0.01626 0.03506 0.00381
0.02066 0.04731 0.01189
0.02033 0.04822 0.01160
0.01781 0.04393 0.00519
0.01613 0.04160 0.01518
0.01767 0.03138 0.00578
0.01936 0.02777 0.00287
0.01879 0.03506 0.00201
0.01962 0.04651 0.01924
0.01985 0.04704 0.01537
0.03803 0.04663 0.01915
0.02828 0.04692 0.00130
0.01942 0.03190 0.00380
0.01816 0.04381 0.00252
0.01848 0.05194 0.02148
0.01839 0.04651 0.01166
0.01851 0.04331 0.01478
0.01893 0.04536 0.00617
0.01790 0.03242 0.00280
0.01949 0.04993 0.01873
0.01826 0.03051 0.01281
0.02147 0.04403 0.01357
0.02689 0.03321 0.02011
0.01896 0.04877 0.00331
0.01701 0.02927 0.01467
0.01602 0.03409 0.00517
