0.01524 0.02508 0.00159
0.01215 0.01828 0.01471
0.01083 0.01759 0.00079
0.01147 0.02144 0.00631
0.01177 0.01825 0.00154
0.01445 0.03240 0.00492
0.01114 0.02116 0.00113
0.02379 0.02442 0.00187
0.01343 0.02691 0.00193
0.01288 0.02381 0.00085
0.01416 0.02282 0.00092
0.01725 0.02493 0.00268
0.01142 0.02012 0.00916
0.01200 0.02298 0.01883
0.01206 0.02253 0.00219
0.01881 0.02770 0.00162
0.01241 0.02106 0.00072
0.01125 0.01788 0.01982
0.01216 0.02295 0.00523
0.01643 0.02331 0.00153
0.02228 0.02295 0.00727
0.01187 0.02497 0.00802
0.01199 0.02098 0.00568
0.01007 0.01712 0.00623
0.01162 0.01867 0.00896
0.01526 0.01641 0.00109
0.01221 0.02341 0.00738
0.01156 0.02135 0.00800
0.01241 0.02649 0.00238
0.01280 0.02175 0.00686
0.01069 0.01908 0.01106
0.01103 0.02009 0.00112
0.01128 0.01807 0.00276
0.01913 0.02773 0.00265
0.01277 0.02090 0.01145
0.01130 0.02480 0.00750
0.01073 0.02101 0.00127
0.01705 0.02286 0.00574
0.01292 0.02633 0.01617
0.01251 0.02098 0.01676
0.01118 0.01803 0.00488
0.00817 0.01166 0.00169
0.01181 0.02117 0.00153
0.01524 0.02152 0.00970
0.01146 0.02078 0.00113
0.01244 0.02318 0.01391
0.01189 0.02427 0.01091
0.01042 0.01955 0.00089
0.00830 0.01434 0.00250
0.01214 0.02296 0.00133
0.01213 0.03107 0.00952
0.00915 0.01550 0.01065
0.01423 0.02214 0.00564
0.01058 0.01842 0.00908
0.01664 0.02753 0.00551
0.01350 0.01652 0.00142
0.01092 0.02049 0.00762
0.01279 0.02007 0.00749
0.01159 0.01804 0.00173
0.01222 0.02358 0.00270
0.00873 0.01454 0.00870
0.01214 0.02129 0.01728
0.01179 0.01854 0.00743
0.01437 0.03000 0.00263
0.00887 0.01571 0.00842
0.01309 0.02051 0.00085
0.01344 0.01929 0.00398
0.01111 0.02053 0.00249
0.01242 0.02533 0.00628
0.01071 0.01989 0.00615
0.01117 0.01964 0.00201
0.01162 0.02374 0.00223
0.01217 0.03209 0.00613
0.01235 0.02363 0.00571
0.01237 0.01928 0.00242
0.02714 0.02735 0.01878
0.01141 0.01965 0.00119
0.01098 0.01772 0.00750
0.01178 0.02034 0.00090
0.01279 0.02615 0.01049
0.01175 0.02425 0.00288
0.01065 0.02506 0.00371
0.01189 0.02020 0.00212
0.01164 0.02079 0.00130
0.01323 0.02725 0.01011
0.01354 0.02520 0.01012
0.01430 0.02368 0.00586
0.01126 0.01905 0.00170
0.01157 0.01443 0.00901
0.01879 0.02583 0.01261
0.01365 0.01907 0.00166
0.01323 0.02419 0.01824
0.01319 0.02308 0.00241
0.01217 0.02952 0.00608
0.01270 0.02065 0.00956
0.01212 0.02096 0.00065
0.01298 0.02453 0.00059
0.01288 0.02945 0.00129
0.01162 0.02261 0.00480
0.01185 0.02451 0.00877
0.01168 0.01974 0.00123
0.00926 0.01653 0.00396
0.01235 0.02835 0.00557
0.01119 0.02065 0.01439
0.01282 0.02438 0.00816
0.01280 0.02452 0.00857
0.01684 0.02067 0.01709
0.01268 0.02348 0.01875
0.01279 0.02154 0.01290
0.01068 0.01938 0.01846
0.01165 0.02338 0.00503
0.01411 0.02170 0.00661
0.01121 0.02170 0.00802
0.01174 0.02081 0.00687
0.01117 0.02449 0.01590
0.01497 0.01998 0.01019
0.01139 0.01815 0.02238
0.01110 0.01730 0.00591
0.01117 0.02504 0.00134
0.01105 0.01969 0.00529
0.01164 0.02247 0.00748
0.01423 0.02264 0.01669
0.01258 0.02468 0.00529
0.01199 0.02095 0.00104
0.01104 0.02076 0.00137
0.01242 0.02345 0.00094
0.01262 0.02206 0.00148
0.01517 0.01768 0.00157
0.01172 0.02120 0.00426
0.01794 0.02413 0.00599
0.01104 0.01936 0.00193
0.01157 0.02075 0.01051
0.01337 0.02615 0.00115
0.01397 0.02506 0.00555
0.01120 0.01737 0.01363
0.01003 0.01501 0.00864
0.01210 0.02427 0.00112
0.01480 0.02447 0.00173
0.01175 0.02346 0.00145
0.01626 0.02749 0.00818
0.01233 0.02176 0.01512
0.01220 0.02241 0.00183
0.01120 0.01757 0.00656
0.01195 0.02139 0.00071
0.01289 0.02502 0.00078
0.01137 0.01980 0.01570
0.01344 0.02125 0.01041
0.02143 0.02037 0.00341
0.01072 0.01749 0.00373
0.01520 0.02491 0.00621
0.01256 0.02298 0.00870
0.02128 0.02392 0.00103
0.01112 0.01948 0.00136
0.01454 0.01836 0.00960
0.01255 0.02772 0.00249
0.01147 0.02543 0.00131
0.01510 0.02633 0.00238
0.01035 0.01779 0.00755
0.01224 0.02351 0.00245
0.01171 0.02149 0.00837
0.01320 0.02680 0.00948
0.01154 0.02198 0.00644
0.01123 0.02097 0.00523
0.01128 0.01831 0.00679
0.01208 0.02251 0.00837
0.01253 0.02522 0.00917
0.01685 0.02264 0.00265
0.01291 0.02410 0.00431
0.01547 0.01867 0.00697
0.01161 0.02166 0.00651
0.01120 0.01920 0.00103
0.00903 0.01476 0.01844
0.01153 0.02199 0.00781
0.01155 0.02091 0.00326
0.00837 0.01265 0.00093
0.01150 0.02377 0.00166
0.01894 0.01962 0.00159
0.01259 0.02328 0.02705
0.01034 0.01738 0.00178
0.01516 0.01941 0.00321
0.01145 0.02056 0.00111
0.01212 0.02222 0.00921
0.01182 0.02316 0.01497
0.01061 0.02291 0.00176
0.01136 0.02591 0.00248
0.01124 0.01908 0.00896
0.01176 0.02032 0.00899
0.01111 0.01882 0.00209
0.01157 0.01847 0.00642
0.01203 0.02469 0.00603
0.01121 0.02000 0.00711
0.01118 0.01902 0.00206
0.01232 0.02390 0.00198
0.01326 0.02430 0.00409
0.01741 0.02184 0.00227
0.01207 0.02425 0.00836
0.01176 0.02168 0.00654
0.01275 0.02175 0.00844
0.01459 0.02407 0.01877
0.01126 0.02051 0.01458
