0.03296 0.06840 0.00312
0.04039 0.04403 0.04596
0.02248 0.04930 0.01557
0.02324 0.05235 0.02309
0.02551 0.05256 0.01001
0.01042 0.01037 0.01841
0.01300 0.02492 0.00431
0.00804 0.00918 0.01832
0.02006 0.03785 0.00249
0.03042 0.03961 0.02566
0.02066 0.04069 0.02082
0.01022 0.00996 0.01831
0.02664 0.08048 0.01943
0.00836 0.00972 0.00048
0.02649 0.07564 0.01943
0.01973 0.03801 0.01871
0.02152 0.03743 0.01882
0.01143 0.01200 0.01866
0.02019 0.03837 0.02150
0.00746 0.00892 0.01832
0.00555 0.00587 0.01834
0.00949 0.00920 0.00053
0.00744 0.01015 0.00055
0.03160 0.03756 0.01872
0.00717 0.00891 0.00214
0.01738 0.04540 0.02142
0.01219 0.02477 0.01191
0.00945 0.01065 0.00064
0.03082 0.04103 0.01877
0.01071 0.01141 0.01908
0.02390 0.05352 0.01861
0.03187 0.09077 0.01989
0.03158 0.07570 0.01341
0.02777 0.06726 0.02103
0.01854 0.02559 0.01011
0.01281 0.01508 0.00054
0.02094 0.03474 0.01861
0.03334 0.10110 0.01876
0.00832 0.00930 0.02079
0.01015 0.01072 0.00049
0.02911 0.05949 0.01921
0.02647 0.08316 0.01592
0.01138 0.01125 0.00171
0.01264 0.01423 0.00235
0.01047 0.00997 0.00050
0.02539 0.03888 0.01902
0.01048 0.01216 0.00060
0.03422 0.09571 0.02461
0.02209 0.04589 0.01413
0.00824 0.00902 0.01824
0.00734 0.00896 0.00120
0.00865 0.00894 0.00043
0.00682 0.00850 0.00924
0.00729 0.00831 0.00047
0.01156 0.01356 0.00731
0.01181 0.01414 0.01526
0.02976 0.03718 0.00601
0.00854 0.01198 0.00054
0.01149 0.00963 0.00050
0.02679 0.05794 0.00384
0.01905 0.03675 0.00603
0.01179 0.01325 0.00052
0.03265 0.08062 0.01934
0.00950 0.00946 0.00053
0.03344 0.07991 0.01691
0.00941 0.01023 0.01858
0.03792 0.09727 0.00219
0.01545 0.02723 0.01865
0.00920 0.00972 0.01838
0.01064 0.01229 0.00071
0.01207 0.01359 0.00266
0.02378 0.03230 0.00610
0.00929 0.01140 0.01871
0.00801 0.00845 0.01459
0.00878 0.00988 0.00077
0.03498 0.05213 0.00994
0.00915 0.00958 0.00074
0.00628 0.00799 0.01833
0.02500 0.05308 0.00100
0.00882 0.00897 0.01841
0.01773 0.05003 0.00205
0.02411 0.06930 0.00144
0.02581 0.06499 0.01929
0.00685 0.00908 0.00178
0.00784 0.00965 0.00502
0.02079 0.03438 0.00841
0.02381 0.05139 0.01874
0.01032 0.01176 0.01056
0.01356 0.02528 0.02574
0.01717 0.03475 0.02326
0.00846 0.01051 0.01839
0.00742 0.00932 0.02109
0.00836 0.00993 0.01890
0.02337 0.05080 0.01862
0.01114 0.01371 0.02067
0.00722 0.00667 0.01430
0.02709 0.05695 0.02149
0.03051 0.04105 0.00864
0.00947 0.01417 0.01938
0.02822 0.03818 0.01877
0.02344 0.05199 0.01882
0.02410 0.07161 0.01893
0.01125 0.01046 0.00293
0.01170 0.01157 0.00064
0.00892 0.00920 0.01949
0.01992 0.03504 0.01859
0.02358 0.04112 0.01874
0.00799 0.00850 0.02098
0.00755 0.00892 0.02077
0.00555 0.00679 0.01850
0.00718 0.00821 0.01317
0.00964 0.00929 0.01837
0.00604 0.00614 0.00532
0.02454 0.06615 0.01925
0.03348 0.11392 0.01882
0.02095 0.03351 0.01864
0.02443 0.05617 0.01880
0.01065 0.00923 0.00050
0.03005 0.05032 0.01486
0.01219 0.01058 0.03117
0.02129 0.03523 0.00090
0.04675 0.09828 0.01913
0.02641 0.03315 0.00580
0.02355 0.05926 0.00288
0.04257 0.05705 0.00660
0.00888 0.00835 0.01298
0.02135 0.03516 0.00174
0.03057 0.05743 0.02419
0.00872 0.01058 0.01843
0.03576 0.09418 0.00339
0.02437 0.04212 0.01093
0.02645 0.06139 0.00443
0.03431 0.07685 0.01884
0.00778 0.01050 0.00649
0.02187 0.03969 0.01873
0.02367 0.04925 0.01728
0.02279 0.04796 0.00832
0.02852 0.03981 0.01924
0.00730 0.00927 0.01403
0.03051 0.05175 0.01855
0.01161 0.00997 0.00096
0.03505 0.08238 0.01888
0.02137 0.04069 0.01866
0.00989 0.01104 0.00056
0.00992 0.01101 0.00104
0.01022 0.00904 0.00040
0.02230 0.04036 0.00583
0.03807 0.05984 0.01911
0.00805 0.01047 0.00051
0.02675 0.07710 0.02610
0.01811 0.03812 0.02493
0.02499 0.03358 0.00679
0.01237 0.01157 0.00052
0.02961 0.04267 0.01728
0.02811 0.03932 0.01503
0.01608 0.01591 0.01855
0.02194 0.03694 0.00868
0.00943 0.01138 0.01844
0.00700 0.00838 0.00123
0.00976 0.01004 0.00527
0.00902 0.00975 0.01966
0.00790 0.00855 0.01715
0.00719 0.00865 0.00081
0.00799 0.00779 0.01834
0.00817 0.00903 0.00279
0.01368 0.01215 0.00456
0.01309 0.01114 0.00053
0.01229 0.01964 0.01830
0.01094 0.01171 0.00064
0.00999 0.01337 0.02305
0.02956 0.04514 0.00154
0.00702 0.00793 0.00043
0.03522 0.05331 0.00097
0.02381 0.03678 0.02133
0.00839 0.01166 0.02618
0.01109 0.00903 0.00051
0.00839 0.00970 0.01863
0.00631 0.00819 0.01891
0.01906 0.03463 0.02125
0.01030 0.01055 0.01844
0.01907 0.03204 0.00135
0.02701 0.03483 0.01595
0.03357 0.09755 0.01857
0.02114 0.04269 0.01800
0.00905 0.01340 0.02067
0.01748 0.03388 0.00721
0.00814 0.00999 0.00121
0.02194 0.05080 0.01134
0.02319 0.04237 0.01877
0.01224 0.01125 0.00738
0.02586 0.03934 0.01887
0.02607 0.04945 0.00570
0.01136 0.01118 0.01397
0.02731 0.04491 0.01851
0.02859 0.08990 0.02155
0.02949 0.03688 0.01653
0.03984 0.05675 0.01973
0.03345 0.05294 0.01860
0.02192 0.04176 0.01892
0.00723 0.00852 0.00061
