0.05573 0.04926 0.00231
0.03317 0.05642 0.01786
0.02775 0.03272 0.01596
0.02517 0.02948 0.00647
0.02703 0.02859 0.00535
0.01936 0.02124 0.01973
0.01884 0.02585 0.00216
0.02423 0.03868 0.02295
0.02394 0.02979 0.01979
0.01791 0.02905 0.01351
0.01775 0.02537 0.01103
0.03005 0.05422 0.01892
0.01736 0.02345 0.00934
0.02402 0.03385 0.00191
0.03185 0.03406 0.02231
0.02101 0.02921 0.01406
0.02673 0.04262 0.01927
0.02044 0.03741 0.01257
0.02619 0.04927 0.02022
0.02110 0.03854 0.00788
0.02968 0.04981 0.02129
0.02547 0.04154 0.01485
0.02116 0.02379 0.01968
0.02716 0.02992 0.00105
0.02490 0.02892 0.02215
0.02549 0.03516 0.01466
0.02884 0.03595 0.01224
0.02741 0.03638 0.01403
0.02601 0.03719 0.01156
0.02199 0.03792 0.01935
0.02506 0.03874 0.01851
0.01731 0.02386 0.00506
0.03697 0.03073 0.01860
0.03279 0.03983 0.02308
0.02404 0.04473 0.01872
0.02096 0.02939 0.01902
0.02358 0.04729 0.01852
0.02139 0.03531 0.01564
0.02064 0.04692 0.00140
0.02768 0.03892 0.02265
0.03661 0.04244 0.00828
0.02359 0.02831 0.02966
0.02574 0.04042 0.04357
0.02509 0.03687 0.02194
0.03121 0.02949 0.00959
0.02980 0.03471 0.01410
0.02193 0.03214 0.00543
0.03407 0.03473 0.02649
0.01932 0.03265 0.00122
0.03076 0.02900 0.01290
0.02936 0.03553 0.00239
0.03279 0.05963 0.02451
0.02662 0.02836 0.02689
0.02750 0.03422 0.01269
0.02163 0.02982 0.01674
0.02084 0.01974 0.00207
0.02030 0.02895 0.02132
0.01618 0.03183 0.01984
0.02692 0.03195 0.01893
0.02542 0.03199 0.01964
0.02807 0.05530 0.00784
0.01437 0.02828 0.01887
0.02129 0.04639 0.02017
0.02800 0.05455 0.02439
0.02974 0.03321 0.00856
0.03234 0.05751 0.02084
0.02246 0.03195 0.01582
0.02491 0.03304 0.01645
0.02938 0.03299 0.01871
0.02608 0.03045 0.01883
0.01512 0.03183 0.01441
0.02411 0.02368 0.02290
0.01601 0.03269 0.02046
0.01882 0.03089 0.01863
0.01791 0.02704 0.01083
0.02000 0.03497 0.01005
0.01922 0.03160 0.00095
0.03484 0.03163 0.05358
0.02923 0.03361 0.00493
0.02065 0.03364 0.00264
0.03223 0.02863 0.01497
0.02536 0.04325 0.02347
0.02389 0.02958 0.01945
0.02359 0.03174 0.02008
0.02987 0.05372 0.02003
0.01558 0.03151 0.01467
0.02024 0.03598 0.01924
0.03434 0.04710 0.01630
0.02842 0.04422 0.00479
0.02023 0.03418 0.01939
0.02851 0.04654 0.01947
0.01867 0.02925 0.01133
0.02405 0.03032 0.01850
0.01949 0.02549 0.00969
0.02964 0.03395 0.01866
0.02748 0.04954 0.01979
0.02927 0.03731 0.00900
0.02320 0.03159 0.02051
0.03640 0.03808 0.01593
0.01577 0.03367 0.00976
0.02843 0.03588 0.01878
0.01993 0.03448 0.00650
0.01700 0.02235 0.00676
0.02409 0.03270 0.01847
0.02456 0.03535 0.01481
0.01699 0.03400 0.01365
0.01916 0.03331 0.01601
0.01728 0.02978 0.01915
0.01969 0.03378 0.00754
0.02745 0.05317 0.01015
0.02376 0.02913 0.02179
0.03127 0.03127 0.01909
0.01545 0.03313 0.01904
0.02993 0.05261 0.02275
0.02248 0.02957 0.01806
0.02069 0.03485 0.02413
0.02562 0.04126 0.01951
0.02917 0.05591 0.00459
0.02361 0.02450 0.00072
0.03644 0.03438 0.01836
0.02334 0.04505 0.02278
0.02830 0.03503 0.02034
0.02065 0.02059 0.01600
0.02796 0.03442 0.01879
0.01808 0.02840 0.02144
0.02782 0.03397 0.00092
0.02999 0.03517 0.01453
0.02678 0.05304 0.01940
0.02401 0.02946 0.01975
0.01602 0.02098 0.00359
0.02381 0.04888 0.01099
0.01234 0.01481 0.01393
0.02622 0.05157 0.00914
0.02757 0.02795 0.02935
0.02679 0.03364 0.04345
0.02126 0.02740 0.01388
0.02859 0.03074 0.01850
0.02276 0.03566 0.01638
0.01873 0.03020 0.01884
0.01124 0.01734 0.00283
0.01971 0.02642 0.02172
0.02459 0.04485 0.01863
0.02590 0.04133 0.01720
0.02670 0.01959 0.00689
0.02360 0.02338 0.01903
0.01687 0.02790 0.02123
0.02786 0.03552 0.02939
0.03721 0.03216 0.00635
0.02402 0.04543 0.01848
0.02377 0.02952 0.04636
0.04295 0.03527 0.00947
0.02735 0.03380 0.01858
0.03631 0.02852 0.02942
0.02045 0.01823 0.01876
0.02866 0.05131 0.02587
0.02812 0.05563 0.00606
0.01943 0.03491 0.00630
0.02046 0.01825 0.01926
0.02475 0.04393 0.02499
0.01967 0.03668 0.02029
0.02804 0.03034 0.00514
0.02272 0.04010 0.02749
0.03798 0.03184 0.02359
0.02865 0.05276 0.01958
0.03430 0.04063 0.01938
0.02137 0.02184 0.00618
0.02736 0.01938 0.01865
0.02531 0.05090 0.00797
0.04541 0.04132 0.02850
0.02848 0.05137 0.01912
0.01771 0.03893 0.00251
0.02662 0.03096 0.01847
0.02512 0.03464 0.01948
0.03510 0.04071 0.02565
0.03210 0.03538 0.01743
0.02319 0.02911 0.01698
0.01592 0.02948 0.02271
0.01883 0.03167 0.01873
0.02779 0.04199 0.01918
0.01996 0.03581 0.01532
0.02370 0.04745 0.01856
0.02663 0.04393 0.01919
0.02090 0.03704 0.01966
0.02868 0.03498 0.01859
0.02303 0.02249 0.00715
0.03185 0.03683 0.00129
0.02225 0.04371 0.01879
0.02508 0.03359 0.01874
0.02688 0.04972 0.02689
0.02200 0.03884 0.02359
0.01859 0.02610 0.01217
0.02880 0.05219 0.01965
0.02034 0.03034 0.00472
0.02145 0.03019 0.01922
0.02368 0.03271 0.02645
0.02411 0.03802 0.01948
0.02874 0.05502 0.02013
0.02183 0.03231 0.02367
0.02122 0.03208 0.00508
0.03215 0.04116 0.02937
