0.09103 0.08597
0.07070 0.07934
0.07491 0.07440
0.05825 0.07529
0.06336 0.07000
0.06004 0.08910
0.06658 0.06755
0.05723 0.07886
0.05767 0.08675
0.05654 0.08010
0.05709 0.08122
0.05730 0.07991
0.05589 0.06968
0.07614 0.08114
0.05893 0.07994
0.05927 0.09155
0.05198 0.07231
0.06688 0.07344
0.05758 0.08183
0.05865 0.07860
0.05296 0.07317
0.05982 0.07094
0.06320 0.07955
0.05671 0.06907
0.05951 0.07190
0.06772 0.07292
0.06559 0.07700
0.05899 0.07570
0.05562 0.07793
0.06566 0.07665
0.07040 0.07390
0.05536 0.07323
0.06802 0.07071
0.07090 0.08138
0.06100 0.08065
0.06256 0.07482
0.07756 0.07095
0.05406 0.07686
0.06449 0.09311
0.06589 0.07632
0.07252 0.07630
0.05468 0.05447
0.05201 0.07011
0.06286 0.07983
0.07197 0.08042
0.06021 0.07850
0.07500 0.07937
0.07528 0.07407
0.05419 0.06183
0.06499 0.07463
0.05946 0.07726
0.05266 0.06288
0.07102 0.07823
0.06724 0.07009
0.05278 0.07517
0.06758 0.07082
0.06141 0.07287
0.07733 0.08092
0.07254 0.07804
0.05621 0.07861
0.05798 0.06248
0.06832 0.08125
0.06762 0.06995
0.06466 0.07595
0.05213 0.06058
0.05820 0.07403
0.06726 0.07576
0.06071 0.07410
0.06872 0.08359
0.06721 0.08000
0.07267 0.08470
0.06295 0.07176
0.05862 0.08474
0.05679 0.07815
0.05607 0.06327
0.05829 0.08022
0.06180 0.06944
0.07404 0.07557
0.06238 0.07576
0.05632 0.07690
0.05739 0.07537
0.05704 0.07053
0.06495 0.07450
0.05572 0.07567
0.06696 0.07815
0.06421 0.08611
0.06005 0.08188
0.07217 0.08370
0.05794 0.06477
0.06520 0.08384
0.06529 0.07951
0.06019 0.08217
0.10140 0.09979
0.06701 0.07909
0.05500 0.07691
0.07872 0.07747
0.07541 0.08375
0.05640 0.08312
0.06943 0.07852
0.07376 0.07941
0.06786 0.08304
0.05205 0.06420
0.05228 0.07400
0.05366 0.07602
0.05859 0.08515
0.06640 0.08614
0.05914 0.07229
0.07616 0.08201
0.05462 0.07478
0.06013 0.07104
0.05467 0.07432
0.05127 0.07322
0.06818 0.07568
0.05381 0.07569
0.05811 0.07806
0.06474 0.06999
0.08711 0.07914
0.06777 0.07380
0.06052 0.07431
0.06001 0.06908
0.06045 0.07389
0.07160 0.07979
0.05724 0.08250
0.06628 0.07356
0.05456 0.07278
0.05993 0.08157
0.06116 0.07768
0.06855 0.06985
0.07379 0.07476
0.07014 0.09043
0.07108 0.08083
0.06202 0.07733
0.05633 0.08561
0.06201 0.07568
0.06728 0.07253
0.06662 0.06695
0.05467 0.07474
0.05724 0.07188
0.05755 0.07569
0.06198 0.08440
0.05332 0.07629
0.06138 0.08223
0.06817 0.07159
0.05279 0.07205
0.09452 0.08378
0.06702 0.07675
0.05209 0.07237
0.05159 0.06908
0.06816 0.07416
0.06165 0.08995
0.07957 0.07904
0.05705 0.07827
0.05920 0.07844
0.07650 0.07364
0.05788 0.08007
0.05582 0.07252
0.06013 0.08671
0.05668 0.07115
0.05741 0.08419
0.06019 0.08001
0.06616 0.08118
0.05490 0.07342
0.05156 0.08175
0.07232 0.07863
0.06411 0.07469
0.05626 0.07552
0.05308 0.07397
0.05813 0.08223
0.06603 0.07791
0.06238 0.07286
0.05640 0.06886
0.05708 0.06530
0.05216 0.07427
0.05811 0.07434
0.06292 0.05951
0.06087 0.07734
0.06600 0.07170
0.06041 0.08154
0.07764 0.07531
0.06032 0.07333
0.06156 0.07538
0.05677 0.07864
0.06782 0.07223
0.06055 0.07350
0.06194 0.07646
0.06042 0.07083
0.06201 0.07380
0.06102 0.07225
0.08386 0.08078
0.05507 0.07535
0.06367 0.07905
0.06806 0.07415
0.05691 0.08113
0.07103 0.08182
0.06326 0.07788
0.06051 0.07361
0.05409 0.06693
0.09034 0.08544
0.05996 0.08246
0.05485 0.07446
