4649 7128 11.93529 0.01771 0.47794 0.65492 72 2 19 63 38 884 100.00000 0
4443 6873 11.02617 0.13158 0.39203 0.82756 37 1 2 28 26 400 100.00000 0
3752 6201 11.84601 0.01524 0.65495 0.97237 68 0 3 66 31 380 100.00000 0
3405 8189 10.93333 0.10502 0.29822 0.47395 50 1 3 44 31 407 100.00000 0
4033 6441 11.05593 0.01655 0.49068 0.35608 116 3 18 108 71 713 100.00000 0
3778 6226 11.41256 0.00648 0.29280 0.80503 102 4 10 82 64 550 100.00000 0
4234 6629 10.38452 0.95194 0.18093 2.09443 42 2 0 36 18 357 100.00000 0
341 6194 11.39597 0.01120 0.36552 0.68414 54 5 10 46 39 369 100.00000 0
4556 7022 11.67597 0.04317 0.52049 0.83743 135 8 46 133 110 1254 100.00000 0
1030 6875 10.81849 0.03005 0.47538 1.69697 100 2 5 97 71 484 100.00000 0
1824 5095 11.64103 0.49415 0.25922 1.32234 18 1 2 16 10 211 100.00000 0
1293 7098 10.97255 0.13699 0.66622 1.29543 89 0 2 85 60 779 100.00000 0
3944 6376 10.55855 0.01206 0.31888 0.62620 55 3 6 48 38 368 100.00000 0
933 6775 10.03800 0.02212 0.26881 1.28512 67 3 19 67 43 353 100.00000 0
3226 5718 11.80412 0.00926 0.40076 0.52265 69 3 17 59 45 752 100.00000 0
1037 6884 11.48712 0.05677 1.05667 3.21284 83 4 11 73 50 408 100.00000 0
854 6658 10.16083 0.77211 0.67567 1.90536 53 1 1 53 37 281 100.00000 0
3211 5675 11.04988 0.02595 0.29161 1.40081 14 0 1 14 10 231 100.00000 0
4006 6416 10.55317 0.01427 0.33166 0.25179 134 11 23 129 102 477 100.00000 0
1327 7122 11.84251 0.19411 0.62742 1.52829 88 0 2 84 61 842 100.00000 0
3441 5888 10.38024 0.05419 0.66780 0.46478 81 0 1 79 57 384 100.00000 0
3266 5757 11.29562 0.01351 0.43664 0.61676 58 3 4 55 44 403 100.00000 0
3472 8296 11.49471 0.85820 0.77378 1.84568 13 0 2 13 5 197 100.00000 0
487 3918 11.58653 0.02687 0.15245 1.48990 259 5 28 254 227 804 100.00000 0
3322 5781 11.59386 0.11993 0.38535 0.94543 21 0 0 19 14 370 100.00000 0
5826 8140 11.38702 0.09844 0.55456 0.22029 32 2 1 28 19 327 100.00000 0
3157 5660 11.31970 0.01270 0.12330 0.47806 54 10 3 47 39 326 100.00000 0
445 3851 11.41232 0.02741 0.27622 0.96063 78 3 12 72 50 367 100.00000 0
348 3764 11.18328 0.01051 0.44744 0.57198 52 0 1 52 42 444 100.00000 0
573 3994 10.54113 0.01101 0.32718 0.46730 55 2 2 53 40 328 100.00000 0
3411 5862 11.81740 0.13350 0.55346 0.77076 82 1 2 80 46 404 100.00000 0
19 6003 11.16368 0.08689 1.42914 4.91964 57 0 0 52 39 421 100.00000 0
2937 5428 10.42640 0.10762 0.45848 1.48833 35 2 3 33 15 383 100.00000 0
4521 6959 11.11017 0.03566 0.23024 2.08131 100 8 7 98 40 695 100.00000 0
1141 6949 11.29022 0.03130 0.64413 0.96266 62 0 0 62 34 545 100.00000 0
896 6739 11.57555 0.02756 0.82175 1.54839 11 1 0 5 4 220 100.00000 0
3560 8381 10.83840 0.01306 0.58698 0.70997 27 0 1 19 19 376 100.00000 0
239 3667 10.32744 0.02300 0.33432 0.24708 132 10 5 129 114 493 100.00000 0
526 6349 10.28858 0.01488 0.23802 0.68070 212 16 59 203 183 755 100.00000 0
3375 8160 10.99334 0.01145 0.40306 0.64407 37 1 8 35 28 304 100.00000 0
3314 5773 11.31026 0.07349 0.49926 0.47806 39 1 4 39 27 335 100.00000 0
559 3981 10.86277 0.03455 0.46555 1.93148 109 3 2 109 94 447 100.00000 0
1281 4628 10.24919 0.05233 0.53567 0.26244 178 0 2 173 136 1113 100.00000 0
2822 5288 10.11718 0.99854 0.57528 2.07679 149 1 8 137 85 605 100.00000 0
1110 6954 11.90834 0.16183 0.39189 2.12099 76 1 8 67 49 658 100.00000 0
15 8354 10.42549 0.08890 1.13522 5.07543 30 0 0 28 20 393 100.00000 0
4519 6987 11.85878 0.01741 0.41174 0.40251 75 1 1 71 58 707 100.00000 0
776 4195 10.11140 0.04594 0.57098 2.61254 37 3 9 31 13 556 100.00000 0
3232 5723 11.55818 0.00925 0.34811 0.60909 52 1 11 46 39 836 100.00000 0
765 6594 11.82502 0.01343 0.28276 0.60716 20 1 4 14 15 217 100.00000 0
3513 5945 10.58476 0.26278 0.36357 1.10571 27 1 6 25 16 307 100.00000 0
4300 6721 11.58170 0.02701 0.40740 1.54155 31 3 4 31 18 363 100.00000 0
4424 6849 10.83068 0.02346 0.63422 1.36831 88 4 1 74 62 472 100.00000 0
1065 4462 11.83476 0.46310 0.57565 2.31664 64 1 6 58 40 447 100.00000 0
40 3554 10.16073 0.08193 1.63844 4.70861 53 0 0 48 33 417 100.00000 0
152 3611 10.02994 0.02145 0.43232 0.79328 53 3 6 44 37 427 100.00000 0
4555 6996 10.93425 0.01149 0.44139 0.65849 80 2 0 78 54 785 100.00000 0
3221 5712 10.05706 0.00902 0.31791 0.46478 34 3 6 32 24 346 100.00000 0
4223 6612 11.68749 0.55818 0.68737 1.36487 79 1 3 73 49 747 100.00000 0
52 6004 11.91533 0.08659 1.49286 4.89785 45 0 0 45 32 441 100.00000 0
4050 6483 11.87272 0.02902 0.42197 0.99544 102 8 8 97 74 603 100.00000 0
1574 4917 11.39291 0.44359 0.31384 0.57878 104 2 11 97 79 559 100.00000 0
5748 8053 11.41390 0.06130 0.40537 3.57818 43 1 6 36 22 496 100.00000 0
5811 8149 10.59780 0.10994 0.34322 0.19383 54 3 8 54 44 383 100.00000 0
19 8354 10.42549 0.08890 1.31505 5.10054 29 0 0 27 22 388 100.00000 0
697 4085 10.47655 0.03896 0.37527 1.99488 112 3 19 91 61 1145 100.00000 0
658 6469 11.31732 0.02886 0.34559 0.97799 86 8 13 80 53 553 100.00000 0
265 3714 10.63420 0.00750 0.60412 0.21670 58 1 1 54 48 442 100.00000 0
12 8322 11.21823 0.08738 1.70969 4.87909 88 0 0 84 74 501 100.00000 0
1354 7152 11.74554 0.25290 1.02296 4.85583 74 0 0 56 22 727 100.00000 0
982 4354 10.08860 0.02051 0.31751 1.23859 39 1 5 39 28 337 100.00000 0
588 6407 11.08082 0.01992 0.52278 0.97478 86 3 0 86 63 490 100.00000 0
4449 6918 10.30606 0.50423 0.15796 0.98834 59 13 5 55 35 451 100.00000 0
4413 6834 11.83096 0.03588 0.54184 2.07207 115 2 2 109 51 441 100.00000 0
435 3869 11.33370 0.02385 0.27145 0.56232 91 0 8 86 82 515 100.00000 0
1462 4785 10.81402 0.13086 0.61424 0.67086 92 1 4 86 46 1275 100.00000 0
940 6784 10.78474 0.01877 0.69141 1.15182 90 1 6 85 63 368 100.00000 0
1288 4634 10.10573 0.04631 0.48964 0.62495 177 2 7 171 155 1104 100.00000 0
3382 8192 10.37690 0.07589 0.23997 0.40734 26 1 3 26 12 326 100.00000 0
388 3800 11.93879 0.01249 0.36869 0.67551 94 5 7 90 65 438 100.00000 0
232 6100 10.33315 0.02395 0.38003 0.56855 82 5 7 82 71 424 100.00000 0
1623 4923 10.71171 0.25053 0.39886 0.64589 112 3 6 112 70 677 100.00000 0
31 6002 10.15824 0.08518 1.53656 4.81662 65 0 0 65 47 431 100.00000 0
126 8406 10.34363 0.00614 0.75437 0.19584 90 0 8 88 61 466 100.00000 0
183 8449 10.06505 0.01437 0.20770 0.88116 112 8 13 107 97 438 100.00000 0
184 3641 11.34454 0.02533 0.29786 1.66272 50 2 3 46 36 273 100.00000 0
5873 8193 10.06865 0.10818 0.45332 0.45111 98 2 4 94 65 419 100.00000 0
3490 8256 10.33907 0.79211 0.07923 0.93628 52 5 3 41 34 353 100.00000 0
5681 7959 10.04026 1.55400 0.66166 2.79470 29 0 4 22 10 227 100.00000 0
6014 8389 10.08883 0.01310 0.37758 0.69998 48 4 11 48 38 410 100.00000 0
126 3566 10.05762 0.01112 0.41723 0.66735 77 1 7 75 56 544 100.00000 0
5996 8328 11.54457 0.00744 0.59889 0.62181 64 2 2 61 49 569 100.00000 0
3217 5709 10.30701 0.00868 0.20894 0.76002 21 3 3 21 15 301 100.00000 0
6076 8526 10.06636 0.02268 0.44877 0.66617 64 3 3 59 50 326 100.00000 0
1650 4977 10.03832 0.01948 0.50382 1.23891 68 4 2 66 48 310 100.00000 0
3246 5734 10.05621 0.01453 0.43663 1.11698 54 3 2 41 38 811 100.00000 0
4090 6495 11.19621 0.02463 0.22598 0.91257 70 0 9 66 47 942 100.00000 0
3568 8355 11.78559 0.00563 0.29118 0.17914 54 5 2 50 40 492 100.00000 0
913 4293 10.06906 0.02383 0.39724 1.37885 52 2 1 50 34 292 100.00000 0
1153 6989 10.13440 0.00970 0.24699 0.48214 98 8 14 90 63 990 100.00000 0
373 6221 11.64406 0.00891 0.37841 0.46562 130 8 10 130 112 552 100.00000 0
3404 8188 11.05766 0.10109 0.36034 0.13122 44 2 1 42 22 362 100.00000 0
485 6314 10.04627 0.02404 0.22285 0.60845 219 5 72 215 203 710 100.00000 0
3243 8055 11.06274 0.01484 0.51399 0.83181 49 0 4 46 32 1006 100.00000 0
187 6085 10.80929 0.02337 0.32277 0.99858 49 2 6 39 32 314 100.00000 0
1025 4422 10.31478 0.02083 0.29430 0.96266 163 6 33 159 124 683 100.00000 0
3396 8208 10.93773 0.12645 0.28914 0.88337 75 5 9 71 38 359 100.00000 0
6107 8595 11.39122 0.03060 0.57050 0.72632 38 0 2 36 32 304 100.00000 0
3843 6284 11.17433 0.02301 0.20935 0.91043 132 19 10 130 94 446 100.00000 0
4457 6890 10.49150 0.41907 0.63963 2.98741 48 1 1 39 18 376 100.00000 0
359 3800 10.63139 0.01759 0.27963 1.00093 169 11 28 169 144 610 100.00000 0
1543 4854 11.95271 0.16610 0.38348 1.72737 63 1 7 52 35 783 100.00000 0
5796 8133 10.43753 0.14704 0.48114 0.57607 37 0 6 33 23 461 100.00000 0
3686 8576 10.83173 0.01491 0.37643 0.78185 77 3 3 71 59 318 100.00000 0
2828 5329 11.49547 0.72360 1.03989 3.81372 31 1 0 28 18 339 100.00000 0
33 95 10.63715 0.07637 1.40568 4.39347 34 0 0 34 24 376 100.00000 0
1276 7108 10.84387 0.05532 0.48077 0.53008 189 5 7 187 165 896 100.00000 0
1553 4891 10.45509 0.24500 0.34082 0.56924 183 5 26 180 156 898 100.00000 0
832 6624 11.04188 0.83572 0.23112 1.67841 48 3 0 41 25 484 100.00000 0
5695 8031 11.79649 0.01054 0.52137 0.52786 29 2 3 27 18 370 100.00000 0
41 3555 11.17761 0.08304 1.49408 4.77315 39 0 0 32 21 397 100.00000 0
1006 4374 11.13627 0.04693 0.39318 2.70212 93 3 7 91 67 383 100.00000 0
4551 7017 11.68665 0.03921 0.47348 0.70554 98 0 8 96 78 877 100.00000 0
3284 5741 11.28120 0.01391 0.47054 0.80503 52 0 6 46 38 393 100.00000 0
5672 7996 10.28090 0.14077 0.32727 2.15213 28 0 3 25 11 326 100.00000 0
5916 8282 10.87892 0.81725 0.40447 1.13090 32 5 6 27 18 240 100.00000 0
4098 6503 10.78399 0.04512 0.23368 2.44649 77 4 8 77 48 989 100.00000 0
854 4225 11.73332 1.04119 0.48753 1.60620 25 1 2 19 12 211 100.00000 0
731 4116 11.05272 0.01700 0.39458 0.54680 63 2 4 55 40 871 100.00000 0
3536 8317 10.27139 0.02715 0.44640 0.47313 67 6 4 64 51 457 100.00000 0
3498 5924 11.98702 0.97594 0.28343 1.20756 46 3 4 46 21 276 100.00000 0
6053 8466 10.56577 0.02281 0.58604 0.65312 51 2 11 47 35 364 100.00000 0
5766 8071 11.97288 0.04725 0.76779 2.81397 53 1 12 49 32 439 100.00000 0
4441 6910 10.14122 0.47717 0.58528 2.14064 84 2 1 79 43 471 100.00000 0
418 3828 10.29530 0.05376 0.49222 3.04105 219 16 5 212 126 575 100.00000 0
29 3527 10.69874 0.08715 1.36649 5.01407 89 0 0 86 69 497 100.00000 0
4053 6485 11.17804 0.03804 0.10602 1.86802 98 2 15 85 67 595 100.00000 0
4142 6566 10.16146 0.08733 0.33121 0.61929 139 7 20 135 105 806 100.00000 0
3216 7981 11.85666 0.74872 0.81016 1.19058 20 0 0 15 13 262 100.00000 0
3113 5617 10.05663 0.01209 0.41655 0.56993 22 1 6 15 19 354 100.00000 0
783 6618 11.04949 0.22715 0.63405 0.62558 46 0 0 42 27 651 100.00000 0
3663 6090 11.56746 0.02210 0.36864 0.24708 27 3 7 23 15 243 100.00000 0
3293 5752 10.61418 0.03534 0.35665 2.04162 74 3 8 70 41 525 100.00000 0
523 3924 10.79563 0.02087 0.28945 0.16551 246 18 41 242 214 835 100.00000 0
1692 5012 10.28561 0.00741 0.49830 1.48490 76 0 5 76 66 409 100.00000 0
343 6219 10.09782 0.00714 0.40247 0.27554 182 10 14 180 151 717 100.00000 0
599 3996 10.03216 0.02180 0.37570 0.39366 89 3 7 81 68 440 100.00000 0
5675 8001 10.09544 0.06131 0.37957 2.20158 26 1 2 23 18 300 100.00000 0
551 6396 11.65850 0.06585 0.27244 3.80550 52 1 3 49 35 310 100.00000 0
1690 5010 10.04298 0.00544 0.38396 0.19782 41 1 5 34 30 282 100.00000 0
1227 7056 10.03183 0.05889 0.36013 0.23070 199 7 5 188 165 1521 100.00000 0
4111 6539 10.20334 0.06865 0.63639 0.29074 66 1 1 59 52 878 100.00000 0
1254 4604 10.85307 0.04707 0.56711 0.82044 130 5 34 123 96 1124 100.00000 0
4497 6965 10.74697 0.02188 0.29655 1.28329 52 3 2 52 38 510 100.00000 0
3 8354 10.42549 0.08890 1.47953 5.14727 26 0 0 22 22 385 100.00000 0
5666 7957 11.07263 1.59438 0.62076 2.04507 20 2 0 17 10 281 100.00000 0
4226 6617 10.93077 0.65447 0.53848 1.55771 81 3 5 77 43 581 100.00000 0
569 3991 11.36056 0.02684 0.40721 1.49017 36 0 0 32 15 294 100.00000 0
143 6027 10.32329 0.01450 0.29464 0.84302 76 3 16 66 48 580 100.00000 0
179 3609 11.79688 0.01474 0.49970 0.81373 46 1 1 44 34 330 100.00000 0
1554 4864 11.48628 0.21263 0.24947 1.05053 98 5 16 90 68 843 100.00000 0
89 8333 11.01928 0.02395 0.33051 0.71162 41 1 3 41 30 378 100.00000 0
22 8355 10.68106 0.09103 1.90363 5.28283 45 0 0 41 33 405 100.00000 0
981 6788 11.51908 0.02512 0.42455 1.43258 71 1 2 65 48 374 100.00000 0
4014 6422 11.51188 0.03176 0.27353 1.38169 80 7 11 78 55 439 100.00000 0
52 3555 11.17761 0.08304 0.97904 4.71916 23 0 0 20 17 343 100.00000 0
3588 8387 10.27868 0.00328 0.32957 0.25488 52 3 2 52 36 408 100.00000 0
3232 8008 10.80129 0.00840 0.52366 1.65895 12 0 0 5 4 255 100.00000 0
583 3981 10.27124 0.01730 0.29210 0.87804 48 6 1 46 39 332 100.00000 0
4435 6905 11.38197 0.38724 0.31518 2.81411 24 0 0 16 7 328 100.00000 0
4399 6857 10.26603 0.03781 1.03482 2.16465 143 6 39 139 78 628 100.00000 0
5891 8208 11.12651 0.12271 0.71914 1.89713 94 1 0 88 65 437 100.00000 0
1623 4956 10.78291 0.02586 0.54581 1.03628 108 0 5 91 81 978 100.00000 0
3339 5822 10.38137 0.11192 0.52297 0.25641 35 1 1 33 28 327 100.00000 0
34 95 10.63715 0.07637 1.43935 4.38168 45 0 0 45 38 399 100.00000 0
3320 8103 10.59609 0.10287 0.25957 0.31404 40 3 3 36 31 319 100.00000 0
4278 6695 11.81124 0.00851 0.59892 0.75641 33 0 0 25 25 221 100.00000 0
1845 5125 11.28235 1.16774 0.63349 0.37742 48 0 0 40 24 332 100.00000 0
1213 7045 11.83461 0.06877 0.36059 0.41778 112 1 7 105 96 1279 100.00000 0
5680 7957 10.56065 1.57333 0.64586 2.74709 25 2 6 23 8 211 100.00000 0
5724 8030 10.80381 0.01483 0.30180 0.65012 50 2 6 42 31 696 100.00000 0
602 4022 10.02787 0.02106 0.30918 0.93628 99 12 8 94 69 669 100.00000 0
5673 8001 11.60502 0.06474 0.60376 2.39800 8 0 3 3 5 211 100.00000 0
4044 6477 11.89692 0.04528 0.18742 2.11711 87 2 8 83 68 541 100.00000 0
608 6450 11.59272 0.01759 0.14938 0.27124 102 8 24 99 63 655 100.00000 0
4198 6641 10.61259 0.56086 0.43161 0.94128 76 1 0 74 40 811 100.00000 0
3299 5788 11.83617 0.10469 0.45286 0.94004 21 0 5 19 12 286 100.00000 0
33 3554 10.16073 0.08193 1.64749 4.75316 52 0 0 46 34 429 100.00000 0
807 4190 11.48508 0.15506 0.52850 1.38593 74 1 11 72 48 746 100.00000 0
3493 8309 11.86674 0.32454 0.64259 1.82027 39 6 0 36 29 297 100.00000 0
152 6033 11.33923 0.01341 0.56471 0.89875 39 0 1 35 18 376 100.00000 0
4670 7154 11.58319 0.21279 0.72065 3.26747 49 0 2 40 24 645 100.00000 0
3523 5955 11.03610 0.06987 0.59450 0.90352 42 0 0 42 31 334 100.00000 0
1206 4583 10.65921 0.05138 0.18708 0.63489 211 23 52 209 172 1553 100.00000 0
3509 8280 11.67359 0.57119 0.23989 1.21466 28 0 2 15 8 280 100.00000 0
888 6732 11.29920 0.02043 0.55578 1.13229 37 2 1 31 25 320 100.00000 0
242 3670 10.09476 0.01918 0.31802 0.38155 49 0 5 44 33 295 100.00000 0
