0.01843 0.04471
0.01555 0.04039
0.01829 0.04000
0.01469 0.04072
0.01700 0.03777
0.01032 0.02043
0.01933 0.05348
0.02499 0.02698
0.01309 0.03775
0.01345 0.04101
0.02037 0.04190
0.02115 0.04059
0.01567 0.03872
0.02292 0.03615
0.02259 0.04017
0.01540 0.02738
0.02240 0.04135
0.01309 0.03713
0.02287 0.03866
0.01965 0.03104
0.01226 0.03469
0.01767 0.05543
0.01798 0.03943
0.01668 0.03121
0.01466 0.03396
0.01400 0.03268
0.01969 0.04073
0.01526 0.03261
0.01656 0.03583
0.01333 0.03923
0.01787 0.04385
0.01781 0.05607
0.01372 0.04236
0.01386 0.04509
0.02055 0.03969
0.01782 0.03350
0.01462 0.04012
0.01461 0.03717
0.01483 0.04039
0.01724 0.03865
0.01556 0.03478
0.02429 0.04270
0.01949 0.03778
0.01874 0.03386
0.01706 0.04335
0.01481 0.03548
0.01423 0.04006
0.01413 0.04010
0.01463 0.04129
0.01759 0.03430
0.01645 0.04424
0.01708 0.03641
0.01448 0.03704
0.01523 0.04360
0.01948 0.04098
0.01449 0.03554
0.01835 0.03980
0.01584 0.03325
0.02140 0.03468
0.01665 0.03292
0.01624 0.04057
0.01056 0.02091
0.01528 0.03131
0.01726 0.04459
0.01371 0.04183
0.01722 0.03808
0.01854 0.05532
0.01566 0.04077
0.01174 0.03686
0.01296 0.03319
0.01474 0.03607
0.01272 0.02608
0.02783 0.03874
0.02002 0.04433
0.01855 0.03860
0.02371 0.03299
0.02179 0.03635
0.01601 0.05109
0.01816 0.04150
0.01270 0.04362
0.01291 0.03045
0.02160 0.04321
0.02231 0.03460
0.01792 0.03374
0.01305 0.03204
0.01299 0.02353
0.01889 0.04342
0.01783 0.05282
0.01634 0.03427
0.01699 0.05295
0.01844 0.04069
0.01395 0.03773
0.02175 0.04099
0.01899 0.03661
0.01770 0.05362
0.02909 0.04575
0.01671 0.05202
0.01254 0.03452
0.01709 0.04574
0.02403 0.03408
0.02184 0.04148
0.01169 0.03416
0.01810 0.05086
0.01545 0.03981
0.01699 0.04006
0.01480 0.04925
0.01833 0.04260
0.01482 0.03476
0.01582 0.03999
0.01934 0.03570
0.01801 0.05800
0.02888 0.05397
0.02287 0.02728
0.01260 0.02633
0.01660 0.04091
0.01762 0.03395
0.01479 0.03444
0.01203 0.03098
0.01447 0.04121
0.02025 0.05066
0.02142 0.04179
0.01598 0.03092
0.02168 0.03153
0.01599 0.03974
0.01547 0.04029
0.01540 0.03832
0.02220 0.03829
0.01414 0.03383
0.02121 0.03533
0.01811 0.03863
0.01674 0.02791
0.01724 0.05161
0.01748 0.05674
0.01832 0.05984
0.01978 0.05420
0.02998 0.05877
0.01620 0.03821
0.01311 0.03646
0.01276 0.02208
0.01490 0.03520
0.01708 0.04678
0.01677 0.04157
0.01649 0.05435
0.02196 0.05175
0.02138 0.03423
0.02427 0.04348
0.01856 0.03415
0.02569 0.02573
0.02340 0.03154
0.01774 0.03258
0.02690 0.03715
0.02445 0.02908
0.01604 0.03409
0.01536 0.03414
0.02309 0.03127
0.01384 0.03027
0.01856 0.04092
0.01818 0.05322
0.01299 0.03458
0.01837 0.03206
0.01791 0.02892
0.01971 0.05221
0.02134 0.03512
0.01275 0.03549
0.02069 0.04999
0.01617 0.04523
0.01608 0.02958
0.01627 0.03573
0.01220 0.02695
0.02335 0.04375
0.01358 0.03155
0.01302 0.03777
0.01172 0.02712
0.01629 0.03303
0.01574 0.05222
0.01535 0.03661
0.01459 0.04233
0.01483 0.03732
0.01434 0.03972
0.01561 0.02734
0.01657 0.05144
0.01867 0.05665
0.01295 0.03610
0.01356 0.02941
0.01567 0.04317
0.01240 0.02170
0.01303 0.04598
0.02047 0.03980
0.02362 0.03931
0.01276 0.03615
0.01644 0.03444
0.02215 0.03634
0.01870 0.05446
0.02662 0.04885
0.01847 0.03530
0.01639 0.03418
0.02369 0.02876
0.01577 0.04144
0.01977 0.03448
0.01731 0.03438
0.02594 0.04442
0.01433 0.03318
0.01937 0.03480
0.01893 0.04138
0.02615 0.03788
0.01274 0.03117
0.01763 0.03821
0.01111 0.02802
0.01843 0.04331
0.01296 0.03528
0.01627 0.04009
0.01359 0.03014
0.01668 0.03120
0.01382 0.03739
0.01429 0.03885
0.01187 0.01728
0.02028 0.04725
0.01365 0.03761
0.01884 0.04054
0.01580 0.03921
0.01276 0.03823
0.01646 0.03862
0.01699 0.04053
0.02830 0.03767
0.01586 0.02895
0.01614 0.03963
0.01347 0.02545
0.01490 0.02917
0.02793 0.04107
0.01884 0.03847
0.01525 0.04033
0.01973 0.03152
0.01298 0.03148
0.01388 0.03930
0.01597 0.04026
0.01206 0.03484
0.01560 0.03473
0.01746 0.05295
0.01747 0.04818
0.01699 0.02685
0.02684 0.05770
0.01542 0.03423
0.01302 0.03352
0.01610 0.03849
0.01561 0.03602
0.02045 0.03579
0.01249 0.03493
0.02111 0.03504
0.01457 0.03249
0.01892 0.03025
0.01550 0.03283
0.01590 0.03959
0.01779 0.03711
0.02819 0.03759
0.01282 0.03402
0.01835 0.05196
0.02078 0.03623
0.02436 0.04268
0.01522 0.03125
0.01930 0.03725
0.01960 0.03958
0.02750 0.05194
0.01791 0.03884
0.03231 0.04851
0.03253 0.04767
0.02549 0.04101
0.01274 0.03202
0.02172 0.02712
0.02496 0.04118
0.01866 0.03888
0.02523 0.04115
0.01423 0.04488
0.01571 0.03612
0.01653 0.03398
0.01434 0.03846
0.01562 0.04031
0.01423 0.04107
0.01572 0.04377
0.01220 0.02895
0.01602 0.05237
0.01761 0.03224
0.01297 0.03246
0.01214 0.03558
0.01689 0.03606
0.01855 0.04008
0.01780 0.03029
0.01675 0.04547
0.01912 0.04042
0.01448 0.03591
0.01480 0.03934
0.01510 0.02420
0.01718 0.05261
0.01353 0.03550
0.01587 0.03435
0.01651 0.03819
0.01988 0.04242
0.01607 0.03857
0.01864 0.04225
0.01726 0.05326
0.01417 0.04009
0.01836 0.03846
0.01456 0.03907
0.01294 0.04042
0.01730 0.05433
0.01415 0.03973
0.01808 0.05018
0.01396 0.04117
0.02535 0.03564
0.01563 0.04059
0.01559 0.04314
0.02237 0.05324
0.01311 0.03992
0.01802 0.04560
0.01695 0.04199
0.01607 0.03251
0.01575 0.03966
0.02167 0.03575
0.02266 0.04319
0.01348 0.03114
0.01360 0.02893
0.01614 0.04971
0.01688 0.03881
0.01861 0.04141
0.02472 0.04309
0.01868 0.02970
0.02274 0.04683
0.01963 0.03163
0.02118 0.02659
0.02001 0.03671
0.01586 0.03875
0.01367 0.02905
0.01475 0.03002
0.01443 0.04345
0.01847 0.05529
0.01644 0.04101
0.02222 0.03834
0.01630 0.03664
0.02636 0.05504
0.01921 0.04018
0.01369 0.03242
0.01581 0.04213
0.01419 0.04056
0.01717 0.04225
0.01521 0.03634
0.01905 0.03590
0.01924 0.05997
0.01681 0.03497
0.02515 0.05325
0.01227 0.02945
0.02255 0.02353
0.02380 0.05592
0.01930 0.03288
0.01661 0.04223
0.01714 0.05620
0.01686 0.03594
0.01161 0.02707
0.01792 0.04324
0.01465 0.03658
0.02275 0.05913
0.01670 0.05303
0.02817 0.04143
0.01040 0.02261
0.01473 0.03956
0.01714 0.03489
0.01474 0.04298
0.01585 0.04244
0.01536 0.03841
0.01526 0.03935
0.01517 0.03542
0.01895 0.04224
0.01439 0.04083
0.02175 0.04472
0.01726 0.03367
0.01306 0.02962
0.01271 0.03528
0.01926 0.05780
0.01484 0.03847
0.01422 0.03814
0.01395 0.04066
0.01742 0.04345
0.02721 0.05390
0.01695 0.04739
0.01306 0.03333
0.01822 0.03323
0.02704 0.04627
0.02034 0.03594
0.01265 0.03165
0.01820 0.04381
0.02108 0.04444
0.01806 0.04081
0.01496 0.03286
0.01192 0.03002
0.01818 0.05843
0.01354 0.03413
0.01480 0.03559
0.02643 0.03589
0.01645 0.04040
0.01390 0.04057
0.02378 0.05205
0.01542 0.03992
0.01596 0.03225
0.02347 0.04125
0.01392 0.03492
0.01678 0.03364
0.01735 0.04005
0.01396 0.02986
0.02725 0.03993
0.01586 0.03288
0.01747 0.03845
0.01280 0.03089
0.02403 0.02801
0.02277 0.04183
0.02482 0.03867
0.01953 0.04006
0.01572 0.03339
0.02130 0.04242
0.01813 0.03346
0.01799 0.03625
0.02589 0.03583
0.01664 0.03846
0.01372 0.03495
0.01240 0.03417
0.02009 0.05132
0.01596 0.04000
0.01300 0.02363
0.01644 0.03120
0.01717 0.05113
0.01556 0.03974
0.01553 0.04568
0.01582 0.04148
0.01840 0.03590
0.02944 0.05720
0.02528 0.04641
0.01889 0.04204
0.01990 0.04143
0.01374 0.03418
0.01343 0.03179
0.01229 0.04055
0.02300 0.04257
0.02096 0.03644
0.01673 0.02786
0.01486 0.04746
0.01436 0.03911
0.01470 0.04249
0.02236 0.05984
0.01610 0.03773
0.02075 0.03387
0.01895 0.04477
0.02390 0.03887
0.01533 0.03603
0.01602 0.03674
0.01310 0.02597
0.01698 0.04435
0.01977 0.06088
0.01285 0.03582
0.01385 0.03268
0.01479 0.03287
0.01673 0.04201
0.01338 0.03542
0.01695 0.04196
0.02485 0.04374
0.01879 0.03330
0.01880 0.03264
0.01821 0.03938
0.01826 0.03547
0.01376 0.03552
0.01615 0.03944
0.01728 0.05102
0.01449 0.04097
0.01487 0.03892
0.02474 0.04752
0.01523 0.04025
0.01569 0.03956
0.01328 0.03021
0.01843 0.03270
0.01251 0.02955
0.02742 0.03429
0.02024 0.04423
0.02096 0.03806
0.01665 0.03957
0.01668 0.03919
0.02299 0.02895
0.01696 0.04416
0.01831 0.04359
0.01510 0.05814
0.01257 0.02419
0.01497 0.03830
0.02390 0.05136
0.02094 0.03671
0.02359 0.03979
0.01932 0.03912
0.02038 0.03881
0.01373 0.04979
0.01717 0.04266
0.01375 0.04271
0.01611 0.04073
0.01469 0.04329
0.02026 0.04122
0.01396 0.03238
0.02634 0.04189
0.01831 0.04410
0.01174 0.03322
0.01932 0.02886
0.01950 0.03747
0.01997 0.03800
0.01127 0.03360
0.01616 0.05041
0.02638 0.04580
0.01498 0.04289
0.01604 0.03982
0.02285 0.04950
0.01652 0.03278
0.01824 0.03621
0.01546 0.03449
0.01665 0.03674
0.02054 0.04323
0.01581 0.03725
0.01284 0.03200
0.01917 0.03335
0.01679 0.03812
0.02851 0.03906
0.01757 0.03516
0.01688 0.03858
0.01988 0.05872
0.01708 0.02815
0.01459 0.03059
0.02713 0.05466
0.01728 0.05643
0.01459 0.03209
0.01662 0.04267
0.01563 0.03807
0.01334 0.03197
0.02461 0.05044
0.01457 0.03781
0.02698 0.03850
0.01717 0.03346
0.01365 0.03117
0.01359 0.03320
0.01639 0.02993
0.02707 0.05086
0.02152 0.04886
0.01296 0.03772
0.01554 0.03939
0.01512 0.03356
0.01480 0.04068
0.01965 0.02761
0.01379 0.03940
0.01909 0.04049
0.01778 0.05652
0.02092 0.04117
0.01996 0.03316
0.02136 0.03766
0.02288 0.03631
0.01674 0.03847
0.01547 0.03538
0.01552 0.05382
0.02689 0.04435
0.01544 0.04013
0.01735 0.04548
0.02937 0.04710
0.02141 0.04059
0.01582 0.02483
0.01339 0.03648
0.01446 0.04218
0.01950 0.03869
0.01212 0.03434
0.01269 0.03344
0.01356 0.03421
0.01987 0.04859
0.01473 0.03859
0.01402 0.04167
0.01544 0.04152
0.02014 0.03320
0.01367 0.03477
0.01809 0.04564
0.01768 0.03813
0.01469 0.04061
0.01871 0.04052
0.02345 0.04205
0.01560 0.03642
0.01678 0.04005
0.01299 0.03418
0.01517 0.04103
0.01280 0.03617
0.02173 0.04216
0.02252 0.04039
0.02121 0.05738
0.01553 0.03833
0.01457 0.03988
0.01444 0.02817
0.02050 0.05876
0.01556 0.04005
0.01777 0.05119
0.01843 0.04002
0.01477 0.04058
0.01517 0.03929
0.01480 0.04482
0.01924 0.04195
0.01692 0.02798
0.02024 0.02588
0.01825 0.04041
0.01648 0.03144
0.01507 0.03627
0.02415 0.03465
0.01811 0.05913
0.01658 0.04854
0.02900 0.04602
0.02678 0.03695
0.01815 0.03449
0.01824 0.04533
0.01781 0.05332
0.01586 0.03622
0.01678 0.04769
0.01953 0.04021
0.03354 0.05651
0.03133 0.05545
0.01290 0.04464
0.01727 0.03639
0.01615 0.04290
0.01443 0.04019
0.02729 0.05306
0.01685 0.03320
0.01367 0.03520
0.01728 0.04861
0.01303 0.03159
0.01854 0.04209
0.01801 0.05271
0.01376 0.03663
0.01334 0.03827
0.01303 0.02594
0.01434 0.03955
0.01425 0.03377
0.02121 0.03833
0.01505 0.03322
0.01316 0.03585
0.02008 0.02858
0.02042 0.04176
0.01476 0.03864
0.01929 0.04668
0.01411 0.03014
0.01352 0.03625
0.01548 0.02658
0.01439 0.03971
0.02776 0.05548
0.01886 0.03905
0.01330 0.02549
0.01468 0.04212
0.02370 0.05383
0.01347 0.04004
0.01850 0.05067
0.01798 0.03672
0.01820 0.05077
0.01967 0.04106
0.01518 0.04063
0.01546 0.04305
0.01421 0.03933
0.01434 0.04196
0.01697 0.04038
0.01414 0.03795
0.01280 0.03136
0.02208 0.03839
0.01426 0.04068
0.01412 0.03958
0.01542 0.03299
0.01152 0.02740
0.01685 0.04883
0.02214 0.03794
0.03677 0.04040
0.01454 0.03003
0.01411 0.04078
0.01905 0.03525
0.02521 0.03395
0.01690 0.04279
0.01389 0.04045
0.01533 0.03585
0.01871 0.03999
0.01643 0.03575
0.01674 0.04928
0.02112 0.03591
0.01335 0.03023
0.03030 0.03453
0.01859 0.03081
0.01948 0.04677
0.01555 0.03782
0.01769 0.03175
0.02448 0.04102
0.01390 0.03377
0.01736 0.04049
0.02897 0.05084
0.01330 0.03003
0.02089 0.03863
0.01707 0.03925
0.03031 0.05512
0.02264 0.03265
0.01323 0.03583
0.01706 0.05158
0.02344 0.05456
0.02568 0.04270
0.01515 0.04122
0.01448 0.04334
0.02185 0.04584
0.01463 0.04062
0.01337 0.03224
0.01335 0.03695
0.01820 0.03410
0.01833 0.03843
0.01231 0.02609
0.01297 0.03386
0.01838 0.03179
0.01876 0.04749
0.01181 0.03431
0.01235 0.03529
0.02521 0.05301
0.01914 0.04816
0.01299 0.03959
0.01952 0.04846
0.01406 0.03448
0.01749 0.04466
0.01938 0.05892
0.01462 0.03677
0.01690 0.02537
0.01572 0.04469
0.01811 0.03765
0.01868 0.05456
0.01805 0.03617
0.01802 0.04667
0.02448 0.03754
0.02056 0.03603
0.01310 0.03172
0.01363 0.03955
0.02476 0.03887
0.01660 0.04215
0.01576 0.04114
0.01689 0.05339
0.01300 0.03942
0.01732 0.03289
0.01476 0.03812
0.01847 0.04263
0.01546 0.05169
0.02724 0.05428
0.01363 0.03240
0.01774 0.05371
0.01313 0.03681
0.01437 0.04112
0.01612 0.04030
0.01730 0.04010
0.01508 0.04280
0.01507 0.02478
0.01769 0.03108
0.01641 0.03762
0.01593 0.05269
0.02053 0.06280
0.01886 0.03735
0.01509 0.03118
0.01991 0.03915
0.01861 0.03209
0.01612 0.03282
0.01874 0.05512
0.01944 0.05628
0.01437 0.03191
0.02691 0.03880
0.01942 0.04003
0.01299 0.03680
0.01261 0.03238
0.02020 0.03549
0.01658 0.05087
0.01202 0.03526
0.01573 0.04177
0.02173 0.03476
0.01218 0.03344
0.02232 0.04125
0.01563 0.03141
0.01550 0.02961
0.01784 0.04914
0.01490 0.04139
0.03258 0.05099
0.01480 0.03982
0.01573 0.03175
0.02154 0.05233
0.01398 0.03078
0.01390 0.04276
0.01860 0.03649
0.03169 0.05803
0.01371 0.04709
0.01479 0.04094
0.01932 0.03767
0.02176 0.05443
0.01343 0.03072
0.01425 0.03551
0.02347 0.04204
0.01453 0.05024
0.01420 0.03248
0.01628 0.03902
0.02300 0.04766
0.02126 0.04355
0.01498 0.03908
0.01171 0.03257
0.04464 0.04482
0.01794 0.04616
0.02487 0.04740
0.01675 0.05253
0.01876 0.03594
0.01581 0.04953
0.01881 0.04061
0.01787 0.04584
0.01788 0.04390
0.01567 0.03597
0.01428 0.03037
0.01737 0.05605
0.01476 0.03362
0.02154 0.03092
0.01720 0.03898
0.02147 0.04179
0.01300 0.03478
0.01319 0.03120
0.01740 0.04719
0.01639 0.04310
0.03439 0.06569
0.02424 0.03427
0.01335 0.03293
0.01276 0.03250
0.01762 0.05636
0.01572 0.04577
0.01897 0.03534
0.02098 0.03600
0.01378 0.03575
0.01392 0.04045
0.01887 0.04384
0.01515 0.03989
0.02059 0.05236
0.02020 0.02682
0.01996 0.05462
0.01638 0.04041
0.01509 0.03730
0.01843 0.04640
0.01331 0.03081
0.01243 0.02141
0.01951 0.04216
0.02563 0.04023
0.01870 0.04210
0.01923 0.02682
0.01458 0.03962
0.01482 0.03786
0.01552 0.04280
0.01938 0.04263
0.02006 0.04186
0.01304 0.03684
0.02063 0.03971
0.01159 0.01706
0.01950 0.03939
0.02484 0.04492
0.01502 0.02698
0.01761 0.03623
0.01862 0.03636
0.01678 0.04093
0.01417 0.02771
0.01823 0.03897
0.01557 0.03741
0.01687 0.04853
0.01216 0.03683
0.01933 0.03724
0.01435 0.03963
0.01721 0.05595
0.01678 0.03265
0.01833 0.03734
0.01869 0.03458
0.01617 0.04589
0.01684 0.04985
0.01826 0.05689
0.01192 0.03654
0.01420 0.03925
0.02285 0.04628
0.01515 0.04221
0.02474 0.03605
0.01699 0.04577
0.01475 0.04117
0.02219 0.03776
0.02078 0.04434
0.01313 0.04086
0.00993 0.02478
0.01312 0.02711
0.01387 0.03923
0.01700 0.04909
0.01641 0.03889
0.02948 0.04161
0.02057 0.03934
0.01893 0.03193
0.01631 0.03449
0.01324 0.03303
0.01496 0.03822
0.01335 0.03713
0.01718 0.04031
0.01707 0.03680
0.01886 0.03948
0.01554 0.04230
0.01820 0.05681
0.01311 0.03314
0.02077 0.04228
0.01761 0.04220
0.01807 0.04576
0.01434 0.03712
0.01395 0.03714
0.01645 0.03271
0.01743 0.05045
0.01854 0.03075
0.01483 0.02157
0.01511 0.02635
0.01832 0.05174
0.01794 0.02918
0.01299 0.03123
0.01616 0.03270
0.01427 0.04087
0.01507 0.03883
0.01521 0.04567
0.01878 0.03161
0.01695 0.04778
0.02004 0.03828
0.02081 0.04198
0.00955 0.02181
0.01659 0.03679
0.01770 0.04080
0.01960 0.03909
0.01892 0.04074
0.01886 0.03671
0.01394 0.02801
0.01655 0.03003
0.01705 0.04055
0.01467 0.03316
0.01598 0.04556
0.02060 0.05341
0.01338 0.02601
0.01633 0.03557
0.01891 0.04455
0.01497 0.04010
0.01362 0.03818
0.01674 0.03402
0.01391 0.04084
0.01440 0.04210
0.01879 0.05034
0.02184 0.05212
0.01966 0.04122
0.01188 0.04435
0.02054 0.03305
0.01409 0.04053
0.01525 0.03884
0.01452 0.03736
0.01616 0.04944
0.01326 0.04035
0.01519 0.04713
0.01455 0.04090
0.01525 0.03766
0.01370 0.02599
0.01333 0.02935
0.01852 0.05221
0.02024 0.05853
0.01718 0.03805
0.02281 0.05888
0.01560 0.04025
0.03256 0.06141
0.01727 0.04020
0.01491 0.04038
0.01463 0.04303
0.01228 0.03299
0.01516 0.04860
0.01379 0.03315
0.01239 0.03534
0.02924 0.04912
0.01586 0.03651
0.01992 0.02815
0.01449 0.03244
0.02193 0.03993
0.01754 0.04983
0.02450 0.04223
0.01925 0.04522
0.01583 0.04174
0.02521 0.04322
0.01707 0.03316
0.01675 0.04110
0.02306 0.03496
0.01648 0.05252
0.01388 0.03866
0.01923 0.03372
0.01523 0.03947
0.01520 0.04092
0.01823 0.05223
0.01604 0.03518
0.02663 0.03576
0.01668 0.04614
0.02387 0.03910
0.01509 0.03574
0.01277 0.03606
0.02183 0.03834
0.01838 0.04166
0.01751 0.04827
0.01709 0.03889
0.01469 0.03385
0.01734 0.04111
0.01706 0.05308
0.01316 0.02106
0.01560 0.04096
