0.03609 0.01599
0.04254 0.02334
0.01574 0.01481
0.01817 0.01444
0.00203 0.00216
0.00579 0.00548
0.01970 0.01785
0.02176 0.01688
0.01584 0.01442
0.01489 0.01302
0.01964 0.02167
0.02334 0.01457
0.01790 0.02911
0.01653 0.01316
0.00198 0.00180
0.00194 0.00212
0.01477 0.01405
0.00257 0.00258
0.01778 0.01439
0.00189 0.00189
0.03536 0.02698
0.02181 0.01453
0.01851 0.01457
0.02023 0.01460
0.02397 0.03389
0.00190 0.00235
0.00194 0.00223
0.00228 0.00241
0.00550 0.00523
0.02093 0.02466
0.01297 0.01326
0.00239 0.00221
0.02078 0.02659
0.01615 0.01611
0.00222 0.00235
0.00195 0.00300
0.03457 0.01601
0.00183 0.00181
0.00258 0.00283
0.02541 0.01428
0.03066 0.01533
0.00234 0.00229
0.01964 0.01901
0.02216 0.01559
0.00226 0.00233
0.01936 0.01894
0.00286 0.00264
0.02605 0.02929
0.00218 0.00225
0.00508 0.00518
0.00225 0.00304
0.01421 0.01910
0.01911 0.01456
0.00189 0.00191
0.00729 0.00192
0.03249 0.01865
0.02125 0.02203
0.02052 0.02229
0.01741 0.01553
0.01504 0.01381
0.02108 0.02210
0.00376 0.00343
0.02189 0.02230
0.02549 0.02833
0.00618 0.00515
0.02007 0.01606
0.00452 0.00434
0.02405 0.01844
0.02341 0.02320
0.02085 0.01478
0.01597 0.01424
0.00191 0.00145
0.00208 0.00204
0.00217 0.00217
0.00173 0.00172
0.01819 0.01460
0.00204 0.00195
0.00270 0.00282
0.01882 0.01390
0.02141 0.01912
0.02262 0.02154
0.00234 0.00267
0.00235 0.00282
0.02247 0.01597
0.01428 0.02146
0.02165 0.02345
0.00471 0.00485
0.04063 0.02564
0.02281 0.03068
0.02565 0.02103
0.02050 0.02114
0.02055 0.02456
0.00387 0.00396
0.00517 0.00504
0.00194 0.00197
0.00251 0.00261
0.00192 0.00177
0.01967 0.01520
0.02132 0.01419
0.02469 0.02047
0.01977 0.01882
0.00242 0.00264
0.02049 0.01818
0.00607 0.00568
0.01700 0.01386
0.01450 0.01416
0.00251 0.00236
0.01948 0.01488
0.00540 0.00460
0.00211 0.00204
0.01906 0.01916
0.00194 0.00206
0.00455 0.00471
0.01452 0.01037
0.00279 0.00247
0.02763 0.02148
0.02006 0.01316
0.01783 0.01928
0.00221 0.00306
0.01715 0.01373
0.01905 0.01673
0.02221 0.01673
0.02204 0.02434
0.02307 0.02093
0.01364 0.01193
0.01950 0.01516
0.02939 0.01595
0.01709 0.01646
0.00463 0.00450
0.02016 0.01779
0.02083 0.02038
0.00256 0.00281
0.01547 0.01432
0.01335 0.01216
0.00665 0.00652
0.00651 0.00610
0.02038 0.01461
0.00182 0.00187
0.01996 0.02166
0.00845 0.01031
0.03916 0.02256
0.03111 0.01934
0.00518 0.00481
0.00449 0.00476
0.01389 0.02111
0.01357 0.02047
0.00190 0.00173
0.01731 0.01309
0.02231 0.01686
0.02068 0.02191
0.01513 0.01119
0.00761 0.00678
0.02880 0.01415
0.02558 0.02084
0.00225 0.00264
0.00220 0.00241
0.00265 0.00276
0.00417 0.00385
0.00440 0.00467
0.02948 0.02626
0.00651 0.00653
0.00195 0.00255
0.00234 0.00271
0.00669 0.00648
0.03268 0.02704
0.02062 0.02436
0.01525 0.01385
0.00273 0.00297
0.01588 0.01316
0.02176 0.02018
0.00584 0.00495
0.01523 0.01424
0.00209 0.00204
0.00223 0.00216
0.01998 0.01851
0.00199 0.00196
0.02054 0.02590
0.00573 0.00533
0.02603 0.02904
0.00363 0.00379
0.00207 0.00202
0.02000 0.02084
0.02513 0.01869
0.00211 0.00198
0.02026 0.01863
0.01734 0.01436
0.02645 0.01448
0.00245 0.00261
0.00226 0.00204
0.00224 0.00198
0.00180 0.00309
0.00222 0.00258
0.00457 0.00498
0.01953 0.02038
0.02352 0.01732
0.00199 0.00225
0.01948 0.01404
0.00440 0.00451
0.03626 0.02484
0.00218 0.00231
