2842 3137 10.28570 0.02001 0.38555 1.15758 76 70 6 67 37
2793 5444 11.06247 2.94905 0.35586 1.69628 46 20 16 32 8
488 3515 10.56562 0.10188 0.54864 0.72308 47 45 0 40 35
4170 6469 10.78194 2.76833 1.31905 2.90515 25 11 1 16 9
2933 3138 10.81961 0.01709 0.74111 1.07009 74 66 7 67 36
4272 4406 10.77024 0.01125 0.41619 0.77329 41 36 2 33 27
551 7156 11.19273 2.95583 3.12040 2.48049 7 2 0 4 3
1601 6029 10.07730 3.06250 0.74017 2.97874 66 7 20 52 36
209 7367 11.82651 2.89787 0.31608 1.67117 53 24 29 53 28
439 7210 11.56698 3.10076 0.40449 3.18678 8 2 0 6 5
4271 4336 11.27196 0.01407 0.59981 0.84023 43 35 3 37 30
4271 4404 11.27196 0.01407 0.53806 0.79574 36 28 7 34 20
7429 7507 11.25316 0.01296 0.69558 0.82377 36 16 2 25 13
3084 5477 11.92975 3.13191 2.25244 3.69321 18 2 5 2 2
3060 5475 10.45492 3.13401 1.05900 1.88679 25 23 2 19 12
1592 6076 10.40920 3.10919 0.99950 1.04568 29 20 6 20 12
1178 4083 11.90730 0.02889 0.30996 0.91215 48 45 3 41 23
4133 6514 11.38160 nan 1.52028 2.93985 7 0 0 7 5
4271 4799 11.27196 0.01407 0.58363 0.76310 44 34 9 44 25
1510 6184 11.88497 3.09254 1.84429 4.30238 7 4 0 4 2
2205 2324 10.08808 0.02070 0.34172 0.95285 14 11 2 11 8
2407 5445 10.50813 2.96571 0.51068 1.92051 50 27 9 40 13
3939 6708 10.79658 3.10509 0.89544 2.44841 11 1 4 4 5
2202 2410 11.49669 0.02420 0.51013 0.98913 20 13 4 15 9
3040 5444 11.06605 2.94908 0.69167 1.77740 42 20 15 34 14
2203 3079 11.05481 0.02316 0.57833 1.58016 25 13 2 19 15
578 7147 11.25232 3.00914 1.56406 1.46233 6 1 3 6 1
2202 2791 11.49669 0.02420 0.60995 0.93712 21 16 2 15 11
2862 5475 10.45492 3.13401 0.83644 1.64354 21 18 3 19 14
358 7263 11.77573 2.96327 1.98993 1.65327 51 20 0 46 23
4273 4387 10.24980 0.00372 0.61277 0.17017 70 64 4 65 54
1004 6771 10.15407 2.98035 0.51759 1.34668 33 20 0 19 15
3167 5431 11.70679 2.71250 0.17830 0.64710 48 36 9 40 17
4336 5015 11.47663 0.01429 0.39322 0.83134 61 54 7 57 29
7428 7543 11.74928 0.01419 0.53477 0.84023 42 33 4 34 20
1536 6135 11.88065 2.34077 1.42156 0.72524 13 3 8 10 5
3727 6968 11.09867 3.00185 1.19970 2.70400 34 4 4 25 9
512 7197 11.98086 3.08385 1.09746 2.77897 4 1 0 4 4
2499 5444 11.06247 2.94905 0.69967 1.67631 43 20 14 28 18
3928 6692 10.25243 3.02006 1.31349 2.13295 32 3 5 22 4
560 3547 10.47178 0.22423 0.57234 0.86773 16 14 0 14 10
2187 5501 10.39527 3.09895 0.89511 1.42958 7 5 1 7 2
2465 5444 11.06247 2.94905 0.71265 1.79755 41 15 13 32 14
523 7191 11.64097 3.05963 20.97879 11.87076 5 0 0 2 4
319 7265 10.69860 3.00779 2.92447 1.87430 48 4 0 46 15
893 6882 11.14054 3.13706 0.77952 3.51625 3 1 0 1 1
1756 5849 11.36020 3.05658 1.43419 0.84209 60 4 0 50 30
1624 6036 10.41035 3.11029 2.59351 2.24821 58 25 27 44 30
4828 5015 11.47663 0.01429 0.83649 0.79966 61 59 2 59 30
989 6753 10.83691 2.29045 1.09533 1.38423 44 5 5 34 26
2497 3139 11.38663 0.01475 0.85859 1.00405 67 56 8 64 27
2202 2625 11.49669 0.02420 0.59335 0.38866 20 13 4 17 9
3052 5476 11.20570 3.13283 0.49801 1.69628 22 17 4 13 9
1910 5725 11.26101 3.04343 1.16303 0.62807 17 1 3 11 5
4371 5015 11.47663 0.01429 0.52573 0.81805 56 55 1 56 35
2048 5614 10.43174 3.08955 40.40597 177.01784 5 0 0 1 2
3774 6916 10.48370 3.11127 3.23976 4.24741 8 0 0 4 3
4796 5014 10.97741 0.01408 0.41285 0.81517 48 44 4 45 26
4272 4947 10.77116 0.01120 0.58797 0.61166 58 45 10 50 36
1672 5936 11.79301 3.09894 0.42733 1.59790 20 8 7 11 8
113 169 10.75039 0.04458 0.24649 0.60003 74 69 4 70 49
3694 7003 11.88168 3.00898 0.89319 1.31581 19 8 1 17 7
2576 5444 11.06247 2.94905 1.11023 1.68679 44 11 17 24 11
3643 7039 10.52697 3.08488 1.27361 1.04978 21 3 1 15 8
2465 3140 11.98752 0.01419 0.24683 0.81373 67 62 5 63 36
2205 2292 10.08808 0.02070 0.51395 0.77682 19 9 1 9 6
7432 7535 10.50319 0.01566 0.65781 0.75692 52 38 3 43 30
1625 6000 10.45692 2.91145 1.06945 0.66205 64 9 23 53 16
2258 3137 10.28178 0.02095 0.41198 1.21756 67 64 3 65 41
2484 5477 11.93388 3.13196 2.32364 2.35667 15 1 1 5 2
351 7245 10.01021 3.08236 1.09976 1.52264 52 3 2 36 30
2411 5476 11.20983 3.13290 0.48516 1.77476 18 12 4 13 9
4663 5013 10.22837 0.01310 0.46385 0.86230 58 57 1 52 30
2802 3140 11.98752 0.01419 0.55731 0.81757 58 50 8 56 30
2924 5477 11.92975 3.13191 0.88029 2.01344 17 12 2 8 4
11 142 11.75631 0.02808 1.41489 0.53082 38 0 0 12 12
3720 6970 10.88772 3.09206 1.13485 2.38195 35 6 0 24 9
5210 5338 10.98272 0.01316 0.74882 0.75069 42 25 5 35 21
1076 6650 10.97739 3.13688 1.16597 2.77403 35 1 1 30 11
3079 5445 10.51161 2.96574 0.67127 1.98209 48 17 14 33 16
508 7199 11.71929 3.09812 3.69137 12.60270 4 3 0 1 3
3681 7003 10.69123 2.95740 0.98579 2.27124 10 3 0 6 5
783 6988 11.37710 3.11473 0.64291 1.91090 23 14 3 23 7
4042 6585 11.03005 3.08358 1.23991 1.79580 26 1 0 19 10
754 7018 11.36990 2.94189 1.44553 2.84936 9 4 0 7 4
7428 7540 11.74909 0.01417 0.26679 1.22525 40 31 3 30 21
724 7047 11.14035 3.02502 1.30487 1.40917 22 2 0 18 10
4788 5015 11.47663 0.01429 0.67727 0.79426 68 65 3 62 35
4702 5015 11.47663 0.01429 0.84566 0.82044 52 49 2 48 32
202 7381 11.42491 2.96388 0.52154 0.70221 83 61 21 75 44
1309 6418 10.46674 3.11723 0.37288 2.09181 18 4 4 6 7
5208 5281 11.98285 0.01307 1.06942 2.47986 34 15 0 26 21
3063 3140 11.99147 0.01379 0.68059 0.84580 64 59 4 62 27
3967 6676 11.19348 3.13718 1.44250 1.95545 19 6 0 12 8
2686 3140 11.98752 0.01419 0.42671 0.81036 54 50 4 50 27
1245 6486 11.55414 3.11703 1.01551 2.71325 7 1 0 4 3
991 6741 11.65740 2.19848 0.66909 1.88969 26 3 2 22 13
2672 5444 11.06247 2.94905 0.60665 1.75792 40 20 11 34 12
2364 3140 11.98752 0.01419 0.28713 0.81181 53 45 7 44 25
3715 6977 11.33154 3.12405 1.26946 2.48475 51 7 0 46 14
541 3544 11.74476 0.15328 0.53641 0.45714 18 14 3 11 9
2309 5476 11.20983 3.13290 0.85249 2.12394 14 9 0 9 6
1558 6076 10.57850 2.90479 0.47954 1.28573 44 26 11 34 15
240 7369 11.45907 2.99942 8.18683 2.26918 23 0 0 8 14
492 7185 10.84931 2.97515 0.53448 2.76385 17 6 1 15 8
4626 5013 10.22837 0.01310 0.39345 0.73595 62 61 1 57 32
5210 5321 10.98272 0.01316 0.42085 0.75069 42 38 4 42 28
4272 4898 10.77126 0.01155 0.67075 0.63735 44 27 7 35 27
3903 6725 11.02109 2.41530 0.35774 2.74481 18 8 0 16 9
646 7099 10.29160 3.05641 1.47075 1.83718 25 0 2 19 12
2550 5477 11.93388 3.13196 1.30974 1.98781 24 14 5 9 7
4110 6516 11.60281 3.13436 1.53582 2.29627 24 1 1 19 10
4337 5014 10.97741 0.01408 0.61923 0.78932 49 40 7 45 29
2924 3139 11.39058 0.01408 0.77204 0.82662 74 62 12 74 37
2417 5445 10.50813 2.96571 0.52974 1.90742 39 18 11 32 15
5297 5390 10.24948 0.12549 0.45633 0.84209 41 32 4 39 20
2887 5445 10.51161 2.96574 0.43724 2.02062 47 17 4 38 15
3127 5434 11.02124 2.75080 0.99184 1.86088 44 21 10 37 14
4139 6509 11.78473 3.13977 6.29268 179.89347 4 0 0 0 1
2608 3138 10.81564 0.01799 0.40525 1.05943 74 69 5 69 40
2893 5444 11.06605 2.94908 0.43867 1.74204 45 28 8 35 16
226 7349 11.76580 2.81838 0.36176 2.50483 19 5 8 17 8
2204 2963 10.55489 0.02191 0.44741 0.98675 21 11 5 14 7
1844 5745 11.13482 3.11698 0.96047 3.64787 14 7 0 2 6
4272 4397 10.77024 0.01125 0.63285 0.78034 54 45 5 41 30
505 3526 11.46548 0.13809 2.24951 3.00400 5 0 0 1 2
2538 5443 11.65748 2.93190 0.55752 1.62510 45 24 17 41 17
81 138 10.75197 0.02425 0.89716 0.16313 46 26 1 39 25
2775 3140 11.98752 0.01419 0.47805 0.81084 56 51 5 49 27
283 7324 11.93102 3.10492 0.78682 1.06606 6 2 1 2 1
2983 3137 10.28570 0.02001 0.68804 1.14739 75 69 6 68 32
2912 5445 10.51161 2.96574 0.53500 2.06545 35 19 5 28 15
2585 5475 10.45907 3.13408 1.29835 1.69119 18 14 2 18 7
4771 5014 10.97741 0.01408 0.81803 0.93628 59 48 4 53 33
2753 3140 11.98752 0.01419 0.42250 0.81132 68 56 12 64 33
3069 3139 11.39058 0.01408 0.44744 1.00678 43 37 3 43 26
3795 6891 10.39161 3.13936 1.90755 2.72620 17 1 1 7 1
2606 3138 10.81564 0.01799 0.69410 1.07082 65 54 9 61 34
2205 2296 10.08808 0.02070 0.46360 0.56093 23 19 4 23 13
2518 5476 11.20983 3.13290 0.42549 1.78136 24 18 4 17 12
2838 3139 11.39058 0.01408 0.65303 0.81084 70 65 4 70 42
469 7197 11.37693 3.01921 2.54079 4.32110 7 0 0 4 3
1549 6089 11.86966 2.65604 1.02776 1.56723 42 8 16 27 20
2413 3139 11.38663 0.01475 0.28766 0.87223 77 70 5 66 38
2995 5443 11.66109 2.93193 0.46746 1.71029 41 22 12 29 16
4314 5016 11.97357 0.01623 0.45411 0.92281 61 55 6 56 31
2320 5475 10.45907 3.13408 1.12906 1.67351 12 8 4 10 2
1764 5841 11.13486 2.96792 1.45501 1.07192 37 5 6 19 10
2679 5476 11.20983 3.13290 0.47556 1.94883 26 18 6 21 9
1796 5848 10.09604 2.89143 1.74745 1.44915 56 18 28 52 18
4273 4945 10.25074 0.00397 0.54693 0.59215 53 44 2 45 35
1301 6427 10.28609 3.13133 1.29732 2.08732 42 2 4 32 15
1574 6132 11.51661 3.10593 0.33729 1.37515 23 20 3 23 15
1227 6504 11.53815 3.13066 1.47190 3.75369 17 2 1 12 3
2581 3140 11.98752 0.01419 0.33073 0.81229 56 52 4 56 34
540 7160 10.24544 2.98576 2.44991 2.74210 7 0 1 4 1
1411 6304 11.56737 3.12720 2.13361 4.44541 10 0 0 6 4
501 3498 11.11976 0.08551 0.42723 0.61166 40 36 2 28 23
620 3581 11.28906 0.07274 0.67104 0.63366 33 28 3 24 16
5209 5283 11.48280 0.01318 0.72238 0.93041 31 15 6 25 10
784 6987 11.25326 3.11819 1.13900 2.16681 29 8 1 22 12
4125 6520 10.30305 3.13556 0.97413 2.42689 24 8 1 20 15
2358 5475 10.45907 3.13408 1.39740 1.70249 19 14 3 9 5
2960 5476 11.20570 3.13283 1.25204 1.73190 20 15 2 7 7
3744 6935 11.81514 3.09863 0.23966 3.14348 7 3 2 3 2
874 3798 11.74607 0.00900 0.47565 0.22555 25 23 1 15 13
1940 5712 11.26322 2.93346 8.65393 0.58417 22 0 0 22 17
2203 2398 11.05882 0.02282 0.56973 0.45800 19 12 4 13 8
3911 6769 10.46197 3.00565 1.12040 2.87181 21 5 1 15 4
4038 6590 10.08498 3.08922 1.24817 2.49261 56 9 6 49 29
276 7299 11.83290 3.02287 1.42444 1.11241 18 1 0 7 8
1815 5772 10.03213 2.50966 1.00591 1.33530 34 5 0 30 14
4270 4413 11.99992 0.00666 0.44846 0.20936 52 31 19 52 21
1862 5730 10.24143 3.10016 11.80231 177.62562 15 5 0 4 4
4867 5014 10.97741 0.01408 0.45062 0.82567 47 42 4 45 20
2296 5477 11.93388 3.13196 2.70710 1.91602 12 2 4 6 1
906 3806 10.50705 0.01391 0.26338 0.61548 58 49 8 58 39
1948 5705 10.09054 2.99415 0.49828 0.66793 47 42 2 47 35
4460 5013 10.22837 0.01310 0.60440 0.81948 44 41 3 34 19
4144 6485 11.09883 3.11521 0.91515 2.73309 7 2 2 7 5
2996 3137 10.28570 0.02001 0.68533 1.15623 58 50 8 45 28
3097 5477 11.92781 3.13194 2.06758 2.92061 15 6 6 11 5
225 7378 11.46465 2.84751 0.71680 1.98505 63 50 11 50 22
203 7373 11.71085 2.95922 0.46532 0.58148 52 41 11 31 21
59 142 11.75631 0.02808 1.23561 0.24066 44 2 0 28 27
2404 3140 11.98752 0.01419 0.31639 0.81948 67 64 3 64 34
731 3650 11.19763 0.10998 0.70941 0.50046 29 25 4 29 17
1525 6197 11.76704 3.04467 0.67457 3.30073 7 5 1 7 3
2897 5476 11.20570 3.13283 0.54534 2.01324 22 19 2 16 13
1255 4142 10.98816 0.03537 0.26126 1.36659 19 16 0 12 7
880 6896 11.54188 3.13452 1.74488 2.81466 14 2 1 9 7
4270 4856 11.99992 0.00666 0.62336 0.60198 42 28 10 36 24
203 7375 11.46351 2.96016 0.11614 0.58950 59 46 11 52 27
3622 7063 10.09100 3.03184 1.84984 3.42520 8 0 0 8 4
2202 2529 11.49669 0.02420 0.96653 0.48779 19 8 2 17 7
3128 5468 11.34349 3.13102 0.40776 2.22000 31 17 13 29 9
4893 5016 11.97652 0.01461 0.81307 0.89175 40 34 6 38 18
4271 4720 11.27196 0.01407 0.61678 0.76208 43 30 8 39 22
863 3787 10.49507 0.01264 0.25413 0.72091 22 18 3 17 9
2888 3137 10.28570 0.02001 0.53457 1.14808 69 61 8 67 32
