0.07015 0.10332 0.00453
0.05546 0.10357 0.01961
0.05096 0.10305 0.01242
0.03735 0.08881 0.02475
0.03977 0.08665 0.01099
0.04524 0.11724 0.00292
0.04527 0.09317 0.01459
0.04886 0.09348 0.01271
0.03787 0.10360 0.02461
0.04741 0.09110 0.01885
0.04026 0.09301 0.01230
0.03682 0.10694 0.01089
0.03898 0.08424 0.00777
0.03679 0.09183 0.02146
0.03848 0.09757 0.00712
0.04032 0.11041 0.02236
0.03489 0.08807 0.01935
0.03977 0.09641 0.02645
0.05130 0.09270 0.02308
0.03810 0.08821 0.00898
0.03509 0.08785 0.00289
0.04110 0.08692 0.00203
0.03978 0.10779 0.01386
0.05236 0.08230 0.01063
0.03850 0.08884 0.02313
0.04438 0.09290 0.01761
0.05367 0.08821 0.01953
0.03695 0.08788 0.02021
0.03575 0.09012 0.00244
0.05201 0.10004 0.01339
0.05680 0.09524 0.01413
0.04636 0.08543 0.02159
0.03939 0.08965 0.01257
0.03529 0.09765 0.01863
0.04722 0.10163 0.01761
0.03769 0.09258 0.00643
0.04156 0.09262 0.01057
0.05467 0.08517 0.01175
0.04131 0.11194 0.01239
0.04241 0.09687 0.00815
0.04354 0.10617 0.00285
0.03398 0.06675 0.00896
0.03399 0.08507 0.02229
0.04045 0.10433 0.01892
0.04234 0.09364 0.02669
0.04023 0.10036 0.00668
0.04428 0.11450 0.00857
0.04500 0.09940 0.01969
0.03404 0.07882 0.02620
0.03541 0.09036 0.01905
0.03537 0.08880 0.01400
0.03447 0.07876 0.02876
0.04277 0.10355 0.01080
0.05164 0.08300 0.01682
0.03427 0.08754 0.02636
0.04029 0.09383 0.01901
0.04040 0.08648 0.00822
0.04086 0.09759 0.00861
0.04333 0.10414 0.00279
0.03796 0.09442 0.02796
0.03552 0.07812 0.02324
0.04223 0.10160 0.01420
0.05605 0.08823 0.01205
0.03924 0.09175 0.01963
0.03431 0.07397 0.02118
0.05413 0.09027 0.02103
0.04090 0.10058 0.01356
0.03900 0.08311 0.00719
0.04331 0.10807 0.00257
0.04135 0.10344 0.01799
0.04522 0.10637 0.01961
0.04525 0.08746 0.00778
0.04143 0.10303 0.02132
0.03726 0.09533 0.00252
0.03223 0.07602 0.02124
0.04090 0.09449 0.01052
0.05220 0.08717 0.01907
0.04359 0.10805 0.00828
0.05006 0.10255 0.01705
0.03586 0.09418 0.00611
0.03628 0.09933 0.00610
0.04201 0.08140 0.02285
0.03904 0.09423 0.00187
0.04354 0.08705 0.01222
0.04316 0.09821 0.01409
0.04936 0.11140 0.01936
0.04387 0.09935 0.02101
0.04342 0.09373 0.00856
0.03568 0.08051 0.01890
0.04120 0.10729 0.02255
0.04563 0.10436 0.01547
0.03840 0.09872 0.01312
0.05824 0.14360 0.02278
0.03523 0.09006 0.00979
0.04751 0.09379 0.02783
0.04172 0.10291 0.01670
0.03825 0.11112 0.01918
0.03532 0.09995 0.02027
0.05468 0.10612 0.01577
0.04300 0.10350 0.01338
0.04342 0.11007 0.00775
0.05149 0.07840 0.00654
0.05163 0.08614 0.00552
0.03783 0.08854 0.01187
0.03805 0.09646 0.01353
0.04237 0.11362 0.01427
0.05121 0.08354 0.01610
0.03797 0.10958 0.01818
0.03542 0.08971 0.01693
0.03755 0.09010 0.00689
0.04646 0.08692 0.00988
0.03407 0.08597 0.00574
0.04059 0.09708 0.01684
0.03681 0.08853 0.01510
0.03737 0.09053 0.01531
0.04068 0.08940 0.02444
0.04564 0.11619 0.01071
0.04359 0.10070 0.00998
0.04100 0.08770 0.00608
0.03734 0.08438 0.00139
0.03755 0.08847 0.01020
0.04161 0.09467 0.01974
0.03684 0.10255 0.01884
0.03678 0.08654 0.02021
0.03569 0.08659 0.01498
0.04899 0.09957 0.01928
0.04017 0.09469 0.01001
0.05639 0.09210 0.00463
0.03842 0.08619 0.01642
0.04724 0.12119 0.00305
0.05012 0.09757 0.00600
0.03832 0.09433 0.00698
0.03750 0.11003 0.00770
0.03865 0.10268 0.01634
0.05990 0.09410 0.00750
0.05934 0.08418 0.02042
0.03541 0.09074 0.00451
0.04869 0.08467 0.00495
0.03524 0.08751 0.00950
0.03839 0.09834 0.01178
0.04964 0.08521 0.01315
0.03794 0.09930 0.00316
0.03999 0.09220 0.00992
0.03422 0.08315 0.00312
0.04616 0.11598 0.01192
0.04422 0.09383 0.00746
0.03320 0.08333 0.02014
0.03293 0.08015 0.02425
0.04491 0.09188 0.00351
0.04296 0.10208 0.02261
0.03779 0.09852 0.02167
0.03660 0.09446 0.01539
0.03819 0.09567 0.01957
0.04029 0.09427 0.00894
0.05255 0.09432 0.01224
0.03659 0.08920 0.01615
0.03759 0.09986 0.02796
0.03794 0.08651 0.01664
0.03875 0.10144 0.01735
0.03929 0.09810 0.02015
0.04226 0.10062 0.01226
0.03462 0.08697 0.01627
0.04627 0.08688 0.00284
0.04396 0.10270 0.01929
0.03690 0.09327 0.01783
0.03890 0.08719 0.01368
0.03589 0.08492 0.00316
0.05073 0.09792 0.02115
0.04148 0.10045 0.02278
0.05472 0.08760 0.00178
0.03860 0.08536 0.00616
0.03663 0.08197 0.02477
0.03464 0.09062 0.01250
0.03721 0.08434 0.00598
0.03800 0.07572 0.01520
0.03471 0.08966 0.01739
0.03882 0.09574 0.00266
0.03705 0.09684 0.01218
0.06158 0.08784 0.01220
0.04039 0.08371 0.01667
0.04223 0.08791 0.01020
0.04786 0.09227 0.00196
0.04304 0.08885 0.01509
0.03815 0.08858 0.01864
0.03782 0.08575 0.01183
0.03733 0.08664 0.00177
0.03977 0.08765 0.01869
0.03796 0.08951 0.00614
0.05712 0.11207 0.00736
0.03451 0.08497 0.01546
0.05279 0.10195 0.01387
0.06587 0.09268 0.00542
0.04376 0.09737 0.01740
0.04728 0.10159 0.02057
0.05535 0.09418 0.01475
0.03788 0.08653 0.00267
0.03465 0.07848 0.02116
0.04313 0.11544 0.00522
0.03874 0.09747 0.01429
0.03570 0.08529 0.01204
