578 5020 11.43621 3.12303 12.51338 151.50952 9 0 0 4 4 103 100.00000 0
136 5376 11.92129 3.12279 11.23936 174.97028 10 0 0 1 1 89 100.00000 0
92 159 10.90026 0.22630 9.15705 12.96609 17 0 0 14 11 147 100.00000 0
644 4962 10.71149 3.05329 2.67448 2.03606 17 1 0 17 8 164 100.00000 0
3712 4655 11.93130 0.31879 3.90040 14.25830 13 6 0 8 8 139 100.00000 0
2004 5259 11.67707 2.98746 16.93249 171.16887 12 0 0 6 2 154 100.00000 0
615 4004 10.56244 3.14075 2.16085 1.93715 13 0 0 4 4 158 100.00000 0
403 2100 11.47804 0.09983 14.69208 5.71978 10 0 1 1 1 209 100.00000 0
842 3783 11.93545 3.09398 12.85105 177.27164 14 0 1 3 3 179 100.00000 0
743 4861 10.88555 3.13681 2.87987 179.74977 8 0 1 2 2 154 100.00000 0
2261 4049 11.76058 3.13964 8.18220 6.31416 15 0 0 6 5 134 100.00000 0
582 2262 11.35520 0.02476 8.85634 1.41803 16 1 0 11 4 160 100.00000 0
2489 4763 11.74640 3.07237 12.85183 176.03414 13 0 0 3 0 259 100.00000 0
2104 5181 10.10429 3.05098 17.02232 9.05929 11 0 0 11 7 142 100.00000 0
438 2153 11.04805 0.07786 14.02585 4.46230 25 3 5 11 8 287 100.00000 0
1000 2693 10.87926 0.02734 5.51535 0.98873 13 0 0 11 6 265 100.00000 0
2282 4025 11.86480 3.13588 9.22679 8.66311 14 0 0 2 0 121 100.00000 0
560 2244 10.34940 0.03513 9.65470 0.64528 16 0 0 11 8 107 100.00000 0
709 2368 10.67656 0.21330 3.69659 14.64715 13 2 0 2 6 226 100.00000 0
2515 4752 11.43473 3.11735 3.82303 178.61224 9 0 0 4 2 204 100.00000 0
3708 4652 11.12419 0.34071 2.73465 9.95712 14 6 2 6 7 136 100.00000 0
356 2078 11.90709 0.05991 10.17666 3.43388 15 0 0 13 4 128 100.00000 0
569 5026 10.00868 3.08333 11.02670 176.66199 4 0 0 2 1 71 100.00000 0
674 2373 11.86279 0.45703 7.80009 2.23721 16 0 0 4 4 189 100.00000 0
678 3930 11.71887 2.60869 6.31849 26.88411 6 0 0 4 2 117 100.00000 0
925 2581 11.68842 0.04156 17.39084 2.37932 8 1 0 1 1 146 100.00000 0
2572 4686 10.71264 3.08337 16.29402 155.47225 6 0 0 6 2 130 100.00000 0
97 5378 11.99398 3.12519 14.14978 179.06205 6 0 0 2 2 38 100.00000 0
610 4970 11.35571 3.12428 5.76255 6.00603 6 0 0 2 0 22 100.00000 0
2355 3931 11.53232 2.54781 11.15691 145.97903 8 0 0 3 3 113 100.00000 0
650 3998 11.78803 2.91330 11.63416 166.91964 10 0 0 8 4 133 100.00000 0
841 3785 11.07551 3.09259 13.44675 177.19153 12 0 0 1 0 230 100.00000 0
2172 5113 11.52031 3.11062 26.34570 85.82219 5 0 0 2 3 82 100.00000 0
778 2458 10.79463 0.02716 11.23421 2.53080 20 0 0 18 14 430 100.00000 0
2076 5190 11.97962 3.03250 14.30914 173.74919 14 0 0 9 9 163 100.00000 0
663 4948 11.21786 2.65241 7.52442 151.97197 6 0 0 4 2 132 100.00000 0
2234 4100 10.59321 3.11914 12.63292 178.71199 7 0 0 7 2 121 100.00000 0
1453 3101 10.51488 0.01896 8.16649 1.51284 16 0 0 4 4 151 100.00000 0
613 4006 10.80174 3.13620 14.83496 179.68973 7 0 0 3 2 31 100.00000 0
687 2341 11.94929 0.71080 10.76264 27.60225 14 0 0 8 6 174 100.00000 0
942 4632 11.85576 2.23617 10.58611 128.12278 6 0 0 6 3 144 100.00000 0
4071 5039 11.58759 0.05218 16.31296 2.99107 8 0 0 4 3 110 100.00000 0
697 4909 11.46042 3.11627 6.12602 1.62124 12 0 0 5 3 191 100.00000 0
592 4028 10.66870 3.12096 3.37787 2.98531 17 0 0 12 6 129 100.00000 0
4153 5107 11.61201 0.35407 2.87575 2.12080 6 0 1 2 2 119 100.00000 0
677 2374 11.17772 0.39846 12.59885 22.82974 11 1 0 2 5 192 100.00000 0
2577 3702 11.56777 2.89834 9.36366 166.06291 8 0 0 6 2 109 100.00000 0
905 4667 10.86729 3.05894 11.37587 175.26505 7 0 0 3 2 159 100.00000 0
137 5378 11.90650 3.09767 20.75808 177.48285 5 1 0 3 4 42 100.00000 0
4047 4996 11.62425 0.02259 9.35781 1.81876 15 0 0 9 4 161 100.00000 0
2277 4031 11.83600 3.13328 2.61235 2.52894 31 0 0 24 19 194 100.00000 0
3718 4684 10.02011 0.03842 13.16989 2.20176 11 2 0 7 4 242 100.00000 0
634 4945 11.14350 2.87061 2.78461 16.32749 11 0 0 3 3 129 100.00000 0
8 159 10.90026 0.22630 10.32368 7.96432 12 0 0 1 4 152 100.00000 0
486 5098 10.34994 3.03570 17.37369 173.93298 7 0 0 2 3 60 100.00000 0
2357 4893 10.46996 2.60736 14.15975 139.53659 11 0 0 1 4 156 100.00000 0
257 5284 11.46593 2.95364 13.62249 10.91151 14 0 0 12 9 86 100.00000 0
2563 3720 11.41264 3.13139 10.46418 179.41617 5 0 0 5 2 115 100.00000 0
3705 4674 11.76040 0.23167 10.72501 33.36603 5 0 0 3 1 60 100.00000 0
2195 4152 11.36919 3.03954 12.22281 162.38609 5 0 0 1 2 93 100.00000 0
634 3981 11.78940 2.81591 6.23907 161.33967 19 0 4 3 0 198 100.00000 0
1 161 11.92404 0.22584 7.46303 34.69988 16 0 0 16 11 184 100.00000 0
906 4666 10.64531 3.03913 2.89517 17.82524 8 0 0 4 4 159 100.00000 0
153 5375 11.47355 2.95406 8.96218 169.25530 8 0 0 6 3 62 100.00000 0
3733 4679 10.39465 0.03934 7.34132 1.19518 10 0 0 2 5 209 100.00000 0
2529 3762 10.92583 3.09764 3.10138 50.66635 9 0 0 5 2 205 100.00000 0
541 2226 11.49723 0.02005 8.51807 0.47395 11 0 0 7 3 136 100.00000 0
802 4802 10.86504 3.10626 7.81498 4.05599 13 0 0 5 6 275 100.00000 0
700 3945 11.49248 3.11606 2.40384 9.33833 7 1 3 2 3 132 100.00000 0
1054 2731 11.99553 0.00913 12.07752 0.52860 19 0 0 4 3 350 100.00000 0
2347 4944 11.84810 2.67898 12.95147 121.87096 5 0 0 1 1 81 100.00000 0
887 3752 10.21932 3.08382 9.63099 176.68997 10 0 0 6 0 214 100.00000 0
313 5258 10.32121 3.10810 12.58411 178.08092 18 0 0 5 8 170 100.00000 0
2572 4687 11.84642 3.08366 16.32326 176.67999 6 0 0 1 2 149 100.00000 0
1949 5317 10.78087 2.75912 3.52331 3.30618 8 0 1 4 2 38 100.00000 0
618 2292 11.68035 0.01462 8.55162 0.83416 21 7 0 6 5 278 100.00000 0
656 4955 11.70043 2.78651 9.54463 115.12624 8 0 0 5 2 151 100.00000 0
667 4904 11.18733 2.38016 2.51473 14.69171 8 0 0 0 1 127 100.00000 0
1993 5270 11.50930 2.92640 10.59281 167.67075 16 0 0 6 2 232 100.00000 0
1439 3119 11.31318 0.05056 7.86461 1.68563 12 0 0 6 5 181 100.00000 0
539 4100 11.09622 3.12502 20.53345 179.05044 7 0 0 7 4 103 100.00000 0
2353 4932 10.61107 2.91770 14.37043 167.17174 4 0 0 1 3 61 100.00000 0
677 3969 11.13485 2.89401 17.29407 165.81429 4 0 0 4 1 80 100.00000 0
