115 1547 10.74453 1.81495 0.11093 4.34965 320 69 47 318 203 757 100.00000 0
2449 3377 11.51103 1.06393 0.13576 2.55114 276 38 108 274 129 766 100.00000 0
371 2423 11.23183 1.47320 0.15863 1.70594 227 64 35 227 150 584 100.00000 0
578 3561 10.68366 1.14106 0.02889 1.48094 744 296 132 740 629 1421 100.00000 0
525 3499 10.48394 0.06692 0.20574 0.65968 145 28 15 137 106 576 100.00000 0
2334 3288 10.21449 0.60180 0.07802 1.75301 398 86 64 384 277 1032 100.00000 0
391 2423 11.78355 1.43327 1.37803 3.25040 264 66 66 261 105 965 100.00000 0
1403 3556 10.73074 2.22336 0.13758 0.80015 561 190 78 561 475 1139 100.00000 0
15 4449 11.54991 0.30032 0.12538 0.91086 241 57 22 235 171 915 100.00000 0
591 1415 10.97019 3.09723 0.15602 0.58551 194 21 24 194 149 719 100.00000 0
595 1404 10.35491 2.30808 0.26842 1.15352 466 124 61 466 358 1082 100.00000 0
444 3427 10.04481 0.90278 0.18084 1.11838 535 202 107 535 418 1038 100.00000 0
523 3550 11.45851 1.08776 0.18998 2.46530 324 84 80 318 230 793 100.00000 0
595 1405 10.42108 2.35133 0.24287 1.14671 458 123 61 458 348 1091 100.00000 0
1386 3550 10.00667 2.22747 0.08247 1.40333 626 292 111 623 521 1219 100.00000 0
2335 3263 10.68921 1.68586 0.05295 2.78024 437 178 76 437 191 947 100.00000 0
572 1420 10.90436 1.95009 0.14653 1.56398 247 49 65 247 179 645 100.00000 0
410 3398 10.06667 0.08351 0.29378 2.63240 395 101 82 393 259 1237 100.00000 0
595 1408 10.75489 2.49652 0.15645 0.53668 488 106 60 488 406 1148 100.00000 0
858 3768 10.49101 0.04389 0.13671 2.18301 271 52 59 271 169 752 100.00000 0
571 1421 11.45938 1.88885 0.07769 1.46927 148 35 35 148 121 552 100.00000 0
547 3502 10.88783 0.11507 0.21099 1.36171 295 69 44 288 171 705 100.00000 0
413 3441 10.15621 1.24783 0.77272 4.49580 473 136 86 469 183 1143 100.00000 0
83 4512 11.02520 0.03714 0.11739 0.88999 244 60 37 244 174 857 100.00000 0
551 3501 11.73357 0.11499 0.22936 1.35624 223 51 14 221 123 567 100.00000 0
158 1616 11.69931 0.12112 0.23229 0.65909 189 37 54 180 134 632 100.00000 0
754 3668 10.93412 1.51079 0.22528 2.03759 373 94 56 371 217 926 100.00000 0
532 3553 10.10113 1.22467 0.08317 2.19945 579 217 105 579 452 1177 100.00000 0
556 1407 11.72521 2.51256 0.08982 1.30866 376 147 64 372 316 861 100.00000 0
428 2456 10.19883 1.06349 0.15570 4.82329 449 157 123 439 183 1139 100.00000 0
2464 3402 11.17440 0.09188 0.26016 2.38097 404 98 68 402 200 1046 100.00000 0
544 3557 11.21174 1.41059 0.08132 1.63734 408 122 85 408 330 963 100.00000 0
2455 3388 11.07632 0.61450 0.18156 2.69922 398 82 54 396 288 1177 100.00000 0
5 4431 10.81164 0.89906 0.55687 2.75335 490 145 90 488 256 1053 100.00000 0
447 3464 11.48221 0.02016 0.05160 1.11347 427 145 95 427 351 939 100.00000 0
1540 4534 11.82773 3.13185 0.08263 3.91817 353 130 59 351 228 875 100.00000 0
395 3377 11.00395 1.18611 0.34296 2.80463 379 94 109 377 180 895 100.00000 0
717 3679 11.35865 0.62154 0.38908 2.80030 326 59 68 326 202 916 100.00000 0
2328 3273 10.71687 1.61371 0.29330 3.01181 352 84 76 348 205 805 100.00000 0
428 3408 11.76796 1.05132 0.18841 4.25469 328 138 72 318 180 939 100.00000 0
378 3364 11.72483 1.59149 0.13683 1.76791 175 39 39 169 113 612 100.00000 0
786 3713 10.60311 0.03818 0.09544 0.82614 275 81 43 265 209 758 100.00000 0
749 3662 11.42045 1.29293 0.34118 2.57876 243 53 64 241 113 698 100.00000 0
417 3446 11.29783 1.13541 0.24964 2.16826 457 107 94 455 303 1073 100.00000 0
2466 3407 10.19850 0.06239 0.20258 3.49547 241 77 26 235 101 716 100.00000 0
92 1565 10.98516 1.94637 0.15012 1.26548 401 127 76 399 312 1031 100.00000 0
958 3841 10.50947 1.13182 0.05104 0.37742 493 185 139 493 413 989 100.00000 0
915 3836 10.34230 0.02788 0.06492 0.72847 212 56 46 209 161 585 100.00000 0
666 3624 11.09642 0.00355 0.19010 0.17694 287 84 67 287 242 1379 100.00000 0
1416 3551 11.15230 3.09194 0.12109 0.47888 197 54 36 195 154 753 100.00000 0
562 1406 11.63728 2.56523 0.21386 1.34988 267 78 53 267 228 672 100.00000 0
419 2452 10.01915 0.50459 0.11383 1.48385 540 236 62 535 478 1171 100.00000 0
877 3784 11.97781 0.06473 0.18200 0.66969 571 199 88 566 438 1328 100.00000 0
751 3666 10.34155 1.39535 0.38007 2.70342 334 108 82 334 149 816 100.00000 0
391 3369 11.88995 1.48783 1.43161 3.14199 358 55 96 358 138 1081 100.00000 0
516 580 11.61045 0.55335 0.15006 2.11155 180 28 36 180 115 597 100.00000 0
475 3464 11.97015 0.01877 0.09154 0.41496 236 66 32 233 187 638 100.00000 0
148 1576 11.63775 0.08388 0.21058 1.85709 257 32 18 255 192 677 100.00000 0
1408 3554 10.14746 2.55443 0.14970 0.29739 596 212 72 594 506 1202 100.00000 0
667 3607 11.56704 0.01346 0.17680 0.71928 229 70 54 223 175 1295 100.00000 0
131 4532 10.50841 1.54555 0.10167 0.85957 507 56 23 507 417 1190 100.00000 0
405 3389 11.91620 0.55190 0.12696 3.43775 203 43 43 197 106 857 100.00000 0
125 4540 10.85627 1.44683 0.29187 1.85245 532 96 34 532 408 1174 100.00000 0
102 4520 11.13582 0.32612 0.07022 1.00949 254 57 36 250 177 722 100.00000 0
2432 3403 10.70970 0.94258 0.49545 2.58664 438 175 119 436 264 1083 100.00000 0
511 3528 11.00628 0.18681 0.32691 1.58856 411 58 52 409 293 789 100.00000 0
826 3745 11.94841 0.05989 0.07034 0.74860 164 26 36 164 105 585 100.00000 0
471 3461 11.28026 0.02688 0.12440 0.93461 170 40 31 165 110 590 100.00000 0
194 1619 11.49547 0.08180 0.17581 0.06853 359 92 42 354 297 744 100.00000 0
541 3503 10.04788 0.11372 0.17961 1.22461 280 59 52 280 182 725 100.00000 0
18 4453 11.70835 0.16095 0.18585 1.31462 260 62 40 253 192 937 100.00000 0
1399 3532 11.38021 2.97869 0.07914 0.75277 189 41 34 185 156 621 100.00000 0
772 3695 11.96207 0.07969 0.21961 1.95765 482 148 107 480 338 1145 100.00000 0
576 1389 11.68375 3.02322 0.03890 0.52934 237 81 46 229 192 763 100.00000 0
518 3542 10.83686 0.61577 0.16533 1.97675 211 30 30 203 137 596 100.00000 0
2439 3364 11.02399 0.96576 0.85736 3.45627 406 102 73 402 208 1017 100.00000 0
412 3442 10.95368 1.31661 0.24913 4.76321 338 88 65 336 158 892 100.00000 0
569 1407 10.30924 2.58635 0.17603 1.71006 477 206 85 475 408 1023 100.00000 0
439 3459 11.71112 0.04273 0.12374 0.70665 348 68 72 346 238 993 100.00000 0
874 3782 11.16013 0.05782 0.10541 0.39267 556 202 103 554 469 1151 100.00000 0
132 4537 11.66718 1.54946 0.26792 2.09293 479 30 25 479 337 1041 100.00000 0
597 1402 11.24369 2.15792 0.27658 1.31938 498 114 59 498 385 1052 100.00000 0
2452 3428 11.20538 0.70663 0.41999 3.08312 463 195 62 459 247 968 100.00000 0
425 2479 11.64363 0.88348 0.48546 5.82686 200 60 53 198 92 675 100.00000 0
1388 3542 10.64649 2.75023 0.05494 1.48332 419 171 81 409 337 1002 100.00000 0
492 3499 10.18538 0.04577 0.16418 2.44040 175 39 37 173 105 576 100.00000 0
659 3601 10.89804 0.02354 0.12245 1.33207 242 72 48 242 190 1016 100.00000 0
2379 3312 11.17297 0.02863 0.07435 0.48779 318 76 67 303 260 909 100.00000 0
219 1633 10.33262 1.44979 0.05159 0.60068 694 363 88 692 632 1210 100.00000 0
582 1383 11.27619 2.64342 0.02971 2.02642 432 164 50 432 330 990 100.00000 0
2388 3344 11.19975 0.02217 0.12962 1.26610 243 46 61 241 172 964 100.00000 0
1410 3527 10.31118 2.41201 0.09487 1.84398 500 246 62 496 418 989 100.00000 0
737 3657 10.15225 0.52011 0.17772 2.06621 484 131 125 476 337 1227 100.00000 0
2469 3445 11.11509 1.54966 1.48845 6.14216 135 16 12 135 41 504 100.00000 0
429 2479 11.43009 1.10903 0.35873 4.96649 382 164 72 373 234 930 100.00000 0
7 4432 11.96482 0.87808 0.43913 2.35883 390 129 81 390 236 956 100.00000 0
381 3364 11.64073 1.58401 0.15069 1.64830 301 97 60 301 201 839 100.00000 0
149 1578 11.24811 0.07916 0.17739 1.73461 317 55 23 315 267 826 100.00000 0
213 1630 10.02511 1.19971 0.02865 0.38563 527 260 71 525 480 1042 100.00000 0
681 3636 10.07453 0.02479 0.06805 1.37116 285 77 63 285 227 977 100.00000 0
727 3693 11.66185 1.53192 1.02189 2.68234 284 68 60 284 102 740 100.00000 0
564 3557 10.75864 1.39588 0.12577 1.52829 433 134 81 431 323 1041 100.00000 0
1398 3535 10.94358 3.08101 0.07386 0.94004 338 138 69 336 293 758 100.00000 0
213 1649 11.10205 1.46747 0.10227 1.33823 485 134 145 483 411 954 100.00000 0
510 565 11.20023 0.14017 0.28591 2.16916 389 54 47 389 221 863 100.00000 0
421 3447 10.49148 0.91149 0.09505 0.82234 462 152 57 462 398 942 100.00000 0
542 595 10.21960 1.32607 0.16478 1.81359 637 195 138 635 491 1336 100.00000 0
509 563 11.52826 0.13012 0.31332 2.06999 197 30 25 185 105 602 100.00000 0
598 3532 10.25474 1.26658 0.33199 1.89052 567 239 130 567 430 1175 100.00000 0
740 3700 10.65723 1.01638 0.04122 1.03136 631 271 121 625 530 1220 100.00000 0
2449 3380 10.40104 0.92095 0.21930 2.10375 492 169 139 490 274 1069 100.00000 0
736 3656 10.57821 0.46328 0.11258 1.67398 328 78 100 328 196 1018 100.00000 0
702 3658 11.19489 0.03453 0.07069 0.39958 544 138 161 542 437 1167 100.00000 0
405 2442 10.16858 0.40647 0.24341 2.97664 413 112 69 409 274 1212 100.00000 0
2436 3360 11.51892 0.82616 0.18277 1.64521 447 135 97 443 312 1033 100.00000 0
2447 3373 11.76464 1.16633 0.76247 2.34652 261 57 74 259 112 692 100.00000 0
515 576 10.93095 0.36941 0.14888 2.32102 314 69 37 312 190 738 100.00000 0
521 586 11.14252 0.89090 0.11971 2.33280 179 30 27 179 108 572 100.00000 0
714 3644 11.58707 0.01470 0.08037 0.37846 282 62 64 282 222 840 100.00000 0
125 1551 10.88796 1.29487 0.11215 1.85266 430 71 46 425 300 1059 100.00000 0
2359 3280 11.60974 0.91132 0.42523 1.88969 219 56 24 219 115 650 100.00000 0
593 3518 10.65518 1.28173 0.08975 2.88201 574 169 118 572 422 1167 100.00000 0
546 3557 11.21914 1.41025 0.08106 1.61592 443 136 106 443 362 1020 100.00000 0
97 1552 11.90716 2.58595 0.38368 2.45925 238 57 44 238 136 709 100.00000 0
90 1564 11.94260 2.02168 0.15578 1.12047 329 110 46 329 257 848 100.00000 0
392 2424 11.74396 1.40119 1.15753 3.20369 250 64 45 248 109 759 100.00000 0
601 3538 10.76442 1.13034 0.16192 1.21434 710 316 111 710 615 1380 100.00000 0
945 3855 10.68365 0.34359 0.01152 0.53522 218 74 34 211 180 719 100.00000 0
503 3487 10.36291 0.04223 0.13653 2.06014 311 97 67 311 227 840 100.00000 0
405 3433 10.01999 1.05772 0.06093 5.00453 350 90 94 350 166 900 100.00000 0
2342 3260 11.49206 1.57446 0.09726 3.02116 358 114 60 356 196 875 100.00000 0
2473 3443 10.71559 1.51622 1.47383 5.10584 328 82 73 326 115 764 100.00000 0
396 2431 10.60505 1.07662 0.33264 2.91538 467 138 54 467 308 1051 100.00000 0
800 3726 10.08626 0.02419 0.12184 0.32984 375 92 103 373 293 928 100.00000 0
741 3657 11.69153 0.75466 0.11713 2.85759 243 38 47 243 120 851 100.00000 0
603 3541 11.22881 1.01205 0.21518 1.81143 517 166 68 513 420 1061 100.00000 0
564 1409 10.85084 2.42396 0.11243 1.66177 363 119 70 363 294 872 100.00000 0
106 4540 10.55858 0.55062 0.10961 1.52264 364 82 83 364 220 1020 100.00000 0
551 1411 11.18623 2.29926 0.07861 1.59078 370 145 45 368 315 893 100.00000 0
91 1562 11.53892 2.13203 0.24496 1.43913 469 168 87 469 308 1086 100.00000 0
400 3383 11.69340 0.89346 0.25844 2.96663 455 134 106 449 229 1101 100.00000 0
539 1417 11.51541 1.94865 0.10866 1.73190 118 14 28 113 93 484 100.00000 0
818 3739 11.86804 0.05403 0.13529 0.78981 45 8 9 43 26 386 100.00000 0
1578 4537 11.65490 1.63819 0.28201 1.62847 485 100 45 479 342 1024 100.00000 0
741 3702 11.61325 0.95157 0.13566 1.06496 492 195 92 490 378 1023 100.00000 0
743 3701 10.10380 0.82626 0.16424 1.67795 568 179 124 565 452 1122 100.00000 0
495 3480 11.73798 0.02048 0.23353 0.32264 212 23 42 212 149 647 100.00000 0
26 4463 11.34854 0.02353 0.06088 0.83790 189 65 41 189 142 647 100.00000 0
588 1378 11.81548 2.20251 0.09682 1.06533 392 122 68 389 282 874 100.00000 0
566 1403 11.69155 2.72289 0.27485 1.37316 254 88 71 252 205 630 100.00000 0
698 3653 10.73586 0.02149 0.06941 0.27124 252 68 65 250 196 720 100.00000 0
2432 3404 11.20678 0.95801 0.42344 2.67532 354 113 97 354 179 952 100.00000 0
590 1382 10.80670 2.13124 0.07942 1.50350 558 206 140 558 441 1067 100.00000 0
595 3519 11.19941 1.36407 0.06784 2.79064 523 209 92 519 369 1097 100.00000 0
12 4445 11.12199 0.44621 0.21140 0.79525 400 73 27 398 309 1082 100.00000 0
619 3565 10.61115 0.01832 0.13741 0.96672 283 51 84 281 203 1157 100.00000 0
1385 3554 10.85013 1.97478 0.10793 1.09325 607 236 97 604 530 1179 100.00000 0
621 3587 10.80721 0.01343 0.06811 0.14265 124 23 18 120 96 844 100.00000 0
1575 4529 10.71214 1.66072 0.35399 1.39830 656 228 124 654 462 1283 100.00000 0
719 3681 10.97407 0.77446 0.33599 2.93958 282 54 73 280 158 856 100.00000 0
1418 3522 11.60818 1.88990 0.23684 1.98800 168 28 22 161 133 556 100.00000 0
919 3839 10.00787 0.03057 0.16556 0.95532 291 92 43 289 242 720 100.00000 0
708 3665 10.80542 0.01654 0.16454 0.60909 742 255 212 742 589 1500 100.00000 0
600 3536 10.63680 1.19250 0.40235 1.70548 529 262 86 529 442 1141 100.00000 0
552 1416 11.26247 2.00088 0.08361 1.86551 280 69 57 272 212 797 100.00000 0
1390 3540 10.87568 2.87580 0.09250 1.02717 388 124 77 380 338 865 100.00000 0
221 1636 10.07077 1.52997 0.07308 0.77733 395 111 111 387 312 743 100.00000 0
546 3502 10.88827 0.11496 0.22888 1.31224 284 45 41 284 178 721 100.00000 0
523 588 10.95953 1.01092 0.21186 2.38113 363 69 73 359 246 747 100.00000 0
650 3611 10.98224 0.02716 0.13125 1.40249 211 77 41 209 157 996 100.00000 0
565 1420 11.70149 1.83120 0.12997 1.89445 112 23 17 107 73 473 100.00000 0
582 3562 10.30517 0.93559 0.22585 2.12412 586 156 67 582 418 1199 100.00000 0
792 3718 11.26078 0.01629 0.10202 0.71217 251 63 49 247 171 828 100.00000 0
567 1414 10.14103 2.16253 0.13938 2.23055 337 132 55 335 254 768 100.00000 0
370 2439 11.62313 0.64640 0.22818 1.32707 304 27 17 300 224 692 100.00000 0
1558 4527 10.29856 2.35834 0.05151 1.76281 532 227 77 530 337 1160 100.00000 0
478 3488 10.80364 0.01575 0.15133 0.65252 321 59 81 316 234 742 100.00000 0
835 3775 10.17397 0.07998 0.30202 1.58659 484 106 77 482 303 1082 100.00000 0
535 3556 11.07096 1.37410 0.04118 1.63375 352 110 77 350 277 854 100.00000 0
1402 3527 11.84386 2.78534 0.06833 1.21338 279 88 56 276 226 695 100.00000 0
1420 3539 10.52194 2.19549 0.16899 0.81181 248 68 50 248 209 757 100.00000 0
508 558 11.79446 0.12236 0.49337 1.56173 202 40 15 202 125 572 100.00000 0
513 3531 10.48913 0.23966 0.22237 1.46340 263 32 41 259 178 658 100.00000 0
539 3502 10.76934 0.11422 0.16693 1.26207 212 44 27 210 130 574 100.00000 0
514 577 11.75332 0.41583 0.26273 2.42447 208 31 24 198 98 708 100.00000 0
558 3501 11.84659 0.11612 0.34091 1.49122 186 31 6 180 110 551 100.00000 0
377 3366 10.89388 1.57292 0.21435 2.41168 152 24 25 146 74 573 100.00000 0
560 1417 11.27358 1.95091 0.12066 1.97358 181 41 28 179 126 616 100.00000 0
464 3455 10.16057 0.01633 0.08129 0.92366 482 170 112 474 395 1240 100.00000 0
501 3509 10.82882 0.02260 0.19558 0.79672 273 42 58 265 209 888 100.00000 0
1403 3534 10.20601 2.89883 0.08345 1.04642 445 171 78 445 363 918 100.00000 0
106 1579 10.98190 1.08515 0.07844 1.24992 585 120 61 583 472 1160 100.00000 0
2455 3432 10.65047 1.00399 0.23323 4.51154 388 184 76 380 237 1022 100.00000 0
533 3500 11.83555 0.10438 0.18558 0.99544 166 36 17 160 127 528 100.00000 0
41 4479 10.39581 0.02173 0.10284 0.45284 416 149 58 411 342 1142 100.00000 0
964 3856 10.91288 1.47447 0.22334 1.22525 397 41 53 397 265 975 100.00000 0
100 4538 10.44230 0.21965 0.07430 1.05573 450 145 83 450 340 1128 100.00000 0
557 3557 11.15820 1.40951 0.09952 1.52367 397 123 96 395 304 891 100.00000 0
