578 5020 11.43621 3.12303 2.11053 4.25736 15 0 0 13 10 97 100.00000 0
92 159 10.90026 0.22630 5.28107 5.84298 35 0 0 35 18 139 100.00000 0
2004 5259 11.67707 2.98746 2.20404 3.43479 20 0 0 17 11 261 100.00000 0
1661 3312 11.31256 0.10250 12.74765 5.87310 43 1 1 40 27 414 100.00000 0
550 5029 10.41016 3.09732 2.37401 4.68935 13 0 0 8 5 125 100.00000 0
2390 4890 11.60265 3.13811 4.57417 179.79826 8 0 0 4 3 117 100.00000 0
654 4922 10.28362 2.40536 2.04880 2.27038 96 0 0 92 34 595 100.00000 0
2282 4025 11.86480 3.13588 2.08858 1.58610 42 0 0 34 11 253 100.00000 0
2572 4686 10.71264 3.08337 20.63024 176.66375 6 0 0 6 3 146 100.00000 0
97 5378 11.99398 3.12519 6.84375 8.06003 17 0 0 15 7 160 100.00000 0
2076 5190 11.97962 3.03250 10.20503 173.74919 8 0 0 4 4 100 100.00000 0
2234 4100 10.59321 3.11914 2.31069 3.76182 12 0 0 10 2 152 100.00000 0
2214 4103 10.80985 3.08739 2.77080 3.43821 11 0 0 11 3 157 100.00000 0
8 159 10.90026 0.22630 5.51486 6.76231 26 0 0 24 18 154 100.00000 0
634 3981 11.78940 2.81591 2.10845 2.64427 31 0 0 26 11 280 100.00000 0
1 161 11.92404 0.22584 5.72722 6.90791 22 0 0 22 14 111 100.00000 0
313 5258 10.32121 3.10810 22.70664 178.08092 13 0 0 7 3 180 100.00000 0
539 4100 11.09622 3.12502 2.09765 3.83012 10 0 0 7 5 149 100.00000 0
2251 4081 10.74050 3.13080 13.30626 177.43860 11 0 0 5 4 111 100.00000 0
2570 3732 11.82627 3.06136 31.81957 149.61404 6 0 0 1 0 144 100.00000 0
108 160 11.41272 0.22584 5.01107 6.53093 30 0 0 28 20 170 100.00000 0
2091 5197 11.62539 3.05676 12.44660 175.13868 9 0 0 6 5 132 100.00000 0
48 160 11.41272 0.22584 6.08560 6.53297 20 0 0 17 11 138 100.00000 0
105 160 11.41272 0.22584 5.71182 6.71755 38 0 0 34 22 222 100.00000 0
19 159 10.90026 0.22630 5.78816 6.65862 29 0 0 25 20 190 100.00000 0
773 4813 11.11795 3.10996 2.06513 2.12670 61 0 0 59 21 509 100.00000 0
85 159 10.90026 0.22630 5.50733 5.92811 34 0 0 26 19 191 100.00000 0
2587 4672 11.60920 3.06247 11.82963 175.46758 5 0 1 1 1 119 100.00000 0
25 161 11.92404 0.22584 5.89948 6.30503 22 0 0 18 10 178 100.00000 0
66 159 10.90026 0.22630 5.69164 6.41686 27 0 0 25 19 161 100.00000 0
558 4081 10.82906 3.12939 14.47674 179.30030 6 0 0 0 2 97 100.00000 0
568 5027 10.00819 3.08025 6.09666 32.03449 7 0 0 1 4 93 100.00000 0
290 5256 11.79194 2.99720 1.82091 10.56353 17 0 3 4 2 256 100.00000 0
93 160 11.41272 0.22584 4.79219 5.31721 18 0 0 18 9 153 100.00000 0
290 5257 10.61867 3.00009 3.05808 0.85729 18 0 1 9 9 232 100.00000 0
48 159 10.90026 0.22630 5.84288 6.12375 31 0 0 31 20 148 100.00000 0
902 4693 11.22095 3.13997 25.62644 179.90935 6 0 1 2 2 129 100.00000 0
1444 3122 10.20059 0.03602 23.09008 2.06659 27 0 0 9 7 332 100.00000 0
115 5379 11.99020 3.13121 4.87726 6.59273 31 0 0 29 11 145 100.00000 0
1 158 10.41150 0.22673 5.50557 6.06236 43 0 0 36 30 182 100.00000 0
37 160 11.41272 0.22584 5.90316 7.23595 23 0 0 21 16 142 100.00000 0
856 4742 11.81578 3.13532 3.39759 179.64392 15 2 0 4 3 202 100.00000 0
662 3945 11.96518 2.31015 2.11280 2.29473 53 0 0 50 22 288 100.00000 0
309 2013 10.82794 0.07773 9.02382 5.80103 32 0 0 23 11 522 100.00000 0
2099 5187 10.81625 3.05529 19.56942 105.36887 7 0 0 1 3 134 100.00000 0
60 5378 11.99398 3.12519 6.48500 8.94725 12 0 0 12 6 112 100.00000 0
2349 3938 11.28876 2.38271 10.37894 44.61648 6 0 0 2 3 110 100.00000 0
22 160 11.41272 0.22584 5.60438 6.41209 19 0 0 19 12 152 100.00000 0
1442 3121 10.92692 0.04178 8.85868 0.18557 16 0 0 4 7 335 100.00000 0
3631 4571 11.96124 0.01271 7.78734 0.72199 14 0 0 14 6 197 100.00000 0
921 4669 10.58182 3.14125 2.38656 2.95804 8 1 0 1 1 139 100.00000 0
766 4819 11.74773 3.12141 3.34223 2.77967 41 0 0 35 22 422 100.00000 0
392 5186 11.53464 3.07605 21.18141 20.31863 10 0 0 6 5 172 100.00000 0
25 5378 11.99398 3.12519 6.60206 7.40883 14 0 0 14 5 111 100.00000 0
4057 5027 11.91752 0.04715 15.86862 2.70183 11 0 0 7 4 160 100.00000 0
82 159 10.90026 0.22630 4.94219 3.79261 33 0 0 19 8 148 100.00000 0
311 5261 11.52473 3.11475 19.28479 178.46252 22 0 0 18 10 250 100.00000 0
2252 4080 10.77922 3.13178 13.24500 179.44822 6 0 0 3 3 132 100.00000 0
291 5277 11.16832 3.11775 8.69099 178.63370 21 1 0 16 9 204 100.00000 0
2598 4659 10.35267 2.94401 2.64777 6.03007 7 1 0 5 1 112 100.00000 0
2245 5042 10.33962 3.10778 2.52867 4.56969 5 0 0 1 1 106 100.00000 0
3 161 11.92404 0.22584 5.85727 6.73453 13 0 0 13 8 133 100.00000 0
83 161 11.92404 0.22584 4.72955 2.64782 21 0 0 17 5 158 100.00000 0
2215 4121 10.38859 3.14110 11.11680 1.94803 6 0 0 2 2 143 100.00000 0
385 5172 11.13141 2.98511 2.19182 1.71098 19 0 0 16 8 237 100.00000 0
1465 3113 11.81997 0.02227 11.82978 0.85912 31 0 0 27 28 332 100.00000 0
30 5378 11.99398 3.12519 5.75741 5.90053 22 0 0 20 10 156 100.00000 0
2379 4903 11.89969 3.10488 4.37061 19.53171 8 1 0 2 4 160 100.00000 0
6 161 11.92404 0.22584 5.48219 5.38292 11 0 0 11 7 126 100.00000 0
41 158 10.41150 0.22673 5.41593 5.88776 47 0 0 44 27 207 100.00000 0
50 158 10.41150 0.22673 5.52413 6.21704 22 0 0 18 14 128 100.00000 0
2255 4076 10.09010 3.13517 12.71558 17.80921 5 0 0 2 2 90 100.00000 0
2579 4654 11.65429 2.78591 4.79170 159.62070 9 0 0 4 4 166 100.00000 0
