4788 7095 10.81350 3.14082 2.15090 0.84023 161 0 0 144 64 855 100.00000 0
38 3387 11.50802 0.00420 2.25464 0.75847 89 0 0 84 60 379 100.00000 0
39 8586 11.48626 0.03120 2.47999 1.50974 26 0 0 24 15 155 100.00000 0
4737 7202 11.02315 2.65492 2.32994 0.78135 56 0 0 53 28 370 100.00000 0
4701 7233 10.63455 1.64708 2.15979 2.50843 82 0 0 68 17 593 100.00000 0
17 3387 11.50802 0.00420 2.38435 1.21820 78 0 0 63 49 356 100.00000 0
42 3414 11.75156 0.02822 2.28302 1.17935 58 0 0 54 37 216 100.00000 0
6142 7877 11.44315 3.13854 2.03566 1.18333 90 0 0 86 32 756 100.00000 0
4796 7122 11.95018 3.03352 2.23863 1.70983 88 0 0 82 34 498 100.00000 0
45 100 11.49053 0.02079 2.73263 1.48279 40 0 0 35 26 164 100.00000 0
25 8585 10.74196 0.02857 2.35725 1.38875 29 0 0 29 20 126 100.00000 0
1279 4835 10.99875 0.05521 2.82770 1.19975 43 12 17 30 11 498 100.00000 0
5217 6790 11.76252 3.13150 19.53479 179.42054 4 0 0 1 0 51 100.00000 0
1592 6749 10.57266 3.13709 2.07738 1.99959 27 0 0 20 9 218 100.00000 0
1248 7191 10.42904 2.91139 2.23317 0.54104 81 0 0 72 31 402 100.00000 0
1216 7187 11.86606 2.85067 2.69715 2.72520 85 0 0 50 23 603 100.00000 0
1541 6820 11.95588 3.13107 9.01480 179.59797 7 0 0 5 3 81 100.00000 0
4859 7081 11.68554 3.11619 2.02265 0.56093 86 0 0 73 35 521 100.00000 0
6356 7620 10.42478 1.73005 4.31791 2.92235 51 0 0 40 30 395 100.00000 0
56 8547 11.75274 0.00574 2.14937 0.77984 110 0 0 100 81 452 100.00000 0
4782 7130 10.77576 3.06593 2.06812 1.33237 107 0 0 93 32 565 100.00000 0
