234 1662 10.63839 3.07429 0.43338 1.86718 60 33 21 55 19
2483 2533 11.04360 0.82204 0.87778 3.27775 51 44 5 51 26
2545 3865 10.48631 1.54727 0.34336 1.76835 79 49 23 77 33
2470 3874 10.50921 1.74521 0.15359 2.49748 81 67 9 77 35
783 1409 11.60208 3.07069 0.12853 1.16701 131 104 21 131 93
2472 3875 10.41003 1.78004 0.21988 2.54006 71 57 8 71 27
43 1845 10.03140 0.57334 0.35036 2.23371 75 43 18 71 27
159 1743 10.30131 3.12881 0.46168 2.54899 73 18 4 69 40
3988 4053 10.90274 0.97014 0.13119 1.50558 103 86 11 96 69
787 1439 10.61322 2.82809 0.23455 1.72101 71 37 16 64 24
762 1434 11.03832 3.13913 0.46873 1.49227 122 93 6 120 56
261 1606 10.30592 1.99024 0.79398 2.44328 103 72 8 101 55
2491 3860 10.10924 2.34001 0.22723 1.50532 105 83 15 99 68
795 1436 11.66549 2.50151 0.29349 2.66389 83 35 6 81 35
809 1396 10.51438 1.87392 0.05372 1.17370 115 94 15 105 79
25 1832 10.95749 1.13211 0.20725 1.76813 91 47 10 91 46
49 1819 11.81298 1.65135 0.29685 1.72010 66 34 17 66 31
2468 3875 11.52321 1.70104 0.39682 2.90070 65 48 14 65 24
213 1666 10.06260 3.09433 0.20606 2.31731 142 93 21 134 60
59 1818 10.49670 2.05153 0.67332 3.41466 88 33 10 88 35
3978 4036 10.03953 0.56307 0.09972 1.76769 83 68 11 81 38
700 1518 10.39746 1.65303 0.07934 0.92873 107 89 11 103 75
22 73 11.93283 1.29606 0.08226 2.42334 68 37 6 60 26
27 1840 10.78155 0.75794 0.08414 1.91765 107 53 13 103 51
98 1810 11.38976 3.08978 2.00241 4.33124 55 12 5 48 11
240 1615 11.35117 2.29083 0.32900 2.81828 52 26 2 46 18
2503 3856 11.71558 2.09171 1.42826 3.04543 36 26 7 34 11
2472 2522 11.40524 0.57343 0.30873 3.08946 46 29 11 44 17
259 1592 11.35363 1.66595 0.83845 1.65233 62 45 9 58 26
803 1430 10.87332 2.17039 0.23714 1.74069 110 82 23 106 60
27 1825 11.63714 1.38313 0.26106 2.82688 121 30 2 117 59
104 1800 11.12741 3.08154 0.71425 3.06081 67 30 10 57 17
719 1474 10.28870 2.58041 0.20550 1.57371 107 83 13 105 70
219 1656 10.31267 3.11771 0.24651 1.97477 129 79 16 125 75
261 1600 10.87417 1.80871 0.81410 2.03798 75 55 9 69 30
767 1452 10.61291 3.09450 0.18344 2.79988 76 56 13 72 27
76 1803 11.80758 3.01375 0.19732 5.07952 40 22 4 38 14
735 1494 10.23924 3.09042 0.80133 2.34118 121 90 23 115 51
212 1667 10.44215 3.09431 0.27874 2.46450 107 67 24 107 47
64 1815 10.38910 2.33657 0.20403 3.92905 58 6 1 52 13
788 1404 11.21641 2.87568 0.11768 0.42978 112 88 14 106 63
23 1836 11.09805 0.96305 0.28721 1.98031 93 59 6 91 49
29 1829 10.82961 1.23511 0.13679 1.63255 130 63 7 125 73
710 1478 11.26949 2.15776 0.13826 1.66929 96 73 18 96 42
40 1824 11.03683 1.42681 0.10174 1.86383 123 101 8 121 72
63 1815 10.68313 2.28112 0.39517 3.81619 62 27 5 57 13
4003 4059 10.49876 0.82947 0.30159 1.74181 119 106 11 117 65
109 1773 10.55399 3.07129 0.15078 2.00916 70 50 11 65 22
232 1632 10.26103 2.85519 0.26360 2.06241 94 46 14 94 52
207 1674 10.44595 3.06776 0.25624 1.73799 162 130 25 162 97
2475 3877 11.11226 1.83517 0.46026 2.54607 118 101 12 118 51
204 1698 10.55483 3.12124 0.27914 3.01272 118 14 3 116 57
136 1765 10.41799 3.13601 0.18390 1.44347 126 108 17 126 61
2483 3862 10.51057 2.13137 0.03096 0.71546 101 86 12 101 69
237 1623 10.75507 2.59879 0.24182 2.39670 65 35 5 61 24
705 1483 10.48411 1.94231 0.13814 1.43340 151 121 19 149 83
773 1421 11.23730 3.06033 0.31445 2.11822 141 113 18 139 79
785 1409 10.55820 3.01477 0.05278 1.20820 137 111 14 135 94
225 1643 11.05309 3.11120 0.20680 1.98800 98 55 24 90 54
696 1490 11.08932 1.57555 0.08242 1.47751 137 103 26 135 83
237 1659 11.16651 3.09723 0.08793 1.59102 89 53 26 87 31
247 1597 11.00671 1.75262 1.22625 3.15529 31 7 4 31 8
2125 2179 11.99988 1.36474 0.63800 3.11533 28 22 2 23 15
3998 4059 11.15614 0.91149 0.04229 1.57122 87 68 14 85 38
75 1806 10.45452 2.96528 1.42340 5.02508 36 23 6 28 14
775 1419 11.05022 3.06226 0.08748 2.41216 115 100 7 111 61
26 1833 10.74473 1.08793 0.27162 1.71052 94 54 13 94 52
241 1653 10.75470 3.12576 0.13031 1.58585 68 42 19 65 28
777 1418 10.32235 3.07488 0.35671 2.48144 155 133 16 155 76
238 1657 10.65313 3.10845 0.47489 1.54231 92 58 27 92 38
4006 4060 11.14651 0.84740 0.28846 1.52418 151 136 12 147 90
814 1405 11.43635 1.72554 0.19479 1.69003 89 70 14 83 45
2469 3874 10.81255 1.72632 0.17834 2.54960 71 54 11 69 38
28 1824 11.77994 1.41910 0.75424 2.83656 117 66 12 117 52
164 1739 10.95904 3.13862 0.45127 2.05119 60 32 14 53 28
2546 3866 10.75527 1.55958 0.18144 1.97060 80 52 19 76 40
748 1471 10.47793 3.09120 0.13147 3.10312 72 51 13 72 29
798 1397 10.22290 2.42608 0.37264 2.07754 83 67 8 83 49
731 1464 11.20526 3.02467 0.17632 3.01038 102 67 21 98 41
24 74 11.99104 1.35638 0.73347 2.53034 61 37 8 55 26
258 1593 10.72677 1.67473 0.72822 1.98229 57 44 7 57 31
2473 2526 11.84237 0.64603 0.40367 1.48911 80 59 19 78 38
228 1637 11.19047 2.98773 0.19274 2.98137 72 45 6 72 24
1912 1964 11.24225 1.41212 0.03281 2.10691 128 104 23 126 74
790 1401 11.60937 2.78097 0.12735 1.24458 69 54 11 66 47
65 1811 11.99646 2.40815 0.83239 4.13166 57 39 8 53 17
799 1433 11.09755 2.33161 0.54914 2.86799 153 132 13 151 72
2494 3858 11.24619 2.33816 0.09703 2.99735 47 34 9 45 18
36 1829 10.32213 1.22989 0.16209 1.15623 101 46 13 96 56
2509 3856 11.30012 1.80352 0.29574 2.24385 79 61 9 79 21
122 1780 11.88884 3.08297 0.18360 1.99194 100 76 19 98 48
2539 3876 10.60069 1.37735 0.20980 2.33666 46 30 11 46 23
32 1824 11.49686 1.41371 0.23926 2.56430 113 59 7 111 67
773 1422 10.60115 3.06406 0.02593 2.01771 134 100 23 132 75
44 1849 11.44283 0.43344 0.34944 1.72646 66 41 14 64 28
47 1823 10.83041 1.52392 0.18473 1.79820 89 26 5 87 34
795 1396 11.74745 2.56474 0.36939 1.74630 44 28 14 42 27
2546 3874 11.94770 1.50451 0.21085 2.11304 83 67 13 83 39
2467 3873 11.21814 1.70371 0.17031 2.63997 77 61 10 77 38
692 1507 10.50455 1.41881 0.29812 2.21116 126 80 21 112 69
172 1731 10.12747 3.12913 0.30339 1.65800 82 63 9 78 39
714 1477 10.48466 2.33867 0.18629 1.03854 141 119 14 135 94
169 1734 10.44423 3.13289 0.21855 2.15268 75 44 21 66 35
1920 1970 10.25627 1.07698 0.12846 1.43722 105 80 19 103 46
128 1755 10.99779 3.11420 0.15705 2.15195 110 89 14 110 61
769 1425 11.69638 3.06395 0.36353 2.08825 113 95 6 111 70
239 1616 11.84019 2.34024 0.26817 2.78755 83 41 13 83 28
229 1636 10.74775 2.95634 0.21588 2.89246 88 47 21 82 30
766 1454 11.72160 3.10575 0.17053 3.47795 82 52 6 76 43
250 1639 10.59495 3.01054 0.48583 1.85139 71 51 13 67 38
95 1818 11.97948 3.11935 0.45448 3.01934 48 21 3 46 21
689 1504 11.89823 1.41251 0.12255 1.88554 96 59 13 96 48
87 1841 10.81547 2.37148 0.21024 2.25585 54 30 3 47 25
238 1619 11.62750 2.44209 0.14636 2.70993 40 31 3 40 11
719 1517 11.15961 2.51282 0.27704 0.95654 104 67 20 104 65
242 1610 11.17539 2.10787 0.26659 2.94331 68 27 5 62 28
41 1847 10.93038 0.48397 0.44144 2.12375 79 50 14 74 34
183 1703 10.28267 3.12609 0.47478 2.85581 90 11 3 86 39
134 1768 11.65296 3.13946 0.42519 1.53621 100 76 21 92 48
736 1459 11.98873 3.13613 0.31638 2.97953 77 59 10 75 40
742 1483 11.93997 3.14075 0.63557 2.04947 83 64 16 83 26
3985 4049 10.28654 0.86030 0.22542 1.32530 94 69 15 92 47
796 1396 11.38104 2.52014 0.16866 1.89321 61 53 6 57 40
754 1464 10.25263 3.08156 0.78798 2.61329 92 74 12 90 37
30 1846 11.85410 0.50589 0.31922 2.13038 56 43 10 53 22
92 1789 10.95972 3.13920 0.58139 3.01986 98 69 24 94 54
810 1425 11.85194 1.88316 0.22455 1.35999 113 93 14 108 63
235 1625 11.58277 2.67429 0.45692 2.35451 93 53 5 91 55
253 1592 10.31764 1.66572 0.66768 2.10636 53 21 9 47 11
751 1468 11.00600 3.07857 0.50188 3.45899 43 26 3 39 15
809 1395 10.86295 1.87852 0.03995 1.14671 144 123 13 141 96
241 1610 11.95953 2.10807 0.30718 2.87562 39 16 4 30 14
202 1701 11.37262 3.13492 0.21359 3.43445 104 4 0 104 53
693 1508 10.12015 1.43227 0.27447 2.40648 135 111 20 133 71
36 1827 10.65459 1.30314 0.21988 1.63518 132 29 3 130 77
22 1827 11.89350 1.32124 0.39283 2.66095 83 10 3 77 38
157 1745 10.34566 3.13266 0.45715 2.46116 79 54 9 77 53
689 1506 11.91199 1.40185 0.14523 1.79842 78 51 12 78 43
31 1836 10.08956 0.94988 0.08883 1.42106 90 45 16 86 36
1909 1960 11.78008 1.45372 0.17680 1.94923 87 68 10 83 42
45 1821 11.51536 1.54494 0.16437 1.60206 94 59 23 92 40
708 1521 11.38928 2.02187 0.09377 0.77380 104 83 15 98 63
221 1650 11.71287 3.12485 0.21378 2.11248 92 72 9 87 56
702 1484 11.02941 1.81443 0.27062 0.67840 140 108 21 138 91
48 1825 10.23154 1.49288 0.07118 1.48385 106 54 9 104 61
2129 2183 11.53087 1.48958 0.59999 3.82695 8 1 3 6 3
776 1419 10.37950 3.06622 0.44646 2.45734 150 131 13 150 83
261 1622 11.94723 2.54572 0.52011 2.95883 43 8 4 41 13
263 1608 11.90766 2.04267 0.96346 2.51855 70 49 14 70 29
691 1498 11.36102 1.46338 0.06000 1.49619 138 116 15 135 86
2482 3877 10.52515 2.02142 0.36030 2.84840 105 87 9 105 60
83 1851 11.38382 1.98058 0.28992 2.29559 137 85 14 137 77
730 1464 11.94796 2.99989 0.53144 2.72721 98 80 12 96 49
2507 3877 11.68887 1.83394 0.42686 4.06775 45 27 14 43 13
782 1442 10.88623 2.98671 0.35627 2.22317 91 40 5 89 48
2477 3877 10.86826 1.88443 0.48490 2.30461 109 82 23 107 59
746 1450 11.57539 3.10554 0.47680 2.47196 82 58 6 80 43
33 1843 10.58965 0.60252 0.31637 1.93957 79 31 8 79 29
135 1766 10.40348 3.14045 0.17997 1.49567 100 75 24 98 48
770 1425 10.89268 3.06824 0.44535 2.29081 148 114 14 143 87
78 1801 11.91767 3.09133 0.89641 4.72729 60 27 12 54 11
800 1393 11.49277 2.33850 0.24530 2.34034 83 52 13 79 37
23 1835 11.08404 1.00802 0.11877 2.08675 90 47 9 88 42
805 1430 11.90323 2.06224 0.26551 1.69904 136 115 16 125 74
76 1856 10.61164 1.63661 0.48805 3.64680 68 42 17 63 34
26 1842 11.24982 0.66572 0.22076 1.97437 65 33 14 63 21
247 1645 11.33900 3.11734 0.33871 1.79711 68 15 10 66 28
794 1435 10.39528 2.54263 0.18256 2.41427 110 104 1 110 56
724 1512 10.57137 2.70496 0.32937 1.74159 51 35 3 46 22
2475 2527 11.47286 0.69885 0.03052 1.64020 71 52 16 65 37
30 1829 10.74847 1.23410 0.06227 1.58733 134 54 14 128 81
3983 4047 10.39995 0.80786 0.08515 0.82139 111 97 8 107 82
1921 1976 11.93919 1.03813 0.18544 1.01491 44 28 11 44 30
732 1500 10.22154 3.00330 0.56430 3.12575 63 39 15 56 24
1917 1970 11.11806 1.21606 0.11267 1.48490 108 89 15 104 57
253 1635 10.97831 2.89834 0.76630 1.65304 86 57 17 86 34
261 1601 10.74862 1.83826 0.84463 2.05405 79 60 10 77 34
43 1824 10.87030 1.44927 0.18178 1.75167 150 105 18 148 81
3993 4058 11.94038 1.01521 0.09576 0.90828 101 78 20 97 51
693 1496 10.83800 1.49815 0.20895 2.02352 166 141 21 160 96
811 1397 11.06975 1.79320 0.04416 0.98357 128 106 17 128 86
722 1515 11.27853 2.63641 0.18486 0.79130 55 37 14 53 35
238 1621 10.78799 2.52845 0.35401 2.44793 63 50 9 58 18
243 1606 11.45543 1.99002 0.45642 2.75193 75 32 3 70 33
246 1647 11.62065 3.13605 0.27563 1.99959 50 24 3 44 20
246 1598 11.31224 1.76964 0.15592 3.22913 24 6 1 22 8
692 1498 10.93850 1.47240 0.08459 1.65446 101 86 7 101 70
41 1822 11.48337 1.48404 0.14954 1.82649 70 35 9 64 38
35 1829 10.38252 1.22900 0.09794 1.40723 128 41 3 120 78
39 1845 10.48129 0.54484 0.19126 2.14101 63 37 15 59 20
88 1793 10.80026 3.11060 0.91333 4.28441 49 9 3 39 14
39 1821 11.84054 1.49341 0.07631 1.86215 115 81 12 105 52
2475 2525 11.01814 0.68816 0.33495 1.70180 131 97 22 124 60
248 1594 11.23981 1.71233 0.35315 3.44378 30 10 0 28 10
702 1482 11.79513 1.81207 0.20572 0.89526 112 100 7 110 75
114 1768 10.94061 3.06791 0.23927 1.77982 114 87 16 112 52
697 1518 11.21772 1.53984 0.15267 1.35393 95 74 10 84 47
28 1841 10.78248 0.70624 0.48268 1.88034 76 39 3 74 41
2486 3861 10.61364 2.21568 0.08971 0.42428 93 72 15 89 53
1913 1966 11.33390 1.37970 0.13660 1.82349 97 78 11 93 51
