471 853 11.73438 0.01541 11.10034 0.88470 9 0 0 6 5 151 100.00000 0
2608 2879 10.34603 0.00507 7.51102 1.42051 97 0 0 84 79 296 100.00000 0
5276 5640 10.24678 0.00458 8.62335 4.33495 14 0 0 10 9 193 100.00000 0
10335 10462 10.03247 0.02840 11.97045 1.62702 27 0 0 10 13 427 100.00000 0
467 5176 10.98905 0.00820 10.98912 10.21007 8 0 0 8 3 132 100.00000 0
2621 3421 10.49943 0.00616 10.74539 7.00149 27 0 0 10 14 239 100.00000 0
2622 3287 10.50040 0.00555 9.11276 0.49099 18 0 0 11 11 148 100.00000 0
5210 5643 11.75281 0.00514 17.92632 0.28255 12 0 0 3 6 256 100.00000 0
2903 7301 11.21096 0.01277 9.59485 1.94380 32 0 0 30 21 217 100.00000 0
871 5394 11.75400 0.01364 5.40099 3.30630 10 0 0 1 4 183 100.00000 0
2593 2678 11.01334 0.00400 13.55709 9.44868 54 0 0 25 30 273 100.00000 0
4391 4684 11.01433 0.00882 15.87107 8.22380 36 0 0 29 26 596 100.00000 0
2623 3175 10.14935 0.00507 27.06184 0.28667 53 0 0 25 25 327 100.00000 0
2616 3023 11.40075 0.00559 4.53922 0.70610 47 0 0 38 37 264 100.00000 0
2611 2943 11.75371 0.00569 6.60545 1.93614 70 0 0 50 56 285 100.00000 0
2169 6917 11.55061 0.03021 12.60566 1.80298 49 0 0 35 21 923 100.00000 0
3452 7324 10.46743 0.00854 10.23528 0.48537 21 1 0 21 16 221 100.00000 0
1903 6683 11.91269 0.02960 15.11453 0.67955 30 0 0 26 20 619 100.00000 0
2622 3111 10.50040 0.00555 6.94827 20.76250 41 0 0 21 26 294 100.00000 0
2963 7302 10.35164 0.01278 12.21555 0.70332 21 0 0 12 14 143 100.00000 0
2624 3429 10.14860 0.00533 11.69846 3.94804 34 0 0 15 22 261 100.00000 0
3339 3534 11.89772 0.00899 10.58689 1.14090 21 0 0 21 17 211 100.00000 0
3133 3530 10.10154 0.00994 9.76700 5.94686 29 0 0 11 21 175 100.00000 0
2790 3512 10.84755 0.00766 10.58290 2.25377 30 0 0 16 21 249 100.00000 0
2609 2902 11.90940 0.00507 6.98490 0.47642 75 0 0 58 60 303 100.00000 0
2592 2797 11.55707 0.00483 11.47879 1.23986 23 0 0 19 13 205 100.00000 0
3629 7591 10.13326 0.47270 2.56497 1.87868 12 0 0 7 4 92 100.00000 0
2789 3515 11.35806 0.00770 10.84525 2.51622 56 0 0 52 43 326 100.00000 0
3007 7303 10.00207 0.01284 3.54670 0.73701 16 0 0 2 0 156 100.00000 0
2622 3435 10.50040 0.00555 10.93620 6.77025 47 0 0 45 36 267 100.00000 0
4276 8892 11.50177 0.00639 11.25860 0.50358 177 0 0 172 160 901 100.00000 0
851 5644 11.00640 0.00616 6.56848 6.44613 16 0 0 9 9 232 100.00000 0
3527 7334 10.33072 0.01258 9.63921 1.04978 10 0 0 5 7 102 100.00000 0
3631 8111 11.39162 0.53306 19.28919 26.97906 4 0 0 2 1 38 100.00000 0
1124 5901 11.51007 0.01466 9.84372 1.21756 26 0 0 23 21 181 100.00000 0
3268 3530 10.10154 0.00994 12.66060 4.96088 22 0 0 1 9 181 100.00000 0
3328 3533 11.35089 0.00962 9.57218 0.54823 13 0 2 6 8 157 100.00000 0
2594 2728 10.85770 0.00365 25.14677 0.18767 63 0 0 37 37 276 100.00000 0
2617 3356 11.39920 0.00640 9.29798 0.49258 30 0 0 24 21 318 100.00000 0
3363 3531 10.64505 0.01036 10.95959 0.70109 17 0 0 14 12 156 100.00000 0
2773 7297 10.00458 0.00907 11.69357 0.26393 32 0 0 30 26 225 100.00000 0
2616 7313 11.35910 0.00582 11.83852 4.54166 38 0 0 33 31 243 100.00000 0
10334 10431 10.53211 0.02975 12.80106 23.86849 52 0 0 44 41 433 100.00000 0
7398 7786 10.66289 0.01038 4.73548 0.60393 7 0 0 4 5 70 100.00000 0
2006 6780 11.09054 0.01489 7.30406 0.82282 44 0 0 37 33 971 100.00000 0
3631 7995 11.39162 0.53306 33.09784 30.54235 8 0 0 4 4 48 100.00000 0
2619 3027 11.04744 0.00711 4.39411 4.14964 39 0 0 19 28 282 100.00000 0
976 5735 11.25070 0.00908 10.68093 5.49034 27 0 0 25 23 124 100.00000 0
2713 7296 11.05562 0.00871 12.89138 1.24301 42 0 0 42 37 292 100.00000 0
5138 5638 11.48454 0.01111 26.55344 0.64346 9 0 0 5 6 133 100.00000 0
2623 3132 10.14935 0.00507 26.39062 0.28667 58 0 4 17 21 313 100.00000 0
2661 3510 10.29797 0.00829 11.64523 2.57040 52 0 0 14 26 268 100.00000 0
2645 3509 11.35484 0.00789 13.83927 0.45284 28 0 0 4 14 240 100.00000 0
2625 3058 10.14779 0.00580 2.01681 1.81208 41 0 0 36 37 322 100.00000 0
2614 3436 11.94936 0.00614 8.81574 0.42796 43 0 0 28 31 289 100.00000 0
2616 3340 11.40075 0.00559 8.75630 0.87223 37 0 0 35 22 316 100.00000 0
467 5339 10.98905 0.00820 9.99329 0.95777 14 0 0 12 6 146 100.00000 0
3573 7345 10.85946 0.01122 11.29133 0.66205 16 0 0 14 11 145 100.00000 0
2653 3516 11.90222 0.00796 9.38679 2.12615 51 0 0 48 45 254 100.00000 0
2596 2788 10.30982 0.00316 12.75106 5.12002 91 0 0 25 52 351 100.00000 0
3630 7833 10.84035 0.50281 28.49396 21.19605 10 0 0 7 5 83 100.00000 0
3629 7518 10.13326 0.47270 2.60203 1.63805 8 0 0 5 3 63 100.00000 0
10335 10402 10.03035 0.02833 9.73001 1.62245 49 0 0 10 17 438 100.00000 0
10332 10423 11.54721 0.03155 10.83805 6.62815 56 0 0 48 40 462 100.00000 0
2614 3299 11.94936 0.00614 8.79407 2.73881 60 0 0 40 47 308 100.00000 0
1310 6113 10.55476 0.00778 10.42666 31.43377 10 0 0 1 1 179 100.00000 0
5296 5642 11.50407 0.00450 8.72631 8.42632 17 0 0 1 5 216 100.00000 0
2615 3235 11.75153 0.00590 11.00026 2.43703 37 0 0 18 17 256 100.00000 0
2724 3511 10.65191 0.00813 8.79207 1.24112 28 0 0 24 16 295 100.00000 0
2944 3530 10.99819 0.01010 6.11773 7.72644 17 0 0 6 10 120 100.00000 0
1098 5871 10.25913 0.02268 11.44055 1.59594 25 0 0 19 18 369 100.00000 0
3629 7508 10.13326 0.47270 1.05761 27.08366 7 0 0 1 3 87 100.00000 0
2594 2837 10.85512 0.00362 24.52121 0.19383 54 0 0 19 28 224 100.00000 0
2614 3337 11.94936 0.00614 10.99014 6.59695 51 0 0 12 19 291 100.00000 0
1528 6331 11.32901 0.01105 7.99101 3.30393 27 0 0 11 11 480 100.00000 0
3136 7324 10.46316 0.00917 14.42530 1.66413 21 0 0 15 12 187 100.00000 0
3966 8565 10.79995 0.00959 10.57135 0.71327 27 0 0 20 19 410 100.00000 0
7395 7789 11.91205 0.01091 8.12277 0.63180 8 0 0 2 3 64 100.00000 0
467 5341 10.98905 0.00820 5.21162 12.06562 8 0 0 0 3 158 100.00000 0
2624 3473 10.84936 0.00578 7.78921 1.20691 33 0 0 31 26 253 100.00000 0
2743 7318 11.52442 0.01092 14.56260 0.62932 24 0 0 15 17 218 100.00000 0
2624 3368 10.14860 0.00533 10.44052 0.37742 30 0 0 28 25 285 100.00000 0
1800 6574 10.36030 nan 10.70475 1.45992 40 0 0 35 26 728 100.00000 0
3558 7329 11.75382 0.00345 11.24611 0.24228 31 0 0 29 28 223 100.00000 0
3242 7302 11.25182 0.01280 10.93143 7.04790 19 0 0 19 15 151 100.00000 0
2601 2870 11.36221 0.00478 10.54776 2.06696 83 0 0 54 62 267 100.00000 0
2659 3509 10.10594 0.00837 12.22431 2.05233 45 0 0 8 20 284 100.00000 0
2703 3516 11.55116 0.00778 29.05063 0.43969 53 0 0 24 34 263 100.00000 0
2623 3333 10.14935 0.00507 11.28438 3.26878 41 0 0 23 29 305 100.00000 0
2614 3409 11.94936 0.00614 8.72252 0.37742 63 0 0 53 45 335 100.00000 0
2618 3012 11.04822 0.00697 24.60053 0.40056 50 0 0 7 13 291 100.00000 0
465 5499 11.73588 0.00933 19.82112 0.53814 11 0 0 11 7 149 100.00000 0
2625 3160 10.14779 0.00580 5.89952 18.32896 47 0 1 33 41 304 100.00000 0
7938 8248 11.85529 0.46580 2.75106 1.48438 13 0 0 10 4 78 100.00000 0
2900 7302 10.00040 0.01261 10.26672 4.21956 23 0 0 10 11 182 100.00000 0
