472 9812 11.33911 0.01522 0.61067 0.74965 16 1 3 16 10 175 100.00000 0
9417 9580 11.73887 0.01360 0.52260 1.42272 56 2 2 54 42 373 100.00000 0
173 4386 10.75450 0.01352 0.34698 1.56598 119 3 2 114 106 928 100.00000 0
7398 7886 10.66289 0.01038 0.41114 0.41496 17 0 0 11 6 88 100.00000 0
128 8932 11.75814 0.01427 0.53750 0.88249 60 0 1 60 48 694 100.00000 0
861 5653 11.51009 0.00689 0.72110 1.62269 14 0 0 9 8 214 100.00000 0
467 5526 10.98902 0.00864 0.32145 0.60198 19 1 1 17 10 193 100.00000 0
9036 9578 10.73478 0.01693 0.42897 1.13470 46 0 0 44 38 413 100.00000 0
4395 4781 10.26359 0.00659 0.38741 0.39366 106 1 9 97 92 762 100.00000 0
1597 6457 11.11532 0.01370 0.52757 0.79721 40 0 2 33 19 660 100.00000 0
165 4571 10.25909 0.01222 0.61624 0.68357 143 0 1 136 121 827 100.00000 0
5119 5536 11.25046 0.00640 0.42625 0.56232 17 0 1 17 10 183 100.00000 0
6430 6480 11.62721 0.00437 0.38839 0.83556 47 8 3 45 35 542 100.00000 0
3600 7657 10.66031 0.00542 0.41641 0.32385 19 1 1 16 12 108 100.00000 0
894 5685 10.37607 0.46267 0.97707 1.48990 9 0 0 7 6 137 100.00000 0
868 5237 10.00870 0.01253 0.19490 1.02221 22 1 2 20 15 262 100.00000 0
457 631 10.50817 0.00403 0.44702 0.40926 64 1 5 62 51 313 100.00000 0
877 5629 10.28897 0.01583 0.59207 0.70997 22 0 0 22 16 249 100.00000 0
456 795 11.00853 0.00572 0.46498 0.70221 52 0 2 50 40 272 100.00000 0
4824 9539 10.24559 0.00723 0.36284 0.61676 89 5 12 85 66 367 100.00000 0
455 689 11.76960 0.00598 0.63801 0.32865 30 0 0 30 21 294 100.00000 0
118 4332 10.74991 0.01447 0.55046 1.43967 127 1 1 127 107 702 100.00000 0
1701 6448 11.84707 0.00772 0.49258 1.16365 22 0 2 15 15 424 100.00000 0
3702 8310 10.08429 0.11314 0.09985 1.00717 26 2 3 19 10 147 100.00000 0
456 522 11.00952 0.00481 0.39252 1.12326 37 1 2 32 25 285 100.00000 0
9001 9184 10.99228 0.01013 0.54173 0.85042 105 5 14 100 85 582 100.00000 0
5050 9762 11.54718 0.04783 0.59874 2.00643 19 0 0 15 6 358 100.00000 0
2299 7020 10.98244 0.07089 0.45895 0.90049 19 2 0 16 12 334 100.00000 0
9054 9579 10.99214 0.01385 0.37297 1.36430 54 1 1 50 38 350 100.00000 0
4853 9359 11.76266 0.01426 0.37848 1.86046 43 1 0 37 38 352 100.00000 0
1611 6472 11.35945 0.01497 0.40140 0.87804 60 6 11 58 49 625 100.00000 0
3630 8094 10.84035 0.50281 1.75846 1.74361 8 0 0 3 2 81 100.00000 0
186 4721 10.99973 0.01010 0.42103 1.10394 118 0 0 118 105 595 100.00000 0
4820 9028 11.26952 0.00703 0.86944 0.32984 39 0 0 32 22 330 100.00000 0
2188 6959 11.35103 0.16039 1.11501 3.21990 27 0 0 27 10 513 100.00000 0
692 5111 11.28863 0.00535 0.54214 0.46814 28 0 1 25 20 224 100.00000 0
5119 5383 11.25048 0.00606 0.51333 0.79623 12 1 1 12 7 170 100.00000 0
165 4760 10.25909 0.01222 0.63700 0.38155 91 0 0 89 75 679 100.00000 0
590 9826 10.52250 0.01159 1.05716 0.64224 18 0 0 14 9 171 100.00000 0
4824 9365 10.00452 0.00552 0.36364 0.32506 172 13 34 162 136 569 100.00000 0
9425 9580 11.73887 0.01360 0.44944 1.83184 49 0 0 42 35 335 100.00000 0
450 5122 11.51102 0.00760 0.33747 0.36584 29 1 2 27 19 268 100.00000 0
4260 8863 10.76318 0.00526 0.30678 0.48295 92 6 5 82 72 511 100.00000 0
4997 9716 10.29714 0.01291 0.44024 0.51205 22 0 1 16 12 362 100.00000 0
870 5660 10.75634 0.02053 0.92378 0.38461 19 0 0 19 9 186 100.00000 0
9484 9579 10.99214 0.01385 0.43398 1.41389 59 0 1 54 43 352 100.00000 0
1633 6375 10.56375 0.00699 0.51511 0.59347 36 0 0 36 28 627 100.00000 0
3629 7480 10.13326 0.47270 0.44310 1.75256 9 0 2 7 3 78 100.00000 0
187 4436 11.98668 0.01263 0.26217 1.28968 48 0 3 48 39 401 100.00000 0
5118 5568 11.74907 0.00718 0.64315 0.50124 10 0 1 8 3 183 100.00000 0
190 9353 10.75013 0.00781 0.76097 0.98834 74 4 1 70 59 471 100.00000 0
189 9344 11.74867 0.00898 0.74688 0.90871 51 0 0 48 37 322 100.00000 0
3629 7460 10.13326 0.47270 1.21742 1.99684 9 0 0 1 4 89 100.00000 0
5302 5641 10.74659 0.00486 0.32232 0.40926 22 1 0 15 11 220 100.00000 0
883 5674 11.05002 0.21303 0.24850 1.19649 15 0 2 15 12 147 100.00000 0
869 5393 10.50818 0.01323 0.25958 0.83603 27 0 2 25 13 203 100.00000 0
3631 7855 11.39162 0.53306 0.98280 1.74383 12 1 0 7 7 75 100.00000 0
9015 9571 10.95918 0.02728 0.43508 1.79253 60 2 1 60 37 358 100.00000 0
8132 8247 11.40301 0.43728 1.86902 1.45401 9 0 0 0 4 82 100.00000 0
766 9827 11.67985 0.01142 1.08216 0.97999 13 0 0 10 6 131 100.00000 0
4853 9421 11.76266 0.01426 0.39612 0.80015 35 0 1 31 28 302 100.00000 0
5685 9843 11.94565 0.55264 0.82665 1.68702 9 0 0 9 5 147 100.00000 0
1421 6210 10.21098 0.01242 0.43080 0.64102 51 3 2 49 39 659 100.00000 0
602 859 10.74014 0.00919 0.15228 1.27196 11 0 0 8 6 181 100.00000 0
2262 7020 11.32004 0.13175 0.18914 0.51889 56 5 11 54 36 526 100.00000 0
869 5500 10.50820 0.01351 0.18464 0.97999 18 0 1 16 10 264 100.00000 0
1629 6375 10.56713 0.00526 0.48222 0.47888 54 0 1 54 39 644 100.00000 0
9000 9169 11.74228 0.01094 0.41440 0.97959 125 18 37 122 101 560 100.00000 0
5274 9830 10.42122 0.01208 1.97510 5.58848 19 0 0 16 15 215 100.00000 0
4547 8969 10.01552 0.01110 0.77456 0.56786 173 0 0 168 154 831 100.00000 0
186 4524 10.99973 0.01010 0.37742 2.20318 91 0 1 91 76 560 100.00000 0
4393 4617 10.26022 0.00778 0.60510 0.43069 177 0 0 173 160 825 100.00000 0
4824 9471 10.00452 0.00552 0.42093 1.02946 143 5 28 135 113 600 100.00000 0
465 5478 11.73588 0.00933 0.58347 0.79917 14 0 0 14 9 167 100.00000 0
3687 8318 11.67846 0.12774 0.70684 0.80503 29 0 0 24 14 164 100.00000 0
7398 8191 10.66289 0.01038 1.15078 0.42887 13 0 3 13 8 77 100.00000 0
8006 8248 11.85529 0.46580 0.63366 1.32027 10 0 1 6 5 61 100.00000 0
4599 8969 10.01552 0.01110 0.85022 0.86908 163 0 0 159 144 832 100.00000 0
9519 9578 10.74205 0.01270 0.43388 0.86592 45 0 0 45 38 375 100.00000 0
2309 7058 11.36218 0.18745 0.21757 0.93125 23 2 0 21 11 161 100.00000 0
4255 8858 11.76245 0.00384 0.36190 0.55320 58 1 4 56 43 465 100.00000 0
9002 9225 10.25126 0.01010 0.48900 0.86366 106 1 1 106 78 501 100.00000 0
5659 9844 10.21681 0.01177 0.69431 1.70731 19 0 4 19 11 168 100.00000 0
4852 9526 11.24935 0.01377 0.47756 1.10889 46 7 7 46 31 342 100.00000 0
5645 9827 10.76793 0.01590 1.16288 1.08534 29 0 0 24 16 239 100.00000 0
3600 8025 10.66031 0.00542 0.45838 0.87043 38 1 0 29 25 170 100.00000 0
9002 9530 10.25126 0.01010 0.69280 0.84534 113 0 0 105 83 658 100.00000 0
269 4914 10.50215 0.00218 0.39705 0.36691 57 0 8 38 41 598 100.00000 0
7864 8246 10.95663 0.41146 0.09959 1.62751 20 2 3 14 8 85 100.00000 0
7397 7643 10.85805 0.01038 0.62743 0.54823 15 0 1 9 7 106 100.00000 0
9407 9580 11.73887 0.01360 0.43855 1.11978 51 1 2 51 39 372 100.00000 0
5260 9818 11.53701 0.01207 0.79153 0.95450 20 0 1 18 14 143 100.00000 0
3720 8345 10.30047 0.00770 0.47104 1.37459 14 0 0 11 9 211 100.00000 0
4821 9058 11.75490 0.00687 0.64692 0.70554 96 0 0 94 79 441 100.00000 0
8002 8245 10.40541 0.38381 0.81447 1.76303 12 0 0 3 3 98 100.00000 0
1696 6421 11.16946 0.00871 0.48150 0.67144 52 0 0 45 36 493 100.00000 0
9214 9578 10.74205 0.01270 0.54912 1.06459 73 1 0 71 50 419 100.00000 0
7 126 11.52326 0.02952 1.13919 1.12744 61 0 1 50 43 694 100.00000 0
9000 9197 11.74228 0.01094 0.41570 0.72632 118 10 36 116 96 530 100.00000 0
869 5427 10.50820 0.01351 0.26682 0.32746 24 1 4 18 12 206 100.00000 0
5486 5641 10.74660 0.00471 0.86800 2.45415 16 0 0 14 6 220 100.00000 0
3631 8011 11.39162 0.53306 0.92958 1.73776 15 0 0 12 7 100 100.00000 0
4850 9029 10.49222 0.01688 0.65713 1.66906 67 6 1 59 46 333 100.00000 0
171 4805 10.49759 0.01268 0.73142 0.31652 82 0 0 82 72 777 100.00000 0
9168 9579 10.99214 0.01385 0.45010 1.59667 68 0 0 61 49 445 100.00000 0
