0.02001 0.03316 0.00400
0.01968 0.03244 0.02082
0.01789 0.02479 0.00541
0.01799 0.02807 0.01939
0.01645 0.02129 0.01936
0.00872 0.01261 0.00121
0.01719 0.02430 0.02374
0.00646 0.01017 0.00526
0.01313 0.02466 0.02246
0.01528 0.02481 0.00802
0.01546 0.02550 0.02086
0.00991 0.02042 0.01068
0.01652 0.02497 0.00791
0.00572 0.00776 0.01857
0.01474 0.01816 0.01763
0.01313 0.02467 0.02359
0.01459 0.02392 0.02681
0.00536 0.00796 0.00581
0.01612 0.02390 0.00865
0.00934 0.01368 0.00132
0.00157 0.00240 0.00037
0.00901 0.01310 0.00082
0.00429 0.00425 0.02618
0.01350 0.02398 0.00552
0.00582 0.00934 0.01788
0.02078 0.03883 0.01747
0.00463 0.00571 0.02494
0.00638 0.01048 0.00376
0.01343 0.02419 0.00698
0.01095 0.01177 0.00112
0.01551 0.02199 0.02757
0.02067 0.02937 0.00311
0.01261 0.01920 0.00521
0.01943 0.02186 0.00779
0.01977 0.03191 0.01156
0.01189 0.01414 0.01616
0.01289 0.02349 0.00672
0.02023 0.01731 0.01858
0.01025 0.01359 0.00471
0.00701 0.00879 0.00117
0.02971 0.02680 0.00246
0.02039 0.02751 0.00626
0.00907 0.01343 0.00445
0.01190 0.01260 0.01495
0.00675 0.00948 0.00070
0.01388 0.02322 0.00643
0.00275 0.00334 0.01664
0.01385 0.02168 0.01410
0.01263 0.02261 0.00751
0.01099 0.01443 0.00120
0.01165 0.01455 0.01066
0.00563 0.00845 0.01853
0.00213 0.00303 0.00726
0.00964 0.01199 0.01951
0.01207 0.01456 0.00344
0.00948 0.01211 0.00365
0.01530 0.01478 0.00491
0.00708 0.01029 0.00201
0.00872 0.01090 0.00206
0.01245 0.01725 0.01872
0.01575 0.02481 0.01086
0.00936 0.01453 0.00776
0.01516 0.02450 0.01876
0.00685 0.00925 0.01992
0.01546 0.02339 0.01882
0.00745 0.01002 0.00060
0.01970 0.01688 0.00177
0.01262 0.02237 0.02254
0.00470 0.00515 0.02451
0.00617 0.00944 0.01877
0.00682 0.01162 0.00162
0.01655 0.02421 0.00734
0.00380 0.00536 0.01535
0.00639 0.00994 0.02200
0.00742 0.01175 0.00294
0.01566 0.02165 0.00687
0.00539 0.00759 0.01907
0.00613 0.01075 0.01586
0.01438 0.02231 0.00245
0.00452 0.00758 0.00105
0.02130 0.03668 0.00806
0.02009 0.02519 0.01868
0.01223 0.01874 0.02146
0.00521 0.00543 0.00456
0.00950 0.01220 0.00397
0.02442 0.02449 0.00917
0.01550 0.02129 0.01925
0.00849 0.01260 0.01850
0.01578 0.02387 0.01921
0.01968 0.03575 0.00296
0.00739 0.01132 0.00771
0.00451 0.00755 0.00851
0.00942 0.01180 0.00112
0.01268 0.02189 0.01853
0.01095 0.01784 0.01710
0.00217 0.00248 0.02375
0.01138 0.01843 0.00967
0.00857 0.01074 0.01139
0.00546 0.00822 0.01839
0.01297 0.02420 0.01024
0.01664 0.02590 0.01491
0.01827 0.02517 0.00143
0.00541 0.00848 0.01042
0.01385 0.01875 0.01376
0.00545 0.00797 0.01844
0.01310 0.02779 0.01408
0.01388 0.02344 0.00723
0.00682 0.00832 0.01846
0.00755 0.01114 0.00228
0.00359 0.00404 0.00078
0.01003 0.01123 0.02330
0.00870 0.01389 0.00112
0.00142 0.00232 0.00423
0.01498 0.03090 0.01954
0.01636 0.02499 0.01857
0.01743 0.02597 0.01300
0.01196 0.02132 0.01911
0.00755 0.01146 0.01243
0.01350 0.02188 0.01279
0.01114 0.01518 0.02824
0.01533 0.02437 0.01380
0.01556 0.02212 0.00292
0.01968 0.02645 0.00974
0.01496 0.02551 0.02000
0.01113 0.01733 0.02040
0.00545 0.00810 0.00085
0.01285 0.02415 0.02603
0.01143 0.01826 0.01173
0.00883 0.01579 0.01080
0.01200 0.01663 0.00757
0.01796 0.02429 0.00393
0.01756 0.02011 0.02368
0.01232 0.02152 0.01019
0.00460 0.00795 0.01833
0.01719 0.02932 0.02096
0.01369 0.02234 0.00535
0.01245 0.02191 0.00427
0.00840 0.01097 0.01934
0.00454 0.00765 0.00089
0.01363 0.02183 0.01955
0.00551 0.00764 0.01858
0.01274 0.01887 0.01863
0.01332 0.02451 0.02102
0.00780 0.01242 0.01896
0.00723 0.01185 0.00953
0.00514 0.00869 0.00252
0.01358 0.02494 0.00726
0.01991 0.02367 0.00543
0.00946 0.01506 0.00128
0.01521 0.01832 0.00592
0.03100 0.03069 0.00654
0.02020 0.03113 0.02543
0.00863 0.01248 0.01382
0.01697 0.03545 0.00965
0.01539 0.02541 0.00538
0.01254 0.01454 0.01284
0.01789 0.02735 0.00868
0.01349 0.01554 0.01955
0.00165 0.00184 0.00338
0.00555 0.00939 0.00081
0.00688 0.01006 0.00169
0.00629 0.00969 0.00118
0.00674 0.01164 0.01592
0.00164 0.00197 0.00044
0.00710 0.00877 0.00121
0.00563 0.00832 0.00047
0.00718 0.00954 0.00123
0.00578 0.01015 0.00066
0.00334 0.00361 0.00391
0.00775 0.01108 0.00236
0.01524 0.02375 0.01707
0.00627 0.00851 0.00240
0.01697 0.02260 0.02235
0.01734 0.03130 0.01985
0.00614 0.00828 0.00352
0.00707 0.00948 0.02013
0.00623 0.01117 0.00312
0.00159 0.00209 0.00036
0.01315 0.02451 0.00794
0.00472 0.00789 0.00060
0.01667 0.02515 0.02111
0.01351 0.02469 0.01231
0.01213 0.01877 0.00299
0.01803 0.02404 0.00331
0.01422 0.02503 0.01901
0.01744 0.02858 0.00564
0.00501 0.00488 0.03562
0.01494 0.02406 0.00753
0.01837 0.02743 0.02062
0.00766 0.01294 0.00112
0.01462 0.02428 0.00632
0.01513 0.02585 0.01926
0.01012 0.01586 0.01221
0.01219 0.02284 0.01255
0.01719 0.02662 0.01841
0.01476 0.02518 0.00956
0.01730 0.02008 0.01291
0.01710 0.02142 0.00450
0.02002 0.02538 0.02077
0.00475 0.00779 0.01859
