0.00834 0.00776
0.01126 0.01078
0.00611 0.00700
0.00930 0.00964
0.00638 0.00679
0.01466 0.01222
0.00556 0.00713
0.01043 0.01350
0.00571 0.00565
0.00704 0.00833
0.00708 0.00849
0.00701 0.00809
0.00574 0.00688
0.00545 0.00715
0.00727 0.00918
0.00709 0.00717
0.00883 0.01339
0.00787 0.01113
0.00923 0.00882
0.00570 0.00778
0.00586 0.00674
0.00584 0.00686
0.00691 0.00839
0.00587 0.00654
0.00536 0.00598
0.00580 0.00620
0.00723 0.00908
0.00724 0.00924
0.01084 0.01281
0.00467 0.00518
0.00682 0.00786
0.00613 0.00733
0.00936 0.01555
0.00842 0.00823
0.00797 0.01033
0.00731 0.00911
0.00884 0.00863
0.00542 0.00734
0.00757 0.01022
0.00823 0.01017
0.01926 0.01398
0.00498 0.00479
0.00933 0.00873
0.00763 0.00914
0.00625 0.00746
0.00808 0.01109
0.00841 0.01285
0.00721 0.00905
0.00848 0.01134
0.00832 0.01310
0.00614 0.00673
0.00780 0.01009
0.00676 0.00751
0.00579 0.00708
0.00519 0.00491
0.00637 0.00656
0.00574 0.00594
0.00669 0.00841
0.00850 0.01230
0.00637 0.00803
0.00708 0.00954
0.00908 0.00959
0.00742 0.00852
0.00659 0.00781
0.00765 0.00908
0.00740 0.00912
0.00803 0.00930
0.00567 0.00607
0.00714 0.00834
0.00820 0.00797
0.00720 0.00921
0.00518 0.00524
0.00531 0.00598
0.00765 0.01141
0.00853 0.00962
0.00430 0.00489
0.00627 0.00709
0.00575 0.00761
0.00725 0.00851
0.01309 0.01414
0.00800 0.01093
0.00666 0.00937
0.00828 0.01156
0.00762 0.00747
0.00632 0.00735
0.00567 0.00658
0.00608 0.00632
0.00602 0.00680
0.00802 0.01108
0.00864 0.00963
0.00594 0.00682
0.00709 0.00677
0.00841 0.00911
0.00578 0.00699
0.00566 0.00614
0.00563 0.00572
0.00792 0.01061
0.01288 0.01178
0.00821 0.01128
0.00547 0.00692
0.00588 0.00618
0.00614 0.00618
0.00611 0.00711
0.00707 0.00707
0.00709 0.00907
0.00770 0.00885
0.01065 0.01291
0.00538 0.00681
0.00594 0.00684
0.00741 0.00927
0.00718 0.00829
0.00492 0.00498
0.00557 0.00637
0.00786 0.00990
0.00595 0.00721
0.00523 0.00579
0.00615 0.00695
0.00828 0.01011
0.00892 0.00930
0.00540 0.00636
0.00612 0.00654
0.00779 0.01061
0.01021 0.00916
0.00741 0.00787
0.00947 0.00975
0.00835 0.01203
0.00799 0.01128
0.00990 0.00926
0.00926 0.01141
0.00655 0.00764
0.00596 0.00730
0.00590 0.00677
0.00600 0.00717
0.00621 0.00723
0.00868 0.01416
0.00892 0.00963
0.00678 0.00661
0.00775 0.00842
0.00532 0.00678
0.00705 0.00769
0.01699 0.01331
0.00781 0.01176
0.00686 0.00842
0.00600 0.00741
0.00842 0.01199
0.00959 0.01029
0.00503 0.00560
0.00671 0.00863
0.00847 0.01021
0.00727 0.00967
0.00649 0.00747
0.00842 0.01262
0.00662 0.00666
0.00611 0.00719
0.00589 0.00691
0.00782 0.01076
0.00907 0.01176
0.01092 0.01118
0.00574 0.00608
0.00617 0.00678
0.00535 0.00726
0.00631 0.00787
0.01066 0.00953
0.00877 0.01027
0.00543 0.00576
0.00526 0.00576
0.00867 0.01284
0.00714 0.00977
0.00756 0.00948
0.00845 0.00760
0.00801 0.00998
0.00598 0.00707
0.00680 0.00805
0.00647 0.00758
0.00546 0.00529
0.00703 0.00732
0.00644 0.00739
0.00724 0.00908
0.00681 0.00764
0.00821 0.01017
0.00804 0.01295
0.00738 0.00959
0.00569 0.00634
0.00609 0.00663
0.00834 0.01184
0.00589 0.00635
0.00528 0.00528
0.00767 0.00944
0.00647 0.00850
0.00849 0.00793
0.00828 0.01207
0.00784 0.00928
0.00720 0.00924
0.01268 0.01457
0.00566 0.00706
0.00751 0.00703
0.00613 0.00764
0.00821 0.01160
0.00547 0.00609
0.00756 0.00825
