46 2458 10.93899 0.00085 0.15440 0.05595 63 46 6 60 39 245 100.00000 0
595 1365 11.63918 0.00886 0.20200 0.13706 58 41 11 56 37 202 100.00000 0
2 2410 10.83188 1.08332 0.12582 1.50350 153 120 27 153 83 402 100.00000 0
4 2341 10.62587 1.34239 0.14531 1.60961 174 135 34 174 107 480 100.00000 0
2375 2429 11.63953 1.09843 0.25559 1.82949 83 62 19 81 38 292 100.00000 0
2293 2351 11.73693 0.14199 0.39952 1.04155 90 68 14 85 52 270 100.00000 0
583 1353 11.11828 0.00704 0.17407 0.33920 49 35 10 47 30 165 100.00000 0
830 2600 11.72119 0.03361 0.24970 0.64407 87 60 22 83 48 230 100.00000 0
26 2320 11.85411 1.40166 0.34147 2.19482 72 44 16 70 34 282 100.00000 0
740 1474 11.04118 0.01730 0.14770 1.01645 68 52 8 65 39 216 100.00000 0
768 1540 11.46680 0.04711 0.22534 2.38573 19 13 3 19 11 72 100.00000 0
151 2525 10.88839 1.50885 0.09981 1.07593 44 23 8 36 27 193 100.00000 0
567 1306 11.93804 0.21390 0.09043 0.37846 56 41 9 49 32 194 100.00000 0
25 2341 10.58463 1.36991 0.28151 2.27142 93 62 23 93 44 251 100.00000 0
28 2409 10.76865 1.14760 0.21069 1.63303 82 58 20 82 49 281 100.00000 0
27 2409 10.05551 1.15001 0.72773 1.92376 99 70 18 99 42 255 100.00000 0
1 2373 11.80218 1.33674 0.18566 1.74451 131 94 26 128 64 352 100.00000 0
5 2398 10.22260 1.33467 0.25747 1.82628 137 102 29 135 61 371 100.00000 0
596 1342 10.87567 0.00974 0.28908 0.36691 63 38 11 57 43 221 100.00000 0
797 1571 10.72722 0.45146 0.11259 0.83650 48 31 7 45 32 189 100.00000 0
32 2416 11.69083 0.84080 0.24129 1.00444 82 60 17 82 47 280 100.00000 0
0 2404 11.97429 1.26074 0.08469 2.03298 156 130 21 154 81 389 100.00000 0
584 1329 11.44588 0.01643 0.24212 0.57607 39 20 9 26 18 121 100.00000 0
740 1496 10.92571 0.01624 0.11981 0.78034 62 46 5 56 36 206 100.00000 0
4 2383 10.65034 1.34265 0.09708 1.61641 148 100 38 148 80 439 100.00000 0
24 2361 10.04750 1.36643 0.05905 2.48286 107 82 22 107 44 292 100.00000 0
726 1481 10.03635 0.02048 0.04172 0.67955 60 49 5 55 34 236 100.00000 0
1564 2566 10.70175 1.50673 0.18666 2.39474 57 35 11 51 31 238 100.00000 0
1 2375 11.79752 1.33567 0.35886 1.73731 125 98 23 121 68 335 100.00000 0
2360 2428 10.98106 1.06656 0.14179 1.54104 75 48 21 73 34 246 100.00000 0
712 1470 11.73819 0.02236 0.27462 0.56023 49 30 17 47 20 176 100.00000 0
681 1423 10.40942 0.01884 0.06476 0.26980 65 38 19 51 29 254 100.00000 0
583 1329 10.58680 0.01714 0.23684 0.55883 30 14 8 20 11 135 100.00000 0
919 2637 11.19761 1.57544 0.28001 1.18729 67 56 6 61 40 172 100.00000 0
1535 2585 11.70529 1.43565 0.76403 1.88741 50 35 5 44 16 181 100.00000 0
817 1528 10.77377 1.18721 0.16082 1.20040 46 30 3 42 30 179 100.00000 0
825 1568 11.70404 1.50176 0.17750 1.23765 49 32 14 49 35 182 100.00000 0
139 2526 10.04170 0.99317 0.13658 1.14192 71 46 12 67 38 215 100.00000 0
824 1549 11.47331 1.45764 0.13042 1.08751 56 27 3 45 36 216 100.00000 0
2300 2416 11.82551 0.67374 0.21551 2.16211 76 62 11 74 32 256 100.00000 0
24 2358 10.03758 1.36668 0.14233 2.49387 99 74 20 99 41 276 100.00000 0
515 1293 11.25712 2.67819 0.17005 2.62883 71 49 10 61 43 268 100.00000 0
708 1466 11.15262 0.02371 0.12813 0.38563 88 78 6 88 70 266 100.00000 0
745 1503 11.94916 0.06552 0.17042 0.67435 25 11 5 16 7 171 100.00000 0
866 2628 10.76031 0.04720 0.48104 1.47326 51 39 7 49 26 170 100.00000 0
2 2341 11.38150 1.33852 0.20492 1.69096 160 126 28 160 73 413 100.00000 0
2 2387 11.40851 1.33970 0.36217 1.68493 165 124 40 159 81 419 100.00000 0
884 2637 10.26543 0.12983 0.44930 1.27534 49 41 2 45 30 120 100.00000 0
543 1280 11.67295 1.66358 0.65201 1.96044 52 34 6 47 28 149 100.00000 0
643 1388 10.37749 0.02097 0.09122 0.33688 95 81 11 87 68 255 100.00000 0
824 1552 11.17464 1.47307 0.52346 1.71646 58 30 6 49 25 217 100.00000 0
773 1549 10.26261 0.04022 0.33328 2.09984 51 37 6 51 20 154 100.00000 0
841 2587 11.54700 0.01892 0.19577 0.84395 54 35 4 47 31 198 100.00000 0
26 2339 11.16932 1.36647 0.07971 2.06203 90 62 20 86 35 288 100.00000 0
25 2382 10.59903 1.36948 0.14114 2.28173 85 60 14 81 30 252 100.00000 0
1521 2575 10.17923 1.40703 0.18765 2.38524 61 38 7 52 20 190 100.00000 0
775 1557 11.67465 0.07071 0.57669 2.37207 46 39 3 46 20 174 100.00000 0
0 2406 11.87292 1.21274 0.30713 2.02178 139 89 34 133 58 370 100.00000 0
822 1540 11.25692 1.38793 0.15452 1.35941 87 47 6 87 49 243 100.00000 0
1576 2577 10.81003 1.51538 0.05794 0.61676 89 69 18 89 62 256 100.00000 0
2362 2427 10.32198 1.02867 0.12214 1.40221 86 69 13 84 52 297 100.00000 0
104 2514 10.79346 0.06914 0.29746 1.81682 67 54 11 67 39 248 100.00000 0
565 1303 11.90033 0.35548 0.37948 0.72847 22 12 2 20 11 136 100.00000 0
573 1317 10.50901 0.02034 0.09135 0.61802 55 40 3 50 33 214 100.00000 0
546 1326 11.65109 0.17241 0.23684 1.70846 32 19 5 30 13 113 100.00000 0
737 1493 11.13119 0.02668 0.15826 0.45456 43 27 10 38 22 149 100.00000 0
563 1336 11.37131 0.13468 0.61102 2.71123 27 9 1 13 11 116 100.00000 0
24 2336 10.03906 1.36620 0.04904 2.50390 109 97 9 109 55 290 100.00000 0
23 2315 11.47313 1.48938 1.17057 3.17509 63 40 17 63 29 208 100.00000 0
25 2365 10.58384 1.36866 0.67905 2.24751 87 49 29 87 37 264 100.00000 0
529 1282 11.26956 2.44269 0.90509 2.95896 83 63 11 81 36 199 100.00000 0
737 1471 11.66466 0.01107 0.12145 0.64407 68 49 11 65 39 253 100.00000 0
865 2604 11.63693 0.01499 0.15479 0.39565 52 37 9 50 34 179 100.00000 0
2293 2376 11.71953 0.14188 0.29061 1.00327 92 63 24 90 44 292 100.00000 0
17 2309 11.65034 1.51767 0.21271 2.53852 149 113 24 147 73 371 100.00000 0
752 1510 11.02960 0.13390 0.18639 1.43531 44 37 4 38 28 165 100.00000 0
27 2389 11.81937 1.36719 0.15421 1.85688 68 42 17 66 25 242 100.00000 0
586 1331 11.58355 0.01549 0.26681 0.62932 31 15 3 9 17 134 100.00000 0
789 1566 10.03461 0.22545 0.36719 1.11487 55 39 4 50 33 176 100.00000 0
769 1543 11.40710 0.04528 0.31038 2.53790 34 24 8 34 21 124 100.00000 0
27 2375 11.80736 1.36562 0.15353 1.84525 69 42 23 65 23 271 100.00000 0
799 1513 11.78918 0.37536 0.16022 0.94045 44 34 6 44 26 149 100.00000 0
27 2331 11.81117 1.36477 0.49632 1.94883 75 45 25 73 27 259 100.00000 0
2341 2429 11.63297 1.10052 0.40204 1.86004 67 47 16 67 31 213 100.00000 0
1532 2584 11.23132 1.43172 0.14038 2.34168 85 61 10 80 38 197 100.00000 0
792 2565 11.47370 1.20942 0.47915 1.81337 43 27 7 41 21 133 100.00000 0
5 2387 10.29263 1.34510 0.42453 1.58856 174 144 28 174 75 441 100.00000 0
624 1368 11.41175 0.01324 0.12683 0.27411 26 9 8 22 9 166 100.00000 0
793 2566 10.57228 1.18263 0.71749 1.92742 92 69 14 90 46 257 100.00000 0
916 2627 11.62152 1.45207 0.32089 1.81035 88 78 7 84 58 186 100.00000 0
535 1280 11.32455 2.11320 0.19844 2.84386 52 33 12 49 14 177 100.00000 0
788 1566 10.38221 0.20558 0.19053 1.27962 50 37 6 48 34 160 100.00000 0
542 1323 10.85830 0.35420 0.30449 2.40501 22 11 5 22 9 114 100.00000 0
4 2393 10.63482 1.34212 0.19128 1.67701 154 115 34 152 72 419 100.00000 0
520 1313 10.65331 1.63807 0.09450 3.49581 58 30 14 54 22 227 100.00000 0
856 2620 10.82168 0.01847 0.24524 0.15826 46 25 6 41 26 168 100.00000 0
2293 2375 11.71962 0.14290 0.41993 1.05425 100 73 19 96 61 261 100.00000 0
849 2614 10.90120 0.00592 0.21029 0.32626 50 39 9 48 34 213 100.00000 0
27 2343 11.79208 1.36450 0.20211 1.86320 77 44 28 77 33 239 100.00000 0
3 2354 11.00165 1.34195 0.09128 1.64092 146 109 36 142 69 398 100.00000 0
28 2442 10.81052 0.02036 0.28333 0.83743 82 62 16 78 47 225 100.00000 0
1519 2578 11.66793 1.39084 1.10582 2.77291 29 20 6 21 6 122 100.00000 0
774 1500 11.20667 0.02587 0.28525 1.09253 39 24 7 26 15 172 100.00000 0
0 2405 11.92305 1.23969 0.06242 2.05119 142 114 20 140 77 366 100.00000 0
2 2347 11.37986 1.33622 0.12824 1.69397 174 133 38 172 84 401 100.00000 0
1 2372 11.80754 1.34093 0.38674 1.76059 132 95 29 132 60 356 100.00000 0
1523 2579 10.16952 1.40160 0.26646 2.80896 49 33 12 40 19 219 100.00000 0
55 2466 10.34770 0.01323 0.09338 0.78385 55 44 8 55 34 182 100.00000 0
822 2574 11.39987 0.06396 0.37695 0.95777 28 18 5 28 17 151 100.00000 0
854 2597 11.06671 0.01489 0.14244 0.74230 38 28 5 34 23 167 100.00000 0
1518 2576 11.77089 1.39266 0.61969 2.71671 6 2 0 2 3 30 100.00000 0
31 2415 11.20437 0.88999 0.14695 1.16432 107 58 31 107 52 299 100.00000 0
509 1304 11.72909 2.16563 0.21553 2.87726 59 39 13 54 26 177 100.00000 0
618 1386 11.13316 0.00832 0.17318 0.43251 45 34 9 38 27 187 100.00000 0
763 1491 11.86349 0.03237 0.11310 0.29342 70 59 7 70 50 198 100.00000 0
2359 2427 10.31873 1.02897 0.11319 1.48042 86 59 22 86 45 282 100.00000 0
747 1479 11.67712 0.01548 0.36592 0.71327 20 6 8 14 6 174 100.00000 0
513 1306 10.36536 2.04343 0.23522 3.08845 77 59 14 73 39 212 100.00000 0
787 2566 10.96029 1.32212 0.15627 2.59405 57 40 11 54 21 137 100.00000 0
802 2567 10.37612 0.88837 0.21646 1.56673 55 43 8 52 34 222 100.00000 0
2365 2427 10.31003 1.02748 0.21629 1.43094 77 51 18 77 46 255 100.00000 0
751 1483 10.77079 0.01507 0.19005 0.74808 52 35 10 47 29 191 100.00000 0
4 2417 10.55067 0.76945 0.07703 1.12082 145 110 27 142 100 389 100.00000 0
4 2403 10.36711 1.28480 0.26982 2.04373 145 118 25 145 79 423 100.00000 0
2295 2384 10.42894 0.14259 0.17926 0.78634 123 93 24 121 79 361 100.00000 0
12 2311 11.15060 1.50528 0.18687 1.75925 133 105 23 129 78 437 100.00000 0
66 2458 10.53798 0.00285 0.26766 0.26688 42 26 7 40 27 224 100.00000 0
2342 2427 10.31183 1.02909 0.11711 1.41333 100 71 24 94 64 315 100.00000 0
766 1536 11.96242 0.05261 0.32556 2.40322 22 15 3 18 15 93 100.00000 0
612 1357 10.91410 0.00355 0.23493 0.32264 60 39 16 60 32 203 100.00000 0
581 1351 11.02611 0.01117 0.14707 0.31775 58 41 9 54 34 167 100.00000 0
607 1353 10.27421 0.00539 0.16721 0.37742 69 50 9 62 41 222 100.00000 0
823 1539 11.92658 1.41236 0.20224 1.59250 71 26 6 67 38 200 100.00000 0
612 1381 11.54455 0.01643 0.17800 0.62870 34 22 4 21 18 196 100.00000 0
825 1551 11.87165 1.48175 0.36437 0.80308 42 24 6 36 24 158 100.00000 0
766 1532 11.10990 0.05289 0.35365 2.53852 29 15 7 27 11 129 100.00000 0
2349 2429 11.62844 1.10009 0.38739 1.86109 63 38 18 61 22 272 100.00000 0
640 1384 11.35806 0.03641 0.12608 0.31404 53 38 7 43 29 182 100.00000 0
786 1566 11.14171 0.17185 0.27664 1.31105 57 39 2 53 41 193 100.00000 0
909 2625 10.08337 1.20961 0.18283 1.77476 63 50 11 63 41 174 100.00000 0
2351 2429 11.62733 1.09946 0.34349 1.88014 74 47 22 72 35 242 100.00000 0
5 2388 10.28821 1.34143 0.09447 1.60620 163 124 32 163 84 430 100.00000 0
570 1311 11.60665 0.06447 0.25976 0.71546 34 23 5 30 19 120 100.00000 0
599 1344 11.70250 0.01072 0.22923 0.48939 33 23 4 24 22 182 100.00000 0
806 1573 10.08900 0.80071 0.06498 0.82044 108 92 9 101 80 301 100.00000 0
561 1300 10.59863 0.52653 0.13943 0.71873 55 43 8 48 35 189 100.00000 0
2 2396 11.37464 1.33109 0.12756 1.71600 140 99 39 138 60 376 100.00000 0
2 2327 11.37770 1.33784 0.15836 1.32589 144 110 31 144 76 364 100.00000 0
513 1303 10.13627 2.19268 0.12720 3.08109 60 40 15 56 26 232 100.00000 0
814 2571 10.15425 0.38129 0.16238 0.77934 39 29 1 37 26 140 100.00000 0
121 2500 11.93792 0.15387 0.25552 1.16567 52 32 7 48 27 226 100.00000 0
26 2373 11.16690 1.36603 0.32490 2.02391 36 21 10 36 16 108 100.00000 0
3 2402 10.81171 1.29859 0.26277 2.07075 158 128 30 158 82 341 100.00000 0
780 2567 11.83630 1.41893 0.35524 3.31859 18 11 3 16 6 115 100.00000 0
545 1284 10.09625 1.52196 0.27215 1.40723 87 72 12 84 53 272 100.00000 0
581 1326 11.13531 0.01596 0.17521 0.81229 39 28 4 30 22 165 100.00000 0
1554 2565 11.13388 1.49976 0.07165 0.92281 53 42 6 49 30 189 100.00000 0
528 1283 10.98001 2.48471 0.69837 2.96174 8 5 1 6 3 30 100.00000 0
2 2353 11.39246 1.33481 0.19590 1.71463 151 127 18 149 82 385 100.00000 0
600 1346 10.68940 0.00999 0.27297 0.44587 56 36 16 56 33 165 100.00000 0
7 2312 11.79154 1.49298 0.18395 2.37768 117 90 20 117 50 347 100.00000 0
2294 2391 11.04337 0.13987 0.45578 1.00561 87 76 8 82 49 297 100.00000 0
1523 2580 10.64905 1.40371 0.10621 3.01519 50 34 11 50 20 189 100.00000 0
27 2324 11.90775 1.37116 0.27812 1.44239 69 37 29 64 28 273 100.00000 0
2299 2409 10.01077 0.36506 0.13202 1.05943 149 124 22 147 87 404 100.00000 0
588 1333 11.71107 0.01540 0.15577 0.38866 38 30 2 35 23 147 100.00000 0
616 1385 11.89989 0.00704 0.18007 0.51129 26 15 2 22 16 136 100.00000 0
577 1320 11.93913 0.01633 0.06634 0.67493 61 44 10 54 35 163 100.00000 0
527 1317 11.20113 1.25423 0.35511 3.19770 30 19 4 30 11 171 100.00000 0
746 1503 11.07246 0.06654 0.14968 0.42796 54 35 13 43 24 160 100.00000 0
563 1301 11.42933 0.46310 0.39143 0.85088 25 14 6 25 13 82 100.00000 0
610 1378 10.44543 0.01670 0.06652 0.62055 42 29 6 37 26 182 100.00000 0
2373 2427 10.31331 1.02771 0.17441 1.43286 88 58 25 88 45 285 100.00000 0
24 2392 10.04264 1.36657 0.13202 2.56216 103 71 23 101 49 273 100.00000 0
569 1340 10.72652 0.12411 0.64480 1.97477 48 14 3 30 26 193 100.00000 0
558 1333 11.84365 0.09345 0.15317 2.82244 39 31 2 37 22 156 100.00000 0
25 2381 10.59779 1.37083 0.19292 2.34885 72 41 16 70 33 264 100.00000 0
820 1575 11.90368 1.39391 0.38341 1.00561 95 78 13 90 60 283 100.00000 0
2 2401 11.26625 1.30930 0.06878 2.13387 150 117 31 148 68 364 100.00000 0
24 2345 10.04960 1.36710 0.35048 2.47986 83 66 15 81 40 264 100.00000 0
1 2388 11.81227 1.33527 0.36328 1.73190 121 95 20 117 63 346 100.00000 0
27 2381 11.81097 1.36864 0.34509 1.85899 59 30 19 57 22 250 100.00000 0
769 1542 11.20931 0.04515 0.26423 2.52383 29 19 4 25 18 159 100.00000 0
2293 2379 11.72207 0.14122 0.14531 1.00288 93 58 23 93 42 288 100.00000 0
695 1435 11.15665 0.01586 0.11324 0.31404 89 71 11 89 59 271 100.00000 0
59 2451 11.02260 0.01357 0.23595 0.57946 65 51 10 65 41 228 100.00000 0
2297 2407 10.64833 0.29433 0.23314 1.22908 122 98 20 122 76 380 100.00000 0
81 2472 11.09812 0.01802 0.17683 0.83181 50 37 7 48 31 222 100.00000 0
518 1289 11.62870 2.77427 0.25387 2.85334 51 34 14 51 21 198 100.00000 0
2322 2426 10.00644 1.01176 0.15098 1.35941 78 53 14 71 48 264 100.00000 0
597 1343 10.85277 0.01101 0.22497 0.59479 37 27 2 33 22 158 100.00000 0
27 2369 11.80023 1.36692 0.18657 1.87053 39 20 7 35 18 154 100.00000 0
26 2403 10.62914 1.30953 0.33275 2.43462 76 53 20 74 37 267 100.00000 0
551 1287 10.59431 1.27589 0.18612 1.36916 102 81 16 100 63 284 100.00000 0
2294 2347 11.07012 0.14239 0.37604 0.96103 116 93 16 111 63 342 100.00000 0
7 2313 11.54238 1.48556 0.22283 2.24873 110 89 19 110 49 349 100.00000 0
119 2500 11.18993 0.09686 0.24782 1.34959 68 52 11 62 36 270 100.00000 0
30 2443 10.03865 0.02430 0.12414 0.86998 73 48 14 69 40 214 100.00000 0
883 2614 10.87805 0.06420 0.10918 0.24549 45 33 3 38 28 180 100.00000 0
2 2342 11.38481 1.33888 0.20375 1.69720 138 110 22 138 75 411 100.00000 0
